ind	locus1	locus2	locus3	locus4	locus5	locus6	locus7	locus8	locus9	locus10	locus11	locus12	locus13	locus14	locus15	locus16	locus17	locus18	locus19	locus20	locus21	locus22	locus23	locus24	locus25	locus26	locus27	locus28	locus29	locus30	locus31	locus32	locus33	locus34	locus35	locus36	locus37	locus38	locus39	locus40	locus41	locus42	locus43	locus44	locus45	locus46	locus47	locus48	locus49	locus50	locus51	locus52	locus53	locus54	locus55	locus56	locus57	locus58	locus59	locus60	locus61	locus62	locus63	locus64	locus65	locus66	locus67	locus68	locus69	locus70	locus71	locus72	locus73	locus74	locus75	locus76	locus77	locus78	locus79	locus80	locus81	locus82	locus83	locus84	locus85	locus86	locus87	locus88	locus89	locus90	locus91	locus92	locus93	locus94	locus95	locus96	locus97	locus98	locus99	locus100
001	1	1	1	1	1	1	1	1	1	1	1	1	1	1	1	1	1	1	1	1	1	1	1	1	1	1	1	1	1	1	1	1	1	1	1	1	1	1	1	1	1	1	1	1	1	1	1	1	1	1	1	1	1	1	1	1	1	1	1	1	1	1	1	1	1	1	1	1	1	1	1	1	1	1	1	1	1	1	1	1	1	1	1	1	1	1	1	1	1	1	1	1	1	1	1	1	1	1	1	1
001	2	2	2	2	2	2	2	2	2	2	2	2	2	2	2	1	2	1	1	1	2	2	2	2	2	2	2	2	1	2	2	2	2	2	2	2	2	2	2	2	2	1	2	2	1	2	2	2	2	2	2	1	2	2	2	2	2	2	2	2	2	2	1	2	2	2	2	2	2	2	2	2	2	2	2	2	2	2	2	2	2	2	2	2	1	2	2	2	2	2	2	2	2	1	2	2	2	2	2	2
002	1	3	3	2	2	2	2	1	3	3	3	2	2	1	3	2	3	2	2	2	3	2	1	3	3	1	3	1	2	1	3	3	1	1	3	3	3	3	3	3	1	1	3	3	2	3	3	3	3	2	3	2	1	1	3	3	3	3	2	3	3	3	1	2	1	2	1	1	3	3	2	3	3	3	1	3	2	2	3	2	3	3	1	3	2	3	3	3	3	3	2	3	1	2	3	1	1	3	3	2
002	3	4	4	3	3	3	3	2	4	4	4	3	3	3	4	3	4	3	3	3	4	3	2	4	4	3	4	3	3	1	4	4	3	2	3	4	4	4	4	4	3	2	4	4	2	3	3	4	4	2	4	3	3	2	4	4	4	4	3	4	4	4	2	3	3	3	3	2	4	4	3	3	4	4	2	4	3	3	4	3	4	4	3	3	3	4	4	4	3	4	2	3	1	2	3	3	1	4	3	2
003	2	2	5	2	2	4	4	2	2	4	1	4	4	1	5	1	4	4	4	4	5	4	1	5	2	2	1	2	4	1	4	5	2	1	1	2	3	2	4	1	4	2	1	5	3	3	4	1	2	3	1	1	1	3	4	5	1	5	4	1	5	3	2	3	2	2	3	1	3	2	2	3	1	3	3	2	2	3	2	2	3	2	4	4	1	1	5	3	3	5	1	1	2	3	4	2	3	2	4	3
003	3	3	6	3	2	5	5	3	3	5	4	5	5	4	6	1	5	4	5	5	5	5	1	6	5	4	2	4	5	2	5	6	4	3	1	3	5	5	5	2	4	3	1	5	4	4	4	1	2	3	5	4	4	4	4	5	5	6	4	4	6	3	3	4	4	4	4	3	5	5	4	3	4	3	3	3	4	4	3	4	5	3	5	5	2	3	6	5	4	6	2	4	3	4	5	4	4	4	4	4
004	1	4	6	1	4	2	5	2	5	6	4	4	2	5	3	4	3	1	1	2	1	1	2	3	2	1	2	1	2	1	1	4	1	1	3	2	1	4	2	4	2	2	1	4	2	1	2	1	1	2	4	5	1	5	4	6	6	7	2	2	5	3	2	1	2	5	2	3	6	2	2	3	3	3	1	3	5	1	2	4	2	3	1	3	2	3	3	6	3	3	2	1	1	1	2	1	2	2	3	2
004	4	5	7	2	5	6	6	4	6	7	5	6	4	5	6	4	6	4	2	6	3	2	3	7	3	2	3	4	2	2	6	4	4	4	3	4	4	5	6	5	5	4	5	6	5	5	5	5	4	4	6	6	1	6	5	6	6	7	4	2	7	3	4	2	3	6	4	4	7	6	5	4	4	4	4	5	6	5	4	5	3	5	6	6	2	5	3	7	5	3	3	2	2	1	6	2	5	4	5	4
005	5	6	2	1	6	3	1	2	7	5	2	3	3	4	4	1	4	3	3	3	1	2	1	8	4	3	5	5	2	1	4	7	1	3	1	3	1	1	1	1	5	4	5	4	2	1	5	1	5	4	4	5	1	5	4	2	6	7	4	2	7	3	5	1	3	5	4	1	8	7	2	3	1	3	3	2	2	4	1	2	2	2	1	2	1	2	4	2	2	6	3	2	2	3	3	2	4	5	5	4
005	6	7	2	4	6	5	2	5	8	8	4	5	5	6	6	5	7	4	5	5	5	6	4	9	6	5	6	6	4	3	7	8	5	4	4	5	6	3	7	6	6	4	5	4	3	6	6	6	6	5	7	7	3	7	6	6	7	8	5	5	7	5	6	5	5	7	5	3	9	8	6	5	3	5	4	6	3	6	2	3	6	6	2	7	4	6	7	8	6	7	4	3	2	5	5	3	5	6	6	5
006	3	5	5	1	7	4	4	2	5	6	3	7	6	4	7	3	6	3	5	7	3	2	2	3	3	1	3	1	2	1	1	5	5	3	1	2	3	5	6	2	1	1	2	1	5	1	3	1	2	1	3	2	3	1	3	3	4	4	6	3	8	2	5	1	3	1	2	3	6	9	6	2	4	2	1	2	2	1	2	2	1	1	4	8	5	2	2	1	1	8	2	1	2	1	1	4	4	2	3	4
006	4	8	7	3	8	7	6	3	9	9	6	8	7	6	8	6	7	3	6	8	6	2	2	3	6	1	6	6	5	3	8	6	6	3	5	6	7	6	7	5	4	2	6	4	5	3	3	4	7	2	8	3	3	1	7	7	8	9	7	6	8	3	6	1	4	7	6	5	10	9	7	2	5	4	2	4	3	3	4	3	6	7	7	9	6	7	4	9	7	9	5	4	3	5	3	5	6	3	3	6
007	1	4	6	1	5	5	5	2	5	6	2	9	5	7	6	6	8	2	2	1	6	7	3	2	4	6	7	5	2	2	2	4	2	5	5	5	2	2	2	5	1	1	1	1	1	1	3	1	1	1	8	2	2	1	3	3	3	7	7	3	9	3	2	1	5	2	3	1	4	4	6	1	2	5	5	2	1	2	1	5	2	5	1	3	2	3	3	3	3	6	3	3	1	1	1	1	3	1	7	6
007	4	5	7	2	8	6	6	4	6	7	7	10	8	8	7	7	9	4	2	9	7	8	5	6	7	6	8	5	6	4	3	9	5	5	6	6	6	6	7	5	7	2	7	7	6	5	4	1	1	3	9	7	3	8	8	7	4	9	7	6	10	6	5	6	6	5	4	6	10	10	8	2	3	6	6	4	3	2	5	6	5	5	6	5	2	5	4	10	8	7	5	3	3	1	2	3	4	1	8	6
008	2	2	5	3	2	2	3	1	1	3	2	4	4	5	5	4	3	1	1	1	2	2	1	2	5	5	2	1	1	5	4	4	1	1	1	3	4	2	2	1	4	1	6	5	2	1	3	4	4	2	8	2	1	1	3	6	4	9	3	2	2	3	1	2	2	2	2	1	3	3	9	1	1	6	1	1	1	3	4	2	4	3	3	5	1	5	4	3	3	3	2	2	2	1	2	2	2	2	2	2
008	4	8	6	5	3	4	7	6	4	10	4	9	8	7	9	5	4	4	2	6	7	2	1	2	5	5	2	1	1	5	4	10	4	1	5	4	5	4	4	4	8	4	6	8	5	3	7	6	6	6	10	5	5	5	4	7	4	9	7	3	3	3	3	4	2	2	2	2	11	4	9	6	6	6	2	7	7	4	6	5	4	6	5	5	2	8	4	4	5	4	2	4	2	2	5	4	4	2	6	4
009	1	1	1	1	1	1	1	1	1	1	2	2	2	2	5	2	2	1	2	1	3	4	1	2	2	2	2	4	3	2	2	2	1	1	1	4	2	2	2	4	1	1	2	4	1	2	1	2	2	1	11	1	1	1	1	4	1	2	1	1	6	3	3	3	3	2	2	2	5	5	6	2	3	4	3	4	3	1	4	5	4	1	3	5	1	1	4	4	3	3	3	3	3	2	2	1	3	1	3	3
009	6	4	4	4	9	5	8	2	2	2	2	4	2	2	10	4	7	5	7	10	5	7	5	5	2	7	7	7	4	5	4	4	2	3	2	5	4	4	2	5	2	5	6	6	5	3	3	4	8	7	12	1	6	5	4	5	2	7	2	2	11	4	5	4	4	8	4	7	6	6	10	7	4	5	6	4	3	2	4	7	7	3	8	8	7	4	4	11	3	4	6	3	3	6	3	3	5	4	8	5
010	1	4	2	2	3	2	2	2	2	2	3	5	9	3	4	2	2	3	8	5	5	2	1	1	3	8	2	1	2	2	1	1	1	1	3	4	4	4	4	1	4	2	1	1	2	3	3	4	2	2	8	2	3	1	7	3	7	7	7	3	5	2	2	4	1	6	2	1	7	2	2	3	1	3	2	2	2	1	2	2	5	7	3	8	1	2	2	12	4	7	2	3	3	2	3	2	1	4	3	3
010	6	4	4	4	3	5	8	2	4	4	4	8	10	8	6	8	7	5	9	8	8	5	3	6	5	9	5	4	4	2	9	11	3	4	5	7	4	6	7	3	4	2	6	4	5	7	3	6	7	5	13	8	6	7	9	5	9	9	7	7	12	3	7	6	2	8	4	3	10	6	2	3	3	3	3	3	2	2	2	2	6	8	7	10	8	7	8	13	6	8	6	4	4	7	5	6	4	7	9	4
011	1	1	1	1	1	4	1	1	1	1	5	2	1	2	3	1	1	1	2	2	2	2	1	2	7	2	2	5	1	2	3	6	3	1	3	4	8	4	1	1	1	4	4	3	2	4	3	3	5	4	3	2	3	1	3	7	4	9	2	6	8	2	6	4	7	7	1	6	9	9	2	3	4	4	1	2	4	2	1	2	1	1	1	1	7	9	9	2	1	3	2	1	1	2	3	2	4	2	3	4
011	3	3	5	6	7	8	4	3	3	5	7	3	2	8	11	2	3	2	2	9	6	4	5	2	7	6	7	8	6	2	4	7	4	1	5	6	8	6	2	7	5	4	6	4	2	8	5	6	6	5	14	5	6	1	7	7	7	9	7	6	13	7	7	7	8	8	6	8	12	11	6	8	5	5	2	4	8	3	2	7	7	2	4	4	7	10	10	14	8	8	3	4	2	3	3	7	6	5	6	5
012	3	3	3	3	2	3	4	1	1	3	4	11	6	3	4	6	1	2	2	3	5	7	6	3	7	2	3	5	1	2	3	6	4	2	5	6	1	6	6	1	1	4	4	4	5	3	3	3	5	7	1	1	1	1	1	2	1	8	1	1	3	3	1	2	1	2	3	1	3	3	2	3	1	3	2	1	2	1	2	2	1	1	3	5	2	2	4	1	1	2	1	2	1	1	2	2	4	1	4	3
012	3	8	5	3	7	9	9	3	10	9	4	12	9	9	6	6	6	3	8	5	8	9	6	3	7	2	4	6	1	5	3	10	5	3	7	7	2	6	7	2	4	6	5	4	5	4	3	4	8	7	7	7	3	7	6	5	8	10	5	5	13	7	7	4	1	8	4	8	10	6	2	3	4	3	3	2	2	1	4	2	4	4	4	9	6	4	10	4	3	4	3	3	3	2	4	8	4	4	8	5
013	3	6	2	1	6	5	2	2	7	8	3	7	5	4	5	3	2	4	2	5	3	2	2	3	2	1	3	1	2	1	7	4	4	5	5	3	1	3	1	1	1	2	4	7	5	4	3	1	1	3	4	5	4	5	5	3	2	7	2	2	3	3	1	1	2	2	2	1	3	4	7	3	1	3	2	2	2	1	2	2	4	6	3	5	9	11	4	10	8	10	2	1	1	1	3	3	2	3	1	1
013	7	7	6	4	7	10	5	4	11	11	7	10	10	8	7	7	9	6	5	9	5	5	7	5	3	9	9	4	4	1	7	8	5	6	5	5	7	4	8	2	7	5	7	8	6	5	4	4	8	7	5	9	7	9	10	6	9	7	3	2	6	7	3	3	4	2	4	2	5	4	11	3	1	4	2	8	9	1	2	2	4	6	3	5	9	11	4	10	8	10	3	4	1	2	5	8	4	8	10	5
014	3	4	4	5	6	5	6	1	3	1	2	1	2	2	4	2	1	1	2	1	3	2	2	2	3	1	3	8	2	1	8	5	2	3	2	2	1	2	6	2	1	2	1	4	1	1	3	1	5	5	4	2	1	1	3	6	4	4	4	2	5	2	2	1	2	1	3	3	3	2	2	1	4	1	1	2	2	1	2	2	8	8	2	8	5	1	2	1	1	5	2	4	1	2	3	5	3	2	3	4
014	6	9	8	7	9	8	8	2	6	11	7	2	11	10	5	2	2	4	7	11	6	7	8	3	7	7	10	8	6	6	10	5	2	7	3	2	3	2	6	2	3	4	4	8	2	3	6	3	7	8	8	3	3	4	4	7	6	9	7	3	8	3	6	4	4	4	6	3	10	9	12	3	7	2	2	7	7	5	6	2	9	9	6	11	7	7	4	9	7	8	2	4	1	2	3	7	6	2	3	4
015	2	4	1	4	6	2	2	1	3	1	2	2	10	2	2	1	2	1	1	1	4	2	1	3	3	1	3	1	2	1	6	7	6	3	1	1	3	1	1	1	1	2	1	2	5	5	2	2	4	1	4	2	1	1	1	3	6	7	2	2	1	3	7	2	3	6	2	6	4	3	6	9	3	2	1	5	5	7	5	3	3	3	1	3	2	3	3	3	3	3	2	1	1	1	5	3	1	2	3	2
015	3	9	2	7	9	8	6	6	4	8	3	7	12	8	6	7	2	4	10	1	9	3	2	4	4	3	4	3	3	7	8	12	7	4	3	2	4	5	6	2	1	6	4	4	5	8	3	4	5	7	14	10	6	5	9	6	9	9	7	3	11	7	8	4	5	8	2	9	13	6	6	9	4	2	1	5	5	7	5	3	6	6	1	7	4	6	3	8	3	7	3	3	2	2	6	4	2	4	5	7
016	6	6	2	2	6	5	2	2	7	2	1	1	1	1	1	1	1	1	1	1	1	1	1	2	3	4	1	4	3	2	4	4	4	1	3	4	5	4	2	1	4	1	6	3	2	3	3	3	2	2	2	1	2	1	3	4	4	7	7	2	1	1	2	1	8	2	1	1	1	4	2	1	2	3	2	2	1	1	2	2	6	7	7	8	5	7	2	9	4	5	2	2	2	1	2	2	2	1	5	2
016	7	7	4	4	9	5	2	6	11	8	4	7	10	7	9	3	2	7	2	2	5	5	1	6	7	9	4	8	4	5	4	9	6	2	8	8	9	4	9	8	4	2	6	4	5	4	3	4	3	2	8	2	3	5	5	7	8	9	8	3	9	3	9	2	9	9	3	1	4	5	8	3	5	6	5	8	9	2	5	6	8	7	7	8	10	7	11	13	7	8	3	3	3	1	2	3	4	2	8	6
017	1	4	4	4	3	2	8	6	4	4	5	1	4	1	5	1	5	4	2	1	6	2	1	2	2	1	1	1	1	5	1	7	1	1	3	3	3	4	4	3	4	1	4	4	3	2	3	4	5	6	12	1	1	1	1	3	1	3	1	1	5	3	2	2	2	4	2	3	6	2	2	2	4	4	1	4	3	2	4	4	8	2	2	2	1	2	2	2	2	2	3	3	1	1	2	2	2	1	5	2
017	1	10	4	8	10	2	8	6	12	12	8	12	10	11	6	3	10	8	11	2	7	9	7	3	5	5	9	7	3	8	3	11	6	1	3	4	4	6	7	5	8	6	6	5	5	8	3	7	5	7	13	1	5	10	8	5	10	7	2	1	8	3	5	4	3	5	2	9	7	6	6	2	8	6	7	9	10	2	7	7	10	5	4	12	9	6	6	4	3	7	3	3	2	1	6	8	4	2	8	3
018	1	6	2	4	6	4	2	2	1	5	1	1	1	5	1	2	1	1	1	4	4	5	1	1	2	3	5	4	2	1	4	2	5	2	3	2	1	5	5	2	1	1	1	1	1	1	3	1	1	1	1	1	1	1	1	1	1	4	1	1	1	3	2	1	4	2	3	1	4	1	2	3	2	3	2	2	2	1	2	1	3	9	6	11	2	1	4	1	1	5	2	4	1	1	2	1	1	4	3	3
018	7	8	9	9	11	5	9	7	7	8	7	10	11	10	11	7	7	2	2	9	5	10	7	8	8	9	9	5	4	1	8	6	6	3	5	6	7	6	7	5	3	7	4	9	4	9	8	8	7	6	2	7	2	5	1	6	10	10	3	1	6	3	9	3	9	10	3	2	7	4	4	3	4	3	4	3	9	1	2	2	9	9	9	13	7	1	5	12	7	8	3	4	1	2	3	3	5	4	3	4
019	1	3	4	3	1	4	1	3	3	5	4	8	7	3	4	6	1	3	6	8	2	1	1	2	7	2	2	1	1	2	3	4	1	3	1	5	2	6	2	5	1	1	2	1	1	1	3	6	7	1	5	5	2	8	8	3	4	4	2	4	1	3	2	1	5	2	2	1	4	3	4	5	1	6	6	9	8	1	8	4	2	3	3	5	1	4	4	4	3	4	1	1	1	1	2	1	1	3	3	1
019	3	4	5	10	2	7	4	6	5	6	4	10	9	6	11	6	1	3	8	8	8	2	2	7	7	2	2	4	1	7	4	9	5	8	7	6	2	7	7	5	4	6	4	4	5	4	3	7	8	7	13	11	7	11	11	4	8	7	3	7	5	3	8	2	9	6	3	2	4	4	4	10	9	7	8	10	11	1	9	8	4	3	4	14	9	6	6	4	3	7	2	4	1	1	3	8	5	4	8	4
020	2	2	7	3	5	4	2	3	3	5	3	4	2	1	5	1	2	4	10	1	3	2	1	3	2	1	3	1	3	1	4	4	1	1	1	4	3	1	2	4	2	3	2	2	2	1	7	2	4	2	5	7	2	5	1	4	9	2	3	2	2	2	1	2	2	2	2	2	8	2	6	8	4	4	1	4	1	1	1	3	6	3	9	7	5	1	2	4	3	7	1	1	1	1	2	3	1	1	8	1
020	3	3	9	5	7	5	4	8	7	10	9	9	10	4	6	7	5	4	11	4	4	3	2	4	4	3	4	3	7	1	6	9	5	9	3	6	4	4	2	5	5	4	8	4	5	2	8	6	6	4	15	11	8	10	4	6	10	2	7	4	8	3	6	2	6	7	6	3	11	6	8	8	6	6	4	7	8	3	10	4	8	7	10	8	11	7	6	9	7	8	4	4	4	8	2	8	7	1	8	6
021	8	4	10	11	12	11	10	9	13	3	6	7	13	12	12	9	9	1	11	4	10	11	9	1	9	10	4	9	8	5	11	2	2	10	5	8	10	5	10	9	9	4	9	7	3	10	9	9	1	9	16	12	9	12	4	4	9	11	5	8	4	4	1	8	2	10	4	3	14	8	10	11	8	8	9	2	6	2	11	9	8	10	2	5	12	12	11	2	9	4	7	5	5	8	2	9	8	9	6	8
021	9	7	11	12	13	11	11	10	14	13	6	13	14	13	13	10	9	2	11	12	11	11	10	8	10	11	11	10	9	6	12	5	8	11	9	9	11	8	11	10	10	8	9	10	7	11	10	9	2	10	17	13	10	13	4	4	11	11	9	8	8	8	4	9	8	11	7	10	15	12	13	11	10	9	10	11	12	8	12	10	11	11	11	15	12	13	12	15	10	11	8	6	6	8	5	10	9	10	7	8
022	9	4	11	3	12	12	11	10	15	6	2	2	15	12	2	11	1	9	7	4	9	12	11	5	11	12	11	10	2	2	13	2	6	11	7	10	10	9	10	11	10	3	9	2	7	10	10	9	2	10	18	12	4	13	12	5	3	12	7	9	13	4	2	8	4	9	3	3	15	13	6	12	11	9	9	5	2	8	3	10	8	12	5	6	12	13	13	11	9	9	9	5	5	8	3	9	3	9	7	9
022	10	7	12	12	14	13	12	11	16	9	8	4	16	14	14	11	4	10	12	6	11	13	12	8	11	13	12	10	9	8	14	2	9	12	9	11	12	10	12	12	11	4	10	7	8	11	11	10	7	11	19	14	5	14	13	8	4	13	10	10	14	9	10	9	5	11	5	3	16	14	14	13	12	10	11	7	13	9	13	11	12	12	8	12	13	14	14	16	11	9	10	7	7	9	6	11	8	11	7	10
023	8	2	12	13	15	14	10	12	4	5	10	4	13	13	12	12	9	1	4	7	10	14	10	5	7	14	12	10	10	1	14	10	1	13	10	12	13	11	13	8	10	4	11	3	9	11	12	11	4	10	9	15	7	13	4	5	3	11	4	11	4	4	11	8	1	10	3	11	17	15	10	14	10	9	9	2	2	5	4	10	2	12	6	7	11	13	2	2	11	2	8	8	6	9	1	12	4	12	3	8
023	10	2	12	14	15	14	10	13	11	9	10	9	17	15	12	12	9	7	11	11	10	15	13	10	10	15	13	11	11	7	15	13	5	13	11	13	14	12	14	11	12	9	12	11	10	12	13	11	9	12	19	16	11	15	13	9	12	14	10	12	14	8	12	9	10	11	5	11	18	16	15	14	13	9	10	8	6	10	12	12	12	13	12	12	13	15	15	12	12	8	11	9	8	10	6	13	8	13	8	8
024	8	2	10	11	14	12	10	11	15	1	6	9	18	13	10	11	1	10	11	2	12	15	6	10	6	16	12	10	3	9	6	4	8	14	11	11	9	11	13	12	9	4	9	7	7	12	10	9	2	12	9	14	8	16	14	8	8	11	11	11	13	4	2	8	5	9	3	3	16	5	10	10	8	8	9	3	2	5	1	8	8	11	5	6	7	13	2	15	10	11	12	9	6	10	3	11	1	11	8	8
024	11	7	13	13	14	15	10	14	17	13	6	12	19	14	14	12	11	11	11	7	13	16	12	10	10	17	14	10	12	9	14	12	10	15	12	14	11	13	13	13	10	10	13	7	11	13	14	10	10	13	9	14	8	16	14	8	8	11	11	11	14	10	4	9	6	11	4	12	18	17	16	14	14	11	12	8	14	11	13	10	13	14	11	6	14	16	16	16	13	12	12	10	9	11	6	14	1	11	8	9
025	12	6	14	13	14	11	13	10	13	6	6	2	15	12	14	9	1	9	11	2	9	13	12	6	1	13	11	10	6	9	10	2	9	10	10	10	10	9	10	11	9	8	13	2	3	12	11	9	3	10	7	14	7	12	4	5	2	14	4	12	12	8	5	8	5	11	5	11	18	5	14	13	8	8	13	1	12	2	1	9	11	11	5	2	7	13	2	15	13	4	9	6	7	8	2	11	4	10	2	9
025	12	6	14	13	14	11	13	10	13	6	10	7	20	14	15	11	12	10	11	6	10	14	13	8	12	17	15	12	9	9	16	3	11	11	12	15	12	14	15	14	13	11	13	6	10	14	15	12	9	14	20	14	11	13	15	8	3	15	10	13	13	10	12	9	5	11	5	12	18	16	16	15	15	12	14	12	15	5	14	12	13	15	6	5	14	15	16	15	13	13	11	7	10	9	6	15	9	11	8	11
026	8	6	14	9	14	11	10	10	4	5	2	2	15	12	14	11	1	1	7	6	6	13	11	4	9	16	16	11	12	8	1	7	11	4	11	13	13	12	11	9	13	1	9	7	12	13	10	9	2	15	7	16	8	16	12	8	2	15	4	11	6	9	3	8	5	1	5	11	19	5	10	14	14	12	11	1	6	2	1	8	6	10	1	5	12	14	7	5	9	2	7	5	5	8	2	10	1	9	7	11
026	12	10	15	14	15	11	13	13	13	6	8	12	21	16	15	12	10	9	7	13	13	17	14	6	10	18	17	13	13	10	15	10	12	16	13	16	15	14	14	10	13	11	13	11	12	15	15	11	4	16	7	16	8	16	15	10	8	15	11	13	12	10	5	8	11	11	8	12	20	18	16	14	15	13	15	3	13	12	11	9	12	13	5	6	13	14	13	12	14	2	9	6	6	9	7	11	10	14	11	12
027	8	7	13	11	12	11	13	10	13	6	3	5	14	12	13	10	7	4	7	1	9	11	10	1	9	11	11	10	9	5	15	10	10	16	10	12	13	12	10	11	9	12	14	10	3	16	16	13	11	9	9	12	8	12	4	4	7	11	5	8	6	4	1	8	8	11	3	6	20	5	3	10	10	12	13	2	12	3	9	12	8	12	1	5	12	14	13	5	9	2	8	7	6	1	4	14	1	10	8	8
027	12	9	13	14	16	11	13	10	13	13	6	7	20	15	16	11	9	9	13	1	11	17	13	4	13	13	18	12	14	5	15	13	12	16	13	17	13	15	11	11	12	12	14	10	6	16	16	13	11	9	21	14	10	12	15	8	11	16	11	14	8	10	5	9	11	12	5	11	21	13	14	16	13	14	16	12	13	13	9	13	8	16	5	6	12	17	13	16	11	9	11	9	9	10	6	16	10	11	12	8
028	10	2	10	14	16	11	10	10	2	3	6	9	9	12	17	11	7	7	4	2	9	13	13	6	1	13	4	10	3	6	15	2	3	11	7	11	11	16	10	10	13	11	9	2	13	11	17	14	2	13	9	15	7	15	4	4	12	11	4	11	13	4	10	8	2	13	1	3	15	12	6	13	12	9	9	7	2	5	4	10	6	12	3	5	13	14	7	12	13	9	12	10	5	9	2	9	1	11	7	12
028	12	6	14	14	17	15	14	10	15	13	6	12	20	15	18	11	13	9	11	7	10	13	15	8	9	19	11	13	15	9	16	13	5	17	10	17	15	17	16	11	14	13	15	12	14	13	18	15	4	14	17	17	12	16	13	9	13	17	12	13	15	9	13	8	8	13	5	3	22	14	10	14	13	9	9	8	6	8	13	12	12	14	6	15	15	15	16	15	15	13	12	11	8	11	4	17	6	14	11	13
029	8	2	12	14	15	11	10	13	11	6	2	12	21	16	15	12	4	1	7	7	10	13	13	6	3	13	11	10	3	8	10	3	10	10	10	2	10	11	11	9	13	4	1	2	4	13	9	14	1	10	4	18	8	14	11	11	12	18	4	11	6	10	10	9	1	3	5	12	18	16	6	14	12	9	9	3	2	8	12	8	8	11	8	5	15	13	11	11	10	2	11	7	6	10	2	9	1	11	1	8
029	11	6	14	14	17	14	13	15	17	9	8	13	22	16	17	13	10	1	14	13	10	13	15	8	10	13	12	11	10	9	13	13	11	17	11	13	15	14	15	14	15	14	13	11	13	16	13	16	4	17	4	18	13	14	11	11	12	18	4	11	16	10	12	10	11	11	5	13	18	19	15	14	14	13	11	7	13	11	13	10	12	17	11	8	16	14	12	15	16	11	12	8	6	11	6	12	8	12	3	12
030	10	7	11	3	17	14	11	9	14	3	6	5	20	14	12	9	10	3	1	6	9	13	10	5	5	13	11	10	2	1	3	3	12	4	11	13	13	12	11	9	9	4	12	4	6	13	16	13	4	9	9	15	7	15	13	10	8	11	4	8	4	8	10	9	1	11	4	11	18	14	3	16	10	8	9	2	12	5	9	12	11	14	6	2	7	15	12	15	10	12	11	6	11	6	1	10	8	9	8	14
030	12	9	14	14	18	16	14	11	17	6	11	12	23	16	15	9	12	12	7	13	9	15	12	8	11	15	13	11	11	8	15	10	13	16	14	16	16	18	16	10	13	12	14	6	13	17	17	16	11	10	10	16	8	16	16	12	12	15	4	11	6	10	12	9	8	11	5	12	18	16	17	17	15	14	10	13	13	13	14	13	11	15	13	15	13	15	16	17	13	13	11	7	12	10	6	16	11	13	12	14
031	9	7	14	3	16	13	13	12	17	6	10	4	14	15	12	9	5	3	4	7	9	11	6	6	9	3	5	11	3	6	6	3	12	12	7	13	12	12	10	9	9	11	13	3	6	11	10	11	4	9	13	12	4	15	4	4	10	12	5	13	13	4	2	8	2	11	4	3	16	1	3	11	10	14	11	2	13	8	9	13	6	12	5	6	12	15	15	2	11	2	8	6	6	10	2	10	1	11	7	10
031	12	7	14	13	16	17	15	15	18	14	10	12	24	17	19	9	9	11	11	7	13	16	13	10	10	17	12	11	15	9	12	12	14	16	11	18	13	13	17	12	13	12	14	10	10	12	19	13	10	15	16	17	9	16	12	13	14	12	11	15	14	10	4	9	4	11	7	12	20	13	3	16	14	14	16	8	15	13	15	14	12	18	6	6	13	17	17	16	14	9	11	9	9	10	6	14	8	15	8	11
032	9	4	11	12	13	11	11	10	14	3	3	4	20	14	2	11	4	10	12	4	9	14	10	5	9	13	13	10	11	2	13	10	8	12	11	11	11	10	11	9	15	2	10	6	11	12	11	10	1	11	7	16	8	16	4	8	8	15	4	13	12	9	3	8	2	1	1	12	18	5	14	16	12	8	10	3	6	8	9	9	8	11	11	4	15	13	12	12	10	9	10	5	5	8	3	11	1	9	7	8
032	12	11	12	13	17	11	16	12	19	13	8	12	20	14	13	14	7	11	13	5	9	15	13	8	14	17	15	12	12	9	15	12	12	16	12	13	15	12	13	15	16	2	16	11	11	16	20	14	3	11	17	18	10	17	15	14	11	16	5	13	13	10	12	11	9	11	8	12	19	18	15	18	14	15	11	7	9	13	12	15	12	17	13	15	16	15	16	17	10	11	12	10	6	11	3	18	8	11	8	9
033	10	1	14	11	16	11	10	10	6	6	10	12	24	17	20	9	5	11	4	7	6	12	10	8	9	6	14	9	9	6	6	6	1	12	7	18	12	11	10	8	9	8	9	10	3	10	9	9	1	9	17	13	7	14	4	8	4	16	5	9	7	4	3	8	1	1	3	3	16	13	10	11	10	9	10	2	6	8	12	10	11	12	5	3	14	13	12	2	11	2	9	5	11	8	1	10	1	9	8	12
033	12	7	15	13	19	11	16	13	20	13	10	12	24	17	20	9	5	11	4	10	9	15	14	10	10	14	17	10	13	7	16	12	14	18	10	19	17	13	10	12	9	12	15	10	6	16	16	13	11	9	22	18	10	17	12	14	11	16	6	13	10	9	9	10	8	9	8	12	23	18	17	12	16	10	11	9	6	14	14	11	12	15	6	12	15	15	14	18	16	4	11	6	11	10	8	11	11	14	11	14
034	10	7	11	9	17	11	11	10	14	3	6	12	15	12	14	12	1	3	7	6	9	13	10	5	15	3	4	10	8	4	12	4	7	14	11	17	9	8	10	12	9	10	9	7	3	12	12	13	10	9	4	14	7	12	14	8	7	11	4	13	13	9	4	8	2	11	4	3	15	1	3	13	12	8	9	3	6	11	3	8	8	11	11	5	14	13	12	15	10	11	9	5	5	8	3	11	1	11	11	12
034	12	7	15	14	17	14	11	11	15	3	11	12	23	16	15	12	10	11	11	13	9	15	14	6	15	6	13	10	16	5	13	12	8	15	12	20	11	12	14	13	12	14	17	10	6	16	16	13	11	12	7	14	8	16	14	8	8	15	11	14	13	10	10	8	2	13	5	12	20	14	10	14	16	16	17	5	13	15	13	11	8	11	11	6	15	16	16	15	10	11	12	9	8	9	8	18	1	13	13	12
035	8	4	11	9	15	14	11	11	2	3	4	2	17	12	12	9	1	7	4	2	9	11	9	10	4	7	14	9	12	6	13	5	8	12	12	9	10	10	13	15	10	4	11	1	9	11	11	11	4	10	7	12	4	14	12	10	10	12	1	11	11	4	1	8	1	12	2	6	15	17	3	18	12	10	10	1	6	12	4	15	11	11	6	2	13	13	7	15	9	13	8	5	5	8	3	9	2	9	7	9
035	12	10	13	14	16	15	13	13	11	13	6	9	18	12	21	11	9	7	11	11	12	15	12	10	6	16	19	10	17	9	13	12	8	12	12	20	17	16	13	16	17	4	12	11	10	12	13	17	9	13	13	18	7	18	15	13	15	18	4	15	12	11	8	11	5	13	2	11	24	20	17	18	17	13	11	14	13	16	15	16	12	15	11	15	13	15	16	15	13	14	10	11	10	9	5	10	8	11	13	10
036	8	4	11	12	15	14	10	11	14	3	2	9	16	14	17	12	11	10	1	2	9	13	12	8	10	13	11	10	2	8	1	1	8	1	12	9	12	14	12	15	11	1	10	6	11	12	11	9	6	13	17	12	9	12	4	4	11	11	5	8	12	11	8	8	5	10	2	6	15	19	14	14	14	12	11	2	6	2	1	11	12	12	8	4	13	14	11	5	10	9	7	6	6	9	2	10	10	9	4	11
036	9	6	14	13	16	15	13	11	17	13	11	9	19	16	21	12	14	12	11	7	10	18	13	10	11	17	12	10	3	8	6	2	13	15	15	21	16	16	13	17	13	2	13	11	15	13	21	10	7	16	21	12	10	13	4	4	11	16	10	8	17	11	12	12	12	13	6	14	18	20	18	18	15	15	14	3	15	13	9	15	12	17	11	6	16	17	17	12	11	10	10	11	6	10	9	10	11	16	7	11
037	8	4	13	14	15	11	13	9	2	5	6	4	9	12	12	9	3	3	4	2	3	13	10	1	15	7	5	10	11	5	1	1	12	1	11	12	15	12	11	10	11	3	10	11	9	12	11	10	7	11	4	13	10	12	5	8	10	15	5	13	6	7	12	11	2	13	2	6	15	13	3	13	10	8	16	2	6	13	3	11	8	11	5	5	13	13	12	2	10	2	7	8	5	8	2	9	2	9	1	11
037	9	9	15	15	17	18	13	10	16	13	10	4	14	15	22	10	9	11	11	7	6	19	15	5	15	10	18	11	18	6	12	4	13	16	15	21	16	18	13	11	18	4	11	13	11	16	11	18	11	13	16	19	14	13	15	14	11	18	11	15	15	9	13	13	6	14	5	6	22	19	3	16	17	14	17	5	13	16	9	13	12	12	11	12	15	13	14	15	11	11	12	10	12	11	3	18	8	13	11	12
038	10	7	14	3	16	11	10	10	6	6	6	4	18	12	14	11	7	7	7	2	6	13	11	4	9	17	17	11	12	8	13	3	8	10	10	9	10	16	12	14	12	1	13	6	11	13	16	13	4	9	7	14	7	12	11	8	8	11	1	11	12	8	12	11	1	12	1	12	18	14	10	13	14	8	11	7	2	1	1	9	11	11	5	5	7	15	2	15	13	13	7	5	11	8	1	11	1	13	8	12
038	12	9	14	13	18	18	14	11	17	6	6	5	18	12	18	11	7	7	11	6	9	17	12	6	14	18	20	11	13	10	17	5	11	11	12	15	10	17	15	15	13	12	14	10	13	16	17	16	10	10	7	18	8	14	15	9	12	11	2	13	16	11	12	13	12	13	5	14	25	16	15	16	15	8	17	8	2	12	16	10	12	14	5	5	15	16	16	15	13	13	12	10	12	9	5	16	11	17	8	14
039	11	6	14	6	12	11	4	15	17	6	6	7	17	12	12	10	9	2	7	1	9	12	10	6	9	7	18	10	3	1	13	2	6	12	12	20	12	16	10	12	9	4	11	1	6	12	11	13	9	9	4	13	8	12	13	8	7	11	9	8	4	8	4	9	2	11	4	10	15	8	6	13	10	8	10	1	6	1	4	8	11	14	6	2	14	15	16	15	13	4	7	9	6	6	1	10	2	13	12	10
039	11	7	15	14	17	19	13	16	21	9	6	14	19	12	12	12	9	4	11	4	11	17	10	10	16	17	21	10	17	6	14	12	8	15	12	20	12	19	13	15	17	12	15	3	9	12	19	17	10	13	16	14	11	16	14	14	13	11	11	11	6	12	12	11	5	11	5	11	15	19	15	18	15	14	17	3	15	11	11	17	12	15	11	9	15	15	18	19	17	13	12	9	8	9	5	18	8	18	13	15
040	10	7	12	13	13	11	4	10	21	3	6	5	18	16	15	10	6	1	7	6	6	13	11	4	9	17	17	11	12	8	13	10	10	13	11	13	13	12	10	9	13	8	2	2	4	12	16	13	3	3	4	16	8	14	11	10	2	15	4	11	11	4	9	11	1	9	5	11	19	13	14	15	8	8	10	7	9	5	12	9	6	11	6	6	15	14	2	2	9	4	9	5	7	1	3	11	3	11	7	9
040	13	9	14	15	20	12	16	13	21	15	8	12	25	17	22	12	10	11	15	13	9	20	12	6	12	18	20	11	13	10	16	13	10	17	16	13	15	15	11	13	15	12	17	11	6	17	20	19	7	14	7	18	8	16	12	11	12	18	11	11	16	11	10	12	13	12	7	15	24	19	15	16	12	17	13	12	12	10	14	12	12	18	13	12	15	16	17	15	14	14	12	7	12	9	6	19	4	19	13	16
h01	1	7	5	4	5	2	2	2	1	4	2	2	12	5	5	5	5	3	2	2	5	1	1	1	5	1	3	4	6	2	4	2	6	2	3	3	4	5	7	1	4	1	4	3	5	3	3	1	6	6	2	7	3	8	3	4	2	9	4	2	6	7	1	1	2	2	3	2	10	6	3	3	3	4	1	1	2	1	2	7	1	3	1	5	1	3	3	10	7	3	3	2	1	1	3	2	1	2	3	6
h01	10	8	14	14	14	13	13	9	17	6	7	5	17	13	19	11	7	11	14	3	9	15	6	6	10	17	21	10	15	5	13	10	8	15	11	9	15	16	11	14	13	2	13	7	13	11	13	9	11	10	4	13	8	15	11	13	4	18	7	11	11	10	7	11	5	13	4	3	18	17	6	18	14	12	9	1	13	3	12	9	12	15	13	6	13	15	16	15	11	13	10	7	8	10	3	14	5	9	8	11
h02	3	3	5	2	1	7	5	4	10	2	2	2	8	8	5	6	1	1	1	2	7	2	1	2	3	2	2	1	2	1	6	9	1	9	5	2	1	3	4	2	1	2	1	4	5	4	3	6	4	1	4	2	1	5	5	4	6	9	2	5	5	3	1	4	2	2	2	1	6	4	2	1	4	3	2	3	2	4	2	3	3	1	4	8	2	8	2	9	6	5	3	2	3	3	2	8	5	5	7	6
h02	12	9	14	6	13	11	11	13	13	6	10	4	14	14	20	14	11	3	7	2	9	13	10	5	11	10	11	11	13	1	14	10	8	18	12	11	15	10	11	17	9	11	10	11	7	16	12	9	5	9	9	14	9	16	16	9	14	11	10	11	11	9	12	8	4	13	5	12	15	14	14	14	8	13	17	11	13	13	11	9	12	12	11	8	16	14	2	12	13	14	10	11	11	9	6	12	8	11	10	12
h03	7	6	2	4	6	5	2	7	1	2	2	2	2	2	1	2	3	1	1	7	3	1	1	2	5	7	3	5	4	5	6	4	2	1	1	4	4	2	1	4	1	4	6	4	2	3	4	4	7	3	5	5	5	10	9	4	8	7	1	6	11	3	5	1	1	1	5	3	4	1	2	5	1	5	3	3	2	3	1	2	4	3	1	1	4	1	3	2	8	8	2	3	3	2	1	2	1	6	3	5
h03	12	9	12	13	12	15	13	15	17	6	2	7	20	15	14	10	7	10	11	9	10	11	10	10	10	13	11	11	12	8	13	13	5	16	11	10	15	8	10	10	9	6	13	7	11	12	11	9	11	7	9	18	7	16	15	6	10	15	4	11	13	4	9	9	4	8	6	3	18	4	10	13	12	16	11	5	6	5	5	11	11	12	11	5	16	15	12	15	13	11	7	10	12	8	3	11	8	11	11	10
h04	4	2	6	2	3	7	3	7	2	2	4	8	10	5	6	1	2	2	1	2	3	4	1	2	3	2	3	1	1	7	4	4	3	6	3	4	3	2	4	5	4	3	4	2	1	1	3	4	1	4	8	2	2	1	4	5	1	1	4	3	5	3	2	2	2	2	3	2	10	1	3	8	4	4	6	4	1	1	2	2	9	1	4	6	8	11	2	2	6	7	5	4	1	2	1	3	4	7	8	4
h04	10	7	14	13	17	14	10	16	15	3	8	13	23	14	22	9	9	3	10	8	9	15	15	6	10	16	12	13	3	9	15	5	8	17	7	13	14	14	15	12	14	11	14	13	13	17	9	12	4	12	19	15	10	13	11	9	8	12	11	12	13	4	12	10	5	11	5	3	24	18	6	15	12	8	12	5	2	8	13	8	12	11	11	8	13	15	2	3	17	9	11	5	6	10	2	11	8	11	11	12
h05	4	2	8	2	3	5	7	8	10	8	4	4	8	1	6	7	4	2	4	7	2	3	1	5	6	1	2	8	1	4	1	4	7	1	3	3	3	7	4	3	1	1	1	6	4	1	8	7	1	2	3	8	3	1	1	6	4	4	2	2	8	2	3	4	2	8	2	7	7	6	2	9	3	3	5	2	2	2	2	5	5	7	9	3	2	10	4	4	7	4	3	4	1	2	2	2	1	2	5	4
h05	9	9	11	13	15	11	10	15	21	13	6	7	15	16	14	14	10	11	10	13	9	13	9	5	7	3	15	12	12	8	6	5	10	11	10	18	15	11	13	15	12	1	9	7	11	14	21	18	9	10	19	14	7	16	16	8	8	12	5	15	12	10	5	10	11	11	4	11	15	14	6	14	12	9	10	2	13	13	4	11	11	16	11	6	7	13	7	12	11	5	9	8	12	6	2	9	3	14	12	8
h06	4	2	4	3	7	6	4	1	2	2	3	2	8	9	2	3	1	3	1	6	4	3	1	2	8	3	6	8	2	1	4	2	1	1	7	3	6	2	7	5	4	6	5	1	5	4	5	4	5	1	7	3	3	4	4	3	8	2	5	3	1	3	2	2	8	4	2	3	2	2	2	8	4	5	6	3	8	5	4	5	6	7	2	5	7	7	4	5	3	5	2	3	1	1	1	8	4	2	3	4
h06	10	4	15	13	13	18	11	9	3	9	10	5	14	15	12	10	7	10	2	9	10	13	13	4	9	17	15	10	9	2	17	7	9	17	12	10	10	10	10	8	13	11	12	7	10	16	17	17	10	9	9	14	8	16	5	10	11	15	11	11	16	4	4	8	8	10	2	12	15	14	16	16	15	8	9	7	13	11	14	13	8	11	6	5	15	15	12	10	9	10	12	11	9	9	2	18	8	13	8	15
h07	1	3	4	3	9	4	2	4	5	5	4	4	7	3	1	6	4	7	2	1	7	1	2	3	1	3	6	1	1	1	1	1	1	1	1	4	3	3	6	2	1	2	5	3	1	2	3	1	3	8	7	5	2	5	9	3	2	7	4	1	3	3	1	3	2	1	4	1	2	9	6	2	1	4	7	8	6	1	4	8	2	3	2	5	1	1	3	3	4	3	2	2	1	1	1	2	3	2	3	3
h07	12	7	15	13	15	11	14	11	14	6	6	8	14	16	14	12	14	11	11	6	11	13	12	10	5	17	17	10	10	10	13	9	5	2	9	15	17	10	10	11	12	8	13	3	3	16	16	11	6	17	8	16	7	16	13	9	6	11	11	11	4	9	4	8	5	2	6	3	22	15	10	14	12	12	11	9	8	2	5	13	8	15	6	6	13	15	11	15	11	12	12	6	6	10	5	11	11	13	8	12
h08	5	2	4	5	6	2	2	2	1	11	4	8	4	7	5	1	3	4	2	6	5	5	1	2	6	2	2	1	5	1	4	11	2	3	1	2	6	4	1	1	4	1	6	4	5	1	3	5	2	6	3	1	6	1	1	2	9	8	4	3	5	3	5	4	5	2	4	6	13	9	8	8	4	3	1	8	2	1	4	2	1	6	8	6	1	5	6	4	7	3	2	4	4	2	2	3	1	1	5	4
h08	8	7	15	15	12	15	13	13	11	15	10	12	13	12	20	9	10	11	11	6	11	18	13	8	11	10	11	10	8	9	13	13	8	10	12	13	11	16	15	8	17	10	15	6	13	16	11	16	11	11	4	15	7	14	15	8	9	18	7	15	10	9	5	8	9	13	8	14	18	15	16	10	12	14	9	11	13	13	9	10	8	11	8	12	13	15	12	11	9	9	7	10	11	8	6	10	6	13	8	8
h09	3	4	2	8	3	3	4	2	2	5	4	4	2	10	10	2	8	1	4	5	6	1	5	2	7	3	3	8	6	2	7	10	1	1	2	6	3	6	7	1	1	2	1	3	5	2	3	4	5	6	4	1	3	10	1	7	8	7	4	4	6	4	4	2	1	8	1	3	4	1	2	3	3	3	4	2	3	1	2	4	6	9	5	4	5	6	4	4	3	4	6	1	2	1	5	3	3	1	3	4
h09	11	7	13	13	13	14	13	10	15	6	11	7	20	16	13	12	9	4	8	5	11	15	12	6	9	13	11	10	9	5	15	12	11	18	7	16	16	17	10	10	15	8	4	3	11	13	14	10	9	12	7	14	4	12	11	10	12	11	4	11	13	4	6	8	1	10	3	8	15	4	15	15	10	17	12	4	15	11	15	11	12	15	6	15	13	15	7	15	10	11	11	9	5	1	6	11	5	14	12	8
h10	4	2	7	4	5	4	2	2	4	3	2	2	2	2	3	7	3	3	1	4	8	2	2	2	7	8	2	5	2	1	2	10	6	3	3	5	5	2	6	5	3	1	5	1	5	2	3	6	5	2	7	5	3	5	1	6	6	7	5	3	11	2	2	2	3	2	3	6	5	4	2	3	4	2	1	2	2	4	1	2	3	3	6	3	7	5	4	2	3	4	5	4	3	2	2	4	1	1	8	2
h10	10	6	14	9	15	11	13	11	17	8	3	7	20	14	15	12	7	10	4	11	13	11	15	10	10	15	15	11	2	9	12	12	11	15	12	15	11	12	11	10	13	4	11	8	7	11	12	13	11	10	16	13	9	16	4	8	7	15	7	9	12	4	5	9	5	13	4	8	18	16	3	12	12	8	11	4	13	9	2	10	12	15	8	5	8	15	16	3	11	8	12	6	6	9	3	18	1	15	8	11
041	7	12	16	16	19	3	2	12	2	16	1	1	24	1	5	5	15	8	14	10	1	2	16	11	1	8	20	11	19	11	8	11	4	15	13	14	15	5	15	7	11	15	12	2	16	18	20	9	1	15	10	12	15	16	8	4	1	14	10	7	7	5	14	14	9	4	9	16	16	16	8	6	15	4	5	9	3	17	7	15	5	19	7	4	4	12	1	7	18	11	7	1	13	12	4	12	12	20	3	8
041	14	13	17	17	21	20	17	17	6	17	6	1	26	18	5	11	16	8	16	14	5	21	16	11	6	8	22	13	20	12	18	14	9	19	17	17	18	17	18	18	19	16	13	14	16	19	22	12	11	18	12	19	16	17	17	15	6	19	12	16	7	5	15	15	11	6	10	16	24	20	8	19	16	18	18	15	12	18	17	17	5	20	14	13	11	12	19	20	19	11	11	12	14	13	10	20	12	21	9	17
042	1	14	16	6	6	7	5	10	9	9	9	3	26	2	3	14	17	6	13	7	1	10	10	12	1	8	20	14	21	13	19	4	11	15	13	14	14	11	15	18	18	17	17	7	5	20	23	10	2	11	1	12	15	19	2	14	6	19	10	16	8	13	16	16	10	3	11	10	22	1	4	6	10	4	5	2	3	17	18	13	3	21	15	13	8	7	8	21	18	11	10	2	14	11	7	12	13	20	5	10
042	7	15	16	12	9	8	6	14	22	15	10	15	26	18	9	14	18	13	17	15	9	21	16	13	2	20	23	15	22	14	19	4	13	15	16	17	16	17	15	18	20	18	18	15	17	21	24	12	8	16	10	20	16	19	7	16	10	20	13	16	8	14	17	17	14	12	12	12	26	5	8	20	17	6	19	4	12	19	18	14	14	22	15	16	11	12	20	21	20	13	12	12	15	14	11	21	14	21	6	17
043	1	3	10	3	9	8	8	4	11	14	1	3	9	3	3	3	17	7	2	7	5	10	17	13	3	20	12	15	22	13	8	11	1	20	18	22	14	2	19	6	19	17	14	11	17	18	4	12	1	13	1	21	17	15	1	15	3	21	5	10	8	14	15	14	10	6	11	12	22	5	9	7	14	3	18	7	3	11	8	12	14	23	8	1	4	12	21	2	18	2	8	1	15	4	10	2	12	5	6	18
043	15	16	18	13	14	21	18	11	23	18	4	16	20	11	6	14	19	13	18	7	6	21	18	14	7	21	22	15	22	15	16	15	15	21	19	23	19	10	20	19	21	18	17	14	18	18	5	14	6	19	11	21	17	18	5	17	3	21	5	12	13	15	17	18	14	12	12	12	26	21	10	21	15	19	20	11	9	19	19	13	15	24	11	8	17	18	22	5	21	12	8	12	16	12	12	22	15	20	6	18
044	3	14	16	18	1	1	2	11	24	5	1	3	13	18	3	5	18	2	2	6	1	1	16	3	1	8	15	13	20	12	3	11	1	20	13	22	19	2	19	6	19	17	14	2	16	18	22	19	1	11	10	20	18	16	2	15	3	14	13	17	10	5	14	14	11	4	10	17	14	5	4	6	17	4	21	7	1	19	7	13	1	22	15	16	9	18	19	3	18	12	8	1	13	10	13	20	16	21	2	19
044	4	15	19	19	22	7	2	13	25	15	10	17	26	19	4	8	19	6	14	7	8	9	19	13	6	22	20	14	23	16	8	16	7	22	18	24	20	2	21	20	19	19	17	15	18	22	22	19	6	11	15	22	19	20	2	16	14	21	14	18	18	13	18	19	14	9	11	18	24	16	4	6	17	18	21	7	1	19	18	14	14	25	15	16	11	19	20	21	18	13	9	4	14	13	13	23	17	22	5	20
045	16	12	18	12	9	3	8	15	6	5	5	11	19	19	1	15	19	3	2	2	1	2	11	9	2	8	24	6	24	2	4	14	2	11	17	23	18	10	16	7	19	17	14	6	17	18	4	10	1	11	10	14	18	16	5	15	11	14	3	5	11	16	14	18	9	10	11	9	17	1	8	5	12	3	19	5	3	19	8	12	9	26	7	10	5	2	4	7	13	4	8	3	15	11	14	20	16	20	6	19
045	17	17	19	16	17	7	17	16	10	16	12	17	21	20	7	15	20	4	19	14	4	6	19	15	3	10	24	9	25	14	16	17	11	15	20	25	21	16	22	21	22	18	15	14	19	23	5	12	6	13	15	21	20	21	18	18	13	20	13	18	15	17	18	20	15	15	13	10	24	14	9	21	15	3	22	11	10	19	17	17	11	27	8	17	8	18	23	12	19	15	12	4	15	15	15	21	16	23	12	21
046	4	13	16	17	18	3	2	13	2	15	4	3	15	1	3	5	17	13	14	2	4	2	10	9	2	2	23	6	23	13	16	15	4	10	18	19	14	10	20	19	9	16	12	12	1	20	11	12	6	15	5	13	15	15	5	15	6	20	5	5	15	18	15	16	16	12	9	10	14	1	8	5	12	3	19	5	10	10	8	12	5	23	6	8	1	12	8	2	19	12	8	1	14	12	11	12	12	20	3	17
046	5	18	17	20	21	22	2	17	26	17	10	3	26	11	3	14	18	13	17	10	9	9	19	12	3	8	24	14	25	14	16	16	16	21	19	26	22	10	23	22	17	20	17	15	2	20	25	13	6	20	11	19	20	17	8	17	7	21	10	10	15	19	16	21	17	12	9	19	16	4	18	7	15	20	22	8	12	19	19	15	7	24	13	13	4	18	23	3	19	13	12	13	15	13	13	23	16	22	5	19
047	4	18	16	17	1	1	5	9	13	15	4	11	18	11	3	3	16	3	2	2	3	2	18	9	1	8	20	6	20	14	6	11	13	11	13	14	17	11	15	18	17	18	9	11	1	18	5	12	1	13	9	19	17	13	5	16	3	18	5	10	8	14	14	17	10	2	9	10	22	5	2	6	12	4	18	2	8	17	7	14	1	24	5	4	9	12	23	2	18	4	10	12	14	12	7	12	14	6	3	10
047	5	19	16	20	21	3	5	17	24	17	5	11	19	11	7	15	19	13	18	7	4	2	19	16	6	20	24	6	25	17	19	14	15	15	17	23	23	16	16	20	19	20	14	15	17	24	26	13	1	15	11	19	17	14	17	19	8	21	12	18	13	15	17	18	14	9	10	12	27	21	11	22	17	21	23	5	12	17	18	18	9	28	8	18	18	18	24	12	20	6	10	12	14	14	7	21	14	6	5	10
048	3	14	16	20	1	6	5	9	24	5	3	3	13	18	3	6	18	3	9	6	8	1	16	3	6	8	15	11	20	12	2	11	5	20	13	14	14	3	15	22	18	9	13	11	16	18	11	14	3	15	1	20	10	16	2	20	10	19	3	5	14	18	15	17	15	3	9	10	14	4	8	6	15	2	5	11	1	20	7	15	9	23	5	8	4	2	22	5	20	4	8	1	13	9	10	12	12	20	3	17
048	18	20	17	20	22	7	8	12	25	15	10	17	26	18	6	8	21	6	14	7	8	21	19	11	13	23	15	14	23	18	9	18	11	23	16	25	24	17	24	23	19	17	19	14	16	24	23	19	4	16	4	22	21	17	18	21	11	20	12	7	14	20	19	22	16	11	11	19	28	5	9	23	16	18	18	14	3	20	17	17	9	27	5	16	11	7	25	12	20	13	12	2	14	12	15	23	16	21	4	20
049	4	17	17	13	1	4	1	12	4	14	2	1	19	19	6	6	18	3	5	7	8	2	19	3	1	21	15	12	23	13	4	14	2	10	18	19	18	8	23	22	13	16	9	11	16	20	9	10	6	10	2	21	20	14	2	14	3	21	9	10	14	20	16	17	3	9	9	12	16	5	8	6	14	12	5	8	4	12	7	15	1	24	8	4	17	12	20	5	18	2	9	3	14	10	13	20	17	22	2	19
049	19	21	19	21	19	6	5	16	26	17	5	15	26	20	12	9	20	4	14	13	8	3	20	13	7	24	20	12	23	14	16	18	6	12	18	24	19	10	23	24	20	17	17	14	18	20	23	10	6	19	12	21	21	17	18	16	10	22	12	16	14	21	19	22	17	12	14	18	26	22	16	9	16	18	22	9	12	19	19	15	3	24	8	18	19	16	24	11	21	6	12	4	15	13	15	20	18	23	5	19
050	3	14	16	20	1	7	2	11	24	5	10	3	23	2	2	14	15	2	14	7	6	21	19	11	2	8	15	11	20	12	4	11	6	15	13	14	14	8	15	3	18	16	14	6	5	19	22	10	1	13	11	19	16	14	1	4	1	19	5	12	11	5	14	17	11	4	9	12	22	16	4	3	12	2	5	3	1	19	8	12	7	23	5	4	4	2	22	2	20	12	9	3	14	10	13	20	17	22	2	19
050	4	15	16	22	22	8	5	13	25	15	12	18	26	2	23	16	21	13	17	14	8	21	20	17	6	21	22	15	22	14	18	18	9	20	18	24	22	17	23	18	20	18	18	14	16	20	23	14	7	13	12	21	17	16	17	17	3	23	12	16	13	15	15	18	16	6	10	17	24	20	8	5	17	3	19	5	10	19	8	13	9	23	6	16	5	7	23	12	22	13	9	3	14	10	13	20	17	22	2	20
051	1	3	16	3	3	7	5	10	9	9	2	11	14	1	5	6	16	6	1	6	2	21	16	11	3	4	15	3	22	12	3	15	5	15	13	26	20	2	16	19	17	20	9	6	1	23	23	10	1	11	10	21	20	15	2	15	1	14	13	16	11	6	15	15	9	15	12	16	21	16	4	1	16	4	5	7	1	17	7	13	3	19	5	4	4	12	19	2	19	11	8	3	14	10	13	20	17	22	2	19
051	2	14	18	12	9	8	6	11	10	19	2	16	27	18	6	15	21	7	17	7	4	22	21	16	13	20	21	11	26	19	4	16	16	22	17	27	21	4	25	20	22	21	18	15	1	24	26	13	6	15	15	21	22	22	5	20	4	19	15	18	18	6	15	18	9	15	12	16	24	16	8	6	17	18	21	14	1	20	7	14	16	27	14	8	8	12	23	7	23	12	9	13	15	12	16	23	17	23	3	20
052	3	15	16	16	1	1	5	12	6	15	4	3	9	11	3	3	17	11	2	2	3	2	10	9	3	4	20	14	20	13	4	14	2	11	18	19	18	5	23	3	19	16	17	14	1	25	5	14	1	13	5	21	15	17	2	16	5	14	10	5	7	5	14	14	11	6	9	12	22	8	4	1	11	3	18	2	1	17	18	14	3	27	5	4	4	12	19	2	18	12	10	4	14	14	4	21	14	20	3	10
052	5	22	17	22	16	8	17	12	24	20	5	19	13	18	5	8	19	13	18	7	9	9	18	16	6	22	23	15	22	19	6	18	4	11	20	25	19	8	26	19	19	17	17	16	17	25	22	14	6	16	10	23	16	22	8	20	11	19	13	7	8	22	14	16	12	11	13	16	24	16	8	1	17	21	19	14	10	19	18	14	16	29	15	8	8	12	23	7	19	12	12	12	15	14	14	21	16	22	6	20
053	3	14	16	20	1	7	5	9	24	15	4	15	19	2	5	14	17	3	10	2	1	2	18	9	1	20	21	6	20	14	8	11	1	15	13	14	10	2	15	6	17	16	9	14	1	18	26	10	1	15	10	21	19	15	2	15	4	24	14	10	7	5	14	15	11	3	9	10	22	5	8	20	13	3	18	11	3	7	17	12	1	24	7	13	11	12	8	3	18	2	12	14	16	4	12	2	15	5	6	20
053	4	20	16	20	22	8	7	12	27	15	9	17	26	18	9	15	21	13	13	15	6	23	19	16	6	21	22	14	27	19	19	11	13	20	18	22	19	11	19	18	17	20	18	15	17	20	26	13	5	19	15	23	23	17	5	18	16	24	15	17	7	18	16	16	16	6	11	16	24	14	9	24	14	4	19	15	5	20	17	12	5	30	8	16	17	16	24	11	19	16	12	14	16	4	17	2	15	5	6	20
054	1	14	16	3	1	1	7	12	10	6	5	1	18	5	5	6	16	8	13	14	1	22	11	9	1	1	22	9	24	2	6	4	2	11	13	12	9	10	23	22	13	15	9	14	18	18	4	13	1	11	11	21	17	14	1	17	3	14	5	12	8	13	15	16	16	3	11	10	16	1	4	1	14	2	19	2	1	19	17	14	5	24	2	11	8	10	1	6	12	11	8	4	15	2	12	4	16	6	5	19
054	6	17	19	19	1	23	17	13	25	21	5	15	24	18	9	8	22	13	17	14	1	23	19	9	2	21	24	14	27	14	7	18	13	19	18	19	19	13	27	25	21	17	17	15	18	20	9	13	6	19	11	21	17	15	5	18	9	23	16	19	15	19	16	16	17	3	11	19	22	4	19	23	17	3	22	6	3	19	18	14	8	26	7	13	11	12	1	20	20	15	12	12	16	13	13	23	19	23	6	20
055	15	20	17	13	4	7	1	16	4	5	2	1	14	18	6	8	15	2	1	6	1	7	11	9	2	1	22	9	22	2	13	11	13	15	13	14	17	5	12	18	19	16	13	14	16	18	4	9	1	11	12	19	16	16	17	4	1	19	12	16	7	5	14	14	11	4	9	20	21	14	4	6	10	4	21	5	1	17	18	13	7	24	1	9	20	7	20	2	13	12	9	3	14	10	7	21	12	20	2	10
055	20	21	18	20	21	21	8	16	25	22	2	16	26	19	12	15	21	7	14	7	1	22	16	11	3	8	24	11	24	12	19	16	15	15	20	21	23	11	15	21	21	17	17	14	18	19	22	14	6	15	12	21	21	17	18	14	10	19	12	16	7	5	15	15	11	4	10	20	21	14	11	20	17	21	22	7	3	21	20	14	9	26	4	16	20	7	22	12	20	12	10	12	14	14	13	21	14	21	3	20
056	1	14	16	12	1	7	8	12	10	5	4	11	9	11	3	3	16	13	13	7	4	1	11	3	1	8	23	14	20	15	3	4	6	21	13	17	16	2	22	22	13	16	9	14	16	19	20	10	1	13	1	20	16	15	1	14	3	19	12	5	7	13	14	15	12	3	11	10	22	1	2	1	12	3	19	5	1	20	18	14	3	30	4	13	17	16	20	2	13	2	10	4	14	10	7	21	14	6	3	10
056	17	17	19	15	9	8	19	15	28	15	9	15	26	18	9	14	17	13	18	15	4	2	19	12	3	21	24	15	21	15	7	19	13	24	21	28	25	13	27	25	18	16	14	14	18	20	22	14	1	19	15	20	20	17	2	15	10	20	15	20	8	22	16	16	14	9	13	10	22	11	4	22	17	21	19	7	7	21	18	19	9	30	8	16	20	18	24	12	18	13	12	12	17	14	15	23	17	22	4	20
057	1	17	18	3	1	1	2	12	10	15	3	17	13	2	6	8	21	2	9	6	1	6	16	13	3	8	20	11	21	15	16	16	4	11	18	23	19	10	16	19	19	17	9	14	16	20	4	9	1	13	4	14	12	16	5	15	6	14	3	5	7	5	15	15	11	3	10	12	21	4	8	20	10	3	18	4	5	17	8	12	9	28	4	4	5	7	20	2	13	4	12	13	16	2	8	4	19	5	5	19
057	6	17	19	19	18	23	17	13	26	21	13	18	23	18	23	16	21	3	17	14	5	21	21	18	6	24	21	15	28	20	16	17	15	15	19	24	21	16	18	26	21	18	18	14	20	24	24	10	3	21	15	21	20	21	18	21	11	20	13	18	10	23	20	17	15	4	12	20	27	14	19	20	13	6	19	16	8	18	18	13	15	30	8	16	20	18	24	11	19	12	13	15	18	11	12	24	20	20	6	20
058	2	15	16	6	5	1	5	10	10	15	3	16	13	18	4	8	19	2	9	6	4	2	16	9	6	8	23	6	25	12	6	17	5	19	16	9	23	3	12	22	16	15	11	6	5	23	7	9	1	13	9	19	17	13	5	16	3	18	5	10	11	5	14	14	9	4	10	9	24	14	10	7	14	3	20	7	3	11	17	13	9	23	4	10	17	7	20	2	13	10	12	4	15	12	4	12	13	2	3	20
058	3	21	18	22	22	8	8	12	24	19	9	17	14	19	6	15	21	3	9	7	8	21	19	18	6	8	24	10	25	13	9	18	15	23	17	25	24	5	24	26	19	17	13	15	17	25	25	12	4	21	11	19	17	14	8	21	8	21	12	18	11	16	18	18	11	15	15	17	24	16	19	21	15	19	22	11	9	20	19	17	14	24	5	16	20	16	22	2	21	12	14	12	19	14	14	21	16	22	6	22
059	7	15	10	6	9	7	5	4	4	15	1	3	9	6	3	5	17	7	1	7	1	9	16	13	6	8	20	13	20	12	1	18	7	21	10	16	20	2	20	19	16	16	17	14	17	23	4	10	4	16	4	9	16	17	2	20	5	19	9	5	7	5	15	15	11	6	9	10	16	10	4	22	12	3	5	5	3	19	8	13	5	24	8	10	2	12	8	7	19	2	8	3	14	11	7	21	14	6	3	10
059	15	16	16	13	12	21	6	14	22	18	3	17	20	11	6	6	21	13	17	7	3	21	18	16	6	22	21	15	20	19	4	20	15	23	18	24	26	3	21	21	21	17	18	15	18	23	24	14	5	19	10	21	24	22	2	20	12	19	13	16	8	22	16	16	12	11	16	20	21	16	9	25	15	21	22	15	8	19	17	17	9	30	13	13	19	16	20	11	21	11	10	12	14	14	14	21	16	20	6	21
060	4	15	16	21	22	1	5	13	24	14	4	17	14	2	3	8	19	3	1	6	1	21	16	17	1	8	15	11	20	11	6	18	6	11	17	19	21	8	14	22	9	16	15	12	1	18	4	10	1	19	4	14	12	16	17	4	1	19	3	5	13	15	15	15	15	2	9	10	14	5	4	5	12	2	21	5	1	17	7	12	9	24	4	4	5	7	20	1	13	4	9	1	14	10	13	20	16	21	2	20
060	6	20	19	22	22	8	5	13	25	15	5	17	19	21	6	15	21	7	10	6	6	21	19	18	2	21	22	15	22	14	16	21	16	15	18	26	22	16	23	27	22	18	17	14	21	20	25	12	6	20	12	19	16	16	18	21	11	20	12	16	14	20	19	17	17	11	10	12	28	21	8	6	17	4	21	7	11	19	8	14	15	28	6	16	20	10	23	2	20	13	12	4	15	14	15	23	17	21	2	20
061	21	8	5	13	23	24	8	5	7	10	14	14	19	6	9	2	9	3	3	4	6	2	10	1	16	13	18	16	27	4	6	2	4	8	17	22	16	7	10	22	23	4	11	17	20	26	25	7	2	22	16	1	3	21	12	1	11	25	17	21	17	24	1	23	2	6	17	10	1	23	6	7	7	15	19	10	3	10	12	20	17	23	1	10	5	2	11	17	24	1	11	14	20	4	1	20	15	2	4	11
061	22	14	12	23	24	24	20	6	7	23	14	20	26	22	16	5	13	10	20	6	14	9	20	7	17	15	18	17	29	16	14	3	5	15	19	29	27	20	25	28	24	5	15	18	22	26	26	20	12	22	21	5	25	23	15	7	14	25	18	22	19	25	9	24	2	6	18	12	29	23	15	26	18	17	22	17	8	12	15	21	18	31	2	13	11	10	18	18	25	5	15	16	20	13	15	21	21	6	14	23
062	23	15	11	24	23	3	17	2	7	2	12	8	17	11	2	3	13	5	21	6	8	6	10	6	5	14	16	17	1	10	14	7	2	11	17	13	13	1	11	20	24	22	11	19	23	1	24	1	2	21	16	1	5	24	1	22	4	12	15	21	12	3	1	5	5	4	18	6	4	24	5	4	6	10	19	1	3	8	11	20	19	26	7	13	5	2	11	19	25	3	16	12	21	9	4	20	21	5	2	22
062	23	20	20	24	25	25	21	5	27	12	15	9	18	18	3	10	23	14	22	8	12	21	21	7	16	18	18	18	29	21	16	9	4	12	22	27	27	6	14	21	25	22	14	20	24	27	25	20	10	23	17	7	11	25	13	22	7	17	16	23	15	25	3	25	18	15	19	21	5	25	6	26	15	15	24	3	7	11	13	22	20	31	8	16	20	2	12	22	25	17	17	14	22	12	7	23	22	6	6	22
063	22	8	5	23	24	25	8	6	11	12	14	14	19	6	6	2	9	3	3	6	1	6	13	1	5	14	14	19	4	10	12	9	1	12	22	13	8	1	13	20	26	14	17	21	23	7	25	21	1	22	16	5	6	20	15	1	13	25	16	21	9	2	3	6	6	11	20	14	5	7	1	7	6	14	18	1	7	4	11	2	17	26	7	10	5	10	2	17	24	1	14	10	16	7	1	12	15	2	9	16
063	22	23	12	25	26	26	8	6	12	23	14	14	19	6	6	2	9	3	3	6	9	9	21	10	16	14	25	20	27	21	14	9	5	15	22	27	27	7	14	20	26	14	17	21	23	7	25	21	4	22	23	7	25	21	19	22	17	26	18	22	10	7	3	13	18	15	21	22	5	26	10	27	18	19	22	18	11	8	13	4	20	26	7	13	8	10	11	17	26	8	15	12	21	13	7	21	21	6	15	23
064	14	16	5	16	27	3	8	2	8	10	12	5	14	6	2	2	11	11	23	1	1	6	20	5	7	14	14	18	5	5	15	1	6	12	17	12	15	2	17	5	23	4	14	17	25	1	5	5	9	24	16	1	3	20	15	1	11	26	17	9	10	2	1	26	5	4	22	11	4	25	15	4	18	12	19	8	8	8	11	2	11	27	5	11	20	1	16	17	27	1	10	10	13	6	5	15	19	22	2	10
064	14	18	15	26	28	26	8	18	22	23	15	7	14	6	3	2	11	11	23	1	5	10	21	10	9	17	20	21	7	21	16	5	6	21	22	17	27	5	25	19	23	6	17	22	25	28	24	10	12	25	17	5	12	24	15	7	14	27	19	21	13	25	3	26	18	15	22	14	4	26	16	28	19	14	22	19	11	8	11	20	17	28	11	16	20	2	18	19	28	1	18	16	13	11	6	16	23	22	5	16
065	14	14	5	13	23	24	2	5	7	7	14	8	18	6	2	2	9	1	3	6	5	6	14	1	9	14	20	16	26	5	14	2	4	20	18	14	9	3	25	6	24	4	11	18	22	26	22	7	11	20	20	3	3	20	14	1	11	25	15	9	12	1	1	25	18	4	19	18	4	25	1	4	20	20	22	18	8	4	13	4	17	16	1	10	5	2	12	17	24	1	14	10	13	4	4	15	21	6	7	14
065	22	23	20	25	29	24	22	19	8	10	15	14	19	18	5	10	13	14	22	8	10	21	20	10	12	17	25	21	29	10	15	3	8	20	18	22	27	16	25	26	26	14	11	18	25	29	26	7	13	22	24	7	25	20	19	22	17	27	19	22	12	7	3	25	18	15	22	21	4	26	1	4	20	20	22	18	8	4	13	4	21	23	2	13	11	7	18	18	25	8	19	10	21	16	8	22	22	21	10	14
066	5	3	12	13	23	13	20	5	7	10	9	5	7	2	2	4	24	10	8	8	1	6	14	6	9	14	14	21	1	10	14	2	1	12	22	27	27	1	14	20	25	4	12	21	23	7	11	13	6	22	16	3	3	20	14	1	11	25	16	9	14	6	3	27	12	4	23	19	5	27	10	9	8	9	21	17	7	12	13	1	17	27	1	10	8	10	11	15	25	1	20	14	21	9	7	23	22	6	6	14
066	21	14	20	24	30	24	22	8	7	10	16	16	24	21	5	16	25	15	24	11	10	21	16	7	14	14	25	22	24	10	14	2	1	12	22	27	27	1	14	20	26	14	17	23	23	30	25	21	9	26	17	6	6	20	14	1	11	28	18	9	17	16	9	27	18	4	24	23	29	28	10	26	20	22	24	20	8	13	15	21	17	31	7	13	20	10	16	17	28	7	21	14	21	11	7	23	24	6	12	16
067	14	8	12	23	23	25	8	1	4	2	1	2	9	2	2	1	13	9	10	4	1	6	17	5	5	13	14	18	4	21	12	1	2	10	17	12	13	3	13	27	25	5	9	20	20	7	24	5	10	22	21	2	2	13	1	1	4	25	14	14	2	1	3	28	5	15	19	6	1	24	6	4	15	10	18	2	3	8	11	20	20	31	7	10	5	2	11	17	24	1	14	7	13	7	7	12	15	5	10	10
067	22	15	12	24	24	25	8	6	12	12	13	8	18	19	5	10	24	16	25	8	4	6	21	6	7	14	14	18	7	21	14	3	3	12	18	22	16	7	25	28	27	11	12	22	22	28	26	13	11	23	21	6	3	26	10	22	11	29	19	15	9	18	11	28	11	16	23	10	29	29	18	4	18	12	19	19	8	11	13	20	20	31	7	13	5	10	16	17	24	1	14	16	14	16	15	22	22	5	10	10
068	22	8	5	13	23	24	5	2	4	10	12	7	17	11	2	3	13	2	3	5	1	2	10	6	7	14	11	17	5	4	12	1	5	9	18	13	8	4	13	20	25	5	12	18	20	28	24	13	11	22	17	4	9	20	11	5	4	17	15	24	10	2	1	5	5	4	21	12	1	25	6	4	13	9	19	3	3	11	11	4	20	23	4	13	4	2	11	5	25	1	10	10	13	8	1	16	20	21	2	14
068	22	14	20	16	28	25	20	5	7	24	16	9	24	20	16	17	24	5	21	6	14	23	21	7	16	15	18	18	24	21	12	2	6	15	22	17	16	7	13	27	25	11	13	24	23	31	26	22	11	27	20	8	18	23	16	22	8	30	18	25	10	25	3	26	18	15	25	21	5	26	16	27	15	10	21	21	11	13	13	20	21	31	7	16	5	7	16	17	29	5	18	16	13	11	5	16	23	22	12	16
069	5	3	5	11	28	9	17	5	7	10	12	7	14	6	3	2	11	9	3	1	1	6	16	5	5	14	11	18	1	10	11	9	1	8	19	27	5	1	10	20	23	5	15	17	20	7	11	21	2	22	16	4	2	18	1	22	4	12	7	14	2	7	2	13	3	4	20	19	5	7	6	4	7	9	5	1	3	10	12	2	13	16	6	4	11	1	7	19	25	5	15	10	13	8	5	16	23	5	2	14
069	23	14	9	16	31	25	17	5	7	10	12	7	14	6	3	2	11	11	23	1	1	6	21	10	9	17	14	20	1	21	14	9	4	15	22	28	27	7	14	24	26	14	17	21	23	30	25	22	7	22	21	10	25	25	2	22	4	30	16	26	17	16	9	27	12	13	23	22	29	27	15	26	18	14	19	17	8	11	15	21	20	26	8	16	20	9	13	19	28	17	18	14	20	15	6	20	25	22	15	22
070	5	15	9	24	23	25	22	5	7	2	12	7	13	3	3	2	11	7	23	1	7	7	10	3	6	12	17	17	19	16	13	5	2	19	19	13	5	2	10	2	28	5	9	18	22	1	5	5	10	23	21	1	18	23	13	7	3	25	15	21	6	1	3	26	12	4	20	18	4	26	1	4	7	19	18	17	7	4	13	21	22	16	4	1	5	18	6	18	25	1	8	14	16	5	8	12	15	2	4	14
070	23	16	11	26	27	26	22	18	29	10	14	7	14	6	5	17	12	9	23	7	9	10	21	4	11	14	25	23	24	21	14	9	6	21	21	17	15	5	17	22	29	11	9	22	25	32	24	12	12	28	21	8	25	23	15	22	14	30	17	21	10	3	8	26	12	15	23	23	4	30	1	7	20	20	22	17	8	8	13	21	23	27	16	13	5	19	12	19	28	6	14	16	20	17	15	22	15	5	9	24
071	22	14	9	11	30	25	17	5	7	10	13	8	15	19	5	3	13	10	8	4	9	9	12	5	12	13	18	17	27	21	11	2	4	8	19	22	5	1	10	20	29	5	9	22	22	7	24	5	10	23	16	6	3	15	14	7	11	27	16	22	12	3	1	24	2	4	17	10	4	23	1	4	7	13	19	1	7	4	12	2	8	23	2	10	8	2	11	17	26	1	15	12	21	12	1	7	21	4	5	14
071	23	14	9	13	31	25	17	5	12	24	14	20	26	22	16	10	13	14	20	16	10	21	13	6	16	14	25	19	30	21	16	3	5	12	22	29	5	7	11	22	29	5	13	22	22	7	24	5	12	23	23	7	10	20	16	23	16	31	19	25	19	25	9	25	18	6	19	23	4	27	16	28	18	19	22	17	8	8	13	4	20	31	5	13	20	10	16	17	28	8	15	12	22	15	7	21	21	20	15	25
072	5	8	5	11	28	4	17	1	7	10	12	7	9	2	3	1	13	5	8	2	1	4	14	3	9	14	14	19	4	10	13	3	4	15	17	12	16	2	10	2	23	5	9	17	23	26	11	5	9	22	16	3	3	20	12	1	11	25	18	9	17	18	1	24	5	2	18	10	4	23	1	7	18	14	19	1	8	4	13	2	17	23	3	10	5	2	16	15	24	3	14	10	13	7	2	21	22	5	10	8
072	23	15	9	25	31	25	20	5	7	24	12	11	17	11	9	13	23	17	20	3	9	6	18	10	16	17	25	20	24	21	14	9	6	19	20	22	27	7	25	28	29	6	15	22	24	26	22	20	13	23	17	5	6	21	14	1	11	28	19	21	19	25	11	28	9	15	23	11	29	30	6	26	18	19	22	17	8	10	15	21	19	26	4	10	8	10	16	17	28	7	15	12	21	14	7	22	25	22	15	22
073	7	8	15	12	24	24	2	6	9	11	12	11	18	2	6	10	23	16	8	3	7	6	14	1	11	12	17	16	19	10	11	3	1	8	18	22	5	3	10	24	26	5	9	21	22	1	24	5	1	22	16	2	3	21	10	5	6	25	18	21	12	24	1	24	2	6	22	11	1	23	15	4	9	12	21	17	8	12	13	1	19	23	1	10	5	7	16	18	25	3	14	14	13	4	4	15	21	5	10	14
073	24	21	20	23	28	25	8	20	11	12	15	17	26	5	6	10	24	18	22	16	10	21	20	4	14	14	25	24	27	16	14	9	4	20	19	28	9	7	25	26	29	14	17	22	23	7	25	21	12	28	25	5	5	21	12	24	11	25	18	25	19	25	9	28	2	15	23	18	29	30	16	27	9	17	24	17	10	13	16	21	21	26	4	10	11	7	18	18	25	5	16	16	13	4	4	15	21	5	10	14
074	5	3	12	11	29	3	8	2	7	10	9	2	9	18	2	1	13	9	8	4	8	6	6	1	5	14	16	16	1	10	16	7	2	11	17	12	13	5	11	5	24	4	11	18	22	26	26	7	13	22	20	4	3	20	14	5	4	12	18	25	10	6	1	27	2	4	24	12	1	25	1	4	9	9	21	17	7	8	12	1	20	16	7	10	5	9	11	17	24	1	14	10	13	7	5	16	15	5	10	8
074	14	18	14	16	30	27	22	6	27	25	16	16	26	21	6	9	24	18	25	16	9	21	21	6	16	16	25	18	27	21	16	9	6	12	17	13	27	6	25	21	24	4	11	18	22	26	26	7	13	22	26	6	9	20	16	5	11	27	19	25	14	25	3	27	18	15	25	23	5	28	10	26	18	19	22	21	7	13	15	2	20	31	13	13	8	10	11	18	26	1	18	10	14	8	7	22	22	21	12	14
075	14	8	9	6	25	9	2	1	7	24	12	7	14	11	2	1	11	5	21	5	1	6	14	5	9	14	14	18	1	10	11	2	1	8	22	12	27	1	12	20	24	6	12	21	23	7	11	12	6	22	16	5	3	15	12	7	14	27	17	21	12	1	2	4	9	4	24	12	1	25	10	4	7	9	5	17	3	12	12	21	21	23	4	14	4	7	2	5	15	5	14	7	14	6	6	12	22	5	1	10
075	22	15	12	11	30	25	17	20	9	24	13	9	27	22	3	2	13	11	23	6	10	21	16	7	14	14	25	22	29	21	16	2	2	15	23	24	27	3	13	27	26	14	13	23	25	26	22	21	14	29	26	7	11	24	15	23	14	32	18	22	14	25	3	5	18	6	25	21	7	25	15	7	20	19	25	17	3	12	13	21	24	31	5	16	21	8	16	5	24	17	19	11	23	16	14	16	26	20	10	17
076	5	3	12	11	29	24	2	6	7	8	12	9	9	11	2	3	10	5	8	3	1	6	16	4	5	12	14	18	4	10	11	2	2	8	22	12	15	3	12	20	23	1	12	18	20	8	26	12	11	22	17	2	3	15	1	1	13	27	16	9	3	4	2	13	4	13	20	22	5	7	1	4	18	17	22	8	7	4	12	4	12	23	5	10	8	2	11	15	24	1	19	12	20	9	7	21	22	5	6	16
076	14	23	20	25	30	27	8	19	8	10	15	17	17	21	3	10	24	14	20	6	7	23	21	10	11	14	17	24	19	16	16	9	4	11	23	27	27	21	13	27	25	11	13	22	24	28	26	13	13	25	21	24	6	20	14	24	13	33	20	15	9	7	3	13	6	13	26	22	5	31	1	4	18	19	22	17	8	6	13	22	20	31	7	13	20	10	16	17	28	1	20	16	21	11	7	23	25	20	15	25
077	16	16	5	26	2	21	5	6	11	2	15	8	18	18	3	10	13	14	10	3	1	6	21	6	5	14	14	18	4	10	11	2	2	8	17	12	15	2	13	5	23	4	11	18	24	1	24	2	9	20	16	5	3	18	10	7	11	17	6	25	1	1	1	26	5	4	19	6	1	24	15	4	9	12	22	17	8	8	11	20	17	23	2	10	5	2	11	17	24	1	15	12	20	13	1	20	21	2	14	23
077	22	21	5	27	27	28	8	21	12	24	15	11	18	18	3	10	24	14	10	8	1	10	21	10	5	14	14	20	5	10	16	9	6	12	23	12	27	3	25	26	26	22	13	22	24	29	24	23	9	25	17	6	5	20	14	22	13	27	19	25	10	25	3	28	9	16	19	11	29	27	18	4	18	20	24	19	8	12	12	21	19	31	4	13	5	10	16	17	28	7	15	14	20	15	2	21	25	6	15	23
078	22	8	5	24	25	26	8	2	11	23	12	5	14	6	2	2	11	5	21	1	10	7	12	6	12	17	18	16	31	21	14	5	6	21	19	14	13	5	17	22	23	5	13	17	20	30	11	20	2	22	16	2	5	21	12	22	11	25	16	23	2	1	2	5	5	16	19	6	29	24	1	7	9	10	19	17	7	4	11	21	17	23	3	11	5	7	3	15	25	3	18	7	13	3	5	15	15	4	1	10
078	23	23	20	25	26	28	8	4	12	24	12	9	17	20	3	3	13	11	23	1	10	7	12	6	12	17	18	16	31	21	14	22	6	21	22	17	15	5	25	22	23	22	15	25	20	31	24	20	9	27	20	5	5	21	12	22	11	26	19	25	5	18	11	28	11	16	23	10	29	29	16	9	18	19	22	17	11	13	13	21	19	26	4	13	21	18	16	15	28	7	19	10	14	6	8	16	23	22	5	22
079	5	15	5	26	2	4	8	5	7	2	16	7	13	3	5	2	9	3	3	2	10	7	12	1	12	14	18	17	29	10	11	9	1	8	19	19	5	1	10	20	24	4	11	18	22	26	26	6	11	19	17	1	5	21	15	1	11	27	16	9	2	3	1	13	3	6	19	22	4	7	10	4	9	12	24	17	8	12	12	21	17	31	2	16	8	2	11	19	25	1	18	10	14	3	4	15	21	5	9	14
079	16	16	5	27	28	21	17	21	12	24	16	14	19	6	9	18	9	3	23	6	10	21	13	6	14	17	25	19	29	21	15	9	4	12	22	28	27	7	16	22	24	13	11	20	26	27	26	7	13	22	27	6	10	21	16	22	16	32	19	22	12	7	2	25	18	13	26	23	5	27	10	9	20	22	24	18	8	12	15	21	17	31	2	16	8	10	11	19	28	1	18	16	18	4	7	22	21	20	10	14
080	21	8	9	11	29	4	2	5	7	10	12	7	14	6	3	2	9	3	3	1	1	10	15	1	5	14	14	17	4	10	11	2	4	8	19	13	5	7	10	20	23	4	13	22	20	1	24	22	9	25	17	1	3	21	13	1	7	12	13	9	15	6	3	5	9	2	24	12	5	23	1	4	18	14	19	1	7	4	13	2	12	26	8	10	8	2	11	17	25	1	11	7	14	2	4	20	15	2	1	8
080	23	20	12	16	31	24	17	8	7	12	14	14	19	22	9	2	11	9	23	6	9	21	21	6	16	14	25	24	21	16	12	9	5	15	19	28	8	7	13	24	23	5	17	24	24	32	24	23	9	27	17	3	23	23	14	25	11	25	16	26	19	24	11	23	12	2	25	21	22	28	6	26	18	20	22	17	8	10	15	21	20	31	13	16	20	9	13	22	28	5	16	16	22	3	15	22	15	5	4	14
081	7	13	13	13	1	29	7	22	16	2	6	10	3	1	6	11	18	19	8	5	15	12	9	2	15	3	14	1	1	9	11	23	11	6	19	9	10	5	22	11	11	9	11	26	9	16	10	8	9	12	5	16	5	20	4	23	14	8	5	4	20	19	16	13	19	17	8	1	8	15	20	29	21	11	21	2	16	1	4	7	25	3	17	4	2	14	21	23	2	4	16	5	14	18	15	3	16	21	15	9
081	14	13	14	13	22	30	19	22	21	2	17	21	6	1	12	15	18	20	21	12	16	13	13	7	15	6	21	5	6	22	16	24	11	8	24	16	16	9	26	13	12	23	20	27	11	28	27	24	13	14	18	18	23	26	17	24	17	34	12	16	21	26	21	29	20	18	9	9	12	32	21	29	22	23	22	3	17	2	14	15	26	32	18	4	9	19	26	24	30	10	19	17	24	19	15	4	19	22	16	13
082	7	2	11	9	18	30	5	22	14	4	10	8	8	1	4	10	3	20	22	2	16	11	12	7	5	9	20	7	3	8	6	24	8	8	22	11	14	8	26	13	9	23	12	28	9	16	28	21	6	3	9	18	3	22	4	5	16	9	10	17	20	15	22	9	21	18	2	1	8	15	17	1	17	15	4	2	13	5	1	5	27	5	18	16	2	14	21	24	2	2	15	17	16	7	4	4	15	11	6	26
082	14	24	14	24	18	30	7	22	16	24	17	10	28	5	8	11	18	21	26	5	17	19	14	9	6	18	21	15	4	9	12	25	15	10	23	11	14	16	28	29	10	24	12	28	9	16	29	24	6	17	13	23	25	24	17	25	17	14	12	19	22	21	22	11	22	18	10	9	12	33	17	29	21	24	21	8	17	8	14	18	28	5	19	18	9	15	22	25	31	4	16	17	25	19	4	25	18	20	17	26
083	6	6	5	14	13	30	19	17	14	7	10	1	1	5	5	6	3	22	20	6	18	13	22	2	9	6	12	3	5	9	1	23	11	8	18	9	7	16	23	12	9	21	11	29	9	16	10	6	2	3	8	12	12	14	1	7	11	8	5	3	20	19	21	11	19	19	8	1	8	15	20	1	17	11	2	1	13	7	3	18	29	5	17	4	2	15	21	24	2	10	10	8	25	19	1	4	16	11	6	26
083	7	24	14	23	18	31	19	22	16	10	18	9	28	10	17	14	5	22	26	11	18	14	22	7	15	6	21	3	5	9	20	26	17	15	25	16	27	19	23	30	12	23	20	30	11	32	10	24	9	12	13	18	25	23	10	26	13	13	12	5	22	26	21	29	20	19	8	7	10	15	22	6	21	24	21	19	18	8	21	18	30	33	18	9	3	16	27	26	32	13	16	17	26	20	4	4	18	22	15	27
084	3	7	11	14	4	31	6	23	16	11	10	1	1	5	5	14	3	21	21	5	16	11	12	7	5	9	15	7	3	8	1	23	15	10	23	11	7	16	18	12	11	9	11	26	8	28	28	4	1	14	14	12	11	24	4	2	6	8	10	3	22	15	21	8	19	18	10	8	12	15	17	1	11	11	6	2	17	2	2	5	25	5	17	13	1	13	24	23	32	5	18	5	25	19	1	2	15	10	2	26
084	6	25	12	17	18	31	18	23	17	12	18	7	28	23	17	14	5	22	26	11	17	19	14	9	6	18	21	15	4	8	15	26	18	15	25	16	16	19	23	29	16	23	11	31	9	29	30	8	10	30	22	12	11	26	13	2	9	8	20	16	22	19	22	13	23	18	12	9	12	34	21	29	21	24	21	8	19	5	9	15	25	6	19	16	3	19	26	25	33	12	18	17	27	19	4	21	16	24	15	27
085	6	6	12	13	15	23	6	17	2	2	17	10	8	1	6	9	16	20	6	5	16	11	9	7	8	6	11	1	3	3	16	24	11	8	24	9	10	5	26	11	11	9	10	26	9	16	29	8	9	9	9	18	25	13	1	25	13	9	10	6	20	19	18	29	20	17	8	2	10	15	17	21	21	23	22	3	16	1	3	3	26	5	19	4	2	14	21	24	2	4	18	6	22	19	1	1	20	13	5	13
085	16	7	19	17	18	31	6	24	16	4	17	21	8	23	7	19	18	21	26	6	19	18	14	7	18	18	12	3	7	9	16	24	11	8	24	9	10	5	26	11	12	23	20	30	9	28	30	24	12	30	13	25	25	22	13	26	16	34	13	19	22	22	21	30	24	20	10	7	10	32	17	21	21	23	22	3	16	1	3	3	28	33	20	16	9	14	23	24	2	13	18	17	26	19	1	7	20	14	15	27
086	7	6	13	13	1	6	6	17	13	2	17	10	1	21	8	9	6	19	21	2	20	11	12	6	5	3	11	15	6	7	14	23	18	4	26	11	13	19	28	11	10	23	11	27	8	29	21	8	2	14	4	16	5	13	2	1	13	22	12	3	20	19	21	29	19	19	7	1	8	17	14	20	11	11	18	2	16	1	4	6	30	5	17	4	2	13	27	23	32	4	14	6	16	17	1	2	19	13	5	13
086	16	13	19	13	15	30	7	22	16	4	19	13	8	23	12	11	16	21	26	5	21	18	23	15	6	19	14	15	9	16	16	23	19	4	26	20	14	19	28	11	16	25	11	29	11	33	29	24	6	17	9	25	25	26	5	27	18	34	13	5	22	20	22	30	24	21	8	2	9	32	20	23	22	25	24	14	20	12	4	7	30	6	17	9	3	16	27	26	34	4	18	8	17	19	2	7	20	14	12	13
087	5	2	12	14	22	30	6	22	14	7	18	5	5	10	2	11	2	12	21	1	16	11	10	3	10	3	14	1	4	7	16	23	13	4	19	21	9	13	23	30	11	9	11	16	8	10	21	8	2	14	9	13	5	17	11	2	9	8	20	16	20	19	14	9	19	17	9	2	8	13	20	1	10	16	4	8	13	7	1	18	30	6	17	4	2	16	28	24	33	9	14	8	15	17	3	5	20	11	15	9
087	6	24	14	17	22	31	19	25	21	10	20	9	11	23	12	14	18	22	27	5	22	12	12	7	15	10	16	15	6	22	20	27	20	10	20	21	16	19	28	31	16	25	20	26	11	28	27	8	13	14	22	17	11	26	13	24	17	35	20	20	22	23	21	9	20	22	14	8	9	15	22	22	17	24	21	21	16	20	14	19	31	6	21	9	9	20	29	26	35	12	19	17	21	21	4	8	23	25	16	27
088	7	13	10	12	18	6	5	22	14	2	10	8	1	8	7	8	15	19	22	4	15	13	9	2	4	6	12	3	2	3	11	23	9	8	19	11	13	14	23	8	9	9	12	26	9	28	27	3	13	12	3	13	10	24	15	3	6	35	12	7	20	14	22	11	17	20	8	1	9	32	20	19	10	11	5	8	14	3	1	19	27	6	19	1	1	16	22	26	35	3	15	17	21	17	4	8	15	14	16	12
088	14	25	15	13	22	23	7	23	16	7	21	9	5	10	16	12	18	22	28	6	20	19	22	7	9	6	12	3	5	9	15	25	16	10	22	16	16	19	28	30	11	25	17	31	11	29	27	8	14	14	3	13	12	24	15	3	6	35	12	16	23	19	23	31	19	23	10	11	30	35	21	22	17	25	24	19	16	17	21	19	30	6	22	8	9	17	26	27	36	10	19	18	27	18	7	25	22	20	17	26
089	6	13	10	13	6	30	5	22	16	2	17	9	5	1	9	14	18	21	21	1	16	11	6	5	4	18	20	5	2	8	6	24	8	8	22	11	14	8	9	13	9	8	11	26	6	12	27	3	4	12	3	12	25	20	1	6	11	8	10	7	20	16	16	9	22	18	8	3	9	33	3	19	12	11	5	3	19	3	3	3	29	3	19	1	3	15	22	25	2	4	16	17	17	7	3	2	18	11	3	26
089	7	25	14	24	22	31	18	24	17	12	21	22	11	23	17	20	18	22	26	6	22	15	14	7	5	19	21	7	4	9	12	25	15	9	22	20	14	16	26	32	11	21	11	29	9	30	29	8	12	17	8	12	25	26	1	6	11	19	10	7	24	26	21	11	24	18	10	9	12	36	20	29	22	26	18	8	19	19	21	15	32	34	19	18	6	18	29	28	32	8	18	17	25	19	4	2	20	11	5	26
090	7	13	13	12	15	6	7	23	16	7	20	3	5	5	5	8	2	12	24	5	15	12	13	2	9	6	12	3	1	9	13	23	11	6	25	9	14	16	26	11	9	21	12	16	11	10	21	6	4	9	3	13	10	24	5	3	6	8	6	6	20	13	16	9	19	18	3	8	9	32	3	19	22	25	18	2	19	1	2	3	25	32	20	1	1	15	20	24	2	1	14	8	26	19	2	2	16	14	5	26
090	7	25	15	14	18	22	19	26	21	20	20	7	29	10	13	9	3	22	26	11	18	13	22	7	15	6	12	5	5	9	16	28	19	15	26	20	15	19	28	11	16	23	20	31	11	12	28	8	10	14	14	17	12	27	15	14	11	35	12	16	25	19	22	11	21	19	12	9	9	33	14	19	22	26	18	3	19	3	14	7	25	33	22	1	3	17	24	29	37	6	18	8	26	21	3	2	20	25	12	27
091	5	7	9	10	4	23	5	14	15	2	17	1	8	1	6	8	3	22	26	2	23	13	15	1	8	7	16	5	4	9	11	23	14	8	19	11	14	10	23	8	9	21	9	29	11	29	10	4	4	14	4	15	5	15	1	5	16	2	9	16	20	19	16	8	19	17	7	8	9	32	17	19	10	11	5	18	16	5	2	15	29	6	19	8	6	13	27	23	32	4	14	17	16	7	4	2	18	6	3	26
091	14	19	13	14	22	31	7	22	30	8	22	22	29	2	6	19	15	22	26	11	24	15	22	3	15	18	21	6	7	9	12	25	15	11	19	16	16	14	28	30	16	26	11	29	11	32	28	6	6	30	14	17	23	22	11	23	17	8	12	20	22	22	23	9	21	20	12	9	10	33	20	22	16	26	25	19	21	21	19	15	30	34	22	11	6	18	29	28	32	9	15	18	25	19	6	8	22	11	18	27
092	7	13	10	13	1	30	7	22	16	2	18	5	1	23	17	8	3	21	21	6	15	12	13	5	7	6	11	5	1	9	11	23	13	6	17	21	9	9	18	8	10	23	12	26	9	10	29	4	4	3	9	12	5	17	4	3	6	8	6	7	21	19	14	9	19	19	8	2	8	13	20	20	11	11	21	2	17	1	1	5	27	3	17	1	3	15	22	29	37	2	14	8	24	19	2	2	18	14	12	27
092	17	19	13	13	1	30	19	23	16	2	18	7	1	23	17	14	3	21	21	6	22	13	23	7	15	7	21	6	12	16	21	27	15	8	18	21	16	13	22	13	17	25	20	28	11	16	29	21	6	12	22	17	25	24	11	24	17	35	10	20	22	23	21	13	20	22	14	9	9	15	20	23	22	11	24	14	20	12	4	6	27	5	19	11	4	17	30	29	38	3	14	8	25	19	7	2	19	24	12	28
093	3	13	12	11	1	30	6	22	16	2	18	7	1	10	12	12	3	12	21	5	16	11	9	2	5	18	11	7	2	3	16	27	13	8	25	10	17	2	23	9	10	9	11	26	3	10	30	3	12	10	4	12	5	22	1	3	6	8	10	4	20	19	18	9	20	17	8	7	10	15	17	23	21	11	19	2	16	1	1	3	30	5	17	8	1	16	27	23	32	9	16	17	17	19	3	4	18	11	12	26
093	7	24	13	13	8	31	7	22	17	25	20	7	5	10	16	14	8	22	27	5	19	13	14	7	15	18	21	7	4	8	16	29	13	10	25	21	17	10	26	13	11	23	13	32	9	28	31	8	13	12	22	17	25	24	4	28	11	36	12	7	22	22	22	9	20	17	10	9	13	32	20	29	22	23	22	3	17	4	3	5	30	6	17	9	2	16	29	26	32	10	18	17	19	19	7	4	20	23	12	27
094	14	19	13	9	22	30	7	22	14	2	18	5	1	10	10	11	2	12	21	5	17	15	12	2	2	9	11	6	6	7	12	25	15	9	18	9	9	8	9	29	10	23	12	26	6	32	10	6	4	30	4	16	3	22	13	23	16	2	5	2	20	13	16	9	19	18	12	9	8	15	14	23	22	25	18	2	16	1	1	5	25	6	19	16	3	14	22	28	33	7	18	6	16	19	1	7	20	13	5	13
094	14	25	14	14	22	31	7	22	15	7	20	14	5	23	12	14	3	20	27	7	21	17	12	7	2	9	11	15	6	7	21	25	15	10	22	11	13	13	23	30	15	24	12	31	9	33	18	21	6	30	5	17	5	26	17	23	17	34	12	20	25	15	21	13	21	18	12	9	9	33	23	23	23	26	19	3	18	4	4	18	31	6	21	19	3	20	29	28	33	12	21	8	27	19	6	8	25	20	18	26
095	6	7	15	14	6	31	2	22	13	2	2	3	8	1	6	9	5	21	9	5	16	12	12	3	6	3	14	1	6	8	1	23	11	9	18	9	16	9	23	17	9	21	11	15	9	12	10	6	2	3	8	15	11	21	1	6	9	8	12	7	20	19	21	11	19	20	8	1	9	32	17	23	10	16	5	7	19	2	3	7	31	5	17	1	1	16	22	23	32	7	15	17	16	17	4	2	19	20	12	9
095	16	24	18	24	15	31	6	25	17	23	17	21	11	1	12	15	18	22	28	6	25	14	14	15	15	3	14	15	6	22	21	30	11	19	27	16	28	10	26	30	17	21	17	32	11	32	28	24	6	30	22	17	23	26	13	7	17	8	20	16	20	19	22	30	21	20	8	8	12	32	20	23	11	26	22	18	21	17	19	15	32	6	19	8	3	17	29	27	36	9	19	18	17	17	7	25	25	21	17	27
096	6	2	11	17	18	31	5	22	16	11	17	10	3	1	7	9	3	21	21	5	19	11	9	7	4	6	11	7	2	3	16	23	11	9	18	9	9	5	23	11	9	21	11	26	3	10	29	3	4	9	3	12	25	24	1	2	11	8	10	3	21	22	15	13	21	24	8	1	8	12	14	19	21	25	18	2	19	1	2	7	26	3	17	11	4	17	20	24	33	3	16	5	17	19	2	1	19	14	12	27
096	7	7	12	24	18	31	6	24	16	24	20	21	28	5	16	15	18	22	26	6	21	11	12	9	6	19	14	14	6	7	21	24	15	9	24	16	17	13	26	29	15	23	13	29	11	12	31	8	13	17	14	17	25	26	11	4	13	8	20	7	22	22	15	13	21	24	8	1	8	32	14	23	21	25	18	2	19	1	2	18	27	35	18	16	9	17	25	29	38	10	18	17	17	19	7	1	19	22	15	27
097	5	24	13	9	18	6	7	17	14	4	18	7	5	10	12	12	2	12	21	1	15	11	13	7	15	3	14	1	1	9	1	26	17	6	23	9	14	10	19	12	9	18	12	29	11	27	10	3	4	12	8	12	11	26	13	5	11	8	10	7	20	13	16	9	21	18	8	2	9	32	17	23	16	23	22	3	16	1	3	7	25	5	19	1	1	15	20	27	36	1	10	6	17	19	2	4	20	14	12	12
097	14	25	14	9	18	30	19	22	15	7	20	7	11	23	17	14	18	22	27	5	16	13	14	7	15	6	21	5	6	22	11	30	19	15	25	16	28	13	22	13	9	25	17	31	11	29	27	4	14	30	13	23	25	26	18	6	16	24	12	27	20	19	21	29	24	20	12	9	10	33	20	29	21	26	22	7	19	2	14	7	27	33	22	11	9	17	22	29	37	3	19	17	22	20	4	8	23	14	16	27
098	7	19	13	14	15	1	7	26	14	7	17	1	11	1	8	8	15	19	6	5	19	11	6	5	4	6	12	5	2	3	12	24	13	8	22	11	15	2	19	13	9	23	10	30	9	16	15	6	2	3	8	12	12	16	10	7	13	8	5	5	20	19	22	8	19	20	8	1	9	32	17	1	11	23	6	3	19	1	3	3	27	5	17	9	2	16	22	24	32	2	14	5	15	17	5	5	19	20	14	26
098	7	25	13	14	18	31	19	26	21	20	17	21	28	5	12	13	18	21	29	6	22	15	9	7	4	19	20	7	2	9	13	29	16	11	23	21	17	13	22	31	12	24	11	32	27	32	18	21	11	9	13	25	25	28	13	25	13	35	10	27	20	19	22	11	20	24	9	8	12	34	17	29	21	27	18	8	20	5	9	5	30	5	19	18	2	21	27	29	37	10	16	8	19	21	14	8	23	25	15	27
099	6	9	9	14	13	23	7	17	15	2	18	13	1	10	12	6	3	19	20	2	21	11	14	2	8	3	12	5	6	9	6	23	8	1	19	11	14	13	26	13	15	9	9	26	8	10	30	4	13	9	6	12	11	26	11	2	9	8	6	7	20	19	15	8	20	24	9	3	12	34	20	23	10	23	22	3	18	1	3	3	26	34	19	11	6	18	27	28	32	4	10	8	24	20	1	2	16	23	12	26
099	14	19	13	23	22	23	19	22	18	2	18	14	11	21	17	11	6	22	21	6	26	24	15	5	11	6	26	10	7	10	16	24	20	8	22	21	16	16	28	31	16	21	11	31	11	28	31	8	13	14	18	13	12	27	15	2	11	22	20	7	23	23	21	30	25	25	27	8	17	36	23	29	16	26	24	18	20	5	4	15	29	34	19	11	6	18	29	28	32	4	18	8	26	20	4	4	18	24	15	28
100	7	10	11	13	1	30	5	22	14	8	17	1	6	1	3	12	3	9	22	5	23	11	9	2	4	6	12	6	2	3	15	23	11	10	17	9	13	8	22	8	9	24	12	28	9	32	10	4	1	30	13	13	11	17	13	2	9	8	20	16	22	15	18	13	20	17	8	7	10	15	13	29	12	25	5	10	19	19	21	15	27	3	19	11	1	15	22	27	30	2	14	8	24	7	3	2	18	11	3	26
100	7	13	13	16	18	30	7	23	21	24	22	7	11	10	10	12	5	19	27	12	23	12	14	7	4	18	12	7	7	3	20	25	15	10	23	11	14	9	28	29	16	25	12	29	11	32	28	6	4	30	22	25	25	26	13	22	16	35	20	20	25	22	21	30	20	26	10	9	30	15	21	29	12	25	5	10	19	20	21	19	33	5	20	18	9	19	26	29	37	11	16	17	25	19	4	2	19	14	5	27
101	1	6	13	20	32	27	3	5	4	26	13	1	14	5	12	20	26	2	16	15	2	1	2	7	8	13	12	14	9	8	1	4	21	1	14	14	10	2	22	1	18	4	9	15	3	18	9	1	15	12	8	14	18	13	10	5	3	13	4	8	10	13	1	3	3	12	8	14	3	1	13	20	9	8	10	20	22	1	6	1	17	4	1	7	21	13	8	25	9	3	7	9	24	6	18	14	15	26	1	27
101	4	26	15	28	33	32	12	27	7	27	13	11	17	23	16	21	27	4	19	17	19	3	5	8	13	15	14	25	26	23	21	5	22	12	28	22	12	22	29	11	22	11	11	16	6	23	22	4	16	21	28	17	26	16	20	28	12	24	4	10	15	21	11	29	6	13	9	14	5	22	23	23	18	28	16	22	23	6	17	7	18	4	3	14	22	21	22	28	19	6	8	11	24	10	19	17	16	26	10	27
102	3	7	3	18	25	16	4	18	4	27	7	3	13	1	12	19	27	2	16	18	7	1	2	5	8	7	14	11	5	8	6	2	22	10	14	24	13	4	18	11	19	11	12	14	3	9	7	3	16	10	8	14	9	16	20	5	12	13	3	10	3	18	2	3	6	6	8	13	22	19	10	1	15	17	17	11	2	10	7	18	18	4	1	7	8	13	8	25	9	6	8	6	24	8	20	9	20	27	1	27
102	4	19	15	19	33	33	23	28	6	28	13	21	19	23	12	20	28	6	16	18	19	25	6	8	10	13	23	14	13	23	16	12	23	15	15	29	17	5	26	11	21	27	20	15	11	23	32	25	17	21	8	26	18	17	21	7	12	13	4	12	18	21	24	32	24	11	28	19	31	37	14	20	20	29	25	23	23	10	20	18	22	6	1	20	22	16	8	28	13	18	11	9	24	8	20	19	20	28	9	29
103	4	7	12	19	31	14	4	1	2	29	4	3	21	23	24	19	26	7	30	5	2	2	7	3	15	18	6	18	3	9	1	1	10	9	14	13	10	4	22	11	19	27	20	14	3	5	4	26	17	18	14	22	10	12	19	3	12	14	4	8	12	13	1	29	3	3	11	1	3	22	5	6	9	14	17	4	4	8	7	4	17	4	1	7	21	13	8	25	9	3	8	9	6	6	9	9	15	8	5	1
103	6	26	15	20	32	15	12	3	13	29	4	8	23	23	25	19	27	7	30	5	21	10	22	9	16	25	15	26	32	22	13	12	22	15	16	22	13	16	26	13	19	27	20	15	6	9	5	27	17	18	14	26	12	12	22	5	15	14	11	13	26	26	8	33	21	12	14	23	4	23	15	21	20	30	24	18	24	11	18	6	18	4	3	20	22	15	24	28	19	3	8	12	24	16	20	16	20	27	9	26
104	3	6	3	20	28	15	3	27	7	27	13	3	17	5	12	19	27	1	12	15	7	8	2	2	13	13	11	11	5	8	3	5	24	10	15	25	9	2	21	4	18	4	9	16	3	6	20	1	16	16	8	12	17	14	13	26	4	24	3	9	11	16	3	3	3	3	8	22	5	14	14	1	8	8	22	22	23	8	7	18	19	4	3	7	19	16	8	24	10	3	8	9	8	16	3	10	25	8	2	6
104	4	13	15	21	33	32	23	28	7	28	23	10	19	23	16	20	29	6	16	15	19	23	6	8	18	19	15	14	14	23	7	9	24	11	21	27	13	6	25	32	21	4	13	26	6	23	25	4	16	21	29	18	27	16	13	27	4	24	11	13	14	21	11	3	6	13	11	23	22	22	17	22	15	17	25	23	25	8	20	19	21	5	4	7	20	21	24	27	19	19	9	10	10	16	9	15	25	8	6	30
105	4	4	11	19	26	11	4	18	4	25	13	3	13	1	12	16	27	2	16	14	19	1	2	8	4	13	6	14	26	23	1	5	12	10	14	12	10	4	23	11	19	7	9	14	4	6	24	1	16	11	28	12	27	14	11	28	3	14	7	9	10	18	9	3	4	3	8	13	4	14	17	1	13	17	24	23	23	8	18	18	20	3	3	6	21	21	5	26	16	3	11	5	10	2	9	10	15	8	6	30
105	18	27	12	21	31	33	9	18	6	27	13	21	13	21	15	19	28	2	31	19	21	2	22	9	8	25	14	18	32	23	16	12	22	20	16	27	13	4	26	11	30	11	9	26	6	34	25	26	16	18	28	17	28	18	13	28	8	24	14	9	18	22	24	34	4	9	14	21	29	22	17	22	15	17	25	23	25	10	20	19	21	4	17	14	22	21	24	28	19	8	11	10	12	16	9	16	25	29	15	31
106	3	26	13	29	32	14	4	1	6	26	7	1	14	5	12	20	25	1	19	15	8	2	7	3	4	18	6	18	3	9	6	1	22	9	15	22	13	2	18	9	18	4	9	15	3	23	9	1	16	18	13	12	17	13	4	27	1	13	4	12	3	16	2	3	6	4	12	13	22	16	17	20	7	8	20	20	25	2	7	1	18	3	4	7	5	13	19	24	10	19	12	9	26	1	20	14	20	28	1	15
106	3	27	13	30	32	27	9	1	11	27	13	10	27	23	16	20	27	4	19	17	21	22	22	9	16	25	20	27	32	23	13	5	25	15	16	22	14	16	22	11	18	6	12	16	3	34	25	1	16	21	30	23	27	16	15	28	3	24	11	18	11	21	11	32	21	13	27	19	31	37	23	24	13	19	22	22	26	8	22	18	21	4	6	21	5	13	30	28	17	20	12	11	26	8	21	14	23	28	10	29
107	6	2	5	18	26	27	4	3	4	26	7	10	13	1	13	20	27	4	12	14	8	2	22	3	6	13	6	18	9	9	3	2	24	10	13	27	9	4	21	4	19	5	9	16	3	6	20	4	15	13	9	13	26	12	13	27	3	13	7	9	11	16	3	3	6	13	8	14	5	19	5	20	18	1	11	11	12	3	7	5	18	6	5	12	8	16	5	28	10	7	8	9	24	6	18	11	15	26	10	9
107	18	7	9	20	33	32	9	7	11	30	15	21	14	21	15	20	30	4	18	20	21	22	24	15	15	25	21	25	32	22	6	9	25	10	21	29	10	6	30	11	22	11	13	26	6	6	25	6	18	13	28	17	27	18	14	28	5	24	11	20	14	22	3	34	6	13	11	22	22	22	21	24	20	31	14	20	26	10	22	18	18	36	23	20	10	21	19	28	22	19	12	10	24	6	18	17	19	30	10	27
108	18	4	11	20	32	32	23	18	11	30	9	3	14	21	12	10	29	1	12	17	2	8	6	5	1	3	20	11	12	8	1	2	12	10	16	12	10	4	23	4	22	11	11	15	3	18	22	4	16	12	3	13	23	15	19	3	12	14	4	8	3	22	3	12	4	4	7	2	3	19	15	24	9	13	24	18	24	8	7	4	22	6	3	7	8	16	8	26	10	20	10	6	7	1	1	14	15	8	2	29
108	18	4	11	20	32	32	23	18	11	31	13	11	14	23	13	22	31	1	19	19	7	24	8	15	10	18	23	27	14	9	9	12	23	20	21	25	15	4	25	11	24	28	13	32	6	35	22	28	19	16	14	26	23	17	20	24	19	34	5	14	15	22	12	33	19	11	16	22	16	27	17	29	15	17	25	23	26	11	20	18	22	6	5	20	20	19	19	28	22	21	18	11	26	10	20	22	19	31	10	32
109	4	2	10	18	31	11	3	3	6	29	7	14	13	21	13	19	26	7	17	7	1	6	1	1	3	15	22	11	9	7	1	10	21	6	20	30	10	4	22	1	19	4	11	16	3	6	24	4	15	11	13	12	24	16	13	24	1	24	2	9	3	13	1	3	4	2	11	10	7	21	17	20	13	8	16	21	5	2	7	1	17	3	3	7	5	13	19	28	10	3	7	9	10	6	9	14	23	8	2	30
109	4	4	13	22	33	15	12	28	6	29	7	22	17	23	13	23	26	23	19	14	5	23	5	7	10	18	23	26	10	8	20	12	23	15	28	30	10	23	31	13	25	4	13	29	4	6	25	4	20	16	30	23	27	18	14	28	4	24	3	12	15	22	2	10	21	3	28	14	32	37	23	24	18	19	22	22	25	8	22	18	21	4	4	7	22	21	24	28	20	19	9	10	28	16	22	22	25	28	10	31
110	3	7	9	18	23	27	3	1	11	26	4	3	14	21	12	13	26	2	19	5	8	3	2	2	4	13	14	9	5	8	1	5	22	9	14	14	10	2	22	2	18	6	10	12	3	35	11	8	15	11	8	16	18	12	4	5	7	13	4	9	14	21	1	3	4	11	3	14	4	16	14	2	7	9	18	20	26	2	18	1	18	5	4	7	8	16	5	24	10	7	9	9	10	16	9	10	25	8	2	6
110	18	10	15	18	26	32	4	3	13	26	23	8	21	23	24	19	29	7	30	19	19	23	8	8	10	15	20	14	9	23	11	6	26	15	29	22	10	22	31	11	22	29	11	14	4	35	22	26	20	19	28	25	27	18	21	28	12	14	7	10	15	21	1	33	10	11	9	24	29	22	23	20	8	19	20	21	27	10	22	1	21	36	23	12	20	21	8	28	10	19	11	10	10	16	23	22	25	29	6	30
111	4	2	9	3	25	15	3	3	11	30	13	3	14	23	13	22	29	2	12	17	8	2	22	3	10	15	6	14	10	2	12	12	4	9	14	13	14	5	9	4	17	4	12	14	3	23	11	6	16	21	28	17	26	13	11	28	3	14	4	8	3	22	2	9	19	4	9	2	7	23	3	3	9	9	17	11	2	8	18	1	22	4	1	20	8	16	5	28	17	20	8	9	24	6	20	14	15	26	9	27
111	17	13	15	21	26	32	4	27	15	31	13	10	14	23	13	22	31	2	32	20	21	10	23	15	15	25	22	18	32	22	13	24	12	12	19	22	15	7	9	11	18	4	13	16	3	23	25	7	16	21	30	18	27	14	13	29	7	24	4	23	26	27	10	32	21	9	28	10	33	23	10	20	20	29	18	21	27	12	20	18	22	6	5	22	8	19	30	28	17	20	18	9	24	10	22	14	18	26	10	29
112	4	2	12	20	31	11	3	7	6	27	23	3	13	5	13	13	27	1	19	20	2	3	2	2	13	15	20	9	9	9	1	5	22	10	14	22	10	2	18	11	18	4	9	14	3	21	24	1	20	11	6	23	11	12	14	5	5	13	4	8	27	13	3	10	20	3	16	1	3	27	3	22	15	10	19	22	26	8	7	6	21	6	1	3	8	7	5	24	13	9	8	7	10	6	20	10	15	8	6	6
112	6	6	15	20	33	32	12	27	7	29	23	22	14	21	21	20	29	2	31	21	5	10	8	7	16	15	23	25	10	9	16	5	27	15	15	24	13	4	30	33	26	11	12	29	4	35	25	4	20	11	14	26	27	13	19	26	12	14	11	20	27	19	4	12	21	6	28	19	32	37	17	24	18	17	25	23	28	12	20	18	22	37	23	14	17	16	10	30	15	18	11	10	25	16	22	14	25	27	9	31
113	6	2	12	19	26	11	3	3	6	29	13	1	13	5	12	20	27	1	19	15	7	2	7	3	1	15	6	18	14	9	9	2	23	9	15	14	10	3	21	2	25	11	11	32	4	35	24	6	17	19	14	22	9	12	11	3	7	14	2	8	18	18	24	3	4	9	7	13	22	14	14	3	8	17	24	23	25	8	18	18	21	5	1	7	8	16	5	24	13	18	8	9	10	1	9	10	20	8	6	6
113	25	27	12	20	31	11	12	7	6	32	23	1	17	5	21	20	29	2	19	20	21	22	22	15	15	25	21	26	32	22	20	6	26	11	30	25	15	22	31	4	25	11	11	32	4	35	24	6	17	19	18	22	17	13	19	23	12	22	6	10	18	18	24	34	6	13	8	22	29	14	17	22	13	17	24	23	25	10	20	18	22	6	4	14	20	19	8	24	16	19	12	10	26	16	21	14	25	28	10	15
114	3	7	11	20	32	14	9	1	2	27	4	3	14	23	13	16	27	2	12	5	2	2	2	3	11	6	8	18	3	8	16	4	22	6	14	24	13	4	26	1	17	4	9	12	4	23	25	7	16	18	9	17	16	16	13	24	4	13	3	10	11	15	8	3	6	3	9	3	5	19	14	2	18	9	20	20	24	2	8	1	21	5	4	6	20	13	8	24	16	1	8	6	10	8	20	10	20	7	1	6
114	6	27	13	28	33	14	12	5	6	32	13	15	21	23	24	22	32	7	33	20	21	22	22	15	15	25	20	26	32	24	21	5	28	10	29	26	17	23	29	11	18	30	20	14	4	35	26	26	16	18	29	23	26	22	15	29	8	24	11	14	26	16	9	11	19	13	10	22	29	27	23	20	20	19	22	21	26	10	22	7	34	6	23	7	21	19	8	24	16	19	8	14	24	16	23	14	21	28	12	29
115	3	2	14	19	26	14	3	1	6	29	13	13	13	1	12	19	26	2	16	7	1	1	1	7	1	13	15	9	9	8	4	5	21	1	18	14	12	6	24	4	18	11	9	14	2	34	11	8	15	16	3	17	9	18	13	23	3	24	3	9	2	22	5	10	19	2	14	2	3	27	14	2	18	9	10	20	22	1	6	1	18	4	4	7	5	13	8	24	10	19	7	6	7	1	1	14	15	7	1	27
115	4	7	15	20	32	32	12	3	17	31	13	21	17	23	13	23	28	23	17	18	8	3	7	15	10	18	23	11	33	9	21	6	23	11	28	17	12	22	29	9	24	29	11	14	3	35	24	29	18	19	28	17	28	21	16	28	12	36	6	15	3	22	12	12	20	4	16	9	3	29	23	20	20	28	22	21	24	10	8	7	21	5	6	21	20	19	30	24	17	20	18	11	24	10	18	15	16	26	6	28
116	6	2	9	3	25	11	12	7	6	29	7	1	13	1	13	20	27	1	31	20	2	6	7	3	1	13	21	11	11	8	4	5	21	6	18	14	10	6	24	4	20	11	13	26	4	35	22	4	15	11	22	12	19	14	13	22	7	14	2	8	18	18	3	12	4	6	8	13	29	14	3	22	13	8	19	22	25	8	7	6	21	33	4	6	20	13	8	24	10	1	10	6	8	8	4	10	22	7	5	30
116	17	13	20	20	32	15	12	27	11	30	23	21	14	23	21	20	27	2	31	20	8	22	7	7	10	18	23	26	12	9	20	13	23	11	28	17	12	23	31	9	24	28	17	31	6	35	25	28	19	16	28	14	28	14	19	28	12	20	10	9	28	21	24	34	24	9	28	18	32	23	17	24	18	10	22	22	28	12	8	18	35	36	22	7	21	19	8	24	10	19	12	9	9	17	22	15	22	8	14	31
117	4	2	10	20	32	14	3	1	6	29	2	3	23	23	25	19	26	7	30	5	27	2	12	5	9	7	6	11	13	8	1	5	21	6	14	22	10	5	23	1	19	11	9	14	4	34	11	6	16	16	13	13	26	12	11	26	1	13	4	8	3	19	8	12	4	14	11	1	1	21	6	3	13	12	18	21	22	10	8	1	11	36	5	12	8	21	5	20	9	7	8	6	7	1	1	10	15	8	2	6
117	6	7	14	29	32	14	12	27	11	29	4	3	25	23	25	20	30	7	30	5	28	25	12	15	10	26	23	18	18	25	20	10	22	15	29	30	12	23	31	33	24	28	20	14	6	35	22	30	16	18	28	17	27	13	15	26	3	20	4	18	15	21	12	34	19	15	15	23	3	27	17	22	20	17	24	23	25	10	20	18	18	38	23	12	22	21	30	28	10	7	18	14	10	7	23	22	21	32	12	32
118	18	4	11	20	26	32	3	3	4	30	6	3	17	23	13	20	26	7	17	1	2	3	6	3	6	12	6	20	10	3	11	4	2	6	17	19	9	20	23	1	20	6	9	14	4	6	25	4	5	11	22	12	17	16	4	29	7	13	3	15	14	13	1	1	4	10	7	13	2	14	3	3	13	10	14	11	12	8	18	1	18	4	3	14	10	16	19	28	13	3	8	7	24	6	19	11	15	8	10	27
118	25	4	12	20	33	32	9	28	13	31	13	21	25	23	19	23	26	23	30	2	22	6	24	14	7	13	12	25	18	8	21	25	28	8	29	26	17	23	31	4	30	30	13	14	6	35	26	31	15	11	30	18	19	22	13	30	7	20	11	15	15	22	2	33	15	13	12	13	16	18	5	20	20	31	22	17	27	10	20	3	20	6	5	20	22	21	24	28	19	19	12	9	29	17	22	16	22	26	16	30
119	4	26	12	19	31	15	4	3	6	25	7	3	13	21	12	16	26	2	14	13	15	1	8	3	7	14	4	20	2	5	6	5	22	12	14	22	14	4	18	9	18	11	12	14	3	2	4	3	17	10	22	14	19	14	13	22	3	21	14	8	11	16	3	12	6	6	8	18	29	14	5	3	13	8	18	20	24	8	17	7	18	4	5	5	5	16	5	24	13	5	10	6	7	4	1	11	18	7	2	15
119	18	27	12	19	31	15	4	3	17	29	13	14	13	23	13	24	27	8	32	17	28	6	15	10	8	27	12	28	16	25	6	12	25	20	14	22	14	6	23	11	21	27	20	15	11	21	22	27	20	18	30	17	27	18	19	28	12	24	20	9	28	21	11	34	24	13	28	22	32	23	5	3	13	8	18	20	24	8	17	7	22	36	22	21	8	21	30	27	17	20	22	16	28	6	22	22	22	30	4	28
120	4	7	5	20	32	11	4	7	6	27	13	3	13	1	12	19	28	2	16	14	2	10	13	7	7	13	19	16	9	8	6	1	21	6	13	13	12	10	19	4	20	4	11	15	3	2	4	4	17	18	8	18	11	13	13	7	4	14	4	8	3	15	2	10	19	4	16	1	3	23	14	3	9	9	18	21	25	8	10	7	18	4	6	3	5	10	10	24	15	9	12	9	26	1	21	11	19	28	9	15
120	4	7	15	22	33	32	12	28	7	29	23	21	19	23	12	20	28	6	16	14	27	10	24	17	16	28	22	26	16	10	20	13	22	8	28	30	13	23	26	11	24	27	20	29	4	35	24	27	20	19	14	26	17	16	19	27	12	24	11	13	3	22	12	32	21	4	28	10	33	23	14	6	20	9	22	22	28	8	17	7	23	37	24	21	17	13	30	30	17	20	12	16	28	6	22	14	20	30	10	15
121	5	18	3	7	3	9	12	14	29	7	12	14	12	1	4	9	10	14	1	4	18	10	22	2	19	7	27	11	6	5	22	5	5	10	28	12	14	4	22	29	17	4	19	4	16	10	11	24	20	17	4	19	10	20	1	28	6	3	17	17	11	28	10	12	2	27	3	6	22	1	1	3	24	10	4	10	1	11	8	3	5	7	13	23	12	7	9	20	19	10	8	9	24	22	5	18	13	18	10	31
121	7	22	5	25	8	33	24	22	29	10	16	14	30	19	8	14	14	23	22	22	29	22	23	10	20	18	27	26	7	6	22	28	5	10	29	13	14	4	26	31	19	4	21	5	16	10	25	24	20	17	6	26	11	27	4	29	14	13	21	20	18	29	10	13	6	27	8	6	24	18	18	5	25	10	6	19	10	12	18	5	14	39	15	23	23	17	10	29	39	17	8	11	24	22	23	18	14	18	10	31
122	2	18	9	1	9	9	9	10	9	11	12	13	2	5	4	8	8	14	2	22	16	22	1	7	21	13	28	12	2	2	8	8	1	8	28	12	14	2	22	19	11	2	18	2	16	10	11	24	15	3	6	19	11	27	1	29	6	3	17	19	8	14	7	10	6	15	8	2	4	3	1	3	24	10	2	18	1	10	8	3	2	7	2	24	13	12	1	25	39	22	8	11	13	19	1	12	13	12	10	26
122	7	19	21	25	9	33	25	14	29	20	24	14	31	6	4	11	14	16	9	23	30	22	22	9	22	17	29	26	26	14	22	22	25	20	30	28	17	4	26	29	19	6	22	11	18	27	25	24	20	17	13	19	11	29	5	29	13	8	22	20	18	29	10	12	8	27	8	6	14	18	12	3	25	13	2	19	11	12	17	7	4	7	2	24	13	18	9	25	40	22	18	15	24	23	9	18	18	18	10	31
123	17	13	22	1	3	21	4	14	5	4	12	9	2	3	4	8	11	8	6	1	24	10	22	6	19	3	27	9	6	5	22	22	1	8	28	12	14	4	22	29	12	1	21	3	21	4	11	4	5	11	7	14	3	24	10	25	13	8	17	10	7	20	6	11	8	4	5	3	1	4	1	2	26	13	3	14	7	10	6	11	4	8	6	23	12	15	1	25	16	4	7	11	17	18	6	10	14	16	3	26
123	17	24	22	8	3	26	4	15	9	7	12	14	32	3	11	8	11	24	22	6	24	22	22	10	19	7	27	11	6	5	22	22	5	10	28	12	14	4	26	31	16	1	23	7	24	27	20	22	15	17	10	16	25	27	10	28	16	35	23	27	8	30	12	32	26	20	8	5	14	16	16	19	27	16	21	18	10	12	8	18	6	9	7	25	23	19	9	29	23	22	14	16	18	19	22	22	16	19	9	26
124	5	13	3	1	3	9	4	14	5	7	14	6	2	1	4	9	4	14	5	16	22	22	3	2	22	15	27	9	1	6	5	1	12	22	15	14	29	8	9	4	17	1	18	3	16	4	9	3	16	17	1	14	11	23	13	27	14	8	21	16	11	20	10	12	2	4	3	2	1	1	15	3	2	8	19	1	7	10	8	9	1	1	13	24	13	17	9	21	19	5	10	10	17	17	9	10	14	16	3	26
124	17	22	22	7	8	21	12	15	29	7	16	9	33	11	26	15	5	24	20	23	29	22	23	15	23	18	29	11	7	21	8	9	28	25	21	17	30	8	23	29	20	11	21	5	23	12	11	4	17	19	7	21	25	27	15	28	20	36	23	27	15	28	12	13	6	27	12	6	22	3	18	6	4	32	21	3	13	10	23	14	4	39	15	24	24	18	10	29	39	10	22	11	28	24	22	18	14	16	8	27
125	5	13	12	1	3	21	4	14	4	7	7	13	6	11	9	6	2	15	2	11	24	10	22	6	19	7	27	10	6	2	5	2	24	22	14	17	29	8	18	1	11	4	15	3	3	30	1	2	15	9	6	14	6	24	1	26	6	8	17	20	10	28	25	8	6	15	11	16	21	3	1	3	2	8	18	2	7	6	10	9	3	8	13	25	13	7	1	28	17	1	14	14	13	16	1	15	14	12	7	27
125	17	22	22	25	7	32	25	15	5	20	12	14	12	19	9	11	12	25	3	24	29	10	22	15	20	14	30	11	20	4	8	2	25	26	18	26	30	19	23	14	17	14	22	7	23	33	9	24	21	12	7	19	11	27	10	29	13	35	23	27	23	31	26	9	14	28	29	23	21	16	15	24	28	16	21	3	26	10	23	10	5	40	15	26	16	21	9	29	39	4	14	16	13	20	1	22	18	16	10	27
126	4	12	9	2	6	21	4	10	5	4	15	13	12	2	4	12	11	15	1	12	20	3	22	2	22	13	29	13	1	2	5	2	10	24	14	14	11	2	23	14	16	1	21	3	19	3	20	4	16	11	1	14	6	23	10	26	13	8	21	7	8	14	10	10	4	4	8	1	1	3	1	3	4	10	3	1	10	10	7	14	5	7	8	27	12	12	1	25	22	9	7	14	13	20	1	17	14	12	10	13
126	7	28	20	25	8	32	26	22	29	4	16	14	34	11	8	14	14	23	22	24	29	22	23	2	22	13	29	26	3	6	5	9	24	27	21	30	30	16	28	32	17	11	22	3	23	30	24	20	19	15	7	20	25	24	14	28	20	36	23	27	15	20	12	32	8	6	8	3	29	3	15	6	27	32	21	18	13	10	8	18	10	39	15	27	25	20	9	26	40	17	11	16	17	25	9	22	18	12	11	27
127	2	18	9	1	9	9	9	10	9	11	13	13	2	1	7	6	1	15	1	11	24	10	1	15	20	7	30	11	2	4	23	1	25	21	13	14	31	5	22	29	19	1	22	5	16	10	25	24	17	3	7	19	3	24	4	29	13	19	23	17	14	29	4	13	6	4	12	2	22	1	1	2	2	10	3	14	1	4	7	9	14	9	15	23	16	17	1	21	19	4	7	10	17	18	3	15	12	12	9	27
127	5	19	21	16	9	33	25	14	29	20	23	14	6	11	8	15	12	15	3	23	29	25	23	15	22	14	31	12	19	5	23	1	25	21	13	30	31	5	26	29	19	4	22	8	16	12	25	24	20	17	10	21	5	27	13	31	14	22	23	17	18	32	8	13	6	27	12	11	22	4	1	6	24	28	21	18	10	10	24	18	14	39	25	23	23	21	10	27	19	6	11	16	18	25	9	17	14	12	11	32
128	17	12	3	7	6	21	15	14	9	7	7	7	8	3	4	8	11	8	6	1	24	23	1	12	20	7	29	11	2	2	8	2	24	12	10	25	10	8	18	7	16	1	18	3	16	8	20	3	17	3	2	19	5	23	10	27	13	13	24	5	18	28	4	9	6	16	1	5	16	20	15	3	2	15	23	3	6	10	7	8	1	7	7	23	13	12	1	25	13	4	11	10	18	18	1	12	12	16	4	26
128	17	12	3	7	6	21	15	14	9	7	12	13	34	11	8	14	12	15	22	11	24	25	23	15	21	13	30	11	7	21	19	8	27	22	18	26	29	16	23	14	20	11	21	5	23	12	20	4	20	19	11	19	11	25	14	30	16	36	24	16	24	29	6	13	14	26	12	6	29	20	16	22	19	33	23	19	13	13	7	19	5	40	10	26	25	14	9	28	39	22	18	14	18	18	3	15	17	18	9	32
129	7	12	9	1	3	21	12	15	5	7	7	9	31	3	4	8	8	8	8	4	18	6	3	1	20	7	30	10	3	1	8	1	23	15	15	14	17	5	9	19	9	1	21	3	5	10	9	1	20	3	4	19	3	27	2	29	6	19	19	17	10	33	1	9	9	20	7	6	4	22	10	19	5	11	2	9	6	4	8	9	2	1	6	22	13	2	5	29	17	10	8	11	24	22	22	10	13	16	1	26
129	17	19	22	27	9	28	24	15	29	11	15	21	34	3	11	14	11	14	22	22	29	8	23	15	20	14	31	11	28	4	8	2	24	22	30	31	26	5	22	32	17	2	23	11	18	29	20	20	22	3	10	22	25	28	13	29	16	35	24	27	10	33	9	11	9	26	7	6	4	22	16	22	27	14	21	17	11	13	22	15	10	2	13	28	16	13	9	31	23	17	9	15	26	24	23	18	27	18	10	31
130	7	12	3	2	2	4	3	22	12	16	7	13	4	2	4	11	1	16	2	23	29	10	3	1	22	6	29	25	2	2	2	3	5	10	28	12	14	2	22	22	11	5	22	6	16	10	25	4	15	2	7	14	6	24	4	26	11	8	23	17	10	29	4	13	6	4	9	11	21	1	18	1	5	25	18	9	10	10	24	10	3	41	15	22	16	14	4	20	17	2	11	8	19	17	20	10	14	16	1	29
130	17	12	20	25	6	27	25	23	29	20	15	22	29	11	11	15	4	26	8	23	29	10	22	2	22	13	29	26	2	5	22	22	24	19	29	28	17	4	23	31	19	7	24	7	16	28	25	24	16	3	10	21	11	26	10	27	13	36	23	27	18	31	4	13	10	27	12	15	22	2	18	22	5	25	18	9	10	12	24	12	5	42	15	26	25	21	9	29	20	4	22	14	26	26	22	18	14	19	6	29
131	7	12	9	27	2	27	24	14	12	10	12	7	12	3	4	8	2	8	1	4	29	3	22	2	20	13	29	26	3	2	5	2	10	22	14	14	29	8	18	14	18	4	19	10	5	10	9	1	18	14	10	16	3	24	10	25	13	35	17	10	7	30	8	9	6	4	12	3	16	4	1	3	2	8	1	3	7	10	8	3	2	9	6	24	12	15	1	24	11	10	8	9	13	18	4	15	14	16	1	27
131	7	18	20	27	9	33	25	23	29	16	15	9	34	11	8	12	11	25	10	25	29	22	23	2	22	18	29	26	3	2	8	9	24	24	18	26	30	16	23	14	19	7	23	10	16	12	20	4	23	17	12	21	11	28	15	27	20	36	21	16	21	32	26	13	26	27	29	16	21	20	1	6	24	10	21	19	10	12	23	9	14	39	10	26	25	21	1	29	17	13	11	10	28	22	23	18	17	18	3	27
132	7	18	3	7	3	4	12	14	8	7	12	6	28	1	1	15	4	24	20	9	16	22	1	9	20	13	28	12	5	14	5	2	7	10	21	13	13	2	24	29	16	1	21	5	17	8	20	3	15	3	2	14	5	24	10	26	13	35	23	5	8	14	10	10	4	4	8	2	22	2	1	3	27	10	1	18	1	11	17	7	1	9	14	22	23	14	1	21	19	3	8	6	19	7	1	10	12	12	6	31
132	7	22	5	17	6	33	24	22	29	10	14	9	33	3	4	15	5	25	26	22	24	23	1	12	21	17	29	13	7	16	22	12	24	27	30	30	29	3	28	32	18	1	22	5	23	29	20	4	17	19	7	19	6	25	10	27	13	36	24	27	15	29	12	11	6	4	12	13	26	4	1	3	27	13	2	19	1	12	17	7	7	39	15	23	23	17	9	27	21	4	11	10	21	18	20	15	26	19	10	32
133	7	12	3	7	6	21	15	10	9	7	12	7	2	1	4	9	7	26	2	23	24	23	1	2	19	3	24	13	2	2	8	9	5	10	15	12	13	2	9	14	12	4	21	6	19	26	11	20	16	3	1	20	12	23	5	28	13	35	21	7	18	14	2	13	3	4	7	11	1	1	1	3	24	10	1	10	1	11	8	3	1	40	15	23	23	17	9	21	19	10	8	7	28	22	3	9	14	12	9	26
133	17	12	9	27	9	33	24	14	29	10	15	21	4	11	26	11	14	26	5	25	29	24	6	12	20	13	29	13	7	21	22	22	21	28	29	30	21	5	30	29	16	4	22	11	21	27	24	21	16	10	13	26	25	25	14	29	20	36	22	19	22	28	12	29	8	26	8	12	22	3	1	6	27	13	4	19	10	12	17	3	1	42	15	23	23	17	9	23	20	10	10	7	28	27	23	10	27	18	10	27
134	2	13	22	1	3	4	3	15	5	7	12	13	12	11	7	14	10	23	22	1	24	6	1	2	20	15	24	14	7	4	2	8	12	19	15	17	10	2	23	4	12	4	22	7	19	26	11	20	16	3	9	7	5	24	4	25	13	8	16	17	8	20	12	8	6	4	2	2	1	4	10	3	27	11	18	2	7	4	22	9	10	7	5	23	12	18	4	25	16	4	10	7	26	24	2	10	14	16	1	27
134	17	25	22	10	3	21	12	15	9	8	16	14	29	19	8	14	10	27	26	4	29	22	23	15	21	18	27	26	7	6	8	9	24	25	30	28	30	8	26	22	17	11	23	7	21	32	22	21	17	13	10	19	25	26	11	27	15	22	24	17	11	28	12	12	8	16	8	6	22	18	16	19	28	14	21	9	26	6	22	17	10	9	13	29	12	21	9	31	41	17	22	14	28	26	22	11	27	18	1	29
135	7	12	3	1	3	21	4	15	5	7	12	9	12	2	1	12	7	15	1	22	24	10	22	6	19	3	27	9	3	5	2	1	7	12	20	12	12	4	18	14	16	1	21	3	5	4	9	4	17	8	1	9	11	27	5	27	6	19	17	5	8	14	2	12	6	4	8	1	4	3	6	22	2	15	2	2	6	6	17	9	9	2	7	22	13	14	1	25	21	3	18	14	13	18	1	12	17	12	1	26
135	17	19	22	2	6	21	12	23	5	20	15	14	29	6	11	15	14	26	8	24	29	10	23	15	20	15	27	26	6	6	5	2	24	22	30	14	29	8	26	30	18	28	23	7	23	12	20	6	23	16	4	26	25	28	14	28	18	34	21	20	8	20	12	12	8	15	12	2	16	4	16	24	2	20	19	18	11	13	25	15	10	7	15	24	23	18	9	27	40	23	18	15	18	19	1	22	18	16	9	26
136	7	12	3	24	10	27	3	9	5	18	7	14	4	6	4	14	8	16	9	12	20	3	1	2	19	14	30	10	1	4	5	2	5	10	14	17	12	4	23	14	16	1	21	3	19	4	20	4	16	11	1	9	11	23	14	27	16	13	21	5	8	20	4	11	6	4	8	3	1	2	1	6	2	11	21	7	7	4	22	9	10	2	8	22	12	12	4	27	12	9	9	7	26	26	22	10	14	16	1	29
136	14	12	17	25	11	32	24	22	12	22	24	22	4	6	26	15	11	27	26	23	29	10	3	15	20	18	32	15	19	10	8	9	10	24	30	22	30	10	26	32	16	11	22	3	24	30	24	20	19	15	2	19	25	23	14	30	18	34	24	16	15	29	12	32	8	4	12	13	26	4	16	19	27	20	21	7	10	8	24	11	10	43	13	27	12	13	19	31	13	17	22	14	28	27	22	18	14	16	7	31
137	5	12	9	23	8	32	24	17	8	4	7	14	4	3	1	15	2	17	22	22	16	22	22	1	21	6	31	9	2	2	2	12	7	10	28	12	14	2	23	22	16	1	21	5	16	4	20	8	17	3	7	11	3	24	4	27	11	19	23	5	8	14	8	12	6	4	8	3	4	3	16	19	5	11	5	7	7	4	22	11	1	8	8	26	15	14	1	28	13	4	9	7	13	17	6	12	14	12	7	27
137	17	28	12	25	27	32	25	17	12	8	12	21	28	6	8	15	7	25	26	23	29	22	22	2	22	13	33	26	2	5	23	13	24	19	29	28	17	4	26	31	19	2	22	8	23	12	25	24	20	19	10	26	11	28	14	27	17	36	25	17	8	20	12	32	6	6	12	3	4	4	18	22	27	11	22	9	10	10	23	12	4	40	10	27	25	18	1	29	39	8	18	12	24	25	22	18	27	16	10	29
138	2	13	22	1	3	4	3	15	9	7	16	2	12	2	4	8	6	23	21	4	20	8	1	2	17	15	32	9	2	5	2	9	24	22	20	14	11	8	23	14	11	4	22	5	19	26	20	21	15	10	1	14	11	24	14	24	11	8	21	7	11	29	12	13	4	4	7	6	22	4	9	2	2	13	2	9	10	10	8	3	5	39	15	21	23	13	9	20	13	10	8	9	13	16	1	15	14	12	3	27
138	17	25	22	10	5	21	12	15	9	8	24	14	33	19	8	14	10	23	22	12	29	22	23	2	21	18	33	15	4	10	8	9	24	22	20	30	29	19	23	32	16	4	22	7	25	30	24	24	16	10	10	21	25	28	15	27	20	36	21	19	18	31	12	17	6	16	8	8	22	18	18	22	5	25	18	19	11	10	24	10	14	40	15	23	25	17	9	31	19	13	14	16	28	22	23	18	14	18	7	27
139	2	12	13	10	3	4	12	11	8	7	13	14	12	3	4	14	8	16	10	4	18	3	3	2	21	13	29	11	1	4	5	2	23	12	11	19	14	3	21	13	16	1	21	3	23	1	9	4	17	16	9	20	5	23	5	27	6	8	25	17	7	28	10	10	2	15	8	6	24	21	1	6	2	15	2	7	6	8	17	9	6	1	6	23	12	14	1	29	17	4	9	10	26	25	23	10	14	16	1	27
139	14	19	22	23	7	33	12	11	9	18	24	22	31	6	11	15	12	27	26	25	23	22	7	15	22	15	32	15	26	21	8	11	28	22	15	30	26	5	28	30	16	1	21	5	23	4	20	4	17	19	12	26	5	23	14	28	14	19	26	20	11	29	10	13	8	27	12	6	29	22	5	22	2	20	21	17	10	13	26	15	10	2	11	23	13	18	9	31	41	8	22	12	28	27	23	18	27	16	8	27
140	7	12	5	13	2	13	4	17	8	17	13	9	31	3	4	8	8	8	10	4	24	22	1	9	20	13	28	13	1	5	5	2	5	10	28	12	10	4	26	29	16	1	22	7	16	12	22	21	16	3	1	19	12	23	1	27	6	22	17	16	11	29	2	10	8	15	8	6	4	2	12	2	24	13	1	8	10	6	8	5	4	2	6	22	12	10	1	29	17	4	12	10	11	16	1	10	14	12	7	27
140	17	28	14	25	7	32	24	22	12	22	24	14	32	6	11	15	11	16	22	25	24	23	1	12	20	17	29	14	1	21	22	22	5	12	29	22	14	5	30	31	19	4	22	8	19	26	25	24	20	10	6	20	25	27	14	29	18	35	21	20	22	32	10	30	8	27	12	11	24	21	15	3	29	15	19	19	26	10	10	17	6	8	13	23	13	14	1	31	21	5	14	16	13	23	5	15	14	19	7	27
141	13	15	11	6	24	3	1	6	23	5	25	1	17	14	5	9	9	12	6	1	17	19	6	2	10	13	2	13	4	26	17	14	3	10	14	24	6	1	17	21	10	18	25	5	6	2	1	1	18	20	5	22	9	13	11	13	14	13	12	17	29	16	6	17	24	27	4	19	1	31	13	5	8	8	20	2	29	1	20	9	15	33	21	8	4	3	23	32	4	20	19	8	28	21	5	3	17	20	3	8
141	18	25	19	21	25	7	5	16	29	5	25	14	27	17	17	11	14	12	8	16	21	26	22	17	12	16	3	14	4	27	18	22	29	20	30	29	32	7	23	34	15	21	26	10	9	35	5	6	18	20	8	26	11	16	11	30	17	20	18	28	30	18	25	20	24	28	16	21	4	38	13	7	8	9	26	2	29	3	20	11	27	43	22	16	10	5	24	33	31	22	23	17	28	26	9	20	20	24	12	11
142	12	13	13	6	13	3	1	2	3	9	19	11	13	13	17	9	4	3	8	3	18	15	6	9	12	17	4	9	4	28	5	18	3	12	13	24	6	1	25	22	12	21	25	1	4	6	1	4	18	20	3	21	11	12	13	12	14	13	12	17	31	16	25	13	17	26	3	18	4	7	13	4	8	8	16	1	30	3	7	11	2	32	23	8	3	5	5	30	31	1	14	6	24	17	9	3	17	2	3	11
142	25	28	13	23	25	23	12	29	9	19	19	21	20	15	17	11	9	9	22	6	21	17	15	14	13	17	5	11	5	29	10	22	30	19	30	25	7	7	30	34	15	21	27	10	6	9	8	8	22	20	8	21	25	12	13	12	16	34	12	17	32	18	27	20	21	28	3	18	5	39	21	5	19	20	20	3	31	22	20	15	15	43	26	13	8	11	22	33	42	22	24	17	28	18	23	23	20	21	12	23
143	12	19	10	3	24	3	1	4	3	3	19	10	17	13	2	10	11	9	22	2	21	13	6	12	11	14	3	10	1	26	17	14	29	8	13	19	7	1	23	34	12	24	27	1	4	3	32	1	24	20	3	20	11	12	13	9	16	14	12	17	31	18	13	8	14	6	3	13	24	18	17	8	3	12	19	18	30	4	8	5	15	33	20	16	11	5	24	32	2	19	16	8	11	19	2	8	16	22	5	14
143	13	28	15	6	28	7	22	4	10	5	19	13	25	16	10	13	14	11	26	16	25	15	23	17	11	17	7	11	4	29	18	14	31	20	30	29	33	7	24	35	28	26	28	6	17	8	32	4	25	25	8	26	11	12	13	12	17	24	13	28	33	34	27	12	25	16	8	19	29	31	17	8	6	19	22	18	32	8	10	6	15	33	21	16	20	5	24	34	36	20	25	9	25	26	6	12	28	24	15	24
144	13	19	10	9	15	7	4	2	9	6	19	14	17	15	3	10	8	9	6	1	21	13	6	14	13	14	4	10	4	28	10	22	3	12	13	24	6	7	24	22	10	18	27	4	2	9	7	4	18	18	3	21	10	12	4	12	2	13	13	5	33	16	28	12	21	15	7	18	4	28	13	4	6	8	20	3	30	3	10	11	2	5	26	10	9	11	1	25	30	1	13	6	5	16	2	3	12	20	6	8
144	25	25	13	23	25	23	8	30	9	19	26	21	23	17	6	11	9	12	22	1	22	15	15	14	16	17	8	11	28	30	10	31	29	19	29	24	7	7	25	34	12	21	29	7	2	34	32	6	23	19	7	23	12	30	11	28	16	36	27	13	34	18	28	14	24	20	8	19	22	39	24	9	8	16	25	8	30	8	18	17	10	5	27	13	9	22	8	31	30	7	19	9	25	21	3	24	21	21	6	16
145	12	15	11	6	24	1	16	16	10	5	19	10	17	13	10	10	11	11	26	9	17	12	12	12	11	14	2	9	4	30	18	14	29	8	10	22	32	7	23	34	10	31	25	11	17	1	5	3	15	29	8	21	11	13	11	9	16	13	12	28	32	13	7	12	17	16	3	18	4	7	3	9	4	9	5	18	32	1	10	3	2	6	28	4	1	4	5	25	29	1	24	5	28	18	9	3	20	21	3	11
145	18	18	16	6	28	7	18	20	23	5	19	11	27	14	17	13	14	11	26	16	24	19	23	19	11	17	3	26	5	31	18	14	29	10	30	29	33	21	23	35	30	31	28	11	28	5	32	6	26	31	8	26	11	18	11	12	16	14	13	28	33	16	25	20	25	26	16	19	29	28	14	9	4	17	18	18	33	6	27	6	3	32	28	13	9	23	9	35	34	5	24	17	28	21	9	3	20	23	3	11
146	12	13	10	6	28	1	2	2	3	3	26	3	14	6	1	11	9	7	1	9	20	12	6	12	11	14	3	10	1	28	5	3	3	15	11	19	2	3	10	24	15	21	28	6	2	4	22	1	15	19	1	22	12	18	4	12	6	20	13	12	34	1	6	17	20	26	2	12	1	26	20	3	3	19	19	2	31	8	17	7	6	33	21	4	2	4	1	28	27	1	24	5	11	21	4	3	20	21	3	11
146	20	28	16	19	31	20	18	6	8	5	27	16	17	24	2	25	24	12	9	16	21	19	13	12	16	14	3	11	4	29	17	4	29	28	13	19	28	20	30	34	30	31	29	11	18	9	32	6	26	29	7	22	18	31	14	31	13	35	28	17	34	16	25	32	24	28	11	18	22	38	20	7	19	20	26	21	34	17	18	13	10	43	28	13	3	24	5	30	28	1	26	9	28	21	9	3	28	24	12	12
147	12	17	13	3	24	7	14	2	10	3	19	7	20	13	3	10	7	7	8	5	17	12	13	12	11	14	3	10	4	29	17	14	4	10	16	25	6	1	12	19	15	18	25	1	6	5	4	6	16	20	6	21	12	12	4	12	16	13	9	5	29	7	13	8	14	6	1	18	22	22	17	5	3	8	19	18	30	1	8	1	15	32	19	8	5	3	22	30	31	19	16	8	11	18	2	3	17	23	5	16
147	12	20	13	6	30	7	27	2	23	6	25	22	20	15	10	10	8	9	26	12	20	12	23	19	16	16	3	13	5	31	19	22	29	21	30	29	33	7	23	34	15	23	27	7	11	35	8	6	18	31	8	21	25	12	13	12	16	34	12	28	34	18	25	32	21	27	11	22	24	28	20	8	19	20	25	21	30	6	10	5	15	43	23	13	10	5	23	32	33	22	26	9	25	21	6	12	29	24	12	24
148	13	17	14	15	25	8	5	2	10	3	19	8	13	6	4	11	9	7	1	8	21	8	1	2	12	13	5	6	1	30	2	21	2	15	13	22	7	6	9	22	12	18	27	2	2	8	32	1	22	18	8	20	11	12	11	9	3	24	9	11	30	3	25	10	14	15	10	14	16	7	21	2	4	9	26	2	30	2	7	11	16	32	20	4	4	5	22	34	2	20	13	17	5	18	6	3	19	21	2	8
148	13	22	23	21	30	26	27	6	29	6	28	17	14	15	17	25	13	11	8	16	21	24	23	19	24	15	19	15	5	32	23	29	31	25	16	24	34	6	10	23	30	31	28	4	18	35	32	6	26	29	9	22	23	32	11	27	16	35	29	28	31	16	27	32	25	15	10	18	16	28	22	4	8	19	26	8	31	19	20	14	16	33	21	16	20	5	24	34	36	20	24	17	28	20	9	25	23	24	4	11
149	12	12	16	6	24	1	8	2	1	5	18	11	14	6	1	11	9	7	1	3	20	19	12	12	16	14	1	11	1	30	5	2	6	19	11	19	6	6	17	26	12	24	27	1	1	5	4	1	22	18	8	21	11	12	4	9	16	13	12	17	31	16	27	32	21	26	3	11	4	31	3	2	3	9	18	2	31	1	7	3	2	5	26	13	9	11	5	31	30	1	15	11	11	18	1	22	17	23	6	8
149	12	19	17	12	25	7	18	20	10	6	27	16	17	15	17	25	24	11	8	9	25	26	23	15	16	17	2	14	5	32	17	14	32	26	14	24	28	7	21	35	30	31	30	6	17	8	8	3	25	25	14	21	25	13	13	12	16	14	13	28	32	24	28	32	21	28	3	18	29	39	21	9	4	19	20	18	32	17	10	13	6	33	27	13	9	11	8	31	30	1	24	18	25	18	6	25	20	24	12	14
150	10	18	10	6	24	3	1	2	3	3	26	17	13	6	1	9	1	11	2	5	18	15	12	9	12	14	4	9	4	29	10	11	30	12	11	12	32	6	21	23	12	23	27	1	2	3	4	4	16	20	6	19	10	16	11	12	11	34	12	10	29	16	6	17	21	20	3	18	1	38	3	5	6	19	18	18	29	1	6	6	1	33	21	8	8	6	23	30	37	23	23	17	11	20	5	3	19	22	2	8
150	10	28	13	6	25	7	16	4	23	5	28	22	16	14	17	25	13	11	22	16	18	17	15	9	14	17	5	10	5	30	17	16	33	21	30	27	33	7	22	36	15	24	27	1	11	35	32	6	24	31	8	21	11	32	13	31	17	36	30	17	32	16	27	20	21	26	3	18	4	39	14	8	19	28	25	19	34	6	10	6	7	43	23	13	20	8	30	36	42	23	24	18	11	20	6	6	23	23	6	11
151	12	12	10	6	24	1	2	4	10	5	19	3	23	15	3	9	4	12	9	1	20	11	3	12	10	15	34	10	4	27	10	22	3	12	13	24	6	7	17	21	10	21	25	1	4	2	1	4	18	18	6	21	11	12	4	12	4	13	13	10	33	3	24	8	14	2	4	19	16	20	3	4	3	17	19	19	32	1	7	5	7	32	22	4	3	4	5	29	24	8	23	9	11	18	1	3	29	24	12	24
151	12	25	16	19	31	20	18	20	29	6	25	13	26	24	17	11	9	12	22	16	25	13	15	12	16	17	34	11	26	30	17	31	29	20	29	24	7	7	24	34	15	21	30	10	6	5	32	4	27	20	8	22	23	32	13	28	16	35	27	17	33	16	28	32	24	15	8	23	29	28	17	4	6	19	22	19	34	10	26	5	7	35	28	4	8	23	24	34	31	24	24	9	11	18	1	8	29	24	12	24
152	18	28	10	6	15	1	12	6	3	5	19	10	20	14	2	9	7	9	8	1	17	11	6	12	10	12	3	9	4	26	18	14	29	6	10	22	32	1	9	35	15	18	27	1	4	3	8	1	27	18	13	26	10	13	10	12	13	24	13	12	30	3	4	10	20	16	3	21	16	26	17	3	3	12	26	8	30	6	8	1	6	32	26	13	2	23	5	29	24	1	19	9	11	7	3	21	12	20	2	16
152	20	28	18	11	28	23	19	30	5	19	25	21	27	15	17	10	9	10	8	9	21	12	23	19	16	14	5	13	19	31	18	18	29	10	10	22	34	21	23	36	24	25	30	10	17	9	32	4	28	31	14	26	11	33	11	31	16	36	31	17	34	7	28	20	21	27	8	23	21	39	21	8	19	20	26	18	31	21	18	14	9	33	29	16	3	23	5	30	42	8	21	11	25	7	9	23	17	20	6	25
153	13	13	14	15	25	3	7	4	10	3	19	10	20	12	2	9	7	11	6	6	17	8	1	19	11	13	3	6	5	30	17	4	31	15	11	19	28	3	9	23	12	17	25	1	2	3	8	2	23	31	14	20	9	12	4	12	13	14	12	16	34	7	13	8	14	6	1	13	17	21	3	2	4	12	18	8	31	4	7	14	9	33	19	10	4	5	20	34	36	18	16	8	11	18	2	8	17	23	5	14
153	20	17	18	21	30	8	18	12	12	6	25	21	27	13	17	13	11	12	10	8	21	12	23	19	24	14	19	13	5	31	23	21	34	15	16	22	34	7	30	34	24	25	27	10	17	6	32	3	29	31	14	21	12	12	13	12	16	20	19	17	34	7	24	13	14	16	1	22	21	22	23	9	6	19	26	20	32	19	27	19	16	33	21	16	20	8	24	37	36	21	27	9	25	18	6	12	28	24	15	24
154	12	19	10	6	15	7	12	2	3	3	19	7	20	14	5	9	1	7	8	5	17	12	6	17	11	14	3	10	5	27	10	21	2	15	16	22	6	1	9	19	9	21	26	5	3	5	5	1	18	20	14	19	11	12	4	12	13	14	12	5	29	7	25	12	17	15	10	10	1	28	14	3	3	12	16	8	29	4	18	5	7	5	22	4	8	4	8	31	30	7	14	5	25	19	2	21	16	20	5	14
154	18	28	11	11	28	23	22	30	5	19	29	21	20	15	17	9	7	9	22	12	22	14	23	19	16	17	34	13	5	31	22	22	31	25	16	24	34	7	10	23	10	21	30	7	6	35	7	4	23	20	14	21	11	12	13	30	16	34	12	28	31	18	27	17	25	15	12	23	22	31	21	7	3	20	23	18	31	21	27	13	10	35	27	10	9	22	24	34	31	24	16	19	25	23	20	25	18	23	5	16
155	25	25	13	23	15	23	4	30	5	19	25	3	24	12	2	11	9	10	5	8	18	13	6	15	11	15	2	9	4	29	10	14	32	19	11	19	28	6	21	35	13	18	25	4	6	2	2	6	18	20	1	22	12	18	4	12	3	20	13	11	32	16	6	17	14	20	2	10	1	31	3	4	3	17	5	19	32	6	17	3	9	32	19	8	5	5	22	30	31	20	19	5	11	18	2	2	16	23	2	14
155	25	25	13	23	15	23	12	31	9	19	25	10	27	24	17	13	11	11	6	16	25	17	15	17	14	17	7	10	4	30	17	14	32	20	14	27	32	7	22	36	15	24	25	7	11	3	6	6	18	20	4	22	23	32	11	27	13	35	29	28	34	34	25	17	24	27	12	19	4	38	17	7	19	19	19	21	34	8	27	6	15	35	23	10	10	6	23	32	37	22	26	9	25	26	6	15	29	24	12	24
156	10	12	10	6	25	8	2	4	10	5	19	14	13	6	1	11	4	10	2	1	18	15	12	9	13	13	4	13	4	28	17	18	30	11	16	19	33	7	9	23	10	18	8	4	4	5	8	4	23	31	8	21	10	13	10	9	13	14	13	12	31	7	10	8	17	15	10	23	1	7	17	4	3	9	19	3	29	2	8	7	2	5	19	1	20	8	5	35	33	8	19	7	5	17	1	3	12	20	2	15
156	12	25	16	19	31	20	18	5	29	6	28	17	16	15	3	25	13	11	22	16	25	15	13	14	14	17	5	13	5	29	22	31	31	20	30	29	35	7	21	34	11	21	25	13	11	6	32	6	23	31	13	26	11	33	11	30	16	36	31	28	33	7	25	17	21	16	12	23	24	31	25	4	13	12	26	19	32	8	18	23	9	35	29	10	20	22	20	38	34	24	23	9	28	18	5	23	25	24	6	16
157	12	13	11	6	25	3	7	6	23	5	19	1	13	14	10	9	9	7	6	3	17	12	12	12	16	14	1	11	5	30	18	14	29	10	16	22	28	7	9	23	15	18	25	10	6	9	1	4	18	20	7	21	11	12	4	12	6	13	9	12	31	5	7	14	14	27	11	10	5	31	3	3	3	17	20	1	31	1	6	6	2	5	26	1	9	11	1	25	27	1	24	17	28	18	9	3	20	21	3	11
157	18	15	19	15	30	6	16	12	29	5	30	3	17	15	17	9	14	9	22	16	20	19	23	17	16	17	3	13	5	31	22	21	31	15	30	29	34	20	23	34	15	21	26	10	6	9	2	6	18	31	8	22	18	31	14	31	16	35	28	17	35	7	25	17	17	28	12	19	22	31	20	7	4	20	21	19	35	21	18	14	2	32	29	10	20	22	5	35	30	1	24	17	28	18	9	3	20	22	3	11
158	10	18	13	12	15	7	4	2	9	3	25	14	14	6	5	15	9	7	1	1	21	15	6	9	11	17	2	11	4	28	10	14	29	11	30	19	32	6	23	34	15	21	28	1	4	5	5	1	15	20	1	19	11	13	4	12	13	20	13	17	29	2	13	13	14	2	4	14	14	16	3	8	4	9	18	19	32	1	6	1	1	1	19	13	3	4	9	30	35	1	15	5	25	18	1	15	16	22	2	14
158	25	25	13	23	25	31	22	30	10	19	27	16	17	12	11	25	24	9	6	9	24	19	12	17	13	17	4	26	5	30	18	31	30	11	30	29	33	7	24	35	15	26	30	10	28	35	23	8	18	21	14	22	12	18	11	12	16	24	13	17	34	2	23	13	16	6	5	14	16	20	5	9	19	19	22	19	34	1	10	3	6	7	21	13	20	6	22	33	36	19	19	11	26	18	2	22	17	23	5	14
159	18	13	10	6	25	7	1	2	9	5	19	13	20	13	3	9	4	9	8	1	18	17	13	9	14	13	4	9	5	29	5	2	2	19	11	22	6	6	9	23	15	21	25	10	6	8	1	6	18	31	6	26	10	18	11	9	9	24	19	10	31	24	6	12	19	26	3	11	1	31	21	2	4	12	20	8	31	19	7	8	2	33	23	8	9	8	5	30	31	1	19	5	11	18	2	3	17	22	5	12
159	25	15	11	9	28	7	8	16	23	6	19	21	23	15	10	13	7	12	22	5	18	17	15	15	16	17	5	26	5	29	17	16	31	24	16	27	34	6	17	26	25	25	27	10	17	9	4	7	29	31	10	26	12	33	11	31	16	36	31	19	32	34	27	32	21	28	3	12	1	31	23	6	4	20	26	8	31	20	18	8	15	43	26	13	10	11	25	34	42	22	26	9	25	21	6	12	28	24	12	14
160	12	25	13	6	13	6	4	2	1	15	19	8	17	13	17	9	4	9	8	3	20	8	1	12	14	13	5	6	4	29	18	14	29	10	10	13	32	1	9	23	10	21	26	5	6	8	5	1	18	20	1	20	10	16	1	11	16	14	18	17	31	16	25	12	21	26	3	18	4	7	3	3	3	8	18	8	30	1	17	3	2	32	23	8	8	8	8	30	30	7	22	17	11	21	6	3	20	21	6	8
160	20	28	17	23	25	20	18	30	9	19	19	21	20	15	17	11	9	11	22	6	25	15	6	19	24	18	19	10	5	30	23	21	31	15	16	22	34	7	23	35	28	31	28	11	17	35	32	1	26	29	13	22	10	16	13	29	17	20	19	27	34	16	27	17	24	27	11	19	5	39	21	9	4	20	26	18	31	21	18	14	7	43	27	13	9	22	23	31	42	23	23	17	28	26	9	25	23	24	6	24
