ind	locus1	locus2	locus3	locus4	locus5	locus6	locus7	locus8	locus9	locus10	locus11	locus12	locus13	locus14	locus15	locus16	locus17	locus18	locus19	locus20	locus21	locus22	locus23	locus24	locus25	locus26	locus27	locus28	locus29	locus30	locus31	locus32	locus33	locus34	locus35	locus36	locus37	locus38	locus39	locus40	locus41	locus42	locus43	locus44	locus45	locus46	locus47	locus48	locus49	locus50	locus51	locus52	locus53	locus54	locus55	locus56	locus57	locus58	locus59	locus60	locus61	locus62	locus63	locus64	locus65	locus66	locus67	locus68	locus69	locus70	locus71	locus72	locus73	locus74	locus75	locus76	locus77	locus78	locus79	locus80	locus81	locus82	locus83	locus84	locus85	locus86	locus87	locus88	locus89	locus90	locus91	locus92	locus93	locus94	locus95	locus96	locus97	locus98	locus99	locus100
001	1	1	1	1	1	1	1	1	1	1	1	1	1	1	1	1	1	1	1	1	1	1	1	1	1	1	1	1	1	1	1	1	1	1	1	1	1	1	1	1	1	1	1	1	1	1	1	1	1	1	1	1	1	1	1	1	1	1	1	1	1	1	1	1	1	1	1	1	1	1	1	1	1	1	1	1	1	1	1	1	1	1	1	1	1	1	1	1	1	1	1	1	1	1	1	1	1	1	1	1
001	1	2	1	1	1	1	1	1	1	2	2	2	2	2	2	2	2	2	2	2	2	1	2	2	1	2	2	2	2	2	2	2	2	2	2	2	2	2	2	1	2	2	2	2	2	2	2	2	2	2	2	2	2	2	2	2	2	2	2	1	2	2	2	2	2	2	2	2	2	2	2	2	2	2	1	2	2	2	2	2	2	2	2	2	2	2	2	1	2	2	2	2	2	2	2	2	2	2	2	2
002	2	2	2	1	1	2	2	2	1	3	3	2	3	2	1	3	1	3	3	1	3	2	3	1	1	3	1	3	3	1	2	1	3	2	2	1	3	3	3	2	3	1	3	3	3	3	3	3	3	3	3	2	3	2	3	2	1	1	3	1	2	1	3	3	1	1	3	3	2	2	1	1	1	1	1	3	2	2	1	3	2	3	1	1	1	1	1	1	1	1	1	1	2	2	3	3	2	1	3	1
002	3	3	3	1	2	3	3	2	2	4	4	3	4	3	3	4	3	4	4	3	4	3	4	3	2	4	3	4	3	3	2	2	3	3	3	3	4	4	4	2	4	3	3	4	4	4	4	4	4	4	4	3	4	3	4	3	3	2	4	2	3	1	4	4	3	3	4	4	2	3	3	3	2	2	2	4	3	3	2	4	3	4	3	3	3	3	3	2	3	1	3	3	3	3	4	4	3	3	4	3
003	1	1	3	2	1	4	1	3	1	5	5	4	5	4	2	4	2	1	5	4	5	2	5	4	1	5	4	5	4	1	1	2	1	3	2	3	1	2	4	1	5	1	4	3	5	1	2	1	5	1	3	2	3	1	1	4	1	1	1	1	1	3	5	2	4	1	5	5	3	1	2	2	2	2	1	4	2	2	3	2	4	5	2	3	2	4	4	3	4	3	3	2	4	4	5	1	1	1	2	2
003	1	3	4	3	1	5	1	4	3	5	6	5	6	5	4	5	4	3	6	5	5	4	5	5	1	6	5	6	4	4	2	2	3	4	4	4	1	4	5	3	6	4	5	5	6	3	5	5	6	3	5	4	5	4	2	5	4	2	5	2	4	3	6	5	5	4	6	6	3	3	3	4	3	3	2	5	4	4	4	5	4	5	2	3	4	5	4	3	5	3	4	2	5	5	6	2	3	4	2	4
004	4	4	5	3	3	2	4	5	4	6	4	5	2	2	2	5	2	1	6	2	6	2	4	2	2	2	6	2	5	2	2	1	1	2	1	2	1	1	2	2	5	3	1	3	4	2	3	1	6	2	1	2	3	4	1	1	1	2	1	1	2	4	4	6	6	3	7	1	1	4	4	5	2	1	1	2	5	5	2	2	5	2	4	4	5	6	1	4	4	3	3	2	4	3	3	2	1	4	1	4
004	5	4	6	4	4	6	5	5	5	7	6	6	7	6	2	6	5	4	7	5	6	2	4	2	2	2	6	6	6	2	2	2	4	4	2	5	2	5	6	4	7	5	3	4	4	4	6	6	7	3	4	2	6	5	5	2	5	3	4	3	5	5	7	7	6	5	8	7	4	5	5	5	2	2	3	6	5	5	2	2	6	4	5	5	6	6	3	5	6	4	5	4	6	4	5	5	3	5	2	5
005	6	5	7	4	5	7	4	6	4	1	4	1	6	2	1	7	1	1	2	3	1	2	4	1	2	2	6	2	7	4	3	2	3	1	2	4	3	1	2	1	6	1	6	6	7	1	1	2	2	3	1	2	3	4	3	1	1	3	1	3	6	2	7	3	7	1	3	4	5	6	1	1	1	2	1	1	1	1	1	5	1	1	1	6	5	7	3	5	1	1	1	1	3	1	1	1	1	5	4	3
005	7	6	8	5	6	8	6	7	5	5	7	5	8	5	3	7	6	3	4	4	6	5	6	6	3	7	7	7	8	5	4	3	5	5	3	6	5	4	7	2	8	6	7	7	7	2	7	3	8	5	6	5	7	6	5	2	6	4	4	4	7	5	8	6	7	6	6	8	6	7	3	2	4	4	1	4	6	5	4	5	7	6	6	7	7	8	5	6	7	3	6	5	5	3	7	1	2	6	5	4
006	2	2	1	1	1	1	1	1	1	1	2	1	2	2	5	6	5	2	8	2	6	2	7	1	2	1	7	2	9	1	5	2	6	4	1	1	3	4	4	5	2	1	2	6	2	1	1	2	2	2	3	2	3	1	3	3	1	1	3	2	7	5	3	3	4	6	3	4	4	2	1	1	1	1	1	1	1	1	1	3	4	2	2	3	2	9	1	5	2	1	4	1	1	1	1	1	1	1	5	3
006	7	2	9	6	1	9	6	4	1	3	8	7	9	5	6	8	6	4	8	4	7	2	8	3	4	3	8	8	10	5	6	3	7	6	5	7	6	4	8	6	8	2	6	8	7	2	7	3	8	5	5	2	8	2	4	3	7	5	4	2	7	5	7	8	4	6	8	4	6	7	6	2	5	5	4	6	7	6	5	6	6	5	7	5	6	10	4	7	4	3	7	4	7	4	3	5	3	5	6	5
007	2	7	7	3	4	2	4	2	5	3	2	1	4	2	7	8	6	1	4	2	1	2	3	3	5	3	7	5	2	3	4	2	8	3	2	4	1	2	2	2	1	1	2	1	6	2	1	5	2	5	1	1	7	3	5	3	6	6	3	1	2	1	9	4	1	1	4	1	2	2	2	2	6	1	2	3	2	2	3	1	6	5	8	5	6	9	1	5	2	2	2	2	2	2	2	2	2	5	2	3
007	4	8	7	7	4	10	7	8	6	6	4	1	9	5	8	9	7	2	8	4	5	5	7	5	6	8	9	6	8	6	7	3	9	7	6	7	6	4	9	7	6	5	8	6	7	5	7	6	8	6	6	5	9	5	6	4	8	7	4	4	7	2	10	7	4	6	9	4	6	7	7	6	7	4	5	7	8	7	6	6	8	7	8	5	7	11	6	7	8	5	7	6	4	2	7	4	3	7	5	6
008	1	3	3	3	1	5	1	4	1	4	3	4	4	7	2	1	5	3	5	6	5	5	7	4	1	7	4	5	2	1	8	4	1	1	1	1	1	3	1	1	2	1	4	5	2	3	2	1	5	3	1	6	3	7	1	1	1	2	2	1	5	1	2	6	6	5	7	1	4	3	3	4	2	2	1	2	2	2	2	2	3	4	1	2	5	8	3	6	1	1	5	4	6	2	3	2	2	4	1	1
008	8	4	6	5	4	11	8	9	7	5	4	4	5	7	4	9	7	3	9	7	5	5	9	5	5	8	10	6	7	6	9	5	2	8	2	6	7	4	7	7	9	4	7	7	5	6	5	7	8	3	7	6	9	8	4	6	2	2	3	2	7	5	3	9	8	7	8	3	7	4	5	7	2	6	2	4	4	2	7	4	8	6	9	7	8	8	3	6	9	5	8	7	8	3	8	5	4	5	2	5
009	2	4	6	3	4	1	8	2	7	4	4	2	5	1	2	9	3	3	3	7	2	2	5	6	6	3	2	5	4	3	5	2	6	4	1	1	3	2	2	4	3	2	9	1	2	2	1	1	8	2	1	3	7	5	7	1	6	3	4	5	1	3	4	5	5	1	6	2	3	1	3	2	5	5	4	6	4	2	1	2	5	4	4	4	5	9	3	4	6	4	3	3	4	2	3	5	2	3	1	2
009	9	6	10	7	4	10	9	9	8	4	9	4	6	7	9	10	5	5	5	8	5	5	9	6	6	8	5	9	7	7	6	6	10	7	6	7	8	4	8	7	9	4	9	5	7	6	6	8	8	7	3	3	7	5	8	3	6	8	4	5	8	5	6	10	6	5	7	6	8	8	6	5	8	6	6	7	7	6	5	6	9	4	4	4	7	9	3	4	6	4	5	4	6	6	3	5	3	5	1	5
010	8	5	5	5	5	11	1	10	4	1	1	1	1	1	1	1	8	1	1	1	5	2	4	5	2	9	5	2	5	4	1	5	2	1	1	6	3	2	5	2	2	1	1	1	1	2	1	1	1	3	4	3	4	5	1	2	3	2	3	2	4	2	3	4	5	4	6	1	2	6	7	2	5	7	7	8	9	7	8	1	6	2	6	5	5	7	1	7	7	1	1	4	3	2	8	2	2	4	2	1
010	10	9	7	5	7	11	1	10	4	8	10	5	2	3	9	7	9	6	7	8	8	4	5	7	5	10	6	6	8	8	9	7	4	8	2	8	7	4	7	7	2	2	2	2	2	2	7	7	2	4	6	6	7	8	9	3	9	3	4	6	6	5	11	5	8	5	7	8	9	8	8	4	9	8	8	9	10	8	9	7	7	3	7	6	9	9	1	8	8	6	8	8	8	7	9	2	2	6	4	6
011	4	7	6	3	3	2	4	5	2	1	2	1	2	2	5	9	5	1	4	2	2	1	2	2	1	1	2	1	8	1	1	1	1	4	1	1	1	1	1	2	1	2	10	1	2	1	2	5	2	2	6	2	7	2	4	3	1	5	4	5	7	4	6	3	2	6	3	4	6	7	6	2	1	4	5	1	1	5	10	3	2	2	2	3	2	10	2	5	2	3	1	2	3	4	2	1	1	4	2	1
011	5	8	7	8	3	8	6	8	8	9	4	8	4	2	8	11	7	2	7	2	6	2	8	2	7	2	8	2	8	2	8	1	1	9	1	1	3	1	1	8	6	7	11	2	8	2	7	7	8	4	8	3	10	5	10	3	7	9	4	6	7	5	7	8	7	8	10	7	7	9	9	4	5	8	9	5	7	7	11	8	4	5	2	7	7	10	4	9	5	5	3	5	8	7	10	1	5	5	3	7
012	1	7	3	5	1	5	6	7	1	5	1	1	1	2	9	1	1	1	1	1	6	6	1	2	1	1	2	4	2	3	1	1	1	2	2	3	1	2	5	1	4	1	6	3	4	1	1	3	2	4	4	6	4	8	1	2	2	2	2	2	2	1	8	6	7	1	6	1	5	1	3	2	2	2	1	4	4	4	4	2	1	1	1	1	1	1	1	1	1	1	3	2	3	2	3	1	2	1	2	2
012	1	8	6	8	3	12	6	11	9	9	4	5	10	8	10	7	9	4	4	3	6	6	2	2	1	2	2	6	8	8	2	2	3	4	2	4	3	6	10	4	8	8	12	5	7	4	8	4	3	5	7	6	9	8	4	6	3	2	3	2	6	2	9	7	7	6	11	9	6	6	6	2	5	5	4	6	7	6	5	6	7	3	6	6	5	6	3	8	7	6	4	3	5	5	11	5	3	3	5	2
013	1	2	2	1	1	3	1	1	1	5	2	1	4	2	8	9	7	1	4	2	4	3	1	1	1	2	1	4	3	3	5	2	6	4	1	4	3	2	4	5	4	4	12	3	4	1	6	4	3	1	4	3	5	1	7	1	1	9	2	5	1	1	4	4	1	1	4	1	2	2	3	5	5	6	4	6	4	2	5	2	1	1	1	1	1	8	1	1	1	1	1	2	2	4	1	1	2	1	2	2
013	5	6	6	5	3	13	4	9	9	8	4	1	4	9	11	9	7	1	4	2	5	5	4	7	2	4	11	6	3	3	10	7	11	10	3	9	9	7	11	9	6	8	13	3	6	4	8	9	6	4	9	7	7	9	10	2	6	10	6	6	2	5	11	6	6	9	7	4	4	4	10	6	8	8	6	7	11	8	12	8	8	6	1	7	5	8	3	6	1	5	4	4	5	8	8	6	3	1	7	4
014	1	5	3	5	1	5	5	7	1	5	8	2	2	2	3	4	1	4	4	3	3	2	3	2	1	2	2	2	3	1	5	2	6	1	2	1	5	4	2	5	6	4	10	3	6	1	7	5	2	3	4	3	4	5	1	2	1	2	3	2	5	1	4	4	1	1	11	2	6	7	6	2	5	5	4	1	7	6	5	6	1	1	1	1	1	1	1	1	1	1	3	3	3	2	2	4	2	2	3	1
014	5	8	11	8	4	14	6	11	10	9	11	3	4	3	4	12	3	6	7	5	6	2	4	3	2	3	6	9	5	2	10	7	11	10	3	9	9	7	11	9	6	4	12	3	9	3	9	10	8	4	6	6	7	8	10	3	3	9	4	6	5	4	9	11	7	2	12	10	6	8	11	6	6	8	8	6	7	6	13	9	10	2	3	5	9	11	3	10	8	7	7	9	5	4	3	5	2	3	4	3
015	1	2	1	1	1	1	1	1	1	1	3	4	4	7	2	1	6	2	7	1	1	5	3	3	1	8	4	1	4	3	2	2	3	6	2	2	4	1	2	1	2	1	1	1	3	1	6	6	1	1	3	2	3	1	1	1	1	2	1	1	2	1	3	3	1	2	10	1	1	7	2	3	2	6	1	6	3	2	3	2	1	1	1	1	1	1	1	1	1	1	3	3	3	2	3	3	2	3	3	1
015	2	2	1	1	1	1	2	2	1	1	4	9	11	9	4	6	7	3	9	6	5	7	9	8	4	10	5	5	4	9	7	3	10	10	6	7	6	2	12	10	5	3	1	4	4	2	10	8	1	8	6	3	4	4	4	2	3	11	3	1	7	6	4	6	4	6	13	11	6	10	12	5	7	6	5	9	5	2	14	10	6	5	7	5	6	6	1	5	4	1	3	10	3	2	3	3	2	4	3	1
016	10	9	6	3	4	8	8	8	2	1	4	5	5	2	2	6	5	1	4	5	1	1	1	1	1	1	8	1	4	1	6	2	6	4	2	1	1	1	5	4	6	7	10	3	6	1	2	5	2	4	1	2	7	1	11	3	1	1	1	3	1	3	2	2	4	4	5	1	3	3	1	6	5	5	4	6	5	2	3	3	4	2	2	3	2	4	3	1	2	3	1	2	6	1	5	1	3	2	1	1
016	11	9	6	5	7	11	10	12	5	7	9	8	11	3	4	12	10	5	7	6	6	5	8	2	7	2	11	6	8	3	8	6	10	7	6	7	6	4	8	7	6	7	10	3	6	5	2	5	9	4	6	6	11	6	12	4	1	6	4	4	5	4	5	6	9	5	7	5	4	8	13	7	10	9	5	10	7	6	5	3	4	8	4	6	5	6	4	11	7	6	4	4	8	3	10	5	5	5	3	5
017	7	3	4	3	3	5	1	4	7	2	8	1	1	2	8	3	7	1	4	2	6	2	1	1	1	1	7	1	8	1	1	2	1	4	2	4	1	2	5	1	2	1	1	1	1	2	1	1	1	1	3	2	3	4	1	1	1	6	1	1	2	2	6	3	2	3	8	7	7	2	1	1	1	1	1	3	3	2	1	3	2	2	3	3	1	4	2	1	2	2	1	2	5	1	1	1	1	4	4	1
017	9	4	6	6	8	7	9	6	9	3	12	2	4	3	9	9	9	1	4	6	7	5	7	3	2	7	8	8	10	6	11	8	12	10	4	7	9	8	13	9	10	1	1	3	1	3	6	5	1	4	6	2	7	6	12	3	6	11	4	4	2	5	9	11	10	6	9	10	7	5	2	5	8	2	1	7	5	3	2	11	4	2	3	6	1	5	7	9	2	2	8	5	8	5	8	2	2	6	5	1
018	5	4	6	5	3	3	4	7	7	4	1	1	1	1	1	1	1	1	1	3	2	1	1	1	7	1	3	5	4	2	10	7	4	10	3	4	3	3	4	5	6	1	5	2	2	1	2	5	6	1	1	3	7	5	5	1	6	3	4	4	3	1	3	2	3	3	3	3	2	3	3	3	11	4	5	1	5	3	10	5	4	2	2	3	1	6	1	3	4	3	2	1	2	2	8	2	2	4	2	1
018	8	6	6	5	4	13	8	9	9	5	8	2	4	2	3	4	9	4	4	6	6	2	8	2	8	2	8	6	8	2	12	9	11	10	4	9	9	7	11	9	6	4	13	3	6	1	7	5	8	5	6	5	7	6	9	2	6	3	4	5	5	3	5	3	4	4	5	5	3	3	11	4	12	10	10	1	7	6	15	9	6	7	5	5	6	10	4	5	10	3	8	8	8	2	10	2	2	5	4	3
019	1	4	3	3	4	5	4	4	1	1	9	2	2	7	9	10	8	6	4	7	6	2	4	2	1	2	6	4	6	2	2	2	2	2	1	1	2	2	2	1	1	2	5	2	2	1	2	2	2	1	1	3	1	1	1	3	1	1	1	1	4	3	7	5	1	1	6	1	2	1	10	5	4	5	4	5	10	6	5	8	7	2	6	3	2	5	1	8	5	1	1	2	6	1	5	1	3	2	1	1
019	4	8	7	8	8	11	6	10	2	3	10	2	5	7	9	10	11	6	7	8	9	2	9	4	2	3	11	10	7	7	5	2	6	4	2	2	3	4	4	5	6	7	11	3	6	2	7	5	6	2	6	4	7	5	10	7	1	9	4	6	5	5	7	8	5	3	10	6	3	9	10	8	13	8	11	6	11	8	16	8	7	3	9	6	5	7	4	9	7	6	5	4	8	6	10	5	5	5	3	8
020	6	1	7	4	5	7	6	4	4	1	4	1	4	2	1	4	5	1	2	2	6	5	2	2	1	2	2	2	5	2	4	1	2	4	2	3	5	2	3	1	2	1	1	1	3	1	7	5	1	1	3	1	7	3	6	3	1	8	4	3	1	3	5	2	4	1	5	5	5	1	2	2	4	4	1	6	4	2	11	8	5	4	4	4	2	9	3	4	6	4	3	2	3	1	1	2	1	3	2	4
020	7	5	9	8	8	9	6	6	8	9	8	4	11	7	8	9	7	4	4	4	6	6	4	2	2	2	6	6	8	3	9	6	3	11	7	6	7	5	14	10	6	7	10	3	6	1	10	6	8	4	6	3	9	5	10	4	10	9	4	6	8	3	6	5	5	4	6	6	10	3	11	9	13	8	8	11	10	6	17	10	9	4	4	4	7	12	3	8	11	4	4	2	4	4	5	2	6	3	7	6
021	10	3	12	6	9	2	2	13	3	10	6	10	3	10	12	13	12	7	10	9	10	8	10	9	9	4	6	11	11	10	6	9	13	6	5	6	10	9	2	11	5	9	14	6	10	6	11	2	10	2	10	6	9	8	13	8	6	12	7	7	6	2	12	12	6	10	14	12	11	11	9	9	14	2	6	3	2	7	18	9	4	9	5	6	4	13	8	12	1	8	8	11	4	3	7	5	6	4	8	9
021	12	8	13	9	9	9	11	13	4	11	11	10	3	11	13	14	13	8	11	10	11	9	11	10	10	11	12	12	12	11	13	10	14	8	8	10	11	10	4	12	5	9	15	9	11	7	12	6	11	9	11	6	9	8	13	8	6	12	7	8	9	4	12	13	9	11	15	12	12	12	10	10	15	9	12	6	12	9	19	12	6	9	8	8	9	14	8	13	4	9	9	12	9	4	7	7	7	8	9	10
022	7	5	12	10	10	2	3	13	11	11	13	11	2	10	14	15	14	8	10	11	4	8	12	9	1	1	6	12	11	12	14	9	15	8	8	10	12	10	4	13	9	10	12	9	11	8	12	2	12	10	10	6	4	8	13	8	6	12	7	7	9	5	13	14	11	4	16	12	11	13	9	5	16	1	3	3	13	10	14	12	9	10	8	2	2	15	4	12	1	1	6	12	10	4	5	8	5	9	6	10
022	13	9	12	11	11	3	11	14	12	12	13	11	7	12	15	16	15	9	11	12	12	10	13	10	8	12	13	13	13	13	15	9	16	12	9	11	13	11	4	14	11	11	16	10	12	8	13	6	13	10	12	8	9	9	14	9	6	13	8	9	10	5	14	14	12	5	16	12	13	14	9	7	17	10	12	9	14	10	18	13	9	11	10	6	7	16	9	14	8	10	8	13	11	9	5	9	8	10	9	11
023	11	7	12	10	9	3	2	14	4	10	6	10	3	10	15	1	14	8	11	9	7	8	10	11	11	2	8	12	14	10	14	4	14	11	6	10	12	10	6	15	3	9	16	6	10	6	14	1	11	2	7	3	9	7	6	6	3	6	9	10	9	4	13	15	6	4	16	12	14	15	1	2	14	1	6	5	2	8	2	14	5	9	5	3	3	17	4	13	6	11	8	11	9	4	6	3	3	10	8	10
023	12	8	14	11	11	3	2	15	13	11	13	11	5	12	16	17	16	10	12	12	10	10	14	12	12	10	8	12	15	10	14	11	15	13	8	11	14	12	6	16	11	11	17	11	13	7	15	8	12	7	13	6	12	10	15	10	4	12	10	11	9	5	13	15	10	4	16	12	14	15	7	3	15	4	12	9	13	8	18	15	7	11	7	7	7	17	10	15	11	12	8	11	9	4	7	10	6	11	8	11
024	7	3	12	9	9	1	2	13	4	10	6	12	4	11	15	14	13	4	4	10	4	11	10	9	1	1	8	11	12	11	14	4	14	6	6	10	12	13	10	11	5	8	15	5	13	6	14	2	10	7	13	4	4	10	13	9	6	9	11	7	9	5	13	13	6	4	14	13	13	13	6	5	18	2	2	1	4	9	18	9	6	11	5	2	4	16	4	12	8	10	9	14	8	9	3	8	7	8	8	10
024	12	10	15	11	12	5	11	16	6	13	14	12	4	11	17	18	17	8	12	13	10	12	11	10	10	10	14	11	16	14	15	12	16	14	9	12	15	14	15	11	11	9	16	9	14	6	15	6	14	8	14	6	10	11	16	11	9	12	12	12	9	7	15	15	6	10	17	14	14	15	9	10	19	9	12	6	13	11	19	15	9	11	8	2	5	16	11	16	9	13	9	14	8	9	5	8	9	8	10	10
025	13	2	12	9	10	1	2	16	3	10	14	12	4	10	15	1	16	4	1	10	4	10	12	12	7	1	8	11	16	14	14	4	17	15	8	10	12	13	15	12	5	12	16	5	11	6	14	2	10	2	13	6	13	4	1	5	5	9	1	7	9	4	12	12	9	10	14	12	11	11	9	5	14	2	1	1	13	9	18	13	6	11	5	2	4	16	4	12	1	10	8	12	12	3	5	11	3	4	8	1
025	14	9	15	11	13	5	3	17	7	14	15	12	7	11	16	18	17	7	10	14	13	13	13	13	9	7	15	12	17	15	16	9	18	15	10	13	16	15	16	12	11	13	18	12	14	6	15	6	11	7	15	9	14	12	13	11	6	9	13	12	10	5	14	16	10	12	15	15	11	13	13	7	16	10	12	3	13	10	20	15	9	11	8	2	7	16	4	12	8	13	9	15	13	9	12	12	4	10	11	10
026	11	5	12	11	12	3	6	13	13	15	11	10	3	10	14	14	13	8	11	9	4	8	7	9	9	7	1	4	15	10	16	9	16	6	8	10	14	15	2	14	4	11	15	9	14	6	14	8	11	7	10	4	4	8	13	8	6	8	12	7	10	7	12	13	3	10	14	13	13	11	1	8	19	4	2	2	2	8	6	14	7	9	8	2	4	14	8	12	4	10	8	11	9	4	5	7	6	4	8	9
026	11	7	16	12	13	9	11	13	14	15	11	12	4	11	16	17	14	10	11	10	10	8	14	12	13	10	3	12	16	15	17	13	19	8	9	11	17	16	6	17	5	14	19	11	14	8	16	8	13	7	12	6	5	13	17	12	9	12	14	10	11	8	16	15	3	12	15	16	15	14	9	11	20	11	12	5	4	12	19	16	9	11	8	8	5	16	11	16	9	12	8	14	9	4	7	7	6	8	8	11
027	7	5	12	11	10	1	11	16	13	11	6	10	3	10	12	13	12	7	2	9	4	10	13	12	1	1	6	13	16	12	6	9	14	8	8	6	11	15	2	11	4	9	15	9	11	6	12	6	11	2	13	6	12	4	6	1	2	3	1	7	9	6	14	12	9	6	14	12	12	11	7	5	16	1	3	3	12	6	20	12	5	12	7	3	3	14	4	13	1	9	2	11	8	9	3	8	4	8	5	10
027	15	9	17	13	14	2	11	16	15	14	11	12	5	13	18	18	18	7	5	15	4	10	13	14	4	1	15	13	16	12	15	12	20	8	10	7	11	17	3	12	5	9	17	12	15	7	14	8	15	8	15	6	14	7	14	6	3	9	13	7	10	9	15	17	10	12	17	14	15	13	8	5	21	2	6	9	13	7	20	12	5	12	8	4	10	17	10	17	9	11	9	14	14	10	5	9	7	8	8	12
028	13	2	12	9	10	3	2	13	3	10	14	12	4	10	15	1	16	4	3	14	10	8	12	10	6	12	13	8	13	13	16	9	18	8	8	6	12	10	2	11	3	11	12	5	10	6	14	1	12	9	13	5	4	10	15	11	1	8	8	13	6	2	13	13	6	4	15	12	12	12	6	2	18	2	2	1	4	9	18	7	2	11	5	8	4	16	11	16	1	10	2	12	10	3	8	13	6	10	10	13
028	14	5	15	11	15	5	11	17	7	11	15	12	7	11	16	18	17	7	10	15	12	9	13	10	8	12	15	12	18	16	18	13	19	15	9	10	17	13	4	11	11	15	14	10	12	9	15	8	13	11	14	10	9	13	16	13	1	14	15	14	9	4	14	17	10	11	16	12	14	15	9	8	22	9	12	5	4	9	20	13	9	13	8	8	7	18	11	18	8	14	8	12	11	9	13	13	10	10	10	13
029	11	4	12	11	10	2	3	13	11	11	11	12	2	10	15	1	15	7	10	9	11	10	12	10	10	13	1	8	17	15	14	9	15	7	6	6	11	10	4	13	3	9	16	5	10	7	15	6	10	11	6	8	9	1	11	8	6	9	13	9	10	5	12	5	6	4	14	12	14	13	1	8	20	4	2	5	2	9	6	7	7	10	6	3	3	15	2	16	1	3	6	11	11	4	3	10	4	7	5	9
029	13	5	15	12	13	3	11	18	12	13	16	13	4	12	16	17	16	10	11	12	11	13	15	12	14	14	12	8	19	17	15	11	21	12	9	11	12	10	6	16	3	9	16	5	10	7	15	6	10	11	16	9	15	9	13	11	9	12	15	12	10	10	15	13	10	5	18	17	16	16	9	11	22	9	12	5	4	12	18	14	9	12	8	5	8	19	4	19	12	14	6	14	15	11	7	14	11	8	9	12
030	13	4	12	6	12	2	3	13	1	15	15	11	5	10	16	1	12	7	10	14	10	9	10	11	11	11	8	7	11	10	6	9	13	6	5	6	10	9	2	11	11	9	15	9	11	6	15	6	13	3	9	3	2	7	6	6	1	6	10	10	9	5	13	16	6	11	14	15	11	13	9	7	14	2	3	6	2	6	18	13	10	14	8	5	7	14	4	20	9	11	6	14	13	9	3	8	4	8	2	10
030	16	7	14	11	16	9	11	17	15	16	16	12	7	14	17	1	12	7	12	16	10	13	14	15	11	14	8	12	14	10	13	10	14	8	8	10	11	10	2	12	11	12	17	9	13	6	17	8	14	9	14	4	12	14	18	13	4	9	16	11	10	5	15	17	10	11	15	16	17	14	9	9	23	2	13	9	13	8	21	15	11	15	8	9	7	14	4	21	12	11	9	14	14	11	7	9	9	10	8	12
031	12	3	12	9	9	1	2	13	4	10	9	12	3	12	18	19	18	11	5	10	4	8	14	9	2	10	3	4	16	10	13	10	13	6	6	10	10	9	1	11	3	11	14	9	11	6	13	8	13	2	12	5	1	1	13	5	6	8	11	7	9	1	14	15	6	11	14	14	11	12	9	8	14	1	3	5	4	6	18	7	7	12	3	5	3	16	4	16	6	8	8	12	9	3	3	7	6	8	8	12
031	13	7	15	13	10	2	11	13	12	11	11	14	3	12	19	19	19	12	6	15	14	11	14	11	12	14	3	12	16	17	17	13	22	6	8	14	11	15	2	16	5	12	17	13	11	10	15	9	15	9	13	6	4	10	18	8	6	12	12	12	9	7	17	16	6	11	15	15	12	13	9	9	22	9	12	9	13	9	18	12	7	12	5	9	11	19	10	19	9	9	8	14	11	4	7	10	6	10	8	13
032	7	5	12	11	10	1	11	13	12	11	14	10	4	10	15	1	16	2	1	14	11	11	12	13	4	12	12	7	18	11	17	11	14	6	9	11	11	15	3	16	5	11	15	9	14	6	14	6	14	2	9	6	10	7	4	9	6	12	12	8	10	4	12	12	10	11	14	15	11	11	7	3	15	2	6	5	2	6	2	14	9	9	3	4	4	15	2	12	2	3	6	12	10	3	3	12	3	3	8	13
032	13	9	15	13	11	2	11	16	13	11	15	12	7	15	16	18	17	7	10	17	15	13	16	13	15	14	16	8	20	14	19	13	15	13	9	11	14	15	4	16	11	13	15	9	14	7	16	8	14	7	13	6	12	10	13	13	6	15	17	15	10	5	15	17	10	11	14	16	17	13	10	5	16	4	12	10	15	8	21	17	9	10	4	6	9	16	11	17	12	14	9	12	13	9	11	13	7	12	10	14
033	12	3	12	6	11	1	2	13	4	14	11	12	4	10	16	1	14	7	10	9	7	13	10	15	3	2	8	7	13	10	17	9	13	6	10	7	17	9	6	11	5	9	15	5	11	6	12	2	10	2	12	5	2	1	18	5	1	8	12	10	9	4	13	14	10	5	15	12	11	11	1	2	23	2	12	1	2	6	20	15	9	11	2	3	4	15	7	16	1	3	6	14	15	6	3	10	4	7	5	12
033	13	7	12	11	14	1	11	18	12	15	15	12	7	10	16	17	16	10	11	14	10	13	14	15	9	14	13	12	17	10	17	9	13	6	10	7	17	9	6	11	5	12	16	9	15	7	15	6	11	7	12	11	16	4	19	13	6	16	18	12	10	5	14	16	12	10	16	15	13	13	9	7	23	2	12	6	4	6	21	15	9	16	6	10	9	17	12	19	12	9	8	14	16	11	7	10	5	10	8	13
034	7	4	15	11	9	5	3	16	1	13	6	11	4	10	14	1	12	7	12	13	4	8	12	9	12	10	1	7	16	10	14	11	13	11	9	10	12	9	4	11	3	11	3	5	12	6	15	2	10	2	6	8	9	2	4	11	9	9	13	12	10	4	14	13	3	10	15	15	11	11	9	9	14	2	3	1	12	6	18	12	7	12	5	5	3	16	4	16	6	8	3	14	9	4	5	7	6	7	2	10
034	17	10	15	14	11	9	11	17	6	16	15	12	5	11	15	14	13	8	12	18	11	10	14	14	14	13	3	8	17	15	18	11	17	12	9	14	16	15	6	18	5	12	16	9	14	11	17	10	16	7	15	9	15	8	14	14	9	13	18	14	12	4	15	16	10	10	18	16	15	13	10	9	14	2	6	3	13	7	18	12	11	15	5	9	7	18	4	22	12	15	8	14	17	11	7	13	12	8	8	11
035	12	2	12	9	9	3	2	13	2	10	11	12	4	10	14	15	13	8	11	11	11	11	14	13	9	14	8	8	11	10	10	12	15	12	6	6	12	10	2	11	3	9	17	11	13	6	14	6	11	2	3	9	2	1	11	11	6	8	13	10	9	1	12	12	9	6	14	12	11	14	1	2	16	1	12	1	4	6	18	12	9	17	5	3	7	17	2	13	9	9	6	12	11	9	7	9	6	10	2	12
035	14	3	15	11	13	5	2	17	3	10	13	13	7	10	15	15	20	8	12	19	15	13	16	16	15	14	12	12	20	11	14	13	18	15	9	10	14	13	6	16	4	13	19	12	15	7	14	8	15	8	14	10	15	14	17	13	9	9	16	12	9	4	13	14	12	10	16	15	14	14	8	7	24	2	12	3	12	13	20	15	11	18	8	5	11	18	4	22	9	12	8	12	14	11	8	10	9	10	10	13
036	13	5	15	9	10	1	11	16	13	14	13	11	5	10	15	1	12	7	10	12	10	10	12	9	1	1	6	7	17	14	13	4	13	8	6	10	11	9	2	11	11	10	4	6	15	2	13	1	15	10	10	5	2	1	2	13	6	9	3	12	6	5	12	13	10	4	15	6	12	13	9	7	16	9	12	3	4	9	18	9	9	10	6	3	8	16	4	12	2	1	8	14	9	4	7	7	6	4	8	11
036	13	5	15	13	15	2	12	19	15	14	15	12	7	12	16	1	16	8	11	14	12	13	12	14	16	13	6	13	21	15	14	14	17	15	10	10	12	15	15	12	11	11	16	9	16	6	13	8	16	10	16	10	17	7	20	13	6	17	10	15	9	5	13	16	10	11	19	13	12	16	10	12	19	10	14	6	13	10	20	13	9	11	8	4	9	20	12	19	9	14	8	14	9	4	7	7	6	10	10	11
037	11	4	12	12	10	3	3	18	7	10	6	12	3	10	15	3	12	10	11	9	11	10	12	12	4	4	1	7	14	13	15	1	14	8	2	10	12	9	4	11	4	11	12	5	14	6	13	1	16	2	10	6	4	5	15	5	1	1	12	8	9	5	13	12	6	4	16	12	11	12	1	2	14	1	5	1	12	8	18	15	4	9	3	6	9	1	8	13	1	8	3	12	9	6	3	13	11	7	2	13
037	11	4	15	13	13	3	11	18	11	13	17	13	7	10	16	17	14	10	13	20	15	13	12	13	14	13	15	8	17	15	18	11	18	15	11	13	17	16	6	18	11	15	16	9	15	10	18	3	16	7	14	10	9	13	17	9	5	8	14	12	10	5	13	15	13	9	18	18	14	17	13	2	14	2	12	9	13	9	20	15	6	19	5	9	11	14	13	23	9	9	3	14	17	11	5	13	12	10	10	14
038	10	3	15	8	14	3	12	16	3	14	13	11	2	10	15	1	14	9	10	11	5	8	14	9	9	2	1	7	11	10	14	4	14	5	8	10	12	12	6	12	11	9	15	9	13	2	17	6	14	2	13	6	9	5	6	5	5	9	1	7	6	2	14	13	6	6	15	12	12	12	1	2	23	2	1	9	12	6	20	12	7	12	8	5	7	14	4	17	8	11	8	11	3	3	7	5	6	8	9	10
038	11	5	16	13	16	5	13	17	13	16	16	13	7	12	15	15	15	9	13	12	10	9	14	11	12	11	8	7	17	17	14	4	17	15	10	10	13	15	15	12	11	13	20	11	14	6	17	6	15	7	14	8	14	12	14	8	6	13	16	16	6	2	15	14	6	11	19	12	12	14	11	9	25	2	12	9	13	8	21	15	11	20	8	9	10	19	10	22	9	15	9	14	9	4	7	7	12	10	10	11
039	10	3	12	6	9	1	2	14	3	14	10	10	4	11	18	11	17	6	6	9	11	8	14	11	2	2	3	4	11	10	14	9	14	6	8	10	11	10	3	16	5	9	15	5	14	6	14	2	10	2	10	6	4	8	13	8	5	8	7	7	10	5	15	5	3	6	17	14	12	13	1	2	14	1	12	2	4	8	18	9	9	9	8	5	7	14	4	12	2	11	6	11	9	4	3	10	6	8	8	9
039	12	8	13	14	14	9	11	18	4	15	14	12	4	12	20	18	17	10	9	17	14	9	14	16	9	14	8	7	16	17	18	13	15	12	9	11	12	15	6	16	11	12	16	9	14	6	15	8	14	7	17	10	4	14	16	13	6	12	15	13	12	9	17	17	9	10	20	14	18	13	9	8	19	11	12	9	13	8	19	15	11	20	8	5	9	16	4	22	8	14	8	11	11	4	7	14	6	8	9	11
040	15	4	12	12	9	5	1	15	1	11	10	11	3	12	17	1	12	8	6	15	4	8	10	9	1	1	8	12	16	11	14	9	13	12	9	10	12	9	4	11	9	9	14	9	12	6	14	6	12	3	12	5	1	1	15	5	1	8	8	12	6	5	14	4	6	5	15	17	11	11	1	5	20	5	12	1	2	7	14	7	5	11	5	2	3	16	4	13	6	8	3	16	15	7	5	8	12	4	9	11
040	17	7	12	14	12	9	3	17	15	17	18	12	7	12	18	19	18	10	12	16	7	10	14	14	12	2	8	13	17	16	14	11	16	15	10	10	12	15	15	12	11	11	18	10	13	8	14	8	14	10	13	5	9	10	18	11	6	14	12	14	9	10	16	16	10	5	20	18	16	13	10	8	26	12	14	1	14	9	21	12	7	12	7	5	6	19	10	16	6	11	9	16	18	9	5	9	13	10	10	11
h01	1	6	6	5	4	3	2	2	6	4	6	5	2	3	8	1	1	3	4	4	4	5	4	1	6	8	3	2	7	4	8	3	10	11	2	4	3	8	1	1	9	4	7	1	4	3	7	3	1	1	6	5	3	1	6	3	6	7	2	2	2	5	3	4	10	6	6	5	3	7	3	2	2	1	4	1	1	6	5	3	3	2	1	6	1	10	6	8	2	6	3	2	3	5	2	1	3	6	1	6
h01	7	7	12	9	14	8	6	13	8	14	11	12	11	10	19	8	12	7	10	16	4	9	12	10	14	10	8	4	15	11	13	13	14	15	2	13	12	13	4	12	11	15	14	11	12	6	14	8	10	7	10	10	14	5	13	8	9	14	12	7	12	6	17	13	10	10	15	15	14	14	9	5	19	8	12	9	4	9	18	15	9	14	8	6	7	19	10	22	9	8	8	12	8	11	7	12	7	10	6	11
h02	4	3	2	5	1	5	4	4	1	5	9	1	4	7	5	1	6	6	5	7	2	5	9	7	1	1	6	6	8	3	1	1	4	1	1	4	3	1	4	4	5	1	3	2	3	2	1	6	2	3	1	3	7	2	3	2	1	3	2	2	4	2	5	4	3	1	6	4	2	1	6	3	8	2	5	2	2	1	1	2	4	1	1	3	2	11	2	8	1	5	3	4	8	3	3	6	2	5	1	1
h02	7	4	12	10	10	8	11	13	9	11	14	10	11	12	15	17	17	12	11	11	10	8	14	11	2	3	6	8	16	15	14	9	13	15	6	10	16	13	11	11	11	13	16	9	15	10	14	8	12	7	6	6	9	8	16	10	6	9	13	12	9	5	12	17	7	11	15	15	11	12	9	11	14	8	12	9	7	8	21	14	9	13	8	6	11	15	7	20	6	15	6	14	9	5	7	14	10	8	8	14
h03	1	3	6	6	8	2	1	7	4	5	6	2	2	3	1	1	7	3	4	7	5	6	4	3	2	2	1	1	8	4	6	3	7	2	2	3	1	2	2	9	2	1	1	1	4	2	7	1	1	3	8	6	9	6	3	2	1	11	1	5	2	1	3	4	6	6	9	5	2	4	6	2	1	8	11	6	5	2	2	3	1	6	1	2	2	10	1	5	7	1	1	3	5	4	3	2	2	1	2	6
h03	13	5	16	6	10	7	11	13	12	11	6	12	4	15	13	3	20	8	12	12	14	13	12	10	15	11	8	7	20	10	9	13	13	15	8	14	12	12	4	16	11	11	15	5	13	6	12	3	14	9	12	6	10	9	6	11	5	12	7	10	6	5	12	14	10	11	15	17	12	15	13	2	16	9	12	9	13	8	18	7	6	16	5	6	6	16	4	19	11	3	8	14	11	4	4	13	7	8	8	10
h04	4	3	4	7	4	5	10	6	2	8	4	2	4	7	2	7	7	4	4	3	5	2	3	1	4	3	2	1	8	4	1	1	3	4	1	3	6	4	2	2	5	1	10	3	2	1	1	4	2	4	3	3	5	1	2	1	1	2	4	5	1	5	4	6	2	6	8	5	5	3	2	2	13	2	6	1	2	2	5	8	2	1	1	5	4	9	3	8	1	1	3	1	3	4	3	2	1	4	1	6
h04	13	6	15	11	10	5	11	15	4	15	16	10	8	10	16	17	16	8	10	20	5	9	16	13	7	12	8	12	16	10	14	12	17	11	8	11	17	9	4	16	11	11	19	9	14	6	15	8	13	7	13	10	15	14	12	11	6	8	11	15	9	5	12	17	6	10	14	13	13	12	6	9	18	10	12	2	11	6	21	15	7	11	5	5	8	19	4	19	4	10	6	14	15	5	3	8	10	10	10	12
h05	7	4	6	6	4	1	1	9	1	8	3	1	2	2	2	7	7	2	4	2	1	5	2	1	2	2	1	8	4	2	2	2	8	3	6	1	1	1	2	1	1	2	10	3	6	1	2	5	8	1	6	2	7	5	1	4	1	5	3	3	4	5	7	6	4	4	6	7	3	3	3	2	4	5	1	2	2	1	2	10	9	5	2	1	2	11	1	2	2	1	1	4	3	6	5	5	1	2	2	1
h05	14	5	12	8	13	3	2	15	2	12	13	12	4	15	15	15	12	9	5	10	12	10	12	9	12	10	5	12	14	17	16	11	13	6	6	14	16	15	6	11	3	9	15	9	16	6	14	9	15	11	12	10	9	8	16	5	9	12	11	7	9	5	12	12	6	6	15	15	11	11	9	9	23	5	12	9	5	9	20	13	11	12	3	10	5	16	4	22	12	14	6	12	9	9	8	10	6	8	5	11
h06	4	7	8	5	1	3	1	6	2	9	6	1	4	5	4	1	5	1	2	5	1	6	9	7	4	2	1	2	9	3	10	2	3	4	1	6	9	2	6	2	6	1	12	5	4	2	7	2	2	3	4	2	2	8	5	3	1	1	1	5	5	1	3	8	1	4	7	4	7	8	10	2	4	2	2	6	4	6	16	1	3	1	3	4	1	6	2	1	1	3	7	2	1	4	3	1	3	5	4	1
h06	12	9	17	11	10	7	11	16	6	14	12	11	4	12	16	4	20	7	11	17	7	10	12	9	6	2	7	7	13	15	18	9	18	15	8	6	14	14	6	12	11	9	20	9	10	7	13	6	13	7	11	6	7	8	13	13	1	9	4	15	9	5	13	15	10	7	14	15	15	13	13	5	19	3	12	9	7	7	20	12	11	9	4	9	9	16	4	17	4	4	8	14	14	5	10	8	7	8	10	11
h07	10	3	3	3	5	5	8	2	4	5	3	1	3	2	5	1	7	3	4	1	5	3	1	2	1	1	1	2	7	1	9	1	12	2	5	1	1	4	6	5	6	4	2	4	4	3	6	1	1	2	8	2	7	4	4	1	1	11	4	4	2	1	5	9	1	4	1	6	4	8	3	4	1	5	3	5	7	1	4	8	6	6	2	3	4	7	1	6	9	3	3	2	5	2	1	2	3	5	2	5
h07	17	5	12	6	11	9	11	13	5	11	10	11	3	10	16	7	15	11	12	10	15	9	14	14	1	14	14	7	11	11	14	14	14	8	8	10	12	10	7	16	9	12	18	9	11	7	15	2	10	5	12	6	9	10	14	11	6	12	8	9	10	5	13	16	10	11	15	12	11	12	9	9	26	9	4	6	13	9	14	13	9	9	5	3	7	18	13	17	10	14	8	14	10	4	3	8	6	8	9	11
h08	1	2	3	5	8	5	2	6	1	1	4	1	1	7	4	10	1	1	1	2	1	3	9	6	1	7	4	2	5	2	11	2	11	6	1	6	3	1	4	1	1	7	13	5	1	1	2	1	8	3	8	3	2	3	4	3	1	3	1	2	4	1	4	11	1	1	6	5	2	3	2	2	2	2	1	3	4	6	8	7	8	2	5	3	1	10	1	9	4	2	7	1	4	1	5	3	3	4	1	1
h08	13	4	17	12	9	5	11	19	3	14	13	10	4	13	18	19	12	7	11	10	4	8	13	15	2	10	15	7	14	10	16	9	15	8	9	10	11	13	10	11	3	9	14	11	14	6	17	1	10	10	15	5	7	13	18	10	6	12	7	12	10	4	14	13	3	4	17	12	12	13	13	9	14	10	12	5	4	6	21	13	9	14	7	5	9	16	4	21	6	3	8	14	9	9	7	7	3	10	5	11
h09	1	3	6	6	5	2	2	1	3	7	4	4	4	4	5	4	7	1	4	2	6	1	8	1	1	3	3	5	8	8	5	5	2	8	2	4	1	5	2	10	3	1	3	2	5	6	6	2	2	5	4	3	8	2	1	2	1	3	4	5	4	1	9	3	5	4	6	6	2	1	9	5	1	4	1	1	4	2	5	3	7	2	1	4	2	1	3	7	3	1	1	3	3	4	7	4	5	5	2	4
h09	13	8	12	12	16	5	11	17	12	14	14	10	5	12	14	15	16	7	11	14	13	9	11	12	13	13	16	12	12	13	14	14	14	8	6	10	12	9	11	16	11	12	16	9	14	8	13	4	13	11	13	5	15	14	13	11	1	9	12	10	10	5	12	15	9	6	14	14	16	11	12	8	14	9	12	5	7	9	18	13	8	19	6	9	7	15	11	19	8	14	6	12	9	9	10	10	6	7	4	12
h10	1	2	6	5	5	3	10	9	1	3	10	4	4	5	2	1	3	6	1	1	7	3	4	2	1	3	2	6	8	6	10	2	12	6	2	3	2	4	5	5	6	7	9	2	4	2	5	1	7	2	6	4	7	5	6	3	1	6	1	2	7	3	5	2	6	2	5	8	2	10	6	3	8	2	2	9	2	7	6	4	1	4	7	3	2	6	4	4	8	3	5	3	4	2	7	3	1	2	2	5
h10	13	3	15	9	9	5	11	13	11	13	13	12	7	13	19	17	14	10	13	14	11	8	11	10	4	14	12	7	15	12	18	11	21	10	9	10	12	15	6	17	11	9	17	13	15	6	15	5	10	5	9	6	15	9	11	5	6	17	8	10	10	5	12	13	6	10	14	16	11	13	8	5	14	5	2	11	3	13	20	12	9	12	8	6	7	16	4	16	12	9	6	14	8	4	10	8	6	8	8	11
041	18	11	4	11	9	12	7	3	16	1	6	15	9	16	5	20	3	8	14	1	16	14	10	1	10	12	17	14	22	3	4	5	4	10	9	15	3	9	5	2	4	16	21	8	11	2	19	11	17	12	1	4	15	14	9	8	11	18	12	13	5	8	14	18	12	7	21	12	11	18	5	8	2	13	5	4	16	11	10	15	12	21	11	7	2	9	14	15	13	9	10	6	2	6	7	11	8	13	8	8
041	19	12	18	15	16	15	14	4	17	18	10	16	12	17	6	21	9	13	15	21	17	15	16	2	10	15	17	15	23	18	11	8	4	15	9	16	8	14	17	2	5	17	22	8	12	8	20	12	18	12	3	10	18	14	21	15	12	19	18	13	13	11	18	19	13	13	22	19	15	19	14	9	12	13	5	6	17	14	22	18	13	22	12	11	12	21	15	22	14	16	11	9	15	12	10	15	8	14	11	8
042	14	13	9	15	1	14	7	20	18	19	2	17	7	14	1	13	8	2	16	19	18	16	12	4	17	11	18	16	23	18	11	2	1	3	6	15	3	11	17	2	4	18	13	2	9	1	21	13	7	12	1	2	13	12	7	16	13	1	12	10	5	1	12	18	13	4	21	2	10	18	5	8	4	13	5	6	16	15	2	15	14	23	13	12	8	5	16	13	15	2	9	4	1	1	5	15	8	12	11	15
042	20	14	9	16	9	16	15	21	19	20	6	18	11	18	7	22	21	12	17	19	19	16	13	17	18	14	18	17	23	19	17	8	4	10	7	17	3	14	18	8	12	19	23	3	15	5	22	14	19	13	18	6	15	14	21	17	14	18	15	13	7	12	15	20	14	8	23	13	19	19	12	10	12	14	7	7	17	15	3	19	15	24	14	13	13	13	17	24	16	8	12	5	13	9	7	16	14	14	12	16
043	14	1	4	12	1	14	15	22	20	18	9	12	9	17	1	20	3	8	14	3	18	16	10	3	10	12	18	16	23	14	8	2	3	8	5	16	8	12	17	5	12	19	5	3	4	1	21	13	7	14	3	4	7	14	5	8	13	14	15	13	2	6	5	21	13	1	15	1	3	16	14	8	8	12	1	2	6	8	3	12	12	23	11	10	12	6	16	25	17	8	9	2	13	6	5	14	13	15	8	8
043	21	13	9	17	12	17	16	23	21	21	19	19	13	19	21	23	9	8	18	6	20	16	12	4	17	14	19	18	24	19	12	3	4	15	9	18	8	16	18	19	13	19	13	3	17	1	21	13	20	15	3	10	18	14	9	10	13	18	18	13	5	8	7	22	13	6	18	7	10	17	15	9	27	15	2	7	16	16	23	13	13	24	15	14	14	22	16	25	18	14	9	6	13	12	7	17	14	16	9	17
044	14	11	2	17	1	15	7	20	20	17	4	17	11	12	1	13	10	9	15	2	16	16	13	5	18	4	19	19	25	4	3	8	4	4	6	6	2	10	17	1	12	16	5	2	4	1	21	12	7	16	3	4	7	13	21	9	13	18	15	10	13	8	13	18	13	14	21	12	15	17	12	8	2	13	2	2	18	15	3	12	16	23	13	11	2	5	16	13	19	8	12	2	5	4	2	17	6	14	11	5
044	18	15	9	18	15	17	15	24	22	22	7	20	14	20	21	20	22	14	18	19	16	17	17	7	19	16	19	20	26	4	11	12	5	10	12	17	3	14	17	6	13	18	24	3	12	2	23	14	18	17	8	10	15	14	21	17	14	19	16	13	14	8	14	23	13	14	21	12	15	18	14	10	27	16	8	12	19	16	4	19	17	24	16	12	8	10	18	14	20	9	12	3	5	9	3	18	11	14	13	18
045	21	2	3	10	12	16	15	20	19	21	2	17	11	19	9	20	23	7	17	22	16	15	13	2	18	15	19	3	6	2	3	1	3	1	1	12	7	9	1	1	14	16	10	4	5	2	20	14	3	16	3	2	13	12	7	16	15	11	12	13	2	1	6	21	14	1	18	1	3	17	3	8	2	13	7	7	18	15	4	19	12	21	11	11	12	1	14	22	13	2	11	5	4	4	7	16	8	11	14	16
045	22	11	4	12	17	18	16	22	20	23	2	20	14	21	22	21	24	12	18	23	20	18	17	5	20	16	19	15	26	19	9	7	8	8	13	15	18	10	17	20	15	17	24	14	17	5	23	15	4	18	19	2	19	13	22	17	16	19	14	15	5	7	12	24	15	4	21	1	18	19	12	10	8	14	10	12	18	16	4	19	18	23	17	13	13	9	17	24	19	16	12	6	19	9	10	17	14	14	14	17
046	21	2	3	16	11	17	15	20	20	20	2	20	13	19	6	20	10	9	15	1	16	19	17	3	10	15	20	21	22	18	3	2	2	3	1	15	3	10	1	8	13	17	13	3	17	1	24	13	20	14	1	10	18	12	9	8	12	18	10	13	5	1	7	21	13	1	18	1	3	17	2	7	2	13	10	2	12	4	7	16	14	23	11	10	4	6	16	14	17	8	3	1	2	6	1	17	8	17	11	5
046	22	15	4	18	12	18	16	22	22	24	9	20	14	22	9	22	23	15	18	23	17	19	18	7	15	16	21	21	24	19	17	8	3	8	1	15	6	11	18	20	14	19	24	4	17	1	24	14	20	17	3	12	19	14	21	15	13	19	15	17	5	7	12	24	14	4	24	1	18	19	2	11	28	17	15	13	18	5	17	19	19	24	18	11	14	9	19	24	18	12	13	7	17	13	7	18	11	18	12	19
047	20	1	9	15	9	15	17	3	23	16	2	3	5	18	1	13	8	3	15	13	17	19	18	7	15	16	21	21	22	19	11	1	4	1	7	12	1	9	1	1	4	17	23	4	15	2	21	14	3	12	3	4	18	12	7	10	12	12	10	13	5	4	6	22	13	1	18	1	3	13	14	7	8	12	1	7	16	8	3	13	13	22	13	12	15	10	14	15	20	12	10	6	2	9	5	15	8	11	10	5
047	20	14	9	17	14	19	17	16	24	18	4	17	7	21	1	21	23	4	19	19	20	19	18	7	15	16	21	21	26	19	20	2	8	3	7	15	19	11	17	8	14	19	24	8	17	5	22	16	19	13	5	4	19	14	9	18	12	19	18	13	15	6	7	24	14	3	18	17	10	17	15	8	27	13	11	7	16	14	23	15	17	24	18	12	15	23	19	19	21	16	11	9	13	12	7	19	15	19	11	8
048	20	3	3	12	11	16	7	4	19	17	4	17	2	16	1	20	11	4	18	2	16	16	13	5	10	4	19	16	26	4	4	2	1	6	1	15	6	16	5	1	15	17	23	4	17	1	22	14	7	12	1	3	13	13	21	17	11	18	7	12	2	12	5	20	14	2	14	2	10	16	14	9	8	13	1	2	16	9	3	13	13	23	14	4	12	9	15	25	22	12	12	5	1	1	5	15	14	12	9	5
048	22	13	4	13	15	19	17	23	23	23	6	20	14	18	4	21	24	9	19	19	20	18	13	6	18	10	22	20	26	19	18	5	4	16	8	16	20	16	17	2	16	20	23	7	18	6	23	17	20	17	6	10	15	14	22	19	16	18	12	13	2	13	13	21	15	4	23	17	16	19	14	9	12	16	6	7	19	15	23	17	19	24	15	11	14	23	18	25	22	16	14	6	12	9	10	16	14	16	11	15
049	14	13	4	12	15	15	17	3	16	17	2	15	9	16	5	20	9	9	14	6	16	15	13	2	10	4	18	16	26	2	2	5	2	8	6	6	3	9	3	6	5	16	10	3	11	1	19	11	17	12	6	2	6	12	7	15	13	1	15	3	2	1	15	18	12	11	21	14	11	19	2	12	7	11	5	2	18	11	3	15	16	23	12	7	2	2	14	13	18	9	14	6	12	6	7	14	14	16	9	19
049	20	14	18	18	16	16	18	4	17	25	6	20	14	19	9	20	10	13	18	23	16	16	18	17	18	16	19	21	27	18	21	13	23	9	14	15	18	13	19	10	13	19	21	8	17	8	24	13	20	14	18	6	15	15	22	16	16	10	15	10	2	11	19	20	16	13	25	19	16	19	15	12	8	16	11	7	19	16	4	17	20	25	19	12	14	24	15	19	20	16	14	6	12	6	7	14	14	16	9	19
050	18	11	9	17	2	12	7	3	18	18	5	4	11	21	7	13	22	3	16	19	20	17	10	3	10	10	22	17	7	18	2	5	2	8	6	15	8	9	3	4	7	16	13	1	5	6	20	16	4	14	1	3	13	12	21	15	13	18	7	12	7	5	12	18	12	7	21	13	15	18	2	10	2	13	10	7	6	4	4	17	12	25	11	7	8	21	16	19	18	9	8	1	12	6	1	18	13	19	10	5
050	19	11	18	17	14	16	19	23	25	19	8	18	11	21	7	14	22	14	16	19	21	20	18	8	19	15	23	21	24	19	12	5	4	15	6	16	18	16	18	10	16	20	24	2	9	12	25	18	21	15	6	12	19	13	22	17	16	19	10	17	14	8	13	20	16	11	21	16	16	19	12	11	8	16	11	13	18	16	7	19	13	25	13	7	8	21	16	19	18	9	10	13	15	12	5	20	16	19	12	5
051	21	1	9	15	1	14	15	3	18	18	7	12	5	19	6	20	3	8	18	3	16	18	7	6	10	11	24	17	28	16	3	2	4	3	1	15	3	10	18	8	15	19	5	2	12	2	8	13	18	13	1	6	15	14	7	10	13	14	8	13	14	14	15	19	6	15	17	5	11	15	3	9	2	13	2	4	16	4	4	13	17	23	11	5	2	2	14	13	15	9	9	1	15	6	1	16	6	11	12	5
051	23	13	9	17	15	20	16	20	25	20	19	21	6	23	21	21	22	12	18	19	18	21	17	7	19	15	25	17	29	19	17	8	4	8	7	16	9	11	18	9	17	21	5	3	17	5	20	16	19	14	3	10	18	16	23	15	16	19	14	15	16	14	16	22	9	16	17	15	13	15	14	10	27	13	10	8	18	6	10	19	20	24	12	11	4	5	20	14	23	13	10	3	19	6	2	17	13	19	12	5
052	14	11	9	15	1	16	7	3	20	18	8	4	11	14	1	17	9	3	14	6	16	14	12	3	10	14	18	15	24	4	2	2	3	3	1	15	1	9	1	2	7	19	5	3	4	1	24	15	4	14	3	2	13	13	7	10	13	14	8	3	7	8	7	18	12	6	18	15	3	11	2	10	2	6	5	4	6	15	7	18	14	23	13	4	2	5	19	14	18	8	9	6	8	6	1	15	13	9	1	16
052	21	13	9	17	15	20	15	20	25	20	9	19	13	17	1	23	22	8	19	19	20	18	14	7	19	15	19	16	28	19	17	5	4	15	9	16	8	14	5	9	12	21	5	7	17	3	24	19	18	18	3	10	18	14	22	17	17	19	14	13	14	15	12	24	13	14	21	17	15	17	5	11	12	13	10	8	18	16	12	19	17	24	18	11	13	12	20	17	23	11	9	7	13	9	5	16	15	9	12	20
053	14	11	9	15	2	15	7	20	19	19	2	3	7	12	1	13	23	3	15	18	17	19	14	2	15	16	19	3	6	4	11	8	3	10	5	15	5	14	17	4	7	19	5	3	17	3	22	15	4	14	5	10	7	13	21	9	14	19	13	10	14	7	7	18	12	6	18	13	5	12	4	8	2	12	2	6	16	14	3	12	17	23	14	4	12	2	16	19	20	12	12	5	4	1	7	17	5	11	13	15
053	22	13	18	17	12	16	15	20	20	23	5	18	7	21	7	17	23	3	18	19	20	21	18	7	17	16	21	21	22	19	12	8	4	15	6	16	21	14	17	9	12	22	5	7	17	5	24	19	18	14	8	10	18	14	21	20	18	20	15	13	15	8	12	24	13	7	24	17	15	18	5	10	27	14	10	11	16	15	17	15	19	24	18	12	15	23	18	25	22	13	12	7	19	9	7	18	14	14	14	17
054	20	11	9	15	9	15	15	3	24	19	2	20	11	12	9	20	10	9	17	18	16	19	17	2	10	15	19	15	23	18	18	8	3	9	7	10	2	13	18	1	4	18	5	3	4	2	3	13	7	16	3	1	7	12	21	8	13	14	16	1	15	4	3	21	13	1	7	17	18	13	2	8	2	13	10	7	16	15	4	14	16	24	11	10	8	5	16	13	15	8	11	1	4	6	7	15	8	14	9	5
054	21	14	9	17	15	16	17	16	25	20	4	21	14	24	21	21	23	14	18	23	19	19	17	3	19	15	20	21	24	18	22	13	5	16	15	15	22	13	19	7	12	22	10	14	9	5	21	13	22	17	6	10	15	13	24	17	14	18	18	13	15	15	6	24	16	6	18	17	20	15	2	10	2	14	10	7	17	15	4	19	17	24	13	12	13	22	19	22	24	8	14	6	12	9	7	15	14	16	11	16
055	22	11	4	10	9	15	15	20	19	18	5	15	11	14	1	13	9	3	16	6	16	15	17	3	10	15	19	19	24	4	3	8	1	8	1	15	3	10	1	1	13	19	5	3	17	1	21	13	7	14	3	6	15	14	7	14	12	13	12	13	5	13	13	20	14	3	21	10	16	18	15	9	27	14	1	5	1	15	1	12	13	22	12	2	2	23	19	17	18	9	11	6	2	6	7	11	8	13	9	8
055	23	11	19	18	17	16	16	20	24	23	11	18	14	17	7	20	22	9	17	19	16	19	17	7	19	16	26	21	25	18	11	8	3	10	6	17	8	14	17	9	13	22	5	7	17	1	23	13	20	14	5	10	18	14	7	16	15	19	16	18	14	14	15	25	16	5	23	14	19	19	15	10	27	16	1	5	16	15	3	15	20	25	13	12	15	25	19	19	24	12	14	9	12	9	7	14	14	14	11	19
056	18	11	3	17	2	12	7	20	18	19	4	12	6	12	6	20	3	8	17	18	18	16	14	3	18	10	18	14	24	2	12	7	3	8	6	6	18	9	3	7	12	17	5	3	17	5	22	17	7	12	1	2	6	11	21	8	14	14	18	3	2	4	5	21	15	2	14	2	10	13	2	10	4	15	1	5	1	15	3	12	18	23	16	4	13	1	16	24	19	2	9	5	19	9	2	17	5	14	11	5
056	19	11	9	17	12	16	19	23	19	26	9	21	11	19	21	21	23	14	18	23	20	22	17	18	21	12	19	18	24	14	22	13	5	9	16	15	22	13	19	10	17	19	23	14	18	6	24	19	18	14	6	6	6	17	25	15	15	21	18	18	15	12	6	24	16	6	18	17	18	16	15	12	27	16	8	12	6	16	22	17	19	23	20	13	16	23	17	24	22	14	12	10	19	9	10	18	5	18	12	5
057	18	11	4	12	14	16	7	3	23	17	2	21	2	21	21	21	23	12	17	22	17	16	14	8	15	10	18	17	7	2	11	2	4	3	7	15	1	11	1	8	14	16	2	4	5	5	21	11	4	9	3	1	7	14	5	8	13	14	15	1	2	1	15	19	11	11	21	14	11	19	1	11	8	12	10	4	18	15	4	12	18	23	14	4	12	1	17	24	19	2	10	2	5	4	3	11	8	13	10	8
057	22	14	18	17	15	16	7	11	25	18	2	21	11	21	21	21	23	12	17	22	18	17	18	18	19	15	20	21	24	19	17	2	4	3	7	15	3	11	18	19	14	20	10	14	17	6	22	15	18	18	4	4	7	18	25	17	19	14	18	13	5	11	19	20	16	13	25	16	16	19	4	12	8	13	10	12	18	16	4	19	19	23	14	13	13	23	18	25	22	12	12	6	12	12	10	18	11	14	11	18
058	18	1	1	17	11	17	15	21	19	20	4	17	4	14	4	13	9	9	17	21	18	15	14	2	10	10	18	14	24	2	17	2	3	15	1	15	9	14	5	1	13	19	13	7	13	2	21	13	3	14	4	4	7	14	12	8	12	14	12	1	2	11	18	18	12	13	22	19	11	19	2	7	2	11	10	2	12	2	4	12	13	24	11	12	8	9	16	13	18	8	13	2	2	9	5	17	6	15	8	8
058	22	15	4	18	12	21	16	22	22	24	11	19	9	16	6	23	22	14	17	22	20	16	18	18	21	16	19	21	26	2	20	8	4	16	1	16	22	16	17	10	15	21	24	14	17	2	26	14	7	16	6	10	18	18	26	17	19	19	18	13	5	11	19	19	12	13	25	19	11	19	4	11	28	17	15	12	18	16	17	16	17	24	13	14	12	10	16	22	20	8	14	7	13	12	7	17	13	18	11	15
059	14	11	3	16	1	14	15	20	18	19	4	17	4	12	4	13	9	9	17	21	20	20	13	3	19	10	22	17	24	4	12	1	4	1	7	12	6	9	5	1	4	17	24	4	12	2	20	12	3	12	1	1	11	13	21	20	14	20	10	13	2	4	6	20	16	1	18	10	5	13	5	8	12	13	2	4	16	6	10	13	13	23	11	12	12	2	14	13	18	8	9	6	12	9	5	15	13	9	10	5
059	22	13	9	16	12	19	20	21	19	27	11	19	9	20	21	23	22	12	20	22	20	23	13	6	19	10	24	17	24	18	20	5	8	6	8	16	19	16	17	2	15	17	25	8	17	6	23	14	3	16	5	10	18	13	27	21	18	20	13	18	3	13	13	20	17	4	24	17	16	14	14	9	27	13	9	6	16	14	17	13	16	24	19	14	14	6	16	20	20	16	10	13	13	12	5	20	16	19	12	16
060	20	11	3	10	12	15	15	16	19	19	4	3	5	21	6	15	22	10	15	17	16	16	12	3	18	10	23	17	24	18	2	5	3	5	5	15	9	10	3	10	16	16	5	8	9	3	19	15	4	12	1	1	13	12	5	17	14	10	10	10	7	8	14	18	12	8	21	13	15	18	5	10	4	3	9	4	17	15	4	18	16	24	11	10	8	10	16	13	15	8	10	6	12	6	7	11	8	13	10	8
060	22	13	20	15	16	16	17	20	24	23	7	21	5	23	6	21	23	12	18	19	20	21	14	7	19	15	24	21	28	19	8	8	4	15	13	16	21	16	17	19	18	20	23	14	18	6	20	17	7	18	5	12	18	13	27	20	18	20	16	13	13	12	15	23	13	14	21	15	17	18	12	10	12	13	10	7	19	15	12	19	17	24	13	12	13	22	19	22	24	8	11	9	19	12	10	11	8	14	11	8
061	7	7	3	19	18	3	6	4	26	2	20	10	1	17	22	10	19	1	19	4	2	15	17	19	9	12	9	19	27	20	7	4	2	6	3	19	4	10	20	11	7	12	7	1	12	9	21	6	4	10	5	3	7	4	1	22	20	22	13	19	9	16	16	5	18	4	10	11	15	20	2	8	12	4	3	12	1	17	19	1	14	3	3	15	2	26	21	1	17	1	1	6	3	3	14	8	1	16	2	11
061	24	16	8	20	19	22	21	12	27	28	20	11	15	17	22	24	22	5	21	6	9	15	17	19	9	16	27	21	30	20	14	14	7	17	17	20	23	11	21	14	11	23	26	4	18	13	21	20	23	19	18	5	11	7	3	23	21	23	13	19	9	17	17	26	19	6	10	20	17	20	12	10	25	18	16	14	12	18	20	4	15	23	10	16	8	26	22	6	25	10	2	9	8	9	15	21	9	18	4	14
062	6	16	7	21	11	2	10	8	28	4	10	10	1	16	14	7	23	5	19	5	2	15	16	20	2	4	9	14	31	6	7	4	7	4	1	9	17	13	2	15	3	11	27	4	5	7	20	5	3	15	1	11	7	3	3	24	20	15	12	10	9	17	16	1	18	2	10	2	15	21	2	8	3	6	3	12	3	18	20	10	15	7	13	17	4	2	21	3	11	2	1	13	4	4	15	1	4	14	7	10
062	13	17	9	22	14	23	22	10	29	6	20	14	14	17	22	10	23	5	20	6	22	15	19	20	9	5	27	19	32	9	13	8	10	13	18	21	19	18	22	17	11	12	27	7	14	13	23	9	18	18	5	11	8	16	4	25	22	24	13	16	9	18	17	5	18	4	26	21	18	22	12	10	29	18	17	15	12	19	20	11	21	26	18	18	11	4	23	18	16	15	6	13	4	6	16	3	12	18	7	21
063	11	18	1	21	17	2	7	6	27	2	10	11	4	20	22	4	11	1	17	5	22	15	7	18	2	5	9	14	32	6	6	15	11	11	19	22	24	10	23	11	11	12	9	7	9	2	20	5	4	14	5	5	3	1	4	22	20	15	1	16	6	17	15	10	20	1	3	22	13	20	2	8	12	2	9	11	1	17	20	5	16	27	2	16	5	26	22	6	18	1	1	12	2	6	17	15	9	11	2	13
063	11	19	18	22	20	11	17	10	30	3	19	22	11	22	23	11	19	16	18	8	23	15	7	19	5	6	11	14	32	6	6	15	11	11	19	22	24	10	23	11	17	23	27	7	14	13	21	6	18	15	5	11	18	4	11	26	22	25	13	19	9	18	17	12	21	4	10	22	17	21	12	8	28	19	14	14	14	18	24	11	16	28	9	19	8	27	23	6	23	2	7	13	8	9	18	21	13	11	7	14
064	6	16	3	21	14	11	5	6	28	6	9	19	2	17	14	5	22	2	15	5	3	11	7	21	7	7	4	14	33	21	13	4	24	9	17	20	7	10	17	11	3	9	9	4	12	13	20	9	4	18	5	5	3	2	1	20	2	23	13	6	9	17	15	1	18	4	10	4	16	6	5	8	8	1	3	7	1	18	18	4	15	7	3	16	8	26	22	2	19	1	2	9	3	1	14	8	4	20	2	12
064	15	20	7	21	21	23	10	8	31	8	9	19	9	24	21	7	23	17	17	7	8	17	20	21	22	13	5	19	34	22	13	16	24	18	19	23	19	15	24	15	11	13	26	7	13	14	22	10	24	18	6	13	15	7	2	23	20	24	19	19	9	18	17	5	21	5	27	7	18	6	12	10	29	20	12	15	15	20	20	4	16	23	13	20	8	28	24	6	25	12	6	13	8	6	19	10	7	20	3	22
065	8	16	2	22	14	1	4	12	29	2	19	15	5	16	21	8	22	18	14	7	3	17	14	18	7	4	10	19	30	9	16	17	7	9	18	9	4	13	18	17	7	23	1	1	5	6	21	5	3	10	1	5	3	3	1	24	20	15	1	10	10	3	15	2	18	4	26	11	13	20	2	8	3	1	1	2	1	17	18	5	15	21	9	15	5	28	22	1	16	9	4	6	3	1	14	7	4	18	2	12
065	13	18	3	22	18	11	9	25	32	29	19	19	5	20	22	8	22	18	20	8	9	24	21	21	8	7	11	21	35	23	16	17	11	9	19	24	24	13	25	18	18	24	7	1	18	9	21	8	22	12	5	9	20	16	1	26	23	25	15	16	10	18	17	4	19	4	28	21	13	21	2	12	12	20	14	14	12	17	24	11	17	28	11	16	8	29	23	3	24	15	6	9	12	6	20	10	17	20	15	21
066	13	5	8	4	17	3	2	6	26	4	9	23	2	16	6	7	22	5	18	1	23	15	7	19	1	5	7	14	32	24	6	9	24	6	3	17	1	11	21	15	7	8	27	1	5	10	23	5	3	14	4	5	13	3	6	8	4	8	20	4	9	16	13	1	19	4	26	3	16	6	1	8	7	8	5	11	4	19	14	4	15	24	9	18	2	23	23	2	16	9	1	11	3	1	16	5	9	11	2	9
066	24	17	18	22	22	21	17	11	29	29	19	23	13	22	14	9	23	19	20	5	24	25	19	22	2	6	11	19	33	25	16	18	24	17	19	20	23	15	21	15	11	13	27	14	13	13	24	10	23	18	6	14	19	9	10	27	23	23	21	16	9	18	17	5	20	5	28	11	18	22	4	12	25	21	13	16	12	21	19	10	17	29	19	21	7	29	25	3	24	12	2	13	8	6	17	21	9	18	3	14
067	11	16	1	22	11	1	22	6	27	2	10	10	8	19	17	10	19	20	17	21	8	15	7	19	2	5	9	14	32	6	6	8	10	4	1	13	4	9	4	16	3	11	6	2	5	1	23	6	4	12	6	5	1	3	3	23	7	9	3	19	6	18	16	1	18	1	10	4	9	6	4	9	25	18	5	7	12	17	18	10	15	28	9	19	1	2	23	2	7	5	2	1	2	5	16	7	12	10	2	5
067	13	17	9	23	21	2	22	10	33	4	21	15	14	20	22	12	22	20	22	24	22	22	19	23	23	13	27	19	36	22	7	17	12	4	19	23	17	17	18	17	16	23	26	3	9	6	23	9	18	15	8	9	15	3	3	24	24	15	4	20	9	19	20	12	19	11	28	7	18	21	4	12	29	21	5	11	14	21	20	10	16	29	13	20	15	27	24	6	23	15	7	11	17	6	17	8	17	11	15	21
068	24	7	8	4	18	22	6	3	26	1	9	13	4	16	6	4	19	2	18	5	22	15	7	19	2	5	9	14	32	6	7	9	7	16	17	21	4	13	24	12	7	23	1	1	9	2	21	5	3	12	5	5	11	3	3	22	20	16	4	20	9	18	16	1	18	1	10	2	18	6	3	8	30	18	5	4	4	18	20	11	15	23	3	16	5	26	21	2	24	1	1	13	2	1	16	8	6	9	2	9
068	24	7	8	19	18	24	6	4	26	2	10	23	13	20	17	7	22	5	20	5	23	15	19	20	2	8	11	14	32	6	15	17	7	18	18	24	7	15	25	14	17	24	9	7	18	6	23	6	4	15	6	9	13	7	4	24	24	22	13	21	9	18	17	1	18	1	28	4	18	6	12	12	31	19	6	7	14	18	21	20	16	26	9	18	8	26	22	6	25	10	7	14	3	9	17	18	9	11	6	22
069	11	17	1	23	20	2	7	10	27	2	14	11	2	17	21	4	21	1	18	2	2	15	16	19	9	4	4	14	27	5	6	15	11	11	19	22	17	10	23	11	12	8	24	6	9	6	4	1	18	12	3	5	1	3	4	22	7	9	3	16	6	18	17	2	19	9	10	4	5	2	2	8	12	1	6	7	5	17	7	5	16	26	2	16	1	23	22	3	16	3	2	12	2	1	19	8	6	9	3	22
069	13	19	3	24	21	23	9	10	29	29	19	14	16	24	24	24	23	17	23	4	2	15	17	19	16	16	9	19	37	9	6	18	11	15	19	23	24	13	25	11	15	8	27	11	12	8	21	1	19	12	8	11	19	3	10	27	23	23	20	19	6	18	20	12	19	11	29	4	18	21	15	12	28	19	12	14	20	21	19	10	21	27	18	20	8	26	25	6	18	12	7	13	8	6	20	17	12	20	3	23
070	11	5	8	2	22	11	7	4	26	1	9	10	1	17	21	4	22	5	15	5	2	15	7	18	2	5	9	15	32	23	6	11	7	11	19	22	23	10	21	11	3	11	8	3	5	6	21	1	3	9	5	9	1	3	1	22	7	9	3	16	9	18	17	1	18	1	28	4	15	6	2	8	27	1	12	12	5	17	19	4	16	26	9	18	1	24	25	5	23	9	3	4	4	4	16	5	4	10	7	5
070	17	16	18	22	23	21	23	9	34	3	20	20	2	20	22	10	22	21	19	6	22	21	21	21	24	6	9	15	34	25	23	15	11	19	19	25	24	15	23	12	4	12	26	4	5	8	21	1	18	15	8	11	7	3	4	25	20	15	13	19	17	18	21	10	22	11	29	20	18	23	2	12	29	18	12	14	12	18	20	5	16	29	11	19	2	26	26	6	24	10	7	13	15	9	20	7	18	11	15	22
071	11	7	3	19	18	1	6	4	26	2	20	12	8	16	22	12	17	20	21	4	3	21	17	18	7	3	4	14	33	23	7	17	5	11	18	23	4	13	19	12	11	1	1	3	9	1	4	1	18	9	6	6	3	3	3	25	24	16	3	20	6	18	16	4	18	1	10	21	11	21	3	9	3	3	6	7	3	18	20	11	15	28	9	15	2	2	21	2	7	1	2	6	3	1	16	3	9	11	1	9
071	17	20	8	22	21	25	9	10	31	2	20	12	16	19	22	25	21	20	22	21	5	24	21	20	8	12	5	21	37	26	13	17	7	16	20	24	24	13	23	15	12	8	24	11	18	6	24	2	19	18	8	11	13	4	8	28	24	17	13	21	9	20	16	4	18	5	29	21	15	21	4	12	30	18	18	14	4	19	21	20	17	29	11	22	8	27	21	6	24	12	4	6	12	4	20	10	17	18	6	21
072	13	7	3	4	18	2	6	3	26	1	9	12	5	16	21	8	17	5	19	4	3	17	7	20	24	13	11	21	34	22	15	19	7	16	17	9	2	13	18	14	11	13	27	14	18	13	23	10	23	14	3	9	1	3	1	24	7	9	3	19	9	16	17	5	21	5	27	7	15	6	5	8	25	10	5	11	12	21	4	4	17	26	15	18	2	23	22	7	19	15	6	6	2	4	16	5	4	10	1	22
072	24	17	8	24	20	24	7	10	29	29	21	19	16	19	24	25	21	18	20	8	3	22	21	21	25	13	11	21	34	23	23	20	24	16	19	13	23	18	25	16	11	13	27	14	18	13	23	10	24	14	8	11	13	3	3	25	24	15	4	20	17	17	21	6	23	10	29	20	16	23	12	10	30	21	13	17	13	22	18	11	18	29	19	19	8	25	23	8	19	15	7	14	4	6	20	17	6	18	7	23
073	13	16	3	21	17	2	8	10	29	4	9	12	6	16	13	10	21	20	15	4	2	15	7	19	2	8	9	14	32	6	6	15	11	4	18	23	4	9	17	11	3	8	9	3	5	7	21	1	3	12	5	3	11	4	1	23	20	23	1	14	9	16	17	6	22	1	10	22	15	20	4	8	10	20	5	11	13	17	19	4	18	5	17	18	2	4	22	7	19	15	2	1	3	4	14	3	9	10	1	5
073	13	17	18	22	20	23	22	10	32	8	20	12	16	24	22	25	23	20	21	4	23	15	17	19	4	12	11	14	38	20	16	17	12	11	19	24	25	10	18	17	7	11	27	4	5	7	24	5	3	15	18	11	18	7	3	25	21	23	1	16	17	21	22	10	24	10	29	23	17	24	5	10	28	21	6	11	13	21	20	4	21	28	19	22	8	23	23	7	26	15	7	13	15	9	16	7	17	11	15	9
074	13	5	3	5	22	2	2	3	5	1	9	11	8	22	17	7	19	2	15	6	2	17	14	17	8	4	9	19	30	20	7	18	7	3	4	24	4	10	19	15	7	8	9	1	5	7	23	5	3	12	5	11	6	3	3	22	20	23	1	9	10	16	17	10	23	1	28	21	17	20	4	10	10	20	4	4	13	17	20	4	15	7	9	16	4	2	23	1	16	9	1	4	13	3	14	8	1	10	2	8
074	17	19	8	24	22	21	17	6	27	8	22	19	9	24	22	25	23	20	19	7	8	17	19	23	24	7	27	21	36	22	16	20	11	9	20	24	25	13	25	18	11	13	27	14	18	13	24	10	23	14	6	15	18	7	11	23	25	25	3	16	18	19	21	10	25	11	28	21	19	24	5	12	28	21	6	7	15	19	22	4	16	21	13	18	5	29	23	3	24	15	6	8	14	4	18	12	17	11	6	11
075	11	16	18	21	17	2	7	10	29	3	10	10	4	17	21	9	19	1	15	7	2	15	14	17	8	4	9	21	27	9	15	4	5	5	17	9	23	10	19	12	7	5	7	2	9	1	21	6	3	11	5	5	3	3	1	25	20	15	10	16	9	16	17	5	21	5	27	4	16	6	4	9	3	1	5	11	6	18	18	4	16	21	1	16	1	27	21	1	23	1	2	9	2	6	14	12	4	8	1	9
075	13	17	18	22	17	11	22	10	34	4	14	11	8	19	24	26	23	2	16	24	2	17	17	19	9	17	9	21	30	20	16	17	7	20	17	21	24	13	26	15	17	23	9	3	12	9	23	6	5	12	5	11	7	4	1	26	23	16	13	16	19	17	21	6	22	10	29	24	17	24	12	10	31	21	13	17	12	21	18	10	17	29	9	19	5	29	23	10	24	9	7	11	8	9	20	17	6	20	2	23
076	7	16	1	20	20	2	7	10	29	28	9	11	14	16	14	7	21	5	20	4	3	17	7	20	24	1	5	19	34	22	7	1	7	11	18	21	19	10	22	11	7	8	1	1	18	6	21	3	3	12	5	5	3	3	1	24	18	15	3	16	9	16	17	4	19	4	26	11	13	21	2	8	25	19	5	4	12	19	18	4	15	27	3	18	2	26	21	2	7	2	1	9	4	1	16	5	9	14	2	22
076	11	17	3	24	22	3	7	12	33	28	21	14	16	20	25	25	23	5	22	5	8	22	7	21	25	13	11	21	36	23	13	15	11	20	21	23	24	15	23	12	11	13	27	4	18	13	23	5	23	14	6	9	13	4	3	26	24	15	13	20	19	22	21	6	26	10	29	24	17	24	4	10	31	21	5	11	14	21	19	11	17	29	13	19	7	28	21	9	25	12	2	13	13	4	19	8	9	18	4	22
077	6	16	4	21	11	23	4	5	32	6	21	10	15	19	21	24	21	5	16	4	2	15	7	20	9	7	9	3	31	20	6	14	11	1	20	22	25	9	19	18	4	8	1	1	9	7	21	1	4	9	1	11	3	3	4	22	7	9	1	16	9	19	17	1	23	1	28	3	11	20	4	11	28	18	2	11	13	18	14	4	18	26	18	17	2	4	22	7	11	2	1	8	8	6	14	3	9	10	2	8
077	11	16	7	22	21	23	10	6	33	8	21	13	16	22	22	25	21	20	22	7	3	17	17	23	24	12	27	19	34	23	13	20	12	9	21	22	25	10	23	18	15	8	27	6	12	10	23	1	18	12	5	11	18	4	4	25	20	15	10	19	10	21	21	10	27	5	30	21	19	25	12	13	30	22	3	18	16	23	24	11	21	29	19	18	11	23	23	18	19	15	7	13	15	7	17	12	19	11	6	14
078	16	7	6	3	20	24	1	3	10	2	9	10	13	16	14	7	8	5	19	4	5	19	17	18	7	5	5	14	34	7	10	9	3	8	3	15	4	13	24	12	7	5	8	3	18	9	21	6	5	11	5	5	11	4	1	22	20	17	13	14	6	17	17	6	18	4	10	3	18	6	4	8	25	19	5	4	12	18	18	4	16	21	9	16	1	27	23	1	21	2	1	13	2	1	16	8	6	9	1	9
078	17	7	8	19	24	24	6	4	26	30	19	14	15	19	22	24	22	5	20	5	22	21	19	19	8	12	5	14	37	26	15	14	7	18	18	21	7	15	27	12	11	12	11	4	18	13	21	21	23	16	5	5	11	7	4	23	24	22	13	19	10	17	17	12	21	6	28	22	19	20	12	10	31	21	5	11	14	18	18	11	16	28	9	19	5	29	23	6	23	9	7	14	3	9	16	17	9	11	2	22
079	15	7	3	2	21	11	8	3	26	1	21	11	8	19	22	24	19	20	19	4	9	17	7	19	8	12	9	15	31	20	16	15	2	5	3	9	23	10	19	11	15	8	1	1	5	9	21	1	5	10	5	3	3	4	3	23	20	23	10	19	6	16	20	5	19	5	10	3	5	6	2	10	25	18	3	7	4	18	20	4	16	7	11	15	1	4	24	5	23	9	1	12	2	9	21	11	11	9	2	11
079	16	17	8	21	22	21	23	6	31	8	22	13	15	22	24	25	21	20	21	6	9	17	18	22	23	13	9	21	36	23	19	17	5	8	17	19	24	13	20	12	18	23	7	6	12	10	23	8	18	12	18	5	18	7	3	23	21	24	13	22	10	18	23	12	20	11	26	4	10	21	3	12	30	18	6	12	12	18	21	20	22	29	16	18	8	24	25	5	26	12	7	12	19	13	22	15	13	14	4	13
080	10	16	7	21	11	2	1	5	29	1	10	14	5	2	6	4	21	20	14	7	3	15	7	19	2	3	4	14	33	6	13	4	7	9	17	21	19	15	18	12	14	8	1	3	5	7	21	1	3	12	1	3	8	4	1	24	20	23	1	10	6	19	15	1	19	1	10	4	5	21	2	9	3	1	3	12	6	19	18	4	17	28	1	18	4	24	22	10	23	9	2	8	4	1	16	3	4	10	6	8
080	13	17	9	22	14	2	22	10	29	4	11	19	6	19	14	10	21	22	17	8	23	24	22	20	7	5	11	19	35	23	15	20	24	20	18	22	23	15	26	15	15	24	9	6	12	10	24	5	18	12	2	11	11	13	10	25	21	24	12	19	6	19	16	12	19	11	28	4	18	22	12	10	25	18	13	17	12	21	20	10	21	29	18	20	15	25	27	26	24	15	6	13	15	4	18	12	17	18	7	22
081	1	11	6	21	12	14	20	18	3	10	17	24	1	2	17	13	25	23	2	2	3	15	19	3	3	2	8	2	27	12	2	9	11	2	3	26	2	19	16	14	4	1	1	12	19	1	7	15	18	20	20	9	3	19	20	29	20	3	16	7	20	1	20	11	28	17	9	9	15	20	6	14	2	22	19	12	3	24	6	13	19	4	1	23	2	14	12	27	19	13	4	11	8	7	23	22	17	2	3	4
081	25	15	18	25	18	16	24	26	13	14	22	24	11	2	17	27	26	24	10	2	22	19	20	18	3	16	28	22	27	16	5	9	24	3	22	26	2	19	16	14	5	24	1	15	20	15	7	16	20	21	21	16	11	19	28	30	20	23	18	7	20	1	20	11	28	17	9	9	15	20	16	14	7	22	20	15	12	25	19	19	23	4	6	23	15	18	28	28	24	13	8	17	10	13	24	22	20	3	4	8
082	2	15	2	24	12	14	25	27	6	13	9	12	4	2	13	20	27	25	5	25	3	19	5	6	3	14	8	2	28	12	1	11	10	4	19	21	2	20	2	6	3	3	1	11	21	2	2	14	4	21	20	8	2	9	17	26	21	26	7	8	4	1	20	11	28	18	11	8	13	21	1	15	7	23	20	6	2	24	9	12	24	1	1	23	4	14	2	27	19	13	14	18	13	3	12	23	7	4	4	2
082	26	21	8	26	17	24	25	28	13	14	14	13	11	6	18	28	28	25	13	25	3	21	19	18	25	15	11	22	39	12	24	18	11	4	20	22	7	20	16	21	4	24	6	16	22	4	7	18	17	22	22	8	16	10	28	26	26	27	7	17	15	10	24	27	29	19	20	14	21	26	7	16	7	23	21	18	5	25	9	17	25	4	4	23	8	16	9	28	24	17	14	18	13	5	12	23	18	4	5	2
083	1	2	11	25	12	15	20	14	4	10	17	25	4	16	12	29	26	13	11	3	22	15	9	7	7	1	5	6	28	16	4	9	7	3	17	25	4	11	4	7	4	8	8	12	21	12	5	14	3	21	14	9	3	8	2	22	22	17	15	7	3	10	24	27	29	19	15	3	22	23	6	16	1	23	20	7	1	24	9	14	12	2	1	23	1	14	4	28	21	18	8	11	4	12	1	6	7	9	9	8
083	27	11	18	27	23	19	25	29	13	14	17	26	10	19	23	29	28	23	24	26	23	21	19	19	25	15	8	13	39	19	12	12	10	10	23	26	7	20	15	22	7	24	27	17	23	15	7	15	18	23	21	16	19	19	17	30	23	24	15	12	15	10	25	28	30	20	20	14	23	26	11	17	7	24	22	18	5	26	15	17	24	27	4	24	14	14	29	28	23	19	10	12	17	14	9	23	12	18	9	19
084	28	13	8	20	11	14	25	30	4	12	17	25	3	16	23	30	26	23	13	23	22	25	23	4	23	2	1	1	27	15	1	11	5	3	2	20	4	19	2	20	5	3	1	18	22	5	7	11	20	21	21	5	11	20	17	29	20	15	8	8	1	1	20	7	30	21	1	8	14	6	1	18	3	22	20	2	3	25	8	15	24	4	1	23	8	16	12	27	19	13	3	11	3	6	1	22	9	7	5	5
084	29	22	11	27	17	24	26	30	7	13	17	26	10	19	23	30	28	26	24	26	22	26	23	6	23	14	7	10	31	18	4	14	25	9	3	20	23	21	6	23	9	3	27	18	24	5	7	16	20	22	23	15	19	21	20	30	24	16	15	18	20	9	21	7	31	22	1	12	18	20	17	19	10	25	22	13	5	25	16	19	25	30	4	25	15	18	28	28	21	17	8	12	15	14	23	24	20	18	8	15
085	28	2	11	20	17	14	14	29	4	10	9	10	4	2	13	13	25	23	10	2	8	19	5	7	23	2	5	1	24	13	25	12	5	16	3	20	2	11	2	6	4	3	7	12	19	16	7	11	4	20	21	8	16	9	17	23	24	6	8	8	6	2	20	3	30	18	1	8	12	20	7	14	1	22	20	15	3	25	6	12	24	4	4	24	1	13	4	27	7	17	10	11	8	1	2	6	7	3	3	5
085	30	13	11	25	23	16	26	30	13	13	17	13	11	6	17	17	27	25	12	23	8	21	5	7	25	10	9	2	28	15	26	12	12	16	4	20	2	14	4	7	11	24	7	15	22	17	7	15	19	22	24	16	18	20	18	30	26	28	9	10	8	13	21	11	32	18	12	9	15	24	17	19	7	23	20	15	5	25	6	13	24	27	10	25	1	14	9	28	21	19	14	18	14	13	12	23	9	18	9	6
086	30	14	7	27	17	24	19	15	11	10	17	13	3	2	12	22	25	13	2	4	3	21	4	7	26	2	5	2	24	12	2	12	7	2	19	27	7	14	6	21	11	1	1	17	22	3	5	14	3	24	14	16	3	12	4	29	7	3	8	10	4	5	20	7	28	23	11	9	11	23	16	16	8	22	17	12	13	24	20	14	24	4	1	23	4	16	9	28	24	17	10	12	13	13	1	6	12	12	8	8
086	31	23	8	28	19	25	25	30	15	14	18	24	3	20	13	30	29	24	24	23	23	21	9	7	26	11	9	6	28	19	4	13	7	2	21	27	7	20	6	21	14	24	12	18	25	18	7	16	7	25	21	17	18	22	20	29	22	29	15	12	5	13	26	7	30	24	20	16	14	24	16	16	27	26	17	19	14	25	21	21	25	30	9	26	14	16	30	28	24	17	14	14	15	13	4	25	18	18	13	15
087	1	15	2	26	11	14	25	28	6	13	15	13	1	2	18	20	26	15	10	27	22	17	4	3	12	2	5	4	28	4	1	11	24	1	3	20	4	11	3	7	3	5	8	9	22	16	7	11	3	20	16	9	3	7	1	29	10	23	8	18	4	5	23	3	30	18	11	8	11	21	8	15	2	25	18	6	12	13	13	6	24	8	1	25	15	16	28	27	21	13	10	11	14	12	1	4	12	11	8	19
087	29	22	7	27	12	24	25	30	13	14	19	25	1	16	23	29	30	25	11	28	23	21	22	3	25	2	10	6	40	16	1	14	25	3	4	22	4	11	4	20	14	24	11	16	24	16	7	14	7	23	21	17	3	20	18	29	22	30	15	18	20	13	27	7	32	20	13	9	11	21	8	19	8	26	22	11	15	27	24	12	24	30	1	27	15	18	28	28	21	16	14	11	15	12	1	6	18	18	12	19
088	5	1	6	21	12	14	20	13	1	10	16	13	3	2	13	13	28	23	2	3	9	14	4	3	2	2	1	4	28	12	1	11	9	3	18	21	2	20	2	6	9	3	1	18	22	5	7	11	19	21	20	8	3	10	17	26	20	3	9	7	1	1	20	7	28	17	1	5	15	6	3	16	3	27	21	2	2	25	13	17	24	1	1	23	1	1	9	27	7	13	1	11	3	4	1	26	12	3	2	5
088	25	15	18	26	18	16	24	26	13	11	17	13	10	9	22	29	29	27	13	21	23	21	19	19	25	12	5	11	30	19	24	15	11	3	20	23	4	20	28	14	11	3	11	19	22	18	7	11	20	21	22	16	16	19	20	31	26	26	16	17	20	9	23	11	31	21	9	12	18	20	10	18	7	27	22	6	2	25	15	19	24	30	10	25	15	16	28	28	21	13	9	16	17	12	23	27	21	18	10	19
089	1	11	7	25	12	14	19	14	2	12	10	11	1	2	14	21	27	13	12	27	8	19	5	6	23	10	2	2	24	12	2	12	5	3	2	20	19	11	2	22	4	1	1	11	21	4	2	16	18	21	12	8	3	8	14	22	21	23	15	7	15	1	20	8	28	17	9	9	15	20	1	17	3	18	22	4	2	12	13	14	24	4	4	23	8	14	12	27	19	17	4	16	10	1	25	26	12	2	2	2
089	31	11	18	25	20	18	25	15	11	14	16	25	3	19	23	28	31	25	13	28	22	21	9	7	25	10	9	2	24	13	2	12	5	4	3	21	23	19	4	22	19	24	9	20	24	5	7	18	20	22	21	16	6	19	17	31	22	24	16	13	20	23	25	11	33	20	18	11	24	23	1	18	10	27	23	6	3	25	15	17	24	30	4	24	14	18	30	27	21	18	14	19	13	13	26	28	21	7	6	20
090	29	22	6	24	11	22	19	27	7	13	13	13	1	2	18	20	27	25	10	3	3	14	9	7	26	10	5	1	28	12	2	9	7	3	3	26	2	15	6	14	4	24	6	12	19	17	7	14	4	22	21	8	3	10	16	26	20	17	7	13	5	1	20	7	28	18	9	6	14	20	3	14	3	23	20	6	2	24	6	12	25	3	6	23	8	18	9	28	16	13	6	11	8	3	1	22	12	7	2	8
090	29	24	7	27	11	24	19	30	13	13	14	13	4	9	22	29	28	27	10	25	8	15	23	7	26	11	27	6	40	14	5	12	24	3	21	28	7	19	16	21	7	24	12	17	25	18	7	15	20	24	22	15	16	20	18	32	26	26	18	17	6	13	26	11	30	23	20	16	15	24	13	16	7	27	21	18	3	25	13	17	25	4	21	25	13	18	30	29	16	17	14	19	17	12	25	27	21	20	9	19
091	30	15	6	24	17	24	25	15	11	13	6	11	3	2	13	21	27	23	6	21	22	17	19	3	3	2	8	2	27	12	2	4	5	2	2	20	4	19	2	10	3	8	26	12	19	4	2	15	4	22	21	9	1	19	16	30	20	23	10	7	5	1	17	7	30	17	1	9	13	6	9	18	3	24	20	6	3	25	8	15	7	3	4	24	2	1	7	5	16	8	9	12	3	1	4	23	7	4	5	2
091	31	21	6	25	17	25	27	27	13	13	17	13	11	5	14	23	29	24	11	25	22	19	22	19	12	15	10	22	29	16	4	12	11	4	17	21	23	19	2	22	18	23	27	12	22	17	7	22	22	26	24	16	3	21	28	32	24	23	16	18	20	9	23	11	34	21	12	15	18	20	13	19	10	27	22	19	5	28	13	17	24	27	8	24	5	14	28	27	22	18	14	20	13	12	12	29	7	12	10	19
092	3	23	2	25	17	14	24	17	2	12	15	13	3	2	13	13	28	27	6	2	2	17	5	6	2	14	5	1	28	12	1	14	9	1	3	20	2	20	6	14	3	3	9	15	25	3	7	11	3	21	14	15	3	14	4	29	7	17	8	10	15	2	21	3	27	22	4	8	24	21	1	14	3	24	18	2	2	12	13	17	24	3	4	23	2	18	7	26	16	17	9	18	8	1	12	23	7	3	5	2
092	32	23	6	28	22	21	24	29	6	31	16	25	8	9	22	29	31	28	13	3	8	21	21	7	26	15	9	12	28	16	12	15	25	3	18	23	4	21	15	20	14	5	16	21	26	12	7	16	19	27	21	18	16	21	18	32	22	29	16	12	20	9	28	29	30	23	7	17	25	26	18	17	8	27	24	12	12	25	18	21	25	23	10	26	13	18	28	28	22	20	14	20	8	5	12	23	7	4	5	2
093	25	15	8	21	17	20	24	17	11	10	10	13	4	5	13	21	28	25	11	1	3	19	9	5	25	2	2	1	26	15	2	12	5	4	2	20	2	11	2	7	3	3	6	15	22	3	7	16	3	21	20	8	11	5	16	26	18	3	11	7	2	13	24	7	29	25	18	11	21	23	8	15	2	25	18	6	12	13	24	9	19	5	1	23	14	14	28	28	22	13	6	14	3	6	1	6	7	7	2	5
093	27	15	8	25	24	25	24	31	13	12	16	14	10	9	24	29	30	27	12	3	22	24	22	6	25	14	9	2	39	15	25	12	5	16	4	20	23	19	2	22	12	24	12	21	27	12	7	17	19	24	21	16	16	19	20	29	20	28	18	8	14	23	24	8	30	26	20	16	24	24	8	15	13	25	18	11	15	25	25	12	24	30	1	23	15	16	29	28	23	18	10	14	17	14	23	22	20	16	9	15
094	26	11	7	25	11	21	24	15	7	10	9	12	3	2	13	13	27	25	6	2	22	21	5	5	13	2	2	1	27	14	1	11	12	10	4	20	2	11	2	7	5	3	3	17	24	5	5	14	3	22	20	8	7	9	19	26	20	3	7	8	3	3	25	27	27	20	7	3	22	23	3	18	3	20	21	6	5	25	8	6	9	1	7	25	1	8	12	5	21	16	4	16	8	3	9	23	17	3	2	16
094	29	23	8	27	23	25	25	17	11	13	15	25	8	2	13	22	31	28	11	2	24	24	22	7	23	15	11	1	37	15	25	12	24	16	20	20	4	11	2	7	7	24	27	18	25	12	7	16	20	24	25	9	16	20	29	32	21	27	15	13	14	9	28	28	32	20	15	10	22	26	8	20	4	26	22	11	12	29	13	17	24	8	10	25	14	19	30	26	23	17	14	18	13	12	12	28	21	3	5	24
095	30	23	2	25	17	14	24	17	2	12	9	12	4	6	13	21	27	25	11	2	3	15	9	5	26	2	1	1	28	12	1	9	9	4	3	22	1	19	15	14	11	11	10	16	1	1	5	23	3	28	22	8	2	6	14	33	21	25	7	8	15	1	21	3	29	19	1	9	21	21	6	15	2	7	18	7	12	25	18	13	24	3	2	23	2	13	7	27	22	17	4	12	8	7	25	22	17	2	3	4
095	33	23	7	27	23	21	27	29	11	12	9	12	8	6	14	22	32	29	11	2	25	26	23	7	26	11	5	6	37	15	5	14	24	16	19	26	7	20	16	21	11	14	10	16	1	1	5	23	3	28	23	19	2	23	14	34	23	28	14	17	20	10	24	29	30	22	20	14	25	27	19	19	27	24	25	8	13	30	25	21	24	27	4	24	4	14	28	29	24	18	14	21	20	13	27	28	21	3	3	16
096	1	11	4	25	12	12	19	16	3	10	17	13	3	2	14	20	25	23	5	3	8	14	9	6	23	10	5	1	27	13	2	9	5	4	2	20	2	19	2	14	4	3	1	11	22	4	6	16	18	21	14	9	7	2	2	22	20	16	12	7	3	7	24	9	27	20	17	14	23	12	11	16	1	24	22	5	1	24	13	14	24	8	1	23	1	13	10	27	21	17	14	11	16	1	1	26	12	2	1	3
096	5	13	18	25	12	14	20	18	6	10	21	13	11	6	17	27	27	29	10	25	22	19	23	7	23	10	5	10	28	13	5	12	24	16	3	26	23	19	16	22	9	24	1	20	25	5	7	18	20	22	23	16	19	20	18	32	24	24	15	13	7	23	24	26	33	26	20	16	25	24	11	17	10	27	22	7	2	26	15	17	24	26	4	24	15	14	28	28	23	19	14	19	17	12	28	27	12	18	13	19
097	28	13	5	24	20	14	24	14	3	12	10	12	2	2	13	21	25	23	10	3	3	15	9	7	5	11	5	6	28	12	4	13	7	16	19	27	7	14	3	21	9	3	9	18	24	5	5	16	4	19	11	17	3	7	4	30	10	30	8	12	15	2	23	8	28	18	9	5	15	22	8	17	1	25	18	11	2	13	8	13	19	3	1	23	14	1	28	28	21	20	10	14	8	1	1	6	7	3	5	3
097	31	14	11	28	23	26	26	30	11	13	17	24	4	2	14	31	27	23	11	23	22	19	19	18	26	16	8	22	39	14	4	15	7	16	19	28	7	14	6	21	18	24	9	21	24	16	7	23	20	21	16	17	11	7	11	32	25	31	8	18	20	23	25	11	33	20	18	11	24	23	17	20	2	26	20	14	20	28	24	17	24	30	6	25	14	18	30	28	23	20	14	18	17	11	12	25	12	20	9	15
098	28	13	8	20	17	14	24	30	4	13	15	13	1	9	12	22	31	13	10	25	3	19	5	3	26	14	5	1	28	12	2	10	5	4	2	20	19	14	2	14	11	5	9	15	22	3	5	14	3	20	14	17	3	9	4	29	18	25	7	8	15	9	24	29	27	19	2	1	21	26	7	14	4	22	18	4	12	10	24	9	24	2	2	23	4	14	28	28	19	17	1	18	10	6	10	23	17	4	4	2
098	32	23	11	28	22	21	26	30	6	31	21	25	1	16	19	28	32	25	12	28	3	19	5	7	26	14	27	2	28	12	2	11	12	16	18	20	19	19	5	23	18	24	12	17	25	18	7	14	7	24	25	19	16	14	14	35	25	29	8	12	15	10	28	29	29	23	7	14	24	26	11	15	12	25	19	13	13	31	25	17	25	3	9	26	15	14	30	29	24	18	14	19	13	6	12	23	22	5	15	25
099	1	23	2	26	17	14	25	17	6	10	16	24	1	2	17	27	25	13	10	2	3	19	19	5	3	2	1	1	37	12	4	9	7	2	3	26	1	14	6	21	3	8	26	12	19	4	2	15	4	22	12	16	3	8	6	22	20	3	16	7	3	4	17	8	28	22	11	4	12	20	8	15	13	23	18	6	4	24	9	9	19	4	1	25	2	13	9	27	19	13	4	12	8	12	24	25	20	4	2	16
099	29	23	6	27	17	22	25	28	11	13	17	25	2	19	23	28	31	23	12	27	25	26	23	18	26	16	8	22	40	15	25	13	9	16	19	28	7	14	15	21	4	23	27	12	22	17	7	22	22	29	20	16	7	19	20	31	21	24	18	7	4	23	28	11	32	23	20	8	24	24	11	21	32	25	24	6	12	25	25	19	24	30	4	25	8	18	12	29	19	17	4	19	13	13	25	28	20	7	3	16
100	25	14	6	20	23	14	14	30	2	11	16	13	10	2	14	27	25	23	5	3	3	26	22	5	23	2	1	1	29	15	5	9	9	3	3	23	2	15	15	14	5	3	9	15	20	3	2	14	7	21	22	8	7	19	19	29	20	3	8	7	3	2	23	7	28	12	9	6	14	23	1	17	2	22	18	2	5	13	6	17	5	3	10	23	8	13	8	28	19	16	6	11	3	6	1	6	12	7	2	5
100	28	15	11	21	25	20	24	32	13	12	17	13	11	24	21	29	28	27	13	23	25	26	23	7	26	7	2	5	37	19	12	15	10	16	18	29	2	20	16	23	11	5	9	15	22	5	7	18	7	21	25	9	7	20	20	32	24	15	15	13	21	13	26	7	30	23	18	16	15	23	8	21	3	22	22	11	21	25	16	17	19	29	10	26	14	14	30	29	19	18	10	14	17	12	23	22	21	18	9	19
101	30	15	4	17	19	9	6	15	11	17	1	5	1	11	13	13	18	2	5	6	17	14	12	1	23	11	13	4	34	1	9	10	10	4	17	13	24	11	11	14	3	2	2	1	25	3	5	11	3	10	7	14	3	8	20	4	21	1	2	1	5	1	25	30	35	2	2	8	8	28	20	20	12	12	7	20	2	17	14	22	26	13	8	23	7	3	26	30	18	5	8	15	6	11	1	9	22	21	1	21
101	34	21	11	26	25	16	12	32	35	32	4	12	17	14	17	17	33	12	10	8	21	17	19	24	25	12	29	12	36	8	20	16	11	4	17	13	25	15	13	15	4	7	10	4	25	16	9	19	7	15	15	19	18	10	30	36	26	13	13	10	13	21	29	31	35	4	31	25	20	29	21	22	25	26	7	21	5	32	21	22	27	16	8	24	8	30	31	31	18	21	10	15	6	11	1	9	22	21	1	21
102	31	3	1	10	21	14	3	17	36	13	3	12	8	25	20	18	12	12	6	7	17	17	6	6	23	11	13	4	32	3	9	13	11	3	4	14	7	11	13	14	3	7	5	6	7	3	1	11	7	12	7	20	3	3	15	2	21	11	10	3	3	18	15	32	36	17	31	12	10	28	22	14	3	13	7	20	16	1	14	20	16	10	10	13	9	3	26	20	18	1	6	22	7	15	1	8	17	22	5	22
102	35	15	18	16	24	17	10	32	37	17	4	19	15	26	26	18	34	14	10	8	26	19	7	8	25	14	13	6	32	8	11	15	24	9	13	24	25	11	13	15	20	25	28	13	24	12	4	24	25	12	11	21	6	10	17	36	26	13	18	10	16	20	21	33	36	24	32	18	16	30	23	18	12	27	8	22	19	32	22	23	28	13	22	23	10	12	31	22	18	5	9	23	21	16	5	13	19	23	15	22
103	25	4	8	13	11	13	2	30	11	30	7	1	17	12	13	14	18	10	7	2	16	14	6	6	2	2	15	4	32	5	9	13	7	3	3	11	4	11	11	11	10	20	21	10	1	1	4	12	26	9	7	14	3	1	15	2	20	1	13	3	16	20	17	33	17	11	18	12	16	29	19	14	3	22	4	23	6	32	4	23	27	16	8	24	8	30	31	31	17	5	8	15	6	10	1	13	19	21	1	11
103	25	24	9	27	21	26	28	31	37	31	8	3	18	23	19	17	20	10	13	5	18	22	19	8	23	16	30	8	41	8	11	16	24	9	6	23	15	20	29	22	21	20	28	10	7	2	27	24	27	18	11	18	7	10	18	36	25	12	18	10	16	22	30	34	36	22	31	26	26	31	19	17	31	24	10	24	13	33	7	24	27	16	8	24	8	30	31	31	18	5	9	20	22	11	7	14	22	24	16	26
104	27	4	9	13	18	19	1	27	37	10	5	3	17	12	19	14	18	10	5	2	17	17	13	1	23	4	13	4	34	1	17	12	11	1	1	22	19	11	11	12	18	2	13	1	7	3	4	19	20	12	7	13	6	9	18	4	21	13	4	3	3	2	16	31	35	1	4	9	9	28	19	14	3	22	5	10	16	1	22	25	26	11	8	23	5	22	23	20	18	1	3	18	6	1	1	7	22	22	3	10
104	30	9	9	16	20	26	1	33	38	31	8	5	19	21	19	17	20	12	7	8	26	17	19	6	25	12	29	8	35	7	18	13	24	9	6	24	23	19	28	12	20	25	28	22	25	3	10	24	25	15	16	18	11	10	20	6	23	13	8	12	5	17	29	35	37	17	31	18	20	32	23	19	10	27	10	23	16	34	22	26	27	16	23	27	7	30	32	20	27	21	11	23	7	16	19	13	23	25	4	22
105	30	3	11	12	17	7	3	15	12	12	4	10	2	13	17	18	34	3	10	7	21	14	6	4	13	4	13	10	32	8	17	10	7	4	7	9	7	15	13	14	3	7	5	3	22	3	1	11	7	15	6	16	6	2	14	2	24	13	5	1	6	1	27	22	35	17	9	27	27	19	20	16	3	22	4	1	3	17	21	22	26	13	8	27	1	12	26	21	18	1	14	18	5	1	10	7	17	22	1	11
105	35	25	18	25	24	17	29	32	39	30	23	10	17	27	27	22	35	10	10	21	21	22	7	8	24	11	14	12	34	8	20	11	11	9	18	13	24	20	29	15	5	25	13	6	24	12	5	17	7	18	11	17	19	8	19	6	24	13	15	3	8	1	29	36	38	18	11	28	28	26	23	20	25	26	7	24	5	35	22	24	27	16	24	28	9	30	31	30	18	21	15	22	6	16	19	13	24	26	17	22
106	27	4	4	16	11	10	1	28	7	30	2	1	10	18	13	17	19	10	10	8	20	17	12	4	2	4	6	4	35	3	17	10	7	4	9	13	23	15	7	14	3	23	10	3	22	12	6	11	7	14	9	20	3	10	13	1	24	2	3	2	5	1	28	35	38	1	20	8	8	17	23	14	31	24	10	6	2	18	18	27	16	10	3	13	6	3	26	22	13	3	6	20	5	1	7	10	17	24	17	11
106	29	21	21	28	18	26	28	31	35	30	4	11	19	25	28	18	36	12	13	8	27	17	20	4	23	16	31	7	41	7	20	15	12	7	18	14	24	21	29	21	11	25	24	5	25	19	9	13	7	15	15	20	11	10	30	7	26	11	13	10	22	22	29	37	39	5	31	29	20	32	24	19	31	28	26	10	5	20	21	28	29	11	6	23	10	5	26	22	18	5	15	24	7	9	19	13	24	26	18	23
107	25	13	1	17	17	10	6	14	11	17	2	4	18	18	18	14	16	11	2	2	20	14	6	1	23	11	16	8	32	1	11	13	3	5	6	13	4	20	11	18	22	20	29	10	6	2	21	12	28	10	4	16	1	8	14	2	24	13	3	1	8	1	23	20	35	9	4	29	8	26	23	14	3	22	9	6	2	2	18	24	26	11	5	23	7	30	21	21	20	5	3	18	6	1	1	7	22	22	3	10
107	30	24	4	27	26	16	30	28	36	30	4	5	19	18	19	18	18	12	6	6	21	21	14	8	25	14	16	8	32	7	11	14	24	21	11	24	23	20	11	21	23	20	29	10	6	2	23	12	29	11	6	16	19	10	15	3	24	14	5	12	14	3	27	31	39	17	11	30	29	28	25	19	25	24	27	10	18	19	22	29	28	12	8	25	7	30	21	31	27	21	11	23	7	16	19	13	23	25	4	22
108	29	3	18	12	11	10	3	28	7	13	7	4	15	15	18	3	17	4	10	6	19	17	12	1	23	12	6	8	33	1	11	13	2	9	5	9	4	19	11	15	4	4	5	6	7	6	10	13	26	9	6	13	6	1	13	3	21	11	16	3	16	22	28	31	39	5	4	29	8	17	23	18	1	23	4	10	16	2	3	26	27	12	5	24	7	30	23	31	18	5	6	20	1	7	5	12	17	25	18	13
108	36	21	21	27	18	17	28	32	36	30	23	13	19	17	26	14	37	10	11	9	20	19	20	4	24	15	12	8	35	25	17	16	12	21	16	14	24	19	29	22	23	25	30	9	25	16	24	13	30	18	11	17	6	24	19	4	26	14	22	7	22	24	30	35	39	9	20	29	8	32	23	19	3	26	5	10	17	34	22	27	28	13	8	25	8	30	31	31	20	21	16	24	23	14	17	13	22	27	19	22
109	25	3	11	16	21	6	3	30	6	13	2	5	18	18	13	17	18	10	5	6	17	16	6	6	2	4	6	2	35	5	9	15	11	4	11	14	23	11	7	15	5	5	10	3	2	2	4	11	20	3	7	13	3	1	18	2	20	1	12	10	14	20	17	31	35	5	7	13	8	17	23	14	3	23	4	10	16	2	17	26	18	10	7	25	7	12	21	21	17	7	9	15	6	1	7	9	17	23	7	11
109	35	26	18	27	21	17	29	32	36	28	7	5	19	21	19	27	19	12	10	8	18	16	19	7	25	15	32	8	42	8	17	16	12	21	17	14	25	21	13	21	21	20	25	10	8	12	8	24	30	12	16	20	7	10	30	36	26	13	13	15	14	23	22	34	40	12	33	29	18	33	24	15	3	28	5	10	19	5	22	30	27	16	8	29	8	30	31	31	18	21	9	18	21	10	17	10	20	24	18	13
110	25	24	11	27	11	10	28	28	6	28	4	1	17	17	19	13	20	10	5	2	21	14	6	4	23	4	6	4	33	8	9	14	2	3	11	11	15	14	7	21	18	2	13	1	6	2	10	19	20	10	7	19	1	8	19	1	21	12	2	7	3	17	16	35	37	5	4	18	8	17	21	15	7	13	4	20	1	17	7	22	28	10	8	13	5	5	23	21	14	1	11	22	21	10	1	13	17	22	3	11
110	29	26	11	28	21	12	29	29	7	30	8	3	17	21	19	14	21	10	7	7	28	17	20	8	24	11	13	12	34	25	11	18	11	21	20	14	23	20	11	22	22	20	29	10	21	3	23	24	28	15	10	20	3	10	20	7	21	19	10	8	22	22	28	35	39	17	20	29	9	28	23	22	12	23	7	21	6	35	7	26	29	13	23	25	6	9	31	30	18	5	14	25	24	17	7	13	22	24	18	22
111	25	3	11	12	17	7	3	30	11	13	4	10	5	25	15	18	35	12	10	7	18	15	6	2	5	11	6	8	36	6	17	11	7	1	7	7	7	19	13	15	9	2	10	1	22	12	2	11	7	9	6	16	6	1	14	2	20	13	12	1	14	20	15	34	38	5	20	12	4	17	21	17	1	13	9	21	1	2	4	30	27	13	8	24	7	22	26	31	18	3	14	20	1	7	13	9	25	23	19	11
111	36	24	18	27	18	17	28	32	36	31	23	11	8	25	27	20	37	12	10	21	20	21	13	6	23	15	33	12	41	8	18	12	11	9	7	22	19	20	29	15	11	25	24	4	25	18	5	11	20	9	11	21	19	8	18	2	23	14	22	15	22	22	28	35	39	10	30	29	18	33	25	21	3	26	28	24	6	20	14	31	28	16	24	26	7	30	33	31	27	5	16	25	23	7	17	12	26	25	20	13
112	30	13	3	10	25	15	4	15	35	17	4	2	18	18	19	14	16	10	2	2	20	15	7	1	13	4	13	6	34	3	18	15	5	1	4	7	17	13	14	21	3	3	10	6	24	3	1	7	7	12	7	16	1	8	19	7	21	12	2	7	13	3	23	31	39	6	2	25	8	17	23	17	10	22	4	10	3	5	3	24	28	13	23	26	3	9	31	21	14	1	8	15	6	11	1	9	22	21	1	21
112	32	15	3	12	26	16	6	30	38	17	4	4	19	21	19	17	18	11	5	8	29	21	13	3	26	12	16	8	35	7	20	16	12	21	10	14	19	19	29	22	11	7	13	22	24	12	28	17	19	18	10	19	3	8	20	7	21	19	10	8	16	20	27	31	39	9	4	29	8	28	25	18	12	26	4	24	6	34	4	30	28	13	23	27	3	9	32	21	14	1	10	22	7	18	10	10	22	25	2	23
113	25	3	18	12	14	10	3	30	7	13	2	4	8	17	18	15	18	8	10	6	17	17	12	6	5	4	13	8	20	3	17	10	12	4	7	9	7	11	12	14	21	16	21	5	2	2	26	7	26	15	10	17	6	2	19	3	21	13	10	3	6	1	29	23	38	18	9	27	29	11	20	14	7	23	4	10	6	34	7	24	26	13	8	23	7	3	26	21	17	1	6	20	7	14	5	7	17	23	16	22
113	36	25	21	25	18	17	13	32	36	30	4	10	19	25	26	31	35	12	12	7	18	17	12	8	24	15	31	12	35	5	18	13	24	9	13	22	19	14	13	22	21	20	28	10	6	6	26	12	26	15	11	20	11	8	19	6	24	14	15	8	20	5	29	38	39	18	9	31	29	14	23	18	12	26	5	20	19	36	22	26	26	13	24	27	9	22	33	30	18	21	11	24	21	14	10	13	25	27	18	22
114	32	3	18	12	18	17	2	31	37	13	2	3	10	22	18	18	18	12	6	1	17	17	12	1	23	4	6	8	33	7	18	10	12	4	7	13	7	11	13	14	3	2	2	1	2	18	8	11	20	6	7	13	11	2	6	1	18	2	4	12	7	3	17	31	39	9	4	12	8	28	16	14	3	22	2	10	16	34	17	24	16	10	6	13	5	3	23	22	18	5	11	18	21	11	7	7	25	23	16	22
114	36	4	18	13	21	19	3	32	37	31	4	11	19	25	27	18	35	12	10	7	19	22	20	4	26	12	13	8	34	8	18	13	24	9	13	22	7	20	29	15	5	5	10	6	24	18	9	11	20	15	15	20	18	21	20	4	22	14	20	13	14	17	23	33	41	24	32	29	9	33	20	15	10	22	5	10	18	35	22	30	27	16	8	23	10	30	26	22	27	21	13	20	21	11	10	7	25	24	16	23
115	27	14	4	10	19	9	5	30	7	17	4	5	10	14	13	17	17	12	10	8	18	17	7	6	5	11	13	4	32	6	9	11	11	4	7	13	15	15	7	15	3	2	11	2	22	3	1	13	20	12	7	20	3	10	15	3	18	11	4	10	6	1	21	18	35	17	9	28	27	13	20	15	10	13	5	10	3	20	14	23	28	10	5	26	3	9	32	21	14	1	10	22	6	16	10	7	17	22	1	22
115	34	26	11	26	24	16	11	32	38	33	4	10	17	25	28	18	35	12	10	8	26	17	12	6	23	16	31	12	41	8	17	18	11	9	17	24	19	20	7	22	4	4	13	5	25	16	27	17	20	15	7	20	11	10	20	36	26	13	10	12	8	5	29	22	38	18	11	31	29	26	26	23	12	22	7	20	18	35	17	24	28	13	23	27	3	9	33	31	14	1	14	22	7	17	10	7	18	25	1	23
116	30	14	4	17	24	14	6	15	37	17	4	1	17	17	19	13	16	10	5	2	21	14	6	25	25	11	13	2	32	1	11	10	11	5	7	7	17	11	12	6	4	7	2	4	6	2	7	17	3	9	9	18	11	2	16	1	20	11	4	15	3	3	21	31	36	11	7	18	10	28	21	17	7	11	4	21	1	1	4	24	27	13	7	24	3	9	32	21	14	1	6	24	6	6	5	10	17	24	18	22
116	31	14	9	17	26	20	6	17	37	20	8	4	17	21	19	31	21	12	6	8	21	27	6	25	26	11	29	7	32	8	17	10	12	9	20	9	19	15	13	23	22	20	29	10	21	19	23	24	28	10	11	21	11	2	16	6	22	12	12	15	16	18	23	38	42	18	32	26	26	32	25	21	10	26	10	24	6	5	14	32	28	16	8	27	8	30	33	21	17	21	6	26	21	9	7	13	18	27	20	23
117	27	4	2	13	17	19	1	31	25	31	5	5	5	18	15	23	18	12	5	21	19	15	20	4	12	14	12	6	33	2	9	14	11	1	17	6	24	11	11	22	3	2	2	1	22	3	5	11	7	9	7	16	3	8	19	3	21	14	1	15	7	3	21	32	17	5	20	18	8	29	16	19	28	26	10	3	2	17	2	23	28	13	8	24	3	9	26	21	14	1	11	20	6	14	10	7	19	23	16	11
117	32	8	18	16	18	26	1	33	35	31	7	10	19	25	19	27	37	12	5	21	30	17	21	4	23	15	15	8	36	7	9	20	24	4	18	13	25	15	13	22	11	2	10	5	25	16	5	11	20	15	10	16	11	10	30	4	23	19	10	17	16	17	30	33	36	22	32	29	10	32	27	20	31	28	11	24	4	32	7	24	30	13	24	26	7	30	32	31	27	5	12	20	21	18	10	10	25	24	18	22
118	25	14	4	17	14	10	6	15	7	17	2	5	11	17	17	14	18	4	10	4	17	14	12	1	24	2	15	4	32	3	9	14	2	4	11	13	15	15	7	21	7	1	10	6	24	3	2	11	7	10	11	17	5	1	18	2	20	12	3	3	14	21	17	34	14	11	2	13	8	29	19	16	3	22	4	23	6	5	4	24	27	9	8	24	8	9	26	22	14	1	3	22	7	3	5	8	17	22	7	9
118	27	25	21	25	24	20	13	30	37	30	23	10	18	27	20	22	34	14	10	6	20	15	19	8	25	4	16	8	35	8	11	18	11	21	17	14	19	20	11	22	11	2	24	7	25	18	5	12	20	12	16	18	7	8	19	4	21	14	18	15	14	23	23	35	40	12	33	26	18	33	25	17	3	26	4	24	6	37	17	26	27	10	23	26	9	30	31	31	18	5	9	24	21	16	7	10	18	28	15	22
119	27	3	11	16	11	10	2	29	6	31	4	4	15	12	19	18	12	14	2	1	19	15	7	4	5	14	12	8	20	5	9	13	11	3	7	13	10	15	7	15	9	2	10	1	21	18	2	17	3	9	4	15	3	8	14	2	21	13	10	1	10	7	22	39	38	5	13	26	8	13	20	16	3	22	4	1	1	34	17	30	16	11	4	8	5	30	26	14	13	2	10	20	21	3	10	7	25	23	16	14
119	30	21	18	27	24	26	30	31	36	31	24	15	16	28	29	18	20	14	6	5	30	17	12	5	13	15	31	12	38	8	18	18	24	9	20	22	19	21	13	22	18	7	10	4	25	19	7	17	7	15	10	16	6	8	19	4	21	14	20	8	14	10	29	40	39	22	20	32	30	29	23	18	10	26	9	10	3	35	22	30	28	16	8	24	10	30	32	21	27	21	11	20	24	14	19	9	27	23	20	22
120	27	8	3	10	23	16	5	30	25	17	4	1	15	14	14	17	13	12	8	1	17	22	12	1	25	2	6	6	33	1	9	12	11	1	4	13	24	19	11	15	7	1	24	7	22	16	2	12	20	12	11	17	5	1	19	3	21	13	3	3	5	1	29	30	39	1	4	8	8	30	20	14	3	23	5	10	6	34	17	26	22	13	7	23	5	6	31	31	17	1	2	15	6	6	2	9	18	22	3	21
120	32	14	4	11	24	19	6	33	38	31	8	4	18	21	19	31	18	12	10	7	19	25	20	4	26	15	13	8	34	7	17	16	24	4	13	14	25	20	13	18	7	3	24	14	24	18	2	24	20	12	16	17	6	8	19	4	21	14	16	15	16	24	30	31	43	9	31	29	20	32	23	18	10	26	9	24	16	34	17	30	27	16	8	25	10	30	31	31	25	21	8	24	24	17	5	10	22	28	18	22
121	4	8	22	9	22	6	19	4	2	15	4	15	20	5	22	25	13	21	22	2	7	9	17	2	8	1	4	8	32	16	5	18	19	15	24	30	10	22	1	12	6	2	9	5	4	12	9	18	9	22	3	2	13	15	8	8	18	7	22	6	5	14	30	38	35	2	28	15	19	3	6	15	9	7	27	14	4	36	12	9	7	1	5	3	5	31	2	13	24	12	12	7	4	1	7	15	1	14	17	21
121	8	8	22	13	23	8	31	4	6	15	7	22	21	20	24	26	20	30	25	2	12	27	24	6	9	3	8	13	34	27	12	21	21	22	24	31	13	23	30	24	18	24	21	9	5	20	29	22	22	27	3	2	15	16	9	10	23	7	22	6	5	14	30	38	39	6	29	18	19	5	13	17	33	7	28	14	4	36	12	9	8	6	5	6	9	31	12	23	24	15	12	7	19	1	10	17	10	18	21	26
122	4	2	22	11	12	8	32	1	7	10	8	4	22	20	12	24	16	21	26	1	7	12	15	6	17	10	3	7	30	10	1	16	16	6	25	4	26	12	17	11	8	21	28	12	17	21	24	15	31	30	3	2	12	14	3	7	14	7	12	1	5	6	20	25	11	9	11	29	15	4	3	1	2	1	26	4	6	5	7	6	5	1	23	6	7	31	9	16	22	12	6	3	4	5	7	14	1	10	7	9
122	9	9	23	12	19	13	32	2	13	15	8	17	22	20	23	32	16	21	27	6	12	13	16	7	27	14	11	12	30	10	22	18	22	13	26	32	27	18	30	25	8	21	28	12	17	21	24	15	31	30	26	12	13	16	9	8	18	18	22	6	23	25	20	33	13	16	29	33	18	19	20	24	5	8	29	12	22	34	8	25	6	6	24	25	9	32	30	23	22	16	16	27	19	7	10	30	19	20	22	27
123	15	2	23	12	19	7	26	4	2	10	1	20	19	5	7	12	12	6	21	2	4	10	11	2	14	10	2	7	30	11	5	15	17	6	25	19	17	16	5	25	1	6	1	5	3	12	26	14	5	21	26	1	13	15	4	7	14	18	1	1	5	4	28	38	13	3	4	6	3	9	12	23	4	10	30	2	19	2	8	16	7	2	23	25	6	20	28	10	16	8	12	2	3	6	1	11	3	9	22	14
123	24	8	24	13	23	12	33	11	6	11	7	22	23	6	21	33	38	31	23	23	12	13	15	4	17	14	11	12	32	28	21	22	21	8	27	32	26	17	30	26	18	23	28	22	12	22	29	22	5	30	27	7	14	15	4	36	14	19	13	15	24	14	30	41	35	6	28	18	19	23	20	25	13	28	31	19	23	34	21	20	7	8	24	28	11	33	28	10	23	8	17	3	17	7	10	16	25	11	23	22
124	9	2	22	12	12	8	32	2	6	10	4	22	20	6	9	12	13	30	22	2	11	9	10	3	9	8	2	4	30	10	12	16	19	21	24	30	13	22	27	12	18	2	1	9	3	3	26	16	5	30	2	10	13	13	1	1	11	10	10	12	1	4	20	37	13	1	4	5	3	9	16	25	5	8	26	7	19	3	1	5	31	4	3	26	3	34	7	18	24	17	6	27	2	4	2	15	1	9	20	9
124	9	8	23	13	23	13	34	4	13	15	4	22	24	16	24	32	13	32	28	25	15	26	15	21	14	11	11	12	34	19	22	18	26	22	28	33	14	22	30	27	18	4	1	11	17	12	27	16	22	30	27	22	21	15	3	7	13	12	16	12	24	15	28	42	17	3	29	6	19	23	23	26	6	10	32	13	19	34	21	20	31	30	23	27	11	35	28	23	24	18	9	28	2	7	10	30	18	12	23	26
125	8	8	23	13	12	7	26	4	2	11	8	18	20	9	22	24	14	21	19	3	7	10	15	3	16	2	1	7	30	11	1	13	18	13	24	5	11	17	25	12	1	7	23	5	7	22	29	22	2	21	3	2	13	16	4	10	11	7	1	4	24	12	30	43	6	2	2	34	5	26	27	15	34	1	32	18	5	2	3	1	6	3	7	6	3	31	9	10	21	12	3	5	2	1	1	18	1	10	7	21
125	11	13	23	23	19	14	33	11	13	14	8	27	22	20	23	33	14	33	26	6	12	13	15	7	27	14	11	13	34	29	1	15	22	18	28	30	13	23	30	27	6	23	28	22	13	22	30	23	5	26	27	12	15	17	7	36	14	19	20	15	24	15	30	43	6	2	2	34	5	26	28	15	34	8	33	19	19	5	12	8	9	6	24	28	9	33	34	23	23	16	12	27	5	7	2	31	18	11	21	26
126	4	2	22	11	12	8	32	3	6	10	3	21	19	6	7	32	12	6	19	2	12	9	17	6	2	7	4	9	34	11	5	15	18	8	29	19	11	16	5	14	1	17	24	9	3	21	24	23	1	20	8	1	13	12	3	14	12	3	2	2	25	6	27	41	6	1	2	25	3	26	3	21	4	1	29	6	11	34	8	6	31	1	8	30	7	36	12	12	21	8	16	3	2	3	1	18	3	9	17	14
126	8	8	23	12	23	8	34	5	7	15	8	27	22	6	22	34	14	31	22	3	31	21	17	18	9	14	11	11	43	16	12	22	21	22	30	30	17	23	30	26	19	23	25	13	9	21	31	25	22	27	28	23	22	13	8	32	14	19	13	4	25	15	30	44	11	3	2	29	20	26	12	24	13	1	31	11	24	35	13	8	32	4	8	30	7	36	12	23	24	8	18	10	15	6	4	30	25	20	22	27
127	8	2	19	16	14	6	25	1	6	12	8	18	20	9	22	24	14	21	19	3	4	10	15	3	17	10	1	7	34	27	1	16	22	13	25	1	27	12	17	11	1	20	21	5	3	23	24	15	2	26	3	2	15	13	3	7	13	7	10	6	25	4	16	20	11	2	1	8	3	19	12	1	5	1	31	6	11	2	13	16	6	4	2	6	9	35	7	10	22	12	6	10	5	6	1	16	12	8	16	14
127	8	4	25	17	17	13	34	3	6	15	8	27	22	16	23	25	38	31	26	6	4	10	15	3	20	10	1	7	34	27	12	16	22	13	26	8	28	18	17	11	2	23	23	11	17	24	32	22	9	30	29	22	21	15	9	8	24	32	22	12	26	7	22	45	12	27	11	33	10	20	23	22	13	7	34	18	19	5	21	20	31	30	24	13	10	37	29	23	22	13	19	28	12	7	2	18	19	8	20	26
128	6	3	19	12	12	12	26	3	6	11	8	17	22	6	12	25	14	21	21	1	5	8	10	6	16	8	2	4	30	10	4	15	18	13	25	8	12	18	19	15	4	6	9	9	3	12	27	18	2	26	5	2	13	13	8	8	11	7	5	4	23	5	16	21	11	15	13	9	18	11	2	15	9	1	15	4	2	35	8	6	5	6	24	6	9	15	12	10	21	12	3	3	1	6	1	30	17	8	7	26
128	10	13	25	13	23	13	34	11	7	14	23	21	22	20	22	32	16	32	27	1	12	24	11	26	17	10	9	12	34	19	8	20	19	14	26	30	28	23	27	18	6	7	23	22	7	22	30	23	5	27	6	24	14	16	9	10	18	9	22	6	27	15	18	46	13	27	13	33	18	19	6	24	13	7	29	15	22	36	10	9	6	8	24	26	10	32	34	23	23	16	19	10	12	7	9	31	18	11	21	28
129	8	3	22	12	14	6	27	4	6	10	8	3	20	17	12	24	13	17	26	1	7	8	11	3	20	10	3	8	30	10	1	15	18	12	24	1	12	12	17	11	2	5	21	5	17	21	24	15	9	26	8	1	7	12	8	7	13	7	5	5	23	5	20	22	11	8	11	8	3	19	13	16	33	7	15	17	13	34	10	7	7	3	2	13	10	34	7	10	16	13	15	7	4	3	1	11	10	9	22	20
129	9	11	26	13	19	12	34	11	11	15	8	4	20	20	16	25	14	30	26	6	7	12	11	6	20	10	3	12	30	10	12	18	22	22	26	5	27	22	30	15	8	21	28	12	17	23	32	22	31	30	27	3	19	17	9	14	24	14	18	15	27	15	29	41	12	27	13	33	16	26	23	25	35	28	26	19	19	35	21	25	9	30	24	23	10	35	30	32	22	22	17	10	15	7	5	18	25	12	22	29
130	6	2	23	16	12	8	26	1	6	10	4	19	20	2	9	24	14	19	22	25	12	24	10	22	11	6	2	4	34	3	4	22	21	6	29	3	15	16	5	26	2	6	1	10	3	12	26	18	5	26	2	12	13	13	3	7	13	10	3	12	27	7	12	20	11	8	1	8	3	14	3	16	13	1	15	4	13	35	9	6	9	3	2	13	3	34	7	10	22	13	8	10	2	4	2	15	2	9	20	22
130	9	11	26	17	12	12	32	11	13	14	12	22	22	24	25	32	15	30	28	25	12	27	17	26	16	9	9	4	36	19	5	22	27	8	31	34	17	16	10	28	4	23	21	22	17	23	32	22	9	30	19	22	21	17	4	7	14	19	10	18	28	15	29	41	15	15	9	33	18	26	13	24	33	7	29	17	24	35	10	18	31	30	24	25	10	35	30	10	24	20	11	29	19	4	5	32	9	14	24	27
131	9	1	27	13	12	6	32	1	2	10	4	4	22	2	16	12	13	17	23	1	2	8	15	3	17	10	1	6	34	10	4	15	16	6	24	30	12	17	27	12	4	6	1	10	3	12	24	15	5	27	3	1	13	13	4	4	14	7	18	6	29	6	12	21	12	7	1	29	10	12	23	15	33	1	26	8	6	2	12	1	2	1	8	6	5	36	12	12	21	8	11	5	3	1	7	14	1	10	17	26
131	16	4	27	16	17	7	34	4	12	15	7	20	25	16	24	25	14	30	26	23	4	13	25	25	20	14	3	7	35	27	21	16	17	14	25	32	26	23	30	27	8	21	28	12	17	21	27	18	31	30	27	2	13	17	9	8	18	12	22	15	29	12	29	43	12	14	1	29	16	13	28	26	34	10	33	19	19	34	12	3	31	4	23	28	9	37	30	23	22	15	20	7	12	4	25	30	22	14	21	30
132	9	1	23	17	12	8	26	3	7	10	4	18	20	9	21	24	12	21	19	6	12	13	15	3	9	5	2	7	30	15	1	14	17	13	25	8	13	12	17	11	2	16	23	9	5	15	21	22	1	25	4	12	13	8	3	7	7	18	1	7	26	14	27	21	12	8	1	26	3	2	16	26	6	7	30	7	19	2	10	3	5	1	3	25	11	20	10	32	23	16	6	7	4	7	2	17	10	10	20	21
132	15	4	28	18	23	12	27	5	11	14	8	27	22	20	23	24	14	31	26	27	12	13	18	17	14	10	27	13	36	19	22	16	22	15	26	32	26	18	22	27	8	23	25	13	9	25	29	25	22	27	19	16	16	17	4	11	14	19	3	18	27	15	29	43	13	14	1	29	19	26	20	27	13	24	30	19	19	2	21	26	5	3	24	26	17	35	28	32	23	17	15	27	19	7	5	18	18	12	25	26
133	7	3	20	13	11	12	27	3	7	10	2	20	21	5	22	12	14	17	21	1	4	13	15	3	2	14	2	7	30	10	8	16	19	13	24	8	26	18	19	12	2	5	21	5	13	22	29	22	5	20	3	1	13	13	7	1	11	7	8	4	15	12	22	38	6	3	2	13	10	5	19	5	5	1	33	18	6	2	4	1	4	1	5	6	3	31	2	13	23	12	15	7	4	7	5	11	10	12	22	20
133	10	13	23	23	23	13	34	11	7	14	7	22	25	20	24	26	20	30	25	2	31	21	17	19	16	14	11	9	43	11	8	20	22	13	25	8	28	23	25	18	2	23	28	5	13	22	32	22	22	21	26	2	19	16	8	10	23	19	20	18	25	15	30	47	35	5	3	26	19	26	28	15	34	10	35	19	16	11	12	2	31	30	23	27	7	34	28	23	24	18	15	7	4	7	5	17	10	12	25	26
134	6	2	25	10	11	6	26	4	6	14	2	18	22	5	24	24	14	17	21	2	5	10	15	1	8	1	1	8	30	10	21	18	15	6	21	30	14	18	30	16	18	7	1	9	6	12	26	11	5	26	1	1	12	12	1	7	14	3	2	1	1	12	20	30	12	5	29	6	15	3	16	16	33	2	26	13	1	2	12	3	9	6	2	13	10	35	4	10	17	13	13	3	2	1	4	16	3	14	17	21
134	15	11	27	18	23	12	26	11	7	14	8	20	25	17	25	26	38	21	27	6	5	27	24	4	17	10	2	8	32	27	22	20	22	21	24	33	26	22	30	27	19	7	23	13	17	23	33	23	8	30	28	12	13	13	3	14	14	19	12	4	7	25	23	33	35	9	29	33	17	4	23	26	34	8	32	15	13	34	22	6	31	30	5	26	10	38	7	18	22	17	16	8	4	3	5	18	28	20	17	27
135	7	8	23	16	17	7	27	4	2	10	1	20	19	6	7	24	16	6	21	2	4	8	14	8	11	6	2	6	34	2	1	16	22	8	26	4	10	12	3	11	6	16	23	11	3	15	20	15	1	27	27	1	13	13	1	4	11	11	15	2	27	6	12	21	12	14	1	29	16	6	12	23	13	5	29	2	19	2	8	8	9	4	3	13	10	35	10	18	13	17	16	3	4	3	4	18	3	4	17	27
135	8	23	23	23	19	14	31	4	7	11	3	22	26	9	25	33	38	17	25	28	9	19	15	22	27	13	11	8	36	28	2	21	27	13	27	34	27	12	17	28	6	16	25	12	6	22	21	16	11	27	30	12	21	17	8	7	11	19	16	12	27	11	29	22	13	15	1	33	16	13	20	25	13	10	32	19	23	5	14	20	31	6	23	23	11	38	10	18	21	17	21	30	12	4	4	32	18	20	19	31
136	6	2	23	18	12	6	14	1	7	14	8	20	20	2	7	33	12	31	21	23	5	10	11	6	16	10	3	12	30	10	1	15	19	13	24	1	13	12	17	11	8	21	25	12	9	21	24	18	21	20	3	2	19	13	7	10	11	7	13	2	1	6	18	32	16	8	11	5	10	9	12	23	2	1	31	6	19	2	7	8	4	4	22	23	1	32	2	10	17	16	11	5	3	1	7	14	1	11	21	21
136	13	2	27	18	23	6	27	4	7	14	12	21	25	4	7	35	16	34	23	23	12	13	15	7	17	14	9	13	38	11	1	16	22	22	26	33	27	17	27	12	24	23	28	13	17	22	25	26	31	30	30	23	22	16	8	32	13	18	20	4	27	15	23	46	35	15	29	18	19	14	23	28	4	8	32	19	23	34	9	20	5	4	22	25	10	34	30	12	23	22	12	10	3	1	10	15	2	14	21	27
137	4	3	23	10	11	12	26	2	6	11	4	16	20	2	1	32	12	17	21	3	4	10	10	6	9	8	3	4	30	10	8	14	14	8	25	30	14	18	27	13	8	16	9	9	1	12	21	15	5	27	8	1	13	12	3	7	11	3	2	2	23	5	19	22	11	15	1	8	16	11	16	20	9	8	26	12	3	34	1	3	9	6	5	24	10	20	4	6	17	14	3	27	5	7	1	32	7	10	7	21
137	6	11	26	16	12	12	35	11	6	14	8	20	20	4	7	33	12	31	22	23	15	26	11	21	17	10	11	12	34	19	21	18	19	21	28	30	16	22	30	17	18	25	25	9	4	15	27	18	6	27	30	12	21	16	10	14	14	19	15	5	27	15	20	46	12	27	13	9	18	19	23	26	33	24	34	13	16	34	12	6	9	30	23	26	11	38	9	18	23	17	3	27	5	7	1	32	7	10	7	26
138	4	2	27	12	17	7	34	3	2	14	4	4	22	16	16	24	13	17	26	1	5	25	11	2	8	1	1	4	34	8	3	18	18	11	24	31	10	18	1	11	2	16	21	11	2	23	22	16	1	27	8	3	7	12	3	1	13	7	5	5	24	4	28	45	11	2	2	9	3	23	18	1	6	5	26	12	6	5	1	3	5	6	5	13	3	38	10	18	13	17	15	5	4	4	5	11	10	10	17	20
138	8	4	27	13	17	13	35	4	12	15	12	19	22	24	25	25	15	19	28	25	7	27	17	22	11	9	2	8	36	28	5	21	27	15	32	33	12	23	20	24	9	17	24	11	3	24	24	18	6	30	28	12	13	17	9	14	14	14	10	12	25	15	30	47	12	3	4	25	5	26	23	26	13	8	32	18	19	34	21	20	9	6	23	27	10	38	10	18	22	17	19	7	13	7	25	30	22	12	22	32
139	4	8	19	13	11	10	35	2	2	11	1	15	20	5	6	12	12	21	21	2	7	8	18	2	8	1	3	8	32	18	1	20	22	8	26	8	10	12	3	11	6	21	21	5	5	20	24	15	21	22	28	12	12	12	1	7	13	14	12	1	24	7	12	20	6	2	1	8	5	14	12	22	4	1	26	6	11	34	1	2	2	6	3	6	5	31	4	10	22	12	16	3	13	3	4	18	3	8	17	27
139	10	9	22	13	17	12	35	3	7	15	7	16	22	6	24	32	14	30	28	28	12	27	24	17	9	5	4	13	34	27	2	21	27	12	27	34	27	12	17	28	8	24	28	12	17	21	29	22	31	30	30	23	22	13	8	36	14	19	13	2	27	12	30	47	15	15	2	34	18	26	16	27	6	8	31	7	19	35	9	8	6	30	23	27	9	31	30	23	24	14	20	8	19	4	25	20	22	20	19	32
140	4	2	23	16	11	6	14	2	6	11	7	20	20	5	7	26	20	30	21	2	4	11	15	3	9	14	2	6	30	8	12	14	15	5	23	5	11	12	1	27	4	6	1	10	3	12	20	16	1	27	3	2	13	12	9	1	11	7	10	6	5	12	25	38	12	6	1	18	5	3	7	14	6	8	15	8	4	34	1	3	5	1	5	26	10	34	4	18	13	13	12	3	3	3	9	11	3	18	17	22
140	6	3	27	18	23	12	35	4	7	14	8	22	21	20	22	33	38	31	25	23	12	25	18	21	14	18	3	12	30	15	25	23	22	13	29	31	15	12	23	29	6	16	23	12	6	26	27	18	5	27	30	12	15	13	10	8	18	14	22	18	27	14	30	43	35	8	10	29	19	26	23	27	9	8	30	15	19	36	10	9	7	1	8	27	11	35	11	32	17	13	16	5	19	7	10	18	3	20	23	26
141	37	17	6	9	17	24	16	1	13	15	10	15	8	12	4	3	21	17	5	1	23	28	7	27	1	10	12	15	6	4	2	5	8	23	22	16	5	11	10	16	6	26	8	23	28	9	22	3	9	12	5	3	23	14	10	13	6	2	13	23	10	9	20	47	17	8	19	12	15	15	3	20	28	3	4	7	13	11	6	29	11	3	5	24	18	16	11	2	11	13	22	2	4	6	20	31	5	29	11	19
141	38	20	11	13	23	26	18	22	15	22	20	16	18	22	18	4	24	35	16	29	24	28	19	28	4	11	16	21	7	16	21	24	15	24	22	17	15	22	29	27	8	27	26	24	29	14	25	9	21	13	28	21	24	25	12	25	10	8	14	24	10	10	23	47	39	8	19	15	15	19	11	21	29	4	7	19	20	14	8	33	11	8	8	29	19	17	11	5	11	18	23	2	4	6	20	32	5	29	11	19
142	16	17	7	11	17	17	19	3	12	11	20	15	8	12	4	4	24	17	15	1	22	28	3	27	6	4	16	14	5	13	2	24	15	25	7	15	3	17	3	13	2	24	3	23	15	9	21	3	11	9	29	9	23	13	8	1	8	1	13	25	12	13	23	24	16	3	17	6	15	19	2	14	31	6	2	4	13	9	8	20	19	8	1	24	20	33	4	1	28	11	23	5	8	6	14	17	3	30	12	17
142	17	27	8	13	19	26	20	21	13	16	20	15	10	12	4	5	24	17	18	23	24	29	20	29	7	10	16	15	7	19	4	25	21	26	22	17	5	22	10	27	19	27	27	25	28	27	32	27	22	13	30	13	24	25	9	5	10	1	15	26	12	14	29	47	43	8	34	15	30	21	11	19	31	6	4	8	14	11	24	24	32	29	3	26	21	38	11	9	29	20	23	10	13	13	20	31	3	31	26	17
143	2	6	1	10	2	21	2	1	6	11	19	15	1	11	24	7	11	35	2	6	8	30	21	30	1	2	13	14	6	12	3	24	15	25	5	12	7	9	17	13	2	5	1	23	14	11	3	3	8	10	3	12	25	14	10	11	3	2	8	27	7	9	18	22	39	3	19	12	15	16	1	14	25	3	4	6	2	11	6	30	11	8	8	28	19	17	11	2	11	18	19	5	4	13	3	17	2	31	19	17
143	38	18	20	16	14	25	17	13	13	31	21	27	8	22	30	16	24	36	20	26	27	31	21	31	2	11	34	17	7	18	3	26	15	25	5	12	7	9	19	13	9	15	12	25	16	28	31	28	16	14	31	18	26	26	12	29	10	12	18	28	10	15	23	47	42	7	19	12	20	21	3	20	28	9	9	11	13	14	24	33	23	8	8	28	19	19	11	3	29	18	23	10	12	16	14	33	3	31	26	33
144	5	9	7	12	9	27	3	18	11	15	10	16	2	18	4	11	8	6	9	5	22	31	7	27	1	10	15	14	5	4	2	25	13	24	3	16	1	3	3	13	6	5	8	19	28	9	23	3	9	11	18	6	23	13	1	13	3	1	16	28	9	10	20	46	17	2	19	6	15	6	10	19	3	6	2	2	9	7	8	27	19	3	1	24	18	19	7	7	9	13	23	5	13	5	14	17	3	31	13	4
144	17	20	19	13	23	28	19	21	15	29	21	22	17	23	6	32	10	16	15	5	24	31	20	27	1	14	16	15	7	16	4	27	21	25	22	18	20	12	10	17	6	27	27	23	30	27	25	29	15	13	31	17	26	25	12	31	8	9	18	29	10	26	26	47	35	8	34	15	30	19	10	19	25	11	4	13	15	16	24	33	23	8	8	24	22	31	11	9	11	20	23	10	13	13	20	20	28	32	26	17
145	38	16	3	10	11	17	15	11	12	11	14	15	8	22	18	3	22	31	5	28	22	28	3	27	1	10	29	3	3	12	3	24	15	23	5	12	3	9	3	13	2	5	1	23	14	28	3	21	16	7	8	6	23	7	3	13	1	2	1	23	10	10	20	46	17	3	17	6	15	6	1	16	31	6	7	11	8	8	8	11	19	8	3	24	22	33	4	7	9	19	17	5	3	4	5	32	3	29	11	2
145	38	17	21	16	14	18	18	11	13	15	19	16	17	22	31	14	24	35	6	30	24	28	5	30	7	11	29	19	4	15	12	24	15	25	7	15	7	23	19	25	24	5	9	25	29	29	4	28	16	10	30	20	27	27	9	22	3	5	15	30	12	11	25	47	35	7	35	12	30	14	11	17	31	6	9	15	20	11	9	34	25	30	8	24	22	37	11	9	11	20	23	5	4	16	16	33	5	33	24	5
146	1	9	20	10	2	25	23	3	2	8	17	15	8	10	1	4	3	16	1	2	23	30	6	28	1	11	12	16	25	16	20	3	8	10	5	12	2	10	5	13	19	10	3	25	31	13	19	3	18	13	8	6	28	14	9	5	3	1	8	26	10	11	25	46	17	2	34	5	7	2	1	14	25	9	9	6	2	11	24	30	19	8	5	24	18	31	8	5	1	20	18	8	8	4	15	17	3	34	14	17
146	12	28	21	11	17	29	25	19	11	20	20	17	11	12	4	11	24	17	18	5	24	31	7	28	7	11	14	17	25	16	22	27	18	24	13	17	25	13	13	17	19	15	8	26	32	30	25	5	22	23	30	13	29	25	10	25	8	9	13	30	12	14	25	46	35	8	34	5	7	22	10	14	29	9	9	6	9	16	25	33	25	8	8	24	21	31	11	7	26	20	20	10	13	13	20	19	10	34	14	19
147	5	9	3	12	2	21	3	11	11	15	21	22	5	14	1	2	9	6	3	7	22	31	22	27	2	4	16	15	5	11	5	5	8	24	7	16	1	11	3	13	1	3	1	15	30	27	4	30	10	7	27	5	23	13	12	1	10	1	1	25	10	10	17	18	16	7	17	6	9	14	8	21	28	4	7	18	14	14	8	29	24	3	3	28	21	32	8	3	11	18	18	2	5	15	3	32	3	31	2	2
147	38	16	20	16	11	27	18	18	13	29	25	27	11	18	4	11	10	22	14	21	32	32	22	27	8	14	16	20	7	19	22	28	15	25	22	16	17	17	13	27	6	24	27	19	32	29	21	30	11	11	31	14	30	18	21	11	10	11	15	31	15	12	20	47	17	8	34	15	17	21	11	23	31	4	28	19	21	15	9	29	32	30	8	30	21	37	11	5	11	18	21	2	13	17	8	34	29	35	24	6
148	17	20	8	11	17	22	19	3	11	15	10	16	5	10	2	4	22	16	9	8	3	31	21	32	1	2	13	15	4	12	12	5	13	10	7	15	8	10	6	17	1	5	8	20	30	27	23	20	13	7	30	13	24	25	7	5	3	1	13	26	9	8	20	43	17	7	17	5	7	19	1	15	28	2	5	5	14	6	8	11	10	3	2	24	19	17	4	5	9	14	18	5	4	13	3	17	2	33	24	18
148	38	28	11	13	23	22	25	21	15	17	20	17	18	22	7	10	24	36	15	9	24	31	21	33	2	11	15	21	5	18	22	25	19	27	22	17	25	22	17	29	1	5	26	23	30	28	23	31	16	7	32	17	30	26	12	11	8	1	18	32	10	10	25	48	35	8	35	15	15	22	1	16	29	6	5	11	15	8	9	25	19	8	8	24	22	33	11	9	11	20	19	27	13	16	20	19	2	36	26	33
149	5	4	2	9	1	28	2	19	2	17	20	16	8	10	7	2	11	16	9	5	22	31	9	30	1	2	15	15	4	15	4	5	8	24	13	16	3	11	10	16	1	5	8	23	10	11	23	3	13	7	5	6	23	13	3	11	9	1	10	29	12	11	23	46	16	8	17	5	7	19	11	18	28	4	7	18	20	11	8	29	11	4	5	24	18	17	7	2	6	18	17	2	5	4	8	32	3	30	12	6
149	38	20	20	12	17	29	16	22	4	29	22	17	11	11	24	7	24	34	14	6	24	33	21	33	1	10	29	19	5	18	21	26	15	28	22	16	15	23	29	27	8	15	12	23	30	27	29	20	22	17	28	21	27	27	9	31	10	8	16	30	12	13	29	47	42	8	34	15	15	22	11	23	29	4	7	18	21	14	9	34	11	8	8	28	19	37	11	7	29	18	17	8	12	16	17	35	5	35	24	19
150	17	16	1	13	12	22	16	21	6	11	10	16	8	13	6	7	21	34	14	8	24	30	7	6	1	4	13	15	7	4	2	24	13	25	3	15	1	17	3	13	4	9	4	23	16	31	19	4	1	7	29	9	23	12	8	3	7	11	15	29	9	10	20	47	17	8	17	12	13	14	10	14	28	6	7	6	9	14	9	26	11	4	2	24	22	36	10	3	6	13	17	2	3	15	3	31	2	31	16	3
150	38	20	8	16	17	28	19	22	15	15	19	27	15	22	22	9	23	36	17	21	33	34	16	30	11	10	15	17	40	14	4	25	15	26	7	16	6	24	15	24	4	9	14	23	29	31	19	4	1	7	31	17	26	27	12	13	8	11	18	33	12	23	23	47	17	14	17	12	15	19	10	21	29	9	9	13	15	16	25	29	19	30	3	30	23	37	11	3	6	18	20	8	5	17	8	36	14	35	24	6
151	12	17	6	9	14	21	16	3	7	15	14	16	1	13	9	10	3	6	9	5	23	28	6	28	2	11	15	14	3	14	1	27	15	25	2	15	1	17	3	24	11	14	12	23	16	11	19	3	6	15	26	9	23	12	9	1	4	2	13	30	10	10	16	41	17	2	17	5	7	2	9	19	25	3	2	6	9	11	6	26	19	8	1	25	19	31	8	7	1	16	18	5	4	6	3	17	2	31	14	25
151	38	29	21	16	17	24	18	11	7	20	20	27	11	14	24	11	10	36	20	21	23	30	22	30	7	14	34	15	25	16	2	28	21	27	7	17	6	24	6	27	19	15	16	25	29	32	31	21	21	18	29	13	24	27	12	13	10	11	15	34	10	11	25	46	35	8	34	12	15	19	11	19	29	9	9	8	13	16	25	26	32	8	8	27	23	32	10	7	9	20	19	7	13	16	14	33	10	36	24	33
152	1	6	1	10	14	21	3	1	6	11	20	15	8	10	7	2	24	16	9	1	22	29	19	27	1	10	14	15	7	16	4	7	13	10	1	15	6	6	1	17	1	3	1	15	29	14	4	9	11	7	5	2	28	12	3	13	3	2	10	28	9	11	26	46	35	2	16	5	2	6	1	14	25	4	4	11	4	8	6	11	10	8	2	24	19	31	10	2	1	8	18	2	3	4	17	11	5	32	14	5
152	38	18	22	16	16	22	17	14	13	32	22	17	11	12	9	4	24	17	16	5	24	31	20	28	7	11	16	21	25	18	9	24	16	26	3	17	24	15	6	24	8	15	26	24	30	29	22	29	21	12	31	17	29	25	12	31	8	5	16	30	10	26	28	46	40	6	23	9	30	22	10	19	29	9	9	11	20	8	13	25	19	8	3	25	22	37	10	5	6	17	23	10	8	13	20	32	28	36	14	18
153	38	16	11	11	11	18	15	3	7	15	19	15	2	18	4	6	10	6	5	5	22	28	21	28	1	2	15	14	5	4	3	24	15	23	5	10	8	13	6	17	7	9	8	23	30	30	25	3	18	2	6	1	23	12	5	14	2	1	8	27	2	11	18	23	14	3	23	6	8	6	1	16	29	2	2	8	13	6	8	11	19	8	1	24	22	32	10	1	28	9	17	8	8	6	14	17	3	30	11	17
153	38	30	21	16	23	25	19	4	11	16	21	22	15	23	19	15	21	32	9	29	24	31	22	33	6	12	29	17	25	16	12	27	15	25	22	17	25	22	19	24	19	15	16	25	32	33	25	10	31	13	32	14	29	28	10	29	9	4	12	31	30	15	25	48	35	8	36	18	30	20	11	20	31	6	5	11	15	11	25	24	32	29	5	27	24	38	11	6	29	20	24	10	13	13	20	31	10	34	26	17
154	16	17	8	13	14	24	18	3	11	11	10	22	15	17	4	9	21	34	14	8	22	28	9	28	1	10	14	19	4	15	2	6	13	23	22	16	1	3	3	17	9	15	9	23	16	11	8	3	8	8	29	9	23	12	9	1	10	11	15	28	10	11	25	24	35	2	34	5	30	2	1	16	29	2	5	4	13	7	8	11	11	4	3	24	21	19	4	3	6	8	19	7	8	3	14	17	3	29	11	17
154	38	31	21	16	19	26	20	11	15	16	10	27	16	22	6	9	23	36	14	8	22	31	22	30	6	12	29	21	25	19	2	26	21	24	22	18	1	23	10	25	24	23	12	23	29	27	31	20	13	14	31	17	26	26	12	12	10	12	15	34	12	14	25	46	43	2	34	6	30	21	1	16	31	4	8	12	15	9	20	33	19	8	5	29	22	32	10	5	29	18	23	10	12	13	17	35	28	31	26	17
155	5	9	1	12	9	21	15	3	6	8	19	17	7	10	5	5	8	33	6	24	22	29	7	27	1	10	15	14	7	18	2	25	13	10	5	15	1	13	10	16	2	5	1	23	14	28	3	10	16	2	5	3	23	14	10	13	8	2	10	23	12	3	20	47	16	8	17	15	13	16	1	17	25	6	4	11	4	8	6	11	10	4	3	25	23	36	4	7	9	18	17	2	4	6	8	31	3	29	11	6
155	12	16	22	12	11	27	23	19	11	11	20	20	15	17	14	15	24	36	9	30	24	31	20	32	7	10	16	15	7	19	3	26	15	25	20	15	10	17	18	27	7	9	16	25	30	34	25	28	31	10	31	17	27	25	12	25	9	8	14	30	12	13	23	47	17	14	17	18	15	19	2	19	31	6	9	12	20	11	8	25	11	30	5	30	25	37	7	7	11	20	23	2	19	16	20	35	5	35	24	19
156	16	16	2	10	12	18	15	4	2	15	9	16	1	13	7	7	8	36	14	8	3	28	9	8	1	10	29	16	4	13	2	24	15	25	3	15	1	17	10	25	8	11	12	23	10	11	19	3	22	7	5	2	23	12	10	1	9	1	15	25	6	3	15	47	15	8	17	6	11	16	1	17	30	2	4	6	10	8	20	26	19	8	3	24	21	32	8	2	1	18	18	5	4	1	20	31	10	29	12	7
156	38	17	2	13	14	29	16	21	7	16	19	17	16	18	22	7	8	36	20	21	25	28	19	30	7	12	34	19	25	15	25	26	15	29	22	15	2	23	10	25	18	15	12	25	29	34	29	10	31	17	27	5	28	13	12	31	10	4	18	28	12	10	20	47	17	14	18	15	15	16	9	19	31	9	8	8	13	16	25	33	24	8	3	30	21	36	10	3	6	19	22	5	8	6	20	32	28	32	13	19
157	38	16	2	10	14	18	15	3	7	11	21	18	2	10	1	2	9	6	3	5	8	31	19	28	1	11	13	14	6	18	2	6	15	25	1	15	1	10	10	16	1	5	16	20	30	28	23	10	13	7	8	6	23	7	3	13	1	2	13	23	10	10	16	47	14	3	17	12	15	19	11	20	28	3	7	12	4	11	9	24	19	8	3	24	21	32	4	3	11	18	17	1	5	13	3	17	3	34	24	6
157	38	28	11	11	23	25	20	11	7	17	22	22	5	14	7	6	24	16	3	7	23	31	21	31	7	11	14	17	25	18	20	26	17	29	20	17	24	17	17	27	7	11	26	23	32	34	25	31	31	8	26	13	24	27	12	25	4	5	15	30	10	10	20	47	17	8	17	15	15	19	11	23	31	4	9	18	21	14	25	29	24	8	8	28	22	33	11	9	11	20	17	10	13	16	14	36	3	35	26	17
158	38	17	2	12	11	24	18	3	7	15	19	17	2	10	7	2	8	33	6	5	23	28	19	8	6	12	13	16	6	14	1	5	8	24	2	15	6	11	6	13	6	27	3	23	28	9	25	3	9	13	5	6	26	14	7	13	2	1	16	28	2	7	18	25	17	3	17	12	15	19	3	19	25	3	2	2	12	14	6	11	10	3	8	28	19	17	2	1	4	8	17	2	4	1	3	32	3	29	11	5
158	38	30	11	13	23	25	20	4	7	16	25	20	15	22	14	15	24	34	9	30	25	31	20	27	7	14	34	19	25	15	22	27	21	27	22	16	17	24	13	24	8	27	8	23	31	9	32	3	22	13	28	18	28	27	10	25	3	8	18	30	10	10	20	47	42	7	24	18	26	21	10	19	28	11	4	11	23	14	24	33	24	8	10	28	19	37	11	3	11	18	22	8	5	16	20	36	10	35	24	6
159	17	16	1	12	12	22	18	21	6	11	10	16	15	22	6	9	21	35	6	8	23	28	3	28	6	4	14	17	5	13	2	24	14	25	20	15	1	17	10	11	7	9	3	23	28	30	25	3	22	2	5	6	26	7	3	13	6	9	14	27	11	3	20	46	17	7	17	9	15	6	1	16	29	2	5	11	15	6	6	11	10	8	2	24	19	33	10	1	1	8	17	2	5	13	3	11	3	31	14	6
159	38	20	8	13	17	30	19	22	15	15	19	27	17	22	18	14	22	36	9	30	24	31	19	29	7	11	16	17	25	16	4	26	15	30	22	15	22	24	10	27	8	10	16	23	30	33	32	10	31	13	31	25	28	26	7	25	10	11	18	28	12	11	25	47	35	14	34	15	30	16	9	19	31	6	5	13	15	6	9	33	19	8	8	25	22	37	11	5	11	20	18	3	8	17	20	36	5	35	24	18
160	2	20	6	9	2	17	2	13	6	15	19	15	8	13	6	5	8	22	3	1	23	28	6	28	4	11	12	17	6	16	4	5	13	31	1	16	5	3	10	16	1	5	8	20	28	9	3	3	13	7	30	13	24	25	7	5	4	1	1	26	11	9	20	43	35	7	19	9	1	6	3	19	3	3	2	8	4	7	6	24	11	3	3	24	18	36	7	3	6	17	22	2	4	1	14	19	3	29	11	1
160	38	32	20	10	23	24	18	22	15	30	20	16	16	14	24	7	10	36	20	4	23	31	19	33	7	11	14	21	25	18	8	24	20	31	22	16	24	14	13	17	1	26	26	23	29	28	25	31	22	13	31	17	26	25	12	13	8	1	18	29	11	11	25	46	39	8	34	15	17	13	9	20	28	6	4	11	20	14	8	33	31	4	5	28	23	37	8	7	11	18	23	8	8	3	20	20	28	32	12	17
