ind	locus1	locus2	locus3	locus4	locus5	locus6	locus7	locus8	locus9	locus10	locus11	locus12	locus13	locus14	locus15	locus16	locus17	locus18	locus19	locus20	locus21	locus22	locus23	locus24	locus25	locus26	locus27	locus28	locus29	locus30	locus31	locus32	locus33	locus34	locus35	locus36	locus37	locus38	locus39	locus40	locus41	locus42	locus43	locus44	locus45	locus46	locus47	locus48	locus49	locus50	locus51	locus52	locus53	locus54	locus55	locus56	locus57	locus58	locus59	locus60	locus61	locus62	locus63	locus64	locus65	locus66	locus67	locus68	locus69	locus70	locus71	locus72	locus73	locus74	locus75	locus76	locus77	locus78	locus79	locus80	locus81	locus82	locus83	locus84	locus85	locus86	locus87	locus88	locus89	locus90	locus91	locus92	locus93	locus94	locus95	locus96	locus97	locus98	locus99	locus100
001	1	1	1	1	1	1	1	1	1	1	1	1	1	1	1	1	1	1	1	1	1	1	1	1	1	1	1	1	1	1	1	1	1	1	1	1	1	1	1	1	1	1	1	1	1	1	1	1	1	1	1	1	1	1	1	1	1	1	1	1	1	1	1	1	1	1	1	1	1	1	1	1	1	1	1	1	1	1	1	1	1	1	1	1	1	1	1	1	1	1	1	1	1	1	1	1	1	1	1	1
001	2	2	2	2	2	1	2	2	2	2	2	1	2	2	2	2	2	2	2	2	2	2	2	2	2	2	2	2	2	2	2	2	2	2	2	2	2	2	2	2	2	1	1	2	2	1	1	1	1	1	2	2	2	2	2	2	2	2	2	1	2	2	1	2	2	2	2	2	2	2	2	2	2	2	2	2	2	2	2	2	2	2	2	2	2	2	2	2	2	2	2	2	2	2	2	2	2	2	2	2
002	3	1	1	1	3	2	3	2	3	1	1	2	3	3	3	1	2	3	2	1	2	2	2	2	3	2	1	2	3	2	1	1	1	1	3	1	1	1	1	1	2	1	1	2	2	1	1	1	1	1	2	3	3	3	3	3	3	3	2	1	1	1	2	3	3	3	3	1	3	2	2	2	3	2	3	3	3	3	1	3	3	3	3	1	3	2	3	3	3	3	1	3	1	3	1	3	3	3	3	2
002	4	3	3	3	4	2	4	3	4	3	1	3	4	4	4	3	3	4	3	3	3	3	3	3	4	3	3	3	4	3	2	3	3	3	3	1	3	3	2	2	3	2	2	3	3	2	2	2	2	2	3	4	4	4	4	4	4	4	2	2	3	3	3	4	4	4	4	2	4	3	3	3	4	3	4	4	3	3	3	3	4	3	4	2	4	3	4	4	4	4	2	4	3	4	3	4	4	4	4	3
003	5	4	4	1	3	3	5	1	4	1	3	3	1	3	5	4	4	5	2	2	1	4	4	3	1	4	2	1	5	4	2	4	3	4	1	2	3	4	3	3	1	3	3	2	3	3	2	3	3	3	1	3	5	5	3	5	5	5	3	2	3	3	1	3	2	3	5	3	3	4	1	1	5	1	1	1	1	4	1	1	3	2	1	1	5	2	2	2	5	2	3	5	4	2	4	4	2	3	2	4
003	6	5	5	4	4	4	6	4	5	1	4	4	5	4	6	4	5	6	4	4	4	5	5	4	5	5	3	3	6	5	3	5	4	5	4	3	4	5	4	4	4	4	4	4	4	4	3	4	4	4	1	3	5	5	3	5	5	6	4	2	3	4	2	3	5	5	6	4	4	4	1	4	5	4	5	5	4	4	1	1	4	4	2	1	5	4	5	4	6	3	4	6	5	5	5	5	5	5	5	5
004	4	3	3	1	3	2	4	3	4	3	1	2	1	1	1	5	1	3	4	2	3	1	5	5	2	5	3	1	7	2	2	5	4	2	1	4	1	4	2	2	2	1	1	2	2	1	1	1	1	1	2	5	2	6	4	2	1	1	3	3	1	1	3	1	4	4	5	3	3	3	4	5	2	5	3	3	2	5	3	1	2	3	3	1	3	1	3	3	1	2	5	4	2	4	3	6	1	5	4	6
004	6	6	5	5	4	4	6	5	5	4	4	2	6	5	7	5	6	7	5	5	5	6	6	6	5	6	4	4	8	6	3	6	5	6	5	5	5	6	4	3	3	1	5	3	5	5	4	2	4	5	4	5	2	6	5	6	2	7	3	3	2	2	3	5	5	6	5	5	5	5	5	5	4	5	4	5	5	5	3	2	2	5	5	3	6	3	3	4	3	3	5	7	3	6	4	7	6	6	4	7
005	6	2	1	3	3	5	3	2	1	1	4	1	5	3	6	4	1	6	1	1	2	2	2	2	4	2	5	1	4	2	4	2	2	2	1	1	3	2	2	2	1	2	2	1	2	6	4	3	5	2	4	1	1	1	1	1	6	1	1	4	3	3	1	3	6	3	6	2	3	1	1	2	2	1	1	3	2	1	1	1	2	4	2	3	3	3	2	4	1	3	2	1	5	7	5	4	2	2	2	4
005	7	6	6	6	5	5	7	3	5	2	4	3	7	4	7	4	5	6	6	2	6	5	3	4	6	7	6	2	9	6	5	7	3	5	4	2	6	7	5	5	1	4	6	3	3	7	5	3	6	6	4	3	6	7	6	7	7	1	5	5	4	3	4	4	7	7	7	2	4	2	2	4	6	5	6	4	4	3	3	3	5	5	3	4	7	5	3	5	7	4	5	4	6	8	6	6	4	3	4	8
006	5	4	4	1	5	6	6	1	4	5	4	3	6	6	6	5	4	8	3	3	3	3	3	3	1	3	1	1	3	3	3	4	2	1	1	1	2	4	2	3	1	1	2	3	3	2	6	3	3	2	1	1	4	6	1	1	1	1	1	3	3	3	4	3	2	3	6	2	3	2	3	2	7	5	2	3	2	5	2	1	2	2	1	1	3	2	1	2	3	4	6	8	4	5	4	8	5	7	5	4
006	8	7	7	7	6	6	8	6	6	6	5	3	7	7	8	5	5	9	7	6	7	4	4	3	3	4	3	3	5	4	6	5	6	5	4	3	6	7	5	5	3	4	5	3	5	6	6	5	3	5	1	1	7	7	1	8	2	1	1	6	5	5	5	6	3	8	8	6	6	5	4	2	8	5	3	5	2	5	3	3	6	6	6	5	7	5	5	3	5	5	7	9	7	9	7	9	7	8	6	4
007	5	1	1	4	3	1	5	1	1	1	4	3	8	4	6	5	5	1	3	6	2	2	2	1	2	1	1	1	1	2	2	5	2	2	4	2	2	4	3	2	3	2	5	3	1	6	2	3	3	2	4	4	4	4	4	2	4	4	3	1	2	2	6	7	3	8	8	2	4	2	6	2	4	1	1	3	4	1	1	1	1	5	3	1	6	1	3	4	1	3	1	7	2	2	4	4	8	5	4	2
007	6	8	8	8	4	2	9	3	4	1	6	5	8	6	9	6	7	5	8	7	4	4	6	1	7	2	1	2	4	3	3	7	3	5	6	3	5	7	5	5	5	4	7	5	3	7	5	6	6	7	5	5	4	8	7	9	4	8	5	6	6	5	7	8	5	9	9	7	6	6	7	4	6	2	6	5	6	6	4	4	5	7	5	5	8	3	3	4	3	6	5	10	8	6	7	7	9	6	6	7
008	6	1	1	1	7	1	5	2	1	1	1	4	4	4	4	1	2	4	2	3	5	2	7	7	1	2	7	1	10	7	2	5	4	2	3	2	1	2	2	3	1	4	5	3	3	2	4	3	2	2	1	1	7	1	1	2	2	1	1	1	1	2	7	1	1	6	1	5	4	5	5	5	4	5	3	3	3	5	3	2	4	1	2	4	1	1	3	1	1	3	5	11	3	8	8	4	4	9	7	6
008	6	2	9	9	8	5	10	3	2	2	7	4	6	4	5	4	7	5	3	8	8	7	8	7	2	6	8	5	11	8	3	6	5	6	5	4	7	4	4	5	3	5	5	6	5	6	6	5	3	5	5	3	8	6	5	8	7	8	3	3	3	6	7	5	5	10	9	8	7	7	5	5	4	5	3	3	3	5	3	2	7	2	5	5	5	6	5	2	1	6	5	12	9	8	9	10	4	9	8	9
009	5	1	4	1	4	1	3	1	2	2	1	2	6	2	1	1	8	1	1	1	2	2	2	1	7	1	2	1	4	7	1	1	1	1	3	1	1	1	1	1	3	1	5	1	5	4	4	2	2	1	1	2	2	1	3	4	2	2	2	3	7	5	3	4	3	8	10	2	4	1	2	3	2	5	4	3	3	2	3	1	5	5	2	1	3	3	2	4	8	3	6	13	2	9	5	7	3	3	4	2
009	9	6	7	4	9	4	5	1	5	7	8	5	8	3	6	1	9	3	4	2	5	2	7	7	8	2	8	6	10	9	5	6	7	5	4	3	8	5	4	6	4	4	8	3	6	5	7	4	4	5	6	5	9	3	7	6	8	8	2	6	8	6	6	9	5	11	11	9	8	5	4	5	2	5	7	5	5	5	3	3	5	8	2	3	7	3	2	4	8	4	8	14	10	10	7	11	10	7	5	4
010	5	4	4	4	1	1	5	1	4	1	4	1	7	2	7	4	9	1	4	3	2	1	2	1	4	2	1	2	4	1	4	4	4	4	1	1	3	4	3	3	2	6	2	3	3	6	4	3	3	2	1	1	4	3	1	2	2	1	1	3	3	2	1	8	3	3	5	2	3	2	3	5	8	5	3	3	2	5	3	1	4	5	2	1	4	2	4	4	6	4	7	12	4	3	5	8	7	1	1	1
010	5	8	8	8	4	1	9	1	4	1	6	3	7	4	7	5	9	6	6	7	6	2	5	7	9	3	9	7	11	2	7	6	8	4	2	1	3	8	6	4	3	7	7	5	7	8	6	7	6	6	6	2	8	7	8	8	2	2	2	6	5	5	5	9	5	7	12	10	6	8	3	5	8	5	3	3	2	5	3	1	8	8	4	1	7	3	5	6	8	4	9	15	11	11	10	12	9	10	7	6
011	1	2	3	6	5	5	3	3	4	1	6	3	5	2	3	5	1	1	2	2	2	2	1	1	1	2	1	1	1	4	1	1	1	4	1	2	2	1	2	3	3	5	5	3	5	2	3	3	3	4	1	4	2	2	7	4	4	8	2	1	1	2	6	4	5	7	5	7	3	3	5	1	8	2	1	3	3	1	1	3	5	2	2	1	3	2	1	4	6	3	1	12	9	1	1	1	1	4	1	1
011	7	6	10	8	10	5	7	5	5	4	8	6	7	2	7	7	10	8	4	3	4	8	2	3	8	6	2	8	4	9	3	4	4	4	6	2	9	2	6	7	5	7	5	6	6	3	4	5	4	5	4	4	9	4	8	4	8	9	3	1	5	5	8	9	5	12	8	11	8	6	7	5	9	6	3	5	4	3	5	3	9	2	3	4	3	7	4	4	6	6	10	16	12	8	3	10	4	9	2	10
012	6	6	7	1	4	1	5	1	1	1	1	1	1	1	7	1	1	3	4	1	3	1	3	4	2	6	4	1	7	2	3	2	4	2	1	1	6	3	2	2	1	2	5	3	6	2	2	2	3	3	1	3	1	5	1	5	8	1	1	2	1	6	3	1	1	10	1	5	5	1	1	4	1	1	1	3	4	1	1	1	4	3	4	1	5	3	1	2	3	2	5	10	13	2	2	7	1	4	2	2
012	10	9	7	10	5	3	5	6	7	5	1	2	2	2	7	1	9	3	4	2	6	5	6	5	5	8	5	4	12	6	3	6	4	4	3	2	7	4	3	5	5	4	9	6	8	3	3	3	4	5	1	6	5	6	3	10	9	6	3	6	1	6	7	5	5	12	1	5	9	7	1	6	9	6	8	5	4	4	3	3	10	8	7	2	8	4	6	4	6	4	8	17	14	3	5	13	1	6	6	3
013	5	6	4	5	3	3	3	1	4	4	2	3	6	3	7	4	1	5	2	1	6	6	1	1	5	4	6	1	1	1	4	3	3	4	4	3	6	6	4	5	1	2	2	3	8	1	8	2	4	1	4	7	1	2	2	7	4	1	1	7	1	4	1	1	5	1	1	2	1	1	7	2	1	4	2	3	3	3	1	1	2	3	1	1	3	3	4	2	3	4	2	1	2	7	7	2	1	3	2	4
013	6	8	5	11	4	4	6	1	5	6	2	7	7	6	10	5	10	6	4	3	9	9	3	8	9	8	8	2	9	6	6	6	6	7	7	5	8	9	7	6	6	8	8	6	9	2	9	8	7	5	4	8	5	7	3	10	10	1	5	8	8	6	3	4	5	7	13	2	4	1	8	4	7	7	8	6	7	7	3	3	5	8	6	4	9	8	7	3	6	7	4	14	5	10	7	4	2	4	4	8
014	1	6	4	4	4	4	8	2	2	2	1	2	1	1	6	5	1	1	4	1	5	2	3	7	2	2	10	4	1	3	2	2	5	1	3	4	1	2	5	2	2	2	7	2	4	1	4	4	4	4	2	3	3	1	3	3	1	3	2	2	1	2	3	2	5	1	1	1	1	5	1	1	5	4	8	3	1	1	1	3	2	3	3	1	3	2	3	2	3	2	5	1	6	1	2	6	1	1	1	1
014	5	8	7	12	6	6	9	4	3	6	2	3	8	2	6	5	5	3	6	3	6	6	4	8	10	9	11	9	13	10	3	5	7	6	5	6	7	4	7	4	6	4	8	5	7	8	8	7	6	6	6	8	3	3	5	6	3	8	3	3	3	4	3	4	5	3	7	8	4	9	1	6	10	4	8	5	8	1	1	3	6	6	6	3	9	3	4	3	5	5	11	4	12	8	3	13	4	3	4	4
015	5	1	1	4	7	3	4	6	1	2	1	2	3	3	1	1	2	1	3	2	3	8	1	8	9	1	2	5	2	1	1	1	3	1	4	2	4	1	1	6	2	1	7	1	2	1	1	1	1	1	2	3	3	5	5	5	1	3	3	3	1	3	3	1	1	3	1	2	3	1	1	1	1	1	5	2	4	4	1	1	1	2	1	1	5	4	5	2	5	3	4	4	3	2	3	4	2	3	2	2
015	6	4	4	8	11	5	5	7	1	2	8	8	8	4	4	1	5	3	6	3	7	8	3	9	9	3	3	9	5	1	2	5	9	5	5	7	4	5	4	7	5	1	8	5	2	4	1	1	8	2	6	3	6	7	8	11	3	7	4	9	3	6	4	3	3	12	3	5	5	2	7	7	10	4	8	5	7	7	3	1	3	4	1	4	8	8	7	7	9	8	5	6	5	4	5	6	4	4	4	5
016	5	4	5	1	4	1	4	1	1	1	1	1	1	2	1	1	9	3	4	1	6	2	3	7	2	1	8	2	3	1	3	4	2	1	1	1	6	3	2	2	5	4	5	6	6	3	3	3	3	4	1	1	4	3	1	2	2	9	1	3	2	1	1	4	4	6	5	2	2	1	2	5	4	2	6	2	5	2	3	1	4	3	4	1	4	2	4	4	3	4	2	6	5	2	5	6	2	3	2	5
016	6	6	7	11	9	3	5	8	4	1	1	1	2	7	7	1	9	10	4	1	6	2	9	10	9	4	11	3	11	4	5	5	6	8	8	7	10	4	5	3	5	7	5	6	8	3	3	7	3	4	1	2	8	7	3	8	8	10	2	6	8	6	3	5	4	7	7	3	5	5	9	8	6	8	9	5	8	7	5	2	10	8	4	2	5	4	6	4	4	4	4	18	15	8	11	7	6	4	5	11
017	1	6	4	4	5	6	6	4	3	5	4	3	5	3	7	4	5	1	4	2	2	2	2	1	2	2	1	2	2	2	3	2	4	1	1	5	3	4	3	2	2	1	1	2	2	1	1	1	1	1	1	2	1	3	3	6	2	1	2	3	1	1	3	1	1	1	1	1	1	1	2	5	1	9	3	3	3	2	3	2	4	8	2	1	3	1	4	4	8	4	1	4	3	1	1	1	1	4	1	1
017	8	7	7	7	6	6	8	6	6	6	6	3	7	4	7	4	9	6	6	5	2	4	10	1	5	2	1	2	4	2	3	4	6	2	2	5	9	4	7	6	2	6	7	5	7	8	4	7	6	6	6	7	4	7	8	12	8	4	6	10	9	4	7	8	3	3	9	8	5	2	9	8	2	10	10	4	8	8	5	4	9	9	8	5	10	3	5	8	8	6	5	16	12	4	3	6	6	6	4	6
018	5	6	1	5	3	1	6	2	5	2	2	3	7	3	6	5	5	1	6	2	2	2	2	1	4	2	1	2	4	2	3	5	4	5	6	2	1	3	3	5	2	1	1	2	2	1	1	1	1	1	1	3	3	4	3	5	4	5	2	2	2	1	3	5	4	13	5	3	5	5	1	1	1	1	1	1	1	1	1	1	5	2	2	1	3	1	4	4	8	4	4	6	1	1	1	7	1	1	3	1
018	6	8	5	12	4	4	9	5	5	4	4	8	8	6	7	5	9	6	8	6	10	2	2	2	8	2	2	8	4	9	4	7	7	9	9	5	9	9	8	8	5	2	7	2	7	8	4	7	6	6	1	9	10	5	3	8	5	6	4	2	2	1	3	5	4	13	9	3	5	5	6	7	9	1	8	5	9	1	1	2	11	9	9	5	11	3	5	9	8	6	11	18	15	8	11	14	6	4	5	9
019	4	6	5	3	1	5	3	1	4	1	4	3	1	1	2	4	9	2	6	1	3	1	3	3	2	3	3	4	2	2	5	5	2	4	1	1	7	3	2	2	3	1	2	5	4	2	4	3	4	4	4	4	4	2	1	2	4	2	2	1	3	2	3	2	1	2	5	2	4	8	1	2	5	2	2	1	1	3	2	1	3	2	1	5	3	3	4	2	8	3	1	3	1	10	8	3	3	2	2	3
019	9	8	7	4	9	7	5	2	8	4	9	4	7	4	7	4	10	6	9	7	5	8	6	10	9	6	4	9	7	3	8	6	4	8	8	7	10	4	5	5	4	4	8	7	8	4	8	4	4	5	5	5	4	4	4	2	8	4	5	6	10	4	4	10	4	4	9	2	10	9	2	4	7	11	5	2	3	4	5	2	3	10	4	6	7	8	5	5	9	9	10	4	6	12	12	10	4	3	3	6
020	5	4	4	1	4	1	5	1	1	1	1	5	5	3	7	1	5	6	7	2	6	2	1	7	2	1	1	4	1	1	3	3	4	3	3	2	3	2	2	5	3	1	2	3	2	2	2	3	2	5	4	8	3	2	3	5	1	3	2	2	1	6	2	4	5	8	4	2	4	3	1	4	1	4	1	3	1	1	1	1	3	3	3	1	7	3	3	2	1	2	4	3	5	2	1	3	2	3	2	3
020	7	6	7	8	11	3	11	2	4	2	4	8	5	6	11	1	9	8	8	6	7	8	4	9	9	2	4	5	5	3	4	7	6	4	7	5	6	6	7	5	7	5	10	8	5	7	4	5	4	8	7	8	6	4	7	13	3	4	2	3	8	6	7	8	5	12	11	5	9	8	1	4	9	12	1	5	4	1	1	2	4	8	7	2	8	5	5	3	3	4	8	6	14	3	5	4	2	4	3	5
021	8	10	11	13	12	8	12	9	1	8	10	9	9	8	2	2	11	9	10	9	2	5	6	2	8	1	5	10	12	11	1	8	6	10	10	8	11	2	1	3	8	8	11	7	3	3	10	9	9	2	8	10	11	4	2	14	11	11	7	11	11	6	9	2	4	11	14	12	11	4	3	9	8	5	8	7	1	9	6	5	12	4	10	7	2	3	1	10	2	3	9	19	16	13	13	15	11	11	9	2
021	11	11	12	14	13	9	13	10	8	9	11	9	10	8	5	4	12	9	11	10	8	5	11	7	11	1	6	11	14	12	9	9	7	11	11	9	12	3	9	4	9	9	11	9	10	9	11	10	10	9	8	11	12	4	2	14	12	12	8	11	12	7	10	11	5	14	15	13	12	8	10	10	11	13	10	8	10	10	7	6	13	8	11	7	12	9	1	11	4	10	12	20	17	14	14	16	12	12	9	2
022	12	7	12	7	2	10	14	6	4	1	12	10	11	9	12	3	13	11	12	11	11	10	5	7	6	1	3	12	9	12	9	9	2	11	2	10	13	2	6	3	10	8	12	10	11	10	10	9	11	10	9	12	1	9	2	9	13	13	2	12	11	4	11	12	4	7	14	12	11	4	11	9	4	9	11	9	4	2	6	2	14	3	12	8	2	1	5	11	6	11	9	21	11	13	15	17	5	13	10	4
022	13	11	13	15	14	11	15	11	9	10	13	11	12	10	13	8	14	12	13	12	12	11	12	11	8	3	12	13	14	13	10	10	4	12	2	11	13	3	6	3	10	10	12	11	12	11	12	11	11	11	10	13	10	9	3	15	14	14	8	13	11	6	11	12	4	11	15	13	13	8	12	11	8	14	12	10	7	11	7	7	15	11	12	9	2	10	8	12	10	12	13	22	18	13	16	18	12	14	11	12
023	14	12	12	14	12	8	12	11	4	6	12	9	10	8	2	2	12	2	11	10	8	10	4	7	4	2	1	12	9	14	7	8	3	13	11	4	7	3	6	7	8	11	11	11	3	12	10	9	11	6	10	11	4	9	3	9	14	15	5	10	11	3	11	11	4	8	15	13	12	1	11	9	2	3	8	10	1	11	4	3	12	2	10	7	2	3	1	10	4	2	1	23	12	13	17	19	4	11	10	9
023	15	12	14	16	12	8	16	12	10	9	14	12	11	11	2	7	13	9	12	11	13	12	12	10	5	10	8	14	15	14	7	8	3	13	11	9	7	7	9	7	11	11	13	12	12	13	13	12	12	9	11	14	7	10	3	11	15	16	9	14	13	8	12	11	6	15	16	13	13	4	13	12	4	14	12	10	7	11	6	4	16	8	10	10	2	3	1	10	10	3	9	24	19	15	18	20	13	15	12	13
024	11	11	12	14	5	11	12	4	2	5	12	11	12	10	13	2	13	11	13	9	5	10	7	10	4	2	4	6	9	12	2	8	4	11	2	9	13	2	6	3	11	10	11	11	12	14	10	10	13	10	12	10	10	11	9	15	13	17	4	11	12	9	3	13	8	16	17	14	2	6	12	9	4	14	12	10	1	12	6	2	16	3	12	7	5	2	1	13	4	3	9	19	16	14	19	15	8	11	9	4
024	11	13	13	17	15	12	13	8	4	6	13	12	13	12	13	8	14	12	14	13	11	11	12	12	5	3	13	11	16	12	10	9	10	14	12	11	14	2	6	9	12	12	12	11	12	15	14	11	14	11	13	10	12	11	10	16	16	18	5	15	14	9	13	14	9	17	17	15	14	10	13	11	4	14	12	10	6	12	7	2	17	8	13	7	5	3	8	14	4	13	14	23	18	16	20	15	11	13	13	6
025	10	14	14	14	16	10	17	8	2	2	12	9	9	11	8	3	12	2	12	11	8	5	6	2	1	2	1	12	9	14	1	8	5	4	1	8	11	3	1	3	11	8	11	4	12	9	10	10	9	6	8	10	7	12	6	9	12	13	5	12	14	10	10	3	5	11	15	12	12	4	11	11	4	5	12	7	4	2	7	4	18	3	13	10	2	6	3	10	4	3	11	22	14	14	14	21	6	12	9	9
025	13	15	15	18	17	13	18	8	4	5	15	12	11	13	12	4	13	13	15	14	12	10	12	10	5	6	1	15	16	15	4	11	7	10	10	12	14	10	10	10	13	10	12	10	13	13	15	13	15	12	13	12	11	13	9	15	16	17	8	15	15	10	10	11	8	14	18	13	12	4	12	12	4	14	12	8	8	12	7	4	19	5	14	11	13	11	9	14	5	14	14	25	19	15	14	22	13	15	10	11
026	8	13	11	13	2	8	12	9	1	8	12	9	13	10	2	4	11	5	14	9	2	10	1	7	8	2	6	12	17	16	7	8	4	13	2	9	7	7	11	5	13	8	11	10	11	3	10	9	9	6	10	10	7	9	3	11	14	15	5	14	11	9	10	11	5	11	15	16	11	2	11	9	2	9	11	8	1	2	4	2	12	8	10	7	2	2	1	10	2	3	9	19	1	13	16	17	5	14	9	4
026	11	15	12	15	12	9	13	13	8	10	13	9	14	14	12	7	11	12	16	11	8	10	13	13	10	3	7	16	17	17	11	9	7	15	13	13	15	9	12	7	14	13	14	10	14	13	16	13	15	12	13	11	11	11	9	15	17	17	5	15	12	11	14	15	6	16	19	17	14	6	13	9	8	14	12	10	7	11	6	2	14	12	14	12	2	6	3	10	4	13	13	26	19	15	21	18	13	16	11	12
027	10	10	11	13	2	9	13	10	3	8	10	7	11	10	12	3	13	9	12	11	10	6	1	14	6	10	8	8	18	16	5	8	7	11	10	4	7	2	1	8	11	10	11	4	11	14	14	10	13	10	10	3	10	10	1	11	11	12	5	7	11	6	8	12	4	11	19	12	11	4	3	7	4	9	12	8	7	3	8	8	13	5	14	7	5	3	1	10	4	3	9	19	12	17	14	17	4	13	9	6
027	11	15	12	15	12	14	19	13	5	8	12	10	14	11	13	9	15	11	13	11	10	6	1	14	6	10	8	8	18	16	11	8	11	14	10	14	13	11	6	9	11	10	11	4	11	16	17	10	13	10	14	12	11	12	1	17	12	13	5	7	12	9	9	16	8	18	20	14	14	6	8	11	12	14	12	11	11	13	9	9	16	8	15	11	14	11	5	13	5	4	14	24	18	18	19	23	14	15	14	13
028	13	2	11	15	5	11	15	9	4	6	12	10	12	8	9	2	12	13	11	14	10	13	3	15	4	3	13	8	14	12	9	8	2	11	2	11	13	3	6	3	11	14	11	12	11	9	10	11	11	11	8	3	7	9	2	9	13	12	5	7	13	7	10	2	6	11	15	12	11	2	2	9	4	5	5	9	7	13	4	10	12	8	10	7	2	2	1	1	4	3	14	19	19	16	21	24	14	13	9	2
028	16	15	13	17	14	14	19	10	10	10	15	12	14	14	12	2	12	14	16	15	10	14	6	15	5	10	14	16	17	14	11	9	7	12	10	14	16	11	6	9	11	14	12	12	15	11	10	11	11	13	15	10	8	10	2	11	14	15	7	12	16	9	12	11	8	17	18	17	12	4	2	13	13	15	12	11	11	13	10	11	16	13	12	13	8	3	5	10	6	14	14	19	19	16	21	24	14	13	9	2
029	12	15	13	13	13	10	14	6	2	1	7	9	15	14	5	4	13	9	11	9	10	5	1	12	6	3	7	6	18	12	1	8	2	10	7	8	13	2	9	3	11	10	11	4	11	14	10	10	13	10	8	3	1	11	3	4	14	13	3	7	11	10	10	11	5	11	15	12	11	4	3	9	3	5	12	7	1	9	5	2	20	4	11	7	7	5	4	9	2	10	1	22	1	13	16	19	4	11	11	10
029	13	15	15	14	17	11	18	8	3	2	10	12	16	15	12	9	16	9	11	16	10	14	3	12	8	11	12	13	18	18	1	8	7	12	10	9	15	7	12	4	12	12	12	11	12	15	16	11	14	11	16	9	1	12	6	17	18	15	7	16	17	10	14	16	6	17	20	16	14	5	12	11	4	9	12	8	6	11	6	10	21	5	16	14	12	9	7	15	8	10	13	26	12	18	18	20	5	14	12	12
030	13	7	11	10	14	8	15	10	8	6	10	8	9	10	10	3	16	2	17	13	2	5	6	5	5	3	5	6	9	12	2	8	3	6	12	11	12	3	1	7	13	10	12	12	4	10	13	12	9	2	9	10	10	4	6	16	13	13	4	11	12	8	13	13	5	17	17	18	14	6	10	11	4	5	1	8	6	2	4	2	13	5	14	11	5	2	1	10	4	3	14	22	14	13	17	8	4	15	13	6
030	14	15	15	14	14	8	15	11	10	9	16	9	14	16	13	9	17	15	18	17	14	15	14	12	8	11	7	15	18	14	5	12	11	14	13	14	14	3	9	9	14	15	15	13	16	12	13	14	14	6	13	12	12	11	10	18	13	18	10	12	14	8	13	13	6	18	19	18	14	10	13	12	4	9	12	12	7	11	7	2	16	8	15	13	14	11	5	11	5	4	14	24	17	19	19	23	8	16	14	11
031	11	7	13	17	5	8	12	4	2	6	14	9	10	8	2	2	12	9	11	10	10	15	3	1	5	1	3	10	9	12	7	8	3	13	11	9	7	7	1	7	10	8	12	4	12	10	10	9	12	10	10	11	1	9	3	11	13	15	2	14	11	3	11	12	4	7	15	14	13	4	3	4	2	9	1	13	3	14	1	2	16	3	13	7	5	2	6	1	1	13	1	19	12	14	18	15	4	13	12	6
031	13	12	15	17	14	12	15	10	8	9	17	9	10	17	14	5	16	16	15	14	13	16	15	5	7	3	8	14	9	15	7	8	7	14	13	11	11	12	6	9	10	11	12	4	12	11	12	10	15	13	14	11	7	9	3	17	14	15	5	17	13	4	12	12	6	14	21	16	13	4	5	11	8	16	12	14	9	15	8	10	17	3	13	15	8	6	10	14	4	15	9	24	18	17	19	20	8	13	13	10
032	15	2	13	16	12	8	15	10	4	9	12	9	11	11	2	2	13	2	12	11	11	14	6	5	5	10	8	8	15	12	9	9	2	13	2	10	11	3	6	4	8	9	11	7	10	9	10	9	9	1	8	3	1	4	11	19	12	19	7	12	12	8	11	11	5	8	15	17	11	5	11	11	2	3	8	8	6	2	4	2	16	3	12	10	2	6	5	1	4	12	13	19	16	13	21	20	11	11	9	2
032	15	12	14	17	14	14	16	12	4	10	16	11	12	17	14	3	13	2	19	16	12	15	15	15	5	11	13	14	18	14	10	13	7	16	11	11	12	6	13	10	14	14	11	12	17	9	13	9	14	9	8	3	11	9	11	19	13	20	7	12	13	11	14	15	6	16	19	18	14	6	13	12	8	9	12	10	7	11	7	3	19	11	13	13	2	6	9	14	6	14	13	23	19	13	22	23	14	13	10	2
033	8	11	12	13	12	8	18	9	11	6	10	9	9	8	5	3	11	5	11	9	10	5	1	11	5	3	7	6	9	14	1	9	4	11	2	11	13	2	6	3	13	10	11	13	8	11	10	9	11	5	9	10	7	9	6	9	11	13	3	12	14	9	7	2	5	14	15	13	2	4	11	6	4	9	8	8	7	3	6	2	18	3	11	7	2	8	3	12	6	3	9	19	12	15	14	17	4	13	9	2
033	14	15	12	14	13	8	18	9	11	11	15	10	17	9	9	4	18	9	17	16	10	10	1	12	10	11	7	16	17	16	10	12	4	11	2	11	13	2	9	3	15	16	16	13	12	12	18	13	13	13	14	14	10	9	9	11	12	17	10	13	14	10	10	10	9	17	17	15	12	10	14	9	14	9	11	8	12	11	9	9	22	5	12	16	14	12	7	13	10	11	9	21	19	17	19	23	13	15	9	13
034	13	15	12	13	12	8	18	8	4	2	10	9	9	8	2	4	12	12	10	9	10	12	3	7	4	3	8	8	9	12	10	9	3	11	2	9	12	2	6	3	11	10	11	4	11	12	13	10	13	2	8	3	1	9	6	9	12	13	7	12	13	6	10	2	1	14	16	13	12	1	3	6	7	9	5	8	7	3	9	4	17	5	13	10	4	2	5	10	2	4	1	22	12	15	18	20	4	11	12	10
034	16	15	15	14	17	10	18	10	11	6	14	9	18	15	15	7	16	12	16	15	12	14	4	15	4	3	14	14	14	14	11	10	4	15	7	11	13	7	10	5	14	14	12	13	16	14	14	12	14	10	9	14	10	9	11	19	12	19	11	12	18	7	13	5	3	19	22	19	15	11	14	7	14	17	8	14	12	15	10	9	18	13	17	11	14	11	9	14	10	12	11	24	12	18	20	20	4	11	12	10
035	10	12	12	13	12	9	13	9	5	5	7	10	16	9	12	2	11	5	12	9	8	10	11	7	5	1	1	11	14	12	1	8	4	10	3	8	11	2	1	3	13	8	11	10	13	12	10	12	9	2	9	10	7	9	9	11	11	17	3	12	13	6	10	5	3	14	15	14	11	5	11	7	2	14	1	8	1	11	6	2	14	5	14	11	2	6	3	10	2	4	13	26	1	13	16	18	5	14	11	12
035	13	15	15	18	13	12	19	13	5	8	12	13	17	13	12	3	13	9	16	11	8	10	13	10	6	2	3	12	16	12	10	9	7	11	10	11	13	3	6	3	14	14	12	10	16	13	13	13	14	6	14	11	7	12	11	14	13	21	10	13	14	11	13	11	6	19	22	19	15	11	12	14	2	14	13	10	7	16	11	12	18	12	17	12	14	11	5	10	2	13	13	26	11	13	16	19	5	14	15	12
036	12	12	13	14	12	12	18	6	5	1	14	9	10	8	2	2	12	2	11	10	5	5	12	5	4	1	3	11	14	12	6	8	3	13	11	4	14	2	9	7	13	8	11	10	3	10	10	12	9	6	10	3	4	9	1	4	12	12	9	10	14	10	10	3	5	14	15	13	12	4	8	7	4	5	8	7	8	5	7	4	12	3	12	8	2	6	6	1	2	11	9	23	1	16	13	19	4	11	9	2
036	13	13	15	16	15	15	18	8	8	6	16	11	12	17	14	4	12	9	19	16	8	10	14	10	6	6	10	17	17	12	7	8	11	14	13	11	14	3	9	9	14	11	11	12	11	13	13	13	12	10	14	14	12	10	3	17	19	18	9	18	17	11	14	16	5	17	17	16	14	5	13	12	12	14	12	8	11	11	9	9	22	13	14	9	6	10	6	11	10	12	13	26	12	18	16	21	5	14	15	12
037	8	15	11	7	5	9	15	11	2	6	3	7	9	13	2	2	11	9	11	11	8	10	3	10	8	2	1	8	9	12	1	12	4	11	6	9	12	3	1	3	8	10	11	10	6	10	10	9	10	8	9	12	7	10	7	6	11	13	10	12	11	3	10	12	4	14	15	12	13	6	2	11	4	9	12	8	5	11	1	2	12	10	11	9	6	3	3	10	1	11	8	19	12	13	18	15	4	11	9	2
037	8	16	15	18	5	12	18	14	8	8	7	14	16	13	12	2	13	12	16	16	10	14	12	16	8	4	14	12	16	12	9	12	10	11	10	11	16	9	9	10	15	12	12	13	11	11	11	13	15	11	10	12	10	12	11	14	12	22	12	19	17	8	15	16	6	16	19	12	14	8	13	11	8	14	12	12	6	14	7	10	12	11	16	16	15	4	7	12	10	12	9	24	16	15	22	25	11	13	16	11
038	11	12	13	7	13	9	12	4	5	5	10	7	12	10	3	4	12	11	13	11	10	5	3	2	2	1	3	11	12	17	2	8	4	11	2	10	13	2	6	3	8	8	11	10	3	3	10	10	10	2	8	3	7	9	1	17	11	11	6	7	14	10	10	2	4	14	15	12	11	4	3	4	2	14	5	10	1	12	6	2	16	2	12	11	2	2	5	1	6	4	9	19	17	13	15	16	12	11	10	2
038	13	13	15	17	14	12	19	9	5	6	15	14	12	10	13	9	14	12	17	11	11	14	6	5	11	12	15	18	14	19	10	9	10	14	12	11	14	2	9	9	15	10	12	12	11	11	18	13	15	11	17	3	11	12	2	18	12	13	8	12	16	11	10	11	5	14	18	13	12	8	13	9	4	16	12	14	13	15	8	4	18	14	14	13	14	11	5	10	9	12	13	21	18	13	19	17	13	13	10	4
039	8	11	11	14	8	9	13	8	4	5	12	10	12	13	10	2	17	11	16	11	10	5	1	13	6	3	7	6	9	14	7	9	4	6	2	10	13	2	9	3	11	8	11	4	6	10	14	9	13	8	8	3	7	9	2	9	13	12	5	7	14	7	7	2	4	14	15	13	12	4	13	6	2	14	1	8	8	3	9	4	12	3	13	7	5	2	8	1	2	12	11	19	19	18	15	17	12	13	9	4
039	11	11	16	14	18	11	13	10	8	8	15	14	14	18	12	7	17	13	17	16	15	14	3	14	8	11	12	13	18	18	10	9	4	17	2	11	15	7	10	5	15	10	13	14	11	14	19	10	14	10	15	10	8	10	2	11	14	15	7	12	17	11	10	16	5	17	19	20	13	6	14	6	14	14	8	8	12	17	11	9	17	13	14	9	6	6	10	14	8	13	11	21	20	20	17	17	13	13	10	9
040	11	11	12	14	2	9	13	13	5	9	10	9	9	8	2	2	11	9	10	9	10	5	1	11	10	3	7	16	17	14	1	8	4	11	2	9	11	2	1	3	8	8	11	7	10	11	10	10	9	6	15	3	7	9	1	4	11	11	1	7	14	7	7	2	5	14	15	17	12	6	13	9	4	14	8	10	1	11	6	4	12	8	10	7	2	2	1	10	4	2	13	23	16	16	14	16	11	11	9	2
040	11	15	16	15	2	12	20	13	8	9	14	9	10	15	5	4	12	9	11	10	15	10	3	14	10	12	12	16	17	16	7	9	7	14	13	11	13	12	6	9	14	12	11	10	11	13	20	13	9	14	18	14	11	9	2	17	19	18	9	10	17	11	10	16	5	17	19	20	13	8	15	13	15	14	12	10	12	18	8	13	15	14	12	9	2	3	5	10	6	14	15	27	17	18	22	20	12	17	10	2
h01	10	6	5	4	4	5	7	1	3	4	1	2	3	3	5	2	7	8	8	2	2	5	3	1	5	1	1	6	2	1	1	6	1	2	6	1	4	2	1	2	2	1	1	2	2	2	3	2	6	2	1	3	8	3	1	7	5	6	2	6	3	5	1	2	5	5	7	2	5	2	1	1	1	5	1	3	2	1	3	3	9	6	1	2	10	2	4	1	1	3	9	10	3	2	4	12	2	3	7	4
h01	16	11	15	16	12	12	19	9	4	9	12	10	18	10	7	2	17	11	11	17	10	11	15	10	8	1	11	13	17	12	2	12	7	13	7	11	16	2	3	10	13	8	11	10	11	3	13	9	12	2	8	5	10	12	2	15	12	18	5	7	14	9	13	13	6	11	15	13	14	4	13	9	4	6	3	9	3	17	7	4	16	8	15	7	14	3	5	4	2	4	11	27	19	13	13	15	4	11	9	4
h02	8	3	5	1	3	3	6	2	2	1	2	3	7	3	1	4	2	3	8	2	2	5	1	1	2	2	1	1	11	1	3	5	4	2	2	7	6	2	2	3	3	1	5	4	3	6	1	3	4	2	1	4	1	4	2	2	7	2	4	1	1	2	3	3	5	3	10	2	4	8	9	5	4	5	1	3	4	1	5	1	10	5	2	1	2	4	1	2	6	5	3	10	1	3	11	4	5	4	2	9
h02	14	11	13	13	12	11	13	8	4	8	10	9	9	16	13	4	16	9	12	10	6	8	4	7	10	12	3	6	18	19	10	8	7	11	10	11	13	12	6	5	15	12	11	13	10	14	19	9	14	9	13	10	11	12	3	15	11	15	4	7	15	8	7	11	5	11	19	15	14	8	14	11	6	16	8	10	7	13	9	2	14	8	11	9	3	5	5	10	8	10	11	19	12	13	16	16	6	13	9	12
h03	5	6	5	1	3	6	9	2	1	1	8	2	7	3	2	3	1	2	4	3	5	8	2	4	2	1	1	2	8	9	2	6	2	1	1	2	8	1	2	5	3	1	4	1	2	1	3	3	2	7	6	1	1	2	1	5	2	8	2	3	1	6	3	7	3	3	5	5	5	1	1	3	2	5	2	5	6	3	1	1	6	8	2	2	3	4	2	1	5	4	4	17	10	3	3	4	4	9	2	2
h03	12	12	12	13	17	9	19	8	8	9	12	10	17	12	7	5	16	3	14	10	10	14	3	7	5	2	14	11	9	17	3	8	10	6	11	8	13	2	9	9	14	11	11	10	16	11	16	9	13	10	9	11	10	10	11	9	19	12	5	12	14	11	9	12	4	11	22	15	11	10	10	9	4	9	12	7	8	7	6	4	12	13	13	10	13	10	5	10	6	11	8	23	18	18	17	19	6	13	9	7
h04	5	6	4	8	9	1	6	5	5	4	2	3	5	3	2	2	9	4	2	1	8	6	2	9	1	3	3	1	9	1	1	7	2	1	1	1	9	3	5	3	1	7	2	2	2	7	4	8	3	4	4	1	4	4	1	4	2	3	1	9	3	3	4	6	5	11	7	2	2	7	2	3	1	6	1	5	2	5	3	1	3	4	8	4	5	8	1	4	4	4	7	18	11	7	1	6	1	2	6	8
h04	10	11	13	14	12	14	15	12	5	6	14	9	14	14	6	4	11	12	19	9	10	15	3	13	5	4	7	12	11	14	9	8	4	11	10	9	12	12	6	4	11	8	11	10	16	13	13	10	14	11	10	11	12	10	2	15	11	18	5	12	17	3	10	12	6	16	15	12	14	8	4	9	4	14	6	7	7	15	10	2	14	8	13	11	14	11	4	12	9	14	13	22	19	20	19	17	5	14	12	13
h05	7	3	4	1	5	3	4	5	2	1	1	3	4	6	5	1	10	7	8	5	2	8	1	8	8	3	11	2	9	2	2	1	2	2	2	2	6	8	7	2	2	2	7	5	2	4	5	8	1	2	7	7	5	7	1	4	2	4	5	6	3	5	5	2	4	4	1	5	9	1	2	1	5	1	6	3	1	2	1	2	6	3	1	1	2	4	4	4	5	5	1	1	1	8	8	7	5	4	2	1
h05	13	12	16	14	11	11	18	13	5	1	14	9	16	13	6	2	11	15	13	10	13	14	3	10	8	3	13	11	17	14	3	8	11	11	2	11	13	9	9	3	13	13	15	10	3	11	18	13	13	10	17	14	7	9	3	11	12	15	10	11	16	7	10	11	8	18	15	20	11	2	15	9	8	14	8	14	13	2	10	3	16	5	12	7	5	6	8	13	10	12	14	22	19	16	19	17	8	15	9	9
h06	8	2	4	1	2	4	5	5	4	1	4	5	6	3	5	4	10	1	4	2	2	6	2	3	4	2	7	2	2	6	2	4	3	8	8	1	6	7	5	5	3	4	2	2	8	2	4	7	1	6	4	2	4	5	3	6	3	9	4	3	10	1	5	5	5	2	5	3	4	4	1	4	2	11	3	1	6	1	1	1	5	8	2	4	2	2	1	2	4	4	1	3	5	4	8	4	1	6	4	2
h06	13	15	11	15	4	9	15	9	5	8	14	12	10	10	7	4	12	11	13	16	15	8	3	10	6	3	8	16	9	14	9	8	4	10	10	9	7	12	6	9	8	10	11	14	16	11	11	13	13	10	13	10	7	9	3	17	12	17	5	12	12	11	13	16	5	19	15	20	13	5	3	6	4	14	12	8	9	11	7	4	12	8	10	10	11	2	3	10	9	13	2	26	18	13	19	17	5	16	9	2
h07	5	6	7	1	4	4	6	1	2	5	6	3	3	1	2	4	2	1	4	4	2	2	3	7	2	2	1	1	6	3	3	5	2	4	7	1	5	2	2	5	4	2	5	6	6	7	4	2	4	4	3	1	1	1	1	6	3	4	2	1	8	5	1	2	1	10	9	1	2	1	1	5	4	4	4	5	4	3	1	3	4	3	2	2	2	3	4	7	2	3	7	12	1	3	1	1	4	1	4	1
h07	14	15	11	14	17	8	12	8	4	8	10	7	16	13	12	7	13	2	13	16	12	14	7	8	8	3	12	16	12	14	11	8	4	14	13	12	11	6	6	9	13	11	11	13	13	13	18	9	9	6	8	3	7	10	3	19	13	19	8	7	12	8	7	4	8	14	15	16	9	6	11	11	7	9	12	13	6	5	6	4	14	13	17	16	6	6	5	11	6	13	14	19	14	18	21	18	8	11	9	12
h08	5	7	7	7	1	1	5	1	4	2	2	1	6	2	2	1	2	1	4	2	3	9	2	3	2	3	1	5	11	3	4	6	1	2	5	7	10	3	2	1	3	1	2	3	2	4	4	5	1	5	2	2	4	7	2	2	7	1	1	6	2	1	3	4	1	12	5	10	5	3	9	5	9	1	8	5	4	2	3	1	5	3	4	2	5	1	1	2	3	6	3	4	1	2	1	4	4	1	4	5
h08	11	13	12	13	8	10	15	13	8	4	17	8	9	11	3	3	12	14	10	17	10	10	3	13	5	7	8	8	14	19	9	8	3	11	10	11	14	3	6	3	11	9	12	14	11	12	10	9	14	6	10	3	7	11	8	9	17	20	6	13	12	10	14	5	9	14	15	14	14	5	13	9	15	9	12	10	13	3	4	4	18	8	12	10	12	2	4	14	6	13	15	21	4	17	19	19	4	12	10	10
h09	6	6	5	4	4	6	5	6	2	1	1	2	8	2	11	1	2	5	9	2	6	8	6	5	5	2	1	1	4	2	1	2	1	6	3	1	6	6	2	3	5	4	7	2	4	6	2	4	3	1	4	3	5	5	3	6	2	2	2	6	8	1	3	3	3	3	8	5	3	2	2	4	4	5	1	3	3	4	1	1	3	3	5	3	2	2	5	1	2	4	1	6	3	1	9	4	9	4	8	1
h09	11	15	12	17	14	9	15	12	4	6	7	9	14	11	12	9	16	6	17	16	8	14	11	7	6	3	14	12	9	18	8	11	2	6	3	8	13	6	11	3	14	12	12	13	12	14	16	9	13	1	15	3	7	9	11	11	14	18	10	14	13	11	11	12	6	16	14	12	11	5	7	11	14	9	12	14	5	11	7	10	12	12	13	7	5	3	5	2	8	12	15	21	17	15	20	24	13	13	11	12
h10	6	8	4	7	4	2	5	7	1	4	4	8	1	2	5	1	2	1	6	7	7	2	3	7	2	6	2	1	12	2	1	4	3	5	2	2	3	2	4	3	5	1	2	3	2	4	4	3	1	2	6	3	6	4	3	12	4	1	3	3	5	1	4	3	3	8	9	2	5	2	1	4	9	9	8	1	4	1	1	2	9	9	4	4	10	3	2	2	4	4	1	6	1	4	5	5	1	2	1	4
h10	8	15	15	17	12	13	13	9	10	9	15	9	12	10	7	7	11	5	11	14	8	10	3	15	5	12	12	12	18	12	11	9	4	11	8	11	16	7	6	8	13	14	11	13	4	13	10	10	13	10	13	8	7	6	8	17	13	19	9	19	13	6	12	12	4	17	15	13	14	8	11	10	13	14	12	11	7	11	8	4	18	11	11	16	14	6	9	12	8	4	10	19	16	15	19	21	12	13	13	6
h11	7	4	4	10	2	1	3	3	4	1	8	2	7	2	2	1	5	9	4	1	3	5	1	5	1	3	2	3	2	2	3	5	4	6	7	5	6	4	1	3	5	1	7	5	2	4	1	3	3	5	2	4	1	7	1	2	7	1	2	3	2	2	4	5	5	3	1	1	4	4	7	6	3	2	3	3	4	5	1	1	6	2	2	1	2	2	6	1	3	3	9	16	11	10	7	7	1	7	1	2
h11	11	12	13	17	4	11	18	8	8	5	13	9	10	10	7	2	12	13	16	11	10	8	3	10	6	6	14	8	9	12	7	9	11	14	8	10	7	7	6	7	11	15	11	12	11	11	10	12	14	8	8	12	12	12	4	15	16	15	7	12	12	7	11	12	5	17	17	13	11	9	13	11	4	5	8	9	8	18	4	9	18	8	10	15	3	11	9	3	10	15	10	22	15	18	13	20	4	15	11	3
h12	5	6	5	4	9	4	5	1	2	1	8	8	7	6	6	2	9	1	4	1	5	5	2	1	1	1	1	8	11	2	5	6	4	5	4	1	6	1	1	3	3	2	1	5	2	1	6	6	2	5	5	3	4	2	2	10	4	1	4	1	3	6	1	3	4	3	5	2	7	2	3	4	2	1	10	5	1	3	3	1	10	4	1	4	2	3	5	8	2	6	3	4	9	3	5	1	2	7	4	2
h12	16	15	12	7	18	9	12	10	4	9	10	9	12	8	12	4	11	12	13	11	10	7	7	7	2	3	13	8	12	14	10	12	6	13	11	9	13	2	8	9	11	10	11	10	16	12	10	9	11	13	9	10	7	12	5	18	11	17	4	7	12	10	10	5	5	14	15	18	12	5	11	7	11	14	10	14	6	13	8	6	12	13	12	7	3	6	6	14	9	13	9	22	12	18	20	23	5	13	11	9
h13	6	2	10	1	5	1	2	5	1	1	4	3	1	2	7	2	9	2	8	3	6	5	6	7	2	9	1	5	4	10	1	5	1	5	2	2	1	1	3	3	2	4	5	7	2	3	6	7	3	8	2	5	9	7	3	8	8	1	2	2	8	6	6	2	5	1	3	2	3	1	3	4	1	1	2	1	4	1	1	1	2	5	2	1	10	6	4	7	4	4	1	2	3	4	6	4	1	6	3	1
h13	13	2	11	17	9	9	13	13	2	5	15	9	10	9	13	5	14	4	11	12	12	9	9	15	6	12	12	8	9	14	4	12	4	11	4	11	13	3	9	5	11	10	11	8	12	14	10	9	9	10	8	10	11	9	9	11	13	18	5	7	11	9	11	14	6	14	20	13	13	6	9	6	8	9	12	8	9	11	8	11	12	8	12	12	12	6	7	10	8	6	9	26	16	13	16	17	13	11	9	2
h14	7	6	7	9	5	4	8	1	2	6	2	7	1	3	2	5	2	6	8	3	5	8	2	7	8	2	1	5	6	6	1	5	2	8	2	3	3	3	6	3	3	1	1	2	5	1	2	3	4	2	4	3	6	4	2	5	1	1	5	2	2	4	3	3	5	11	1	9	2	6	8	2	4	4	3	3	2	4	1	2	3	2	4	1	3	3	4	4	5	3	11	15	14	10	3	6	2	3	1	2
h14	11	15	11	14	16	9	13	6	11	7	12	8	16	10	7	9	12	11	14	10	10	13	11	14	9	12	10	17	9	12	2	9	3	14	7	11	16	7	9	6	11	15	11	10	11	16	14	13	13	10	8	8	12	9	9	15	11	15	9	10	14	9	8	11	6	17	19	18	3	9	13	12	4	5	5	10	11	11	7	10	22	2	14	7	5	11	5	10	8	4	14	21	16	18	15	16	4	13	9	8
h15	5	2	5	1	4	1	5	7	4	1	2	2	7	4	2	1	9	6	6	2	2	5	4	1	4	1	1	1	5	2	3	7	3	6	1	4	6	4	2	3	3	3	10	1	8	7	2	4	6	3	1	1	5	6	1	11	7	7	1	2	3	6	1	9	3	13	7	8	3	4	9	6	2	5	5	1	2	1	4	2	9	4	1	5	2	3	3	9	3	3	1	4	12	3	6	6	2	3	3	2
h15	13	12	12	18	17	13	12	8	5	1	16	14	9	9	7	4	11	11	13	14	11	9	6	7	8	3	3	16	18	14	7	8	6	11	10	7	14	7	10	5	14	10	15	10	16	13	10	12	14	12	16	10	10	9	3	15	12	12	10	11	13	7	10	12	6	17	15	13	12	8	13	13	4	14	8	12	7	11	7	4	18	8	14	14	4	6	5	14	6	4	13	26	12	15	17	17	8	11	12	6
h16	6	6	1	4	5	3	8	1	2	1	4	1	8	6	2	3	4	3	7	4	3	1	2	2	7	1	3	9	4	9	3	5	1	2	2	5	7	1	4	6	1	2	5	3	8	4	1	6	3	5	6	6	3	6	3	4	6	1	2	6	1	2	4	4	5	8	2	3	4	1	5	8	3	5	8	4	1	5	1	1	9	3	6	1	3	4	6	1	2	3	11	3	12	2	9	13	4	3	4	5
h16	8	16	12	17	12	8	18	13	8	2	10	11	12	10	2	5	14	12	11	9	10	15	6	10	10	1	7	14	18	16	9	8	7	14	10	11	13	2	6	9	11	10	11	13	12	9	10	12	9	11	9	14	7	9	3	6	16	11	12	11	16	11	10	13	5	16	18	14	14	7	8	11	4	5	12	8	8	11	11	9	19	5	11	7	5	11	8	2	8	4	13	21	16	13	19	20	4	11	10	12
h17	8	7	6	8	4	5	3	3	5	5	8	2	6	1	1	4	2	6	3	2	8	2	1	1	2	3	1	1	4	4	3	1	5	8	1	5	2	2	4	2	3	1	8	4	5	3	4	3	4	2	4	3	4	6	7	5	8	7	2	6	1	1	2	9	5	3	13	5	4	2	3	5	1	5	2	3	3	7	1	1	4	5	7	1	3	3	5	5	4	3	1	1	11	2	4	6	6	2	6	2
h17	11	11	15	14	17	9	12	14	5	6	14	10	16	8	2	4	12	12	12	16	15	10	6	12	8	3	10	11	14	12	7	9	7	13	2	11	12	6	6	9	14	8	16	7	6	15	10	10	14	14	18	5	7	9	11	19	14	11	7	15	17	4	7	11	6	14	15	19	14	2	5	7	4	14	12	10	9	18	9	6	16	9	15	10	5	3	10	10	6	4	4	26	12	13	14	18	7	15	12	2
h18	7	6	4	1	5	4	5	1	4	3	4	3	5	1	4	1	5	6	2	6	8	2	6	3	1	2	1	4	1	3	3	6	4	7	4	1	8	6	3	3	1	1	7	2	2	4	4	2	1	1	1	2	1	4	6	10	4	1	2	7	1	2	3	8	4	3	8	2	4	5	3	2	8	1	3	3	8	1	1	1	4	3	1	4	5	3	1	4	4	4	1	6	2	2	3	8	3	3	4	1
h18	13	11	15	14	13	11	16	8	8	5	10	10	11	15	12	3	13	16	18	10	10	14	12	11	5	3	15	6	17	17	10	8	7	14	13	8	13	12	6	7	14	9	11	4	10	9	10	10	9	10	10	14	7	6	7	15	13	18	6	8	12	3	12	16	6	19	19	14	11	6	7	7	12	17	8	10	8	17	4	3	14	5	13	12	8	6	6	10	8	14	9	19	11	13	19	15	4	11	10	11
h19	7	6	7	1	5	5	3	4	2	1	2	1	7	6	1	5	1	1	6	2	2	1	1	8	3	2	3	2	3	6	1	4	1	4	2	1	1	4	2	3	3	4	2	6	5	4	1	3	4	2	6	7	5	5	1	7	2	3	2	2	3	3	6	1	4	8	7	2	3	1	2	4	2	5	2	3	1	2	3	3	6	3	2	5	3	3	3	4	5	4	2	11	11	8	5	3	1	4	1	6
h19	13	13	13	18	13	9	16	10	5	9	7	7	12	11	14	7	13	9	11	14	10	10	12	10	10	3	7	6	9	14	1	9	3	11	3	11	11	7	9	4	8	14	11	10	11	13	10	10	13	2	13	14	8	9	3	11	13	17	12	13	13	7	10	11	5	17	15	16	14	8	5	11	6	16	11	8	8	4	9	11	18	8	14	7	12	11	4	14	8	6	11	21	19	16	16	18	13	13	12	6
h20	5	1	4	3	3	1	6	2	5	2	1	8	7	4	6	4	9	2	3	2	5	5	1	3	5	2	1	2	5	4	1	6	1	6	1	1	5	2	2	3	5	4	8	1	3	1	2	3	5	3	1	1	3	1	3	2	8	1	1	7	5	4	3	4	4	3	8	4	6	1	5	2	2	7	3	3	2	2	3	1	5	8	1	1	3	2	1	1	1	3	2	6	5	9	1	3	4	3	4	6
h20	8	11	11	14	14	10	18	8	10	4	7	9	16	15	14	8	12	14	13	10	15	10	11	5	7	7	14	6	12	17	3	12	2	8	10	8	12	7	6	7	10	9	12	10	5	14	12	9	12	11	10	12	12	12	8	9	14	20	8	13	14	11	10	15	5	18	15	13	15	2	13	12	9	15	12	10	7	11	7	9	16	13	11	11	5	3	6	1	5	9	13	24	12	13	17	17	8	11	9	6
041	5	17	17	6	19	15	7	5	8	1	12	11	10	13	9	4	19	17	6	18	2	5	16	17	12	13	14	15	10	1	8	14	12	18	14	10	3	13	1	7	16	10	15	9	10	11	12	9	8	8	1	4	4	14	9	14	9	16	13	3	6	4	16	14	10	7	1	6	16	9	16	7	1	18	2	7	14	9	5	3	14	12	14	1	16	9	9	4	11	11	8	9	5	3	17	26	14	18	7	7
041	15	18	18	19	19	16	21	5	9	12	18	15	13	16	14	10	20	18	20	19	12	17	17	17	13	14	16	18	19	8	12	15	13	19	15	15	4	14	13	11	16	15	16	9	18	11	15	12	16	15	19	15	13	15	12	20	20	23	14	11	12	11	17	16	11	20	23	21	17	11	17	15	8	19	14	14	15	13	6	7	19	15	17	4	16	9	9	6	12	16	11	28	6	21	19	27	15	18	17	12
042	5	11	18	10	16	15	5	3	8	4	11	5	11	19	9	1	21	17	4	18	12	17	17	17	14	14	16	12	10	1	2	16	14	5	14	8	2	12	6	3	16	11	12	12	10	9	12	9	1	8	4	8	13	14	9	21	10	24	15	9	4	7	17	14	11	20	1	6	17	6	16	1	1	20	15	9	3	13	6	3	14	15	13	1	16	9	11	2	13	13	8	21	2	7	13	27	14	19	1	9
042	17	19	19	20	20	16	22	6	12	8	14	5	11	19	12	1	21	19	6	18	13	18	18	18	15	15	17	15	20	3	13	17	15	9	16	12	9	14	14	10	16	16	16	13	19	15	15	15	17	16	20	8	14	16	9	22	20	25	16	15	6	11	18	17	12	20	3	19	18	9	18	7	16	21	15	14	14	19	12	4	14	15	17	17	17	11	12	4	13	16	15	29	5	10	14	28	16	20	18	12
043	5	11	13	21	21	10	22	1	9	12	12	14	10	17	2	10	20	20	13	20	10	14	10	18	12	16	8	12	8	1	12	14	5	18	14	10	3	15	9	7	16	11	16	13	11	9	10	9	8	1	20	3	14	14	9	22	3	25	16	2	2	3	5	17	2	11	23	8	19	2	3	1	6	10	2	9	3	13	3	3	14	16	13	6	18	3	10	6	11	12	12	19	2	22	13	9	13	20	1	4
043	15	12	17	22	22	17	23	1	13	13	15	15	19	19	12	11	22	20	21	20	15	19	18	19	16	16	18	12	20	3	14	16	12	20	17	16	4	15	13	10	17	13	17	15	20	17	20	13	18	15	21	8	14	14	9	22	10	25	17	9	19	10	19	18	5	21	24	19	20	6	16	7	17	20	14	13	13	13	6	6	22	17	16	6	19	11	11	16	14	13	13	21	5	23	19	11	17	21	5	5
044	4	11	15	2	16	11	21	1	5	7	15	9	14	14	9	6	8	21	17	20	2	18	18	18	12	15	17	10	7	3	12	18	12	9	17	11	3	16	1	8	15	8	16	9	20	11	16	9	16	15	3	8	8	16	9	21	8	12	15	2	17	3	5	15	6	22	19	5	20	2	19	16	3	21	2	7	2	9	5	1	22	11	13	4	18	8	10	5	13	13	13	9	2	4	21	6	16	14	4	3
044	9	14	18	16	20	15	22	2	9	12	19	15	19	20	13	11	22	22	22	21	14	20	18	18	16	16	19	10	20	4	15	19	16	18	17	13	6	17	10	9	16	8	16	12	20	15	21	13	17	16	4	11	13	17	9	23	20	21	15	15	20	4	20	19	7	23	25	8	21	5	20	17	6	22	3	10	16	19	6	2	23	17	16	6	19	11	11	6	14	17	14	24	8	21	23	9	18	20	18	6
045	13	11	15	2	21	10	23	1	13	12	12	15	12	14	9	12	22	21	21	18	10	14	2	18	16	16	8	10	1	3	8	14	12	19	15	10	3	15	1	7	11	10	11	10	10	11	15	9	1	2	3	3	5	16	12	23	8	21	18	2	2	3	21	18	5	7	23	22	20	5	18	1	1	20	14	8	3	13	1	1	24	14	14	3	20	9	1	4	10	2	12	21	5	1	14	8	13	21	6	14
045	15	14	17	9	23	17	24	1	13	13	19	15	18	17	14	13	23	22	23	22	15	19	18	20	16	16	19	12	8	3	15	20	13	21	17	15	4	18	6	11	16	16	11	12	10	13	20	15	16	15	18	11	8	17	13	24	21	26	19	7	12	3	22	20	7	21	24	23	22	5	20	16	4	23	14	15	3	18	6	14	25	18	18	6	21	13	11	6	11	14	12	24	13	23	20	11	19	22	17	15
046	13	14	17	6	16	15	10	2	8	4	15	14	10	13	2	10	18	20	13	20	2	18	18	18	14	15	17	12	1	3	14	14	14	3	14	11	2	11	6	7	11	8	11	9	10	15	12	9	8	5	3	8	8	17	9	14	8	25	13	3	7	7	6	14	10	20	1	7	17	6	18	1	6	21	14	14	5	9	4	3	22	16	13	4	16	11	6	3	4	12	6	21	2	21	17	29	14	11	2	3
046	17	18	20	10	22	17	22	2	9	12	20	14	10	17	10	12	22	23	24	20	13	20	18	18	14	15	19	12	20	4	15	20	17	9	14	15	3	14	13	10	16	17	16	12	20	15	21	15	16	16	19	11	8	18	12	23	9	25	18	9	21	11	17	17	11	20	3	15	18	9	20	4	16	21	15	14	14	19	12	4	22	16	14	6	17	13	12	4	4	14	15	23	5	24	17	30	17	23	18	6
047	15	11	17	2	19	10	22	1	13	12	11	9	9	19	9	10	21	17	12	18	10	19	18	17	13	14	19	10	1	1	14	15	12	3	14	11	2	13	9	10	11	8	11	9	20	11	10	9	16	15	1	4	4	14	12	14	5	16	13	3	2	10	6	15	9	20	19	19	8	4	5	6	4	10	2	13	13	6	3	7	14	17	13	2	16	7	9	2	10	12	8	24	8	2	19	28	17	15	5	5
047	18	11	17	22	21	17	23	1	13	14	12	13	20	20	12	14	24	22	20	21	15	21	19	18	16	15	19	11	7	3	16	16	15	20	16	13	3	16	13	10	15	8	16	9	20	15	21	10	19	15	19	8	13	16	14	20	22	23	20	20	9	10	18	16	9	22	20	24	20	5	18	18	18	24	15	16	14	9	3	13	22	19	18	6	19	11	9	2	11	14	15	29	13	21	22	31	18	20	17	6
048	9	11	15	2	16	15	21	1	9	12	12	14	12	16	2	13	19	20	21	18	10	18	18	18	14	14	16	10	1	3	2	17	4	6	14	13	8	4	1	2	18	8	15	16	11	9	10	12	1	2	20	12	7	17	10	25	8	21	21	9	2	3	5	14	1	21	3	15	19	4	18	18	4	24	15	16	14	6	3	13	23	14	12	4	18	11	10	3	10	17	13	24	2	21	19	28	14	20	4	6
048	15	14	17	9	23	15	24	2	13	12	12	15	14	17	9	15	22	22	24	19	13	20	19	18	16	15	17	12	20	4	16	20	13	9	18	15	9	14	15	12	19	12	18	17	21	18	20	13	18	3	21	12	7	17	10	25	8	21	21	9	4	8	6	18	10	22	23	22	23	5	19	18	4	25	15	17	14	18	13	13	23	14	16	5	18	11	10	5	13	17	15	24	2	21	19	28	14	22	4	6
049	5	17	15	6	16	10	1	1	13	3	11	5	11	19	5	1	20	17	4	18	10	18	17	17	13	14	19	11	1	1	14	14	12	18	14	10	2	13	13	1	15	10	11	12	10	11	21	9	16	15	18	3	5	14	13	22	3	25	17	2	2	6	16	14	1	20	14	22	6	5	16	4	4	18	14	14	3	13	3	1	22	16	18	1	16	11	6	4	4	12	6	23	5	10	17	11	13	13	4	12
049	5	17	15	6	19	15	23	1	14	13	15	15	18	19	9	6	21	20	13	19	12	19	18	18	16	15	19	12	21	3	15	14	17	21	15	11	4	13	13	7	16	10	16	13	20	15	21	11	17	15	21	12	14	16	14	26	23	27	19	10	9	10	18	16	8	21	23	24	8	8	18	16	6	23	14	15	14	18	6	3	26	20	18	6	22	13	12	17	4	15	12	24	13	25	22	30	19	22	17	15
050	6	11	21	2	22	10	1	5	8	4	12	9	18	19	9	10	1	20	13	19	10	13	10	17	14	15	5	11	7	1	2	15	15	7	16	8	5	6	14	3	19	8	15	14	11	11	10	11	8	3	18	5	5	14	14	22	9	21	19	18	7	3	17	14	2	7	1	6	17	5	16	8	19	20	2	7	14	9	6	3	23	14	12	4	16	7	9	3	12	17	1	15	5	2	13	27	16	18	1	3
050	15	18	22	6	22	15	10	14	15	14	15	15	18	21	12	16	20	24	17	19	15	19	17	20	17	16	20	19	13	8	3	17	15	8	19	15	6	12	15	6	20	10	19	18	21	17	15	12	18	5	21	12	14	16	14	26	23	26	22	21	17	11	21	17	11	22	24	21	21	9	17	18	20	21	4	10	16	19	12	7	24	14	16	5	18	11	10	3	13	18	8	29	11	10	18	31	17	20	1	12
051	5	11	15	6	19	15	1	1	12	8	17	15	14	14	12	10	20	21	17	19	10	19	17	18	12	16	18	12	1	1	2	15	4	5	14	13	5	6	14	3	15	8	15	12	11	11	15	10	17	1	18	3	5	14	13	22	3	25	17	2	19	6	6	15	3	11	19	8	19	5	11	1	6	8	14	10	3	13	5	3	22	14	14	1	17	9	9	3	10	14	12	21	5	6	13	5	17	21	1	5
051	5	17	19	20	20	16	9	6	13	13	19	15	18	17	13	11	22	24	22	21	15	20	18	21	18	16	20	20	20	1	3	21	15	15	20	15	5	6	16	5	17	10	20	19	22	17	20	13	20	15	21	3	14	19	14	24	22	26	19	7	20	10	19	17	6	22	24	19	20	6	17	4	21	18	14	18	13	19	7	7	26	19	17	4	19	11	12	3	13	18	12	24	13	23	22	11	19	22	17	15
052	2	17	15	9	18	10	2	3	5	12	11	12	15	18	5	14	20	22	12	20	10	13	10	18	12	15	5	12	6	1	8	14	12	18	17	10	3	14	1	7	11	10	12	12	10	11	15	9	1	5	19	8	4	14	12	14	9	21	13	3	8	3	21	19	2	14	3	8	21	5	5	6	4	8	13	8	11	6	1	9	22	14	12	5	18	9	9	5	10	17	9	24	2	3	19	27	18	18	3	6
052	19	18	17	9	20	16	10	4	14	14	16	15	19	19	9	16	25	25	12	23	15	19	18	20	17	16	18	12	20	8	15	20	13	19	17	15	4	15	13	11	16	16	16	13	10	13	20	15	17	17	19	8	8	18	12	19	9	25	15	3	17	12	23	20	7	18	24	22	24	6	18	18	22	24	15	16	14	20	3	13	23	14	16	5	18	11	9	5	10	17	15	30	11	21	22	28	19	20	4	12
053	15	18	15	9	18	10	7	2	8	12	18	16	10	13	3	10	18	21	23	19	2	18	19	18	14	15	13	10	5	8	4	15	13	1	15	12	6	12	1	13	11	11	11	9	19	9	10	11	5	5	11	3	4	19	9	19	21	28	4	17	6	6	6	14	6	20	1	6	17	6	17	16	20	21	2	7	16	10	5	4	14	13	13	4	18	11	9	3	11	14	9	19	2	7	14	5	13	18	7	6
053	15	20	17	22	22	17	10	3	13	12	18	16	10	14	10	11	18	21	24	20	10	22	20	22	18	15	19	10	22	8	8	17	14	19	16	15	6	14	17	14	16	17	16	9	19	15	21	15	16	15	19	8	5	20	12	27	24	29	14	21	20	7	17	15	11	20	19	23	20	9	19	18	20	22	4	7	16	19	6	7	22	17	16	6	19	11	10	5	13	17	15	22	15	7	17	28	14	19	18	7
054	2	14	18	9	22	15	2	1	8	4	15	15	14	14	12	10	20	20	13	19	10	19	17	18	16	15	17	12	1	1	15	15	5	9	14	11	1	13	6	7	11	11	12	12	10	11	12	9	1	8	1	4	13	16	9	20	20	12	15	15	3	3	5	20	7	7	3	22	18	5	17	2	20	26	3	7	16	10	5	7	14	13	12	3	16	9	10	5	11	10	12	24	2	6	19	8	14	20	4	6
054	18	15	20	10	22	16	22	1	13	15	19	15	18	19	13	11	22	21	22	21	10	19	18	18	18	16	20	19	1	3	16	22	12	20	14	16	9	19	11	9	16	18	16	13	19	15	21	15	19	15	4	8	13	16	14	21	22	23	20	20	12	7	21	21	10	20	24	24	22	6	17	18	20	26	7	7	16	19	5	7	24	14	16	4	18	11	11	5	13	17	15	24	13	21	22	28	19	22	17	15
055	9	17	15	2	19	10	7	1	13	12	12	14	12	16	2	14	19	20	24	19	2	18	18	17	12	10	17	11	1	1	2	15	4	5	14	13	5	6	14	3	16	9	16	9	19	9	15	9	8	6	19	8	4	14	9	14	9	21	15	3	17	3	6	17	7	7	3	15	18	5	17	16	3	21	3	7	15	10	5	7	22	10	12	5	19	7	11	3	10	10	14	24	8	4	13	9	19	22	3	12
055	15	18	17	6	22	15	22	2	16	12	19	15	14	19	9	15	22	25	25	21	12	19	18	18	15	15	17	17	21	3	3	21	15	15	19	15	9	6	16	5	16	11	16	14	23	15	20	16	17	16	19	8	4	20	15	23	24	22	23	21	21	7	21	17	10	20	24	21	21	6	17	18	20	26	7	12	16	19	6	7	24	17	13	6	19	11	11	6	14	13	16	30	13	10	18	11	19	24	18	15
056	9	17	15	6	22	10	10	2	8	12	12	11	13	16	9	4	19	17	6	18	6	20	17	22	16	16	16	10	1	3	2	15	4	13	14	11	1	6	11	5	16	10	16	12	11	9	15	10	16	1	4	8	13	16	9	21	20	12	15	15	1	2	5	13	5	21	19	8	19	6	17	1	6	26	7	7	5	10	5	3	14	11	10	3	16	7	10	2	13	13	6	23	5	2	17	9	17	11	18	3
056	15	18	22	6	22	15	23	5	16	14	15	15	18	19	12	10	22	20	13	20	10	20	20	23	18	16	17	12	5	20	16	21	12	19	14	13	5	19	16	9	21	10	20	20	19	19	22	13	18	15	4	8	13	16	9	21	20	12	15	15	2	4	5	15	6	23	19	22	21	6	20	18	20	26	15	10	16	21	6	7	24	15	13	17	23	11	12	6	15	16	11	30	5	24	22	30	20	15	19	7
057	9	14	15	6	16	15	22	1	8	4	11	5	13	19	12	10	20	17	4	18	10	19	18	18	16	15	18	12	1	1	8	19	13	19	15	11	3	17	1	9	11	11	12	10	10	15	12	13	1	1	19	3	7	14	11	23	8	16	13	3	20	1	5	4	2	20	10	8	20	2	18	18	4	24	14	15	14	6	3	13	19	14	10	5	16	9	9	5	10	16	12	21	2	21	14	8	13	20	4	6
057	18	17	20	10	22	15	25	2	16	12	15	15	18	21	12	17	21	20	17	20	10	20	18	18	17	16	19	12	20	3	12	20	16	20	17	15	3	18	10	11	17	16	18	16	13	17	20	15	20	5	21	12	9	17	12	25	9	21	21	9	21	3	20	19	3	22	20	19	24	6	21	18	4	25	15	16	14	18	3	14	23	14	12	5	18	11	11	6	14	17	15	24	5	23	21	28	14	21	6	14
058	5	17	17	2	18	10	7	1	9	4	11	9	12	19	5	15	21	19	17	19	10	20	18	18	16	16	16	12	5	1	3	14	12	8	16	10	2	6	1	3	15	8	15	12	12	15	12	9	17	1	1	5	3	14	9	21	10	13	16	9	14	2	11	17	10	14	8	22	21	2	5	1	16	7	3	12	13	9	3	4	19	11	14	3	18	7	1	3	11	2	15	24	2	10	13	11	14	20	3	6
058	15	18	23	9	22	15	26	5	15	14	12	12	18	19	12	16	25	22	22	20	14	20	19	18	16	17	17	17	20	4	15	15	14	21	17	12	14	13	14	7	18	11	19	19	19	20	15	13	21	17	20	8	14	21	10	22	21	25	18	12	17	2	21	20	11	14	12	22	24	2	18	4	17	18	14	15	17	19	12	7	25	14	16	5	21	13	9	6	13	15	16	24	13	21	21	28	19	22	4	15
059	2	15	17	2	16	15	2	1	8	4	12	14	12	16	2	10	20	20	13	20	10	14	10	20	16	15	8	12	1	3	3	18	15	18	17	8	3	15	6	15	7	8	16	12	12	11	12	9	17	5	18	3	6	16	10	25	8	21	12	7	4	7	6	15	6	20	3	15	18	2	3	1	17	7	2	12	13	13	3	6	22	11	16	4	18	8	10	5	13	17	15	21	11	10	17	11	14	22	1	6
059	18	19	22	10	22	16	22	3	9	15	15	15	19	17	12	10	20	20	13	20	15	19	18	22	16	16	19	17	8	3	12	20	17	22	21	15	17	18	6	16	16	11	16	15	19	21	15	13	20	15	19	12	7	17	14	26	22	27	21	9	9	10	18	17	10	22	22	20	23	6	5	7	23	10	3	13	13	13	3	7	23	13	16	4	18	11	10	5	13	17	15	24	13	21	22	26	19	23	2	8
060	17	14	18	19	16	15	22	2	5	4	12	6	13	17	9	4	24	17	6	18	2	17	18	18	13	15	16	10	1	1	2	18	12	5	17	13	2	11	1	5	7	11	16	9	10	9	21	9	16	6	3	3	5	15	9	23	8	22	15	2	4	4	6	15	10	7	3	15	18	6	2	6	6	7	3	13	13	13	3	3	12	14	14	3	18	5	1	4	11	2	1	9	5	10	13	15	15	20	1	1
060	17	19	20	19	22	15	22	2	8	4	17	6	13	20	12	5	24	22	6	18	12	19	20	18	16	16	17	11	7	4	15	18	14	18	17	17	6	16	6	8	11	12	21	19	20	19	23	13	22	16	18	11	8	16	14	24	21	26	19	7	12	7	16	17	10	20	23	21	25	11	16	7	17	18	14	14	14	22	6	7	25	16	16	18	21	13	8	4	14	12	17	21	8	23	14	28	17	21	17	5
061	11	12	5	9	13	3	1	15	17	2	11	17	21	10	16	2	26	3	3	3	1	3	9	17	8	18	21	20	23	2	2	15	17	15	16	8	7	19	8	9	4	17	17	20	3	3	16	4	16	15	14	7	4	9	5	5	21	12	6	1	2	4	24	14	2	8	15	23	26	12	3	6	1	4	12	19	17	19	14	13	20	4	9	17	1	7	6	5	6	11	8	11	3	9	24	16	1	13	20	1
061	15	15	24	16	14	6	27	16	18	16	14	18	22	15	17	9	27	4	20	17	16	17	21	18	19	19	22	21	24	8	17	20	18	15	17	18	15	20	9	10	22	17	18	21	17	6	20	17	17	16	16	7	7	9	16	28	25	26	10	10	17	12	25	15	4	24	15	23	27	13	22	12	5	4	16	19	18	23	14	15	23	5	9	19	8	13	11	12	7	17	18	11	21	26	25	29	3	18	21	8
062	10	11	24	5	2	2	5	17	19	1	11	14	17	4	9	7	7	3	10	5	1	17	7	17	5	19	21	19	25	4	4	20	15	13	15	8	3	19	2	8	1	17	17	19	4	3	10	6	16	4	16	12	1	9	16	5	17	24	6	1	3	10	24	7	4	8	10	23	2	13	11	9	9	12	6	1	5	19	15	5	17	8	9	3	2	7	1	4	2	17	5	1	21	5	25	23	5	18	13	16
062	14	12	25	16	13	8	26	17	20	15	19	19	23	10	18	9	28	6	20	16	1	17	21	17	6	20	23	20	26	8	17	20	18	13	16	18	12	21	12	9	23	19	20	21	6	6	15	18	17	17	17	13	7	9	17	7	22	30	10	18	9	12	26	14	13	11	15	23	28	14	23	12	24	25	17	20	19	24	16	15	23	21	19	19	7	9	10	10	16	19	8	16	21	9	26	23	7	25	16	16
063	8	11	24	10	2	2	1	16	17	1	11	17	21	8	16	3	26	1	20	7	5	13	8	17	9	18	24	6	22	4	2	15	12	10	15	10	9	20	4	3	3	19	17	18	6	3	21	4	8	15	12	11	7	11	5	16	22	26	5	10	1	4	27	15	1	7	25	2	5	12	23	9	5	6	16	4	17	7	15	5	13	4	9	17	1	7	9	3	7	17	8	6	3	9	25	20	5	11	13	16
063	12	15	25	22	12	3	16	16	20	12	14	18	24	10	19	9	26	3	26	17	16	22	22	24	20	21	25	16	26	20	6	23	14	13	22	16	14	21	4	4	4	20	17	20	17	6	21	19	17	16	13	11	8	22	5	28	22	31	9	19	19	6	28	20	14	15	26	8	27	14	24	13	9	12	18	5	20	23	17	9	20	8	9	19	24	13	11	5	7	18	8	6	15	27	27	25	7	18	21	16
064	10	13	8	5	2	2	3	17	20	1	14	17	21	8	16	3	26	3	20	7	1	17	21	17	6	19	21	19	24	3	18	18	13	10	23	18	11	14	18	1	3	19	17	15	6	3	10	8	8	5	16	7	4	9	18	3	19	12	9	18	8	6	24	17	3	15	3	8	4	12	3	9	1	4	12	1	17	10	14	9	20	20	19	17	3	14	3	2	16	18	4	3	21	5	25	15	7	15	9	1
064	12	15	26	19	5	9	26	18	21	7	14	18	24	10	19	8	26	3	26	17	7	23	22	17	8	20	23	21	27	6	19	20	19	23	24	19	18	14	18	7	22	21	17	19	9	12	15	18	19	17	22	11	8	11	19	3	21	28	11	18	9	6	29	18	15	24	27	23	27	14	24	13	5	12	16	19	18	23	17	13	26	21	20	19	3	15	4	7	16	20	6	6	21	28	27	17	21	26	12	16
065	8	11	4	3	5	6	9	19	19	2	12	20	25	8	16	7	29	3	3	15	7	5	9	17	6	18	20	19	28	1	5	19	5	5	15	8	9	20	4	6	4	3	11	20	4	3	21	6	8	3	13	11	1	12	16	15	25	24	9	1	1	11	25	4	4	8	24	8	3	14	11	6	3	6	1	1	2	19	16	5	17	5	8	19	8	7	7	3	6	11	1	12	15	5	24	25	3	11	13	16
065	10	12	27	17	13	12	9	20	20	15	12	21	25	8	20	18	30	10	22	16	16	23	9	25	11	19	26	21	29	8	7	21	6	13	25	13	9	22	9	7	22	20	17	22	9	13	23	20	17	15	16	13	10	13	20	16	25	28	10	18	3	11	30	20	16	17	28	21	5	15	13	9	24	23	6	1	5	20	18	5	23	8	9	19	24	13	11	12	7	18	11	13	22	29	27	25	10	26	21	17
066	8	12	24	7	5	3	5	15	20	15	11	20	21	15	18	3	3	1	20	7	5	9	5	17	6	18	21	21	23	1	2	20	5	13	16	8	14	8	5	4	4	17	19	19	7	6	20	4	19	15	12	9	8	4	18	5	21	28	1	10	2	10	28	16	4	15	3	22	3	12	11	1	8	11	5	1	5	4	16	5	17	19	19	3	7	14	1	16	17	11	4	6	6	5	25	15	21	16	9	1
066	8	13	27	18	14	3	5	19	20	15	12	22	24	18	18	7	30	26	23	10	16	17	9	23	19	19	24	21	24	6	17	20	18	15	25	18	15	19	8	10	6	17	21	23	17	6	20	18	19	15	13	13	15	13	21	16	26	28	5	19	2	13	30	20	17	24	15	23	28	16	13	9	24	20	6	20	17	20	19	14	17	20	19	17	8	16	4	16	18	17	11	16	21	28	27	23	21	26	21	3
067	11	13	25	1	2	4	3	17	20	1	11	18	22	8	16	2	27	3	3	7	7	23	22	17	8	20	20	17	24	3	6	17	12	13	17	13	7	20	9	4	2	18	11	19	3	3	15	8	4	2	13	3	1	9	16	7	23	20	6	1	9	10	25	4	6	8	24	21	1	12	13	6	6	23	12	4	18	10	14	3	17	13	19	3	3	14	4	2	16	11	4	1	3	9	25	15	3	11	12	1
067	12	15	26	19	5	12	21	21	21	7	14	20	25	10	18	19	28	4	3	10	7	23	23	18	8	20	23	19	25	4	6	20	15	15	22	16	9	20	9	10	3	19	17	24	9	10	15	21	17	16	13	14	8	10	16	17	25	30	6	10	9	14	31	7	14	11	28	23	3	17	24	9	16	24	16	5	20	23	18	13	27	16	21	17	25	15	5	2	18	21	9	12	15	30	26	16	21	15	21	17
068	8	11	27	16	13	2	3	20	12	13	11	17	22	10	18	2	28	3	3	7	7	23	8	17	5	20	20	17	25	4	2	15	14	10	15	8	9	9	4	3	1	19	15	19	6	6	10	4	8	1	13	13	1	8	4	16	15	20	5	1	2	1	24	14	6	25	15	19	26	12	23	7	16	24	6	5	3	8	14	5	28	3	21	5	11	15	7	16	17	20	8	1	15	9	24	20	3	11	16	1
068	10	11	28	22	14	4	5	20	20	14	14	19	23	15	21	9	30	4	20	7	7	23	22	17	8	22	20	17	27	4	6	15	14	13	21	10	14	21	5	4	3	20	17	20	16	6	15	18	17	4	23	14	1	10	17	28	23	30	10	19	2	12	25	14	6	25	16	23	29	13	24	11	20	27	16	5	15	23	16	11	28	3	21	5	11	15	7	16	17	20	11	12	15	27	24	25	5	18	21	16
069	8	10	28	7	12	6	3	17	12	14	14	18	22	10	18	2	28	3	3	7	3	21	9	17	6	20	21	8	25	4	6	15	14	10	15	8	5	5	5	3	3	17	17	19	6	6	15	17	8	15	12	8	7	4	16	15	25	19	6	18	2	1	24	13	4	8	15	19	26	12	12	1	16	8	10	5	17	7	14	3	17	3	9	6	2	11	3	1	2	17	2	6	3	9	25	16	1	13	12	1
069	8	11	29	10	12	7	3	20	12	15	14	20	24	13	22	3	31	3	26	7	6	24	21	17	21	21	23	21	26	6	6	18	14	15	22	13	7	9	6	8	24	19	20	23	17	12	21	18	19	17	13	13	11	12	16	15	25	20	10	19	9	12	25	14	6	25	16	22	26	13	24	9	24	24	16	20	20	23	20	13	24	11	20	19	9	17	8	16	18	17	8	11	15	11	27	16	22	18	21	16
070	10	11	8	19	2	7	5	18	19	7	11	17	22	15	18	2	30	4	3	10	4	17	5	17	8	19	22	19	24	7	3	19	5	13	15	8	9	21	6	1	3	18	15	18	16	3	15	4	8	2	13	3	4	4	5	5	21	19	1	10	2	8	25	4	4	24	15	3	4	16	11	9	5	4	11	3	2	19	14	5	20	4	6	3	1	13	9	5	7	17	8	11	3	9	25	24	1	11	21	1
070	11	17	28	20	12	9	21	20	20	13	14	21	24	15	18	3	31	10	24	17	5	17	7	21	8	20	24	20	27	8	5	20	12	13	15	13	15	22	9	8	6	19	17	19	17	6	16	17	17	15	14	7	7	9	16	15	25	26	6	18	20	13	28	16	9	25	26	22	28	16	24	13	8	24	19	5	17	23	18	9	20	5	9	19	1	13	11	17	7	17	11	11	6	9	28	25	3	13	22	18
071	8	12	24	9	12	1	5	16	18	2	11	22	25	14	16	1	31	3	20	15	1	17	5	17	6	23	21	17	25	4	5	18	6	10	15	10	9	20	6	7	3	3	11	15	3	12	21	18	8	3	12	3	7	4	16	16	23	19	1	18	2	7	26	7	4	15	10	22	3	12	12	4	1	4	5	1	2	1	16	10	13	8	9	3	7	7	1	2	7	16	4	3	3	5	25	23	1	13	12	1
071	11	15	27	16	13	3	27	19	20	15	12	23	26	15	16	7	32	26	22	17	1	21	21	17	8	24	21	19	26	8	6	19	15	13	25	13	9	22	9	9	4	19	20	22	9	13	24	20	16	17	13	13	15	13	21	17	25	28	6	19	3	13	28	16	18	24	15	23	28	16	13	9	3	23	13	21	5	20	21	13	20	12	20	17	9	7	12	5	16	19	10	11	9	9	26	25	1	15	16	3
072	10	12	24	3	8	3	9	17	20	1	19	13	17	4	5	2	1	3	10	16	7	14	21	18	8	20	22	16	22	2	5	19	6	10	15	8	5	9	9	6	3	20	20	19	6	3	21	17	8	3	12	11	7	12	5	28	22	12	9	19	2	7	28	7	4	7	10	21	3	12	12	1	19	4	5	20	2	7	20	3	14	5	6	3	1	13	1	2	7	17	2	1	15	9	27	25	7	11	13	16
072	14	15	27	16	12	14	26	20	21	15	19	14	27	4	9	7	7	6	10	16	17	23	23	21	11	25	26	19	24	3	6	21	14	13	15	13	9	22	18	7	3	22	20	20	8	12	21	19	8	3	13	12	7	22	22	28	25	32	24	19	2	12	29	13	18	15	15	23	30	12	12	4	24	8	10	20	17	24	21	13	20	12	19	19	1	15	11	17	18	22	8	1	15	30	27	25	7	13	13	16
073	10	11	24	10	2	3	6	20	12	1	11	17	21	8	17	4	30	1	20	7	7	5	9	18	8	18	22	19	24	2	5	18	5	10	15	8	9	20	5	4	3	19	15	15	16	3	10	4	17	2	13	11	1	10	7	7	22	20	5	1	2	15	24	13	6	7	15	23	26	13	11	1	3	1	5	3	17	1	16	5	28	3	21	3	1	14	3	2	17	11	5	1	6	5	26	23	7	15	13	17
073	11	15	29	22	5	4	16	22	17	14	14	22	22	15	21	9	31	4	26	15	16	23	23	24	11	20	26	21	29	3	6	20	5	13	25	13	14	22	9	7	3	19	15	19	16	6	15	4	19	2	16	14	8	10	16	16	23	28	6	1	3	15	24	13	8	14	18	23	28	16	12	9	8	24	6	20	18	19	19	14	29	11	21	5	26	15	7	4	19	20	6	3	15	11	26	24	21	18	16	18
074	10	12	4	10	12	4	1	19	12	14	16	13	27	4	5	2	1	1	10	16	6	17	7	17	8	19	24	19	24	7	6	15	14	10	15	8	9	9	5	3	6	18	17	15	9	3	10	4	8	2	13	3	7	4	16	15	25	12	1	1	2	6	25	18	4	15	24	8	3	12	23	7	16	24	6	5	3	8	14	5	17	16	19	3	3	14	4	4	16	11	4	4	3	9	25	23	1	13	16	1
074	15	15	29	16	14	6	6	20	17	16	17	13	27	4	9	7	1	3	10	16	6	17	8	17	8	19	24	20	27	7	6	15	14	23	26	13	14	21	5	3	22	21	17	18	17	3	16	8	17	15	13	7	7	9	16	28	25	19	10	18	4	12	31	21	19	25	29	22	31	14	24	9	20	27	16	5	15	23	16	11	17	21	21	17	7	14	5	6	18	19	19	11	22	31	25	26	3	18	22	15
075	10	13	8	3	2	4	5	20	20	1	11	17	21	10	16	2	26	3	3	7	1	13	21	17	5	22	21	13	24	8	6	15	5	10	15	8	14	5	12	3	2	3	11	24	3	10	15	20	4	3	13	3	1	8	21	5	21	24	9	10	2	14	24	1	6	8	18	21	3	12	2	7	11	12	5	20	14	24	20	14	13	8	9	17	4	7	3	2	7	18	1	13	22	29	24	25	3	12	12	17
075	12	15	26	19	14	8	26	21	22	7	13	20	22	15	16	19	31	6	20	17	18	21	22	26	9	26	27	17	29	8	6	18	14	15	21	16	14	20	12	9	4	18	11	25	9	13	23	21	16	16	13	9	8	9	23	7	23	28	9	19	20	15	25	13	9	14	28	23	28	15	5	7	11	12	5	20	14	24	20	14	19	12	20	17	9	14	11	5	17	19	11	13	22	32	29	25	3	26	16	17
076	10	11	25	10	2	2	3	20	20	1	11	22	24	15	18	1	30	26	22	10	1	11	21	17	8	27	23	16	25	4	2	20	13	6	17	8	5	21	9	6	4	17	16	20	6	3	14	6	8	3	12	3	7	4	16	16	23	19	6	18	2	12	24	14	4	8	15	23	26	12	3	4	11	4	5	20	5	1	20	13	17	20	19	17	3	13	4	2	17	11	6	4	15	5	24	24	7	18	12	15
076	12	11	26	22	12	3	16	22	22	13	12	23	24	15	18	2	32	26	23	17	4	18	23	21	21	27	27	20	26	7	6	24	17	13	22	13	5	22	18	9	6	17	20	20	17	3	16	8	8	16	13	13	15	13	21	17	25	28	6	19	3	13	32	15	8	24	16	23	31	12	12	7	19	6	5	21	14	24	21	14	17	21	20	19	8	15	4	16	20	17	19	12	22	25	25	26	10	18	22	17
077	8	12	4	7	14	3	1	19	17	15	14	19	22	8	16	2	27	4	3	15	1	17	8	17	6	20	21	17	24	4	2	15	14	23	18	8	5	5	6	1	1	20	17	19	6	3	15	17	8	4	16	1	4	4	17	3	21	26	1	10	2	12	28	13	4	7	15	21	30	12	11	9	5	12	16	5	14	23	14	9	17	13	19	3	1	14	1	4	17	18	8	1	15	9	25	25	7	11	13	8
077	15	12	27	10	14	6	5	19	20	16	14	23	25	15	23	3	30	6	22	17	4	17	21	17	6	23	21	19	25	4	18	18	19	23	20	19	18	13	18	3	3	22	20	19	8	6	21	18	16	17	17	12	8	4	20	15	25	30	9	18	2	13	28	16	4	8	21	23	30	12	24	11	5	12	16	20	17	24	17	15	28	20	21	17	4	14	4	4	20	19	18	13	22	24	27	26	10	18	23	16
078	12	13	26	6	5	2	3	21	12	1	11	18	25	8	18	2	30	1	3	3	7	9	9	17	6	20	21	19	23	3	6	15	12	15	14	8	5	20	9	3	3	17	20	18	6	6	21	17	8	3	12	9	8	8	21	5	21	28	1	10	4	10	25	17	4	15	10	22	5	12	13	6	3	4	8	5	2	19	14	5	28	3	21	3	11	7	3	2	21	21	4	6	6	11	25	20	21	11	13	1
078	13	13	28	19	5	5	3	21	20	4	14	23	28	15	23	2	31	4	22	15	16	23	9	23	19	28	22	20	27	3	6	15	14	23	18	8	5	20	9	9	25	20	20	23	17	12	21	19	19	15	13	13	15	13	23	28	23	28	9	19	9	12	26	18	19	25	29	23	31	14	24	11	5	6	19	5	17	20	18	9	28	13	21	5	11	15	7	4	22	21	6	18	15	28	27	24	21	25	16	19
079	10	12	27	16	12	3	5	19	20	12	11	18	22	8	16	2	31	4	3	5	4	13	8	17	6	18	21	8	27	2	6	20	13	10	15	8	14	5	4	2	24	17	20	20	17	6	21	17	17	15	13	11	1	4	5	16	19	20	5	19	2	10	24	9	8	7	10	23	2	12	11	9	24	23	6	1	18	19	16	5	22	11	21	5	7	7	3	4	20	19	1	3	15	9	24	21	3	11	12	16
079	14	15	29	22	14	4	9	20	20	15	14	19	22	15	18	3	31	4	3	17	16	17	9	26	11	22	25	19	29	3	17	23	18	15	16	20	15	19	8	9	25	17	20	23	17	6	21	17	23	15	13	13	1	11	17	28	22	26	10	19	9	15	26	13	13	14	18	23	26	13	12	9	24	25	6	3	18	19	22	5	28	14	21	17	26	15	5	4	21	20	11	12	15	31	25	25	5	18	21	17
080	8	11	27	19	12	4	3	20	12	13	11	23	24	8	18	2	30	1	22	15	5	17	21	18	6	19	24	2	26	4	6	18	5	13	15	8	9	9	6	8	1	15	17	15	6	3	10	18	3	4	12	7	1	9	16	15	25	12	5	1	2	1	24	13	1	5	18	22	28	13	10	14	24	25	6	1	18	19	16	5	23	5	9	5	8	7	5	12	6	11	1	12	9	9	26	25	1	16	12	3
080	10	15	30	22	14	7	5	20	20	14	14	23	25	15	23	7	30	10	24	17	6	24	22	23	21	26	24	21	27	6	6	19	5	15	21	10	15	20	9	9	3	19	17	21	6	6	15	19	16	18	13	11	7	13	18	28	25	26	10	7	4	15	28	16	4	7	21	23	28	18	10	14	24	25	6	1	18	19	18	10	29	11	21	19	25	14	6	16	19	18	2	15	22	29	27	25	3	26	13	17
081	8	14	15	2	13	2	18	23	14	5	19	24	11	14	14	6	14	12	24	24	5	20	6	24	1	16	9	8	5	1	17	12	3	12	18	6	7	10	19	3	19	7	22	4	24	22	22	5	8	3	13	16	16	10	20	2	1	19	10	1	22	4	16	6	14	17	6	25	5	8	12	10	1	1	2	20	4	7	21	7	30	22	6	20	6	18	13	14	23	1	7	5	5	30	29	21	5	27	17	15
081	10	17	22	9	13	2	18	24	14	10	19	24	17	14	14	16	15	15	25	25	11	22	13	26	5	18	28	20	29	6	20	25	3	12	21	6	12	11	19	5	20	13	22	6	24	22	23	11	16	4	13	17	16	11	20	2	21	24	24	6	23	4	16	6	14	17	25	25	5	8	21	13	19	10	14	22	14	20	23	16	31	22	9	21	12	19	14	14	23	1	7	29	5	30	29	21	5	27	17	15
082	8	11	22	2	8	7	18	25	13	10	19	24	17	12	3	9	14	9	25	22	11	8	1	21	7	16	11	12	29	4	2	13	2	8	3	21	15	10	1	2	11	16	4	10	7	6	10	1	4	2	13	9	17	9	17	4	4	12	9	3	23	2	10	22	20	11	2	5	7	3	4	8	9	7	3	22	4	8	14	17	9	8	4	17	19	13	5	18	10	1	20	4	2	28	30	25	1	14	3	16
082	8	11	22	2	15	7	18	26	14	17	21	25	17	14	14	16	33	15	25	22	19	21	13	24	9	25	15	13	30	21	2	13	2	8	3	21	15	12	1	5	16	17	4	13	9	22	12	7	8	2	17	16	18	12	20	17	20	24	10	6	23	6	10	22	21	11	4	26	32	3	25	17	16	12	14	23	8	25	24	18	32	10	7	19	23	13	7	19	10	5	21	9	11	33	30	25	1	27	3	17
083	11	18	17	21	13	3	13	27	16	8	13	26	29	8	3	16	34	8	22	4	6	11	3	17	2	15	15	8	1	2	9	9	3	12	15	5	11	17	17	2	9	13	2	6	1	5	10	3	4	4	13	17	16	12	20	2	21	19	10	1	10	1	11	6	9	11	6	5	5	8	5	4	16	8	2	20	3	23	19	7	5	3	5	5	5	16	5	20	10	6	19	5	8	5	27	17	10	19	17	5
083	13	20	18	21	17	18	15	28	23	9	13	26	29	8	3	16	34	8	22	4	11	22	11	27	11	18	28	10	22	7	21	25	11	17	18	6	15	19	20	5	13	19	23	7	25	5	25	11	16	5	13	18	16	12	20	2	21	19	10	1	23	4	16	23	14	17	25	25	7	8	11	6	16	11	15	22	17	23	20	12	33	8	5	22	21	20	10	21	12	9	20	16	13	28	31	20	12	20	24	11
084	10	14	15	9	12	2	15	24	14	8	19	27	7	8	4	2	35	12	22	8	2	10	6	26	2	13	15	8	22	2	9	10	11	12	15	5	11	12	19	2	15	8	8	10	16	6	12	1	4	2	12	16	17	4	18	6	7	24	6	5	22	4	9	23	17	11	2	1	5	3	18	10	1	7	2	22	4	1	17	17	6	8	9	17	6	13	3	14	13	1	3	13	9	9	24	15	1	14	17	8
084	11	19	20	20	13	19	18	28	16	10	22	28	29	9	10	20	36	12	25	18	20	11	6	28	9	25	29	19	23	22	22	25	20	17	25	6	15	16	21	14	16	14	24	13	26	22	20	2	5	17	13	18	18	9	23	13	27	28	10	18	24	6	9	24	22	17	3	7	32	6	21	15	1	10	3	24	6	8	23	17	31	22	10	20	22	18	13	19	23	8	5	18	17	33	32	23	3	19	25	15
085	8	19	18	9	2	2	12	23	14	5	7	26	11	13	10	7	34	11	3	2	2	11	4	26	1	15	15	8	5	1	1	5	3	10	21	2	6	6	19	2	15	13	4	4	9	4	10	11	4	4	13	16	16	13	4	4	1	12	10	6	22	1	6	22	19	7	4	1	32	7	12	7	6	4	2	22	3	7	14	7	6	2	5	3	5	13	3	19	10	8	6	13	2	30	29	20	1	24	3	8
085	11	20	22	21	8	3	14	29	15	6	23	29	29	14	14	17	35	16	25	24	8	18	4	26	7	28	29	19	7	6	17	9	20	23	24	5	12	17	22	17	16	14	23	10	25	22	12	22	16	5	16	19	19	13	23	4	1	12	11	6	22	10	21	24	22	12	25	7	33	19	21	10	19	10	14	24	4	20	25	16	8	8	15	22	17	16	5	21	13	23	21	15	8	34	30	25	5	27	17	17
086	10	11	15	9	12	2	15	23	13	5	13	30	5	8	3	15	12	8	22	6	5	22	3	17	1	13	15	13	1	7	1	9	2	14	15	5	9	10	20	2	16	13	2	4	1	5	23	1	7	3	12	6	17	9	17	11	1	12	7	3	7	2	5	25	21	8	4	5	34	1	5	4	1	8	2	21	14	23	19	6	34	3	3	5	14	13	5	19	11	1	5	13	9	9	32	21	10	19	25	5
086	11	14	22	21	13	19	18	28	14	10	19	30	29	12	4	17	35	15	26	21	11	24	11	26	4	15	29	17	20	9	22	13	11	24	17	5	14	17	22	18	19	18	22	17	24	6	26	5	16	15	13	9	18	9	20	17	4	24	10	6	7	10	9	26	23	26	25	7	35	10	11	6	16	11	20	22	14	23	20	12	35	22	15	20	17	17	13	19	24	6	6	18	23	28	32	23	10	20	25	15
087	8	14	18	9	2	2	13	24	16	6	7	24	17	14	10	10	14	5	3	2	3	22	4	24	4	18	28	6	1	1	1	8	2	8	3	2	7	11	6	5	11	15	7	14	2	5	22	1	24	2	14	16	3	4	20	9	1	12	6	1	10	2	10	25	9	11	6	7	5	3	18	10	1	8	2	22	6	1	17	16	9	3	2	3	21	13	3	14	10	6	3	13	12	28	29	20	5	14	25	15
087	10	19	18	21	15	19	15	28	17	8	19	31	23	14	14	17	34	15	24	25	11	25	6	27	5	28	29	8	29	1	2	13	3	14	19	21	8	12	23	18	15	17	9	26	16	10	26	22	25	15	15	18	17	12	23	9	27	20	24	21	24	4	22	25	14	15	25	11	7	8	21	10	1	10	2	22	6	1	17	19	32	10	15	17	23	17	6	19	11	8	6	15	23	33	31	25	8	19	26	16
088	10	11	18	2	2	2	13	23	16	8	17	24	17	13	14	16	14	12	23	4	8	15	6	23	2	25	29	8	20	3	7	9	4	14	15	2	6	17	20	5	9	13	9	6	2	5	25	1	16	4	13	6	3	12	20	4	1	20	24	2	24	4	9	21	14	15	3	26	10	8	12	7	16	4	15	21	20	20	20	4	9	3	1	3	6	13	3	19	8	8	3	9	1	9	27	8	1	14	3	12
088	10	14	20	6	15	19	15	28	17	11	18	24	26	14	14	16	33	12	23	22	11	20	12	24	7	25	30	17	29	7	9	13	11	17	20	5	11	19	22	17	11	17	23	17	25	5	27	11	25	15	15	17	20	12	24	13	27	28	24	3	25	12	16	27	15	25	9	27	36	12	13	13	19	11	20	21	20	23	25	12	34	8	7	23	17	16	6	21	11	24	20	18	2	33	30	20	9	27	3	16
089	10	11	18	20	2	2	13	23	16	5	7	26	23	8	3	16	12	8	20	2	2	11	1	23	4	15	15	16	20	3	5	1	4	5	5	1	2	12	1	18	11	9	2	10	2	5	20	1	4	2	12	7	16	12	4	4	1	12	10	6	24	2	11	25	14	15	24	7	5	6	4	7	9	1	14	21	7	4	20	7	1	3	2	3	21	13	3	19	11	6	7	16	8	5	27	15	5	14	17	11
089	10	19	18	22	8	19	15	27	17	11	13	30	29	12	3	17	34	8	26	6	6	22	14	27	7	25	31	19	29	7	10	5	7	11	16	22	7	17	22	19	16	17	8	17	16	22	27	1	25	15	16	19	19	13	17	17	1	12	10	6	24	4	22	27	17	17	25	28	5	8	13	17	19	6	15	23	15	23	24	20	32	10	15	17	23	16	6	20	11	6	20	29	8	30	30	17	12	20	19	15
090	10	11	13	5	8	2	12	23	14	8	16	32	6	13	14	6	33	9	20	4	8	14	4	21	4	17	11	6	1	1	9	8	11	12	17	5	11	6	16	2	15	13	4	4	9	4	10	11	2	2	13	1	16	10	7	9	1	12	11	6	7	4	9	24	18	8	3	5	5	1	3	4	1	4	2	22	3	19	19	6	6	14	5	17	6	16	3	14	13	8	5	18	3	9	30	15	5	14	19	5
090	11	14	22	9	12	12	28	24	20	10	16	33	26	15	24	14	36	15	23	26	11	26	4	27	9	18	29	21	20	8	17	9	11	17	17	6	12	11	20	5	16	16	23	10	25	6	12	22	16	4	16	18	18	11	23	13	24	26	24	6	24	10	9	26	21	17	25	7	35	6	11	6	19	11	20	22	14	20	25	12	30	22	9	24	17	18	13	19	24	25	10	29	8	30	32	21	10	19	25	15
091	10	11	18	3	8	7	18	20	16	9	7	31	23	12	3	1	12	8	26	1	11	11	5	24	2	13	28	6	20	3	17	9	7	14	21	5	5	6	17	2	13	4	1	6	2	2	12	3	3	2	12	7	13	12	17	13	7	24	10	6	7	2	11	23	20	11	1	5	5	3	11	4	1	11	15	21	14	23	19	4	9	11	6	25	13	9	4	14	14	8	10	5	8	30	29	21	10	28	17	15
091	10	21	31	21	20	20	20	26	24	17	7	31	23	14	24	16	15	8	26	2	11	12	6	26	4	25	29	13	29	9	20	9	20	23	22	6	12	10	19	2	19	20	22	13	24	22	22	11	8	4	16	18	16	12	18	17	27	30	24	6	10	6	11	23	22	14	2	11	7	9	13	6	16	11	21	22	19	23	20	12	9	12	9	25	13	9	4	14	14	8	10	29	8	30	30	21	10	28	17	15
092	10	20	17	5	8	6	20	15	15	2	16	24	7	8	4	16	14	12	22	8	11	8	1	21	7	16	11	10	29	4	1	9	4	14	19	2	4	10	17	2	11	17	1	12	2	2	12	2	3	2	15	16	17	12	18	9	20	24	6	2	7	2	5	6	19	12	4	7	33	10	5	7	1	2	3	22	4	8	17	4	6	8	5	17	17	14	3	19	13	6	10	13	8	30	27	15	2	24	3	8
092	12	21	32	20	19	6	27	28	24	9	19	27	17	14	13	20	35	12	23	18	19	21	13	26	9	25	15	21	30	23	20	12	7	23	22	6	14	11	23	18	13	20	2	17	2	5	27	3	25	15	16	16	18	12	23	9	27	24	9	21	22	12	16	24	19	26	5	7	37	19	19	15	16	11	15	22	17	23	20	17	6	14	10	17	22	16	3	19	13	8	18	15	17	33	29	21	5	28	19	15
093	11	11	15	2	13	6	15	25	16	8	16	25	6	8	3	9	33	9	20	22	2	11	6	17	2	18	30	13	5	1	1	5	3	23	16	1	4	11	23	17	15	13	4	11	2	2	22	5	3	5	15	16	16	4	23	2	1	19	10	5	22	4	9	25	14	11	6	11	5	3	5	4	1	8	2	22	14	23	19	12	34	3	1	5	6	16	6	20	8	6	21	4	11	33	30	25	1	24	1	17
093	14	14	18	20	17	12	18	27	16	17	21	27	17	12	24	14	33	15	25	26	8	20	12	24	7	25	32	17	22	7	10	26	5	23	23	5	6	19	24	18	19	18	23	13	25	6	23	22	16	17	16	18	19	12	24	2	21	24	11	6	24	6	22	26	18	15	25	28	35	8	13	6	16	11	21	22	14	23	20	12	36	8	5	23	21	19	10	22	12	24	21	13	11	34	30	25	5	24	17	17
094	8	19	18	1	2	12	16	24	12	5	13	27	5	12	4	5	12	8	22	2	2	19	4	18	1	13	29	8	1	2	17	9	7	12	15	5	14	10	16	2	16	13	1	4	9	2	10	5	4	2	13	1	17	9	20	9	20	12	6	3	22	2	5	25	14	11	4	7	4	8	3	6	11	8	2	21	14	20	20	4	32	3	7	3	17	13	3	19	11	8	10	12	8	33	25	20	2	22	3	12
094	12	20	20	5	17	19	18	30	23	9	19	31	27	13	10	15	35	12	26	18	11	24	12	26	2	25	30	19	20	7	20	10	11	12	21	21	14	10	20	3	16	16	24	10	24	6	22	22	16	4	16	16	21	12	23	13	27	20	24	5	24	4	22	27	19	12	6	28	38	19	5	7	19	11	15	21	17	23	20	21	35	8	15	3	23	14	5	19	13	8	20	15	8	35	32	25	3	28	6	14
095	10	14	18	20	8	19	13	27	16	5	12	24	8	13	25	1	17	8	3	4	11	8	1	26	2	13	15	10	30	3	1	13	2	17	15	5	4	17	23	17	15	13	4	4	9	4	10	11	2	4	13	1	17	12	18	4	20	12	1	1	24	2	9	26	14	7	3	5	5	6	8	8	6	6	2	22	7	4	24	16	4	3	5	3	5	7	5	15	10	5	5	5	8	30	29	21	10	27	3	15
095	10	19	18	21	15	19	13	28	16	8	15	34	16	15	26	11	35	27	25	21	19	22	6	26	7	25	28	13	30	23	10	26	6	23	16	6	5	19	23	18	16	14	23	10	25	22	12	22	16	5	13	18	18	12	20	17	27	20	10	21	24	6	11	27	17	17	6	7	39	7	18	10	9	7	14	23	21	24	26	20	35	10	15	22	16	16	8	21	14	9	10	15	8	33	29	25	21	27	17	15
096	8	19	18	5	2	2	15	24	12	2	16	28	6	9	3	2	36	13	20	22	2	11	5	26	2	13	32	6	20	1	1	13	2	8	3	5	9	12	1	2	11	16	4	10	7	6	10	7	4	5	15	6	3	9	20	4	1	24	6	2	20	3	9	6	8	10	1	27	37	4	5	7	6	7	2	21	14	23	20	12	1	10	2	17	21	16	6	14	10	6	5	11	8	30	31	20	2	14	17	2
096	11	19	20	9	8	19	20	29	17	6	21	33	17	15	24	14	36	15	25	26	11	22	6	26	4	25	32	13	20	24	2	13	6	24	17	6	15	17	22	18	16	18	4	12	16	22	20	22	8	8	17	18	17	12	24	9	27	28	24	3	22	4	16	27	16	26	5	28	38	10	18	10	16	8	2	21	21	24	26	16	9	10	2	17	23	16	6	15	10	6	10	12	13	36	32	23	10	19	26	15
097	10	14	20	5	8	3	20	27	15	2	15	24	8	14	13	11	14	8	23	24	8	11	1	24	2	13	29	6	20	1	1	8	2	12	17	5	9	6	16	2	11	14	1	10	2	5	10	7	4	2	15	16	17	12	23	4	7	24	6	2	10	2	9	25	9	11	6	4	7	3	4	6	19	6	7	21	8	4	20	7	9	10	4	19	6	13	7	14	10	1	5	13	9	9	32	20	5	19	25	15
097	11	17	31	21	8	19	20	28	23	8	19	34	17	15	26	16	17	15	24	26	11	11	3	24	4	13	29	13	23	9	17	13	20	16	17	6	12	17	22	19	16	20	1	10	9	6	12	22	4	5	16	17	19	12	24	9	27	28	24	21	24	10	10	25	22	11	25	11	35	9	13	10	25	11	20	23	20	20	27	18	30	22	6	20	19	18	13	18	23	6	6	18	24	9	32	21	10	19	25	15
098	10	20	18	3	15	19	20	19	16	8	7	31	25	8	7	12	34	8	3	2	1	11	3	24	3	13	9	13	10	6	17	10	3	11	21	5	7	10	19	2	15	8	23	10	25	6	22	2	5	3	13	16	3	4	23	4	1	20	24	1	10	2	11	23	19	14	1	5	4	9	13	6	1	10	7	21	6	8	14	7	35	3	7	3	16	13	7	15	11	5	18	4	1	33	24	8	2	14	3	8
098	12	21	31	21	16	21	20	28	23	17	15	35	29	14	10	17	34	8	20	20	11	24	13	29	4	13	29	19	20	9	20	12	20	12	21	6	14	10	19	5	19	13	24	11	26	22	23	5	16	17	14	18	16	10	23	9	2	24	24	6	23	3	16	27	22	26	2	7	37	10	25	8	19	11	20	24	20	20	20	16	35	8	15	19	17	15	8	15	14	6	18	13	17	34	27	15	9	24	3	12
099	10	11	20	5	2	2	15	23	15	2	11	27	8	9	3	1	12	6	20	1	2	22	6	25	4	25	28	6	7	1	7	10	3	12	16	2	3	10	19	14	16	14	1	10	7	6	10	7	4	5	12	6	17	9	20	17	1	12	7	3	10	1	10	23	8	11	6	5	7	1	12	6	16	1	14	20	3	20	19	7	31	22	3	20	6	18	13	14	23	1	6	15	8	5	27	17	5	20	3	8
099	12	19	31	6	8	6	20	29	17	11	13	30	29	14	10	14	33	15	22	18	11	25	13	25	7	29	32	8	30	1	22	26	7	14	22	21	15	17	22	17	16	14	4	12	9	22	15	7	4	8	12	6	17	9	20	17	1	12	8	6	24	2	12	25	9	11	6	11	7	3	13	7	19	4	14	24	19	20	25	12	34	22	6	26	6	19	13	19	23	1	20	16	8	30	29	20	12	27	17	11
100	8	14	22	9	13	6	15	25	14	8	7	25	17	12	3	1	34	8	3	2	2	10	1	21	2	25	15	6	5	2	9	9	11	12	17	1	7	6	17	2	9	12	1	4	9	5	12	8	11	4	15	16	13	9	18	6	7	19	1	3	22	2	9	9	16	10	2	1	32	3	5	6	16	6	2	21	7	4	20	12	9	3	4	19	19	7	7	15	10	1	10	11	8	30	31	16	2	19	3	7
100	11	15	22	20	17	7	18	27	16	17	21	31	23	12	24	2	36	14	25	22	20	11	4	28	9	25	29	19	23	22	17	10	20	17	21	5	11	11	20	5	11	13	22	25	25	10	12	11	16	5	17	16	18	10	20	9	7	20	24	19	22	6	9	23	22	14	5	29	33	4	8	17	26	8	4	23	14	23	24	18	35	10	7	25	23	13	7	18	11	8	10	12	13	35	32	20	10	22	25	14
101	4	9	22	9	8	8	16	3	11	18	2	36	3	13	27	12	19	4	3	11	12	18	13	30	22	2	3	3	16	23	18	11	2	7	10	5	5	8	3	1	17	9	11	22	1	17	28	15	16	10	19	11	22	11	25	14	5	11	9	22	1	7	15	3	10	3	21	22	13	1	22	1	5	18	5	20	11	4	14	5	22	23	12	18	6	1	10	5	4	8	12	5	18	9	17	5	11	5	9	4
101	17	12	30	9	20	12	18	4	24	19	8	37	5	20	28	17	24	7	20	27	17	22	24	31	22	3	8	4	31	25	23	13	6	14	27	22	17	21	10	15	19	14	16	22	17	19	28	15	23	10	21	11	23	18	26	27	6	18	10	23	13	16	33	28	24	14	27	22	26	1	25	7	25	20	17	20	13	4	20	10	23	24	15	27	7	21	15	23	5	9	16	29	18	11	19	11	12	8	10	14
102	5	2	18	20	2	7	12	10	2	20	1	29	5	13	27	6	24	26	20	27	16	15	14	32	23	10	3	4	14	5	20	1	3	20	11	6	7	22	11	4	9	10	15	16	27	17	28	23	16	7	21	11	22	11	25	23	6	11	1	22	13	16	15	28	10	14	21	22	13	1	18	1	5	24	10	2	22	25	20	5	23	25	10	2	2	6	12	24	3	9	22	29	17	5	9	11	4	6	9	15
102	18	19	20	22	15	17	14	14	24	21	6	36	8	15	29	16	25	28	27	28	21	24	24	33	24	12	12	7	14	26	24	27	5	23	28	23	16	23	25	13	17	12	15	26	28	23	28	23	17	10	24	14	23	18	27	24	9	25	6	24	13	16	15	29	10	14	21	22	13	3	18	18	27	25	17	24	23	26	23	5	24	26	14	26	6	6	16	25	25	23	22	29	19	5	15	11	8	6	10	15
103	1	11	20	20	19	12	12	7	10	18	4	26	1	12	25	11	21	4	20	12	16	11	4	32	24	10	12	1	16	23	18	11	5	5	10	22	11	21	3	15	7	18	16	9	7	21	28	23	16	8	3	11	23	13	26	22	3	25	10	23	1	1	33	11	10	3	16	15	2	4	22	4	1	23	5	6	12	27	21	10	17	7	10	8	3	10	12	26	13	9	16	5	18	5	15	11	8	6	9	5
103	17	18	33	22	21	17	16	10	13	18	6	37	30	21	27	12	24	29	27	28	16	24	13	32	25	14	12	1	32	23	25	27	6	20	13	24	17	24	26	20	20	18	20	22	9	24	29	24	26	10	19	14	23	22	28	29	5	25	10	23	9	7	34	30	25	25	27	21	29	8	22	17	10	25	5	6	24	27	25	15	22	25	18	24	24	10	17	27	25	23	22	29	19	5	19	11	12	8	10	14
104	17	19	20	3	2	17	13	10	2	20	8	31	7	8	28	6	20	26	3	12	13	11	12	30	22	2	8	1	15	22	25	27	5	1	10	6	10	8	26	10	19	11	15	27	28	17	28	23	17	7	6	4	23	12	26	19	3	11	19	23	20	11	35	2	11	3	15	19	5	8	22	1	10	23	10	4	25	4	15	5	20	25	10	2	2	1	15	23	3	23	12	5	12	25	13	5	8	7	10	5
104	18	20	22	20	3	22	14	13	4	20	13	36	24	21	30	17	24	30	23	29	16	19	13	31	25	10	12	3	31	23	26	28	17	2	11	25	15	22	26	16	20	14	17	27	29	23	30	23	19	11	19	11	24	13	29	29	9	21	24	25	20	13	35	3	24	5	28	22	29	8	25	7	26	25	16	21	25	26	19	5	22	27	12	21	15	4	17	28	25	23	12	30	16	27	14	25	11	10	14	15
105	4	7	18	1	2	12	13	4	1	21	7	25	8	18	25	16	22	28	23	12	16	11	12	19	20	3	7	9	14	27	27	11	2	13	11	5	10	23	13	4	19	3	17	10	2	17	16	1	17	12	3	11	23	10	27	14	5	17	3	26	18	4	7	8	2	7	16	15	1	3	22	4	5	20	5	6	11	4	20	5	22	25	10	6	6	1	17	5	3	9	17	26	19	5	8	11	6	6	9	15
105	17	19	20	2	15	23	18	10	14	22	8	38	25	21	31	17	24	30	26	30	20	24	14	34	26	4	12	22	14	28	28	13	5	14	27	6	14	25	25	9	20	14	19	26	30	25	31	23	19	14	19	12	25	18	30	25	28	17	10	27	25	17	36	28	11	24	26	24	26	4	22	7	10	25	5	20	12	27	25	10	23	25	15	24	6	6	18	17	16	23	22	29	25	27	33	15	8	9	14	16
106	5	19	20	1	13	17	13	10	1	22	8	26	1	15	28	6	23	26	3	11	16	11	24	30	23	10	3	4	14	25	17	26	2	3	11	2	5	1	13	3	17	9	11	7	28	19	28	22	16	10	3	4	23	13	26	23	5	11	3	8	13	16	7	29	10	7	21	19	11	3	21	1	5	25	9	2	23	26	23	5	23	28	17	2	2	6	16	23	1	25	11	28	11	22	18	20	3	7	14	3
106	18	19	20	5	13	23	14	10	2	23	9	31	7	20	32	12	24	31	9	12	17	11	25	32	23	16	10	4	16	27	23	27	5	14	26	26	11	24	26	21	20	13	20	22	29	19	32	25	23	19	21	12	26	14	27	24	6	16	4	22	18	18	15	31	11	14	21	22	15	20	25	4	5	27	9	6	26	28	25	10	24	29	18	18	15	12	17	25	7	26	11	28	14	23	22	21	10	27	27	12
107	9	18	18	5	14	13	13	10	3	23	4	39	28	10	28	6	21	26	22	12	15	24	11	30	23	10	5	2	14	25	24	1	2	12	28	5	15	1	10	1	17	9	15	16	7	21	28	23	8	5	5	5	22	13	27	23	3	18	3	8	9	1	35	3	11	14	15	19	1	7	18	1	5	23	10	2	23	26	21	5	17	25	12	24	6	4	15	26	7	9	11	28	1	21	9	15	6	6	10	12
107	17	22	32	20	19	15	16	13	4	24	4	39	28	10	28	6	24	26	22	12	18	24	26	32	27	11	5	9	33	28	29	26	4	23	28	27	16	21	10	6	19	18	15	26	28	21	33	25	17	10	20	10	27	14	27	24	10	25	24	23	25	7	36	5	12	24	27	19	27	8	25	1	6	25	10	2	24	29	23	5	22	28	18	24	8	10	19	29	16	25	16	30	25	27	13	25	10	27	27	16
108	17	18	18	5	7	13	13	13	4	20	6	29	8	15	27	6	23	28	3	27	16	11	15	32	26	10	3	4	16	25	17	27	14	2	13	24	15	1	7	21	17	15	15	9	1	17	29	24	1	6	19	11	23	22	26	25	3	21	11	23	13	13	12	2	10	5	21	23	5	1	25	1	10	20	1	21	26	4	14	5	17	25	10	20	12	2	17	5	3	2	15	5	10	11	13	15	6	7	9	15
108	18	18	18	5	14	13	13	13	4	24	10	36	8	22	32	16	24	32	20	30	17	24	26	35	28	12	12	22	17	27	25	29	15	4	13	25	15	8	26	21	20	18	20	17	9	21	30	26	16	8	19	14	28	22	26	25	3	25	11	23	20	16	35	31	11	14	28	23	11	8	26	1	22	24	17	21	26	26	21	5	23	30	18	24	15	4	19	24	10	9	16	22	18	31	33	20	8	9	14	17
109	5	19	20	5	3	17	14	10	2	20	8	1	1	8	1	5	20	26	3	13	17	22	13	30	24	3	3	1	14	28	20	1	3	9	12	5	7	24	7	6	9	12	12	26	1	17	29	25	19	11	5	12	26	11	25	23	3	18	1	8	14	7	3	11	24	3	16	15	29	1	22	4	5	24	5	4	12	27	15	5	20	25	16	20	3	6	11	24	1	25	15	9	10	5	9	20	1	4	10	15
109	17	20	22	5	13	24	15	13	4	23	24	31	7	23	27	6	20	31	20	27	20	24	24	34	29	4	7	9	16	29	24	8	5	23	13	23	13	25	11	21	20	14	19	27	31	26	29	25	19	12	20	14	28	14	27	24	9	25	3	28	20	19	34	32	25	14	27	23	29	9	22	17	16	24	5	4	24	27	21	10	26	30	18	24	14	10	15	26	25	26	23	24	16	31	13	30	8	8	21	16
110	17	18	18	5	3	23	13	13	4	24	4	37	28	10	25	6	21	4	20	12	17	11	12	32	23	2	5	16	16	5	18	1	5	6	10	6	15	20	3	3	19	14	19	25	2	17	29	25	19	12	3	5	22	13	25	23	9	11	1	23	1	7	15	3	11	3	21	21	13	1	21	1	5	24	5	4	12	27	21	5	17	25	10	24	6	4	12	24	7	6	12	9	16	5	19	11	8	5	10	14
110	17	18	18	5	14	23	13	13	4	24	4	39	30	15	28	12	24	26	22	31	22	24	15	36	24	3	7	23	18	29	30	11	6	14	28	22	17	20	10	15	21	15	19	26	28	23	34	25	19	12	20	11	23	13	31	25	9	21	25	25	18	16	33	31	24	7	27	22	26	8	25	17	10	24	8	20	24	29	21	10	22	28	14	26	8	6	15	26	25	23	24	30	19	11	33	11	18	6	10	15
111	17	18	20	3	3	23	14	12	3	20	2	36	5	10	11	17	22	7	3	12	13	19	12	30	22	2	6	3	16	23	17	5	4	2	13	2	11	8	7	4	17	10	15	26	28	17	28	25	17	7	3	11	23	11	25	23	5	14	1	27	14	16	7	28	2	7	16	21	15	1	25	7	6	20	10	2	25	27	19	5	17	25	15	18	4	6	12	25	3	9	16	5	20	11	8	5	9	2	10	15
111	20	20	22	3	14	24	14	13	4	20	8	38	7	20	27	17	24	28	26	27	22	24	24	37	30	15	8	4	31	25	31	29	15	11	27	25	15	8	13	21	19	14	19	27	28	23	29	25	19	12	20	14	28	12	27	23	9	25	24	28	18	19	14	33	10	8	21	22	29	7	25	17	10	24	10	2	25	29	20	5	22	28	18	21	15	12	18	29	20	9	22	28	25	27	19	15	11	3	14	16
112	1	18	32	20	13	17	14	9	4	23	1	25	8	10	25	16	23	28	3	27	16	11	14	30	20	4	5	4	17	27	17	12	5	5	27	28	12	24	2	22	20	9	15	7	27	17	14	1	17	10	21	4	23	13	26	23	5	11	4	22	9	1	33	3	10	25	27	15	2	4	21	1	25	18	17	20	12	4	14	5	19	25	12	2	2	4	15	28	25	23	11	28	1	21	13	21	1	27	10	12
112	9	22	32	21	13	25	14	11	4	23	6	39	28	15	28	16	24	28	22	27	22	11	26	32	23	14	10	24	18	27	32	29	6	5	27	28	12	26	18	23	20	13	20	16	28	25	28	23	17	19	21	5	24	23	26	23	9	19	23	22	9	10	35	30	25	25	27	21	12	21	25	1	25	23	22	21	13	4	23	15	20	27	14	6	5	4	16	28	25	25	11	30	14	23	22	25	10	27	14	12
113	9	17	20	1	13	10	14	10	1	22	4	31	7	10	27	16	20	4	20	12	16	11	15	32	23	3	10	4	14	25	22	8	2	4	13	24	12	1	8	21	19	8	17	7	28	19	14	22	17	14	5	4	27	9	27	23	9	18	3	8	9	1	7	28	2	7	26	15	2	3	25	4	10	23	10	2	12	4	20	5	22	25	12	2	2	1	19	26	7	9	11	9	14	5	15	5	10	2	10	5
113	18	22	32	20	19	23	16	10	1	23	8	36	8	18	27	17	22	26	26	12	17	24	26	35	26	12	14	7	18	27	25	27	14	7	27	25	12	26	26	22	20	13	20	7	28	25	33	22	17	19	6	8	29	14	29	24	10	23	12	25	13	17	33	30	10	25	27	24	26	8	25	17	26	24	17	21	25	27	23	15	23	25	14	24	15	4	20	29	20	25	23	28	20	23	22	23	11	28	15	12
114	9	18	18	2	13	12	12	6	3	21	2	25	5	20	27	16	24	7	3	27	12	12	11	32	24	4	5	5	14	28	20	8	4	9	13	5	5	8	7	1	19	9	15	16	28	17	29	23	17	10	21	11	22	24	25	27	6	11	9	22	14	13	13	2	2	7	21	19	5	7	22	4	10	25	1	6	12	27	19	5	19	25	17	6	2	6	17	24	1	25	12	9	16	11	13	8	8	5	9	5
114	9	23	33	20	17	17	18	9	23	23	7	36	25	21	31	17	24	30	23	30	20	24	13	34	27	4	7	9	34	28	23	29	5	14	27	23	13	24	10	21	20	14	19	27	29	21	30	25	19	12	21	14	22	24	31	29	6	11	9	22	20	19	35	31	10	25	28	23	29	8	25	4	28	27	5	6	12	29	25	22	24	29	18	24	15	12	18	26	7	26	15	30	19	31	19	20	18	7	10	14
115	1	10	20	5	16	9	12	10	13	18	6	29	7	10	25	16	20	26	26	12	15	11	11	30	23	10	3	1	14	23	25	1	2	14	12	6	11	21	11	6	9	11	17	7	30	19	14	22	16	14	1	4	22	12	26	23	3	11	11	23	2	11	12	5	10	14	15	21	13	1	22	4	5	24	5	4	11	26	21	8	19	25	10	24	3	6	17	17	3	9	1	28	1	7	9	8	9	6	9	3
115	1	18	33	20	19	17	27	14	25	25	8	36	8	24	27	16	21	31	26	12	17	22	26	32	27	11	3	4	34	27	31	27	5	20	13	26	15	24	26	20	17	13	17	11	30	27	16	22	17	19	3	11	29	22	29	25	9	25	19	25	13	16	37	29	26	25	21	23	27	3	25	4	5	24	5	20	12	27	25	10	22	26	17	24	6	22	17	27	7	25	16	30	25	27	14	21	10	27	14	16
116	7	9	18	2	17	8	12	4	24	25	8	1	5	13	7	5	19	10	3	11	17	11	15	30	23	2	3	4	14	26	25	13	3	9	12	2	13	24	7	10	17	13	11	9	1	20	28	22	19	11	4	4	23	11	27	23	5	14	10	25	20	2	29	3	11	3	27	8	1	1	22	4	1	18	5	6	12	24	21	10	17	26	16	20	3	4	12	27	16	9	15	28	19	9	9	20	6	5	9	14
116	9	16	33	5	24	12	27	4	26	25	24	4	30	25	28	6	20	31	20	27	22	24	24	30	24	10	5	23	18	29	29	27	14	17	12	25	15	25	13	16	18	15	17	11	32	25	33	25	23	20	19	11	29	12	29	23	9	29	19	27	25	7	33	11	25	24	27	19	26	1	22	17	5	23	5	20	24	27	21	15	23	28	18	24	6	12	15	29	25	9	17	29	20	11	22	29	12	10	14	17
117	4	19	20	8	5	16	13	10	1	19	4	31	4	8	27	6	19	4	20	11	15	11	11	30	24	2	3	1	18	23	17	1	3	5	27	6	12	22	11	1	19	14	16	22	4	18	28	15	16	10	19	3	28	12	25	23	9	24	1	26	13	13	7	2	2	5	26	19	5	3	21	7	5	24	1	6	24	27	21	5	17	25	11	18	4	12	12	26	7	6	15	26	10	5	13	15	6	9	14	14
117	18	20	32	20	19	24	19	13	9	22	8	37	8	13	28	11	20	26	26	11	22	24	15	34	25	11	5	23	35	29	24	8	6	23	28	28	14	27	18	22	20	14	16	22	4	19	29	15	16	10	20	14	29	22	25	25	9	25	26	28	20	17	35	28	11	7	28	24	29	4	25	17	6	24	10	20	26	27	21	5	17	26	11	24	8	22	15	26	25	25	17	29	19	11	33	26	12	10	14	17
118	17	18	18	3	3	23	13	13	3	20	13	25	8	10	25	6	22	28	3	27	17	11	14	32	20	10	3	4	14	5	18	5	5	6	10	5	5	20	1	10	20	13	20	7	9	19	29	22	16	8	4	3	26	14	26	24	10	17	3	4	20	7	33	3	10	3	27	8	2	1	18	1	10	23	1	20	11	4	21	5	23	25	10	20	6	6	11	24	1	23	9	9	10	11	13	5	10	2	9	12
118	20	18	20	5	14	23	13	13	4	24	25	39	28	22	31	17	23	32	3	30	21	15	26	33	23	12	12	7	14	27	27	11	6	16	29	22	17	24	3	15	20	18	20	9	28	21	32	27	16	19	5	5	30	18	27	24	28	25	3	4	20	13	34	11	26	24	27	15	26	1	22	1	25	24	16	21	26	26	23	15	26	27	16	26	14	6	12	24	7	26	24	30	14	22	21	23	12	28	27	15
119	17	15	30	9	16	12	16	3	11	18	13	3	7	21	1	4	20	29	2	27	12	20	12	35	22	1	8	3	17	21	20	1	5	6	28	6	7	21	8	1	9	14	11	17	1	18	30	15	19	10	4	3	22	11	25	22	6	16	3	8	9	1	33	3	10	24	27	15	2	7	18	7	5	24	10	6	22	25	21	5	23	25	15	18	2	6	12	24	1	9	13	26	10	5	13	5	6	6	14	15
119	18	17	30	9	16	12	19	3	11	18	24	36	24	25	30	16	20	30	24	30	18	24	15	37	26	2	12	22	34	28	24	26	7	23	28	24	13	28	11	20	17	15	19	26	2	21	31	25	23	12	5	5	26	25	27	24	6	23	12	26	9	7	35	12	12	25	27	19	27	8	25	18	22	24	17	25	26	27	25	5	26	30	16	20	14	6	18	29	16	26	17	29	18	11	33	15	8	9	27	17
120	17	11	22	5	14	12	13	7	4	20	3	1	5	17	1	5	20	4	3	13	16	22	13	30	22	3	3	1	16	23	20	26	2	7	26	2	5	1	2	3	17	13	16	7	29	19	14	22	16	11	3	2	23	13	26	19	3	11	1	22	2	2	31	3	11	24	15	19	1	3	25	4	5	24	8	6	25	26	19	10	22	25	12	18	6	1	18	5	16	9	15	9	17	5	13	11	8	6	9	15
120	17	18	33	22	21	23	16	13	10	23	4	31	8	23	27	16	23	29	20	27	17	24	24	32	27	3	12	4	16	25	23	29	6	14	28	28	11	28	13	24	20	15	17	28	30	19	30	25	19	19	21	11	23	23	31	25	5	22	4	23	25	7	37	11	27	25	27	19	15	8	26	17	9	25	10	21	26	29	21	23	23	25	15	24	15	4	19	29	16	23	22	29	18	31	15	20	8	7	10	15
121	2	10	4	7	1	12	11	20	17	3	3	14	17	2	14	3	5	1	28	27	17	20	1	19	5	21	7	5	30	1	22	13	13	3	14	3	19	23	6	20	15	10	25	11	2	28	14	8	25	14	25	1	31	1	12	22	1	33	4	6	8	7	4	19	8	9	21	1	7	12	27	18	17	9	6	16	1	30	14	2	2	3	17	22	6	9	1	1	5	19	6	1	6	27	13	5	23	2	4	6
121	4	20	4	22	2	19	19	31	23	16	16	16	28	26	24	4	9	4	29	28	17	24	15	20	24	28	22	9	30	1	22	29	18	9	16	14	20	23	13	22	15	11	25	13	2	28	32	22	27	14	26	11	32	5	30	25	1	34	26	10	19	10	34	20	9	25	21	11	7	14	27	18	29	17	11	26	4	30	15	4	4	8	18	28	14	14	2	12	9	27	7	31	14	31	28	29	24	2	17	7
122	1	11	34	6	7	3	11	21	15	12	12	16	22	4	10	3	9	10	30	28	10	20	3	17	2	21	8	2	5	24	17	27	13	4	16	7	19	1	1	22	2	3	12	6	16	2	16	4	6	2	25	1	31	1	12	22	1	15	2	1	4	6	34	15	8	5	20	11	4	10	28	1	21	16	10	16	6	28	27	13	5	20	12	25	9	12	5	10	1	3	6	6	6	25	16	5	2	2	2	4
122	4	19	35	9	14	12	19	21	20	12	14	22	25	7	12	7	9	10	31	28	15	22	7	23	6	30	14	3	27	24	22	29	18	9	25	14	21	23	13	24	7	10	12	13	31	7	32	8	7	20	27	3	32	5	30	25	4	33	26	6	4	6	38	19	9	8	27	25	7	12	28	4	29	17	10	26	21	28	27	14	5	21	22	25	14	19	14	13	11	15	6	31	8	26	22	27	23	28	17	6
123	7	18	3	9	4	12	12	21	14	7	15	15	1	1	3	2	1	3	29	29	13	5	4	18	8	19	12	4	22	30	17	27	13	4	17	7	20	8	10	23	9	11	11	7	29	8	17	8	6	11	28	7	33	3	9	18	4	3	6	17	17	6	34	18	8	5	20	11	7	11	27	1	25	17	4	16	4	28	21	7	4	12	7	25	14	12	6	10	6	2	6	1	11	24	14	4	1	2	1	2
123	7	19	5	17	7	14	27	31	15	12	17	16	5	2	3	9	1	10	32	32	17	22	7	38	31	26	19	5	25	31	22	27	16	4	25	9	22	23	13	24	15	11	25	11	29	28	17	17	27	19	29	16	34	5	32	22	27	34	25	19	21	10	34	20	9	5	27	27	32	14	29	2	29	28	12	17	6	31	22	15	8	16	13	29	25	23	21	12	14	14	7	10	23	26	16	28	5	28	2	8
124	7	20	5	19	4	8	27	16	23	12	11	14	25	2	10	7	1	4	29	28	13	10	6	27	3	19	12	9	25	2	22	5	13	2	15	5	20	3	6	16	9	11	11	7	7	7	17	6	7	11	27	3	31	5	12	22	4	35	2	1	19	4	34	17	6	9	27	11	4	14	27	2	29	17	6	16	4	30	15	2	5	16	13	25	14	20	5	10	15	15	6	10	2	24	14	4	5	9	2	14
124	7	20	5	19	4	8	28	16	24	12	14	16	28	4	14	9	9	10	33	33	18	24	7	30	21	21	18	9	30	32	25	8	21	25	18	11	22	25	6	23	19	11	11	10	29	29	32	17	27	19	27	13	32	7	25	29	7	35	23	21	21	10	39	20	9	11	27	26	35	19	27	18	29	17	12	26	4	31	21	7	8	16	22	30	14	23	7	13	15	15	18	10	11	37	23	29	5	28	17	15
125	1	17	8	7	10	8	11	20	16	3	12	15	5	1	3	8	1	10	29	28	10	12	1	23	5	27	14	2	22	1	17	1	16	4	13	4	20	2	13	21	7	8	11	4	28	7	32	8	2	19	25	1	32	1	28	18	8	34	9	3	4	6	2	18	4	8	16	1	4	12	27	13	17	2	6	1	21	19	11	4	5	11	7	17	24	6	22	10	2	3	6	16	8	9	13	6	21	2	1	4
125	5	18	8	17	12	12	28	31	24	26	17	23	8	4	10	9	1	10	31	29	14	22	3	32	21	30	16	4	24	31	33	29	22	9	17	27	21	23	20	24	21	12	12	11	31	8	32	8	27	20	29	16	34	3	32	25	27	35	14	17	17	6	38	19	8	9	27	11	7	13	30	16	22	14	11	26	27	31	14	7	34	11	7	30	25	12	23	15	5	26	7	17	11	27	28	30	22	10	28	14
126	5	11	4	6	3	3	27	31	15	7	11	20	22	2	10	3	1	10	30	30	14	11	13	19	5	23	7	5	27	1	17	8	16	2	16	11	22	22	10	22	9	11	14	7	2	30	16	6	7	9	23	11	35	6	33	22	4	34	2	7	19	7	37	15	5	5	15	25	32	12	27	3	17	14	11	16	4	30	14	4	5	13	11	22	14	7	7	10	6	16	6	1	6	11	13	5	23	2	2	6
126	7	20	34	16	7	5	28	31	20	14	12	21	28	4	13	7	6	10	33	33	17	24	15	23	7	28	12	5	30	33	17	27	16	4	25	14	23	23	13	24	19	11	16	13	7	31	32	8	27	14	30	14	36	6	33	29	20	34	4	10	19	8	39	19	5	5	26	26	38	13	30	18	21	14	12	26	21	32	21	7	11	16	13	25	27	23	7	12	15	28	7	31	11	31	28	26	24	6	19	14
127	2	7	4	19	4	2	12	18	17	3	11	18	25	4	13	3	4	10	30	28	15	15	3	17	5	29	7	1	28	24	17	27	13	3	14	7	19	25	1	24	9	11	11	4	1	7	14	8	11	13	25	9	31	5	12	22	1	34	3	6	4	6	37	18	9	2	15	5	7	11	27	5	29	16	12	16	4	30	18	3	8	13	11	19	7	7	7	12	1	2	3	16	11	5	23	27	10	6	3	2
127	4	17	34	22	14	19	28	31	22	12	12	18	28	4	13	7	7	26	33	33	15	25	6	39	6	31	16	5	30	32	22	29	16	3	17	11	20	28	13	24	15	11	22	7	29	28	17	17	27	19	31	14	32	6	28	22	4	35	23	19	17	11	39	19	9	5	20	25	7	12	31	17	30	17	12	17	4	31	21	7	11	21	12	22	27	22	14	13	2	28	6	17	14	37	28	30	21	27	17	6
128	4	17	24	6	4	2	16	18	14	3	12	18	22	3	8	3	4	26	33	28	16	10	7	21	4	19	7	1	20	20	17	6	16	2	22	7	20	3	9	16	2	7	12	12	4	4	14	7	6	2	26	9	32	3	12	22	7	3	5	7	4	4	33	17	6	8	15	11	3	13	27	18	29	17	6	16	4	30	15	2	5	11	15	30	1	12	13	11	2	3	7	1	2	11	18	29	23	2	17	5
128	7	18	34	17	14	14	27	18	17	7	15	18	28	4	13	7	6	26	33	33	17	15	21	38	31	29	14	4	25	33	21	29	22	25	25	25	22	28	13	24	5	10	16	14	16	7	16	8	24	4	28	11	35	6	29	23	27	34	12	10	4	6	38	18	8	24	15	11	10	14	27	18	29	17	12	26	4	31	19	7	5	21	16	30	7	22	24	13	5	3	7	17	14	27	28	29	24	4	19	7
129	7	18	1	17	4	5	27	18	15	7	12	16	8	2	3	3	1	4	31	33	14	11	13	17	4	23	12	2	25	4	17	13	13	2	16	7	21	1	1	22	5	11	11	4	4	7	30	7	24	4	28	7	33	2	9	23	7	5	5	13	17	8	37	19	5	2	15	5	7	12	27	3	21	14	6	16	4	30	15	2	5	11	7	25	1	10	7	10	5	2	6	10	3	31	13	5	24	2	2	4
129	7	19	24	17	7	8	28	21	16	12	14	23	22	4	10	8	9	10	33	33	18	22	24	39	4	28	12	5	30	33	22	27	18	4	25	7	22	27	1	24	15	12	11	14	30	28	32	17	25	5	31	9	35	5	31	25	22	33	25	19	19	11	37	19	9	5	26	26	38	12	30	18	21	17	12	26	4	30	21	7	8	16	13	25	14	23	21	12	14	15	6	31	6	31	22	11	24	2	5	6
130	2	10	4	7	1	12	11	20	17	3	12	16	8	2	3	3	1	4	29	28	15	10	3	17	6	19	7	1	25	20	17	27	13	2	16	7	20	1	1	22	9	10	11	7	31	8	16	4	6	13	27	12	31	1	15	14	7	33	2	13	19	3	34	20	8	11	15	11	4	12	27	18	17	3	6	16	4	30	15	2	8	10	11	30	13	13	5	12	6	15	6	17	3	25	13	5	23	2	2	5
130	5	17	8	22	12	19	19	31	24	26	16	23	28	4	24	8	9	10	33	33	18	14	5	27	32	32	12	22	28	32	17	29	18	4	25	7	21	28	10	24	21	11	12	11	31	31	32	6	27	20	27	13	37	6	25	29	27	33	25	21	21	4	38	20	9	24	21	26	5	19	27	18	29	17	11	26	4	32	15	4	11	16	22	31	14	20	6	13	15	29	7	31	11	27	18	30	24	4	19	6
131	1	11	34	9	7	1	19	21	15	12	17	15	5	1	3	9	1	10	29	29	13	14	13	18	5	26	18	5	23	9	25	6	8	2	15	4	20	1	1	16	15	11	14	7	1	8	17	6	6	14	26	11	32	1	12	22	7	15	4	1	19	7	4	19	5	9	15	5	7	12	27	13	22	2	6	1	4	19	8	2	4	3	7	17	5	6	2	12	2	3	6	1	3	31	22	11	22	2	4	4
131	4	19	35	19	14	12	27	21	18	14	17	16	5	1	3	9	1	10	29	29	16	22	13	22	6	29	19	9	29	30	32	29	16	25	22	21	22	7	6	23	16	11	14	7	7	28	21	8	27	14	28	12	32	5	12	29	27	34	12	10	19	8	37	19	9	9	26	11	38	16	27	18	29	17	6	26	27	30	14	7	34	12	18	22	9	14	23	15	9	19	7	31	14	31	28	29	23	2	19	7
132	4	17	8	7	7	7	11	19	22	12	12	14	28	2	13	2	7	10	33	33	14	11	13	17	1	23	7	5	27	1	17	13	18	3	16	7	20	1	1	24	2	4	11	7	16	2	14	4	6	2	26	7	32	5	12	22	1	10	2	6	4	3	34	19	9	7	16	11	3	10	27	1	17	9	10	16	4	28	23	4	5	11	10	25	3	12	14	10	1	2	6	1	2	26	13	4	10	2	2	7
132	9	17	34	22	12	12	16	21	24	15	14	18	28	3	14	9	7	26	33	33	18	24	24	19	5	28	12	5	30	31	22	27	19	4	25	27	21	23	9	24	9	8	12	13	31	8	16	4	24	10	32	11	36	5	15	22	7	34	4	10	21	11	34	21	9	25	26	26	35	16	28	18	29	16	11	16	21	30	27	14	34	21	12	30	7	24	21	13	6	3	7	7	14	27	28	29	23	6	17	14
133	1	11	25	10	5	5	11	21	14	7	11	13	8	2	3	3	1	10	30	28	14	11	1	29	4	27	7	4	23	1	17	1	1	22	26	2	17	2	10	21	19	11	11	13	7	28	32	3	2	9	25	1	31	6	12	22	2	5	4	6	17	3	3	20	8	9	27	5	1	12	30	13	25	2	1	1	6	19	10	4	4	3	18	22	6	14	2	12	6	19	6	7	2	11	14	4	3	2	2	7
133	4	22	34	19	10	8	28	31	18	14	11	14	22	2	14	3	7	10	33	28	18	22	14	35	21	29	16	16	30	9	19	5	23	25	28	2	21	7	16	25	20	11	16	13	7	31	32	8	7	14	28	11	38	26	27	27	20	34	26	6	19	7	34	21	8	14	28	11	7	15	32	17	30	29	6	19	22	31	22	14	10	3	18	28	12	16	4	12	9	19	6	10	5	24	22	6	3	6	4	14
134	4	19	4	7	7	5	11	20	23	7	12	18	7	3	13	3	6	26	33	30	18	22	11	20	7	29	7	2	23	1	17	6	1	3	16	7	19	9	9	21	15	10	11	4	7	28	30	6	7	5	28	11	38	26	12	27	20	3	4	6	4	4	33	17	6	9	15	11	7	12	20	8	21	15	8	10	1	31	18	1	4	3	13	22	6	14	2	10	9	15	6	10	6	24	13	4	5	2	2	6
134	7	20	4	16	8	12	28	31	24	16	17	22	28	4	13	9	9	26	34	33	18	25	24	39	8	29	18	5	30	3	32	27	13	26	22	21	22	23	13	24	17	11	11	13	30	28	32	17	25	14	28	11	38	26	12	27	20	5	4	6	19	10	34	20	8	24	27	11	10	14	27	17	23	28	12	16	21	32	20	9	34	16	14	25	14	23	7	12	14	19	6	31	11	31	14	5	24	9	4	15
135	4	17	24	17	3	2	16	18	13	7	12	15	7	4	3	7	1	4	32	29	17	15	3	20	5	26	12	2	29	1	25	6	1	4	15	4	20	1	1	21	9	1	13	10	3	7	14	7	2	1	25	1	31	2	29	18	23	3	6	17	8	4	33	18	5	5	21	25	3	12	27	18	17	9	11	16	4	30	14	4	8	12	15	19	7	20	5	13	5	3	6	10	11	11	20	6	3	6	1	14
135	7	18	34	22	4	8	16	21	18	12	19	23	8	4	4	8	1	10	33	33	18	25	14	39	20	29	20	9	30	3	32	29	18	26	22	21	22	9	9	24	18	11	17	22	30	28	30	18	28	4	29	16	34	7	31	25	27	35	9	17	19	11	37	19	6	7	26	26	38	13	28	18	18	14	11	16	6	30	15	7	8	16	22	30	14	22	24	13	15	15	20	10	13	23	23	29	5	27	2	14
136	7	17	3	7	7	12	8	20	15	12	11	16	7	2	3	3	5	4	31	30	14	11	13	17	1	19	12	2	27	3	17	27	16	2	14	7	23	22	11	22	17	8	12	4	7	8	32	3	2	9	22	9	31	1	30	23	2	34	4	5	19	6	4	18	4	5	16	1	9	12	27	13	17	2	6	1	1	19	8	4	4	3	10	22	3	14	2	12	6	2	6	7	2	25	14	4	10	6	17	7
136	7	19	25	9	12	12	12	21	24	26	17	22	22	6	13	3	9	26	34	33	18	25	14	39	8	29	12	5	30	31	25	29	18	2	15	9	24	23	13	24	20	10	25	10	31	31	33	8	27	20	29	14	32	1	33	29	20	35	23	10	19	8	37	19	5	9	26	11	38	13	30	18	25	17	11	16	22	30	23	4	34	11	18	30	6	22	21	13	9	19	10	16	11	27	28	29	24	9	18	14
137	3	10	4	22	1	4	8	31	17	3	11	14	28	2	3	2	1	10	30	28	17	10	7	20	8	23	12	5	23	3	21	13	21	21	12	27	1	2	14	20	9	10	14	7	2	7	21	3	7	14	25	9	32	1	12	25	4	15	4	1	3	3	33	18	8	8	15	5	7	12	28	3	21	14	8	16	4	32	2	2	4	8	15	17	1	1	5	9	1	26	6	10	13	11	16	6	3	6	1	4
137	5	11	35	22	7	6	19	32	18	12	11	18	28	3	13	7	6	26	33	32	18	25	14	27	9	29	12	9	25	34	33	13	23	27	27	27	17	3	15	21	20	10	26	10	9	8	33	8	27	14	31	12	32	5	34	25	7	34	23	3	19	10	34	20	9	9	21	11	10	12	30	8	30	28	12	19	6	33	21	7	34	20	17	23	14	7	24	10	5	29	6	16	13	26	20	27	3	28	2	7
138	5	11	7	18	4	4	8	21	14	12	11	18	22	2	8	2	1	10	29	30	14	20	3	19	2	29	14	2	23	1	17	1	16	19	13	9	20	2	13	20	2	3	11	13	9	2	16	4	6	2	25	1	35	1	33	22	4	34	4	6	17	2	33	15	6	2	15	5	4	12	27	2	17	2	6	1	1	19	8	4	4	8	7	28	14	9	1	1	6	2	6	7	2	24	13	4	10	2	2	2
138	7	18	35	22	7	11	27	31	17	12	12	22	22	3	13	7	6	28	33	33	15	24	14	23	6	30	18	5	27	24	33	27	22	20	14	27	21	25	19	23	5	13	12	13	16	4	16	6	6	2	30	11	39	6	35	22	4	34	23	7	21	11	37	19	9	11	27	11	7	13	30	13	25	3	12	16	22	30	15	7	4	12	11	29	25	12	21	10	6	29	19	31	3	31	14	11	24	2	4	14
139	1	16	4	9	1	6	16	16	15	3	12	16	7	4	13	4	3	3	7	32	17	10	3	20	3	23	12	9	25	1	19	6	21	22	10	1	23	2	9	16	7	5	12	6	28	7	32	4	4	5	25	3	32	3	12	22	4	3	2	1	4	6	34	18	9	9	14	11	9	11	27	18	17	14	11	16	4	30	14	4	5	12	16	19	7	20	5	10	5	2	6	1	11	11	22	5	22	6	2	6
139	3	19	34	22	7	12	19	21	18	14	17	20	28	4	14	7	9	10	30	33	17	12	7	27	21	26	20	9	29	34	25	29	24	25	18	6	25	3	14	21	9	10	13	10	31	8	33	28	27	20	27	11	38	27	12	27	20	15	4	6	21	11	34	21	9	25	16	25	35	16	27	18	18	14	12	16	6	30	15	4	5	19	17	25	15	24	21	12	12	14	7	31	15	25	28	26	24	6	19	14
140	7	18	5	17	4	8	27	16	14	7	16	16	8	1	14	8	5	4	29	28	14	5	6	32	20	19	12	4	25	1	17	13	17	4	12	4	1	3	13	20	2	3	12	10	16	4	16	6	4	2	25	1	31	6	13	22	1	5	25	6	12	4	3	9	8	11	27	5	1	12	20	2	9	9	11	1	4	19	11	3	5	14	7	25	14	12	3	10	5	2	7	1	11	23	23	29	5	2	1	7
140	7	20	5	19	4	14	28	31	23	12	17	16	22	27	24	8	7	26	31	28	17	22	7	38	31	27	16	4	29	31	21	27	21	21	14	27	24	25	14	20	15	5	13	13	28	8	30	18	6	5	28	1	38	7	30	25	7	33	26	18	19	6	38	20	8	24	30	11	5	22	27	11	29	14	12	16	27	31	21	7	5	20	23	25	25	19	21	10	12	14	18	10	14	27	28	29	23	27	17	14
141	5	2	8	4	20	1	13	28	13	16	4	32	17	11	17	3	5	11	8	16	13	10	1	20	8	33	22	2	36	35	11	4	6	3	7	14	26	6	1	7	11	11	2	3	16	14	10	12	2	5	2	20	4	4	16	16	21	13	5	13	3	13	3	10	7	27	8	6	26	21	12	6	3	26	12	2	5	9	25	3	21	5	21	2	12	11	13	8	6	1	11	3	6	16	20	23	1	7	12	8
141	6	23	8	11	21	18	15	33	14	27	4	40	17	26	18	7	5	11	8	16	17	10	21	39	26	34	23	4	36	36	17	12	13	7	21	22	26	17	14	26	13	11	5	3	17	16	15	12	2	8	6	21	9	6	18	22	26	27	10	15	9	13	37	13	25	28	21	28	29	21	12	6	3	26	12	2	5	9	25	3	37	11	24	5	28	15	23	16	13	30	11	6	9	38	34	25	8	28	27	15
142	13	10	4	5	20	12	12	23	12	4	4	27	17	13	17	3	5	5	8	14	17	5	1	29	5	9	22	2	36	37	20	6	13	19	22	3	27	18	13	2	13	4	3	4	15	5	10	1	12	17	2	20	2	6	16	3	23	13	5	12	9	13	1	10	7	27	15	6	26	21	8	12	11	22	13	22	3	10	24	1	16	5	6	1	13	7	2	4	3	31	2	3	3	20	16	23	1	7	12	3
142	19	16	8	8	25	15	19	26	24	12	25	32	27	26	17	3	9	11	8	16	17	14	6	39	5	35	22	2	37	37	32	6	13	22	22	3	27	18	13	2	13	10	14	11	33	23	23	22	17	21	3	22	9	6	18	4	23	19	6	17	9	15	37	13	25	28	23	7	29	21	14	13	11	26	13	25	14	19	24	13	38	7	21	5	14	8	4	16	9	32	11	12	24	38	20	25	2	10	14	8
143	3	10	5	1	22	5	16	24	8	7	1	27	29	13	16	7	9	11	7	15	9	10	1	29	5	4	22	2	21	16	32	5	17	1	22	6	26	4	15	27	13	11	5	8	15	16	15	12	2	5	5	20	2	4	21	22	20	11	5	14	4	13	3	10	1	27	16	6	27	3	5	7	7	18	4	20	2	19	20	1	25	5	3	3	13	7	23	4	5	32	8	10	22	10	17	11	4	2	15	7
143	12	16	25	3	24	15	19	34	12	16	25	33	29	14	17	9	9	11	8	16	17	24	13	39	10	34	28	20	36	38	32	5	17	1	22	6	26	4	15	27	15	11	27	11	17	26	15	22	12	22	33	23	5	12	23	30	23	12	24	29	20	15	35	13	12	29	19	27	29	23	12	9	8	23	13	27	14	24	28	14	39	7	21	5	13	11	23	8	9	33	15	18	26	38	30	17	21	28	27	20
144	12	10	4	3	16	12	16	23	12	3	4	30	26	9	16	7	1	5	7	14	8	10	21	35	6	3	1	4	10	39	22	5	12	1	21	1	26	6	13	7	12	2	23	3	22	4	35	1	18	15	2	22	2	8	16	28	23	11	1	12	3	15	8	14	24	1	15	6	12	20	8	6	3	22	11	2	5	9	24	1	15	5	20	4	14	7	23	8	6	1	11	3	3	16	20	11	2	10	9	5
144	13	10	4	8	24	15	16	34	24	7	8	33	27	14	17	8	9	11	8	16	13	24	21	35	26	33	23	15	36	40	32	7	14	9	22	6	28	16	15	27	12	2	23	8	22	4	35	2	18	15	34	23	9	12	23	30	26	11	6	30	25	20	14	14	24	27	29	29	15	24	12	6	20	26	12	24	14	10	25	3	21	13	21	5	27	11	23	8	14	30	11	12	24	16	20	23	3	28	15	8
145	13	10	8	5	20	1	16	23	12	4	1	25	27	12	16	4	5	9	7	14	3	6	1	19	6	10	6	1	7	38	17	6	12	3	29	3	1	15	10	6	9	8	2	3	14	14	15	11	2	8	18	24	6	7	16	3	25	11	3	16	3	13	3	13	25	27	21	28	29	21	5	7	2	23	4	27	2	24	20	1	21	5	21	4	15	11	23	7	6	6	4	11	9	20	16	23	2	7	11	5
145	19	16	25	21	25	15	16	23	13	26	8	33	29	14	17	9	21	11	8	15	14	11	7	35	8	36	24	12	36	38	32	7	16	9	29	27	10	19	13	7	11	11	28	3	16	26	25	12	10	21	33	25	8	13	22	3	27	20	10	16	4	13	3	13	25	27	21	28	29	21	14	9	8	23	10	27	18	24	20	12	25	10	25	5	27	11	25	8	11	30	11	12	13	38	20	23	10	28	13	8
146	6	7	4	3	16	6	13	23	12	7	4	32	27	12	16	7	8	2	4	14	8	10	3	19	8	3	1	1	10	41	6	1	12	2	18	14	26	16	1	7	8	5	23	6	22	4	35	2	20	15	5	20	6	4	21	3	20	12	2	14	9	13	33	10	2	28	19	6	26	3	12	6	3	20	6	2	2	8	20	1	16	5	6	5	13	7	2	4	5	30	8	4	22	20	14	17	21	7	27	7
146	12	10	25	4	24	15	28	27	16	26	6	40	27	12	16	7	25	11	6	14	12	24	21	35	26	33	20	15	36	41	25	7	14	3	18	27	27	29	1	7	8	5	23	6	22	4	35	2	20	15	9	26	7	22	22	22	27	20	25	15	9	13	37	13	7	30	23	6	29	21	12	7	3	26	12	21	5	9	25	3	21	7	20	5	28	11	23	9	6	32	8	18	26	38	17	18	21	8	27	14
147	6	7	8	2	16	1	13	28	14	3	1	27	29	13	17	8	5	11	7	14	4	10	12	18	6	3	9	4	4	35	11	12	6	4	10	7	25	12	1	4	13	1	3	7	15	5	12	1	12	3	5	20	5	4	18	22	20	12	2	13	9	15	27	8	1	29	17	6	28	1	3	9	3	18	6	21	1	8	19	6	12	5	21	5	12	8	2	7	6	1	2	3	9	12	26	15	1	7	10	3
147	19	16	24	4	20	6	14	35	16	26	1	33	29	14	17	9	8	11	7	16	14	15	21	20	21	37	23	20	11	42	11	26	12	7	21	22	26	18	14	19	15	11	25	8	15	14	23	2	16	18	6	20	8	8	21	22	21	26	10	14	21	21	35	14	3	31	20	9	29	8	14	19	8	24	13	25	14	20	28	9	21	10	25	17	13	8	25	8	11	30	2	18	24	38	28	25	10	10	14	12
148	12	10	8	8	21	9	16	23	15	1	1	27	27	13	16	8	5	11	6	14	14	5	1	20	5	9	20	1	2	37	11	7	5	6	10	6	10	10	10	7	11	4	25	7	8	5	20	1	15	17	4	22	2	6	19	3	26	11	6	15	9	13	33	14	2	30	23	6	26	3	2	11	3	23	5	24	4	7	20	6	16	5	9	1	13	8	2	8	3	31	2	6	6	16	16	20	1	10	15	8
148	13	16	8	8	21	14	28	34	24	3	4	30	29	14	17	9	9	11	7	14	17	16	21	39	6	38	21	2	36	41	22	12	12	9	22	27	26	16	27	18	13	10	29	11	12	14	23	7	17	22	9	26	7	22	22	7	27	20	25	20	9	15	33	14	7	30	23	7	26	9	15	19	4	25	11	25	6	23	20	21	21	5	21	4	14	11	4	16	6	32	11	6	9	39	34	25	2	28	27	15
149	12	10	8	8	21	14	16	34	15	1	1	24	27	14	16	9	7	11	7	14	2	24	4	20	6	12	1	15	10	13	20	6	5	3	15	6	25	10	13	4	11	11	27	11	5	16	12	7	12	22	2	15	2	9	16	5	22	13	5	15	9	1	7	4	3	13	16	10	12	1	2	14	2	20	12	20	8	19	19	2	16	5	21	1	5	8	2	7	3	1	5	4	9	12	28	15	1	8	9	1
149	12	10	8	8	21	14	16	35	15	4	1	27	29	14	19	19	8	11	7	14	23	27	24	39	22	28	28	19	12	14	32	29	12	3	27	27	28	19	14	28	16	11	27	11	15	26	15	22	12	22	14	15	7	10	16	15	22	24	9	15	9	12	38	16	25	28	19	29	26	9	14	20	7	20	12	20	8	19	19	2	37	11	26	18	14	14	22	16	11	31	10	18	9	12	28	15	1	10	10	12
150	15	10	4	5	21	9	8	23	12	1	1	33	29	12	16	4	5	9	7	9	4	6	1	22	6	3	15	4	11	38	22	4	12	9	21	1	10	16	13	1	13	10	5	4	15	14	15	7	12	22	4	24	2	1	16	3	25	11	6	16	3	15	7	13	12	27	15	27	12	20	5	9	4	23	10	27	4	23	20	12	16	10	26	3	5	9	22	8	11	6	1	6	6	14	22	11	1	27	15	5
150	21	23	8	5	25	15	19	24	15	7	8	38	29	14	18	9	21	11	29	15	14	15	12	35	6	39	24	20	36	43	22	7	13	9	22	27	10	19	13	7	16	11	27	11	33	26	20	22	12	22	33	24	6	7	19	3	25	11	10	20	3	15	8	14	12	27	16	27	27	23	14	21	8	24	11	27	18	24	20	21	38	11	27	18	6	14	23	16	14	25	11	12	24	16	34	25	9	28	27	15
151	12	10	4	3	24	15	16	23	12	7	1	30	29	14	17	3	8	11	7	14	14	5	1	20	5	9	20	2	36	37	22	7	12	3	21	1	10	16	1	7	9	11	5	3	14	16	10	11	4	5	1	21	4	8	17	16	23	12	1	15	9	15	3	10	3	10	17	10	2	1	14	13	2	22	9	24	3	8	24	12	39	5	8	2	12	9	14	2	6	1	8	10	22	10	17	5	6	9	14	7
151	12	10	4	3	24	15	16	27	12	7	6	33	29	14	17	8	9	11	7	14	17	6	3	39	6	39	24	4	37	38	25	7	12	9	26	27	26	16	13	7	13	13	28	3	17	26	25	12	10	18	7	27	4	9	20	30	25	13	5	30	9	21	35	10	28	32	17	29	26	4	14	14	20	25	13	27	18	19	25	14	40	11	28	4	28	15	23	8	15	30	15	18	22	38	29	17	7	28	27	21
152	3	7	8	3	16	6	16	26	13	13	1	30	29	8	22	3	19	3	7	11	12	6	5	20	6	36	23	1	2	37	7	7	12	4	18	3	10	13	1	6	10	11	2	8	2	16	15	3	9	5	1	20	9	4	18	22	21	27	1	7	3	4	34	14	1	31	17	6	26	1	8	6	8	20	6	21	2	8	20	1	25	4	9	1	13	3	4	4	2	1	1	10	3	10	18	5	2	3	10	15
152	12	9	8	4	24	14	20	29	23	15	26	36	29	11	22	4	21	9	9	16	13	6	21	20	6	36	24	1	36	41	22	26	14	9	21	14	27	18	11	7	13	13	27	13	15	26	20	11	27	22	1	20	9	4	21	22	22	28	1	14	9	13	35	14	1	33	17	29	29	8	12	13	11	22	13	25	14	10	24	1	38	11	26	2	15	14	26	4	24	30	15	12	22	20	30	23	6	7	13	21
153	7	10	4	3	16	1	15	27	12	7	2	32	23	9	15	3	9	1	4	9	13	6	3	35	6	33	22	4	36	35	17	4	12	2	25	1	1	15	13	1	11	8	2	4	9	14	15	7	2	2	3	22	9	4	18	9	21	28	5	13	2	15	8	14	10	1	15	28	27	1	5	11	3	18	5	22	18	9	24	7	16	4	19	5	15	11	1	4	9	6	8	10	22	10	17	11	4	2	15	7
153	12	23	25	4	24	15	16	33	13	27	8	38	29	12	17	7	21	5	8	12	14	10	21	35	26	39	24	4	37	38	22	5	16	20	27	27	10	19	13	1	14	11	5	6	33	16	20	16	12	22	4	22	14	9	20	22	21	28	6	14	3	21	8	15	24	4	18	28	29	7	8	12	4	20	6	24	19	23	25	14	40	13	20	18	28	13	25	8	11	34	15	18	26	38	30	17	21	28	27	20
154	3	16	1	1	20	5	8	25	9	12	1	29	13	8	18	2	21	2	5	9	11	6	1	35	6	3	2	1	7	38	22	4	12	20	25	27	10	15	10	1	11	11	5	4	33	14	20	7	12	22	7	20	4	1	18	5	21	13	6	17	2	13	8	13	1	4	18	6	15	1	8	13	8	22	8	22	14	7	25	1	16	7	21	2	6	5	4	4	5	6	8	10	8	3	25	5	2	3	14	7
154	22	24	25	3	22	12	19	34	23	16	6	29	29	12	21	9	24	11	6	14	14	11	7	39	6	36	24	15	36	38	25	7	16	22	29	27	26	19	13	6	13	11	5	4	33	14	20	7	12	22	19	25	5	12	18	18	23	20	10	31	9	15	33	14	24	34	19	28	29	3	14	14	11	25	13	27	18	10	27	7	37	12	26	18	27	15	14	7	23	31	15	12	27	16	35	24	9	27	27	20
155	7	16	25	4	16	1	15	23	13	3	1	25	26	14	16	3	9	9	8	16	12	5	1	20	5	37	21	1	4	37	9	4	12	2	25	1	10	12	13	1	11	11	2	8	9	15	21	12	2	1	7	25	9	4	18	7	22	11	1	32	2	15	8	13	12	10	18	27	27	9	2	4	7	23	4	24	2	7	20	3	41	11	28	6	6	14	13	16	10	25	11	6	3	16	20	16	1	7	12	8
155	12	23	25	8	21	9	28	33	24	27	1	33	27	14	17	4	21	9	32	16	17	6	3	39	26	38	22	2	36	38	22	13	15	20	25	5	26	19	14	28	14	13	2	8	16	16	21	13	25	5	33	28	9	9	23	31	26	12	24	32	3	15	8	14	12	27	21	28	27	23	8	11	11	26	13	27	2	19	24	13	41	14	28	20	15	16	22	16	13	33	11	12	6	20	34	25	11	28	27	15
156	19	16	24	2	20	1	14	23	13	12	6	27	27	8	5	7	9	6	4	10	13	5	1	35	5	34	22	2	36	35	22	7	13	19	18	3	26	15	1	6	8	5	5	3	22	4	20	2	12	17	8	23	2	1	18	18	23	11	9	17	25	13	3	8	24	10	17	28	12	3	3	9	2	20	1	23	6	7	19	3	25	5	21	3	13	11	23	8	6	32	9	6	24	16	18	8	1	27	15	5
156	19	16	25	21	20	3	16	35	16	26	8	38	29	11	16	9	19	11	6	13	17	10	21	39	10	36	23	5	37	37	25	7	17	22	29	27	28	19	13	7	13	10	23	4	33	14	35	7	20	22	21	26	5	4	20	30	23	19	24	33	25	13	3	8	24	10	19	29	12	9	14	14	2	25	12	24	7	20	29	3	25	5	21	3	13	11	23	8	6	32	11	12	24	20	20	25	1	28	27	15
157	19	16	1	3	20	1	8	25	13	12	4	30	17	14	17	3	5	11	7	14	17	5	6	29	5	34	22	2	36	37	22	7	12	9	21	1	10	15	1	7	11	10	5	6	14	14	10	7	12	18	4	22	7	9	20	3	21	24	6	13	2	1	34	4	3	28	8	6	26	4	5	7	7	22	6	25	5	10	20	1	25	10	25	2	12	11	14	2	11	1	11	11	3	14	20	8	1	7	12	5
157	22	25	25	21	20	12	16	35	23	26	4	32	29	26	17	8	8	11	8	16	17	14	6	39	5	34	22	2	37	37	22	7	12	9	25	3	17	16	1	7	11	10	29	7	15	14	20	7	12	21	9	26	9	22	22	22	27	28	25	15	3	13	39	13	11	33	22	29	28	9	8	13	11	23	11	27	14	20	28	7	39	11	28	4	15	15	25	7	15	6	11	12	9	14	22	23	2	28	15	12
158	13	16	4	5	20	9	4	23	15	4	1	25	27	8	17	3	9	5	8	11	12	10	7	20	10	39	21	5	37	35	25	6	12	3	27	3	28	13	1	4	13	11	5	4	2	11	15	5	12	5	8	15	4	12	16	3	22	12	2	15	2	12	3	8	12	10	15	28	13	3	5	7	7	23	6	25	5	20	20	7	15	5	20	4	13	8	2	4	9	6	2	6	3	20	16	23	2	10	9	5
158	22	24	5	8	21	12	12	26	24	12	25	27	27	8	22	4	21	9	8	16	14	10	7	35	10	39	24	5	37	35	32	7	13	9	27	27	28	19	13	4	16	13	29	8	15	26	21	7	25	21	11	21	8	12	19	16	25	19	4	20	25	21	8	13	25	35	17	28	29	21	14	9	8	25	10	27	18	24	20	12	15	13	25	4	15	8	25	8	11	31	11	12	5	39	29	25	2	23	15	12
159	12	10	4	3	24	15	16	23	12	4	1	4	17	14	17	3	5	9	4	9	12	10	5	19	10	7	17	1	36	39	22	1	12	9	22	1	17	16	1	7	9	1	3	3	15	21	23	2	13	17	2	20	9	4	16	4	22	13	3	12	2	2	3	10	12	10	16	25	11	4	3	11	11	18	13	20	2	10	24	9	25	4	6	1	6	2	5	2	6	30	8	3	9	14	20	11	3	5	15	5
159	13	10	8	5	25	15	16	23	12	7	4	32	17	26	23	7	20	11	8	16	14	14	21	32	11	35	23	3	36	41	25	7	25	9	25	27	25	30	10	7	10	13	25	10	33	22	27	7	17	22	3	22	9	8	20	28	26	30	6	17	20	21	3	14	28	26	17	29	14	9	8	11	24	26	13	24	17	19	28	13	37	14	28	24	13	16	22	16	10	35	9	12	21	38	23	21	5	28	15	14
160	12	10	4	2	16	1	18	23	9	1	1	29	27	8	16	2	9	2	6	14	14	5	3	32	6	11	24	1	4	14	5	1	12	4	18	3	26	18	1	4	8	2	22	6	22	2	27	22	20	16	5	22	2	6	18	4	23	19	5	17	20	13	33	8	2	30	20	6	26	3	2	9	3	18	8	20	4	19	19	6	16	11	26	2	6	7	14	4	14	6	11	10	3	3	20	11	2	3	12	8
160	15	16	24	8	21	14	28	28	15	12	4	30	29	14	21	8	24	11	7	14	24	24	4	39	10	39	28	19	11	37	11	26	14	9	22	14	27	18	1	4	10	5	22	6	22	4	35	22	22	17	8	29	9	8	23	30	26	23	10	29	21	21	35	14	3	31	23	10	28	8	3	19	4	20	11	25	17	23	28	14	37	13	29	4	12	15	23	8	24	6	15	12	27	20	35	23	2	7	14	20
