1666615174
1666615179
1666615184
1666615189
1666615194
1666615199
1666615204
1666615209
1666615214
1666615219
1666615224
1666615229
1666615234
1666615239
1666615244
1666615249
1666615254
1666615259
1666615264
1666615269
1666615274
1666615279
1666615284
1666615289
1666615294
1666615299
1666615304
1666615309
1666615314
1666615319
1666615324
1666615329
1666615335
1666615340
1666615345
1666615350
1666615355
1666615360
1666615365
1666615370
1666615375
1666615380
1666615385
1666615390
1666615395
1666615400
1666615405
1666615410
1666615415
1666615420
