

----------------------------------------------------
STRUCTURE by Pritchard, Stephens and Donnelly (2000)
     and Falush, Stephens and Pritchard (2003)
       Code by Pritchard, Falush and Hubisz
             Version 2.3.4 (Jul 2012)
----------------------------------------------------



Command line arguments:   /usr/local/bin/structure -i parentandhybrid2.str -m mainparams.txt -e extraparams.txt -K 4 -o parentandhybrid4Deme_3 
Input File:    parentandhybrid2.str

Run parameters:
   50 individuals
   100 loci
   4 populations assumed
   200000 Burn-in period
   200000 Reps


--------------------------------------------
Overall proportion of membership of the
sample in each of the 4 clusters

Inferred Clusters
  1      2      3      4    
0.200  0.300  0.300  0.200  

--------------------------------------------

Allele-freq. divergence among pops (Net nucleotide distance),
computed using point estimates of P.

      1       2       3       4      
 1      -    0.0967  0.0963  0.0882  
 2   0.0967     -    0.1076  0.0953  
 3   0.0963  0.1076     -    0.1001  
 4   0.0882  0.0953  0.1001     -    

Average distances (expected heterozygosity) between individuals in same cluster:
cluster  1  : 0.8665 
cluster  2  : 0.8472 
cluster  3  : 0.8505 
cluster  4  : 0.8625 

--------------------------------------------
Estimated Ln Prob of Data   = -23278.8
Mean value of ln likelihood = -21682.8
Variance of ln likelihood   = 3192.0
Mean value of alpha         = 0.0283

Mean value of Fst_1         = 0.1199
Mean value of Fst_2         = 0.1430
Mean value of Fst_3         = 0.1402
Mean value of Fst_4         = 0.1229


Inferred ancestry of individuals:
        Label (%Miss) :  Inferred clusters
  1        1    (0)   :  0.001 0.000 0.999 0.000 
  2        2    (0)   :  0.001 0.000 0.998 0.001 
  3        3    (0)   :  0.000 0.000 0.999 0.001 
  4        4    (0)   :  0.000 0.000 0.999 0.001 
  5        5    (0)   :  0.001 0.001 0.998 0.000 
  6        6    (0)   :  0.000 0.000 0.999 0.000 
  7        7    (0)   :  0.000 0.000 0.999 0.000 
  8        8    (0)   :  0.001 0.000 0.998 0.001 
  9        9    (0)   :  0.000 0.000 0.999 0.001 
 10       10    (0)   :  0.001 0.000 0.998 0.001 
 11       11    (0)   :  0.000 0.999 0.000 0.000 
 12       12    (0)   :  0.000 0.999 0.000 0.000 
 13       13    (0)   :  0.003 0.995 0.000 0.001 
 14       14    (0)   :  0.001 0.999 0.000 0.000 
 15       15    (0)   :  0.000 0.999 0.000 0.000 
 16       16    (0)   :  0.000 0.999 0.000 0.001 
 17       17    (0)   :  0.000 0.998 0.000 0.001 
 18       18    (0)   :  0.002 0.998 0.000 0.001 
 19       19    (0)   :  0.000 0.999 0.000 0.000 
 20       20    (0)   :  0.000 0.999 0.000 0.000 
 21      h01    (0)   :  0.000 0.472 0.527 0.000 
 22      h02    (0)   :  0.000 0.521 0.479 0.000 
 23      h03    (0)   :  0.000 0.507 0.493 0.000 
 24      h04    (0)   :  0.000 0.473 0.526 0.000 
 25      h05    (0)   :  0.000 0.500 0.499 0.000 
 26      h06    (0)   :  0.000 0.505 0.495 0.000 
 27      h07    (0)   :  0.000 0.507 0.492 0.000 
 28      h08    (0)   :  0.000 0.503 0.496 0.000 
 29      h09    (0)   :  0.000 0.491 0.508 0.000 
 30      h10    (0)   :  0.000 0.516 0.483 0.000 
 31       21    (0)   :  0.999 0.000 0.000 0.000 
 32       22    (0)   :  0.999 0.000 0.001 0.000 
 33       23    (0)   :  0.997 0.001 0.001 0.002 
 34       24    (0)   :  0.999 0.001 0.000 0.000 
 35       25    (0)   :  0.999 0.000 0.000 0.000 
 36       26    (0)   :  0.999 0.000 0.000 0.000 
 37       27    (0)   :  0.999 0.000 0.000 0.000 
 38       28    (0)   :  0.999 0.000 0.000 0.001 
 39       29    (0)   :  0.999 0.000 0.000 0.000 
 40       30    (0)   :  0.999 0.000 0.001 0.000 
 41       31    (0)   :  0.001 0.000 0.000 0.999 
 42       32    (0)   :  0.001 0.005 0.001 0.994 
 43       33    (0)   :  0.000 0.001 0.000 0.999 
 44       34    (0)   :  0.000 0.000 0.001 0.999 
 45       35    (0)   :  0.002 0.000 0.001 0.998 
 46       36    (0)   :  0.000 0.000 0.000 0.999 
 47       37    (0)   :  0.000 0.001 0.000 0.999 
 48       38    (0)   :  0.001 0.000 0.001 0.998 
 49       39    (0)   :  0.001 0.000 0.000 0.999 
 50       40    (0)   :  0.000 0.000 0.000 0.999 


Estimated Allele Frequencies in each cluster
First column gives estimated ancestral frequencies


Locus 1 : locus1 
20 alleles
0.0% missing data
   1   (0.035) 0.009 0.008 0.086 0.009 
   2   (0.058) 0.052 0.014 0.225 0.015 
   3   (0.065) 0.127 0.015 0.172 0.017 
   4   (0.049) 0.013 0.008 0.063 0.049 
   5   (0.032) 0.009 0.005 0.060 0.008 
   6   (0.033) 0.009 0.009 0.057 0.009 
   7   (0.037) 0.010 0.014 0.080 0.010 
   8   (0.038) 0.010 0.009 0.086 0.010 
   9   (0.052) 0.160 0.009 0.036 0.014 
  10   (0.057) 0.015 0.231 0.012 0.051 
  11   (0.076) 0.057 0.122 0.016 0.094 
  12   (0.074) 0.056 0.084 0.024 0.093 
  13   (0.081) 0.058 0.288 0.019 0.058 
  14   (0.032) 0.009 0.087 0.008 0.009 
  15   (0.095) 0.135 0.064 0.023 0.247 
  16   (0.034) 0.119 0.006 0.006 0.009 
  17   (0.036) 0.083 0.006 0.006 0.009 
  18   (0.051) 0.050 0.009 0.009 0.087 
  19   (0.034) 0.009 0.006 0.006 0.119 
  20   (0.033) 0.009 0.006 0.006 0.083 

Locus 2 : locus2 
23 alleles
0.0% missing data
   1   (0.075) 0.020 0.242 0.141 0.020 
   2   (0.042) 0.011 0.009 0.264 0.011 
   3   (0.057) 0.015 0.076 0.082 0.015 
   4   (0.072) 0.019 0.143 0.158 0.019 
   5   (0.062) 0.017 0.121 0.093 0.016 
   6   (0.055) 0.015 0.045 0.086 0.015 
   7   (0.030) 0.008 0.005 0.034 0.008 
   8   (0.035) 0.009 0.006 0.035 0.009 
   9   (0.043) 0.011 0.268 0.014 0.011 
  10   (0.057) 0.162 0.009 0.010 0.088 
  11   (0.033) 0.045 0.005 0.006 0.009 
  12   (0.033) 0.082 0.005 0.006 0.009 
  13   (0.038) 0.156 0.006 0.007 0.010 
  14   (0.034) 0.082 0.005 0.006 0.009 
  15   (0.033) 0.082 0.005 0.006 0.009 
  16   (0.035) 0.082 0.006 0.006 0.009 
  17   (0.033) 0.045 0.005 0.006 0.009 
  18   (0.058) 0.088 0.009 0.010 0.089 
  19   (0.036) 0.010 0.006 0.006 0.120 
  20   (0.039) 0.010 0.006 0.007 0.195 
  21   (0.038) 0.010 0.006 0.007 0.231 
  22   (0.032) 0.009 0.005 0.006 0.045 
  23   (0.030) 0.008 0.005 0.005 0.045 

Locus 3 : locus3 
23 alleles
0.0% missing data
   1   (0.045) 0.012 0.010 0.392 0.012 
   2   (0.075) 0.093 0.018 0.228 0.020 
   3   (0.062) 0.017 0.017 0.114 0.053 
   4   (0.055) 0.088 0.009 0.037 0.014 
   5   (0.049) 0.013 0.008 0.036 0.050 
   6   (0.065) 0.017 0.017 0.060 0.164 
   7   (0.037) 0.010 0.116 0.008 0.010 
   8   (0.044) 0.012 0.106 0.019 0.012 
   9   (0.043) 0.012 0.311 0.010 0.011 
  10   (0.039) 0.011 0.142 0.010 0.010 
  11   (0.042) 0.011 0.091 0.007 0.011 
  12   (0.034) 0.009 0.034 0.006 0.009 
  13   (0.041) 0.011 0.058 0.011 0.011 
  14   (0.033) 0.045 0.005 0.006 0.009 
  15   (0.048) 0.341 0.008 0.008 0.013 
  16   (0.040) 0.120 0.007 0.007 0.010 
  17   (0.035) 0.083 0.006 0.006 0.009 
  18   (0.031) 0.045 0.005 0.005 0.008 
  19   (0.036) 0.010 0.006 0.006 0.120 
  20   (0.034) 0.009 0.006 0.006 0.046 
  21   (0.044) 0.012 0.007 0.008 0.270 
  22   (0.037) 0.010 0.006 0.006 0.083 
  23   (0.032) 0.009 0.005 0.005 0.045 

Locus 4 : locus4 
22 alleles
0.0% missing data
   1   (0.075) 0.166 0.015 0.121 0.020 
   2   (0.050) 0.014 0.015 0.280 0.013 
   3   (0.058) 0.052 0.012 0.119 0.015 
   4   (0.041) 0.011 0.008 0.145 0.011 
   5   (0.036) 0.010 0.006 0.034 0.009 
   6   (0.077) 0.350 0.019 0.062 0.020 
   7   (0.070) 0.129 0.015 0.120 0.019 
   8   (0.044) 0.012 0.227 0.010 0.012 
   9   (0.046) 0.012 0.282 0.011 0.012 
  10   (0.043) 0.012 0.141 0.011 0.011 
  11   (0.065) 0.018 0.144 0.016 0.054 
  12   (0.038) 0.010 0.057 0.011 0.010 
  13   (0.037) 0.083 0.006 0.006 0.010 
  14   (0.032) 0.045 0.005 0.005 0.008 
  15   (0.032) 0.009 0.005 0.006 0.045 
  16   (0.039) 0.011 0.006 0.007 0.268 
  17   (0.034) 0.009 0.006 0.006 0.046 
  18   (0.039) 0.011 0.007 0.007 0.084 
  19   (0.037) 0.010 0.006 0.006 0.120 
  20   (0.036) 0.010 0.006 0.006 0.083 
  21   (0.032) 0.009 0.005 0.005 0.045 
  22   (0.039) 0.010 0.006 0.007 0.084 

Locus 5 : locus5 
11 alleles
0.0% missing data
   1   (0.107) 0.138 0.028 0.201 0.065 
   2   (0.082) 0.022 0.201 0.160 0.022 
   3   (0.187) 0.160 0.200 0.278 0.197 
   4   (0.142) 0.111 0.293 0.088 0.111 
   5   (0.089) 0.097 0.019 0.094 0.060 
   6   (0.063) 0.017 0.144 0.045 0.017 
   7   (0.086) 0.206 0.042 0.042 0.023 
   8   (0.041) 0.011 0.011 0.058 0.011 
   9   (0.068) 0.018 0.039 0.012 0.276 
  10   (0.068) 0.091 0.011 0.011 0.128 
  11   (0.067) 0.128 0.011 0.011 0.091 

Locus 6 : locus6 
23 alleles
0.0% missing data
   1   (0.066) 0.054 0.017 0.390 0.017 
   2   (0.068) 0.054 0.016 0.282 0.018 
   3   (0.055) 0.051 0.014 0.059 0.015 
   4   (0.036) 0.010 0.009 0.086 0.010 
   5   (0.029) 0.008 0.005 0.032 0.008 
   6   (0.036) 0.010 0.088 0.008 0.009 
   7   (0.044) 0.012 0.228 0.011 0.012 
   8   (0.035) 0.009 0.062 0.006 0.009 
   9   (0.047) 0.050 0.035 0.008 0.013 
  10   (0.045) 0.012 0.199 0.012 0.012 
  11   (0.058) 0.089 0.066 0.010 0.015 
  12   (0.032) 0.009 0.033 0.005 0.009 
  13   (0.071) 0.312 0.092 0.015 0.019 
  14   (0.067) 0.091 0.083 0.023 0.018 
  15   (0.035) 0.119 0.006 0.006 0.009 
  16   (0.032) 0.045 0.005 0.005 0.009 
  17   (0.038) 0.010 0.006 0.006 0.157 
  18   (0.040) 0.011 0.007 0.007 0.231 
  19   (0.040) 0.011 0.007 0.007 0.195 
  20   (0.033) 0.009 0.006 0.006 0.082 
  21   (0.028) 0.008 0.005 0.005 0.044 
  22   (0.030) 0.008 0.005 0.005 0.045 
  23   (0.034) 0.009 0.006 0.006 0.046 

Locus 7 : locus7 
22 alleles
0.0% missing data
   1   (0.045) 0.012 0.009 0.308 0.012 
   2   (0.049) 0.013 0.013 0.278 0.013 
   3   (0.040) 0.011 0.009 0.087 0.011 
   4   (0.043) 0.012 0.013 0.166 0.011 
   5   (0.041) 0.011 0.089 0.009 0.011 
   6   (0.037) 0.010 0.062 0.006 0.010 
   7   (0.041) 0.011 0.172 0.010 0.011 
   8   (0.042) 0.011 0.143 0.011 0.011 
   9   (0.043) 0.012 0.256 0.010 0.011 
  10   (0.036) 0.010 0.034 0.006 0.009 
  11   (0.060) 0.090 0.061 0.015 0.016 
  12   (0.058) 0.052 0.060 0.015 0.015 
  13   (0.067) 0.054 0.011 0.011 0.275 
  14   (0.038) 0.083 0.006 0.006 0.010 
  15   (0.072) 0.239 0.012 0.012 0.093 
  16   (0.060) 0.052 0.010 0.010 0.200 
  17   (0.039) 0.084 0.006 0.007 0.010 
  18   (0.038) 0.120 0.006 0.006 0.010 
  19   (0.035) 0.046 0.006 0.006 0.009 
  20   (0.033) 0.045 0.006 0.006 0.009 
  21   (0.045) 0.012 0.008 0.008 0.159 
  22   (0.039) 0.010 0.007 0.007 0.084 

Locus 8 : locus8 
18 alleles
0.0% missing data
   1   (0.045) 0.012 0.010 0.178 0.012 
   2   (0.065) 0.018 0.010 0.040 0.201 
   3   (0.120) 0.105 0.023 0.132 0.290 
   4   (0.085) 0.023 0.018 0.298 0.133 
   5   (0.070) 0.019 0.129 0.085 0.019 
   6   (0.065) 0.018 0.011 0.069 0.164 
   7   (0.062) 0.017 0.097 0.061 0.016 
   8   (0.059) 0.016 0.080 0.050 0.015 
   9   (0.050) 0.014 0.299 0.014 0.013 
  10   (0.035) 0.009 0.032 0.006 0.009 
  11   (0.045) 0.012 0.193 0.011 0.012 
  12   (0.040) 0.011 0.056 0.011 0.010 
  13   (0.041) 0.194 0.007 0.007 0.011 
  14   (0.060) 0.089 0.010 0.011 0.052 
  15   (0.044) 0.121 0.007 0.008 0.012 
  16   (0.045) 0.231 0.007 0.008 0.012 
  17   (0.033) 0.046 0.005 0.006 0.009 
  18   (0.036) 0.046 0.006 0.006 0.010 

Locus 9 : locus9 
18 alleles
0.0% missing data
   1   (0.069) 0.092 0.016 0.171 0.018 
   2   (0.110) 0.030 0.143 0.252 0.102 
   3   (0.060) 0.053 0.017 0.113 0.016 
   4   (0.042) 0.011 0.009 0.114 0.011 
   5   (0.064) 0.053 0.019 0.166 0.017 
   6   (0.055) 0.088 0.009 0.036 0.014 
   7   (0.059) 0.162 0.010 0.037 0.016 
   8   (0.046) 0.012 0.230 0.012 0.012 
   9   (0.070) 0.019 0.062 0.017 0.129 
  10   (0.070) 0.019 0.147 0.017 0.092 
  11   (0.069) 0.018 0.208 0.013 0.092 
  12   (0.080) 0.022 0.094 0.017 0.389 
  13   (0.041) 0.194 0.007 0.007 0.011 
  14   (0.036) 0.083 0.006 0.006 0.009 
  15   (0.033) 0.045 0.006 0.005 0.009 
  16   (0.034) 0.046 0.006 0.006 0.009 
  17   (0.031) 0.045 0.005 0.005 0.008 
  18   (0.032) 0.009 0.005 0.005 0.045 

Locus 10 : locus10 
17 alleles
0.0% missing data
   1   (0.049) 0.013 0.013 0.279 0.013 
   2   (0.060) 0.016 0.010 0.037 0.090 
   3   (0.084) 0.023 0.019 0.203 0.169 
   4   (0.085) 0.023 0.019 0.203 0.133 
   5   (0.072) 0.019 0.012 0.039 0.350 
   6   (0.041) 0.011 0.014 0.082 0.011 
   7   (0.058) 0.016 0.010 0.037 0.089 
   8   (0.081) 0.132 0.205 0.018 0.021 
   9   (0.068) 0.091 0.120 0.014 0.018 
  10   (0.046) 0.012 0.169 0.013 0.012 
  11   (0.034) 0.009 0.034 0.006 0.009 
  12   (0.087) 0.169 0.231 0.022 0.023 
  13   (0.063) 0.090 0.060 0.017 0.017 
  14   (0.054) 0.051 0.065 0.009 0.014 
  15   (0.044) 0.194 0.007 0.007 0.012 
  16   (0.041) 0.084 0.007 0.007 0.011 
  17   (0.036) 0.046 0.006 0.006 0.009 

Locus 11 : locus11 
21 alleles
0.0% missing data
   1   (0.049) 0.013 0.014 0.304 0.013 
   2   (0.040) 0.011 0.008 0.143 0.011 
   3   (0.038) 0.010 0.008 0.114 0.010 
   4   (0.030) 0.008 0.005 0.032 0.008 
   5   (0.041) 0.011 0.010 0.086 0.011 
   6   (0.041) 0.011 0.010 0.168 0.011 
   7   (0.075) 0.020 0.151 0.015 0.130 
   8   (0.122) 0.069 0.207 0.030 0.364 
   9   (0.045) 0.012 0.228 0.011 0.012 
  10   (0.067) 0.091 0.146 0.016 0.018 
  11   (0.067) 0.127 0.091 0.015 0.018 
  12   (0.055) 0.125 0.037 0.009 0.015 
  13   (0.052) 0.087 0.037 0.009 0.014 
  14   (0.040) 0.194 0.007 0.007 0.011 
  15   (0.033) 0.082 0.006 0.006 0.009 
  16   (0.030) 0.044 0.005 0.005 0.008 
  17   (0.031) 0.045 0.005 0.005 0.008 
  18   (0.038) 0.010 0.006 0.006 0.084 
  19   (0.034) 0.009 0.006 0.006 0.082 
  20   (0.038) 0.010 0.006 0.006 0.120 
  21   (0.033) 0.009 0.006 0.006 0.045 

Locus 12 : locus12 
15 alleles
0.0% missing data
   1   (0.042) 0.011 0.011 0.140 0.011 
   2   (0.124) 0.143 0.102 0.134 0.107 
   3   (0.041) 0.011 0.008 0.142 0.011 
   4   (0.033) 0.009 0.006 0.033 0.009 
   5   (0.077) 0.021 0.111 0.326 0.020 
   6   (0.133) 0.145 0.145 0.067 0.256 
   7   (0.102) 0.210 0.025 0.064 0.174 
   8   (0.053) 0.014 0.066 0.009 0.051 
   9   (0.035) 0.009 0.059 0.009 0.009 
  10   (0.032) 0.009 0.034 0.005 0.008 
  11   (0.066) 0.054 0.039 0.011 0.054 
  12   (0.102) 0.211 0.120 0.026 0.100 
  13   (0.097) 0.062 0.264 0.022 0.136 
  14   (0.034) 0.082 0.006 0.006 0.009 
  15   (0.030) 0.008 0.005 0.005 0.045 

Locus 13 : locus13 
18 alleles
0.0% missing data
   1   (0.064) 0.017 0.125 0.091 0.017 
   2   (0.103) 0.174 0.073 0.269 0.027 
   3   (0.067) 0.018 0.120 0.124 0.018 
   4   (0.040) 0.011 0.010 0.144 0.011 
   5   (0.056) 0.015 0.036 0.094 0.015 
   6   (0.087) 0.060 0.123 0.129 0.023 
   7   (0.032) 0.009 0.005 0.034 0.008 
   8   (0.060) 0.053 0.145 0.012 0.016 
   9   (0.063) 0.017 0.117 0.014 0.090 
  10   (0.049) 0.013 0.183 0.024 0.013 
  11   (0.059) 0.162 0.010 0.010 0.052 
  12   (0.035) 0.119 0.006 0.006 0.009 
  13   (0.055) 0.052 0.009 0.010 0.125 
  14   (0.077) 0.130 0.013 0.013 0.388 
  15   (0.057) 0.088 0.009 0.010 0.088 
  16   (0.033) 0.045 0.005 0.006 0.009 
  17   (0.030) 0.008 0.005 0.005 0.045 
  18   (0.033) 0.009 0.005 0.006 0.045 

Locus 14 : locus14 
16 alleles
0.0% missing data
   1   (0.088) 0.024 0.018 0.121 0.281 
   2   (0.072) 0.092 0.012 0.150 0.019 
   3   (0.078) 0.021 0.025 0.193 0.057 
   4   (0.088) 0.060 0.018 0.121 0.060 
   5   (0.081) 0.022 0.321 0.069 0.021 
   6   (0.079) 0.021 0.013 0.068 0.315 
   7   (0.053) 0.014 0.018 0.192 0.014 
   8   (0.074) 0.093 0.179 0.014 0.019 
   9   (0.047) 0.013 0.175 0.009 0.012 
  10   (0.060) 0.090 0.038 0.010 0.016 
  11   (0.072) 0.056 0.146 0.018 0.019 
  12   (0.046) 0.159 0.008 0.008 0.012 
  13   (0.036) 0.046 0.006 0.006 0.010 
  14   (0.047) 0.232 0.008 0.008 0.012 
  15   (0.036) 0.046 0.006 0.006 0.009 
  16   (0.044) 0.012 0.007 0.007 0.123 

Locus 15 : locus15 
22 alleles
0.0% missing data
   1   (0.041) 0.011 0.008 0.283 0.011 
   2   (0.038) 0.010 0.011 0.113 0.010 
   3   (0.076) 0.057 0.017 0.092 0.057 
   4   (0.066) 0.054 0.021 0.195 0.017 
   5   (0.038) 0.010 0.009 0.087 0.010 
   6   (0.034) 0.009 0.006 0.061 0.009 
   7   (0.035) 0.009 0.006 0.034 0.009 
   8   (0.043) 0.012 0.199 0.010 0.011 
   9   (0.063) 0.017 0.066 0.011 0.164 
  10   (0.076) 0.021 0.306 0.024 0.130 
  11   (0.037) 0.010 0.057 0.011 0.010 
  12   (0.063) 0.017 0.147 0.013 0.089 
  13   (0.064) 0.017 0.066 0.011 0.275 
  14   (0.035) 0.010 0.034 0.006 0.009 
  15   (0.038) 0.120 0.006 0.006 0.010 
  16   (0.044) 0.267 0.007 0.007 0.012 
  17   (0.038) 0.120 0.006 0.006 0.010 
  18   (0.033) 0.045 0.005 0.006 0.009 
  19   (0.036) 0.119 0.006 0.006 0.009 
  20   (0.034) 0.046 0.006 0.006 0.009 
  21   (0.032) 0.009 0.005 0.005 0.045 
  22   (0.035) 0.010 0.006 0.006 0.083 

Locus 16 : locus16 
21 alleles
0.0% missing data
   1   (0.094) 0.135 0.051 0.257 0.025 
   2   (0.036) 0.010 0.006 0.061 0.010 
   3   (0.044) 0.012 0.016 0.137 0.012 
   4   (0.099) 0.063 0.144 0.221 0.026 
   5   (0.042) 0.011 0.009 0.116 0.011 
   6   (0.066) 0.127 0.022 0.083 0.017 
   7   (0.042) 0.011 0.116 0.009 0.011 
   8   (0.036) 0.010 0.058 0.010 0.010 
   9   (0.037) 0.010 0.058 0.010 0.010 
  10   (0.046) 0.013 0.283 0.011 0.012 
  11   (0.037) 0.010 0.058 0.010 0.010 
  12   (0.036) 0.010 0.062 0.006 0.010 
  13   (0.036) 0.010 0.058 0.010 0.010 
  14   (0.041) 0.158 0.007 0.007 0.011 
  15   (0.076) 0.276 0.013 0.013 0.131 
  16   (0.034) 0.046 0.006 0.006 0.009 
  17   (0.047) 0.049 0.008 0.008 0.049 
  18   (0.035) 0.009 0.006 0.006 0.083 
  19   (0.040) 0.011 0.007 0.007 0.268 
  20   (0.036) 0.010 0.006 0.006 0.083 
  21   (0.038) 0.010 0.006 0.006 0.194 

Locus 17 : locus17 
22 alleles
0.0% missing data
   1   (0.038) 0.010 0.009 0.170 0.010 
   2   (0.033) 0.009 0.010 0.057 0.009 
   3   (0.036) 0.010 0.007 0.115 0.009 
   4   (0.068) 0.018 0.011 0.122 0.276 
   5   (0.059) 0.016 0.012 0.146 0.089 
   6   (0.069) 0.019 0.023 0.193 0.092 
   7   (0.062) 0.017 0.016 0.060 0.164 
   8   (0.034) 0.009 0.087 0.008 0.009 
   9   (0.055) 0.125 0.065 0.009 0.015 
  10   (0.061) 0.089 0.119 0.013 0.016 
  11   (0.036) 0.010 0.090 0.006 0.010 
  12   (0.040) 0.011 0.113 0.011 0.010 
  13   (0.060) 0.089 0.145 0.015 0.016 
  14   (0.067) 0.127 0.138 0.023 0.018 
  15   (0.032) 0.009 0.061 0.005 0.009 
  16   (0.049) 0.049 0.060 0.013 0.013 
  17   (0.036) 0.156 0.006 0.006 0.010 
  18   (0.035) 0.082 0.006 0.006 0.009 
  19   (0.033) 0.082 0.005 0.006 0.009 
  20   (0.030) 0.045 0.005 0.005 0.008 
  21   (0.033) 0.009 0.006 0.006 0.082 
  22   (0.034) 0.009 0.006 0.006 0.120 

Locus 18 : locus18 
16 alleles
0.0% missing data
   1   (0.098) 0.246 0.044 0.073 0.026 
   2   (0.118) 0.032 0.346 0.191 0.068 
   3   (0.087) 0.169 0.022 0.204 0.023 
   4   (0.096) 0.062 0.079 0.177 0.025 
   5   (0.085) 0.023 0.277 0.110 0.022 
   6   (0.089) 0.024 0.071 0.125 0.060 
   7   (0.063) 0.017 0.101 0.058 0.016 
   8   (0.042) 0.121 0.007 0.007 0.011 
   9   (0.039) 0.083 0.006 0.007 0.010 
  10   (0.044) 0.158 0.007 0.008 0.012 
  11   (0.044) 0.012 0.007 0.008 0.306 
  12   (0.042) 0.011 0.007 0.007 0.122 
  13   (0.040) 0.011 0.007 0.007 0.121 
  14   (0.037) 0.010 0.006 0.006 0.047 
  15   (0.040) 0.011 0.007 0.007 0.084 
  16   (0.036) 0.010 0.006 0.006 0.046 

Locus 19 : locus19 
14 alleles
0.0% missing data
   1   (0.048) 0.013 0.011 0.194 0.013 
   2   (0.045) 0.012 0.012 0.139 0.012 
   3   (0.048) 0.013 0.014 0.164 0.012 
   4   (0.066) 0.018 0.083 0.078 0.017 
   5   (0.124) 0.326 0.049 0.047 0.106 
   6   (0.157) 0.115 0.375 0.075 0.189 
   7   (0.039) 0.010 0.007 0.060 0.010 
   8   (0.048) 0.013 0.015 0.163 0.013 
   9   (0.045) 0.012 0.147 0.011 0.012 
  10   (0.144) 0.148 0.218 0.030 0.333 
  11   (0.084) 0.169 0.042 0.014 0.059 
  12   (0.052) 0.050 0.009 0.009 0.050 
  13   (0.066) 0.091 0.011 0.011 0.128 
  14   (0.035) 0.009 0.006 0.006 0.046 

Locus 20 : locus20 
20 alleles
0.0% missing data
   1   (0.051) 0.014 0.012 0.204 0.013 
   2   (0.056) 0.015 0.013 0.319 0.015 
   3   (0.072) 0.019 0.093 0.069 0.019 
   4   (0.052) 0.014 0.010 0.208 0.014 
   5   (0.075) 0.020 0.240 0.057 0.020 
   6   (0.051) 0.014 0.163 0.016 0.013 
   7   (0.046) 0.012 0.138 0.012 0.012 
   8   (0.054) 0.015 0.188 0.019 0.014 
   9   (0.043) 0.012 0.061 0.008 0.011 
  10   (0.049) 0.159 0.008 0.009 0.013 
  11   (0.052) 0.270 0.008 0.009 0.014 
  12   (0.041) 0.084 0.007 0.007 0.011 
  13   (0.050) 0.196 0.008 0.009 0.013 
  14   (0.038) 0.047 0.006 0.007 0.010 
  15   (0.035) 0.046 0.006 0.006 0.009 
  16   (0.051) 0.014 0.008 0.009 0.198 
  17   (0.047) 0.013 0.008 0.008 0.123 
  18   (0.045) 0.012 0.007 0.008 0.196 
  19   (0.054) 0.015 0.009 0.010 0.235 
  20   (0.038) 0.010 0.006 0.007 0.047 

Locus 21 : locus21 
20 alleles
0.0% missing data
   1   (0.067) 0.054 0.017 0.281 0.018 
   2   (0.048) 0.013 0.008 0.036 0.050 
   3   (0.039) 0.010 0.008 0.115 0.010 
   4   (0.085) 0.169 0.022 0.282 0.022 
   5   (0.053) 0.014 0.009 0.064 0.051 
   6   (0.069) 0.092 0.015 0.091 0.018 
   7   (0.069) 0.019 0.369 0.018 0.055 
   8   (0.036) 0.010 0.058 0.010 0.009 
   9   (0.069) 0.019 0.095 0.012 0.202 
  10   (0.038) 0.010 0.058 0.011 0.010 
  11   (0.037) 0.010 0.062 0.006 0.010 
  12   (0.075) 0.020 0.116 0.020 0.130 
  13   (0.032) 0.009 0.033 0.005 0.009 
  14   (0.040) 0.011 0.088 0.009 0.010 
  15   (0.042) 0.121 0.007 0.007 0.011 
  16   (0.038) 0.083 0.006 0.006 0.010 
  17   (0.038) 0.156 0.006 0.006 0.010 
  18   (0.041) 0.157 0.007 0.007 0.011 
  19   (0.047) 0.013 0.008 0.008 0.270 
  20   (0.037) 0.010 0.006 0.006 0.083 

Locus 22 : locus22 
21 alleles
0.0% missing data
   1   (0.044) 0.012 0.009 0.116 0.012 
   2   (0.045) 0.012 0.011 0.171 0.012 
   3   (0.042) 0.011 0.007 0.062 0.011 
   4   (0.049) 0.013 0.015 0.222 0.013 
   5   (0.046) 0.012 0.011 0.088 0.012 
   6   (0.040) 0.011 0.007 0.062 0.010 
   7   (0.053) 0.014 0.013 0.143 0.014 
   8   (0.051) 0.014 0.312 0.012 0.014 
   9   (0.075) 0.020 0.252 0.024 0.055 
  10   (0.044) 0.012 0.117 0.009 0.012 
  11   (0.055) 0.015 0.037 0.009 0.051 
  12   (0.042) 0.011 0.059 0.011 0.011 
  13   (0.082) 0.022 0.070 0.014 0.280 
  14   (0.037) 0.010 0.034 0.006 0.010 
  15   (0.048) 0.268 0.008 0.008 0.013 
  16   (0.043) 0.122 0.007 0.007 0.011 
  17   (0.042) 0.194 0.007 0.007 0.011 
  18   (0.044) 0.195 0.007 0.007 0.012 
  19   (0.041) 0.011 0.007 0.007 0.269 
  20   (0.042) 0.011 0.007 0.007 0.121 
  21   (0.036) 0.010 0.006 0.006 0.046 

Locus 23 : locus23 
19 alleles
0.0% missing data
   1   (0.045) 0.012 0.012 0.220 0.012 
   2   (0.043) 0.012 0.009 0.141 0.011 
   3   (0.039) 0.011 0.007 0.061 0.010 
   4   (0.036) 0.010 0.006 0.060 0.010 
   5   (0.049) 0.013 0.015 0.326 0.013 
   6   (0.036) 0.010 0.006 0.033 0.010 
   7   (0.044) 0.012 0.235 0.008 0.012 
   8   (0.070) 0.019 0.094 0.015 0.129 
   9   (0.113) 0.177 0.068 0.026 0.177 
  10   (0.067) 0.091 0.093 0.014 0.018 
  11   (0.065) 0.091 0.093 0.014 0.017 
  12   (0.063) 0.017 0.117 0.017 0.053 
  13   (0.047) 0.013 0.146 0.012 0.012 
  14   (0.076) 0.021 0.063 0.019 0.241 
  15   (0.045) 0.158 0.008 0.007 0.012 
  16   (0.048) 0.268 0.008 0.008 0.013 
  17   (0.037) 0.046 0.006 0.006 0.010 
  18   (0.044) 0.012 0.008 0.007 0.196 
  19   (0.034) 0.009 0.006 0.006 0.046 

Locus 24 : locus24 
22 alleles
0.0% missing data
   1   (0.053) 0.014 0.089 0.095 0.014 
   2   (0.081) 0.058 0.095 0.185 0.021 
   3   (0.054) 0.015 0.082 0.160 0.014 
   4   (0.055) 0.015 0.063 0.180 0.015 
   5   (0.063) 0.127 0.017 0.118 0.017 
   6   (0.048) 0.086 0.008 0.037 0.013 
   7   (0.079) 0.058 0.221 0.108 0.021 
   8   (0.054) 0.051 0.111 0.016 0.014 
   9   (0.057) 0.089 0.111 0.017 0.015 
  10   (0.054) 0.051 0.111 0.016 0.014 
  11   (0.029) 0.008 0.032 0.005 0.008 
  12   (0.033) 0.082 0.005 0.006 0.009 
  13   (0.033) 0.118 0.005 0.006 0.009 
  14   (0.054) 0.088 0.009 0.010 0.125 
  15   (0.032) 0.082 0.005 0.006 0.008 
  16   (0.035) 0.009 0.006 0.006 0.119 
  17   (0.036) 0.010 0.006 0.006 0.157 
  18   (0.031) 0.008 0.005 0.005 0.155 
  19   (0.035) 0.009 0.006 0.006 0.120 
  20   (0.027) 0.007 0.004 0.005 0.044 
  21   (0.026) 0.007 0.004 0.005 0.044 
  22   (0.030) 0.008 0.005 0.005 0.045 

Locus 25 : locus25 
21 alleles
0.0% missing data
   1   (0.064) 0.054 0.011 0.122 0.053 
   2   (0.088) 0.097 0.019 0.094 0.244 
   3   (0.052) 0.050 0.013 0.144 0.014 
   4   (0.075) 0.057 0.021 0.115 0.093 
   5   (0.083) 0.169 0.014 0.070 0.170 
   6   (0.059) 0.125 0.015 0.115 0.015 
   7   (0.027) 0.007 0.005 0.032 0.007 
   8   (0.044) 0.048 0.007 0.035 0.012 
   9   (0.052) 0.050 0.015 0.169 0.014 
  10   (0.067) 0.018 0.336 0.018 0.165 
  11   (0.032) 0.009 0.088 0.005 0.008 
  12   (0.029) 0.008 0.032 0.005 0.008 
  13   (0.035) 0.009 0.080 0.014 0.009 
  14   (0.029) 0.008 0.060 0.005 0.008 
  15   (0.066) 0.054 0.061 0.017 0.091 
  16   (0.034) 0.009 0.086 0.008 0.009 
  17   (0.028) 0.008 0.032 0.005 0.008 
  18   (0.034) 0.009 0.087 0.008 0.009 
  19   (0.033) 0.082 0.005 0.006 0.009 
  20   (0.044) 0.085 0.007 0.008 0.048 
  21   (0.028) 0.044 0.005 0.005 0.007 

Locus 26 : locus26 
23 alleles
0.0% missing data
   1   (0.051) 0.014 0.014 0.334 0.013 
   2   (0.043) 0.011 0.011 0.141 0.011 
   3   (0.040) 0.011 0.008 0.143 0.011 
   4   (0.031) 0.008 0.005 0.033 0.008 
   5   (0.041) 0.011 0.008 0.143 0.011 
   6   (0.037) 0.010 0.010 0.057 0.010 
   7   (0.046) 0.012 0.312 0.011 0.012 
   8   (0.065) 0.017 0.174 0.015 0.090 
   9   (0.030) 0.008 0.033 0.005 0.008 
  10   (0.054) 0.015 0.036 0.009 0.125 
  11   (0.043) 0.011 0.172 0.010 0.011 
  12   (0.089) 0.170 0.064 0.022 0.097 
  13   (0.067) 0.055 0.039 0.011 0.091 
  14   (0.036) 0.010 0.058 0.009 0.009 
  15   (0.042) 0.157 0.007 0.007 0.011 
  16   (0.032) 0.045 0.005 0.005 0.008 
  17   (0.041) 0.084 0.007 0.007 0.011 
  18   (0.039) 0.193 0.007 0.007 0.010 
  19   (0.034) 0.082 0.006 0.006 0.009 
  20   (0.031) 0.045 0.005 0.005 0.008 
  21   (0.041) 0.011 0.007 0.007 0.342 
  22   (0.034) 0.009 0.006 0.006 0.045 
  23   (0.034) 0.009 0.006 0.006 0.046 

Locus 27 : locus27 
21 alleles
0.0% missing data
   1   (0.054) 0.197 0.009 0.065 0.014 
   2   (0.029) 0.008 0.005 0.061 0.008 
   3   (0.029) 0.008 0.008 0.057 0.008 
   4   (0.045) 0.049 0.007 0.063 0.012 
   5   (0.033) 0.009 0.009 0.057 0.009 
   6   (0.044) 0.049 0.007 0.035 0.012 
   7   (0.057) 0.015 0.016 0.114 0.126 
   8   (0.055) 0.124 0.009 0.093 0.015 
   9   (0.039) 0.011 0.015 0.164 0.010 
  10   (0.033) 0.009 0.006 0.061 0.009 
  11   (0.098) 0.100 0.089 0.055 0.136 
  12   (0.055) 0.015 0.153 0.085 0.014 
  13   (0.087) 0.133 0.181 0.015 0.170 
  14   (0.059) 0.016 0.169 0.017 0.126 
  15   (0.033) 0.009 0.058 0.009 0.009 
  16   (0.034) 0.009 0.087 0.008 0.009 
  17   (0.077) 0.094 0.120 0.017 0.094 
  18   (0.029) 0.008 0.033 0.005 0.008 
  19   (0.030) 0.044 0.005 0.005 0.008 
  20   (0.048) 0.086 0.008 0.008 0.086 
  21   (0.033) 0.009 0.005 0.006 0.119 

Locus 28 : locus28 
18 alleles
0.0% missing data
   1   (0.104) 0.138 0.073 0.350 0.027 
   2   (0.076) 0.020 0.068 0.097 0.057 
   3   (0.051) 0.014 0.009 0.036 0.087 
   4   (0.064) 0.163 0.014 0.090 0.017 
   5   (0.078) 0.021 0.051 0.197 0.057 
   6   (0.037) 0.010 0.010 0.058 0.010 
   7   (0.086) 0.096 0.188 0.063 0.023 
   8   (0.064) 0.054 0.254 0.018 0.017 
   9   (0.029) 0.008 0.033 0.005 0.008 
  10   (0.071) 0.019 0.105 0.029 0.129 
  11   (0.036) 0.010 0.062 0.006 0.009 
  12   (0.053) 0.014 0.036 0.009 0.125 
  13   (0.050) 0.013 0.036 0.009 0.087 
  14   (0.047) 0.013 0.036 0.008 0.049 
  15   (0.034) 0.082 0.006 0.006 0.009 
  16   (0.041) 0.194 0.007 0.007 0.011 
  17   (0.038) 0.120 0.006 0.007 0.010 
  18   (0.041) 0.011 0.007 0.007 0.268 

Locus 29 : locus29 
22 alleles
0.0% missing data
   1   (0.050) 0.014 0.044 0.111 0.013 
   2   (0.085) 0.023 0.241 0.148 0.059 
   3   (0.059) 0.016 0.010 0.093 0.200 
   4   (0.097) 0.026 0.126 0.265 0.173 
   5   (0.081) 0.022 0.084 0.082 0.132 
   6   (0.034) 0.009 0.009 0.057 0.009 
   7   (0.061) 0.016 0.017 0.114 0.163 
   8   (0.041) 0.011 0.035 0.034 0.011 
   9   (0.053) 0.014 0.090 0.012 0.050 
  10   (0.030) 0.008 0.033 0.005 0.008 
  11   (0.032) 0.009 0.033 0.005 0.008 
  12   (0.055) 0.015 0.115 0.016 0.051 
  13   (0.029) 0.008 0.033 0.005 0.008 
  14   (0.029) 0.008 0.033 0.005 0.008 
  15   (0.032) 0.009 0.058 0.009 0.009 
  16   (0.033) 0.119 0.005 0.006 0.009 
  17   (0.035) 0.192 0.006 0.006 0.009 
  18   (0.036) 0.156 0.006 0.006 0.010 
  19   (0.036) 0.156 0.006 0.006 0.009 
  20   (0.033) 0.082 0.006 0.006 0.009 
  21   (0.033) 0.082 0.006 0.006 0.009 
  22   (0.027) 0.007 0.005 0.005 0.044 

Locus 30 : locus30 
22 alleles
0.0% missing data
   1   (0.044) 0.012 0.013 0.168 0.012 
   2   (0.086) 0.096 0.017 0.152 0.096 
   3   (0.039) 0.011 0.015 0.082 0.010 
   4   (0.065) 0.018 0.011 0.067 0.238 
   5   (0.031) 0.008 0.005 0.033 0.008 
   6   (0.055) 0.015 0.009 0.037 0.125 
   7   (0.075) 0.020 0.206 0.207 0.020 
   8   (0.037) 0.010 0.010 0.058 0.010 
   9   (0.053) 0.014 0.099 0.057 0.014 
  10   (0.054) 0.015 0.082 0.047 0.014 
  11   (0.040) 0.011 0.198 0.009 0.011 
  12   (0.041) 0.011 0.082 0.015 0.011 
  13   (0.031) 0.008 0.033 0.005 0.008 
  14   (0.037) 0.010 0.141 0.010 0.010 
  15   (0.029) 0.008 0.032 0.005 0.008 
  16   (0.038) 0.083 0.006 0.007 0.010 
  17   (0.033) 0.082 0.006 0.006 0.009 
  18   (0.040) 0.376 0.007 0.007 0.010 
  19   (0.054) 0.051 0.009 0.009 0.162 
  20   (0.056) 0.088 0.009 0.010 0.125 
  21   (0.031) 0.045 0.005 0.005 0.008 
  22   (0.032) 0.008 0.005 0.005 0.082 

Locus 31 : locus31 
14 alleles
0.0% missing data
   1   (0.083) 0.132 0.022 0.303 0.022 
   2   (0.075) 0.130 0.018 0.169 0.020 
   3   (0.048) 0.013 0.014 0.245 0.013 
   4   (0.098) 0.173 0.088 0.084 0.026 
   5   (0.056) 0.052 0.010 0.063 0.015 
   6   (0.086) 0.206 0.181 0.019 0.023 
   7   (0.085) 0.060 0.072 0.014 0.170 
   8   (0.064) 0.017 0.068 0.011 0.127 
   9   (0.096) 0.062 0.121 0.024 0.173 
  10   (0.075) 0.020 0.150 0.018 0.130 
  11   (0.111) 0.103 0.179 0.029 0.140 
  12   (0.055) 0.015 0.038 0.009 0.088 
  13   (0.034) 0.009 0.034 0.006 0.009 
  14   (0.033) 0.009 0.006 0.006 0.046 

Locus 32 : locus32 
21 alleles
0.0% missing data
   1   (0.071) 0.019 0.201 0.156 0.019 
   2   (0.045) 0.012 0.018 0.159 0.012 
   3   (0.072) 0.019 0.204 0.155 0.019 
   4   (0.042) 0.011 0.010 0.167 0.011 
   5   (0.056) 0.015 0.058 0.098 0.015 
   6   (0.032) 0.009 0.005 0.032 0.008 
   7   (0.035) 0.009 0.006 0.033 0.009 
   8   (0.036) 0.010 0.011 0.056 0.010 
   9   (0.057) 0.015 0.115 0.044 0.015 
  10   (0.044) 0.012 0.202 0.012 0.012 
  11   (0.039) 0.010 0.060 0.010 0.010 
  12   (0.034) 0.009 0.034 0.006 0.009 
  13   (0.066) 0.237 0.011 0.011 0.091 
  14   (0.039) 0.120 0.007 0.006 0.010 
  15   (0.068) 0.201 0.012 0.011 0.129 
  16   (0.035) 0.082 0.006 0.006 0.009 
  17   (0.072) 0.129 0.012 0.012 0.240 
  18   (0.053) 0.051 0.009 0.009 0.088 
  19   (0.041) 0.011 0.007 0.007 0.195 
  20   (0.033) 0.009 0.006 0.006 0.046 
  21   (0.031) 0.008 0.005 0.005 0.045 

Locus 33 : locus33 
22 alleles
0.0% missing data
   1   (0.048) 0.013 0.013 0.330 0.013 
   2   (0.045) 0.012 0.010 0.196 0.012 
   3   (0.037) 0.010 0.009 0.085 0.010 
   4   (0.039) 0.011 0.009 0.086 0.010 
   5   (0.039) 0.010 0.007 0.061 0.010 
   6   (0.038) 0.010 0.009 0.086 0.010 
   7   (0.060) 0.090 0.061 0.015 0.016 
   8   (0.036) 0.010 0.118 0.008 0.009 
   9   (0.063) 0.054 0.172 0.018 0.017 
  10   (0.070) 0.019 0.151 0.014 0.129 
  11   (0.037) 0.010 0.146 0.007 0.010 
  12   (0.085) 0.023 0.148 0.021 0.317 
  13   (0.071) 0.019 0.062 0.018 0.240 
  14   (0.053) 0.014 0.037 0.009 0.088 
  15   (0.041) 0.230 0.007 0.007 0.011 
  16   (0.036) 0.119 0.006 0.006 0.009 
  17   (0.033) 0.082 0.006 0.006 0.009 
  18   (0.036) 0.046 0.006 0.006 0.009 
  19   (0.038) 0.120 0.007 0.006 0.010 
  20   (0.030) 0.044 0.005 0.005 0.008 
  21   (0.032) 0.045 0.006 0.005 0.008 
  22   (0.035) 0.009 0.006 0.006 0.046 

Locus 34 : locus34 
20 alleles
0.0% missing data
   1   (0.068) 0.018 0.046 0.145 0.055 
   2   (0.082) 0.058 0.023 0.172 0.132 
   3   (0.082) 0.022 0.124 0.125 0.132 
   4   (0.090) 0.097 0.253 0.137 0.024 
   5   (0.048) 0.049 0.008 0.092 0.013 
   6   (0.090) 0.024 0.109 0.198 0.134 
   7   (0.045) 0.086 0.008 0.036 0.012 
   8   (0.061) 0.126 0.200 0.014 0.016 
   9   (0.056) 0.015 0.117 0.012 0.088 
  10   (0.051) 0.087 0.058 0.014 0.013 
  11   (0.029) 0.081 0.005 0.005 0.008 
  12   (0.029) 0.044 0.005 0.005 0.008 
  13   (0.047) 0.049 0.008 0.008 0.087 
  14   (0.031) 0.081 0.005 0.005 0.008 
  15   (0.044) 0.048 0.007 0.008 0.049 
  16   (0.029) 0.044 0.005 0.005 0.008 
  17   (0.029) 0.044 0.005 0.005 0.008 
  18   (0.030) 0.008 0.005 0.005 0.118 
  19   (0.030) 0.008 0.005 0.005 0.045 
  20   (0.028) 0.008 0.005 0.005 0.044 

Locus 35 : locus35 
20 alleles
0.0% missing data
   1   (0.065) 0.018 0.169 0.132 0.017 
   2   (0.088) 0.024 0.127 0.261 0.060 
   3   (0.083) 0.096 0.067 0.154 0.022 
   4   (0.088) 0.024 0.134 0.090 0.134 
   5   (0.056) 0.272 0.010 0.036 0.015 
   6   (0.086) 0.059 0.144 0.135 0.023 
   7   (0.058) 0.016 0.108 0.105 0.015 
   8   (0.067) 0.018 0.092 0.015 0.202 
   9   (0.035) 0.010 0.059 0.009 0.009 
  10   (0.058) 0.235 0.038 0.010 0.015 
  11   (0.035) 0.155 0.006 0.006 0.009 
  12   (0.033) 0.009 0.006 0.006 0.119 
  13   (0.031) 0.008 0.005 0.005 0.045 
  14   (0.030) 0.008 0.005 0.005 0.045 
  15   (0.031) 0.008 0.005 0.005 0.045 
  16   (0.033) 0.009 0.006 0.006 0.045 
  17   (0.030) 0.008 0.005 0.005 0.045 
  18   (0.030) 0.008 0.005 0.005 0.045 
  19   (0.031) 0.008 0.005 0.005 0.045 
  20   (0.029) 0.008 0.005 0.005 0.044 

Locus 36 : locus36 
18 alleles
0.0% missing data
   1   (0.102) 0.101 0.081 0.150 0.064 
   2   (0.036) 0.010 0.008 0.089 0.010 
   3   (0.131) 0.182 0.100 0.224 0.108 
   4   (0.106) 0.175 0.045 0.103 0.102 
   5   (0.057) 0.015 0.055 0.188 0.015 
   6   (0.035) 0.009 0.009 0.059 0.009 
   7   (0.067) 0.164 0.021 0.085 0.018 
   8   (0.084) 0.059 0.331 0.023 0.059 
   9   (0.038) 0.010 0.110 0.011 0.010 
  10   (0.066) 0.018 0.140 0.018 0.165 
  11   (0.030) 0.008 0.032 0.005 0.008 
  12   (0.029) 0.008 0.032 0.005 0.008 
  13   (0.036) 0.156 0.006 0.006 0.009 
  14   (0.046) 0.049 0.008 0.008 0.049 
  15   (0.037) 0.010 0.006 0.006 0.157 
  16   (0.036) 0.010 0.006 0.006 0.120 
  17   (0.030) 0.008 0.005 0.005 0.045 
  18   (0.033) 0.009 0.005 0.006 0.045 

Locus 37 : locus37 
18 alleles
0.0% missing data
   1   (0.068) 0.091 0.014 0.147 0.018 
   2   (0.084) 0.023 0.051 0.253 0.059 
   3   (0.074) 0.020 0.136 0.191 0.020 
   4   (0.090) 0.024 0.160 0.066 0.097 
   5   (0.073) 0.202 0.016 0.119 0.019 
   6   (0.089) 0.024 0.057 0.056 0.319 
   7   (0.043) 0.012 0.016 0.081 0.012 
   8   (0.046) 0.012 0.229 0.011 0.012 
   9   (0.036) 0.010 0.062 0.006 0.009 
  10   (0.037) 0.010 0.090 0.006 0.010 
  11   (0.065) 0.018 0.120 0.014 0.091 
  12   (0.042) 0.157 0.007 0.007 0.011 
  13   (0.036) 0.119 0.006 0.006 0.009 
  14   (0.058) 0.126 0.010 0.010 0.052 
  15   (0.049) 0.050 0.008 0.008 0.049 
  16   (0.033) 0.045 0.006 0.006 0.009 
  17   (0.033) 0.045 0.006 0.006 0.009 
  18   (0.043) 0.012 0.007 0.007 0.195 

Locus 38 : locus38 
18 alleles
0.0% missing data
   1   (0.105) 0.321 0.092 0.167 0.028 
   2   (0.038) 0.010 0.008 0.117 0.010 
   3   (0.085) 0.023 0.173 0.131 0.059 
   4   (0.048) 0.049 0.008 0.036 0.013 
   5   (0.111) 0.176 0.175 0.082 0.066 
   6   (0.034) 0.009 0.006 0.090 0.009 
   7   (0.059) 0.016 0.016 0.172 0.052 
   8   (0.031) 0.008 0.005 0.034 0.008 
   9   (0.069) 0.019 0.113 0.048 0.055 
  10   (0.066) 0.054 0.052 0.053 0.017 
  11   (0.058) 0.016 0.120 0.010 0.089 
  12   (0.092) 0.171 0.198 0.025 0.061 
  13   (0.035) 0.082 0.006 0.006 0.009 
  14   (0.038) 0.010 0.006 0.007 0.157 
  15   (0.038) 0.010 0.006 0.007 0.231 
  16   (0.030) 0.008 0.005 0.005 0.045 
  17   (0.031) 0.008 0.005 0.005 0.045 
  18   (0.032) 0.009 0.005 0.005 0.045 

Locus 39 : locus39 
25 alleles
0.0% missing data
   1   (0.069) 0.055 0.014 0.121 0.129 
   2   (0.046) 0.049 0.009 0.146 0.012 
   3   (0.029) 0.008 0.008 0.058 0.008 
   4   (0.070) 0.165 0.012 0.068 0.055 
   5   (0.053) 0.014 0.015 0.115 0.088 
   6   (0.033) 0.009 0.007 0.116 0.009 
   7   (0.058) 0.016 0.013 0.090 0.236 
   8   (0.045) 0.012 0.012 0.059 0.048 
   9   (0.059) 0.052 0.015 0.061 0.052 
  10   (0.050) 0.197 0.013 0.059 0.013 
  11   (0.031) 0.008 0.116 0.005 0.008 
  12   (0.030) 0.008 0.086 0.007 0.008 
  13   (0.032) 0.009 0.114 0.007 0.008 
  14   (0.033) 0.009 0.105 0.016 0.009 
  15   (0.029) 0.008 0.140 0.007 0.008 
  16   (0.034) 0.009 0.111 0.011 0.009 
  17   (0.027) 0.007 0.032 0.005 0.007 
  18   (0.027) 0.007 0.032 0.005 0.007 
  19   (0.029) 0.008 0.032 0.005 0.008 
  20   (0.030) 0.008 0.033 0.005 0.008 
  21   (0.034) 0.009 0.057 0.010 0.009 
  22   (0.032) 0.118 0.005 0.005 0.008 
  23   (0.033) 0.119 0.005 0.006 0.009 
  24   (0.044) 0.048 0.007 0.007 0.159 
  25   (0.044) 0.048 0.007 0.008 0.085 

Locus 40 : locus40 
16 alleles
0.0% missing data
   1   (0.064) 0.054 0.015 0.174 0.017 
   2   (0.072) 0.019 0.018 0.230 0.092 
   3   (0.079) 0.094 0.013 0.069 0.057 
   4   (0.095) 0.318 0.028 0.197 0.025 
   5   (0.087) 0.097 0.018 0.123 0.060 
   6   (0.098) 0.100 0.016 0.100 0.173 
   7   (0.082) 0.022 0.233 0.016 0.169 
   8   (0.090) 0.024 0.389 0.027 0.134 
   9   (0.044) 0.012 0.112 0.013 0.012 
  10   (0.037) 0.010 0.061 0.006 0.010 
  11   (0.056) 0.015 0.065 0.010 0.052 
  12   (0.061) 0.163 0.010 0.010 0.053 
  13   (0.035) 0.046 0.006 0.006 0.009 
  14   (0.033) 0.009 0.006 0.006 0.046 
  15   (0.033) 0.009 0.005 0.006 0.046 
  16   (0.033) 0.009 0.005 0.006 0.045 

Locus 41 : locus41 
19 alleles
0.0% missing data
   1   (0.044) 0.012 0.010 0.253 0.011 
   2   (0.046) 0.012 0.009 0.228 0.012 
   3   (0.058) 0.016 0.010 0.037 0.126 
   4   (0.040) 0.011 0.009 0.087 0.010 
   5   (0.047) 0.013 0.025 0.128 0.012 
   6   (0.041) 0.011 0.009 0.116 0.011 
   7   (0.064) 0.054 0.139 0.022 0.017 
   8   (0.062) 0.053 0.148 0.012 0.016 
   9   (0.073) 0.129 0.201 0.019 0.019 
  10   (0.064) 0.017 0.037 0.011 0.275 
  11   (0.059) 0.052 0.176 0.012 0.016 
  12   (0.074) 0.057 0.092 0.017 0.057 
  13   (0.039) 0.011 0.087 0.009 0.010 
  14   (0.063) 0.200 0.010 0.011 0.053 
  15   (0.036) 0.119 0.006 0.006 0.009 
  16   (0.058) 0.089 0.010 0.010 0.089 
  17   (0.067) 0.128 0.011 0.011 0.165 
  18   (0.034) 0.009 0.006 0.006 0.046 
  19   (0.032) 0.009 0.005 0.005 0.045 

Locus 42 : locus42 
17 alleles
0.0% missing data
   1   (0.084) 0.023 0.070 0.475 0.022 
   2   (0.079) 0.021 0.236 0.098 0.021 
   3   (0.078) 0.021 0.017 0.118 0.168 
   4   (0.075) 0.020 0.015 0.173 0.130 
   5   (0.044) 0.012 0.091 0.010 0.012 
   6   (0.079) 0.021 0.064 0.019 0.279 
   7   (0.072) 0.093 0.152 0.015 0.019 
   8   (0.074) 0.020 0.098 0.012 0.167 
   9   (0.071) 0.055 0.148 0.017 0.019 
  10   (0.070) 0.128 0.063 0.017 0.018 
  11   (0.046) 0.232 0.008 0.008 0.012 
  12   (0.038) 0.083 0.006 0.006 0.010 
  13   (0.040) 0.084 0.007 0.007 0.010 
  14   (0.036) 0.046 0.006 0.006 0.010 
  15   (0.040) 0.120 0.007 0.007 0.011 
  16   (0.036) 0.010 0.006 0.006 0.046 
  17   (0.039) 0.010 0.007 0.006 0.047 

Locus 43 : locus43 
21 alleles
0.0% missing data
   1   (0.048) 0.013 0.008 0.035 0.050 
   2   (0.039) 0.010 0.008 0.115 0.010 
   3   (0.041) 0.011 0.014 0.246 0.011 
   4   (0.064) 0.017 0.013 0.146 0.090 
   5   (0.057) 0.015 0.013 0.089 0.052 
   6   (0.047) 0.013 0.010 0.225 0.012 
   7   (0.030) 0.008 0.033 0.005 0.008 
   8   (0.076) 0.020 0.177 0.017 0.167 
   9   (0.064) 0.090 0.115 0.018 0.017 
  10   (0.046) 0.013 0.286 0.009 0.012 
  11   (0.068) 0.018 0.171 0.020 0.055 
  12   (0.069) 0.019 0.092 0.015 0.165 
  13   (0.046) 0.268 0.008 0.008 0.012 
  14   (0.036) 0.119 0.006 0.006 0.009 
  15   (0.040) 0.120 0.007 0.007 0.011 
  16   (0.040) 0.120 0.007 0.007 0.011 
  17   (0.050) 0.050 0.008 0.009 0.050 
  18   (0.030) 0.045 0.005 0.005 0.008 
  19   (0.041) 0.011 0.007 0.007 0.158 
  20   (0.034) 0.009 0.006 0.006 0.046 
  21   (0.032) 0.009 0.005 0.005 0.045 

Locus 44 : locus44 
23 alleles
0.0% missing data
   1   (0.037) 0.010 0.010 0.197 0.010 
   2   (0.059) 0.162 0.013 0.090 0.016 
   3   (0.053) 0.014 0.011 0.118 0.050 
   4   (0.034) 0.009 0.008 0.087 0.009 
   5   (0.054) 0.015 0.009 0.037 0.125 
   6   (0.071) 0.055 0.016 0.174 0.056 
   7   (0.059) 0.052 0.010 0.038 0.052 
   8   (0.031) 0.008 0.012 0.081 0.008 
   9   (0.060) 0.053 0.010 0.038 0.052 
  10   (0.027) 0.007 0.005 0.032 0.007 
  11   (0.037) 0.010 0.171 0.007 0.010 
  12   (0.092) 0.172 0.094 0.020 0.135 
  13   (0.029) 0.008 0.033 0.005 0.008 
  14   (0.029) 0.008 0.032 0.005 0.008 
  15   (0.039) 0.010 0.225 0.010 0.010 
  16   (0.032) 0.008 0.057 0.009 0.008 
  17   (0.035) 0.010 0.142 0.009 0.009 
  18   (0.034) 0.009 0.111 0.011 0.009 
  19   (0.035) 0.156 0.006 0.006 0.009 
  20   (0.030) 0.117 0.005 0.005 0.008 
  21   (0.060) 0.089 0.010 0.010 0.237 
  22   (0.034) 0.009 0.006 0.006 0.120 
  23   (0.029) 0.008 0.005 0.005 0.044 

Locus 45 : locus45 
17 alleles
0.0% missing data
   1   (0.064) 0.090 0.018 0.115 0.017 
   2   (0.049) 0.013 0.013 0.253 0.013 
   3   (0.059) 0.052 0.012 0.119 0.016 
   4   (0.061) 0.089 0.010 0.094 0.016 
   5   (0.070) 0.165 0.015 0.091 0.018 
   6   (0.033) 0.009 0.006 0.034 0.009 
   7   (0.097) 0.099 0.023 0.148 0.099 
   8   (0.055) 0.088 0.009 0.037 0.014 
   9   (0.125) 0.143 0.179 0.029 0.292 
  10   (0.042) 0.011 0.144 0.009 0.011 
  11   (0.067) 0.018 0.285 0.016 0.052 
  12   (0.043) 0.012 0.138 0.015 0.011 
  13   (0.070) 0.019 0.119 0.015 0.166 
  14   (0.065) 0.127 0.011 0.011 0.128 
  15   (0.033) 0.046 0.006 0.006 0.009 
  16   (0.035) 0.009 0.006 0.006 0.083 
  17   (0.032) 0.009 0.005 0.006 0.045 

Locus 46 : locus46 
14 alleles
0.0% missing data
   1   (0.082) 0.022 0.020 0.373 0.095 
   2   (0.078) 0.021 0.017 0.235 0.131 
   3   (0.064) 0.017 0.011 0.095 0.090 
   4   (0.034) 0.009 0.006 0.034 0.009 
   5   (0.172) 0.119 0.326 0.144 0.230 
   6   (0.087) 0.170 0.069 0.015 0.059 
   7   (0.034) 0.009 0.033 0.006 0.009 
   8   (0.099) 0.137 0.063 0.025 0.137 
   9   (0.036) 0.010 0.033 0.006 0.010 
  10   (0.118) 0.178 0.259 0.028 0.104 
  11   (0.042) 0.011 0.111 0.012 0.011 
  12   (0.052) 0.050 0.036 0.009 0.014 
  13   (0.067) 0.164 0.011 0.012 0.091 
  14   (0.036) 0.083 0.006 0.006 0.009 

Locus 47 : locus47 
21 alleles
0.0% missing data
   1   (0.125) 0.290 0.123 0.217 0.106 
   2   (0.060) 0.052 0.020 0.265 0.016 
   3   (0.037) 0.010 0.010 0.134 0.010 
   4   (0.073) 0.130 0.056 0.051 0.019 
   5   (0.030) 0.008 0.005 0.031 0.008 
   6   (0.032) 0.009 0.009 0.054 0.008 
   7   (0.033) 0.009 0.008 0.082 0.009 
   8   (0.077) 0.204 0.072 0.039 0.020 
   9   (0.046) 0.049 0.008 0.034 0.012 
  10   (0.081) 0.058 0.098 0.017 0.243 
  11   (0.034) 0.009 0.091 0.008 0.009 
  12   (0.036) 0.010 0.092 0.008 0.009 
  13   (0.053) 0.014 0.153 0.012 0.049 
  14   (0.033) 0.009 0.094 0.005 0.009 
  15   (0.049) 0.013 0.094 0.011 0.050 
  16   (0.051) 0.014 0.038 0.008 0.161 
  17   (0.030) 0.081 0.005 0.005 0.008 
  18   (0.030) 0.008 0.005 0.005 0.081 
  19   (0.030) 0.008 0.005 0.005 0.082 
  20   (0.031) 0.008 0.006 0.005 0.045 
  21   (0.030) 0.008 0.005 0.005 0.045 

Locus 48 : locus48 
25 alleles
0.0% missing data
   1   (0.063) 0.017 0.146 0.261 0.017 
   2   (0.034) 0.009 0.008 0.086 0.009 
   3   (0.027) 0.007 0.005 0.032 0.007 
   4   (0.030) 0.008 0.006 0.114 0.008 
   5   (0.066) 0.054 0.103 0.059 0.018 
   6   (0.049) 0.013 0.150 0.035 0.013 
   7   (0.077) 0.057 0.170 0.160 0.020 
   8   (0.071) 0.129 0.069 0.066 0.019 
   9   (0.069) 0.055 0.096 0.094 0.018 
  10   (0.031) 0.008 0.033 0.005 0.008 
  11   (0.048) 0.050 0.060 0.013 0.013 
  12   (0.025) 0.007 0.032 0.004 0.007 
  13   (0.033) 0.009 0.058 0.009 0.009 
  14   (0.038) 0.339 0.006 0.006 0.010 
  15   (0.032) 0.118 0.005 0.005 0.008 
  16   (0.029) 0.044 0.005 0.005 0.008 
  17   (0.033) 0.009 0.006 0.006 0.119 
  18   (0.030) 0.008 0.005 0.005 0.118 
  19   (0.034) 0.009 0.006 0.006 0.083 
  20   (0.031) 0.008 0.005 0.005 0.119 
  21   (0.033) 0.009 0.006 0.005 0.156 
  22   (0.030) 0.008 0.005 0.005 0.045 
  23   (0.027) 0.007 0.005 0.005 0.044 
  24   (0.027) 0.007 0.005 0.005 0.044 
  25   (0.032) 0.009 0.005 0.005 0.082 

Locus 49 : locus49 
21 alleles
0.0% missing data
   1   (0.034) 0.009 0.006 0.090 0.009 
   2   (0.092) 0.171 0.175 0.077 0.024 
   3   (0.039) 0.010 0.010 0.227 0.010 
   4   (0.036) 0.010 0.008 0.117 0.009 
   5   (0.052) 0.051 0.014 0.060 0.014 
   6   (0.096) 0.026 0.167 0.170 0.099 
   7   (0.071) 0.165 0.023 0.140 0.019 
   8   (0.041) 0.011 0.111 0.013 0.011 
   9   (0.058) 0.125 0.065 0.010 0.015 
  10   (0.050) 0.014 0.059 0.014 0.049 
  11   (0.073) 0.202 0.198 0.019 0.019 
  12   (0.066) 0.018 0.118 0.014 0.128 
  13   (0.032) 0.082 0.005 0.006 0.008 
  14   (0.028) 0.044 0.005 0.005 0.007 
  15   (0.036) 0.010 0.006 0.006 0.120 
  16   (0.034) 0.009 0.006 0.006 0.120 
  17   (0.036) 0.010 0.006 0.006 0.120 
  18   (0.031) 0.008 0.005 0.005 0.045 
  19   (0.031) 0.008 0.005 0.005 0.082 
  20   (0.032) 0.009 0.005 0.006 0.046 
  21   (0.031) 0.008 0.005 0.005 0.045 

Locus 50 : locus50 
27 alleles
0.0% missing data
   1   (0.057) 0.015 0.012 0.229 0.089 
   2   (0.048) 0.013 0.008 0.091 0.086 
   3   (0.045) 0.012 0.007 0.035 0.086 
   4   (0.035) 0.009 0.009 0.141 0.009 
   5   (0.053) 0.014 0.009 0.037 0.198 
   6   (0.035) 0.009 0.009 0.141 0.009 
   7   (0.040) 0.011 0.007 0.035 0.048 
   8   (0.036) 0.010 0.015 0.163 0.010 
   9   (0.032) 0.009 0.170 0.008 0.008 
  10   (0.033) 0.009 0.087 0.008 0.009 
  11   (0.032) 0.009 0.058 0.009 0.008 
  12   (0.033) 0.009 0.167 0.010 0.009 
  13   (0.032) 0.009 0.199 0.006 0.009 
  14   (0.030) 0.008 0.033 0.005 0.008 
  15   (0.038) 0.010 0.113 0.011 0.010 
  16   (0.032) 0.009 0.033 0.005 0.008 
  17   (0.050) 0.086 0.008 0.009 0.087 
  18   (0.033) 0.082 0.005 0.006 0.009 
  19   (0.031) 0.118 0.005 0.005 0.008 
  20   (0.052) 0.307 0.009 0.009 0.050 
  21   (0.030) 0.044 0.005 0.005 0.008 
  22   (0.027) 0.044 0.004 0.005 0.007 
  23   (0.031) 0.045 0.005 0.005 0.008 
  24   (0.049) 0.086 0.008 0.008 0.049 
  25   (0.030) 0.008 0.005 0.005 0.082 
  26   (0.029) 0.008 0.005 0.005 0.045 
  27   (0.027) 0.007 0.004 0.005 0.044 

Locus 51 : locus51 
25 alleles
0.0% missing data
   1   (0.042) 0.011 0.010 0.316 0.011 
   2   (0.067) 0.018 0.385 0.075 0.018 
   3   (0.067) 0.018 0.184 0.086 0.018 
   4   (0.037) 0.010 0.010 0.059 0.010 
   5   (0.039) 0.010 0.010 0.060 0.010 
   6   (0.062) 0.017 0.132 0.138 0.016 
   7   (0.033) 0.009 0.005 0.034 0.009 
   8   (0.034) 0.009 0.005 0.063 0.009 
   9   (0.034) 0.009 0.006 0.034 0.009 
  10   (0.056) 0.015 0.167 0.043 0.015 
  11   (0.038) 0.193 0.006 0.007 0.010 
  12   (0.033) 0.045 0.005 0.006 0.009 
  13   (0.035) 0.119 0.006 0.006 0.009 
  14   (0.032) 0.082 0.005 0.006 0.009 
  15   (0.035) 0.192 0.006 0.006 0.009 
  16   (0.028) 0.044 0.005 0.005 0.007 
  17   (0.033) 0.046 0.005 0.006 0.009 
  18   (0.040) 0.084 0.007 0.007 0.011 
  19   (0.038) 0.010 0.006 0.007 0.157 
  20   (0.032) 0.009 0.005 0.006 0.045 
  21   (0.040) 0.011 0.006 0.007 0.121 
  22   (0.034) 0.009 0.006 0.006 0.082 
  23   (0.036) 0.010 0.006 0.006 0.157 
  24   (0.041) 0.011 0.007 0.007 0.195 
  25   (0.032) 0.009 0.005 0.006 0.045 

Locus 52 : locus52 
19 alleles
0.0% missing data
   1   (0.037) 0.010 0.009 0.142 0.010 
   2   (0.065) 0.018 0.014 0.203 0.054 
   3   (0.105) 0.101 0.029 0.173 0.175 
   4   (0.067) 0.055 0.011 0.067 0.055 
   5   (0.092) 0.098 0.015 0.071 0.208 
   6   (0.052) 0.014 0.012 0.090 0.051 
   7   (0.034) 0.009 0.009 0.058 0.009 
   8   (0.037) 0.010 0.010 0.058 0.010 
   9   (0.033) 0.009 0.005 0.033 0.009 
  10   (0.064) 0.053 0.198 0.017 0.017 
  11   (0.037) 0.010 0.112 0.011 0.010 
  12   (0.040) 0.011 0.115 0.009 0.010 
  13   (0.067) 0.128 0.119 0.014 0.018 
  14   (0.043) 0.012 0.254 0.009 0.011 
  15   (0.067) 0.274 0.060 0.017 0.018 
  16   (0.055) 0.161 0.009 0.009 0.051 
  17   (0.030) 0.008 0.005 0.005 0.045 
  18   (0.037) 0.010 0.006 0.006 0.120 
  19   (0.036) 0.010 0.006 0.006 0.120 

Locus 53 : locus53 
15 alleles
0.0% missing data
   1   (0.039) 0.010 0.008 0.120 0.010 
   2   (0.092) 0.171 0.015 0.045 0.171 
   3   (0.109) 0.065 0.099 0.190 0.065 
   4   (0.060) 0.053 0.011 0.153 0.016 
   5   (0.090) 0.098 0.079 0.119 0.024 
   6   (0.058) 0.016 0.137 0.045 0.015 
   7   (0.061) 0.089 0.013 0.094 0.016 
   8   (0.087) 0.023 0.053 0.059 0.244 
   9   (0.095) 0.098 0.026 0.091 0.136 
  10   (0.080) 0.058 0.080 0.028 0.058 
  11   (0.050) 0.013 0.351 0.014 0.013 
  12   (0.038) 0.010 0.055 0.011 0.010 
  13   (0.059) 0.016 0.058 0.016 0.089 
  14   (0.044) 0.268 0.007 0.008 0.012 
  15   (0.038) 0.010 0.006 0.007 0.120 

Locus 54 : locus54 
17 alleles
0.0% missing data
   1   (0.081) 0.022 0.017 0.259 0.132 
   2   (0.044) 0.012 0.009 0.172 0.012 
   3   (0.045) 0.012 0.012 0.196 0.012 
   4   (0.048) 0.013 0.019 0.162 0.013 
   5   (0.037) 0.010 0.006 0.062 0.010 
   6   (0.045) 0.012 0.143 0.012 0.012 
   7   (0.066) 0.091 0.120 0.014 0.018 
   8   (0.104) 0.101 0.149 0.025 0.175 
   9   (0.113) 0.103 0.372 0.028 0.103 
  10   (0.054) 0.051 0.065 0.009 0.014 
  11   (0.050) 0.013 0.036 0.008 0.050 
  12   (0.061) 0.089 0.010 0.010 0.127 
  13   (0.058) 0.125 0.010 0.010 0.052 
  14   (0.062) 0.200 0.010 0.010 0.053 
  15   (0.037) 0.083 0.006 0.006 0.010 
  16   (0.056) 0.052 0.009 0.010 0.088 
  17   (0.039) 0.010 0.006 0.006 0.121 

Locus 55 : locus55 
20 alleles
0.0% missing data
   1   (0.043) 0.011 0.011 0.142 0.011 
   2   (0.044) 0.012 0.012 0.281 0.012 
   3   (0.135) 0.182 0.032 0.236 0.257 
   4   (0.033) 0.009 0.006 0.033 0.009 
   5   (0.036) 0.010 0.006 0.062 0.010 
   6   (0.032) 0.009 0.005 0.033 0.008 
   7   (0.061) 0.090 0.015 0.061 0.016 
   8   (0.046) 0.012 0.008 0.036 0.049 
   9   (0.044) 0.012 0.199 0.010 0.011 
  10   (0.037) 0.010 0.034 0.006 0.010 
  11   (0.039) 0.011 0.117 0.007 0.010 
  12   (0.047) 0.013 0.254 0.012 0.012 
  13   (0.043) 0.012 0.163 0.017 0.011 
  14   (0.036) 0.010 0.058 0.010 0.010 
  15   (0.033) 0.009 0.033 0.006 0.009 
  16   (0.066) 0.164 0.011 0.011 0.090 
  17   (0.053) 0.087 0.009 0.009 0.051 
  18   (0.033) 0.045 0.006 0.006 0.009 
  19   (0.070) 0.165 0.012 0.012 0.203 
  20   (0.069) 0.128 0.011 0.012 0.202 

Locus 56 : locus56 
16 alleles
0.0% missing data
   1   (0.092) 0.025 0.219 0.061 0.061 
   2   (0.042) 0.011 0.011 0.058 0.011 
   3   (0.049) 0.013 0.010 0.228 0.013 
   4   (0.047) 0.013 0.014 0.168 0.012 
   5   (0.047) 0.013 0.010 0.227 0.012 
   6   (0.142) 0.038 0.372 0.119 0.222 
   7   (0.035) 0.010 0.006 0.034 0.009 
   8   (0.067) 0.055 0.148 0.014 0.018 
   9   (0.084) 0.059 0.117 0.023 0.059 
  10   (0.035) 0.010 0.034 0.006 0.009 
  11   (0.066) 0.128 0.011 0.011 0.091 
  12   (0.070) 0.129 0.012 0.012 0.129 
  13   (0.044) 0.194 0.007 0.008 0.012 
  14   (0.079) 0.167 0.013 0.014 0.168 
  15   (0.059) 0.126 0.010 0.010 0.052 
  16   (0.041) 0.011 0.007 0.007 0.121 

Locus 57 : locus57 
21 alleles
0.0% missing data
   1   (0.042) 0.011 0.013 0.165 0.011 
   2   (0.031) 0.008 0.005 0.060 0.008 
   3   (0.037) 0.010 0.011 0.111 0.010 
   4   (0.032) 0.009 0.005 0.033 0.008 
   5   (0.041) 0.011 0.011 0.194 0.011 
   6   (0.038) 0.010 0.008 0.114 0.010 
   7   (0.037) 0.010 0.010 0.057 0.010 
   8   (0.030) 0.008 0.005 0.032 0.008 
   9   (0.035) 0.009 0.006 0.061 0.009 
  10   (0.030) 0.008 0.005 0.032 0.008 
  11   (0.121) 0.288 0.266 0.028 0.143 
  12   (0.127) 0.290 0.122 0.032 0.291 
  13   (0.035) 0.009 0.117 0.007 0.009 
  14   (0.057) 0.052 0.120 0.012 0.015 
  15   (0.032) 0.009 0.058 0.009 0.008 
  16   (0.039) 0.011 0.117 0.008 0.010 
  17   (0.086) 0.133 0.042 0.014 0.207 
  18   (0.033) 0.009 0.058 0.009 0.009 
  19   (0.052) 0.087 0.009 0.009 0.050 
  20   (0.031) 0.008 0.005 0.005 0.045 
  21   (0.035) 0.010 0.006 0.006 0.120 

Locus 58 : locus58 
21 alleles
0.0% missing data
   1   (0.057) 0.052 0.013 0.091 0.015 
   2   (0.060) 0.016 0.012 0.149 0.053 
   3   (0.088) 0.060 0.019 0.095 0.134 
   4   (0.078) 0.021 0.015 0.151 0.205 
   5   (0.048) 0.013 0.014 0.227 0.013 
   6   (0.051) 0.014 0.008 0.065 0.050 
   7   (0.043) 0.012 0.016 0.083 0.011 
   8   (0.057) 0.015 0.009 0.038 0.089 
   9   (0.039) 0.011 0.114 0.009 0.010 
  10   (0.048) 0.013 0.386 0.014 0.013 
  11   (0.039) 0.010 0.140 0.010 0.010 
  12   (0.041) 0.011 0.142 0.009 0.011 
  13   (0.037) 0.010 0.061 0.006 0.010 
  14   (0.045) 0.305 0.007 0.008 0.012 
  15   (0.039) 0.084 0.006 0.007 0.010 
  16   (0.038) 0.120 0.006 0.006 0.010 
  17   (0.040) 0.084 0.007 0.007 0.011 
  18   (0.042) 0.121 0.007 0.007 0.011 
  19   (0.039) 0.010 0.006 0.007 0.120 
  20   (0.038) 0.010 0.006 0.007 0.157 
  21   (0.033) 0.009 0.005 0.006 0.045 

Locus 59 : locus59 
15 alleles
0.0% missing data
   1   (0.069) 0.202 0.012 0.039 0.018 
   2   (0.130) 0.181 0.027 0.237 0.108 
   3   (0.069) 0.055 0.016 0.172 0.018 
   4   (0.104) 0.174 0.029 0.363 0.027 
   5   (0.091) 0.134 0.015 0.071 0.061 
   6   (0.048) 0.013 0.199 0.013 0.013 
   7   (0.048) 0.013 0.146 0.010 0.013 
   8   (0.046) 0.012 0.146 0.009 0.012 
   9   (0.046) 0.012 0.118 0.010 0.012 
  10   (0.045) 0.012 0.117 0.010 0.012 
  11   (0.047) 0.013 0.082 0.017 0.012 
  12   (0.080) 0.021 0.063 0.020 0.205 
  13   (0.061) 0.090 0.010 0.010 0.053 
  14   (0.075) 0.056 0.013 0.013 0.352 
  15   (0.041) 0.011 0.007 0.007 0.085 

Locus 60 : locus60 
19 alleles
0.0% missing data
   1   (0.054) 0.014 0.017 0.326 0.014 
   2   (0.037) 0.010 0.006 0.033 0.010 
   3   (0.065) 0.017 0.068 0.092 0.017 
   4   (0.034) 0.009 0.006 0.033 0.009 
   5   (0.095) 0.172 0.044 0.070 0.025 
   6   (0.036) 0.010 0.006 0.033 0.010 
   7   (0.044) 0.012 0.010 0.114 0.012 
   8   (0.046) 0.012 0.016 0.135 0.012 
   9   (0.132) 0.511 0.167 0.072 0.035 
  10   (0.045) 0.012 0.206 0.009 0.012 
  11   (0.075) 0.130 0.149 0.018 0.020 
  12   (0.041) 0.011 0.060 0.011 0.011 
  13   (0.054) 0.014 0.203 0.014 0.014 
  14   (0.048) 0.013 0.008 0.008 0.344 
  15   (0.043) 0.012 0.007 0.007 0.122 
  16   (0.041) 0.011 0.007 0.007 0.158 
  17   (0.036) 0.010 0.006 0.006 0.083 
  18   (0.038) 0.010 0.006 0.006 0.047 
  19   (0.035) 0.009 0.006 0.006 0.046 

Locus 61 : locus61 
22 alleles
0.0% missing data
   1   (0.033) 0.009 0.005 0.091 0.009 
   2   (0.095) 0.209 0.070 0.129 0.025 
   3   (0.095) 0.171 0.066 0.161 0.025 
   4   (0.032) 0.009 0.005 0.034 0.009 
   5   (0.034) 0.009 0.006 0.062 0.009 
   6   (0.034) 0.009 0.006 0.062 0.009 
   7   (0.066) 0.091 0.018 0.116 0.017 
   8   (0.034) 0.009 0.005 0.062 0.009 
   9   (0.048) 0.049 0.008 0.037 0.013 
  10   (0.037) 0.010 0.012 0.141 0.010 
  11   (0.036) 0.010 0.113 0.008 0.010 
  12   (0.069) 0.164 0.112 0.020 0.018 
  13   (0.064) 0.090 0.112 0.019 0.017 
  14   (0.042) 0.011 0.414 0.010 0.011 
  15   (0.034) 0.082 0.006 0.006 0.009 
  16   (0.034) 0.009 0.006 0.006 0.083 
  17   (0.039) 0.011 0.006 0.007 0.195 
  18   (0.029) 0.008 0.005 0.005 0.044 
  19   (0.040) 0.011 0.007 0.007 0.194 
  20   (0.036) 0.010 0.006 0.006 0.120 
  21   (0.035) 0.009 0.006 0.006 0.120 
  22   (0.033) 0.009 0.005 0.006 0.045 

Locus 62 : locus62 
20 alleles
0.0% missing data
   1   (0.038) 0.010 0.010 0.058 0.010 
   2   (0.061) 0.199 0.010 0.038 0.016 
   3   (0.073) 0.129 0.017 0.147 0.019 
   4   (0.031) 0.008 0.005 0.033 0.008 
   5   (0.043) 0.011 0.007 0.176 0.011 
   6   (0.086) 0.243 0.024 0.228 0.023 
   7   (0.095) 0.062 0.029 0.142 0.135 
   8   (0.037) 0.010 0.006 0.062 0.010 
   9   (0.043) 0.012 0.252 0.011 0.011 
  10   (0.038) 0.010 0.114 0.008 0.010 
  11   (0.038) 0.010 0.061 0.007 0.010 
  12   (0.036) 0.010 0.033 0.006 0.009 
  13   (0.062) 0.053 0.089 0.014 0.016 
  14   (0.040) 0.011 0.197 0.010 0.011 
  15   (0.040) 0.011 0.105 0.018 0.011 
  16   (0.033) 0.045 0.005 0.006 0.009 
  17   (0.072) 0.092 0.012 0.012 0.277 
  18   (0.054) 0.051 0.009 0.009 0.088 
  19   (0.042) 0.011 0.007 0.007 0.232 
  20   (0.036) 0.010 0.006 0.006 0.083 

Locus 63 : locus63 
23 alleles
0.0% missing data
   1   (0.038) 0.010 0.007 0.171 0.010 
   2   (0.041) 0.011 0.014 0.193 0.011 
   3   (0.037) 0.010 0.010 0.057 0.010 
   4   (0.032) 0.009 0.005 0.061 0.008 
   5   (0.037) 0.010 0.007 0.143 0.010 
   6   (0.041) 0.011 0.012 0.167 0.011 
   7   (0.031) 0.009 0.005 0.033 0.008 
   8   (0.032) 0.009 0.005 0.033 0.008 
   9   (0.059) 0.052 0.114 0.017 0.016 
  10   (0.038) 0.010 0.088 0.009 0.010 
  11   (0.065) 0.090 0.231 0.014 0.017 
  12   (0.035) 0.010 0.034 0.006 0.009 
  13   (0.049) 0.087 0.035 0.008 0.013 
  14   (0.060) 0.052 0.255 0.017 0.016 
  15   (0.061) 0.126 0.091 0.014 0.016 
  16   (0.054) 0.124 0.037 0.009 0.014 
  17   (0.064) 0.163 0.011 0.011 0.127 
  18   (0.052) 0.124 0.009 0.009 0.050 
  19   (0.032) 0.045 0.005 0.005 0.008 
  20   (0.037) 0.010 0.006 0.006 0.194 
  21   (0.037) 0.010 0.006 0.006 0.194 
  22   (0.039) 0.010 0.006 0.007 0.194 
  23   (0.029) 0.008 0.005 0.005 0.044 

Locus 64 : locus64 
26 alleles
0.0% missing data
   1   (0.059) 0.052 0.017 0.115 0.016 
   2   (0.059) 0.052 0.012 0.260 0.016 
   3   (0.055) 0.198 0.009 0.037 0.015 
   4   (0.035) 0.009 0.006 0.090 0.009 
   5   (0.041) 0.011 0.011 0.198 0.011 
   6   (0.054) 0.087 0.013 0.060 0.014 
   7   (0.033) 0.009 0.009 0.058 0.009 
   8   (0.032) 0.009 0.009 0.058 0.009 
   9   (0.042) 0.011 0.333 0.011 0.011 
  10   (0.032) 0.009 0.086 0.007 0.008 
  11   (0.032) 0.009 0.060 0.005 0.008 
  12   (0.037) 0.010 0.140 0.010 0.010 
  13   (0.032) 0.009 0.033 0.005 0.008 
  14   (0.030) 0.008 0.032 0.005 0.008 
  15   (0.037) 0.010 0.058 0.010 0.010 
  16   (0.037) 0.010 0.086 0.009 0.010 
  17   (0.032) 0.009 0.033 0.005 0.008 
  18   (0.039) 0.193 0.006 0.007 0.010 
  19   (0.040) 0.157 0.007 0.007 0.010 
  20   (0.032) 0.082 0.005 0.006 0.008 
  21   (0.038) 0.010 0.006 0.006 0.231 
  22   (0.029) 0.008 0.005 0.005 0.081 
  23   (0.044) 0.012 0.007 0.007 0.232 
  24   (0.033) 0.009 0.005 0.006 0.082 
  25   (0.033) 0.009 0.005 0.006 0.082 
  26   (0.036) 0.010 0.006 0.006 0.083 

Locus 65 : locus65 
20 alleles
0.0% missing data
   1   (0.099) 0.063 0.129 0.154 0.063 
   2   (0.090) 0.024 0.204 0.105 0.098 
   3   (0.064) 0.017 0.139 0.131 0.017 
   4   (0.042) 0.011 0.013 0.272 0.011 
   5   (0.031) 0.008 0.005 0.032 0.008 
   6   (0.030) 0.008 0.005 0.032 0.008 
   7   (0.040) 0.011 0.011 0.138 0.010 
   8   (0.071) 0.093 0.069 0.039 0.019 
   9   (0.057) 0.015 0.095 0.009 0.125 
  10   (0.065) 0.091 0.039 0.011 0.054 
  11   (0.047) 0.086 0.036 0.008 0.012 
  12   (0.043) 0.012 0.200 0.014 0.011 
  13   (0.070) 0.274 0.012 0.012 0.129 
  14   (0.048) 0.086 0.008 0.008 0.049 
  15   (0.044) 0.048 0.008 0.007 0.048 
  16   (0.029) 0.044 0.005 0.005 0.008 
  17   (0.032) 0.082 0.005 0.005 0.008 
  18   (0.037) 0.010 0.006 0.006 0.157 
  19   (0.032) 0.009 0.005 0.005 0.119 
  20   (0.030) 0.008 0.005 0.005 0.045 

Locus 66 : locus66 
24 alleles
0.0% missing data
   1   (0.038) 0.010 0.009 0.305 0.010 
   2   (0.039) 0.010 0.009 0.168 0.010 
   3   (0.039) 0.010 0.009 0.197 0.010 
   4   (0.032) 0.009 0.009 0.057 0.008 
   5   (0.035) 0.010 0.010 0.057 0.009 
   6   (0.049) 0.013 0.064 0.036 0.013 
   7   (0.032) 0.009 0.005 0.033 0.009 
   8   (0.039) 0.010 0.196 0.013 0.010 
   9   (0.051) 0.014 0.036 0.009 0.198 
  10   (0.047) 0.013 0.036 0.008 0.049 
  11   (0.054) 0.015 0.065 0.009 0.088 
  12   (0.059) 0.016 0.115 0.016 0.089 
  13   (0.057) 0.015 0.119 0.012 0.089 
  14   (0.037) 0.010 0.088 0.009 0.010 
  15   (0.036) 0.010 0.088 0.008 0.009 
  16   (0.055) 0.015 0.037 0.009 0.162 
  17   (0.033) 0.009 0.058 0.009 0.009 
  18   (0.036) 0.119 0.006 0.006 0.010 
  19   (0.043) 0.267 0.007 0.007 0.011 
  20   (0.033) 0.045 0.005 0.006 0.009 
  21   (0.031) 0.081 0.005 0.005 0.008 
  22   (0.060) 0.089 0.010 0.010 0.164 
  23   (0.034) 0.082 0.006 0.006 0.009 
  24   (0.033) 0.119 0.006 0.006 0.009 

Locus 67 : locus67 
17 alleles
0.0% missing data
   1   (0.039) 0.011 0.009 0.198 0.010 
   2   (0.097) 0.099 0.028 0.225 0.099 
   3   (0.070) 0.129 0.012 0.039 0.055 
   4   (0.091) 0.170 0.022 0.064 0.134 
   5   (0.038) 0.010 0.010 0.141 0.010 
   6   (0.063) 0.017 0.014 0.090 0.164 
   7   (0.051) 0.014 0.009 0.092 0.050 
   8   (0.032) 0.009 0.005 0.033 0.008 
   9   (0.066) 0.054 0.067 0.011 0.054 
  10   (0.064) 0.017 0.231 0.014 0.090 
  11   (0.075) 0.020 0.139 0.025 0.204 
  12   (0.075) 0.093 0.092 0.017 0.056 
  13   (0.050) 0.087 0.036 0.008 0.013 
  14   (0.031) 0.008 0.033 0.005 0.008 
  15   (0.073) 0.166 0.229 0.018 0.019 
  16   (0.053) 0.051 0.060 0.014 0.014 
  17   (0.032) 0.045 0.005 0.005 0.009 

Locus 68 : locus68 
27 alleles
0.0% missing data
   1   (0.030) 0.008 0.005 0.033 0.008 
   2   (0.037) 0.010 0.010 0.057 0.010 
   3   (0.032) 0.009 0.005 0.088 0.008 
   4   (0.057) 0.015 0.009 0.037 0.199 
   5   (0.039) 0.010 0.010 0.225 0.010 
   6   (0.042) 0.011 0.011 0.225 0.011 
   7   (0.042) 0.011 0.011 0.141 0.011 
   8   (0.037) 0.010 0.010 0.058 0.010 
   9   (0.045) 0.012 0.173 0.009 0.012 
  10   (0.044) 0.012 0.197 0.012 0.012 
  11   (0.035) 0.009 0.089 0.006 0.009 
  12   (0.031) 0.008 0.033 0.005 0.008 
  13   (0.037) 0.010 0.170 0.009 0.010 
  14   (0.040) 0.011 0.139 0.013 0.011 
  15   (0.036) 0.010 0.057 0.010 0.010 
  16   (0.037) 0.156 0.006 0.006 0.010 
  17   (0.034) 0.192 0.006 0.006 0.009 
  18   (0.036) 0.156 0.006 0.006 0.009 
  19   (0.032) 0.045 0.005 0.005 0.008 
  20   (0.035) 0.119 0.006 0.006 0.009 
  21   (0.034) 0.046 0.006 0.006 0.009 
  22   (0.033) 0.082 0.006 0.006 0.009 
  23   (0.030) 0.008 0.005 0.005 0.045 
  24   (0.044) 0.012 0.007 0.008 0.379 
  25   (0.036) 0.010 0.006 0.006 0.083 
  26   (0.034) 0.009 0.006 0.006 0.046 
  27   (0.033) 0.009 0.005 0.006 0.045 

Locus 69 : locus69 
24 alleles
0.0% missing data
   1   (0.034) 0.009 0.009 0.141 0.009 
   2   (0.034) 0.009 0.010 0.111 0.009 
   3   (0.032) 0.009 0.009 0.057 0.009 
   4   (0.032) 0.009 0.005 0.061 0.009 
   5   (0.035) 0.009 0.008 0.197 0.009 
   6   (0.028) 0.008 0.005 0.060 0.007 
   7   (0.031) 0.008 0.009 0.057 0.008 
   8   (0.029) 0.008 0.009 0.111 0.008 
   9   (0.028) 0.008 0.005 0.032 0.008 
  10   (0.024) 0.006 0.004 0.031 0.006 
  11   (0.052) 0.014 0.144 0.013 0.087 
  12   (0.056) 0.052 0.037 0.010 0.051 
  13   (0.083) 0.205 0.151 0.017 0.095 
  14   (0.030) 0.008 0.087 0.007 0.008 
  15   (0.080) 0.204 0.041 0.014 0.242 
  16   (0.068) 0.055 0.203 0.015 0.055 
  17   (0.030) 0.008 0.057 0.008 0.008 
  18   (0.043) 0.012 0.035 0.007 0.048 
  19   (0.055) 0.015 0.139 0.018 0.088 
  20   (0.050) 0.086 0.008 0.008 0.087 
  21   (0.042) 0.048 0.007 0.007 0.048 
  22   (0.031) 0.082 0.005 0.005 0.008 
  23   (0.044) 0.122 0.007 0.007 0.048 
  24   (0.027) 0.007 0.005 0.005 0.044 

Locus 70 : locus70 
21 alleles
0.0% missing data
   1   (0.079) 0.058 0.053 0.169 0.021 
   2   (0.063) 0.053 0.018 0.172 0.017 
   3   (0.051) 0.014 0.036 0.037 0.014 
   4   (0.053) 0.051 0.009 0.066 0.014 
   5   (0.075) 0.313 0.014 0.180 0.020 
   6   (0.065) 0.091 0.013 0.121 0.017 
   7   (0.076) 0.240 0.023 0.086 0.020 
   8   (0.054) 0.051 0.014 0.061 0.014 
   9   (0.042) 0.011 0.168 0.011 0.011 
  10   (0.035) 0.009 0.061 0.006 0.009 
  11   (0.033) 0.009 0.033 0.006 0.009 
  12   (0.040) 0.011 0.165 0.013 0.011 
  13   (0.039) 0.010 0.169 0.008 0.010 
  14   (0.040) 0.011 0.080 0.015 0.010 
  15   (0.039) 0.010 0.110 0.012 0.010 
  16   (0.041) 0.011 0.007 0.007 0.232 
  17   (0.037) 0.010 0.006 0.006 0.194 
  18   (0.036) 0.010 0.006 0.006 0.083 
  19   (0.036) 0.010 0.006 0.006 0.083 
  20   (0.034) 0.009 0.006 0.006 0.083 
  21   (0.032) 0.009 0.005 0.006 0.119 

Locus 71 : locus71 
27 alleles
0.0% missing data
   1   (0.032) 0.009 0.012 0.136 0.009 
   2   (0.029) 0.008 0.005 0.087 0.008 
   3   (0.029) 0.008 0.005 0.060 0.008 
   4   (0.029) 0.008 0.007 0.085 0.008 
   5   (0.027) 0.007 0.005 0.059 0.007 
   6   (0.035) 0.009 0.010 0.111 0.009 
   7   (0.030) 0.008 0.008 0.139 0.008 
   8   (0.045) 0.085 0.008 0.034 0.012 
   9   (0.034) 0.009 0.010 0.056 0.009 
  10   (0.029) 0.008 0.005 0.032 0.008 
  11   (0.031) 0.008 0.008 0.057 0.008 
  12   (0.034) 0.009 0.117 0.007 0.009 
  13   (0.026) 0.007 0.089 0.004 0.007 
  14   (0.080) 0.167 0.116 0.022 0.094 
  15   (0.070) 0.092 0.084 0.023 0.055 
  16   (0.056) 0.015 0.060 0.015 0.199 
  17   (0.034) 0.009 0.143 0.008 0.009 
  18   (0.021) 0.006 0.032 0.004 0.006 
  19   (0.052) 0.050 0.145 0.013 0.014 
  20   (0.027) 0.007 0.033 0.004 0.007 
  21   (0.042) 0.011 0.035 0.007 0.048 
  22   (0.028) 0.007 0.033 0.005 0.007 
  23   (0.037) 0.302 0.006 0.006 0.010 
  24   (0.050) 0.087 0.008 0.008 0.087 
  25   (0.027) 0.044 0.005 0.005 0.007 
  26   (0.041) 0.011 0.007 0.007 0.306 
  27   (0.027) 0.007 0.005 0.005 0.044 

Locus 72 : locus72 
19 alleles
0.0% missing data
   1   (0.073) 0.093 0.023 0.306 0.019 
   2   (0.049) 0.013 0.036 0.036 0.013 
   3   (0.067) 0.237 0.011 0.067 0.018 
   4   (0.038) 0.010 0.006 0.118 0.010 
   5   (0.051) 0.050 0.009 0.064 0.014 
   6   (0.034) 0.009 0.008 0.087 0.009 
   7   (0.057) 0.052 0.012 0.090 0.015 
   8   (0.063) 0.127 0.016 0.060 0.017 
   9   (0.036) 0.010 0.010 0.057 0.010 
  10   (0.099) 0.173 0.202 0.026 0.062 
  11   (0.075) 0.020 0.283 0.020 0.130 
  12   (0.062) 0.017 0.201 0.014 0.053 
  13   (0.061) 0.016 0.060 0.016 0.127 
  14   (0.032) 0.009 0.033 0.005 0.009 
  15   (0.059) 0.016 0.065 0.010 0.127 
  16   (0.034) 0.082 0.006 0.006 0.009 
  17   (0.032) 0.045 0.005 0.005 0.008 
  18   (0.037) 0.010 0.006 0.006 0.120 
  19   (0.040) 0.011 0.007 0.007 0.232 

Locus 73 : locus73 
23 alleles
0.0% missing data
   1   (0.039) 0.010 0.008 0.225 0.010 
   2   (0.039) 0.010 0.009 0.169 0.010 
   3   (0.038) 0.010 0.010 0.057 0.010 
   4   (0.034) 0.009 0.007 0.170 0.009 
   5   (0.039) 0.011 0.014 0.136 0.010 
   6   (0.032) 0.008 0.009 0.057 0.008 
   7   (0.030) 0.008 0.005 0.033 0.008 
   8   (0.038) 0.010 0.143 0.010 0.010 
   9   (0.067) 0.018 0.120 0.014 0.239 
  10   (0.075) 0.020 0.256 0.021 0.130 
  11   (0.034) 0.009 0.062 0.006 0.009 
  12   (0.036) 0.010 0.088 0.008 0.010 
  13   (0.083) 0.095 0.063 0.020 0.095 
  14   (0.031) 0.008 0.033 0.005 0.008 
  15   (0.048) 0.013 0.036 0.008 0.049 
  16   (0.028) 0.008 0.033 0.005 0.007 
  17   (0.059) 0.016 0.061 0.015 0.126 
  18   (0.038) 0.229 0.006 0.006 0.010 
  19   (0.059) 0.162 0.010 0.010 0.089 
  20   (0.031) 0.045 0.005 0.005 0.008 
  21   (0.053) 0.087 0.009 0.009 0.088 
  22   (0.038) 0.193 0.006 0.007 0.010 
  23   (0.030) 0.008 0.005 0.005 0.045 

Locus 74 : locus74 
28 alleles
0.0% missing data
   1   (0.051) 0.014 0.011 0.090 0.050 
   2   (0.030) 0.008 0.005 0.033 0.008 
   3   (0.039) 0.010 0.009 0.285 0.010 
   4   (0.036) 0.010 0.012 0.140 0.009 
   5   (0.055) 0.015 0.011 0.120 0.051 
   6   (0.059) 0.016 0.015 0.061 0.163 
   7   (0.029) 0.008 0.005 0.033 0.008 
   8   (0.032) 0.009 0.005 0.033 0.008 
   9   (0.031) 0.008 0.005 0.033 0.008 
  10   (0.031) 0.008 0.008 0.058 0.008 
  11   (0.040) 0.011 0.305 0.010 0.011 
  12   (0.036) 0.010 0.385 0.011 0.010 
  13   (0.025) 0.007 0.031 0.004 0.007 
  14   (0.029) 0.008 0.032 0.005 0.008 
  15   (0.061) 0.016 0.092 0.011 0.201 
  16   (0.031) 0.081 0.005 0.005 0.008 
  17   (0.031) 0.155 0.005 0.005 0.008 
  18   (0.033) 0.045 0.005 0.006 0.009 
  19   (0.031) 0.045 0.005 0.005 0.008 
  20   (0.030) 0.044 0.005 0.005 0.008 
  21   (0.029) 0.044 0.005 0.005 0.008 
  22   (0.033) 0.082 0.006 0.006 0.009 
  23   (0.036) 0.156 0.006 0.006 0.009 
  24   (0.032) 0.118 0.005 0.006 0.008 
  25   (0.031) 0.045 0.005 0.005 0.008 
  26   (0.031) 0.008 0.005 0.005 0.082 
  27   (0.038) 0.010 0.006 0.007 0.231 
  28   (0.029) 0.008 0.005 0.005 0.044 

Locus 75 : locus75 
17 alleles
0.0% missing data
   1   (0.066) 0.018 0.023 0.296 0.054 
   2   (0.032) 0.009 0.005 0.059 0.008 
   3   (0.040) 0.011 0.008 0.140 0.010 
   4   (0.037) 0.010 0.009 0.165 0.010 
   5   (0.061) 0.126 0.010 0.091 0.016 
   6   (0.095) 0.062 0.072 0.070 0.099 
   7   (0.110) 0.249 0.112 0.065 0.066 
   8   (0.080) 0.058 0.150 0.019 0.095 
   9   (0.108) 0.139 0.214 0.023 0.176 
  10   (0.081) 0.095 0.100 0.013 0.095 
  11   (0.034) 0.009 0.059 0.009 0.009 
  12   (0.032) 0.009 0.034 0.005 0.009 
  13   (0.034) 0.009 0.063 0.006 0.009 
  14   (0.035) 0.009 0.060 0.009 0.009 
  15   (0.036) 0.010 0.060 0.010 0.010 
  16   (0.067) 0.127 0.011 0.011 0.165 
  17   (0.054) 0.051 0.009 0.009 0.162 

Locus 76 : locus76 
17 alleles
0.0% missing data
   1   (0.096) 0.026 0.022 0.260 0.357 
   2   (0.081) 0.058 0.014 0.070 0.132 
   3   (0.068) 0.238 0.011 0.067 0.018 
   4   (0.081) 0.022 0.021 0.201 0.168 
   5   (0.075) 0.020 0.019 0.200 0.093 
   6   (0.074) 0.093 0.012 0.040 0.056 
   7   (0.060) 0.089 0.015 0.060 0.016 
   8   (0.069) 0.128 0.122 0.012 0.018 
   9   (0.071) 0.092 0.231 0.015 0.019 
  10   (0.045) 0.012 0.197 0.012 0.012 
  11   (0.044) 0.012 0.137 0.015 0.012 
  12   (0.060) 0.053 0.089 0.014 0.016 
  13   (0.041) 0.011 0.087 0.010 0.011 
  14   (0.034) 0.046 0.006 0.006 0.009 
  15   (0.031) 0.045 0.005 0.005 0.008 
  16   (0.035) 0.046 0.006 0.006 0.009 
  17   (0.035) 0.009 0.006 0.006 0.046 

Locus 77 : locus77 
23 alleles
0.0% missing data
   1   (0.050) 0.013 0.015 0.411 0.013 
   2   (0.042) 0.011 0.009 0.114 0.011 
   3   (0.062) 0.053 0.016 0.142 0.016 
   4   (0.041) 0.011 0.007 0.171 0.011 
   5   (0.040) 0.011 0.203 0.008 0.011 
   6   (0.041) 0.011 0.089 0.009 0.011 
   7   (0.063) 0.017 0.232 0.016 0.052 
   8   (0.041) 0.011 0.089 0.009 0.011 
   9   (0.041) 0.011 0.083 0.015 0.011 
  10   (0.068) 0.018 0.068 0.011 0.129 
  11   (0.042) 0.011 0.059 0.011 0.011 
  12   (0.039) 0.010 0.059 0.010 0.010 
  13   (0.036) 0.083 0.006 0.006 0.009 
  14   (0.047) 0.268 0.008 0.008 0.013 
  15   (0.041) 0.158 0.007 0.007 0.011 
  16   (0.038) 0.120 0.006 0.006 0.010 
  17   (0.038) 0.083 0.007 0.006 0.010 
  18   (0.034) 0.046 0.006 0.006 0.009 
  19   (0.035) 0.009 0.006 0.006 0.083 
  20   (0.040) 0.011 0.007 0.007 0.121 
  21   (0.038) 0.010 0.006 0.006 0.084 
  22   (0.046) 0.012 0.008 0.008 0.233 
  23   (0.038) 0.010 0.006 0.006 0.121 

Locus 78 : locus78 
19 alleles
0.0% missing data
   1   (0.052) 0.014 0.014 0.503 0.014 
   2   (0.056) 0.052 0.009 0.065 0.015 
   3   (0.094) 0.061 0.081 0.144 0.025 
   4   (0.086) 0.316 0.028 0.083 0.023 
   5   (0.060) 0.053 0.010 0.066 0.016 
   6   (0.037) 0.010 0.090 0.006 0.010 
   7   (0.051) 0.014 0.224 0.015 0.013 
   8   (0.062) 0.090 0.066 0.011 0.016 
   9   (0.041) 0.011 0.116 0.009 0.011 
  10   (0.041) 0.011 0.088 0.009 0.011 
  11   (0.079) 0.094 0.140 0.025 0.021 
  12   (0.042) 0.011 0.058 0.012 0.011 
  13   (0.057) 0.089 0.037 0.010 0.015 
  14   (0.037) 0.083 0.006 0.006 0.010 
  15   (0.035) 0.046 0.006 0.006 0.009 
  16   (0.050) 0.013 0.008 0.009 0.418 
  17   (0.043) 0.011 0.007 0.007 0.121 
  18   (0.034) 0.009 0.006 0.006 0.046 
  19   (0.042) 0.011 0.007 0.007 0.195 

Locus 79 : locus79 
17 alleles
0.0% missing data
   1   (0.101) 0.100 0.173 0.108 0.027 
   2   (0.062) 0.126 0.010 0.098 0.016 
   3   (0.073) 0.349 0.017 0.064 0.019 
   4   (0.059) 0.016 0.009 0.039 0.163 
   5   (0.061) 0.016 0.016 0.120 0.053 
   6   (0.032) 0.009 0.005 0.035 0.008 
   7   (0.089) 0.060 0.179 0.154 0.023 
   8   (0.037) 0.010 0.009 0.061 0.010 
   9   (0.049) 0.013 0.008 0.038 0.049 
  10   (0.049) 0.013 0.008 0.037 0.050 
  11   (0.034) 0.009 0.005 0.035 0.009 
  12   (0.067) 0.018 0.014 0.095 0.128 
  13   (0.071) 0.019 0.016 0.065 0.313 
  14   (0.072) 0.092 0.220 0.019 0.019 
  15   (0.077) 0.094 0.299 0.021 0.020 
  16   (0.032) 0.045 0.005 0.006 0.008 
  17   (0.036) 0.010 0.006 0.006 0.083 

Locus 80 : locus80 
30 alleles
0.0% missing data
   1   (0.032) 0.009 0.005 0.089 0.008 
   2   (0.041) 0.011 0.012 0.308 0.011 
   3   (0.039) 0.010 0.012 0.139 0.010 
   4   (0.031) 0.008 0.007 0.115 0.008 
   5   (0.029) 0.008 0.005 0.033 0.008 
   6   (0.028) 0.007 0.005 0.033 0.007 
   7   (0.027) 0.007 0.004 0.032 0.007 
   8   (0.025) 0.007 0.004 0.032 0.007 
   9   (0.031) 0.008 0.008 0.058 0.008 
  10   (0.027) 0.007 0.005 0.032 0.007 
  11   (0.041) 0.011 0.386 0.015 0.011 
  12   (0.035) 0.009 0.143 0.007 0.009 
  13   (0.035) 0.009 0.170 0.007 0.009 
  14   (0.032) 0.008 0.061 0.005 0.008 
  15   (0.028) 0.008 0.032 0.005 0.007 
  16   (0.033) 0.009 0.033 0.006 0.009 
  17   (0.033) 0.009 0.033 0.006 0.009 
  18   (0.054) 0.198 0.009 0.009 0.051 
  19   (0.039) 0.120 0.006 0.007 0.010 
  20   (0.033) 0.191 0.005 0.006 0.009 
  21   (0.033) 0.082 0.005 0.006 0.009 
  22   (0.036) 0.156 0.006 0.006 0.009 
  23   (0.029) 0.044 0.005 0.005 0.008 
  24   (0.028) 0.008 0.005 0.005 0.081 
  25   (0.032) 0.009 0.005 0.006 0.082 
  26   (0.039) 0.011 0.006 0.007 0.121 
  27   (0.032) 0.009 0.005 0.006 0.156 
  28   (0.036) 0.010 0.006 0.006 0.193 
  29   (0.033) 0.009 0.006 0.006 0.045 
  30   (0.031) 0.008 0.005 0.005 0.082 

Locus 81 : locus81 
24 alleles
0.0% missing data
   1   (0.028) 0.007 0.005 0.032 0.007 
   2   (0.035) 0.009 0.013 0.081 0.009 
   3   (0.033) 0.009 0.005 0.089 0.009 
   4   (0.035) 0.009 0.008 0.087 0.009 
   5   (0.035) 0.009 0.008 0.170 0.009 
   6   (0.065) 0.200 0.015 0.173 0.017 
   7   (0.029) 0.008 0.005 0.033 0.008 
   8   (0.033) 0.009 0.008 0.086 0.009 
   9   (0.030) 0.008 0.009 0.057 0.008 
  10   (0.031) 0.008 0.009 0.057 0.008 
  11   (0.052) 0.014 0.092 0.009 0.199 
  12   (0.045) 0.012 0.063 0.008 0.048 
  13   (0.048) 0.013 0.036 0.008 0.087 
  14   (0.048) 0.013 0.113 0.014 0.049 
  15   (0.042) 0.011 0.034 0.007 0.048 
  16   (0.050) 0.013 0.117 0.011 0.050 
  17   (0.052) 0.014 0.198 0.014 0.050 
  18   (0.047) 0.049 0.088 0.011 0.012 
  19   (0.047) 0.013 0.138 0.017 0.048 
  20   (0.053) 0.271 0.009 0.009 0.050 
  21   (0.028) 0.044 0.005 0.005 0.008 
  22   (0.035) 0.119 0.006 0.006 0.009 
  23   (0.047) 0.086 0.008 0.008 0.049 
  24   (0.052) 0.050 0.009 0.009 0.199 

Locus 82 : locus82 
23 alleles
0.0% missing data
   1   (0.038) 0.010 0.009 0.087 0.010 
   2   (0.031) 0.008 0.005 0.033 0.008 
   3   (0.042) 0.011 0.010 0.360 0.011 
   4   (0.038) 0.010 0.011 0.111 0.010 
   5   (0.038) 0.010 0.008 0.114 0.010 
   6   (0.031) 0.008 0.005 0.033 0.008 
   7   (0.038) 0.010 0.011 0.112 0.010 
   8   (0.058) 0.016 0.262 0.012 0.050 
   9   (0.057) 0.125 0.066 0.010 0.015 
  10   (0.074) 0.240 0.039 0.012 0.056 
  11   (0.030) 0.008 0.033 0.005 0.008 
  12   (0.041) 0.011 0.169 0.012 0.011 
  13   (0.039) 0.010 0.117 0.008 0.010 
  14   (0.079) 0.094 0.092 0.018 0.058 
  15   (0.040) 0.011 0.107 0.018 0.011 
  16   (0.033) 0.045 0.006 0.006 0.009 
  17   (0.052) 0.050 0.009 0.009 0.124 
  18   (0.058) 0.161 0.010 0.010 0.089 
  19   (0.035) 0.083 0.006 0.006 0.009 
  20   (0.053) 0.051 0.009 0.009 0.236 
  21   (0.035) 0.009 0.006 0.006 0.157 
  22   (0.030) 0.008 0.005 0.005 0.045 
  23   (0.029) 0.008 0.005 0.005 0.044 

Locus 83 : locus83 
21 alleles
0.0% missing data
   1   (0.043) 0.012 0.011 0.166 0.011 
   2   (0.043) 0.011 0.015 0.242 0.011 
   3   (0.077) 0.021 0.251 0.164 0.020 
   4   (0.039) 0.010 0.007 0.087 0.010 
   5   (0.041) 0.011 0.011 0.138 0.011 
   6   (0.032) 0.009 0.006 0.032 0.008 
   7   (0.034) 0.009 0.006 0.033 0.009 
   8   (0.037) 0.010 0.060 0.010 0.010 
   9   (0.075) 0.020 0.150 0.018 0.204 
  10   (0.077) 0.021 0.120 0.020 0.168 
  11   (0.065) 0.018 0.118 0.018 0.091 
  12   (0.055) 0.015 0.037 0.009 0.125 
  13   (0.061) 0.016 0.125 0.010 0.053 
  14   (0.052) 0.014 0.038 0.009 0.050 
  15   (0.038) 0.266 0.007 0.006 0.010 
  16   (0.040) 0.157 0.007 0.007 0.011 
  17   (0.038) 0.084 0.007 0.006 0.010 
  18   (0.039) 0.083 0.007 0.006 0.010 
  19   (0.038) 0.083 0.007 0.006 0.010 
  20   (0.035) 0.119 0.006 0.006 0.009 
  21   (0.040) 0.011 0.007 0.007 0.158 

Locus 84 : locus84 
24 alleles
0.0% missing data
   1   (0.043) 0.011 0.010 0.249 0.011 
   2   (0.038) 0.010 0.010 0.139 0.010 
   3   (0.041) 0.011 0.010 0.167 0.011 
   4   (0.041) 0.011 0.009 0.195 0.011 
   5   (0.037) 0.010 0.009 0.085 0.010 
   6   (0.058) 0.052 0.123 0.010 0.015 
   7   (0.033) 0.009 0.062 0.006 0.009 
   8   (0.038) 0.010 0.144 0.010 0.010 
   9   (0.064) 0.017 0.061 0.016 0.201 
  10   (0.035) 0.009 0.059 0.009 0.009 
  11   (0.050) 0.014 0.066 0.009 0.049 
  12   (0.040) 0.011 0.141 0.013 0.011 
  13   (0.053) 0.050 0.090 0.012 0.014 
  14   (0.078) 0.021 0.118 0.021 0.389 
  15   (0.045) 0.049 0.036 0.008 0.012 
  16   (0.038) 0.156 0.006 0.006 0.010 
  17   (0.041) 0.194 0.007 0.007 0.011 
  18   (0.030) 0.045 0.005 0.005 0.008 
  19   (0.031) 0.045 0.005 0.005 0.008 
  20   (0.036) 0.083 0.006 0.006 0.010 
  21   (0.032) 0.082 0.006 0.005 0.009 
  22   (0.032) 0.082 0.006 0.005 0.009 
  23   (0.034) 0.009 0.006 0.006 0.120 
  24   (0.032) 0.009 0.005 0.005 0.045 

Locus 85 : locus85 
23 alleles
0.0% missing data
   1   (0.051) 0.014 0.015 0.114 0.050 
   2   (0.060) 0.016 0.015 0.145 0.126 
   3   (0.031) 0.008 0.005 0.061 0.008 
   4   (0.055) 0.015 0.009 0.065 0.125 
   5   (0.057) 0.015 0.014 0.312 0.051 
   6   (0.053) 0.014 0.087 0.125 0.014 
   7   (0.033) 0.009 0.006 0.034 0.009 
   8   (0.058) 0.198 0.089 0.013 0.015 
   9   (0.032) 0.009 0.086 0.008 0.008 
  10   (0.030) 0.008 0.060 0.005 0.008 
  11   (0.064) 0.127 0.168 0.019 0.017 
  12   (0.050) 0.087 0.035 0.009 0.013 
  13   (0.053) 0.051 0.117 0.012 0.014 
  14   (0.060) 0.089 0.114 0.017 0.016 
  15   (0.034) 0.009 0.086 0.008 0.009 
  16   (0.061) 0.200 0.059 0.016 0.016 
  17   (0.029) 0.044 0.005 0.005 0.008 
  18   (0.028) 0.044 0.005 0.005 0.007 
  19   (0.028) 0.007 0.005 0.005 0.044 
  20   (0.039) 0.010 0.006 0.007 0.231 
  21   (0.033) 0.009 0.005 0.006 0.082 
  22   (0.031) 0.008 0.005 0.005 0.082 
  23   (0.030) 0.008 0.005 0.005 0.045 

Locus 86 : locus86 
20 alleles
0.0% missing data
   1   (0.094) 0.025 0.065 0.187 0.173 
   2   (0.090) 0.024 0.145 0.080 0.209 
   3   (0.034) 0.009 0.006 0.061 0.009 
   4   (0.070) 0.019 0.021 0.222 0.092 
   5   (0.038) 0.010 0.008 0.115 0.010 
   6   (0.050) 0.013 0.008 0.036 0.087 
   7   (0.039) 0.011 0.010 0.141 0.010 
   8   (0.053) 0.014 0.083 0.046 0.014 
   9   (0.059) 0.016 0.259 0.014 0.050 
  10   (0.100) 0.100 0.173 0.028 0.137 
  11   (0.040) 0.011 0.083 0.014 0.011 
  12   (0.060) 0.016 0.094 0.010 0.127 
  13   (0.037) 0.156 0.006 0.006 0.010 
  14   (0.034) 0.119 0.006 0.006 0.009 
  15   (0.032) 0.082 0.005 0.005 0.008 
  16   (0.037) 0.120 0.006 0.006 0.010 
  17   (0.037) 0.120 0.006 0.006 0.010 
  18   (0.030) 0.045 0.005 0.005 0.008 
  19   (0.033) 0.045 0.006 0.006 0.009 
  20   (0.031) 0.045 0.005 0.005 0.008 

Locus 87 : locus87 
16 alleles
0.0% missing data
   1   (0.080) 0.022 0.097 0.180 0.021 
   2   (0.051) 0.014 0.011 0.287 0.014 
   3   (0.037) 0.010 0.006 0.034 0.010 
   4   (0.045) 0.012 0.010 0.089 0.012 
   5   (0.051) 0.014 0.011 0.203 0.013 
   6   (0.043) 0.012 0.011 0.060 0.011 
   7   (0.058) 0.016 0.387 0.017 0.015 
   8   (0.100) 0.136 0.071 0.017 0.100 
   9   (0.074) 0.093 0.119 0.016 0.020 
  10   (0.094) 0.354 0.122 0.020 0.025 
  11   (0.089) 0.097 0.062 0.023 0.060 
  12   (0.081) 0.022 0.061 0.020 0.206 
  13   (0.041) 0.084 0.007 0.007 0.011 
  14   (0.061) 0.090 0.010 0.011 0.053 
  15   (0.047) 0.013 0.008 0.008 0.196 
  16   (0.047) 0.013 0.008 0.008 0.233 

Locus 88 : locus88 
22 alleles
0.0% missing data
   1   (0.043) 0.011 0.011 0.222 0.011 
   2   (0.029) 0.008 0.005 0.032 0.008 
   3   (0.039) 0.010 0.010 0.221 0.010 
   4   (0.036) 0.010 0.008 0.086 0.010 
   5   (0.029) 0.008 0.005 0.032 0.008 
   6   (0.029) 0.008 0.005 0.032 0.008 
   7   (0.036) 0.010 0.009 0.139 0.009 
   8   (0.033) 0.009 0.009 0.056 0.009 
   9   (0.030) 0.008 0.005 0.032 0.008 
  10   (0.027) 0.007 0.033 0.005 0.007 
  11   (0.055) 0.015 0.204 0.012 0.051 
  12   (0.123) 0.253 0.317 0.033 0.143 
  13   (0.076) 0.094 0.126 0.013 0.057 
  14   (0.093) 0.061 0.119 0.024 0.283 
  15   (0.046) 0.049 0.036 0.008 0.012 
  16   (0.072) 0.056 0.063 0.018 0.092 
  17   (0.034) 0.119 0.006 0.006 0.009 
  18   (0.031) 0.045 0.005 0.005 0.008 
  19   (0.036) 0.083 0.006 0.006 0.009 
  20   (0.034) 0.082 0.006 0.006 0.009 
  21   (0.029) 0.044 0.005 0.005 0.008 
  22   (0.041) 0.011 0.007 0.007 0.232 

Locus 89 : locus89 
23 alleles
0.0% missing data
   1   (0.049) 0.013 0.008 0.035 0.050 
   2   (0.031) 0.008 0.005 0.032 0.008 
   3   (0.038) 0.010 0.008 0.141 0.010 
   4   (0.060) 0.126 0.014 0.088 0.016 
   5   (0.043) 0.011 0.010 0.249 0.011 
   6   (0.047) 0.013 0.014 0.301 0.012 
   7   (0.057) 0.015 0.205 0.012 0.051 
   8   (0.028) 0.008 0.033 0.005 0.008 
   9   (0.073) 0.020 0.173 0.021 0.167 
  10   (0.045) 0.012 0.036 0.007 0.049 
  11   (0.038) 0.010 0.175 0.007 0.010 
  12   (0.061) 0.016 0.121 0.013 0.090 
  13   (0.051) 0.014 0.037 0.009 0.087 
  14   (0.073) 0.020 0.108 0.028 0.203 
  15   (0.039) 0.230 0.007 0.007 0.010 
  16   (0.040) 0.193 0.007 0.007 0.011 
  17   (0.030) 0.045 0.005 0.005 0.008 
  18   (0.033) 0.119 0.006 0.006 0.009 
  19   (0.034) 0.046 0.006 0.006 0.009 
  20   (0.030) 0.045 0.005 0.005 0.008 
  21   (0.037) 0.010 0.006 0.006 0.084 
  22   (0.029) 0.008 0.005 0.005 0.045 
  23   (0.031) 0.008 0.005 0.005 0.045 

Locus 90 : locus90 
24 alleles
0.0% missing data
   1   (0.058) 0.016 0.135 0.106 0.015 
   2   (0.052) 0.050 0.018 0.083 0.014 
   3   (0.033) 0.009 0.005 0.118 0.009 
   4   (0.030) 0.008 0.008 0.058 0.008 
   5   (0.033) 0.009 0.007 0.117 0.009 
   6   (0.050) 0.014 0.169 0.068 0.013 
   7   (0.078) 0.130 0.070 0.122 0.021 
   8   (0.050) 0.014 0.046 0.082 0.013 
   9   (0.051) 0.014 0.140 0.043 0.013 
  10   (0.091) 0.390 0.120 0.075 0.024 
  11   (0.062) 0.053 0.083 0.049 0.016 
  12   (0.050) 0.087 0.088 0.012 0.013 
  13   (0.046) 0.049 0.058 0.013 0.012 
  14   (0.028) 0.044 0.005 0.005 0.007 
  15   (0.027) 0.044 0.005 0.005 0.007 
  16   (0.033) 0.009 0.005 0.006 0.193 
  17   (0.029) 0.008 0.005 0.005 0.118 
  18   (0.026) 0.007 0.004 0.005 0.044 
  19   (0.031) 0.008 0.005 0.005 0.082 
  20   (0.032) 0.009 0.005 0.005 0.119 
  21   (0.028) 0.007 0.005 0.005 0.118 
  22   (0.028) 0.008 0.005 0.005 0.044 
  23   (0.025) 0.007 0.004 0.004 0.043 
  24   (0.030) 0.008 0.005 0.005 0.045 

Locus 91 : locus91 
17 alleles
0.0% missing data
   1   (0.087) 0.024 0.317 0.120 0.023 
   2   (0.065) 0.017 0.013 0.125 0.054 
   3   (0.071) 0.019 0.014 0.241 0.055 
   4   (0.069) 0.019 0.215 0.052 0.018 
   5   (0.076) 0.020 0.106 0.170 0.020 
   6   (0.069) 0.019 0.090 0.099 0.018 
   7   (0.065) 0.018 0.010 0.040 0.165 
   8   (0.037) 0.010 0.006 0.036 0.010 
   9   (0.061) 0.016 0.010 0.039 0.090 
  10   (0.048) 0.013 0.161 0.015 0.013 
  11   (0.042) 0.121 0.007 0.007 0.011 
  12   (0.075) 0.203 0.012 0.013 0.093 
  13   (0.047) 0.268 0.007 0.008 0.012 
  14   (0.065) 0.127 0.010 0.011 0.054 
  15   (0.040) 0.084 0.006 0.007 0.010 
  16   (0.039) 0.011 0.006 0.007 0.194 
  17   (0.044) 0.012 0.007 0.008 0.159 

Locus 92 : locus92 
18 alleles
0.0% missing data
   1   (0.104) 0.028 0.120 0.300 0.064 
   2   (0.105) 0.028 0.311 0.143 0.064 
   3   (0.136) 0.036 0.096 0.225 0.404 
   4   (0.044) 0.012 0.013 0.111 0.012 
   5   (0.041) 0.011 0.010 0.086 0.011 
   6   (0.060) 0.016 0.010 0.037 0.126 
   7   (0.067) 0.018 0.147 0.017 0.054 
   8   (0.036) 0.010 0.062 0.006 0.010 
   9   (0.035) 0.010 0.062 0.006 0.009 
  10   (0.073) 0.020 0.117 0.020 0.129 
  11   (0.043) 0.231 0.007 0.007 0.011 
  12   (0.046) 0.232 0.008 0.008 0.012 
  13   (0.035) 0.046 0.006 0.006 0.009 
  14   (0.034) 0.046 0.006 0.006 0.009 
  15   (0.037) 0.083 0.006 0.006 0.010 
  16   (0.038) 0.120 0.006 0.006 0.010 
  17   (0.033) 0.045 0.006 0.006 0.009 
  18   (0.033) 0.009 0.006 0.006 0.045 

Locus 93 : locus93 
21 alleles
0.0% missing data
   1   (0.065) 0.018 0.014 0.180 0.091 
   2   (0.071) 0.019 0.225 0.156 0.019 
   3   (0.054) 0.014 0.009 0.154 0.051 
   4   (0.049) 0.013 0.008 0.037 0.087 
   5   (0.038) 0.010 0.013 0.085 0.010 
   6   (0.031) 0.008 0.005 0.034 0.008 
   7   (0.063) 0.017 0.014 0.094 0.164 
   8   (0.060) 0.016 0.014 0.063 0.127 
   9   (0.044) 0.012 0.007 0.036 0.048 
  10   (0.058) 0.016 0.014 0.063 0.163 
  11   (0.042) 0.011 0.270 0.014 0.011 
  12   (0.036) 0.010 0.084 0.009 0.010 
  13   (0.056) 0.236 0.034 0.010 0.015 
  14   (0.054) 0.051 0.114 0.012 0.014 
  15   (0.054) 0.087 0.062 0.010 0.014 
  16   (0.056) 0.198 0.035 0.010 0.015 
  17   (0.035) 0.009 0.056 0.010 0.009 
  18   (0.033) 0.118 0.005 0.006 0.009 
  19   (0.037) 0.119 0.006 0.007 0.010 
  20   (0.031) 0.008 0.005 0.006 0.045 
  21   (0.033) 0.009 0.005 0.006 0.082 

Locus 94 : locus94 
19 alleles
0.0% missing data
   1   (0.058) 0.052 0.010 0.066 0.015 
   2   (0.061) 0.017 0.020 0.389 0.016 
   3   (0.047) 0.013 0.008 0.175 0.012 
   4   (0.070) 0.348 0.012 0.039 0.019 
   5   (0.061) 0.017 0.014 0.090 0.053 
   6   (0.071) 0.129 0.016 0.091 0.019 
   7   (0.059) 0.016 0.010 0.038 0.089 
   8   (0.048) 0.013 0.284 0.010 0.013 
   9   (0.051) 0.014 0.194 0.017 0.013 
  10   (0.039) 0.010 0.062 0.007 0.010 
  11   (0.046) 0.012 0.252 0.013 0.012 
  12   (0.057) 0.015 0.037 0.010 0.052 
  13   (0.040) 0.011 0.034 0.007 0.010 
  14   (0.066) 0.053 0.011 0.011 0.275 
  15   (0.067) 0.238 0.011 0.011 0.054 
  16   (0.042) 0.011 0.007 0.007 0.158 
  17   (0.041) 0.011 0.007 0.007 0.084 
  18   (0.036) 0.010 0.006 0.006 0.047 
  19   (0.039) 0.010 0.006 0.007 0.047 

Locus 95 : locus95 
28 alleles
0.0% missing data
   1   (0.037) 0.010 0.010 0.308 0.010 
   2   (0.063) 0.054 0.013 0.120 0.053 
   3   (0.054) 0.014 0.011 0.118 0.088 
   4   (0.051) 0.160 0.009 0.064 0.014 
   5   (0.027) 0.007 0.004 0.032 0.007 
   6   (0.052) 0.014 0.013 0.060 0.161 
   7   (0.027) 0.007 0.004 0.032 0.007 
   8   (0.054) 0.088 0.014 0.059 0.014 
   9   (0.026) 0.007 0.004 0.032 0.007 
  10   (0.046) 0.085 0.012 0.059 0.012 
  11   (0.033) 0.009 0.198 0.007 0.009 
  12   (0.033) 0.009 0.168 0.008 0.009 
  13   (0.034) 0.009 0.138 0.012 0.009 
  14   (0.031) 0.008 0.060 0.005 0.008 
  15   (0.033) 0.009 0.114 0.007 0.009 
  16   (0.032) 0.009 0.057 0.009 0.008 
  17   (0.030) 0.008 0.033 0.005 0.008 
  18   (0.029) 0.008 0.057 0.008 0.008 
  19   (0.027) 0.007 0.032 0.005 0.007 
  20   (0.048) 0.086 0.008 0.008 0.049 
  21   (0.037) 0.229 0.006 0.006 0.010 
  22   (0.028) 0.044 0.005 0.005 0.007 
  23   (0.027) 0.080 0.005 0.005 0.007 
  24   (0.027) 0.007 0.004 0.005 0.155 
  25   (0.029) 0.008 0.005 0.005 0.081 
  26   (0.032) 0.009 0.005 0.005 0.156 
  27   (0.026) 0.007 0.004 0.004 0.044 
  28   (0.029) 0.008 0.005 0.005 0.044 

Locus 96 : locus96 
21 alleles
0.0% missing data
   1   (0.066) 0.127 0.011 0.067 0.017 
   2   (0.044) 0.012 0.011 0.144 0.012 
   3   (0.045) 0.012 0.013 0.226 0.012 
   4   (0.077) 0.131 0.040 0.041 0.020 
   5   (0.066) 0.018 0.014 0.233 0.054 
   6   (0.077) 0.240 0.023 0.086 0.020 
   7   (0.040) 0.011 0.007 0.063 0.011 
   8   (0.057) 0.125 0.009 0.038 0.015 
   9   (0.079) 0.021 0.254 0.019 0.131 
  10   (0.048) 0.013 0.469 0.013 0.013 
  11   (0.042) 0.011 0.089 0.007 0.011 
  12   (0.035) 0.046 0.006 0.006 0.009 
  13   (0.032) 0.045 0.005 0.006 0.009 
  14   (0.042) 0.121 0.007 0.007 0.011 
  15   (0.040) 0.011 0.007 0.007 0.305 
  16   (0.036) 0.010 0.006 0.006 0.083 
  17   (0.035) 0.009 0.006 0.006 0.046 
  18   (0.037) 0.010 0.006 0.006 0.047 
  19   (0.035) 0.009 0.006 0.006 0.083 
  20   (0.033) 0.009 0.005 0.006 0.045 
  21   (0.033) 0.009 0.005 0.006 0.045 

Locus 97 : locus97 
20 alleles
0.0% missing data
   1   (0.059) 0.125 0.010 0.067 0.015 
   2   (0.081) 0.131 0.019 0.064 0.132 
   3   (0.099) 0.099 0.023 0.152 0.247 
   4   (0.058) 0.016 0.013 0.092 0.089 
   5   (0.099) 0.136 0.028 0.146 0.173 
   6   (0.047) 0.013 0.012 0.061 0.049 
   7   (0.079) 0.131 0.013 0.099 0.094 
   8   (0.033) 0.009 0.009 0.059 0.009 
   9   (0.034) 0.009 0.006 0.091 0.009 
  10   (0.048) 0.013 0.010 0.091 0.049 
  11   (0.038) 0.010 0.327 0.011 0.010 
  12   (0.045) 0.049 0.034 0.008 0.012 
  13   (0.038) 0.010 0.165 0.010 0.010 
  14   (0.033) 0.009 0.084 0.008 0.009 
  15   (0.040) 0.011 0.138 0.011 0.011 
  16   (0.029) 0.008 0.032 0.005 0.008 
  17   (0.030) 0.008 0.032 0.005 0.008 
  18   (0.029) 0.008 0.032 0.005 0.008 
  19   (0.027) 0.044 0.004 0.005 0.007 
  20   (0.053) 0.161 0.009 0.009 0.051 

Locus 98 : locus98 
20 alleles
0.0% missing data
   1   (0.060) 0.053 0.012 0.146 0.016 
   2   (0.058) 0.016 0.114 0.045 0.015 
   3   (0.064) 0.017 0.050 0.192 0.017 
   4   (0.055) 0.015 0.009 0.037 0.125 
   5   (0.039) 0.010 0.013 0.138 0.010 
   6   (0.065) 0.054 0.018 0.198 0.017 
   7   (0.048) 0.013 0.008 0.036 0.049 
   8   (0.076) 0.020 0.406 0.093 0.020 
   9   (0.040) 0.011 0.088 0.009 0.011 
  10   (0.038) 0.010 0.058 0.010 0.010 
  11   (0.081) 0.314 0.083 0.027 0.021 
  12   (0.059) 0.052 0.060 0.015 0.016 
  13   (0.062) 0.273 0.038 0.011 0.016 
  14   (0.039) 0.083 0.006 0.007 0.010 
  15   (0.040) 0.011 0.007 0.007 0.231 
  16   (0.038) 0.010 0.006 0.006 0.120 
  17   (0.035) 0.009 0.006 0.006 0.083 
  18   (0.031) 0.008 0.005 0.005 0.045 
  19   (0.038) 0.010 0.006 0.006 0.120 
  20   (0.034) 0.009 0.006 0.006 0.046 

Locus 99 : locus99 
13 alleles
0.0% missing data
   1   (0.104) 0.028 0.299 0.131 0.063 
   2   (0.122) 0.142 0.036 0.167 0.143 
   3   (0.071) 0.019 0.133 0.086 0.019 
   4   (0.080) 0.204 0.017 0.117 0.021 
   5   (0.092) 0.098 0.016 0.042 0.209 
   6   (0.120) 0.105 0.035 0.220 0.143 
   7   (0.082) 0.022 0.023 0.112 0.206 
   8   (0.085) 0.023 0.087 0.080 0.059 
   9   (0.045) 0.012 0.177 0.010 0.012 
  10   (0.043) 0.012 0.121 0.009 0.012 
  11   (0.035) 0.010 0.034 0.006 0.009 
  12   (0.070) 0.275 0.012 0.012 0.055 
  13   (0.052) 0.051 0.009 0.009 0.051 

Locus 100 : locus100 
18 alleles
0.0% missing data
   1   (0.033) 0.009 0.009 0.058 0.009 
   2   (0.099) 0.173 0.172 0.111 0.026 
   3   (0.073) 0.056 0.015 0.122 0.056 
   4   (0.097) 0.063 0.178 0.103 0.062 
   5   (0.036) 0.010 0.007 0.116 0.009 
   6   (0.067) 0.054 0.011 0.039 0.092 
   7   (0.060) 0.016 0.015 0.061 0.127 
   8   (0.038) 0.010 0.011 0.169 0.010 
   9   (0.029) 0.008 0.005 0.033 0.008 
  10   (0.035) 0.009 0.008 0.088 0.009 
  11   (0.092) 0.134 0.286 0.021 0.059 
  12   (0.102) 0.357 0.171 0.028 0.064 
  13   (0.060) 0.016 0.082 0.021 0.089 
  14   (0.046) 0.049 0.008 0.008 0.049 
  15   (0.032) 0.009 0.005 0.005 0.082 
  16   (0.034) 0.009 0.006 0.006 0.083 
  17   (0.037) 0.010 0.006 0.006 0.121 
  18   (0.029) 0.008 0.005 0.005 0.045 

Values of parameters used in structure:
DATAFILE=parentandhybrid2.str,	OUTFILE=parentandhybrid4Deme_3,	NUMINDS=50,	NUMLOCI=100,	MISSING=0,	LABEL=1,	POPDATA=0,	POPFLAG=0,	PHENOTYPE=0,	EXTRACOLS=0,	MAXPOPS=4,	BURNIN=200000,	NUMREPS=200000,	USEPOPINFO=0,	INFERALPHA=1,	INFERLAMBDA=0,	POPSPECIFICLAMBDA=0,	POPALPHAS=0,	COMPUTEPROB=1,	NOADMIX=0,	ADMBURNIN=500,	UPDATEFREQ=100,	PRINTLIKES=0,	INTERMEDSAVE=0,	PRINTKLD=0,	PRINTNET=1,	PRINTLAMBDA=1,	ANCESTDIST=0,	NUMBOXES=1000,	ANCESTPINT=0.90000,	GENSBACK=2,	MIGRPRIOR=0.01000,	PRINTQHAT=0,	PRINTQSUM=1,	ALPHA=1.0000,	FREQSCORR=1,	FPRIORMEAN=0.0100,	FPRIORSD=0.0500,	ONEFST=0,	LAMBDA=1.0000,	UNIFPRIORALPHA=1,	ALPHAMAX=10.0000,	ALPHAPRIORA=1.0000,	ALPHAPRIORB=2.0000,	ALPHAPROPSD=0.0250,	STARTATPOPINFO=0,	RANDOMIZE=1,	LINKAGE=0,	METROFREQ=10,	REPORTHITRATE=0,	MARKOVPHASE=0,	PHASED=0,	PLOIDY=2,	PHASEINFO=0	LOCPRIOR=0, 	LOCPRIORINIT=1.000000, 	LOCDATA=0, 	LOCISPOP=0, 	LOCPRIORSTEP=0.100000, 	MAXLOCPRIOR=20.000000, 	SEED=1658849768,	
[STRAT parameters]:    NUMSIMSTATS=1000,	PHENOTYPECOL=-9,	POOLFREQ=10,	LOCUSxONLY=0,	EMERROR=0.00100,	MISSINGPHENO=-9,	