

----------------------------------------------------
STRUCTURE by Pritchard, Stephens and Donnelly (2000)
     and Falush, Stephens and Pritchard (2003)
       Code by Pritchard, Falush and Hubisz
             Version 2.3.4 (Jul 2012)
----------------------------------------------------



Command line arguments:   /usr/local/bin/structure -i parentandhybrid2.str -m mainparams.txt -e extraparams.txt -K 4 -o parentandhybrid4Deme_5 
Input File:    parentandhybrid2.str

Run parameters:
   50 individuals
   100 loci
   4 populations assumed
   200000 Burn-in period
   200000 Reps


--------------------------------------------
Overall proportion of membership of the
sample in each of the 4 clusters

Inferred Clusters
  1      2      3      4    
0.300  0.300  0.200  0.200  

--------------------------------------------

Allele-freq. divergence among pops (Net nucleotide distance),
computed using point estimates of P.

      1       2       3       4      
 1      -    0.1077  0.0968  0.0952  
 2   0.1077     -    0.0965  0.1002  
 3   0.0968  0.0965     -    0.0883  
 4   0.0952  0.1002  0.0883     -    

Average distances (expected heterozygosity) between individuals in same cluster:
cluster  1  : 0.8473 
cluster  2  : 0.8504 
cluster  3  : 0.8664 
cluster  4  : 0.8626 

--------------------------------------------
Estimated Ln Prob of Data   = -23255.4
Mean value of ln likelihood = -21682.4
Variance of ln likelihood   = 3146.0
Mean value of alpha         = 0.0283

Mean value of Fst_1         = 0.1429
Mean value of Fst_2         = 0.1407
Mean value of Fst_3         = 0.1202
Mean value of Fst_4         = 0.1230


Inferred ancestry of individuals:
        Label (%Miss) :  Inferred clusters
  1        1    (0)   :  0.000 0.999 0.001 0.000 
  2        2    (0)   :  0.000 0.998 0.001 0.001 
  3        3    (0)   :  0.000 0.999 0.000 0.001 
  4        4    (0)   :  0.000 0.999 0.000 0.001 
  5        5    (0)   :  0.001 0.998 0.001 0.000 
  6        6    (0)   :  0.000 0.999 0.000 0.000 
  7        7    (0)   :  0.000 0.999 0.000 0.000 
  8        8    (0)   :  0.000 0.998 0.001 0.001 
  9        9    (0)   :  0.000 0.999 0.000 0.001 
 10       10    (0)   :  0.000 0.998 0.001 0.001 
 11       11    (0)   :  0.999 0.000 0.000 0.000 
 12       12    (0)   :  0.999 0.000 0.000 0.000 
 13       13    (0)   :  0.995 0.000 0.003 0.001 
 14       14    (0)   :  0.999 0.000 0.001 0.000 
 15       15    (0)   :  0.999 0.000 0.000 0.000 
 16       16    (0)   :  0.999 0.000 0.000 0.000 
 17       17    (0)   :  0.998 0.000 0.000 0.001 
 18       18    (0)   :  0.997 0.000 0.002 0.001 
 19       19    (0)   :  0.999 0.000 0.000 0.000 
 20       20    (0)   :  0.999 0.000 0.000 0.000 
 21      h01    (0)   :  0.472 0.527 0.000 0.000 
 22      h02    (0)   :  0.521 0.479 0.000 0.000 
 23      h03    (0)   :  0.507 0.493 0.000 0.000 
 24      h04    (0)   :  0.473 0.526 0.000 0.000 
 25      h05    (0)   :  0.501 0.499 0.000 0.000 
 26      h06    (0)   :  0.505 0.494 0.000 0.000 
 27      h07    (0)   :  0.507 0.492 0.000 0.000 
 28      h08    (0)   :  0.504 0.496 0.000 0.000 
 29      h09    (0)   :  0.492 0.507 0.000 0.000 
 30      h10    (0)   :  0.516 0.483 0.000 0.000 
 31       21    (0)   :  0.000 0.000 0.999 0.000 
 32       22    (0)   :  0.000 0.001 0.999 0.000 
 33       23    (0)   :  0.001 0.001 0.997 0.001 
 34       24    (0)   :  0.001 0.000 0.998 0.000 
 35       25    (0)   :  0.000 0.000 0.999 0.000 
 36       26    (0)   :  0.001 0.000 0.999 0.000 
 37       27    (0)   :  0.000 0.000 0.999 0.000 
 38       28    (0)   :  0.000 0.000 0.999 0.001 
 39       29    (0)   :  0.000 0.000 0.999 0.000 
 40       30    (0)   :  0.000 0.001 0.999 0.000 
 41       31    (0)   :  0.000 0.000 0.001 0.999 
 42       32    (0)   :  0.004 0.001 0.001 0.995 
 43       33    (0)   :  0.001 0.000 0.000 0.999 
 44       34    (0)   :  0.000 0.000 0.000 0.999 
 45       35    (0)   :  0.000 0.001 0.001 0.998 
 46       36    (0)   :  0.000 0.000 0.000 0.999 
 47       37    (0)   :  0.001 0.000 0.000 0.999 
 48       38    (0)   :  0.000 0.001 0.001 0.998 
 49       39    (0)   :  0.000 0.000 0.001 0.999 
 50       40    (0)   :  0.000 0.000 0.000 0.999 


Estimated Allele Frequencies in each cluster
First column gives estimated ancestral frequencies


Locus 1 : locus1 
20 alleles
0.0% missing data
   1   (0.035) 0.008 0.086 0.010 0.009 
   2   (0.060) 0.015 0.226 0.052 0.016 
   3   (0.064) 0.015 0.172 0.127 0.017 
   4   (0.049) 0.008 0.063 0.013 0.050 
   5   (0.031) 0.005 0.060 0.008 0.008 
   6   (0.036) 0.010 0.057 0.010 0.009 
   7   (0.038) 0.014 0.081 0.010 0.010 
   8   (0.032) 0.008 0.086 0.009 0.009 
   9   (0.052) 0.009 0.036 0.161 0.014 
  10   (0.059) 0.231 0.013 0.016 0.052 
  11   (0.074) 0.121 0.015 0.056 0.093 
  12   (0.077) 0.085 0.024 0.057 0.094 
  13   (0.078) 0.288 0.018 0.057 0.057 
  14   (0.036) 0.088 0.008 0.010 0.009 
  15   (0.093) 0.064 0.023 0.135 0.246 
  16   (0.035) 0.006 0.006 0.119 0.009 
  17   (0.033) 0.005 0.006 0.082 0.009 
  18   (0.049) 0.008 0.008 0.049 0.087 
  19   (0.034) 0.006 0.006 0.009 0.119 
  20   (0.035) 0.006 0.006 0.009 0.083 

Locus 2 : locus2 
23 alleles
0.0% missing data
   1   (0.077) 0.241 0.141 0.021 0.020 
   2   (0.044) 0.010 0.264 0.012 0.012 
   3   (0.055) 0.075 0.082 0.015 0.015 
   4   (0.066) 0.142 0.157 0.018 0.017 
   5   (0.062) 0.121 0.093 0.017 0.016 
   6   (0.057) 0.046 0.086 0.015 0.015 
   7   (0.032) 0.005 0.034 0.009 0.008 
   8   (0.032) 0.005 0.034 0.009 0.009 
   9   (0.047) 0.269 0.016 0.013 0.012 
  10   (0.057) 0.009 0.010 0.162 0.089 
  11   (0.033) 0.005 0.006 0.045 0.009 
  12   (0.034) 0.005 0.006 0.082 0.009 
  13   (0.035) 0.006 0.006 0.156 0.009 
  14   (0.039) 0.006 0.007 0.083 0.010 
  15   (0.036) 0.006 0.006 0.083 0.009 
  16   (0.036) 0.006 0.006 0.083 0.009 
  17   (0.032) 0.005 0.006 0.045 0.008 
  18   (0.055) 0.009 0.010 0.088 0.088 
  19   (0.035) 0.006 0.006 0.009 0.119 
  20   (0.040) 0.006 0.007 0.011 0.195 
  21   (0.039) 0.006 0.007 0.010 0.231 
  22   (0.025) 0.004 0.004 0.007 0.043 
  23   (0.032) 0.005 0.006 0.009 0.045 

Locus 3 : locus3 
23 alleles
0.0% missing data
   1   (0.048) 0.011 0.392 0.013 0.013 
   2   (0.068) 0.017 0.227 0.091 0.018 
   3   (0.062) 0.017 0.114 0.017 0.053 
   4   (0.050) 0.008 0.036 0.087 0.013 
   5   (0.050) 0.008 0.036 0.014 0.050 
   6   (0.066) 0.017 0.060 0.018 0.165 
   7   (0.039) 0.117 0.008 0.011 0.010 
   8   (0.044) 0.106 0.019 0.012 0.011 
   9   (0.046) 0.311 0.010 0.012 0.012 
  10   (0.042) 0.143 0.011 0.011 0.011 
  11   (0.039) 0.090 0.007 0.010 0.010 
  12   (0.035) 0.034 0.006 0.010 0.009 
  13   (0.039) 0.058 0.011 0.011 0.010 
  14   (0.034) 0.006 0.006 0.046 0.009 
  15   (0.047) 0.008 0.008 0.342 0.012 
  16   (0.035) 0.006 0.006 0.119 0.009 
  17   (0.033) 0.006 0.006 0.082 0.009 
  18   (0.035) 0.006 0.006 0.046 0.009 
  19   (0.037) 0.006 0.006 0.010 0.120 
  20   (0.032) 0.005 0.006 0.009 0.045 
  21   (0.043) 0.007 0.007 0.012 0.269 
  22   (0.038) 0.006 0.006 0.010 0.083 
  23   (0.036) 0.006 0.006 0.010 0.046 

Locus 4 : locus4 
22 alleles
0.0% missing data
   1   (0.071) 0.015 0.120 0.165 0.019 
   2   (0.047) 0.014 0.280 0.013 0.012 
   3   (0.057) 0.012 0.119 0.052 0.015 
   4   (0.038) 0.008 0.144 0.010 0.010 
   5   (0.035) 0.006 0.034 0.009 0.009 
   6   (0.074) 0.018 0.062 0.349 0.020 
   7   (0.071) 0.015 0.120 0.129 0.019 
   8   (0.046) 0.228 0.010 0.012 0.012 
   9   (0.048) 0.282 0.011 0.013 0.013 
  10   (0.041) 0.141 0.011 0.011 0.011 
  11   (0.062) 0.143 0.016 0.017 0.053 
  12   (0.042) 0.057 0.012 0.011 0.011 
  13   (0.040) 0.007 0.007 0.084 0.011 
  14   (0.037) 0.006 0.006 0.047 0.010 
  15   (0.032) 0.005 0.006 0.009 0.045 
  16   (0.043) 0.007 0.007 0.011 0.269 
  17   (0.031) 0.005 0.005 0.008 0.045 
  18   (0.040) 0.007 0.007 0.011 0.084 
  19   (0.036) 0.006 0.006 0.010 0.120 
  20   (0.035) 0.006 0.006 0.009 0.083 
  21   (0.035) 0.006 0.006 0.010 0.046 
  22   (0.038) 0.006 0.006 0.010 0.083 

Locus 5 : locus5 
11 alleles
0.0% missing data
   1   (0.108) 0.028 0.201 0.139 0.065 
   2   (0.081) 0.201 0.159 0.022 0.021 
   3   (0.187) 0.199 0.279 0.160 0.197 
   4   (0.143) 0.294 0.087 0.111 0.111 
   5   (0.089) 0.019 0.094 0.097 0.060 
   6   (0.063) 0.144 0.045 0.017 0.017 
   7   (0.087) 0.042 0.042 0.206 0.023 
   8   (0.041) 0.011 0.058 0.011 0.011 
   9   (0.069) 0.039 0.012 0.019 0.276 
  10   (0.067) 0.011 0.011 0.091 0.128 
  11   (0.067) 0.011 0.011 0.127 0.091 

Locus 6 : locus6 
23 alleles
0.0% missing data
   1   (0.065) 0.016 0.391 0.054 0.017 
   2   (0.070) 0.016 0.282 0.055 0.018 
   3   (0.053) 0.014 0.059 0.051 0.014 
   4   (0.038) 0.009 0.086 0.010 0.010 
   5   (0.031) 0.005 0.033 0.008 0.008 
   6   (0.041) 0.088 0.009 0.011 0.011 
   7   (0.042) 0.228 0.010 0.011 0.011 
   8   (0.035) 0.062 0.006 0.009 0.009 
   9   (0.049) 0.036 0.008 0.050 0.013 
  10   (0.036) 0.198 0.010 0.010 0.010 
  11   (0.056) 0.065 0.009 0.088 0.015 
  12   (0.031) 0.033 0.005 0.008 0.008 
  13   (0.071) 0.092 0.015 0.312 0.019 
  14   (0.062) 0.083 0.022 0.090 0.016 
  15   (0.037) 0.006 0.006 0.120 0.010 
  16   (0.033) 0.006 0.006 0.045 0.009 
  17   (0.037) 0.006 0.006 0.010 0.157 
  18   (0.039) 0.007 0.007 0.010 0.231 
  19   (0.039) 0.007 0.007 0.010 0.194 
  20   (0.038) 0.006 0.006 0.010 0.084 
  21   (0.033) 0.006 0.006 0.009 0.045 
  22   (0.032) 0.006 0.005 0.009 0.045 
  23   (0.032) 0.005 0.005 0.009 0.045 

Locus 7 : locus7 
22 alleles
0.0% missing data
   1   (0.047) 0.010 0.308 0.013 0.012 
   2   (0.049) 0.013 0.278 0.013 0.013 
   3   (0.041) 0.009 0.087 0.011 0.011 
   4   (0.044) 0.013 0.166 0.012 0.012 
   5   (0.043) 0.089 0.010 0.012 0.011 
   6   (0.036) 0.062 0.006 0.010 0.009 
   7   (0.043) 0.172 0.010 0.012 0.012 
   8   (0.042) 0.143 0.011 0.011 0.011 
   9   (0.048) 0.257 0.011 0.013 0.013 
  10   (0.029) 0.033 0.005 0.008 0.008 
  11   (0.062) 0.061 0.016 0.090 0.016 
  12   (0.059) 0.060 0.015 0.052 0.016 
  13   (0.063) 0.011 0.011 0.053 0.274 
  14   (0.035) 0.006 0.006 0.082 0.009 
  15   (0.072) 0.012 0.012 0.239 0.092 
  16   (0.063) 0.011 0.011 0.053 0.201 
  17   (0.035) 0.006 0.006 0.082 0.009 
  18   (0.039) 0.007 0.007 0.120 0.010 
  19   (0.033) 0.005 0.005 0.045 0.009 
  20   (0.034) 0.006 0.006 0.046 0.009 
  21   (0.041) 0.007 0.007 0.011 0.158 
  22   (0.039) 0.007 0.007 0.011 0.084 

Locus 8 : locus8 
18 alleles
0.0% missing data
   1   (0.045) 0.010 0.178 0.012 0.012 
   2   (0.062) 0.010 0.039 0.017 0.201 
   3   (0.113) 0.022 0.131 0.103 0.288 
   4   (0.084) 0.018 0.298 0.023 0.132 
   5   (0.069) 0.129 0.085 0.019 0.018 
   6   (0.065) 0.010 0.069 0.017 0.164 
   7   (0.062) 0.097 0.061 0.017 0.016 
   8   (0.062) 0.081 0.050 0.016 0.016 
   9   (0.054) 0.300 0.014 0.014 0.014 
  10   (0.035) 0.032 0.006 0.009 0.009 
  11   (0.049) 0.193 0.012 0.013 0.013 
  12   (0.042) 0.056 0.012 0.011 0.011 
  13   (0.044) 0.007 0.008 0.195 0.012 
  14   (0.059) 0.009 0.010 0.089 0.052 
  15   (0.043) 0.007 0.008 0.121 0.011 
  16   (0.043) 0.007 0.008 0.231 0.011 
  17   (0.035) 0.006 0.006 0.046 0.009 
  18   (0.034) 0.006 0.006 0.046 0.009 

Locus 9 : locus9 
18 alleles
0.0% missing data
   1   (0.067) 0.016 0.171 0.091 0.018 
   2   (0.105) 0.143 0.251 0.028 0.101 
   3   (0.060) 0.017 0.112 0.053 0.016 
   4   (0.041) 0.009 0.114 0.011 0.011 
   5   (0.067) 0.020 0.166 0.054 0.018 
   6   (0.056) 0.010 0.036 0.089 0.015 
   7   (0.059) 0.010 0.037 0.162 0.016 
   8   (0.050) 0.229 0.012 0.013 0.013 
   9   (0.066) 0.062 0.017 0.018 0.128 
  10   (0.072) 0.148 0.017 0.019 0.092 
  11   (0.071) 0.208 0.013 0.019 0.092 
  12   (0.081) 0.094 0.018 0.022 0.390 
  13   (0.042) 0.007 0.007 0.194 0.011 
  14   (0.036) 0.006 0.006 0.083 0.009 
  15   (0.030) 0.005 0.005 0.045 0.008 
  16   (0.033) 0.006 0.005 0.045 0.008 
  17   (0.033) 0.006 0.006 0.045 0.009 
  18   (0.030) 0.005 0.005 0.008 0.045 

Locus 10 : locus10 
17 alleles
0.0% missing data
   1   (0.049) 0.013 0.280 0.013 0.013 
   2   (0.057) 0.010 0.037 0.015 0.089 
   3   (0.082) 0.018 0.203 0.022 0.169 
   4   (0.085) 0.019 0.203 0.023 0.133 
   5   (0.072) 0.012 0.039 0.019 0.351 
   6   (0.044) 0.015 0.083 0.012 0.011 
   7   (0.058) 0.010 0.037 0.015 0.089 
   8   (0.080) 0.205 0.018 0.131 0.021 
   9   (0.071) 0.121 0.015 0.092 0.019 
  10   (0.046) 0.169 0.013 0.012 0.012 
  11   (0.034) 0.034 0.006 0.009 0.009 
  12   (0.086) 0.231 0.021 0.169 0.022 
  13   (0.064) 0.060 0.017 0.090 0.017 
  14   (0.055) 0.065 0.009 0.051 0.014 
  15   (0.044) 0.007 0.007 0.194 0.012 
  16   (0.037) 0.006 0.006 0.083 0.010 
  17   (0.036) 0.006 0.006 0.046 0.009 

Locus 11 : locus11 
21 alleles
0.0% missing data
   1   (0.048) 0.013 0.305 0.013 0.013 
   2   (0.038) 0.008 0.142 0.010 0.010 
   3   (0.041) 0.009 0.114 0.011 0.011 
   4   (0.029) 0.005 0.032 0.008 0.008 
   5   (0.038) 0.009 0.086 0.010 0.010 
   6   (0.042) 0.010 0.168 0.011 0.011 
   7   (0.069) 0.150 0.014 0.018 0.128 
   8   (0.117) 0.206 0.029 0.067 0.362 
   9   (0.044) 0.228 0.011 0.012 0.012 
  10   (0.068) 0.147 0.016 0.092 0.018 
  11   (0.066) 0.091 0.015 0.128 0.018 
  12   (0.060) 0.038 0.010 0.126 0.016 
  13   (0.054) 0.037 0.009 0.088 0.014 
  14   (0.038) 0.006 0.006 0.193 0.010 
  15   (0.036) 0.006 0.006 0.083 0.009 
  16   (0.033) 0.006 0.006 0.045 0.009 
  17   (0.033) 0.006 0.006 0.045 0.009 
  18   (0.035) 0.006 0.006 0.009 0.083 
  19   (0.039) 0.007 0.007 0.010 0.084 
  20   (0.038) 0.006 0.006 0.010 0.120 
  21   (0.033) 0.006 0.006 0.009 0.046 

Locus 12 : locus12 
15 alleles
0.0% missing data
   1   (0.041) 0.011 0.140 0.011 0.011 
   2   (0.123) 0.102 0.134 0.143 0.106 
   3   (0.038) 0.008 0.142 0.010 0.010 
   4   (0.031) 0.005 0.032 0.008 0.008 
   5   (0.075) 0.111 0.326 0.020 0.020 
   6   (0.135) 0.145 0.067 0.146 0.257 
   7   (0.103) 0.025 0.064 0.211 0.175 
   8   (0.053) 0.065 0.009 0.014 0.051 
   9   (0.034) 0.059 0.009 0.009 0.009 
  10   (0.032) 0.034 0.005 0.009 0.009 
  11   (0.064) 0.039 0.011 0.054 0.054 
  12   (0.104) 0.120 0.027 0.211 0.101 
  13   (0.101) 0.265 0.023 0.063 0.137 
  14   (0.034) 0.006 0.006 0.082 0.009 
  15   (0.032) 0.005 0.005 0.009 0.045 

Locus 13 : locus13 
18 alleles
0.0% missing data
   1   (0.064) 0.125 0.091 0.017 0.017 
   2   (0.105) 0.073 0.270 0.174 0.027 
   3   (0.066) 0.120 0.124 0.018 0.017 
   4   (0.041) 0.010 0.145 0.011 0.011 
   5   (0.056) 0.036 0.095 0.015 0.015 
   6   (0.084) 0.122 0.128 0.059 0.022 
   7   (0.033) 0.005 0.034 0.009 0.009 
   8   (0.060) 0.145 0.012 0.053 0.016 
   9   (0.062) 0.117 0.013 0.017 0.090 
  10   (0.044) 0.185 0.021 0.012 0.012 
  11   (0.060) 0.010 0.010 0.163 0.052 
  12   (0.038) 0.006 0.007 0.120 0.010 
  13   (0.055) 0.009 0.010 0.051 0.125 
  14   (0.078) 0.013 0.014 0.131 0.389 
  15   (0.057) 0.009 0.010 0.088 0.089 
  16   (0.033) 0.005 0.006 0.045 0.009 
  17   (0.032) 0.005 0.005 0.008 0.045 
  18   (0.033) 0.005 0.006 0.009 0.046 

Locus 14 : locus14 
16 alleles
0.0% missing data
   1   (0.091) 0.019 0.121 0.024 0.281 
   2   (0.072) 0.012 0.150 0.092 0.019 
   3   (0.078) 0.025 0.193 0.021 0.057 
   4   (0.089) 0.019 0.121 0.060 0.060 
   5   (0.080) 0.321 0.068 0.022 0.021 
   6   (0.078) 0.013 0.068 0.021 0.315 
   7   (0.052) 0.017 0.192 0.014 0.014 
   8   (0.075) 0.179 0.015 0.093 0.020 
   9   (0.048) 0.175 0.009 0.013 0.013 
  10   (0.061) 0.038 0.010 0.090 0.016 
  11   (0.070) 0.146 0.017 0.055 0.018 
  12   (0.045) 0.008 0.008 0.158 0.012 
  13   (0.035) 0.006 0.006 0.046 0.009 
  14   (0.046) 0.008 0.008 0.232 0.012 
  15   (0.038) 0.006 0.006 0.047 0.010 
  16   (0.044) 0.007 0.007 0.012 0.122 

Locus 15 : locus15 
22 alleles
0.0% missing data
   1   (0.044) 0.009 0.284 0.012 0.011 
   2   (0.040) 0.011 0.113 0.011 0.011 
   3   (0.074) 0.016 0.092 0.056 0.056 
   4   (0.063) 0.021 0.194 0.053 0.017 
   5   (0.037) 0.008 0.087 0.010 0.010 
   6   (0.035) 0.006 0.061 0.009 0.009 
   7   (0.032) 0.005 0.033 0.009 0.008 
   8   (0.045) 0.199 0.010 0.012 0.012 
   9   (0.061) 0.066 0.010 0.017 0.163 
  10   (0.078) 0.306 0.025 0.021 0.131 
  11   (0.039) 0.057 0.011 0.011 0.010 
  12   (0.067) 0.148 0.014 0.018 0.091 
  13   (0.068) 0.067 0.012 0.018 0.276 
  14   (0.032) 0.033 0.005 0.009 0.008 
  15   (0.039) 0.007 0.007 0.120 0.010 
  16   (0.039) 0.007 0.007 0.267 0.010 
  17   (0.038) 0.006 0.006 0.120 0.010 
  18   (0.032) 0.005 0.005 0.045 0.008 
  19   (0.037) 0.006 0.006 0.120 0.010 
  20   (0.033) 0.005 0.006 0.045 0.009 
  21   (0.033) 0.005 0.006 0.009 0.046 
  22   (0.034) 0.006 0.006 0.009 0.083 

Locus 16 : locus16 
21 alleles
0.0% missing data
   1   (0.097) 0.052 0.257 0.137 0.026 
   2   (0.035) 0.006 0.061 0.009 0.009 
   3   (0.040) 0.014 0.137 0.011 0.011 
   4   (0.091) 0.143 0.220 0.061 0.024 
   5   (0.039) 0.008 0.115 0.010 0.010 
   6   (0.069) 0.023 0.082 0.128 0.018 
   7   (0.038) 0.116 0.008 0.010 0.010 
   8   (0.039) 0.058 0.011 0.011 0.010 
   9   (0.039) 0.058 0.010 0.010 0.010 
  10   (0.044) 0.284 0.010 0.012 0.011 
  11   (0.035) 0.058 0.010 0.009 0.009 
  12   (0.033) 0.061 0.006 0.009 0.009 
  13   (0.038) 0.058 0.010 0.010 0.010 
  14   (0.045) 0.008 0.008 0.158 0.012 
  15   (0.074) 0.013 0.013 0.276 0.130 
  16   (0.034) 0.006 0.006 0.046 0.009 
  17   (0.052) 0.009 0.009 0.050 0.051 
  18   (0.036) 0.006 0.006 0.010 0.083 
  19   (0.043) 0.007 0.007 0.011 0.269 
  20   (0.037) 0.006 0.006 0.010 0.083 
  21   (0.040) 0.007 0.007 0.011 0.194 

Locus 17 : locus17 
22 alleles
0.0% missing data
   1   (0.036) 0.009 0.169 0.010 0.010 
   2   (0.035) 0.010 0.057 0.010 0.009 
   3   (0.035) 0.007 0.115 0.010 0.009 
   4   (0.066) 0.011 0.121 0.018 0.275 
   5   (0.055) 0.011 0.145 0.015 0.088 
   6   (0.064) 0.021 0.193 0.017 0.090 
   7   (0.062) 0.016 0.060 0.017 0.164 
   8   (0.035) 0.087 0.008 0.009 0.009 
   9   (0.059) 0.066 0.010 0.125 0.015 
  10   (0.057) 0.119 0.012 0.088 0.015 
  11   (0.037) 0.090 0.006 0.010 0.010 
  12   (0.039) 0.113 0.011 0.010 0.010 
  13   (0.060) 0.144 0.015 0.089 0.016 
  14   (0.072) 0.139 0.024 0.129 0.019 
  15   (0.030) 0.061 0.005 0.008 0.008 
  16   (0.051) 0.060 0.013 0.050 0.013 
  17   (0.039) 0.007 0.007 0.157 0.010 
  18   (0.034) 0.006 0.006 0.082 0.009 
  19   (0.033) 0.006 0.006 0.082 0.009 
  20   (0.032) 0.005 0.006 0.045 0.008 
  21   (0.032) 0.005 0.005 0.009 0.082 
  22   (0.036) 0.006 0.006 0.010 0.120 

Locus 18 : locus18 
16 alleles
0.0% missing data
   1   (0.098) 0.044 0.073 0.247 0.026 
   2   (0.120) 0.347 0.191 0.032 0.068 
   3   (0.087) 0.022 0.204 0.169 0.023 
   4   (0.097) 0.079 0.177 0.062 0.026 
   5   (0.080) 0.276 0.109 0.021 0.021 
   6   (0.090) 0.071 0.125 0.024 0.061 
   7   (0.063) 0.101 0.058 0.017 0.017 
   8   (0.040) 0.007 0.007 0.120 0.011 
   9   (0.040) 0.007 0.007 0.084 0.011 
  10   (0.043) 0.007 0.007 0.158 0.011 
  11   (0.047) 0.008 0.008 0.013 0.307 
  12   (0.043) 0.007 0.007 0.011 0.122 
  13   (0.043) 0.007 0.007 0.012 0.122 
  14   (0.035) 0.006 0.006 0.010 0.046 
  15   (0.039) 0.006 0.007 0.010 0.084 
  16   (0.034) 0.006 0.006 0.009 0.046 

Locus 19 : locus19 
14 alleles
0.0% missing data
   1   (0.047) 0.011 0.194 0.013 0.012 
   2   (0.047) 0.012 0.139 0.013 0.012 
   3   (0.049) 0.015 0.164 0.013 0.013 
   4   (0.066) 0.083 0.078 0.018 0.017 
   5   (0.122) 0.048 0.047 0.326 0.106 
   6   (0.155) 0.375 0.074 0.115 0.188 
   7   (0.038) 0.007 0.060 0.010 0.010 
   8   (0.048) 0.015 0.163 0.013 0.013 
   9   (0.046) 0.147 0.011 0.012 0.012 
  10   (0.142) 0.217 0.030 0.147 0.332 
  11   (0.083) 0.042 0.014 0.169 0.058 
  12   (0.056) 0.010 0.009 0.051 0.051 
  13   (0.067) 0.012 0.011 0.091 0.128 
  14   (0.034) 0.006 0.006 0.009 0.046 

Locus 20 : locus20 
20 alleles
0.0% missing data
   1   (0.051) 0.013 0.204 0.014 0.013 
   2   (0.054) 0.013 0.319 0.014 0.014 
   3   (0.071) 0.093 0.070 0.019 0.019 
   4   (0.048) 0.009 0.207 0.013 0.013 
   5   (0.082) 0.241 0.058 0.022 0.022 
   6   (0.051) 0.163 0.016 0.014 0.013 
   7   (0.050) 0.139 0.013 0.013 0.013 
   8   (0.054) 0.189 0.019 0.015 0.014 
   9   (0.039) 0.060 0.007 0.011 0.010 
  10   (0.047) 0.008 0.008 0.159 0.012 
  11   (0.055) 0.009 0.010 0.271 0.014 
  12   (0.041) 0.007 0.007 0.084 0.011 
  13   (0.049) 0.008 0.009 0.196 0.013 
  14   (0.040) 0.006 0.007 0.047 0.011 
  15   (0.038) 0.006 0.007 0.047 0.010 
  16   (0.049) 0.008 0.008 0.013 0.197 
  17   (0.043) 0.007 0.008 0.012 0.122 
  18   (0.050) 0.008 0.009 0.013 0.197 
  19   (0.048) 0.008 0.008 0.013 0.234 
  20   (0.041) 0.007 0.007 0.011 0.048 

Locus 21 : locus21 
20 alleles
0.0% missing data
   1   (0.068) 0.018 0.281 0.055 0.018 
   2   (0.053) 0.009 0.037 0.014 0.051 
   3   (0.040) 0.009 0.115 0.011 0.011 
   4   (0.082) 0.021 0.282 0.168 0.022 
   5   (0.054) 0.009 0.064 0.015 0.051 
   6   (0.063) 0.014 0.090 0.090 0.016 
   7   (0.072) 0.370 0.018 0.019 0.055 
   8   (0.039) 0.059 0.010 0.010 0.010 
   9   (0.069) 0.095 0.012 0.019 0.202 
  10   (0.035) 0.057 0.010 0.009 0.009 
  11   (0.035) 0.062 0.006 0.009 0.009 
  12   (0.074) 0.116 0.020 0.020 0.130 
  13   (0.037) 0.034 0.006 0.010 0.010 
  14   (0.039) 0.088 0.009 0.011 0.010 
  15   (0.042) 0.007 0.007 0.121 0.011 
  16   (0.037) 0.006 0.006 0.083 0.010 
  17   (0.038) 0.006 0.006 0.156 0.010 
  18   (0.044) 0.008 0.008 0.158 0.012 
  19   (0.043) 0.007 0.007 0.011 0.269 
  20   (0.034) 0.006 0.006 0.009 0.083 

Locus 22 : locus22 
21 alleles
0.0% missing data
   1   (0.047) 0.010 0.117 0.013 0.012 
   2   (0.047) 0.011 0.171 0.013 0.012 
   3   (0.038) 0.006 0.062 0.010 0.010 
   4   (0.052) 0.015 0.223 0.014 0.014 
   5   (0.041) 0.009 0.087 0.011 0.011 
   6   (0.038) 0.006 0.062 0.010 0.010 
   7   (0.049) 0.012 0.142 0.013 0.013 
   8   (0.049) 0.312 0.011 0.013 0.013 
   9   (0.076) 0.252 0.024 0.021 0.055 
  10   (0.044) 0.117 0.009 0.012 0.012 
  11   (0.053) 0.036 0.009 0.014 0.051 
  12   (0.037) 0.058 0.010 0.010 0.010 
  13   (0.080) 0.069 0.014 0.021 0.279 
  14   (0.035) 0.034 0.006 0.009 0.009 
  15   (0.051) 0.009 0.009 0.270 0.013 
  16   (0.044) 0.007 0.007 0.121 0.011 
  17   (0.044) 0.007 0.007 0.195 0.011 
  18   (0.048) 0.008 0.008 0.196 0.013 
  19   (0.049) 0.008 0.008 0.013 0.271 
  20   (0.043) 0.007 0.007 0.012 0.122 
  21   (0.036) 0.006 0.006 0.010 0.046 

Locus 23 : locus23 
19 alleles
0.0% missing data
   1   (0.049) 0.013 0.220 0.013 0.013 
   2   (0.043) 0.009 0.141 0.012 0.011 
   3   (0.039) 0.007 0.061 0.010 0.010 
   4   (0.040) 0.007 0.061 0.011 0.011 
   5   (0.051) 0.016 0.326 0.014 0.013 
   6   (0.033) 0.006 0.032 0.009 0.009 
   7   (0.047) 0.235 0.009 0.013 0.012 
   8   (0.066) 0.093 0.014 0.018 0.128 
   9   (0.109) 0.067 0.025 0.176 0.176 
  10   (0.069) 0.093 0.015 0.092 0.018 
  11   (0.066) 0.093 0.014 0.091 0.017 
  12   (0.065) 0.117 0.018 0.017 0.054 
  13   (0.045) 0.146 0.011 0.012 0.012 
  14   (0.074) 0.063 0.018 0.020 0.240 
  15   (0.044) 0.008 0.007 0.158 0.012 
  16   (0.047) 0.008 0.008 0.268 0.012 
  17   (0.034) 0.006 0.006 0.046 0.009 
  18   (0.045) 0.008 0.007 0.012 0.196 
  19   (0.033) 0.006 0.005 0.009 0.045 

Locus 24 : locus24 
22 alleles
0.0% missing data
   1   (0.055) 0.090 0.095 0.015 0.014 
   2   (0.075) 0.094 0.184 0.057 0.020 
   3   (0.058) 0.082 0.161 0.016 0.015 
   4   (0.055) 0.063 0.179 0.015 0.014 
   5   (0.061) 0.016 0.118 0.126 0.016 
   6   (0.050) 0.008 0.037 0.087 0.013 
   7   (0.081) 0.221 0.108 0.058 0.022 
   8   (0.055) 0.111 0.016 0.051 0.014 
   9   (0.060) 0.112 0.017 0.090 0.016 
  10   (0.053) 0.111 0.016 0.051 0.014 
  11   (0.028) 0.032 0.005 0.007 0.007 
  12   (0.029) 0.005 0.005 0.081 0.008 
  13   (0.034) 0.006 0.006 0.119 0.009 
  14   (0.055) 0.009 0.010 0.088 0.125 
  15   (0.035) 0.006 0.006 0.082 0.009 
  16   (0.032) 0.005 0.006 0.009 0.119 
  17   (0.033) 0.005 0.006 0.009 0.156 
  18   (0.035) 0.006 0.006 0.009 0.156 
  19   (0.035) 0.006 0.006 0.009 0.120 
  20   (0.026) 0.004 0.005 0.007 0.044 
  21   (0.028) 0.005 0.005 0.007 0.044 
  22   (0.029) 0.005 0.005 0.008 0.044 

Locus 25 : locus25 
21 alleles
0.0% missing data
   1   (0.064) 0.011 0.123 0.053 0.053 
   2   (0.088) 0.019 0.094 0.097 0.244 
   3   (0.053) 0.013 0.144 0.051 0.014 
   4   (0.071) 0.020 0.115 0.056 0.092 
   5   (0.082) 0.014 0.070 0.169 0.169 
   6   (0.061) 0.016 0.115 0.126 0.016 
   7   (0.029) 0.005 0.033 0.008 0.008 
   8   (0.042) 0.007 0.035 0.048 0.011 
   9   (0.054) 0.016 0.170 0.051 0.014 
  10   (0.069) 0.336 0.018 0.019 0.165 
  11   (0.034) 0.088 0.006 0.009 0.009 
  12   (0.029) 0.032 0.005 0.008 0.008 
  13   (0.034) 0.080 0.013 0.009 0.009 
  14   (0.031) 0.061 0.005 0.008 0.008 
  15   (0.067) 0.061 0.017 0.054 0.091 
  16   (0.032) 0.086 0.008 0.009 0.009 
  17   (0.028) 0.032 0.005 0.008 0.008 
  18   (0.031) 0.086 0.007 0.008 0.008 
  19   (0.032) 0.005 0.005 0.082 0.008 
  20   (0.045) 0.007 0.008 0.085 0.049 
  21   (0.026) 0.004 0.004 0.043 0.007 

Locus 26 : locus26 
23 alleles
0.0% missing data
   1   (0.051) 0.014 0.334 0.014 0.013 
   2   (0.039) 0.010 0.141 0.011 0.010 
   3   (0.037) 0.007 0.142 0.010 0.010 
   4   (0.033) 0.006 0.033 0.009 0.009 
   5   (0.041) 0.008 0.143 0.011 0.011 
   6   (0.036) 0.010 0.057 0.010 0.010 
   7   (0.042) 0.311 0.010 0.011 0.011 
   8   (0.067) 0.174 0.016 0.018 0.091 
   9   (0.033) 0.033 0.006 0.009 0.009 
  10   (0.055) 0.037 0.009 0.015 0.126 
  11   (0.041) 0.172 0.010 0.011 0.011 
  12   (0.094) 0.065 0.023 0.172 0.098 
  13   (0.072) 0.040 0.012 0.056 0.093 
  14   (0.036) 0.058 0.010 0.010 0.010 
  15   (0.040) 0.007 0.007 0.157 0.010 
  16   (0.033) 0.006 0.005 0.045 0.009 
  17   (0.032) 0.005 0.005 0.082 0.008 
  18   (0.038) 0.006 0.006 0.193 0.010 
  19   (0.035) 0.006 0.006 0.083 0.009 
  20   (0.031) 0.005 0.005 0.045 0.008 
  21   (0.048) 0.008 0.008 0.013 0.344 
  22   (0.034) 0.006 0.006 0.009 0.046 
  23   (0.030) 0.005 0.005 0.008 0.045 

Locus 27 : locus27 
21 alleles
0.0% missing data
   1   (0.055) 0.009 0.065 0.198 0.014 
   2   (0.033) 0.005 0.061 0.009 0.009 
   3   (0.032) 0.009 0.057 0.009 0.008 
   4   (0.044) 0.007 0.063 0.048 0.012 
   5   (0.030) 0.008 0.057 0.008 0.008 
   6   (0.043) 0.007 0.035 0.048 0.011 
   7   (0.058) 0.016 0.114 0.016 0.126 
   8   (0.053) 0.009 0.093 0.124 0.014 
   9   (0.038) 0.015 0.164 0.010 0.010 
  10   (0.031) 0.005 0.061 0.008 0.008 
  11   (0.092) 0.088 0.054 0.098 0.135 
  12   (0.052) 0.153 0.084 0.014 0.014 
  13   (0.089) 0.182 0.015 0.133 0.171 
  14   (0.061) 0.169 0.018 0.016 0.126 
  15   (0.032) 0.057 0.009 0.009 0.008 
  16   (0.039) 0.087 0.009 0.010 0.010 
  17   (0.077) 0.120 0.017 0.094 0.094 
  18   (0.031) 0.033 0.005 0.008 0.008 
  19   (0.030) 0.005 0.005 0.045 0.008 
  20   (0.047) 0.008 0.008 0.086 0.086 
  21   (0.032) 0.005 0.005 0.009 0.119 

Locus 28 : locus28 
18 alleles
0.0% missing data
   1   (0.099) 0.071 0.350 0.136 0.026 
   2   (0.077) 0.069 0.097 0.021 0.057 
   3   (0.054) 0.009 0.037 0.015 0.088 
   4   (0.067) 0.015 0.091 0.164 0.018 
   5   (0.080) 0.052 0.197 0.022 0.058 
   6   (0.032) 0.009 0.057 0.009 0.009 
   7   (0.088) 0.188 0.063 0.097 0.023 
   8   (0.064) 0.253 0.018 0.054 0.017 
   9   (0.031) 0.033 0.005 0.008 0.008 
  10   (0.068) 0.105 0.027 0.018 0.128 
  11   (0.035) 0.062 0.006 0.009 0.009 
  12   (0.053) 0.036 0.009 0.014 0.125 
  13   (0.052) 0.036 0.009 0.014 0.087 
  14   (0.047) 0.035 0.008 0.013 0.049 
  15   (0.036) 0.006 0.006 0.083 0.010 
  16   (0.040) 0.007 0.007 0.194 0.011 
  17   (0.036) 0.006 0.006 0.119 0.010 
  18   (0.040) 0.007 0.007 0.011 0.268 

Locus 29 : locus29 
22 alleles
0.0% missing data
   1   (0.052) 0.045 0.112 0.014 0.014 
   2   (0.080) 0.240 0.147 0.022 0.057 
   3   (0.056) 0.009 0.092 0.015 0.199 
   4   (0.098) 0.126 0.265 0.026 0.172 
   5   (0.079) 0.083 0.082 0.021 0.131 
   6   (0.032) 0.009 0.057 0.009 0.008 
   7   (0.062) 0.017 0.113 0.017 0.164 
   8   (0.045) 0.036 0.035 0.012 0.012 
   9   (0.051) 0.090 0.012 0.014 0.050 
  10   (0.030) 0.033 0.005 0.008 0.008 
  11   (0.028) 0.033 0.005 0.008 0.007 
  12   (0.054) 0.115 0.016 0.014 0.051 
  13   (0.030) 0.033 0.005 0.008 0.008 
  14   (0.030) 0.033 0.005 0.008 0.008 
  15   (0.033) 0.058 0.009 0.009 0.009 
  16   (0.032) 0.005 0.005 0.118 0.008 
  17   (0.036) 0.006 0.006 0.192 0.010 
  18   (0.036) 0.006 0.006 0.156 0.010 
  19   (0.036) 0.006 0.006 0.156 0.009 
  20   (0.032) 0.005 0.005 0.082 0.009 
  21   (0.034) 0.006 0.006 0.082 0.009 
  22   (0.035) 0.006 0.006 0.009 0.046 

Locus 30 : locus30 
22 alleles
0.0% missing data
   1   (0.046) 0.014 0.169 0.012 0.012 
   2   (0.088) 0.017 0.152 0.097 0.097 
   3   (0.040) 0.015 0.081 0.011 0.011 
   4   (0.063) 0.011 0.066 0.017 0.237 
   5   (0.032) 0.005 0.033 0.008 0.008 
   6   (0.053) 0.009 0.037 0.014 0.125 
   7   (0.077) 0.205 0.208 0.021 0.020 
   8   (0.037) 0.010 0.058 0.010 0.010 
   9   (0.053) 0.099 0.057 0.014 0.014 
  10   (0.052) 0.082 0.047 0.014 0.014 
  11   (0.040) 0.198 0.010 0.011 0.010 
  12   (0.039) 0.082 0.014 0.011 0.010 
  13   (0.029) 0.033 0.005 0.008 0.008 
  14   (0.039) 0.141 0.010 0.011 0.010 
  15   (0.031) 0.033 0.005 0.008 0.008 
  16   (0.031) 0.005 0.005 0.081 0.008 
  17   (0.032) 0.005 0.006 0.082 0.008 
  18   (0.040) 0.007 0.007 0.377 0.011 
  19   (0.052) 0.009 0.009 0.050 0.161 
  20   (0.058) 0.010 0.010 0.089 0.126 
  21   (0.031) 0.005 0.005 0.045 0.008 
  22   (0.037) 0.006 0.006 0.010 0.083 

Locus 31 : locus31 
14 alleles
0.0% missing data
   1   (0.083) 0.021 0.303 0.132 0.022 
   2   (0.077) 0.018 0.169 0.130 0.020 
   3   (0.050) 0.014 0.246 0.014 0.013 
   4   (0.095) 0.087 0.083 0.172 0.025 
   5   (0.055) 0.009 0.063 0.051 0.015 
   6   (0.083) 0.180 0.019 0.205 0.022 
   7   (0.085) 0.072 0.014 0.059 0.170 
   8   (0.064) 0.068 0.011 0.017 0.127 
   9   (0.098) 0.122 0.024 0.063 0.173 
  10   (0.075) 0.150 0.018 0.020 0.130 
  11   (0.110) 0.179 0.029 0.103 0.139 
  12   (0.056) 0.038 0.009 0.015 0.089 
  13   (0.035) 0.035 0.006 0.010 0.009 
  14   (0.034) 0.006 0.006 0.009 0.046 

Locus 32 : locus32 
21 alleles
0.0% missing data
   1   (0.073) 0.201 0.157 0.020 0.019 
   2   (0.048) 0.019 0.160 0.013 0.013 
   3   (0.076) 0.204 0.155 0.020 0.020 
   4   (0.040) 0.010 0.167 0.011 0.010 
   5   (0.059) 0.059 0.098 0.016 0.016 
   6   (0.032) 0.005 0.032 0.009 0.008 
   7   (0.032) 0.005 0.032 0.009 0.008 
   8   (0.037) 0.011 0.056 0.010 0.010 
   9   (0.054) 0.115 0.043 0.015 0.014 
  10   (0.042) 0.202 0.011 0.011 0.011 
  11   (0.038) 0.060 0.010 0.010 0.010 
  12   (0.034) 0.034 0.006 0.009 0.009 
  13   (0.066) 0.011 0.011 0.237 0.091 
  14   (0.037) 0.006 0.006 0.120 0.010 
  15   (0.067) 0.011 0.011 0.201 0.128 
  16   (0.038) 0.006 0.006 0.083 0.010 
  17   (0.072) 0.012 0.012 0.129 0.240 
  18   (0.053) 0.009 0.009 0.051 0.088 
  19   (0.039) 0.007 0.007 0.011 0.195 
  20   (0.031) 0.005 0.005 0.008 0.045 
  21   (0.033) 0.006 0.006 0.009 0.046 

Locus 33 : locus33 
22 alleles
0.0% missing data
   1   (0.048) 0.013 0.330 0.013 0.013 
   2   (0.042) 0.009 0.196 0.011 0.011 
   3   (0.039) 0.009 0.086 0.010 0.010 
   4   (0.037) 0.009 0.086 0.010 0.010 
   5   (0.030) 0.005 0.059 0.008 0.008 
   6   (0.039) 0.009 0.086 0.010 0.010 
   7   (0.062) 0.061 0.016 0.090 0.016 
   8   (0.040) 0.118 0.008 0.011 0.011 
   9   (0.063) 0.172 0.018 0.053 0.017 
  10   (0.068) 0.150 0.013 0.018 0.128 
  11   (0.040) 0.147 0.008 0.011 0.011 
  12   (0.080) 0.148 0.019 0.022 0.316 
  13   (0.073) 0.063 0.018 0.020 0.240 
  14   (0.052) 0.037 0.009 0.014 0.087 
  15   (0.042) 0.007 0.007 0.231 0.011 
  16   (0.036) 0.006 0.006 0.119 0.009 
  17   (0.038) 0.006 0.006 0.083 0.010 
  18   (0.035) 0.006 0.006 0.046 0.009 
  19   (0.037) 0.006 0.006 0.120 0.010 
  20   (0.035) 0.006 0.006 0.046 0.009 
  21   (0.032) 0.005 0.005 0.045 0.008 
  22   (0.031) 0.005 0.005 0.008 0.045 

Locus 34 : locus34 
20 alleles
0.0% missing data
   1   (0.070) 0.046 0.145 0.019 0.055 
   2   (0.081) 0.023 0.172 0.058 0.132 
   3   (0.081) 0.123 0.125 0.022 0.132 
   4   (0.091) 0.253 0.137 0.098 0.024 
   5   (0.047) 0.008 0.092 0.049 0.012 
   6   (0.086) 0.108 0.198 0.023 0.133 
   7   (0.047) 0.008 0.036 0.086 0.013 
   8   (0.062) 0.200 0.014 0.126 0.016 
   9   (0.055) 0.117 0.012 0.015 0.088 
  10   (0.052) 0.059 0.014 0.087 0.014 
  11   (0.031) 0.005 0.005 0.081 0.008 
  12   (0.028) 0.005 0.005 0.044 0.007 
  13   (0.048) 0.008 0.008 0.049 0.086 
  14   (0.033) 0.005 0.006 0.082 0.009 
  15   (0.043) 0.007 0.007 0.048 0.048 
  16   (0.030) 0.005 0.005 0.045 0.008 
  17   (0.028) 0.005 0.005 0.044 0.007 
  18   (0.031) 0.005 0.005 0.008 0.119 
  19   (0.029) 0.005 0.005 0.008 0.044 
  20   (0.028) 0.005 0.005 0.007 0.044 

Locus 35 : locus35 
20 alleles
0.0% missing data
   1   (0.065) 0.169 0.132 0.017 0.017 
   2   (0.091) 0.127 0.261 0.024 0.061 
   3   (0.082) 0.066 0.154 0.095 0.022 
   4   (0.087) 0.134 0.090 0.024 0.134 
   5   (0.058) 0.010 0.036 0.272 0.015 
   6   (0.082) 0.143 0.135 0.059 0.022 
   7   (0.060) 0.109 0.105 0.016 0.016 
   8   (0.066) 0.092 0.015 0.017 0.201 
   9   (0.030) 0.058 0.008 0.008 0.008 
  10   (0.059) 0.038 0.010 0.235 0.016 
  11   (0.037) 0.006 0.006 0.156 0.010 
  12   (0.037) 0.006 0.006 0.010 0.120 
  13   (0.032) 0.006 0.005 0.009 0.045 
  14   (0.030) 0.005 0.005 0.008 0.045 
  15   (0.031) 0.005 0.005 0.008 0.045 
  16   (0.030) 0.005 0.005 0.008 0.044 
  17   (0.030) 0.005 0.005 0.008 0.045 
  18   (0.031) 0.005 0.005 0.008 0.045 
  19   (0.031) 0.005 0.005 0.008 0.045 
  20   (0.030) 0.005 0.005 0.008 0.045 

Locus 36 : locus36 
18 alleles
0.0% missing data
   1   (0.102) 0.080 0.150 0.101 0.063 
   2   (0.036) 0.008 0.089 0.010 0.010 
   3   (0.128) 0.100 0.223 0.181 0.107 
   4   (0.105) 0.044 0.103 0.174 0.101 
   5   (0.058) 0.055 0.188 0.016 0.016 
   6   (0.034) 0.009 0.059 0.009 0.009 
   7   (0.066) 0.022 0.085 0.164 0.018 
   8   (0.081) 0.331 0.023 0.058 0.058 
   9   (0.038) 0.110 0.011 0.010 0.010 
  10   (0.069) 0.141 0.018 0.019 0.166 
  11   (0.032) 0.032 0.006 0.009 0.008 
  12   (0.033) 0.032 0.006 0.009 0.009 
  13   (0.034) 0.006 0.006 0.156 0.009 
  14   (0.046) 0.008 0.008 0.049 0.049 
  15   (0.035) 0.006 0.006 0.009 0.157 
  16   (0.039) 0.006 0.007 0.011 0.121 
  17   (0.032) 0.005 0.006 0.009 0.045 
  18   (0.031) 0.005 0.005 0.008 0.045 

Locus 37 : locus37 
18 alleles
0.0% missing data
   1   (0.067) 0.014 0.147 0.091 0.018 
   2   (0.090) 0.052 0.255 0.024 0.060 
   3   (0.071) 0.136 0.191 0.019 0.019 
   4   (0.089) 0.160 0.065 0.024 0.097 
   5   (0.073) 0.015 0.119 0.202 0.019 
   6   (0.094) 0.057 0.057 0.025 0.320 
   7   (0.043) 0.016 0.081 0.012 0.011 
   8   (0.046) 0.229 0.011 0.012 0.012 
   9   (0.037) 0.062 0.006 0.010 0.010 
  10   (0.038) 0.091 0.006 0.010 0.010 
  11   (0.063) 0.120 0.014 0.017 0.090 
  12   (0.038) 0.006 0.006 0.157 0.010 
  13   (0.038) 0.006 0.006 0.120 0.010 
  14   (0.056) 0.009 0.009 0.125 0.051 
  15   (0.050) 0.008 0.008 0.050 0.050 
  16   (0.031) 0.005 0.005 0.045 0.008 
  17   (0.033) 0.006 0.006 0.045 0.009 
  18   (0.041) 0.007 0.007 0.011 0.195 

Locus 38 : locus38 
18 alleles
0.0% missing data
   1   (0.108) 0.092 0.167 0.322 0.029 
   2   (0.036) 0.008 0.117 0.010 0.010 
   3   (0.085) 0.173 0.131 0.023 0.059 
   4   (0.043) 0.007 0.036 0.048 0.011 
   5   (0.112) 0.175 0.083 0.176 0.066 
   6   (0.035) 0.006 0.090 0.009 0.009 
   7   (0.060) 0.017 0.172 0.016 0.053 
   8   (0.031) 0.005 0.033 0.008 0.008 
   9   (0.071) 0.114 0.048 0.019 0.056 
  10   (0.067) 0.052 0.053 0.054 0.018 
  11   (0.057) 0.119 0.010 0.015 0.089 
  12   (0.094) 0.198 0.025 0.172 0.061 
  13   (0.032) 0.005 0.005 0.082 0.009 
  14   (0.038) 0.006 0.007 0.010 0.158 
  15   (0.038) 0.006 0.006 0.010 0.231 
  16   (0.032) 0.005 0.006 0.009 0.045 
  17   (0.030) 0.005 0.005 0.008 0.045 
  18   (0.030) 0.005 0.005 0.008 0.045 

Locus 39 : locus39 
25 alleles
0.0% missing data
   1   (0.069) 0.014 0.121 0.055 0.129 
   2   (0.047) 0.010 0.146 0.049 0.012 
   3   (0.032) 0.009 0.058 0.009 0.009 
   4   (0.067) 0.011 0.067 0.165 0.054 
   5   (0.052) 0.014 0.115 0.014 0.087 
   6   (0.031) 0.007 0.116 0.008 0.008 
   7   (0.052) 0.012 0.089 0.014 0.235 
   8   (0.046) 0.012 0.059 0.012 0.049 
   9   (0.060) 0.015 0.061 0.053 0.052 
  10   (0.052) 0.013 0.059 0.197 0.014 
  11   (0.031) 0.116 0.005 0.008 0.008 
  12   (0.033) 0.086 0.008 0.009 0.009 
  13   (0.034) 0.115 0.007 0.009 0.009 
  14   (0.035) 0.105 0.017 0.009 0.009 
  15   (0.030) 0.140 0.008 0.008 0.008 
  16   (0.030) 0.111 0.010 0.008 0.008 
  17   (0.029) 0.032 0.005 0.008 0.008 
  18   (0.027) 0.032 0.005 0.007 0.007 
  19   (0.027) 0.032 0.005 0.007 0.007 
  20   (0.030) 0.032 0.005 0.008 0.008 
  21   (0.030) 0.056 0.009 0.008 0.008 
  22   (0.031) 0.005 0.005 0.118 0.008 
  23   (0.035) 0.006 0.006 0.119 0.009 
  24   (0.048) 0.008 0.008 0.049 0.161 
  25   (0.043) 0.007 0.007 0.048 0.085 

Locus 40 : locus40 
16 alleles
0.0% missing data
   1   (0.063) 0.014 0.175 0.053 0.017 
   2   (0.076) 0.018 0.231 0.020 0.093 
   3   (0.079) 0.013 0.069 0.095 0.057 
   4   (0.097) 0.029 0.198 0.319 0.026 
   5   (0.086) 0.018 0.123 0.096 0.059 
   6   (0.100) 0.017 0.101 0.100 0.174 
   7   (0.080) 0.232 0.015 0.021 0.169 
   8   (0.087) 0.388 0.026 0.023 0.133 
   9   (0.042) 0.112 0.012 0.011 0.011 
  10   (0.040) 0.062 0.007 0.011 0.011 
  11   (0.055) 0.064 0.009 0.015 0.051 
  12   (0.061) 0.010 0.010 0.163 0.053 
  13   (0.034) 0.006 0.006 0.046 0.009 
  14   (0.033) 0.005 0.006 0.009 0.046 
  15   (0.033) 0.006 0.006 0.009 0.046 
  16   (0.034) 0.006 0.006 0.009 0.046 

Locus 41 : locus41 
19 alleles
0.0% missing data
   1   (0.043) 0.010 0.253 0.012 0.011 
   2   (0.044) 0.008 0.228 0.012 0.012 
   3   (0.057) 0.010 0.037 0.015 0.126 
   4   (0.038) 0.009 0.087 0.010 0.010 
   5   (0.047) 0.024 0.128 0.013 0.012 
   6   (0.042) 0.009 0.116 0.011 0.011 
   7   (0.062) 0.139 0.021 0.053 0.016 
   8   (0.062) 0.148 0.012 0.053 0.016 
   9   (0.074) 0.201 0.019 0.130 0.020 
  10   (0.068) 0.038 0.011 0.018 0.276 
  11   (0.061) 0.176 0.012 0.053 0.016 
  12   (0.076) 0.092 0.017 0.057 0.057 
  13   (0.039) 0.087 0.009 0.010 0.010 
  14   (0.059) 0.010 0.010 0.199 0.052 
  15   (0.040) 0.007 0.007 0.120 0.010 
  16   (0.061) 0.010 0.010 0.089 0.090 
  17   (0.068) 0.011 0.011 0.128 0.165 
  18   (0.029) 0.005 0.005 0.008 0.045 
  19   (0.031) 0.005 0.005 0.008 0.045 

Locus 42 : locus42 
17 alleles
0.0% missing data
   1   (0.082) 0.069 0.475 0.022 0.021 
   2   (0.079) 0.236 0.098 0.021 0.021 
   3   (0.077) 0.016 0.118 0.021 0.167 
   4   (0.078) 0.016 0.174 0.021 0.131 
   5   (0.044) 0.090 0.010 0.012 0.012 
   6   (0.078) 0.064 0.019 0.021 0.279 
   7   (0.073) 0.152 0.015 0.093 0.019 
   8   (0.072) 0.098 0.012 0.019 0.166 
   9   (0.072) 0.149 0.017 0.056 0.019 
  10   (0.072) 0.063 0.017 0.129 0.019 
  11   (0.046) 0.008 0.008 0.232 0.012 
  12   (0.040) 0.007 0.007 0.084 0.011 
  13   (0.039) 0.007 0.006 0.084 0.010 
  14   (0.035) 0.006 0.006 0.046 0.009 
  15   (0.040) 0.007 0.007 0.120 0.010 
  16   (0.036) 0.006 0.006 0.010 0.046 
  17   (0.038) 0.006 0.006 0.010 0.047 

Locus 43 : locus43 
21 alleles
0.0% missing data
   1   (0.051) 0.009 0.036 0.014 0.050 
   2   (0.040) 0.009 0.115 0.011 0.011 
   3   (0.045) 0.015 0.247 0.012 0.012 
   4   (0.068) 0.014 0.146 0.018 0.092 
   5   (0.056) 0.012 0.089 0.015 0.051 
   6   (0.041) 0.009 0.225 0.011 0.011 
   7   (0.032) 0.033 0.005 0.009 0.008 
   8   (0.077) 0.176 0.017 0.021 0.168 
   9   (0.065) 0.115 0.018 0.091 0.017 
  10   (0.048) 0.287 0.010 0.013 0.013 
  11   (0.066) 0.171 0.019 0.018 0.054 
  12   (0.067) 0.092 0.015 0.018 0.165 
  13   (0.042) 0.007 0.007 0.267 0.011 
  14   (0.041) 0.007 0.007 0.120 0.011 
  15   (0.038) 0.006 0.006 0.120 0.010 
  16   (0.037) 0.006 0.006 0.119 0.010 
  17   (0.047) 0.008 0.008 0.049 0.049 
  18   (0.032) 0.005 0.005 0.045 0.009 
  19   (0.038) 0.006 0.006 0.010 0.157 
  20   (0.034) 0.006 0.006 0.009 0.046 
  21   (0.034) 0.006 0.006 0.009 0.046 

Locus 44 : locus44 
23 alleles
0.0% missing data
   1   (0.035) 0.009 0.197 0.009 0.009 
   2   (0.063) 0.014 0.090 0.163 0.017 
   3   (0.055) 0.012 0.118 0.015 0.051 
   4   (0.034) 0.008 0.087 0.009 0.009 
   5   (0.048) 0.008 0.036 0.013 0.123 
   6   (0.070) 0.016 0.174 0.055 0.055 
   7   (0.060) 0.010 0.038 0.053 0.053 
   8   (0.035) 0.013 0.081 0.009 0.009 
   9   (0.057) 0.010 0.037 0.052 0.052 
  10   (0.029) 0.005 0.033 0.008 0.008 
  11   (0.036) 0.171 0.007 0.010 0.010 
  12   (0.089) 0.093 0.020 0.170 0.134 
  13   (0.029) 0.032 0.005 0.008 0.008 
  14   (0.030) 0.033 0.005 0.008 0.008 
  15   (0.036) 0.224 0.009 0.010 0.009 
  16   (0.033) 0.057 0.010 0.009 0.009 
  17   (0.038) 0.142 0.010 0.010 0.010 
  18   (0.035) 0.112 0.011 0.009 0.009 
  19   (0.033) 0.005 0.006 0.155 0.009 
  20   (0.035) 0.006 0.006 0.119 0.009 
  21   (0.056) 0.009 0.009 0.088 0.236 
  22   (0.036) 0.006 0.006 0.010 0.120 
  23   (0.030) 0.005 0.005 0.008 0.044 

Locus 45 : locus45 
17 alleles
0.0% missing data
   1   (0.067) 0.018 0.115 0.091 0.018 
   2   (0.046) 0.013 0.253 0.012 0.012 
   3   (0.059) 0.012 0.119 0.052 0.016 
   4   (0.062) 0.010 0.094 0.090 0.016 
   5   (0.069) 0.015 0.091 0.165 0.018 
   6   (0.033) 0.005 0.033 0.009 0.009 
   7   (0.098) 0.024 0.148 0.099 0.100 
   8   (0.053) 0.009 0.037 0.088 0.014 
   9   (0.121) 0.179 0.028 0.142 0.291 
  10   (0.040) 0.144 0.008 0.011 0.010 
  11   (0.065) 0.285 0.015 0.017 0.052 
  12   (0.044) 0.138 0.015 0.012 0.012 
  13   (0.072) 0.119 0.015 0.019 0.166 
  14   (0.066) 0.011 0.011 0.127 0.128 
  15   (0.034) 0.006 0.006 0.046 0.009 
  16   (0.037) 0.006 0.006 0.010 0.083 
  17   (0.033) 0.005 0.006 0.009 0.046 

Locus 46 : locus46 
14 alleles
0.0% missing data
   1   (0.078) 0.019 0.372 0.021 0.094 
   2   (0.077) 0.016 0.235 0.021 0.131 
   3   (0.063) 0.010 0.095 0.017 0.090 
   4   (0.035) 0.006 0.034 0.009 0.009 
   5   (0.172) 0.326 0.144 0.119 0.230 
   6   (0.088) 0.069 0.015 0.170 0.060 
   7   (0.035) 0.033 0.006 0.009 0.009 
   8   (0.100) 0.063 0.025 0.137 0.137 
   9   (0.034) 0.033 0.006 0.009 0.009 
  10   (0.119) 0.259 0.028 0.178 0.105 
  11   (0.043) 0.112 0.012 0.011 0.011 
  12   (0.050) 0.036 0.009 0.050 0.013 
  13   (0.068) 0.011 0.012 0.164 0.091 
  14   (0.038) 0.006 0.007 0.083 0.010 

Locus 47 : locus47 
21 alleles
0.0% missing data
   1   (0.129) 0.124 0.218 0.291 0.108 
   2   (0.057) 0.019 0.264 0.051 0.015 
   3   (0.035) 0.010 0.134 0.009 0.009 
   4   (0.072) 0.057 0.051 0.129 0.019 
   5   (0.029) 0.005 0.031 0.008 0.008 
   6   (0.033) 0.010 0.054 0.009 0.009 
   7   (0.034) 0.009 0.082 0.009 0.009 
   8   (0.072) 0.071 0.038 0.202 0.019 
   9   (0.043) 0.008 0.033 0.048 0.011 
  10   (0.084) 0.098 0.017 0.059 0.244 
  11   (0.039) 0.092 0.009 0.010 0.010 
  12   (0.036) 0.092 0.008 0.010 0.009 
  13   (0.053) 0.153 0.012 0.014 0.049 
  14   (0.031) 0.094 0.005 0.008 0.008 
  15   (0.047) 0.094 0.010 0.013 0.049 
  16   (0.050) 0.037 0.008 0.013 0.161 
  17   (0.030) 0.005 0.005 0.081 0.008 
  18   (0.033) 0.006 0.005 0.009 0.083 
  19   (0.033) 0.006 0.005 0.009 0.082 
  20   (0.030) 0.005 0.005 0.008 0.045 
  21   (0.029) 0.005 0.005 0.008 0.044 

Locus 48 : locus48 
25 alleles
0.0% missing data
   1   (0.062) 0.145 0.261 0.017 0.016 
   2   (0.030) 0.007 0.085 0.008 0.008 
   3   (0.031) 0.005 0.033 0.008 0.008 
   4   (0.034) 0.007 0.114 0.009 0.009 
   5   (0.063) 0.103 0.058 0.053 0.017 
   6   (0.051) 0.150 0.036 0.014 0.014 
   7   (0.075) 0.169 0.160 0.056 0.020 
   8   (0.068) 0.068 0.065 0.128 0.018 
   9   (0.066) 0.095 0.093 0.054 0.017 
  10   (0.028) 0.033 0.005 0.007 0.007 
  11   (0.046) 0.060 0.012 0.049 0.012 
  12   (0.025) 0.032 0.004 0.007 0.007 
  13   (0.030) 0.058 0.008 0.008 0.008 
  14   (0.040) 0.007 0.007 0.339 0.010 
  15   (0.039) 0.007 0.007 0.121 0.010 
  16   (0.029) 0.005 0.005 0.044 0.008 
  17   (0.032) 0.005 0.005 0.009 0.119 
  18   (0.034) 0.006 0.006 0.009 0.119 
  19   (0.032) 0.005 0.005 0.009 0.082 
  20   (0.035) 0.006 0.006 0.009 0.120 
  21   (0.032) 0.006 0.005 0.009 0.156 
  22   (0.027) 0.005 0.005 0.007 0.044 
  23   (0.029) 0.005 0.005 0.008 0.044 
  24   (0.031) 0.005 0.005 0.008 0.045 
  25   (0.032) 0.005 0.005 0.009 0.082 

Locus 49 : locus49 
21 alleles
0.0% missing data
   1   (0.035) 0.006 0.090 0.009 0.009 
   2   (0.089) 0.174 0.076 0.170 0.023 
   3   (0.040) 0.010 0.227 0.011 0.011 
   4   (0.038) 0.008 0.117 0.010 0.010 
   5   (0.051) 0.013 0.060 0.050 0.013 
   6   (0.094) 0.167 0.170 0.025 0.098 
   7   (0.069) 0.022 0.141 0.165 0.018 
   8   (0.036) 0.111 0.011 0.010 0.010 
   9   (0.057) 0.064 0.010 0.125 0.015 
  10   (0.051) 0.059 0.014 0.014 0.049 
  11   (0.073) 0.197 0.020 0.203 0.019 
  12   (0.067) 0.119 0.014 0.018 0.128 
  13   (0.034) 0.006 0.006 0.082 0.009 
  14   (0.030) 0.005 0.005 0.044 0.008 
  15   (0.036) 0.006 0.006 0.010 0.120 
  16   (0.034) 0.006 0.006 0.009 0.119 
  17   (0.036) 0.006 0.006 0.010 0.120 
  18   (0.031) 0.005 0.005 0.008 0.045 
  19   (0.033) 0.005 0.006 0.009 0.082 
  20   (0.034) 0.006 0.006 0.009 0.046 
  21   (0.031) 0.005 0.005 0.008 0.045 

Locus 50 : locus50 
27 alleles
0.0% missing data
   1   (0.054) 0.011 0.229 0.014 0.088 
   2   (0.054) 0.009 0.092 0.015 0.088 
   3   (0.044) 0.007 0.035 0.012 0.086 
   4   (0.034) 0.009 0.141 0.009 0.009 
   5   (0.054) 0.009 0.036 0.014 0.199 
   6   (0.035) 0.009 0.141 0.009 0.009 
   7   (0.046) 0.008 0.036 0.012 0.049 
   8   (0.039) 0.016 0.163 0.010 0.010 
   9   (0.033) 0.170 0.008 0.009 0.009 
  10   (0.031) 0.087 0.007 0.008 0.008 
  11   (0.035) 0.058 0.009 0.009 0.009 
  12   (0.037) 0.167 0.011 0.010 0.010 
  13   (0.032) 0.199 0.006 0.009 0.009 
  14   (0.026) 0.032 0.004 0.007 0.007 
  15   (0.034) 0.112 0.010 0.009 0.009 
  16   (0.028) 0.032 0.005 0.007 0.007 
  17   (0.048) 0.008 0.008 0.086 0.086 
  18   (0.029) 0.005 0.005 0.081 0.008 
  19   (0.036) 0.006 0.006 0.119 0.009 
  20   (0.049) 0.008 0.008 0.306 0.049 
  21   (0.030) 0.005 0.005 0.045 0.008 
  22   (0.028) 0.005 0.005 0.044 0.007 
  23   (0.030) 0.005 0.005 0.044 0.008 
  24   (0.045) 0.008 0.008 0.085 0.048 
  25   (0.029) 0.005 0.005 0.008 0.081 
  26   (0.030) 0.005 0.005 0.008 0.045 
  27   (0.030) 0.005 0.005 0.008 0.045 

Locus 51 : locus51 
25 alleles
0.0% missing data
   1   (0.046) 0.011 0.316 0.012 0.012 
   2   (0.067) 0.384 0.074 0.018 0.017 
   3   (0.063) 0.183 0.086 0.017 0.017 
   4   (0.037) 0.010 0.059 0.010 0.010 
   5   (0.037) 0.009 0.060 0.010 0.010 
   6   (0.064) 0.132 0.139 0.017 0.017 
   7   (0.033) 0.005 0.034 0.009 0.009 
   8   (0.029) 0.005 0.062 0.008 0.008 
   9   (0.034) 0.006 0.034 0.009 0.009 
  10   (0.063) 0.169 0.045 0.017 0.017 
  11   (0.034) 0.006 0.006 0.192 0.009 
  12   (0.031) 0.005 0.005 0.045 0.008 
  13   (0.037) 0.006 0.007 0.120 0.010 
  14   (0.033) 0.005 0.006 0.082 0.009 
  15   (0.037) 0.006 0.006 0.193 0.010 
  16   (0.035) 0.006 0.006 0.046 0.009 
  17   (0.033) 0.006 0.006 0.045 0.009 
  18   (0.037) 0.006 0.006 0.083 0.010 
  19   (0.037) 0.006 0.006 0.010 0.157 
  20   (0.032) 0.005 0.006 0.009 0.045 
  21   (0.038) 0.006 0.007 0.010 0.120 
  22   (0.035) 0.006 0.006 0.009 0.083 
  23   (0.039) 0.006 0.007 0.010 0.158 
  24   (0.038) 0.006 0.007 0.010 0.194 
  25   (0.033) 0.005 0.006 0.009 0.045 

Locus 52 : locus52 
19 alleles
0.0% missing data
   1   (0.038) 0.010 0.142 0.010 0.010 
   2   (0.060) 0.013 0.202 0.016 0.052 
   3   (0.106) 0.029 0.173 0.101 0.175 
   4   (0.071) 0.012 0.068 0.056 0.056 
   5   (0.090) 0.015 0.071 0.097 0.208 
   6   (0.056) 0.012 0.090 0.015 0.052 
   7   (0.035) 0.010 0.058 0.009 0.009 
   8   (0.035) 0.010 0.058 0.010 0.009 
   9   (0.032) 0.005 0.033 0.009 0.008 
  10   (0.061) 0.198 0.016 0.053 0.016 
  11   (0.043) 0.112 0.013 0.012 0.011 
  12   (0.038) 0.115 0.008 0.010 0.010 
  13   (0.063) 0.118 0.013 0.127 0.017 
  14   (0.041) 0.254 0.009 0.011 0.011 
  15   (0.070) 0.061 0.018 0.275 0.018 
  16   (0.058) 0.010 0.010 0.162 0.052 
  17   (0.030) 0.005 0.005 0.008 0.045 
  18   (0.038) 0.006 0.006 0.010 0.120 
  19   (0.034) 0.006 0.006 0.009 0.119 

Locus 53 : locus53 
15 alleles
0.0% missing data
   1   (0.039) 0.008 0.121 0.010 0.010 
   2   (0.092) 0.015 0.045 0.171 0.171 
   3   (0.110) 0.099 0.191 0.066 0.066 
   4   (0.060) 0.011 0.153 0.053 0.016 
   5   (0.089) 0.079 0.119 0.097 0.023 
   6   (0.058) 0.137 0.045 0.016 0.015 
   7   (0.062) 0.013 0.094 0.089 0.016 
   8   (0.088) 0.054 0.059 0.024 0.245 
   9   (0.099) 0.027 0.091 0.099 0.137 
  10   (0.079) 0.080 0.027 0.058 0.058 
  11   (0.045) 0.351 0.013 0.012 0.012 
  12   (0.038) 0.056 0.011 0.010 0.010 
  13   (0.060) 0.058 0.016 0.016 0.089 
  14   (0.042) 0.007 0.007 0.268 0.011 
  15   (0.040) 0.006 0.007 0.011 0.120 

Locus 54 : locus54 
17 alleles
0.0% missing data
   1   (0.078) 0.016 0.259 0.021 0.131 
   2   (0.044) 0.008 0.172 0.012 0.011 
   3   (0.044) 0.012 0.196 0.012 0.012 
   4   (0.048) 0.019 0.162 0.013 0.013 
   5   (0.037) 0.006 0.062 0.010 0.010 
   6   (0.041) 0.142 0.011 0.011 0.011 
   7   (0.065) 0.120 0.014 0.090 0.017 
   8   (0.111) 0.150 0.026 0.102 0.177 
   9   (0.114) 0.372 0.029 0.104 0.103 
  10   (0.054) 0.065 0.009 0.051 0.014 
  11   (0.048) 0.036 0.008 0.013 0.050 
  12   (0.064) 0.011 0.011 0.091 0.128 
  13   (0.058) 0.010 0.010 0.126 0.052 
  14   (0.062) 0.010 0.011 0.200 0.053 
  15   (0.038) 0.006 0.006 0.083 0.010 
  16   (0.055) 0.009 0.009 0.051 0.088 
  17   (0.040) 0.007 0.007 0.011 0.121 

Locus 55 : locus55 
20 alleles
0.0% missing data
   1   (0.046) 0.012 0.142 0.012 0.012 
   2   (0.043) 0.011 0.281 0.011 0.011 
   3   (0.129) 0.030 0.235 0.181 0.254 
   4   (0.034) 0.006 0.033 0.009 0.009 
   5   (0.037) 0.006 0.062 0.010 0.010 
   6   (0.034) 0.006 0.033 0.009 0.009 
   7   (0.059) 0.015 0.061 0.089 0.016 
   8   (0.049) 0.008 0.036 0.013 0.050 
   9   (0.040) 0.199 0.009 0.011 0.010 
  10   (0.032) 0.033 0.005 0.009 0.008 
  11   (0.042) 0.118 0.007 0.011 0.011 
  12   (0.044) 0.253 0.011 0.012 0.011 
  13   (0.044) 0.163 0.017 0.012 0.012 
  14   (0.039) 0.058 0.010 0.010 0.010 
  15   (0.034) 0.033 0.006 0.009 0.009 
  16   (0.064) 0.011 0.011 0.164 0.090 
  17   (0.055) 0.009 0.009 0.088 0.051 
  18   (0.032) 0.005 0.005 0.045 0.008 
  19   (0.072) 0.012 0.012 0.165 0.203 
  20   (0.073) 0.012 0.012 0.129 0.204 

Locus 56 : locus56 
16 alleles
0.0% missing data
   1   (0.092) 0.219 0.061 0.025 0.061 
   2   (0.043) 0.011 0.059 0.012 0.011 
   3   (0.049) 0.010 0.228 0.013 0.013 
   4   (0.048) 0.014 0.169 0.013 0.013 
   5   (0.047) 0.010 0.228 0.013 0.012 
   6   (0.138) 0.371 0.117 0.037 0.221 
   7   (0.036) 0.006 0.034 0.010 0.009 
   8   (0.064) 0.147 0.013 0.054 0.017 
   9   (0.087) 0.117 0.023 0.060 0.060 
  10   (0.038) 0.034 0.006 0.010 0.010 
  11   (0.067) 0.011 0.011 0.127 0.091 
  12   (0.070) 0.012 0.012 0.128 0.129 
  13   (0.044) 0.007 0.008 0.195 0.012 
  14   (0.076) 0.013 0.013 0.167 0.167 
  15   (0.060) 0.010 0.010 0.126 0.053 
  16   (0.042) 0.007 0.007 0.011 0.121 

Locus 57 : locus57 
21 alleles
0.0% missing data
   1   (0.044) 0.014 0.166 0.012 0.012 
   2   (0.032) 0.006 0.060 0.009 0.009 
   3   (0.037) 0.011 0.111 0.010 0.010 
   4   (0.030) 0.005 0.032 0.008 0.008 
   5   (0.042) 0.011 0.195 0.011 0.011 
   6   (0.036) 0.008 0.114 0.010 0.010 
   7   (0.036) 0.010 0.057 0.010 0.009 
   8   (0.032) 0.006 0.033 0.009 0.009 
   9   (0.033) 0.006 0.060 0.009 0.009 
  10   (0.032) 0.005 0.033 0.009 0.008 
  11   (0.117) 0.265 0.027 0.288 0.141 
  12   (0.118) 0.121 0.030 0.288 0.289 
  13   (0.037) 0.117 0.008 0.010 0.010 
  14   (0.058) 0.120 0.012 0.052 0.015 
  15   (0.034) 0.058 0.009 0.009 0.009 
  16   (0.040) 0.117 0.009 0.011 0.010 
  17   (0.088) 0.043 0.015 0.133 0.207 
  18   (0.037) 0.059 0.010 0.010 0.010 
  19   (0.052) 0.009 0.009 0.087 0.050 
  20   (0.030) 0.005 0.005 0.008 0.045 
  21   (0.035) 0.006 0.006 0.009 0.120 

Locus 58 : locus58 
21 alleles
0.0% missing data
   1   (0.057) 0.013 0.091 0.052 0.015 
   2   (0.061) 0.012 0.149 0.016 0.052 
   3   (0.083) 0.018 0.094 0.059 0.132 
   4   (0.073) 0.014 0.150 0.019 0.203 
   5   (0.047) 0.014 0.226 0.013 0.012 
   6   (0.052) 0.008 0.065 0.014 0.051 
   7   (0.039) 0.014 0.082 0.010 0.010 
   8   (0.057) 0.009 0.038 0.015 0.089 
   9   (0.042) 0.115 0.009 0.011 0.011 
  10   (0.050) 0.387 0.014 0.013 0.013 
  11   (0.044) 0.141 0.011 0.012 0.012 
  12   (0.045) 0.143 0.010 0.012 0.012 
  13   (0.036) 0.061 0.006 0.010 0.009 
  14   (0.047) 0.008 0.008 0.306 0.012 
  15   (0.037) 0.006 0.006 0.083 0.010 
  16   (0.039) 0.006 0.007 0.120 0.010 
  17   (0.037) 0.006 0.006 0.083 0.010 
  18   (0.038) 0.006 0.007 0.120 0.010 
  19   (0.039) 0.006 0.007 0.010 0.121 
  20   (0.043) 0.007 0.007 0.012 0.159 
  21   (0.035) 0.006 0.006 0.009 0.046 

Locus 59 : locus59 
15 alleles
0.0% missing data
   1   (0.068) 0.011 0.039 0.202 0.018 
   2   (0.128) 0.027 0.237 0.180 0.107 
   3   (0.072) 0.017 0.173 0.056 0.019 
   4   (0.106) 0.030 0.364 0.175 0.028 
   5   (0.093) 0.016 0.071 0.135 0.061 
   6   (0.050) 0.199 0.013 0.013 0.013 
   7   (0.046) 0.146 0.009 0.012 0.012 
   8   (0.046) 0.146 0.009 0.012 0.012 
   9   (0.045) 0.117 0.010 0.012 0.012 
  10   (0.045) 0.117 0.010 0.012 0.012 
  11   (0.045) 0.082 0.016 0.012 0.012 
  12   (0.077) 0.062 0.019 0.021 0.205 
  13   (0.063) 0.011 0.011 0.090 0.053 
  14   (0.076) 0.013 0.013 0.056 0.352 
  15   (0.040) 0.007 0.007 0.011 0.084 

Locus 60 : locus60 
19 alleles
0.0% missing data
   1   (0.058) 0.019 0.327 0.016 0.015 
   2   (0.035) 0.006 0.033 0.009 0.009 
   3   (0.066) 0.068 0.093 0.018 0.017 
   4   (0.036) 0.006 0.033 0.010 0.010 
   5   (0.088) 0.043 0.069 0.170 0.023 
   6   (0.038) 0.007 0.033 0.010 0.010 
   7   (0.044) 0.009 0.114 0.012 0.012 
   8   (0.048) 0.017 0.135 0.013 0.013 
   9   (0.137) 0.168 0.073 0.512 0.036 
  10   (0.046) 0.206 0.009 0.012 0.012 
  11   (0.078) 0.149 0.019 0.130 0.021 
  12   (0.041) 0.060 0.011 0.011 0.011 
  13   (0.044) 0.202 0.012 0.012 0.012 
  14   (0.046) 0.008 0.008 0.012 0.344 
  15   (0.042) 0.007 0.007 0.011 0.121 
  16   (0.044) 0.007 0.007 0.012 0.159 
  17   (0.040) 0.007 0.007 0.011 0.084 
  18   (0.035) 0.006 0.006 0.010 0.046 
  19   (0.032) 0.006 0.005 0.009 0.045 

Locus 61 : locus61 
22 alleles
0.0% missing data
   1   (0.036) 0.006 0.092 0.010 0.010 
   2   (0.092) 0.069 0.128 0.208 0.024 
   3   (0.098) 0.067 0.161 0.172 0.026 
   4   (0.032) 0.005 0.034 0.009 0.009 
   5   (0.034) 0.006 0.063 0.009 0.009 
   6   (0.033) 0.005 0.062 0.009 0.009 
   7   (0.064) 0.018 0.116 0.090 0.017 
   8   (0.032) 0.005 0.062 0.009 0.008 
   9   (0.047) 0.008 0.036 0.049 0.012 
  10   (0.042) 0.014 0.141 0.011 0.011 
  11   (0.037) 0.114 0.008 0.010 0.010 
  12   (0.070) 0.113 0.020 0.165 0.018 
  13   (0.065) 0.112 0.019 0.090 0.017 
  14   (0.041) 0.414 0.010 0.011 0.011 
  15   (0.036) 0.006 0.006 0.083 0.010 
  16   (0.034) 0.006 0.006 0.009 0.083 
  17   (0.039) 0.006 0.007 0.010 0.194 
  18   (0.031) 0.005 0.005 0.008 0.045 
  19   (0.036) 0.006 0.006 0.010 0.194 
  20   (0.034) 0.006 0.006 0.009 0.119 
  21   (0.036) 0.006 0.006 0.010 0.120 
  22   (0.031) 0.005 0.005 0.008 0.045 

Locus 62 : locus62 
20 alleles
0.0% missing data
   1   (0.042) 0.011 0.059 0.011 0.011 
   2   (0.061) 0.010 0.038 0.199 0.016 
   3   (0.072) 0.017 0.147 0.129 0.019 
   4   (0.032) 0.005 0.033 0.009 0.008 
   5   (0.043) 0.007 0.175 0.012 0.011 
   6   (0.082) 0.023 0.228 0.242 0.021 
   7   (0.093) 0.029 0.141 0.062 0.135 
   8   (0.035) 0.006 0.062 0.009 0.009 
   9   (0.046) 0.252 0.011 0.012 0.012 
  10   (0.041) 0.115 0.009 0.011 0.011 
  11   (0.037) 0.061 0.006 0.010 0.010 
  12   (0.033) 0.033 0.006 0.009 0.009 
  13   (0.058) 0.089 0.013 0.052 0.015 
  14   (0.042) 0.197 0.010 0.011 0.011 
  15   (0.047) 0.105 0.021 0.013 0.012 
  16   (0.034) 0.006 0.006 0.046 0.009 
  17   (0.072) 0.012 0.012 0.092 0.277 
  18   (0.052) 0.009 0.009 0.050 0.087 
  19   (0.042) 0.007 0.007 0.011 0.232 
  20   (0.038) 0.006 0.006 0.010 0.084 

Locus 63 : locus63 
23 alleles
0.0% missing data
   1   (0.038) 0.007 0.172 0.010 0.010 
   2   (0.043) 0.014 0.193 0.011 0.011 
   3   (0.037) 0.010 0.057 0.010 0.010 
   4   (0.032) 0.005 0.061 0.009 0.009 
   5   (0.035) 0.007 0.143 0.010 0.009 
   6   (0.042) 0.013 0.167 0.011 0.011 
   7   (0.029) 0.005 0.033 0.008 0.008 
   8   (0.032) 0.005 0.033 0.009 0.009 
   9   (0.057) 0.115 0.016 0.052 0.015 
  10   (0.038) 0.088 0.009 0.010 0.010 
  11   (0.071) 0.232 0.015 0.092 0.019 
  12   (0.031) 0.033 0.005 0.008 0.008 
  13   (0.050) 0.035 0.008 0.088 0.013 
  14   (0.063) 0.255 0.017 0.053 0.017 
  15   (0.061) 0.091 0.014 0.126 0.016 
  16   (0.054) 0.037 0.009 0.124 0.014 
  17   (0.063) 0.011 0.011 0.163 0.127 
  18   (0.051) 0.009 0.009 0.123 0.050 
  19   (0.030) 0.005 0.005 0.045 0.008 
  20   (0.035) 0.006 0.006 0.009 0.193 
  21   (0.036) 0.006 0.006 0.010 0.193 
  22   (0.039) 0.007 0.007 0.010 0.194 
  23   (0.032) 0.005 0.005 0.009 0.045 

Locus 64 : locus64 
26 alleles
0.0% missing data
   1   (0.055) 0.016 0.114 0.051 0.015 
   2   (0.056) 0.012 0.259 0.051 0.015 
   3   (0.057) 0.009 0.037 0.199 0.015 
   4   (0.035) 0.006 0.090 0.009 0.009 
   5   (0.038) 0.010 0.198 0.010 0.010 
   6   (0.055) 0.014 0.060 0.088 0.014 
   7   (0.032) 0.009 0.058 0.009 0.009 
   8   (0.033) 0.009 0.058 0.009 0.009 
   9   (0.041) 0.333 0.011 0.011 0.011 
  10   (0.040) 0.087 0.009 0.011 0.011 
  11   (0.031) 0.060 0.005 0.008 0.008 
  12   (0.038) 0.141 0.010 0.010 0.010 
  13   (0.031) 0.033 0.005 0.009 0.008 
  14   (0.029) 0.032 0.005 0.008 0.008 
  15   (0.039) 0.058 0.010 0.011 0.010 
  16   (0.038) 0.086 0.009 0.010 0.010 
  17   (0.032) 0.033 0.005 0.009 0.008 
  18   (0.038) 0.006 0.006 0.193 0.010 
  19   (0.036) 0.006 0.006 0.156 0.009 
  20   (0.032) 0.005 0.006 0.082 0.009 
  21   (0.038) 0.006 0.006 0.010 0.231 
  22   (0.036) 0.006 0.006 0.010 0.083 
  23   (0.038) 0.006 0.007 0.010 0.231 
  24   (0.033) 0.006 0.006 0.009 0.082 
  25   (0.034) 0.006 0.006 0.009 0.083 
  26   (0.033) 0.006 0.006 0.009 0.083 

Locus 65 : locus65 
20 alleles
0.0% missing data
   1   (0.101) 0.129 0.154 0.063 0.063 
   2   (0.094) 0.204 0.106 0.025 0.099 
   3   (0.061) 0.139 0.130 0.016 0.016 
   4   (0.039) 0.012 0.273 0.010 0.010 
   5   (0.030) 0.005 0.032 0.008 0.008 
   6   (0.030) 0.005 0.032 0.008 0.008 
   7   (0.037) 0.010 0.138 0.010 0.010 
   8   (0.065) 0.068 0.038 0.091 0.017 
   9   (0.060) 0.096 0.010 0.016 0.126 
  10   (0.064) 0.039 0.011 0.090 0.054 
  11   (0.049) 0.037 0.008 0.086 0.013 
  12   (0.040) 0.200 0.013 0.011 0.010 
  13   (0.065) 0.011 0.011 0.274 0.127 
  14   (0.049) 0.008 0.008 0.086 0.050 
  15   (0.049) 0.008 0.008 0.050 0.050 
  16   (0.031) 0.005 0.005 0.045 0.008 
  17   (0.035) 0.006 0.006 0.082 0.009 
  18   (0.038) 0.006 0.006 0.010 0.157 
  19   (0.033) 0.006 0.005 0.009 0.119 
  20   (0.030) 0.005 0.005 0.008 0.045 

Locus 66 : locus66 
24 alleles
0.0% missing data
   1   (0.038) 0.010 0.306 0.010 0.010 
   2   (0.039) 0.010 0.169 0.011 0.010 
   3   (0.040) 0.009 0.197 0.011 0.010 
   4   (0.039) 0.011 0.057 0.010 0.010 
   5   (0.040) 0.011 0.058 0.011 0.011 
   6   (0.046) 0.064 0.035 0.012 0.012 
   7   (0.034) 0.006 0.033 0.009 0.009 
   8   (0.044) 0.196 0.015 0.012 0.012 
   9   (0.054) 0.037 0.009 0.015 0.199 
  10   (0.047) 0.036 0.008 0.013 0.049 
  11   (0.054) 0.065 0.009 0.015 0.088 
  12   (0.059) 0.115 0.016 0.016 0.089 
  13   (0.063) 0.120 0.014 0.017 0.090 
  14   (0.034) 0.088 0.008 0.009 0.009 
  15   (0.034) 0.088 0.008 0.009 0.009 
  16   (0.047) 0.035 0.008 0.013 0.160 
  17   (0.031) 0.058 0.008 0.008 0.008 
  18   (0.034) 0.006 0.006 0.119 0.009 
  19   (0.037) 0.006 0.006 0.266 0.010 
  20   (0.033) 0.005 0.006 0.045 0.009 
  21   (0.035) 0.006 0.006 0.082 0.009 
  22   (0.055) 0.009 0.009 0.088 0.162 
  23   (0.031) 0.005 0.005 0.082 0.008 
  24   (0.032) 0.005 0.005 0.118 0.008 

Locus 67 : locus67 
17 alleles
0.0% missing data
   1   (0.037) 0.008 0.198 0.010 0.010 
   2   (0.097) 0.028 0.226 0.099 0.099 
   3   (0.070) 0.012 0.039 0.129 0.055 
   4   (0.091) 0.022 0.064 0.171 0.135 
   5   (0.040) 0.010 0.142 0.011 0.011 
   6   (0.066) 0.015 0.090 0.018 0.165 
   7   (0.050) 0.008 0.091 0.013 0.050 
   8   (0.030) 0.005 0.033 0.008 0.008 
   9   (0.066) 0.067 0.011 0.054 0.054 
  10   (0.066) 0.231 0.014 0.018 0.091 
  11   (0.074) 0.139 0.025 0.020 0.204 
  12   (0.075) 0.092 0.017 0.093 0.057 
  13   (0.050) 0.036 0.009 0.087 0.013 
  14   (0.031) 0.033 0.005 0.008 0.008 
  15   (0.072) 0.229 0.018 0.166 0.019 
  16   (0.051) 0.059 0.013 0.050 0.013 
  17   (0.032) 0.005 0.005 0.045 0.009 

Locus 68 : locus68 
27 alleles
0.0% missing data
   1   (0.034) 0.006 0.033 0.009 0.009 
   2   (0.034) 0.010 0.057 0.009 0.009 
   3   (0.036) 0.006 0.089 0.010 0.010 
   4   (0.059) 0.010 0.037 0.016 0.200 
   5   (0.037) 0.009 0.224 0.010 0.010 
   6   (0.037) 0.010 0.224 0.010 0.010 
   7   (0.035) 0.009 0.141 0.009 0.009 
   8   (0.036) 0.010 0.057 0.010 0.009 
   9   (0.038) 0.172 0.008 0.010 0.010 
  10   (0.039) 0.197 0.011 0.011 0.010 
  11   (0.036) 0.090 0.006 0.010 0.009 
  12   (0.033) 0.033 0.006 0.009 0.009 
  13   (0.041) 0.171 0.010 0.011 0.011 
  14   (0.045) 0.139 0.015 0.012 0.012 
  15   (0.038) 0.057 0.011 0.010 0.010 
  16   (0.038) 0.006 0.006 0.157 0.010 
  17   (0.041) 0.007 0.007 0.194 0.011 
  18   (0.037) 0.006 0.006 0.156 0.010 
  19   (0.031) 0.005 0.005 0.045 0.008 
  20   (0.038) 0.006 0.006 0.120 0.010 
  21   (0.033) 0.006 0.006 0.045 0.009 
  22   (0.033) 0.006 0.006 0.082 0.009 
  23   (0.031) 0.005 0.005 0.008 0.045 
  24   (0.039) 0.007 0.007 0.010 0.378 
  25   (0.038) 0.006 0.006 0.010 0.083 
  26   (0.028) 0.005 0.005 0.008 0.044 
  27   (0.034) 0.006 0.006 0.009 0.046 

Locus 69 : locus69 
24 alleles
0.0% missing data
   1   (0.033) 0.009 0.141 0.009 0.009 
   2   (0.034) 0.010 0.112 0.009 0.009 
   3   (0.028) 0.008 0.056 0.008 0.007 
   4   (0.028) 0.005 0.060 0.007 0.007 
   5   (0.036) 0.008 0.197 0.010 0.010 
   6   (0.033) 0.006 0.061 0.009 0.009 
   7   (0.034) 0.009 0.057 0.009 0.009 
   8   (0.033) 0.010 0.111 0.009 0.009 
   9   (0.027) 0.004 0.032 0.007 0.007 
  10   (0.026) 0.004 0.032 0.007 0.007 
  11   (0.051) 0.144 0.013 0.014 0.087 
  12   (0.055) 0.037 0.009 0.051 0.051 
  13   (0.087) 0.152 0.017 0.207 0.097 
  14   (0.032) 0.087 0.008 0.009 0.009 
  15   (0.076) 0.040 0.013 0.203 0.241 
  16   (0.068) 0.203 0.015 0.055 0.054 
  17   (0.032) 0.058 0.009 0.009 0.008 
  18   (0.039) 0.034 0.007 0.011 0.047 
  19   (0.054) 0.138 0.018 0.015 0.088 
  20   (0.048) 0.008 0.008 0.086 0.086 
  21   (0.040) 0.007 0.007 0.047 0.048 
  22   (0.029) 0.005 0.005 0.081 0.008 
  23   (0.046) 0.008 0.008 0.122 0.049 
  24   (0.031) 0.005 0.005 0.008 0.045 

Locus 70 : locus70 
21 alleles
0.0% missing data
   1   (0.081) 0.054 0.169 0.058 0.021 
   2   (0.061) 0.017 0.172 0.053 0.016 
   3   (0.050) 0.035 0.037 0.013 0.013 
   4   (0.050) 0.008 0.065 0.050 0.013 
   5   (0.077) 0.015 0.181 0.313 0.020 
   6   (0.064) 0.013 0.121 0.091 0.017 
   7   (0.074) 0.023 0.086 0.240 0.020 
   8   (0.052) 0.013 0.060 0.051 0.014 
   9   (0.039) 0.167 0.010 0.010 0.010 
  10   (0.036) 0.061 0.006 0.010 0.009 
  11   (0.034) 0.033 0.006 0.009 0.009 
  12   (0.043) 0.165 0.013 0.012 0.011 
  13   (0.042) 0.170 0.008 0.011 0.011 
  14   (0.043) 0.080 0.016 0.012 0.011 
  15   (0.036) 0.110 0.011 0.010 0.009 
  16   (0.040) 0.007 0.007 0.011 0.231 
  17   (0.040) 0.007 0.007 0.011 0.194 
  18   (0.034) 0.006 0.006 0.009 0.083 
  19   (0.033) 0.005 0.006 0.009 0.082 
  20   (0.033) 0.005 0.006 0.009 0.082 
  21   (0.036) 0.006 0.006 0.010 0.120 

Locus 71 : locus71 
27 alleles
0.0% missing data
   1   (0.036) 0.013 0.136 0.010 0.009 
   2   (0.031) 0.005 0.087 0.008 0.008 
   3   (0.028) 0.005 0.060 0.008 0.007 
   4   (0.029) 0.007 0.085 0.008 0.008 
   5   (0.029) 0.005 0.060 0.008 0.008 
   6   (0.035) 0.010 0.111 0.009 0.009 
   7   (0.031) 0.008 0.139 0.008 0.008 
   8   (0.045) 0.008 0.035 0.086 0.012 
   9   (0.031) 0.009 0.056 0.008 0.008 
  10   (0.027) 0.005 0.032 0.007 0.007 
  11   (0.030) 0.008 0.057 0.008 0.008 
  12   (0.033) 0.116 0.007 0.009 0.009 
  13   (0.032) 0.090 0.005 0.009 0.008 
  14   (0.084) 0.116 0.023 0.169 0.096 
  15   (0.068) 0.084 0.022 0.091 0.055 
  16   (0.060) 0.060 0.016 0.016 0.200 
  17   (0.033) 0.143 0.008 0.009 0.009 
  18   (0.026) 0.032 0.004 0.007 0.007 
  19   (0.049) 0.145 0.012 0.049 0.013 
  20   (0.030) 0.033 0.005 0.008 0.008 
  21   (0.038) 0.035 0.006 0.010 0.047 
  22   (0.027) 0.033 0.005 0.007 0.007 
  23   (0.029) 0.005 0.005 0.300 0.008 
  24   (0.049) 0.008 0.008 0.086 0.086 
  25   (0.027) 0.005 0.005 0.044 0.007 
  26   (0.036) 0.006 0.006 0.010 0.304 
  27   (0.026) 0.004 0.004 0.007 0.044 

Locus 72 : locus72 
19 alleles
0.0% missing data
   1   (0.079) 0.025 0.306 0.094 0.021 
   2   (0.046) 0.035 0.036 0.013 0.012 
   3   (0.063) 0.010 0.066 0.236 0.017 
   4   (0.040) 0.007 0.118 0.011 0.010 
   5   (0.050) 0.008 0.064 0.050 0.013 
   6   (0.040) 0.009 0.088 0.011 0.011 
   7   (0.055) 0.012 0.090 0.051 0.015 
   8   (0.060) 0.016 0.060 0.126 0.016 
   9   (0.035) 0.010 0.057 0.009 0.009 
  10   (0.097) 0.202 0.026 0.173 0.061 
  11   (0.076) 0.283 0.020 0.020 0.131 
  12   (0.058) 0.200 0.013 0.016 0.052 
  13   (0.063) 0.060 0.016 0.017 0.127 
  14   (0.033) 0.033 0.006 0.009 0.009 
  15   (0.057) 0.065 0.010 0.015 0.126 
  16   (0.035) 0.006 0.006 0.083 0.009 
  17   (0.035) 0.006 0.006 0.046 0.009 
  18   (0.038) 0.006 0.006 0.010 0.120 
  19   (0.039) 0.007 0.007 0.011 0.232 

Locus 73 : locus73 
23 alleles
0.0% missing data
   1   (0.042) 0.009 0.225 0.011 0.011 
   2   (0.032) 0.008 0.168 0.009 0.008 
   3   (0.037) 0.010 0.057 0.010 0.010 
   4   (0.036) 0.007 0.170 0.010 0.009 
   5   (0.042) 0.015 0.136 0.011 0.011 
   6   (0.035) 0.010 0.057 0.009 0.009 
   7   (0.030) 0.005 0.033 0.008 0.008 
   8   (0.037) 0.143 0.009 0.010 0.010 
   9   (0.068) 0.121 0.014 0.018 0.239 
  10   (0.076) 0.256 0.021 0.020 0.130 
  11   (0.030) 0.061 0.005 0.008 0.008 
  12   (0.036) 0.088 0.008 0.010 0.009 
  13   (0.081) 0.063 0.020 0.095 0.095 
  14   (0.034) 0.034 0.006 0.009 0.009 
  15   (0.046) 0.036 0.008 0.012 0.049 
  16   (0.033) 0.033 0.006 0.009 0.009 
  17   (0.060) 0.061 0.015 0.016 0.126 
  18   (0.038) 0.006 0.006 0.230 0.010 
  19   (0.059) 0.010 0.010 0.162 0.089 
  20   (0.027) 0.004 0.005 0.044 0.007 
  21   (0.055) 0.009 0.009 0.088 0.088 
  22   (0.039) 0.007 0.007 0.193 0.010 
  23   (0.029) 0.005 0.005 0.008 0.044 

Locus 74 : locus74 
28 alleles
0.0% missing data
   1   (0.047) 0.010 0.090 0.013 0.049 
   2   (0.033) 0.005 0.034 0.009 0.009 
   3   (0.037) 0.008 0.285 0.010 0.010 
   4   (0.037) 0.012 0.141 0.010 0.010 
   5   (0.051) 0.011 0.119 0.014 0.050 
   6   (0.058) 0.015 0.060 0.016 0.162 
   7   (0.031) 0.005 0.034 0.008 0.008 
   8   (0.031) 0.005 0.033 0.008 0.008 
   9   (0.029) 0.005 0.033 0.008 0.008 
  10   (0.036) 0.010 0.058 0.010 0.009 
  11   (0.039) 0.304 0.010 0.010 0.010 
  12   (0.039) 0.385 0.011 0.010 0.010 
  13   (0.033) 0.033 0.006 0.009 0.009 
  14   (0.025) 0.031 0.004 0.007 0.007 
  15   (0.060) 0.092 0.010 0.016 0.200 
  16   (0.034) 0.006 0.006 0.082 0.009 
  17   (0.032) 0.005 0.005 0.155 0.008 
  18   (0.031) 0.005 0.005 0.045 0.008 
  19   (0.031) 0.005 0.005 0.045 0.008 
  20   (0.028) 0.005 0.005 0.044 0.007 
  21   (0.028) 0.005 0.005 0.044 0.008 
  22   (0.035) 0.006 0.006 0.082 0.009 
  23   (0.037) 0.006 0.006 0.156 0.010 
  24   (0.035) 0.006 0.006 0.119 0.009 
  25   (0.031) 0.005 0.005 0.045 0.008 
  26   (0.028) 0.005 0.005 0.008 0.081 
  27   (0.035) 0.006 0.006 0.009 0.230 
  28   (0.030) 0.005 0.005 0.008 0.045 

Locus 75 : locus75 
17 alleles
0.0% missing data
   1   (0.066) 0.023 0.296 0.018 0.054 
   2   (0.036) 0.006 0.060 0.010 0.010 
   3   (0.039) 0.008 0.140 0.011 0.010 
   4   (0.039) 0.010 0.165 0.010 0.010 
   5   (0.063) 0.011 0.091 0.126 0.017 
   6   (0.090) 0.071 0.070 0.061 0.098 
   7   (0.110) 0.112 0.064 0.249 0.066 
   8   (0.084) 0.151 0.020 0.059 0.096 
   9   (0.104) 0.213 0.022 0.137 0.175 
  10   (0.080) 0.099 0.013 0.095 0.095 
  11   (0.035) 0.059 0.009 0.010 0.009 
  12   (0.032) 0.034 0.005 0.009 0.008 
  13   (0.034) 0.063 0.006 0.009 0.009 
  14   (0.033) 0.059 0.008 0.009 0.009 
  15   (0.037) 0.059 0.010 0.010 0.010 
  16   (0.062) 0.011 0.010 0.126 0.164 
  17   (0.056) 0.010 0.009 0.051 0.162 

Locus 76 : locus76 
17 alleles
0.0% missing data
   1   (0.094) 0.022 0.260 0.025 0.356 
   2   (0.085) 0.014 0.070 0.059 0.133 
   3   (0.070) 0.012 0.068 0.239 0.019 
   4   (0.080) 0.021 0.201 0.022 0.168 
   5   (0.072) 0.019 0.200 0.019 0.093 
   6   (0.072) 0.012 0.040 0.093 0.056 
   7   (0.063) 0.016 0.061 0.090 0.017 
   8   (0.067) 0.122 0.011 0.128 0.018 
   9   (0.070) 0.230 0.015 0.092 0.018 
  10   (0.046) 0.197 0.012 0.012 0.012 
  11   (0.045) 0.137 0.016 0.012 0.012 
  12   (0.059) 0.089 0.013 0.052 0.016 
  13   (0.041) 0.087 0.010 0.011 0.011 
  14   (0.035) 0.006 0.006 0.046 0.009 
  15   (0.035) 0.006 0.006 0.046 0.009 
  16   (0.033) 0.005 0.006 0.045 0.009 
  17   (0.033) 0.006 0.006 0.009 0.046 

Locus 77 : locus77 
23 alleles
0.0% missing data
   1   (0.049) 0.015 0.412 0.013 0.013 
   2   (0.043) 0.009 0.115 0.011 0.011 
   3   (0.063) 0.016 0.142 0.053 0.017 
   4   (0.040) 0.007 0.171 0.011 0.011 
   5   (0.045) 0.204 0.009 0.012 0.012 
   6   (0.039) 0.089 0.009 0.010 0.010 
   7   (0.067) 0.232 0.017 0.018 0.053 
   8   (0.039) 0.088 0.009 0.011 0.010 
   9   (0.045) 0.083 0.016 0.012 0.012 
  10   (0.064) 0.067 0.011 0.017 0.128 
  11   (0.035) 0.059 0.009 0.010 0.009 
  12   (0.041) 0.059 0.011 0.011 0.011 
  13   (0.044) 0.008 0.007 0.085 0.012 
  14   (0.038) 0.006 0.006 0.267 0.010 
  15   (0.044) 0.007 0.007 0.158 0.011 
  16   (0.034) 0.006 0.006 0.119 0.009 
  17   (0.035) 0.006 0.006 0.082 0.009 
  18   (0.035) 0.006 0.006 0.046 0.009 
  19   (0.035) 0.006 0.006 0.009 0.083 
  20   (0.038) 0.006 0.006 0.010 0.121 
  21   (0.040) 0.007 0.007 0.011 0.084 
  22   (0.046) 0.008 0.008 0.012 0.233 
  23   (0.040) 0.007 0.007 0.011 0.121 

Locus 78 : locus78 
19 alleles
0.0% missing data
   1   (0.055) 0.014 0.505 0.015 0.015 
   2   (0.059) 0.010 0.066 0.052 0.015 
   3   (0.095) 0.081 0.145 0.062 0.025 
   4   (0.089) 0.028 0.084 0.317 0.023 
   5   (0.056) 0.009 0.065 0.052 0.015 
   6   (0.042) 0.090 0.007 0.011 0.011 
   7   (0.047) 0.223 0.014 0.013 0.012 
   8   (0.062) 0.066 0.011 0.090 0.016 
   9   (0.043) 0.116 0.009 0.012 0.011 
  10   (0.040) 0.088 0.009 0.011 0.011 
  11   (0.075) 0.139 0.024 0.093 0.020 
  12   (0.040) 0.058 0.011 0.011 0.011 
  13   (0.057) 0.037 0.010 0.089 0.015 
  14   (0.040) 0.007 0.007 0.084 0.011 
  15   (0.034) 0.006 0.006 0.046 0.009 
  16   (0.051) 0.009 0.009 0.014 0.418 
  17   (0.040) 0.007 0.007 0.011 0.121 
  18   (0.034) 0.006 0.006 0.009 0.046 
  19   (0.042) 0.007 0.007 0.011 0.195 

Locus 79 : locus79 
17 alleles
0.0% missing data
   1   (0.096) 0.172 0.107 0.099 0.025 
   2   (0.065) 0.010 0.098 0.127 0.017 
   3   (0.073) 0.017 0.064 0.349 0.019 
   4   (0.058) 0.009 0.039 0.016 0.163 
   5   (0.061) 0.016 0.120 0.016 0.053 
   6   (0.033) 0.005 0.035 0.009 0.009 
   7   (0.091) 0.180 0.154 0.061 0.024 
   8   (0.039) 0.010 0.061 0.010 0.010 
   9   (0.048) 0.008 0.037 0.013 0.049 
  10   (0.050) 0.008 0.038 0.013 0.050 
  11   (0.034) 0.005 0.035 0.009 0.009 
  12   (0.065) 0.014 0.095 0.017 0.128 
  13   (0.072) 0.017 0.065 0.020 0.314 
  14   (0.070) 0.219 0.019 0.092 0.019 
  15   (0.076) 0.299 0.021 0.094 0.020 
  16   (0.034) 0.005 0.006 0.045 0.009 
  17   (0.036) 0.006 0.006 0.010 0.083 

Locus 80 : locus80 
30 alleles
0.0% missing data
   1   (0.033) 0.005 0.089 0.009 0.009 
   2   (0.040) 0.012 0.308 0.011 0.011 
   3   (0.036) 0.012 0.139 0.010 0.009 
   4   (0.036) 0.008 0.116 0.010 0.009 
   5   (0.025) 0.004 0.032 0.007 0.007 
   6   (0.033) 0.006 0.033 0.009 0.009 
   7   (0.023) 0.004 0.032 0.006 0.006 
   8   (0.030) 0.005 0.033 0.008 0.008 
   9   (0.036) 0.010 0.058 0.010 0.009 
  10   (0.030) 0.005 0.033 0.008 0.008 
  11   (0.046) 0.386 0.016 0.012 0.012 
  12   (0.033) 0.143 0.007 0.009 0.009 
  13   (0.038) 0.171 0.008 0.010 0.010 
  14   (0.028) 0.060 0.005 0.008 0.007 
  15   (0.028) 0.032 0.005 0.008 0.008 
  16   (0.033) 0.033 0.006 0.009 0.009 
  17   (0.027) 0.032 0.005 0.008 0.007 
  18   (0.050) 0.008 0.009 0.197 0.050 
  19   (0.031) 0.005 0.005 0.118 0.008 
  20   (0.036) 0.006 0.006 0.192 0.009 
  21   (0.030) 0.005 0.005 0.081 0.008 
  22   (0.040) 0.007 0.007 0.157 0.011 
  23   (0.028) 0.005 0.005 0.044 0.008 
  24   (0.036) 0.006 0.006 0.010 0.083 
  25   (0.036) 0.006 0.006 0.010 0.083 
  26   (0.032) 0.005 0.005 0.008 0.119 
  27   (0.033) 0.006 0.006 0.009 0.156 
  28   (0.034) 0.006 0.006 0.009 0.193 
  29   (0.027) 0.004 0.005 0.007 0.044 
  30   (0.030) 0.005 0.005 0.008 0.082 

Locus 81 : locus81 
24 alleles
0.0% missing data
   1   (0.028) 0.005 0.033 0.008 0.007 
   2   (0.038) 0.014 0.081 0.010 0.010 
   3   (0.032) 0.005 0.089 0.009 0.009 
   4   (0.033) 0.008 0.087 0.009 0.009 
   5   (0.034) 0.008 0.170 0.009 0.009 
   6   (0.068) 0.015 0.173 0.201 0.018 
   7   (0.027) 0.005 0.032 0.007 0.007 
   8   (0.031) 0.007 0.086 0.008 0.008 
   9   (0.029) 0.008 0.057 0.008 0.008 
  10   (0.032) 0.009 0.057 0.009 0.008 
  11   (0.055) 0.093 0.009 0.015 0.199 
  12   (0.047) 0.063 0.008 0.013 0.049 
  13   (0.043) 0.035 0.007 0.012 0.085 
  14   (0.053) 0.113 0.015 0.014 0.051 
  15   (0.043) 0.034 0.007 0.012 0.049 
  16   (0.045) 0.117 0.010 0.012 0.049 
  17   (0.054) 0.198 0.015 0.014 0.051 
  18   (0.047) 0.088 0.011 0.049 0.013 
  19   (0.051) 0.139 0.018 0.014 0.049 
  20   (0.051) 0.009 0.009 0.270 0.050 
  21   (0.028) 0.005 0.005 0.044 0.007 
  22   (0.034) 0.006 0.006 0.119 0.009 
  23   (0.045) 0.008 0.008 0.086 0.048 
  24   (0.052) 0.009 0.009 0.050 0.198 

Locus 82 : locus82 
23 alleles
0.0% missing data
   1   (0.037) 0.009 0.087 0.010 0.010 
   2   (0.033) 0.006 0.033 0.009 0.009 
   3   (0.042) 0.010 0.362 0.011 0.011 
   4   (0.040) 0.012 0.111 0.011 0.011 
   5   (0.035) 0.008 0.114 0.010 0.009 
   6   (0.030) 0.005 0.032 0.008 0.008 
   7   (0.045) 0.013 0.112 0.012 0.012 
   8   (0.056) 0.260 0.012 0.015 0.050 
   9   (0.055) 0.065 0.009 0.124 0.015 
  10   (0.078) 0.040 0.013 0.242 0.057 
  11   (0.032) 0.033 0.005 0.009 0.008 
  12   (0.038) 0.169 0.011 0.010 0.010 
  13   (0.037) 0.117 0.008 0.010 0.010 
  14   (0.077) 0.092 0.017 0.094 0.057 
  15   (0.044) 0.107 0.019 0.012 0.012 
  16   (0.028) 0.005 0.005 0.044 0.007 
  17   (0.050) 0.008 0.008 0.050 0.124 
  18   (0.058) 0.010 0.010 0.162 0.089 
  19   (0.029) 0.005 0.005 0.081 0.008 
  20   (0.059) 0.010 0.010 0.052 0.237 
  21   (0.036) 0.006 0.006 0.010 0.157 
  22   (0.029) 0.005 0.005 0.008 0.044 
  23   (0.031) 0.005 0.005 0.008 0.045 

Locus 83 : locus83 
21 alleles
0.0% missing data
   1   (0.044) 0.011 0.166 0.012 0.011 
   2   (0.046) 0.016 0.243 0.012 0.012 
   3   (0.076) 0.251 0.164 0.021 0.020 
   4   (0.038) 0.007 0.087 0.010 0.010 
   5   (0.042) 0.011 0.138 0.011 0.011 
   6   (0.030) 0.005 0.032 0.008 0.008 
   7   (0.035) 0.006 0.033 0.009 0.009 
   8   (0.038) 0.060 0.010 0.010 0.010 
   9   (0.076) 0.150 0.018 0.021 0.204 
  10   (0.074) 0.119 0.019 0.020 0.167 
  11   (0.066) 0.118 0.018 0.018 0.091 
  12   (0.056) 0.038 0.009 0.015 0.126 
  13   (0.055) 0.124 0.009 0.015 0.051 
  14   (0.051) 0.037 0.008 0.014 0.050 
  15   (0.042) 0.007 0.007 0.268 0.011 
  16   (0.042) 0.007 0.007 0.158 0.011 
  17   (0.038) 0.006 0.006 0.083 0.010 
  18   (0.036) 0.006 0.006 0.083 0.009 
  19   (0.036) 0.006 0.006 0.082 0.009 
  20   (0.039) 0.007 0.006 0.120 0.010 
  21   (0.042) 0.007 0.007 0.011 0.158 

Locus 84 : locus84 
24 alleles
0.0% missing data
   1   (0.042) 0.010 0.249 0.011 0.011 
   2   (0.043) 0.011 0.140 0.011 0.011 
   3   (0.038) 0.009 0.167 0.010 0.010 
   4   (0.042) 0.009 0.196 0.011 0.011 
   5   (0.038) 0.009 0.085 0.010 0.010 
   6   (0.054) 0.122 0.009 0.051 0.014 
   7   (0.030) 0.062 0.005 0.008 0.008 
   8   (0.040) 0.144 0.010 0.011 0.011 
   9   (0.066) 0.061 0.017 0.018 0.202 
  10   (0.033) 0.058 0.009 0.009 0.009 
  11   (0.051) 0.065 0.009 0.014 0.049 
  12   (0.042) 0.141 0.013 0.011 0.011 
  13   (0.055) 0.091 0.012 0.051 0.014 
  14   (0.073) 0.117 0.020 0.020 0.388 
  15   (0.048) 0.036 0.008 0.050 0.013 
  16   (0.037) 0.006 0.006 0.156 0.010 
  17   (0.033) 0.006 0.005 0.192 0.009 
  18   (0.033) 0.006 0.006 0.045 0.009 
  19   (0.031) 0.005 0.005 0.045 0.008 
  20   (0.038) 0.006 0.006 0.083 0.010 
  21   (0.032) 0.006 0.005 0.082 0.009 
  22   (0.034) 0.006 0.006 0.082 0.009 
  23   (0.038) 0.006 0.006 0.010 0.121 
  24   (0.030) 0.005 0.005 0.008 0.045 

Locus 85 : locus85 
23 alleles
0.0% missing data
   1   (0.053) 0.015 0.114 0.014 0.051 
   2   (0.064) 0.016 0.145 0.017 0.127 
   3   (0.030) 0.005 0.061 0.008 0.008 
   4   (0.050) 0.008 0.064 0.013 0.124 
   5   (0.058) 0.014 0.313 0.016 0.052 
   6   (0.054) 0.086 0.126 0.015 0.014 
   7   (0.030) 0.005 0.033 0.008 0.008 
   8   (0.062) 0.090 0.014 0.200 0.016 
   9   (0.033) 0.086 0.008 0.009 0.009 
  10   (0.031) 0.060 0.005 0.008 0.008 
  11   (0.062) 0.168 0.019 0.127 0.016 
  12   (0.048) 0.035 0.008 0.087 0.013 
  13   (0.054) 0.117 0.012 0.051 0.014 
  14   (0.059) 0.113 0.016 0.089 0.016 
  15   (0.038) 0.087 0.009 0.010 0.010 
  16   (0.059) 0.059 0.016 0.199 0.016 
  17   (0.028) 0.005 0.005 0.044 0.007 
  18   (0.030) 0.005 0.005 0.045 0.008 
  19   (0.032) 0.005 0.005 0.009 0.045 
  20   (0.035) 0.006 0.006 0.009 0.230 
  21   (0.032) 0.005 0.005 0.008 0.082 
  22   (0.027) 0.005 0.005 0.007 0.081 
  23   (0.029) 0.005 0.005 0.008 0.044 

Locus 86 : locus86 
20 alleles
0.0% missing data
   1   (0.092) 0.064 0.187 0.025 0.172 
   2   (0.099) 0.146 0.081 0.027 0.211 
   3   (0.035) 0.006 0.061 0.009 0.009 
   4   (0.065) 0.020 0.222 0.018 0.091 
   5   (0.039) 0.008 0.115 0.010 0.010 
   6   (0.050) 0.008 0.036 0.014 0.087 
   7   (0.038) 0.009 0.141 0.010 0.010 
   8   (0.053) 0.083 0.046 0.014 0.014 
   9   (0.062) 0.259 0.015 0.017 0.052 
  10   (0.098) 0.173 0.027 0.099 0.136 
  11   (0.036) 0.082 0.013 0.010 0.010 
  12   (0.059) 0.094 0.010 0.016 0.126 
  13   (0.038) 0.006 0.006 0.156 0.010 
  14   (0.036) 0.006 0.006 0.120 0.010 
  15   (0.033) 0.006 0.006 0.082 0.009 
  16   (0.036) 0.006 0.006 0.119 0.010 
  17   (0.035) 0.006 0.006 0.119 0.009 
  18   (0.030) 0.005 0.005 0.044 0.008 
  19   (0.030) 0.005 0.005 0.045 0.008 
  20   (0.036) 0.006 0.006 0.046 0.009 

Locus 87 : locus87 
16 alleles
0.0% missing data
   1   (0.079) 0.097 0.180 0.021 0.021 
   2   (0.056) 0.012 0.288 0.015 0.015 
   3   (0.037) 0.006 0.035 0.010 0.010 
   4   (0.045) 0.010 0.089 0.012 0.012 
   5   (0.048) 0.010 0.203 0.013 0.013 
   6   (0.043) 0.011 0.060 0.012 0.011 
   7   (0.059) 0.387 0.017 0.016 0.016 
   8   (0.098) 0.071 0.017 0.136 0.100 
   9   (0.074) 0.119 0.016 0.093 0.020 
  10   (0.097) 0.122 0.020 0.355 0.026 
  11   (0.091) 0.062 0.023 0.098 0.061 
  12   (0.078) 0.061 0.020 0.021 0.205 
  13   (0.041) 0.007 0.007 0.084 0.011 
  14   (0.062) 0.010 0.011 0.090 0.053 
  15   (0.046) 0.008 0.008 0.012 0.196 
  16   (0.046) 0.007 0.008 0.012 0.233 

Locus 88 : locus88 
22 alleles
0.0% missing data
   1   (0.041) 0.010 0.222 0.011 0.011 
   2   (0.032) 0.005 0.033 0.009 0.009 
   3   (0.043) 0.011 0.222 0.012 0.011 
   4   (0.038) 0.009 0.086 0.010 0.010 
   5   (0.035) 0.006 0.033 0.009 0.009 
   6   (0.031) 0.005 0.032 0.008 0.008 
   7   (0.037) 0.010 0.140 0.010 0.010 
   8   (0.035) 0.010 0.057 0.009 0.009 
   9   (0.029) 0.005 0.032 0.008 0.008 
  10   (0.030) 0.033 0.005 0.008 0.008 
  11   (0.057) 0.203 0.013 0.015 0.051 
  12   (0.118) 0.317 0.032 0.251 0.142 
  13   (0.075) 0.125 0.013 0.093 0.056 
  14   (0.090) 0.119 0.023 0.060 0.282 
  15   (0.046) 0.036 0.008 0.049 0.012 
  16   (0.070) 0.062 0.017 0.055 0.092 
  17   (0.033) 0.006 0.006 0.119 0.009 
  18   (0.031) 0.005 0.005 0.045 0.008 
  19   (0.031) 0.005 0.005 0.081 0.008 
  20   (0.033) 0.006 0.006 0.082 0.009 
  21   (0.028) 0.005 0.005 0.044 0.007 
  22   (0.036) 0.006 0.006 0.010 0.231 

Locus 89 : locus89 
23 alleles
0.0% missing data
   1   (0.047) 0.008 0.035 0.013 0.049 
   2   (0.030) 0.005 0.032 0.008 0.008 
   3   (0.038) 0.008 0.141 0.010 0.010 
   4   (0.061) 0.014 0.088 0.126 0.016 
   5   (0.040) 0.010 0.249 0.011 0.011 
   6   (0.045) 0.013 0.301 0.012 0.012 
   7   (0.061) 0.205 0.013 0.017 0.053 
   8   (0.032) 0.034 0.005 0.009 0.008 
   9   (0.070) 0.173 0.020 0.019 0.166 
  10   (0.049) 0.037 0.008 0.013 0.050 
  11   (0.038) 0.175 0.007 0.010 0.010 
  12   (0.058) 0.121 0.012 0.016 0.089 
  13   (0.050) 0.037 0.008 0.013 0.087 
  14   (0.074) 0.108 0.028 0.020 0.204 
  15   (0.042) 0.007 0.007 0.231 0.011 
  16   (0.041) 0.007 0.007 0.194 0.011 
  17   (0.031) 0.005 0.005 0.045 0.008 
  18   (0.035) 0.006 0.006 0.119 0.009 
  19   (0.029) 0.005 0.005 0.044 0.008 
  20   (0.031) 0.005 0.005 0.045 0.008 
  21   (0.035) 0.006 0.006 0.010 0.083 
  22   (0.031) 0.005 0.005 0.008 0.045 
  23   (0.032) 0.005 0.005 0.009 0.045 

Locus 90 : locus90 
24 alleles
0.0% missing data
   1   (0.053) 0.135 0.105 0.014 0.014 
   2   (0.051) 0.018 0.083 0.050 0.013 
   3   (0.029) 0.005 0.117 0.008 0.008 
   4   (0.034) 0.009 0.059 0.009 0.009 
   5   (0.036) 0.007 0.117 0.010 0.009 
   6   (0.053) 0.169 0.069 0.014 0.014 
   7   (0.078) 0.070 0.122 0.131 0.021 
   8   (0.050) 0.046 0.082 0.013 0.013 
   9   (0.050) 0.140 0.043 0.014 0.013 
  10   (0.084) 0.119 0.074 0.389 0.022 
  11   (0.065) 0.083 0.049 0.054 0.017 
  12   (0.052) 0.088 0.012 0.087 0.014 
  13   (0.047) 0.058 0.013 0.049 0.012 
  14   (0.026) 0.004 0.004 0.043 0.007 
  15   (0.028) 0.005 0.005 0.044 0.007 
  16   (0.030) 0.005 0.005 0.008 0.192 
  17   (0.029) 0.005 0.005 0.008 0.118 
  18   (0.029) 0.005 0.005 0.008 0.044 
  19   (0.031) 0.005 0.005 0.008 0.082 
  20   (0.032) 0.005 0.005 0.009 0.119 
  21   (0.029) 0.005 0.005 0.008 0.118 
  22   (0.027) 0.004 0.005 0.007 0.044 
  23   (0.027) 0.004 0.005 0.007 0.044 
  24   (0.031) 0.005 0.005 0.008 0.045 

Locus 91 : locus91 
17 alleles
0.0% missing data
   1   (0.086) 0.316 0.120 0.023 0.023 
   2   (0.064) 0.013 0.125 0.017 0.053 
   3   (0.074) 0.015 0.241 0.020 0.056 
   4   (0.071) 0.215 0.053 0.019 0.019 
   5   (0.077) 0.106 0.170 0.021 0.020 
   6   (0.071) 0.091 0.100 0.019 0.019 
   7   (0.063) 0.010 0.040 0.017 0.165 
   8   (0.036) 0.006 0.035 0.010 0.010 
   9   (0.058) 0.009 0.039 0.016 0.089 
  10   (0.049) 0.162 0.016 0.013 0.013 
  11   (0.042) 0.007 0.007 0.121 0.011 
  12   (0.074) 0.012 0.013 0.203 0.093 
  13   (0.048) 0.008 0.009 0.269 0.013 
  14   (0.061) 0.010 0.011 0.126 0.053 
  15   (0.040) 0.006 0.007 0.084 0.011 
  16   (0.043) 0.007 0.008 0.012 0.196 
  17   (0.043) 0.007 0.008 0.011 0.159 

Locus 92 : locus92 
18 alleles
0.0% missing data
   1   (0.103) 0.120 0.299 0.028 0.064 
   2   (0.108) 0.311 0.143 0.029 0.065 
   3   (0.134) 0.096 0.224 0.036 0.404 
   4   (0.039) 0.012 0.111 0.011 0.010 
   5   (0.042) 0.010 0.087 0.011 0.011 
   6   (0.064) 0.011 0.038 0.017 0.128 
   7   (0.063) 0.146 0.016 0.017 0.053 
   8   (0.037) 0.063 0.006 0.010 0.010 
   9   (0.036) 0.063 0.006 0.010 0.009 
  10   (0.073) 0.117 0.020 0.020 0.130 
  11   (0.042) 0.007 0.007 0.231 0.011 
  12   (0.041) 0.007 0.007 0.230 0.011 
  13   (0.035) 0.006 0.006 0.046 0.009 
  14   (0.033) 0.006 0.006 0.045 0.009 
  15   (0.040) 0.007 0.007 0.084 0.011 
  16   (0.040) 0.007 0.007 0.120 0.011 
  17   (0.034) 0.006 0.006 0.046 0.009 
  18   (0.035) 0.006 0.006 0.009 0.046 

Locus 93 : locus93 
21 alleles
0.0% missing data
   1   (0.061) 0.013 0.180 0.017 0.090 
   2   (0.069) 0.225 0.156 0.018 0.018 
   3   (0.051) 0.008 0.153 0.014 0.050 
   4   (0.049) 0.008 0.037 0.013 0.087 
   5   (0.038) 0.013 0.085 0.010 0.010 
   6   (0.032) 0.005 0.034 0.009 0.008 
   7   (0.065) 0.014 0.094 0.018 0.165 
   8   (0.058) 0.014 0.063 0.015 0.126 
   9   (0.048) 0.008 0.037 0.013 0.049 
  10   (0.064) 0.015 0.063 0.017 0.164 
  11   (0.040) 0.270 0.013 0.011 0.010 
  12   (0.038) 0.085 0.009 0.010 0.010 
  13   (0.056) 0.034 0.010 0.236 0.015 
  14   (0.052) 0.113 0.012 0.050 0.014 
  15   (0.056) 0.063 0.010 0.088 0.015 
  16   (0.055) 0.035 0.010 0.198 0.015 
  17   (0.035) 0.056 0.010 0.009 0.009 
  18   (0.033) 0.005 0.006 0.118 0.009 
  19   (0.035) 0.006 0.006 0.119 0.009 
  20   (0.032) 0.005 0.006 0.008 0.045 
  21   (0.033) 0.005 0.006 0.009 0.082 

Locus 94 : locus94 
19 alleles
0.0% missing data
   1   (0.057) 0.009 0.065 0.052 0.015 
   2   (0.056) 0.019 0.389 0.015 0.015 
   3   (0.044) 0.007 0.174 0.012 0.012 
   4   (0.070) 0.012 0.039 0.348 0.018 
   5   (0.068) 0.015 0.091 0.018 0.055 
   6   (0.076) 0.017 0.092 0.130 0.020 
   7   (0.056) 0.009 0.037 0.015 0.089 
   8   (0.049) 0.284 0.010 0.013 0.013 
   9   (0.046) 0.194 0.015 0.012 0.012 
  10   (0.036) 0.061 0.006 0.010 0.009 
  11   (0.050) 0.252 0.014 0.014 0.013 
  12   (0.057) 0.037 0.010 0.015 0.052 
  13   (0.037) 0.034 0.006 0.010 0.010 
  14   (0.069) 0.012 0.012 0.054 0.277 
  15   (0.071) 0.012 0.012 0.239 0.055 
  16   (0.045) 0.007 0.008 0.012 0.159 
  17   (0.040) 0.007 0.007 0.011 0.084 
  18   (0.037) 0.006 0.006 0.010 0.046 
  19   (0.037) 0.006 0.006 0.010 0.046 

Locus 95 : locus95 
28 alleles
0.0% missing data
   1   (0.038) 0.011 0.308 0.010 0.010 
   2   (0.063) 0.013 0.120 0.053 0.054 
   3   (0.052) 0.011 0.118 0.014 0.087 
   4   (0.050) 0.008 0.064 0.160 0.013 
   5   (0.026) 0.004 0.032 0.007 0.007 
   6   (0.051) 0.013 0.060 0.014 0.161 
   7   (0.028) 0.005 0.033 0.008 0.007 
   8   (0.050) 0.013 0.059 0.087 0.013 
   9   (0.028) 0.005 0.033 0.007 0.007 
  10   (0.049) 0.013 0.059 0.086 0.013 
  11   (0.036) 0.198 0.008 0.010 0.009 
  12   (0.037) 0.169 0.009 0.010 0.010 
  13   (0.032) 0.137 0.011 0.009 0.008 
  14   (0.030) 0.060 0.005 0.008 0.008 
  15   (0.033) 0.115 0.007 0.009 0.009 
  16   (0.030) 0.057 0.009 0.008 0.008 
  17   (0.029) 0.032 0.005 0.008 0.008 
  18   (0.032) 0.057 0.009 0.009 0.008 
  19   (0.027) 0.032 0.005 0.007 0.007 
  20   (0.044) 0.007 0.008 0.085 0.048 
  21   (0.032) 0.005 0.005 0.228 0.008 
  22   (0.027) 0.005 0.005 0.044 0.007 
  23   (0.032) 0.005 0.005 0.082 0.008 
  24   (0.031) 0.005 0.005 0.008 0.156 
  25   (0.032) 0.005 0.005 0.009 0.082 
  26   (0.031) 0.005 0.005 0.009 0.156 
  27   (0.026) 0.004 0.004 0.007 0.044 
  28   (0.023) 0.004 0.004 0.006 0.043 

Locus 96 : locus96 
21 alleles
0.0% missing data
   1   (0.062) 0.010 0.067 0.126 0.016 
   2   (0.044) 0.011 0.144 0.012 0.011 
   3   (0.047) 0.014 0.227 0.013 0.012 
   4   (0.079) 0.040 0.042 0.131 0.021 
   5   (0.063) 0.013 0.233 0.017 0.053 
   6   (0.081) 0.025 0.086 0.241 0.021 
   7   (0.036) 0.006 0.062 0.010 0.009 
   8   (0.064) 0.011 0.039 0.127 0.017 
   9   (0.076) 0.254 0.018 0.020 0.130 
  10   (0.053) 0.469 0.015 0.014 0.014 
  11   (0.038) 0.088 0.007 0.010 0.010 
  12   (0.034) 0.006 0.006 0.046 0.009 
  13   (0.035) 0.006 0.006 0.046 0.009 
  14   (0.038) 0.006 0.006 0.120 0.010 
  15   (0.046) 0.008 0.008 0.012 0.307 
  16   (0.036) 0.006 0.006 0.010 0.083 
  17   (0.031) 0.005 0.005 0.008 0.045 
  18   (0.034) 0.006 0.006 0.009 0.046 
  19   (0.035) 0.006 0.006 0.009 0.083 
  20   (0.034) 0.006 0.006 0.009 0.046 
  21   (0.034) 0.006 0.006 0.009 0.046 

Locus 97 : locus97 
20 alleles
0.0% missing data
   1   (0.050) 0.008 0.066 0.123 0.013 
   2   (0.083) 0.020 0.065 0.132 0.132 
   3   (0.100) 0.023 0.152 0.100 0.248 
   4   (0.056) 0.012 0.092 0.015 0.089 
   5   (0.099) 0.028 0.146 0.136 0.173 
   6   (0.050) 0.013 0.061 0.013 0.050 
   7   (0.080) 0.013 0.099 0.131 0.095 
   8   (0.034) 0.009 0.059 0.009 0.009 
   9   (0.034) 0.006 0.092 0.009 0.009 
  10   (0.050) 0.011 0.091 0.014 0.050 
  11   (0.042) 0.327 0.012 0.011 0.011 
  12   (0.047) 0.035 0.008 0.049 0.012 
  13   (0.034) 0.165 0.009 0.009 0.009 
  14   (0.033) 0.084 0.008 0.009 0.009 
  15   (0.035) 0.137 0.010 0.009 0.009 
  16   (0.028) 0.031 0.005 0.008 0.008 
  17   (0.030) 0.032 0.005 0.008 0.008 
  18   (0.030) 0.032 0.005 0.008 0.008 
  19   (0.031) 0.005 0.005 0.045 0.008 
  20   (0.052) 0.009 0.009 0.161 0.050 

Locus 98 : locus98 
20 alleles
0.0% missing data
   1   (0.059) 0.012 0.146 0.052 0.015 
   2   (0.058) 0.114 0.045 0.015 0.015 
   3   (0.061) 0.049 0.193 0.016 0.016 
   4   (0.054) 0.009 0.036 0.015 0.125 
   5   (0.042) 0.014 0.138 0.011 0.011 
   6   (0.069) 0.018 0.198 0.055 0.018 
   7   (0.051) 0.009 0.036 0.014 0.050 
   8   (0.076) 0.406 0.093 0.020 0.020 
   9   (0.038) 0.088 0.009 0.010 0.010 
  10   (0.037) 0.058 0.010 0.010 0.010 
  11   (0.084) 0.083 0.028 0.315 0.022 
  12   (0.054) 0.060 0.014 0.051 0.014 
  13   (0.062) 0.037 0.010 0.273 0.016 
  14   (0.033) 0.006 0.006 0.082 0.009 
  15   (0.042) 0.007 0.007 0.011 0.232 
  16   (0.037) 0.006 0.006 0.010 0.120 
  17   (0.038) 0.006 0.007 0.010 0.084 
  18   (0.032) 0.005 0.005 0.009 0.045 
  19   (0.042) 0.007 0.007 0.011 0.122 
  20   (0.032) 0.005 0.006 0.009 0.045 

Locus 99 : locus99 
13 alleles
0.0% missing data
   1   (0.106) 0.299 0.131 0.029 0.064 
   2   (0.121) 0.036 0.167 0.142 0.143 
   3   (0.068) 0.132 0.086 0.018 0.018 
   4   (0.081) 0.018 0.118 0.205 0.021 
   5   (0.093) 0.016 0.042 0.098 0.209 
   6   (0.119) 0.035 0.221 0.105 0.142 
   7   (0.083) 0.024 0.112 0.022 0.206 
   8   (0.084) 0.087 0.080 0.023 0.059 
   9   (0.046) 0.177 0.010 0.012 0.012 
  10   (0.042) 0.121 0.009 0.011 0.011 
  11   (0.034) 0.034 0.006 0.009 0.009 
  12   (0.069) 0.012 0.011 0.275 0.055 
  13   (0.052) 0.009 0.009 0.051 0.050 

Locus 100 : locus100 
18 alleles
0.0% missing data
   1   (0.035) 0.010 0.058 0.009 0.009 
   2   (0.098) 0.171 0.111 0.173 0.026 
   3   (0.071) 0.014 0.122 0.056 0.056 
   4   (0.099) 0.179 0.103 0.063 0.063 
   5   (0.036) 0.007 0.116 0.010 0.009 
   6   (0.066) 0.011 0.039 0.054 0.091 
   7   (0.058) 0.015 0.060 0.016 0.126 
   8   (0.040) 0.012 0.169 0.011 0.011 
   9   (0.030) 0.005 0.033 0.008 0.008 
  10   (0.035) 0.008 0.088 0.009 0.009 
  11   (0.091) 0.286 0.021 0.134 0.059 
  12   (0.105) 0.171 0.029 0.358 0.064 
  13   (0.061) 0.082 0.021 0.016 0.090 
  14   (0.045) 0.008 0.008 0.049 0.049 
  15   (0.032) 0.005 0.005 0.009 0.082 
  16   (0.031) 0.005 0.005 0.008 0.082 
  17   (0.034) 0.006 0.006 0.009 0.120 
  18   (0.031) 0.005 0.005 0.008 0.045 

Values of parameters used in structure:
DATAFILE=parentandhybrid2.str,	OUTFILE=parentandhybrid4Deme_5,	NUMINDS=50,	NUMLOCI=100,	MISSING=0,	LABEL=1,	POPDATA=0,	POPFLAG=0,	PHENOTYPE=0,	EXTRACOLS=0,	MAXPOPS=4,	BURNIN=200000,	NUMREPS=200000,	USEPOPINFO=0,	INFERALPHA=1,	INFERLAMBDA=0,	POPSPECIFICLAMBDA=0,	POPALPHAS=0,	COMPUTEPROB=1,	NOADMIX=0,	ADMBURNIN=500,	UPDATEFREQ=100,	PRINTLIKES=0,	INTERMEDSAVE=0,	PRINTKLD=0,	PRINTNET=1,	PRINTLAMBDA=1,	ANCESTDIST=0,	NUMBOXES=1000,	ANCESTPINT=0.90000,	GENSBACK=2,	MIGRPRIOR=0.01000,	PRINTQHAT=0,	PRINTQSUM=1,	ALPHA=1.0000,	FREQSCORR=1,	FPRIORMEAN=0.0100,	FPRIORSD=0.0500,	ONEFST=0,	LAMBDA=1.0000,	UNIFPRIORALPHA=1,	ALPHAMAX=10.0000,	ALPHAPRIORA=1.0000,	ALPHAPRIORB=2.0000,	ALPHAPROPSD=0.0250,	STARTATPOPINFO=0,	RANDOMIZE=1,	LINKAGE=0,	METROFREQ=10,	REPORTHITRATE=0,	MARKOVPHASE=0,	PHASED=0,	PLOIDY=2,	PHASEINFO=0	LOCPRIOR=0, 	LOCPRIORINIT=1.000000, 	LOCDATA=0, 	LOCISPOP=0, 	LOCPRIORSTEP=0.100000, 	MAXLOCPRIOR=20.000000, 	SEED=1658849774,	
[STRAT parameters]:    NUMSIMSTATS=1000,	PHENOTYPECOL=-9,	POOLFREQ=10,	LOCUSxONLY=0,	EMERROR=0.00100,	MISSINGPHENO=-9,	