1667220172
1667220177
1667220182
1667220187
1667220192
1667220197
1667220202
1667220207
1667220212
1667220217
1667220222
1667220227
1667220232
1667220237
1667220242
1667220247
1667220252
1667220257
1667220262
1667220267
1667220272
1667220277
1667220282
1667220287
1667220292
1667220297
1667220302
1667220307
1667220312
1667220317
1667220322
1667220327
1667220332
1667220337
1667220342
1667220347
1667220352
1667220357
1667220362
1667220367
1667220372
1667220377
1667220382
1667220387
1667220392
1667220397
1667220402
1667220407
1667220412
1667220417
