1666877795
1666877800
1666877805
1666877810
1666877815
1666877820
1666877825
1666877830
1666877835
1666877840
1666877845
1666877850
1666877855
1666877860
1666877865
1666877870
1666877875
1666877880
1666877885
1666877890
1666877895
1666877900
1666877905
1666877910
1666877915
1666877920
1666877925
1666877930
1666877935
1666877940
1666877945
1666877950
1666877955
1666877961
1666877966
1666877971
1666877976
1666877981
1666877986
1666877991
1666877996
1666878001
1666878006
1666878011
1666878016
1666878021
1666878026
1666878031
1666878036
1666878041
1667669732
1667669737
1667669742
1667669747
1667669752
1667669757
1667669762
1667669767
1667669772
1667669777
1667669782
1667669787
1667669792
1667669797
1667669802
1667669807
1667669812
1667669817
1667669822
1667669827
1667669832
1667669837
1667669842
1667669847
1667669852
1667669857
1667669862
1667669867
1667669872
1667669877
1667669882
1667669887
1667669892
1667669897
1667669902
1667669907
1667669912
1667669917
1667669922
1667669927
1667669932
1667669937
1667669942
1667669947
1667669952
1667669957
1667669962
1667669967
1667669972
1667669977
