

----------------------------------------------------
STRUCTURE by Pritchard, Stephens and Donnelly (2000)
     and Falush, Stephens and Pritchard (2003)
       Code by Pritchard, Falush and Hubisz
             Version 2.3.4 (Jul 2012)
----------------------------------------------------



Command line arguments:   /usr/local/bin/structure -i parentandhybrid4.str -m mainparams.txt -e extraparams.txt -K 4 -o parentandhybrid4Deme_1 
Input File:    parentandhybrid4.str

Run parameters:
   50 individuals
   100 loci
   4 populations assumed
   200000 Burn-in period
   200000 Reps


--------------------------------------------
Overall proportion of membership of the
sample in each of the 4 clusters

Inferred Clusters
  1      2      3      4    
0.301  0.200  0.200  0.299  

--------------------------------------------

Allele-freq. divergence among pops (Net nucleotide distance),
computed using point estimates of P.

      1       2       3       4      
 1      -    0.1071  0.1004  0.1127  
 2   0.1071     -    0.0842  0.1093  
 3   0.1004  0.0842     -    0.0990  
 4   0.1127  0.1093  0.0990     -    

Average distances (expected heterozygosity) between individuals in same cluster:
cluster  1  : 0.8355 
cluster  2  : 0.8578 
cluster  3  : 0.8687 
cluster  4  : 0.8350 

--------------------------------------------
Estimated Ln Prob of Data   = -22657.8
Mean value of ln likelihood = -21149.2
Variance of ln likelihood   = 3017.1
Mean value of alpha         = 0.0280

Mean value of Fst_1         = 0.1559
Mean value of Fst_2         = 0.1293
Mean value of Fst_3         = 0.1161
Mean value of Fst_4         = 0.1559


Inferred ancestry of individuals:
        Label (%Miss) :  Inferred clusters
  1       01    (0)   :  0.000 0.000 0.003 0.996 
  2       02    (0)   :  0.000 0.000 0.000 0.999 
  3       03    (0)   :  0.001 0.001 0.000 0.999 
  4       04    (0)   :  0.000 0.001 0.001 0.998 
  5       05    (0)   :  0.000 0.000 0.000 0.999 
  6       06    (0)   :  0.000 0.000 0.000 0.999 
  7       07    (0)   :  0.000 0.000 0.000 0.999 
  8       08    (0)   :  0.001 0.001 0.000 0.998 
  9       09    (0)   :  0.000 0.000 0.000 0.999 
 10       10    (0)   :  0.001 0.000 0.001 0.998 
 11       11    (0)   :  0.999 0.000 0.000 0.000 
 12       12    (0)   :  0.998 0.001 0.001 0.001 
 13       13    (0)   :  0.999 0.001 0.000 0.000 
 14       14    (0)   :  0.999 0.000 0.001 0.000 
 15       15    (0)   :  0.999 0.000 0.000 0.000 
 16       16    (0)   :  0.999 0.000 0.000 0.000 
 17       17    (0)   :  0.999 0.000 0.000 0.000 
 18       18    (0)   :  0.998 0.000 0.001 0.001 
 19       19    (0)   :  0.998 0.001 0.001 0.001 
 20       20    (0)   :  0.999 0.000 0.000 0.000 
 21      h01    (0)   :  0.518 0.000 0.000 0.482 
 22      h02    (0)   :  0.484 0.000 0.000 0.516 
 23      h03    (0)   :  0.497 0.000 0.000 0.503 
 24      h04    (0)   :  0.504 0.000 0.000 0.495 
 25      h05    (0)   :  0.489 0.000 0.000 0.511 
 26      h06    (0)   :  0.518 0.000 0.000 0.481 
 27      h07    (0)   :  0.517 0.000 0.000 0.483 
 28      h08    (0)   :  0.511 0.000 0.000 0.488 
 29      h09    (0)   :  0.491 0.000 0.000 0.508 
 30      h10    (0)   :  0.527 0.000 0.000 0.473 
 31       21    (0)   :  0.001 0.997 0.001 0.000 
 32       22    (0)   :  0.000 0.999 0.000 0.000 
 33       23    (0)   :  0.000 0.998 0.001 0.001 
 34       24    (0)   :  0.000 0.999 0.001 0.000 
 35       25    (0)   :  0.000 0.998 0.001 0.001 
 36       26    (0)   :  0.000 0.998 0.000 0.001 
 37       27    (0)   :  0.000 0.999 0.000 0.000 
 38       28    (0)   :  0.000 0.999 0.001 0.000 
 39       29    (0)   :  0.000 0.999 0.000 0.000 
 40       30    (0)   :  0.000 0.999 0.000 0.000 
 41       31    (0)   :  0.000 0.001 0.999 0.001 
 42       32    (0)   :  0.000 0.000 0.999 0.000 
 43       33    (0)   :  0.001 0.001 0.998 0.001 
 44       34    (0)   :  0.000 0.000 0.999 0.000 
 45       35    (0)   :  0.000 0.001 0.999 0.001 
 46       36    (0)   :  0.000 0.000 0.998 0.001 
 47       37    (0)   :  0.001 0.001 0.998 0.000 
 48       38    (0)   :  0.000 0.000 0.999 0.000 
 49       39    (0)   :  0.000 0.001 0.999 0.000 
 50       40    (0)   :  0.000 0.000 0.999 0.000 


Estimated Allele Frequencies in each cluster
First column gives estimated ancestral frequencies


Locus 1 : locus1 
18 alleles
0.0% missing data
   1   (0.076) 0.015 0.056 0.094 0.120 
   2   (0.062) 0.019 0.016 0.053 0.252 
   3   (0.067) 0.013 0.204 0.018 0.119 
   4   (0.100) 0.021 0.174 0.136 0.177 
   5   (0.029) 0.004 0.007 0.008 0.060 
   6   (0.090) 0.053 0.098 0.061 0.087 
   7   (0.057) 0.014 0.127 0.016 0.059 
   8   (0.030) 0.005 0.008 0.008 0.032 
   9   (0.032) 0.062 0.008 0.009 0.005 
  10   (0.037) 0.145 0.009 0.010 0.009 
  11   (0.072) 0.234 0.018 0.164 0.016 
  12   (0.050) 0.061 0.013 0.050 0.012 
  13   (0.051) 0.036 0.013 0.086 0.008 
  14   (0.062) 0.177 0.016 0.089 0.013 
  15   (0.034) 0.059 0.009 0.009 0.008 
  16   (0.032) 0.033 0.008 0.009 0.005 
  17   (0.067) 0.039 0.054 0.128 0.010 
  18   (0.053) 0.008 0.163 0.050 0.008 

Locus 2 : locus2 
25 alleles
0.0% missing data
   1   (0.036) 0.006 0.009 0.010 0.146 
   2   (0.033) 0.005 0.008 0.009 0.033 
   3   (0.037) 0.010 0.009 0.010 0.114 
   4   (0.036) 0.008 0.009 0.010 0.087 
   5   (0.031) 0.005 0.008 0.009 0.061 
   6   (0.040) 0.011 0.010 0.011 0.113 
   7   (0.055) 0.012 0.089 0.015 0.089 
   8   (0.032) 0.005 0.008 0.009 0.033 
   9   (0.035) 0.012 0.009 0.010 0.140 
  10   (0.037) 0.009 0.009 0.010 0.058 
  11   (0.035) 0.118 0.009 0.010 0.007 
  12   (0.068) 0.067 0.017 0.308 0.010 
  13   (0.071) 0.092 0.018 0.346 0.015 
  14   (0.057) 0.172 0.014 0.051 0.015 
  15   (0.035) 0.059 0.009 0.010 0.009 
  16   (0.039) 0.148 0.010 0.011 0.006 
  17   (0.035) 0.059 0.009 0.010 0.009 
  18   (0.039) 0.083 0.010 0.011 0.014 
  19   (0.035) 0.059 0.009 0.010 0.009 
  20   (0.031) 0.033 0.008 0.009 0.005 
  21   (0.038) 0.006 0.234 0.010 0.006 
  22   (0.037) 0.006 0.196 0.010 0.006 
  23   (0.037) 0.006 0.159 0.010 0.006 
  24   (0.036) 0.006 0.121 0.010 0.006 
  25   (0.035) 0.005 0.009 0.082 0.005 

Locus 3 : locus3 
14 alleles
0.0% missing data
   1   (0.113) 0.108 0.066 0.104 0.153 
   2   (0.071) 0.015 0.018 0.092 0.264 
   3   (0.149) 0.125 0.150 0.222 0.174 
   4   (0.089) 0.017 0.060 0.133 0.125 
   5   (0.039) 0.010 0.010 0.011 0.059 
   6   (0.076) 0.012 0.094 0.093 0.040 
   7   (0.092) 0.193 0.023 0.098 0.088 
   8   (0.050) 0.036 0.013 0.014 0.036 
   9   (0.042) 0.145 0.011 0.012 0.008 
  10   (0.067) 0.252 0.017 0.054 0.020 
  11   (0.034) 0.033 0.009 0.009 0.005 
  12   (0.068) 0.038 0.055 0.055 0.011 
  13   (0.074) 0.011 0.430 0.093 0.012 
  14   (0.034) 0.005 0.046 0.010 0.005 

Locus 4 : locus4 
16 alleles
0.0% missing data
   1   (0.084) 0.018 0.171 0.023 0.203 
   2   (0.140) 0.182 0.036 0.292 0.172 
   3   (0.092) 0.117 0.023 0.061 0.109 
   4   (0.126) 0.164 0.032 0.143 0.239 
   5   (0.047) 0.016 0.012 0.013 0.082 
   6   (0.044) 0.009 0.011 0.012 0.116 
   7   (0.052) 0.037 0.013 0.051 0.008 
   8   (0.045) 0.147 0.011 0.012 0.010 
   9   (0.082) 0.156 0.021 0.204 0.012 
  10   (0.044) 0.117 0.011 0.012 0.011 
  11   (0.044) 0.007 0.198 0.012 0.007 
  12   (0.039) 0.006 0.085 0.011 0.006 
  13   (0.044) 0.007 0.161 0.012 0.007 
  14   (0.038) 0.006 0.084 0.010 0.006 
  15   (0.040) 0.006 0.122 0.011 0.006 
  16   (0.041) 0.006 0.010 0.120 0.006 

Locus 5 : locus5 
21 alleles
0.0% missing data
   1   (0.071) 0.109 0.018 0.020 0.275 
   2   (0.043) 0.009 0.011 0.012 0.227 
   3   (0.039) 0.008 0.010 0.011 0.116 
   4   (0.034) 0.005 0.008 0.009 0.033 
   5   (0.044) 0.014 0.011 0.012 0.139 
   6   (0.033) 0.005 0.008 0.009 0.033 
   7   (0.037) 0.010 0.010 0.010 0.057 
   8   (0.044) 0.176 0.011 0.012 0.009 
   9   (0.065) 0.122 0.017 0.091 0.012 
  10   (0.041) 0.147 0.010 0.011 0.010 
  11   (0.039) 0.148 0.010 0.011 0.007 
  12   (0.040) 0.090 0.010 0.011 0.008 
  13   (0.040) 0.090 0.010 0.011 0.008 
  14   (0.058) 0.009 0.127 0.052 0.009 
  15   (0.067) 0.011 0.279 0.091 0.010 
  16   (0.070) 0.011 0.129 0.164 0.011 
  17   (0.059) 0.009 0.090 0.089 0.009 
  18   (0.033) 0.005 0.083 0.009 0.005 
  19   (0.066) 0.010 0.091 0.199 0.010 
  20   (0.033) 0.005 0.046 0.009 0.005 
  21   (0.042) 0.007 0.011 0.156 0.006 

Locus 6 : locus6 
23 alleles
0.0% missing data
   1   (0.042) 0.010 0.011 0.012 0.207 
   2   (0.029) 0.004 0.007 0.008 0.034 
   3   (0.037) 0.008 0.009 0.010 0.091 
   4   (0.080) 0.019 0.057 0.130 0.122 
   5   (0.060) 0.091 0.015 0.017 0.126 
   6   (0.051) 0.008 0.125 0.014 0.037 
   7   (0.056) 0.095 0.014 0.016 0.149 
   8   (0.032) 0.005 0.008 0.009 0.034 
   9   (0.057) 0.009 0.276 0.016 0.038 
  10   (0.032) 0.008 0.008 0.009 0.060 
  11   (0.040) 0.219 0.010 0.011 0.012 
  12   (0.040) 0.248 0.010 0.011 0.011 
  13   (0.039) 0.080 0.010 0.011 0.014 
  14   (0.036) 0.060 0.009 0.010 0.006 
  15   (0.031) 0.060 0.008 0.009 0.005 
  16   (0.030) 0.032 0.008 0.008 0.005 
  17   (0.044) 0.007 0.048 0.048 0.007 
  18   (0.029) 0.004 0.045 0.008 0.005 
  19   (0.058) 0.009 0.089 0.161 0.009 
  20   (0.069) 0.010 0.167 0.309 0.011 
  21   (0.045) 0.007 0.048 0.048 0.007 
  22   (0.034) 0.005 0.009 0.081 0.005 
  23   (0.030) 0.004 0.007 0.044 0.005 

Locus 7 : locus7 
23 alleles
0.0% missing data
   1   (0.049) 0.011 0.012 0.013 0.332 
   2   (0.042) 0.009 0.011 0.012 0.086 
   3   (0.034) 0.005 0.009 0.009 0.032 
   4   (0.049) 0.013 0.012 0.014 0.304 
   5   (0.066) 0.162 0.017 0.018 0.058 
   6   (0.035) 0.006 0.009 0.010 0.033 
   7   (0.054) 0.052 0.014 0.015 0.049 
   8   (0.048) 0.325 0.012 0.013 0.010 
   9   (0.032) 0.034 0.008 0.009 0.005 
  10   (0.040) 0.092 0.010 0.011 0.008 
  11   (0.042) 0.151 0.010 0.011 0.007 
  12   (0.033) 0.034 0.008 0.009 0.005 
  13   (0.031) 0.034 0.008 0.009 0.005 
  14   (0.043) 0.007 0.272 0.012 0.006 
  15   (0.033) 0.005 0.046 0.009 0.005 
  16   (0.034) 0.005 0.046 0.009 0.005 
  17   (0.070) 0.011 0.167 0.128 0.010 
  18   (0.039) 0.006 0.160 0.011 0.006 
  19   (0.063) 0.010 0.091 0.090 0.009 
  20   (0.036) 0.006 0.046 0.010 0.005 
  21   (0.042) 0.007 0.011 0.192 0.006 
  22   (0.042) 0.007 0.011 0.229 0.006 
  23   (0.045) 0.007 0.011 0.157 0.007 

Locus 8 : locus8 
26 alleles
0.0% missing data
   1   (0.037) 0.008 0.009 0.010 0.171 
   2   (0.039) 0.010 0.010 0.011 0.197 
   3   (0.038) 0.013 0.010 0.010 0.194 
   4   (0.032) 0.005 0.008 0.009 0.061 
   5   (0.031) 0.005 0.008 0.008 0.033 
   6   (0.036) 0.007 0.009 0.010 0.116 
   7   (0.033) 0.005 0.008 0.009 0.033 
   8   (0.049) 0.008 0.013 0.050 0.063 
   9   (0.054) 0.065 0.126 0.015 0.008 
  10   (0.033) 0.119 0.008 0.009 0.005 
  11   (0.036) 0.059 0.009 0.010 0.009 
  12   (0.037) 0.204 0.009 0.010 0.007 
  13   (0.061) 0.200 0.053 0.017 0.018 
  14   (0.064) 0.085 0.166 0.018 0.019 
  15   (0.032) 0.089 0.008 0.009 0.007 
  16   (0.034) 0.063 0.009 0.010 0.005 
  17   (0.035) 0.005 0.158 0.010 0.005 
  18   (0.031) 0.005 0.045 0.009 0.005 
  19   (0.036) 0.006 0.196 0.010 0.005 
  20   (0.032) 0.005 0.045 0.009 0.005 
  21   (0.048) 0.007 0.049 0.050 0.007 
  22   (0.037) 0.006 0.009 0.227 0.005 
  23   (0.031) 0.005 0.008 0.045 0.005 
  24   (0.030) 0.005 0.008 0.045 0.005 
  25   (0.038) 0.006 0.010 0.119 0.006 
  26   (0.035) 0.005 0.009 0.263 0.005 

Locus 9 : locus9 
18 alleles
0.0% missing data
   1   (0.050) 0.012 0.013 0.014 0.230 
   2   (0.049) 0.011 0.012 0.014 0.174 
   3   (0.044) 0.008 0.011 0.012 0.119 
   4   (0.055) 0.013 0.014 0.015 0.231 
   5   (0.046) 0.011 0.012 0.013 0.059 
   6   (0.059) 0.009 0.015 0.053 0.066 
   7   (0.053) 0.202 0.013 0.015 0.011 
   8   (0.064) 0.370 0.016 0.018 0.015 
   9   (0.052) 0.171 0.013 0.014 0.014 
  10   (0.047) 0.063 0.012 0.013 0.007 
  11   (0.037) 0.034 0.009 0.010 0.006 
  12   (0.038) 0.034 0.010 0.011 0.006 
  13   (0.097) 0.015 0.249 0.171 0.015 
  14   (0.048) 0.007 0.199 0.013 0.007 
  15   (0.086) 0.013 0.209 0.132 0.013 
  16   (0.088) 0.013 0.171 0.241 0.014 
  17   (0.046) 0.007 0.012 0.157 0.007 
  18   (0.042) 0.007 0.011 0.084 0.007 

Locus 10 : locus10 
27 alleles
0.0% missing data
   1   (0.055) 0.013 0.014 0.124 0.147 
   2   (0.047) 0.007 0.012 0.086 0.093 
   3   (0.049) 0.010 0.012 0.050 0.120 
   4   (0.057) 0.015 0.201 0.016 0.117 
   5   (0.047) 0.011 0.012 0.049 0.060 
   6   (0.041) 0.006 0.010 0.048 0.035 
   7   (0.051) 0.012 0.125 0.014 0.060 
   8   (0.044) 0.007 0.011 0.048 0.093 
   9   (0.039) 0.011 0.010 0.011 0.172 
  10   (0.031) 0.142 0.008 0.009 0.008 
  11   (0.027) 0.032 0.007 0.007 0.004 
  12   (0.033) 0.169 0.008 0.009 0.009 
  13   (0.036) 0.199 0.009 0.010 0.008 
  14   (0.030) 0.087 0.008 0.008 0.006 
  15   (0.033) 0.057 0.009 0.009 0.009 
  16   (0.027) 0.032 0.007 0.008 0.004 
  17   (0.033) 0.115 0.008 0.009 0.006 
  18   (0.030) 0.032 0.008 0.008 0.005 
  19   (0.027) 0.004 0.044 0.007 0.004 
  20   (0.034) 0.005 0.158 0.009 0.005 
  21   (0.056) 0.009 0.201 0.088 0.009 
  22   (0.028) 0.004 0.044 0.008 0.004 
  23   (0.026) 0.004 0.044 0.007 0.004 
  24   (0.032) 0.005 0.008 0.117 0.005 
  25   (0.028) 0.004 0.007 0.117 0.004 
  26   (0.028) 0.004 0.007 0.080 0.004 
  27   (0.029) 0.004 0.007 0.044 0.004 

Locus 11 : locus11 
27 alleles
0.0% missing data
   1   (0.055) 0.011 0.126 0.015 0.090 
   2   (0.056) 0.012 0.014 0.051 0.344 
   3   (0.035) 0.009 0.009 0.010 0.199 
   4   (0.035) 0.012 0.009 0.010 0.083 
   5   (0.030) 0.005 0.008 0.008 0.033 
   6   (0.033) 0.005 0.008 0.009 0.090 
   7   (0.045) 0.007 0.012 0.049 0.035 
   8   (0.031) 0.061 0.008 0.009 0.005 
   9   (0.038) 0.227 0.010 0.010 0.011 
  10   (0.031) 0.118 0.008 0.009 0.005 
  11   (0.033) 0.229 0.008 0.009 0.007 
  12   (0.032) 0.033 0.008 0.009 0.005 
  13   (0.035) 0.083 0.009 0.010 0.012 
  14   (0.027) 0.032 0.007 0.008 0.004 
  15   (0.028) 0.033 0.007 0.008 0.004 
  16   (0.033) 0.058 0.008 0.009 0.008 
  17   (0.031) 0.005 0.045 0.009 0.005 
  18   (0.055) 0.009 0.201 0.088 0.008 
  19   (0.034) 0.005 0.195 0.009 0.005 
  20   (0.051) 0.008 0.088 0.087 0.008 
  21   (0.049) 0.008 0.049 0.159 0.007 
  22   (0.055) 0.008 0.126 0.087 0.008 
  23   (0.037) 0.006 0.009 0.155 0.006 
  24   (0.028) 0.004 0.007 0.044 0.004 
  25   (0.032) 0.005 0.008 0.045 0.005 
  26   (0.027) 0.004 0.007 0.044 0.004 
  27   (0.024) 0.004 0.006 0.043 0.004 

Locus 12 : locus12 
19 alleles
0.0% missing data
   1   (0.043) 0.010 0.011 0.012 0.228 
   2   (0.045) 0.010 0.011 0.012 0.285 
   3   (0.039) 0.008 0.010 0.011 0.088 
   4   (0.036) 0.009 0.009 0.010 0.058 
   5   (0.056) 0.013 0.014 0.051 0.060 
   6   (0.053) 0.008 0.013 0.051 0.065 
   7   (0.038) 0.009 0.010 0.010 0.059 
   8   (0.032) 0.005 0.008 0.009 0.033 
   9   (0.077) 0.093 0.056 0.057 0.016 
  10   (0.073) 0.346 0.093 0.020 0.016 
  11   (0.037) 0.115 0.009 0.010 0.010 
  12   (0.064) 0.176 0.091 0.018 0.014 
  13   (0.062) 0.066 0.166 0.017 0.010 
  14   (0.034) 0.033 0.009 0.009 0.005 
  15   (0.099) 0.065 0.175 0.136 0.022 
  16   (0.072) 0.011 0.205 0.093 0.011 
  17   (0.062) 0.010 0.090 0.125 0.009 
  18   (0.042) 0.006 0.011 0.229 0.006 
  19   (0.036) 0.006 0.009 0.118 0.006 

Locus 13 : locus13 
18 alleles
0.0% missing data
   1   (0.098) 0.024 0.212 0.063 0.120 
   2   (0.067) 0.013 0.054 0.019 0.351 
   3   (0.072) 0.015 0.205 0.020 0.093 
   4   (0.038) 0.009 0.010 0.010 0.059 
   5   (0.070) 0.013 0.092 0.019 0.152 
   6   (0.094) 0.022 0.061 0.171 0.120 
   7   (0.043) 0.199 0.011 0.012 0.009 
   8   (0.063) 0.202 0.016 0.053 0.013 
   9   (0.042) 0.169 0.011 0.012 0.011 
  10   (0.040) 0.090 0.010 0.011 0.006 
  11   (0.042) 0.113 0.011 0.012 0.011 
  12   (0.041) 0.087 0.010 0.011 0.009 
  13   (0.075) 0.011 0.169 0.202 0.012 
  14   (0.057) 0.009 0.052 0.124 0.009 
  15   (0.055) 0.008 0.051 0.088 0.009 
  16   (0.036) 0.005 0.009 0.082 0.006 
  17   (0.032) 0.005 0.008 0.045 0.005 
  18   (0.034) 0.005 0.009 0.046 0.005 

Locus 14 : locus14 
15 alleles
0.0% missing data
   1   (0.143) 0.208 0.110 0.148 0.173 
   2   (0.129) 0.096 0.033 0.289 0.403 
   3   (0.065) 0.015 0.016 0.126 0.062 
   4   (0.078) 0.053 0.095 0.022 0.055 
   5   (0.094) 0.218 0.024 0.135 0.061 
   6   (0.062) 0.009 0.128 0.017 0.067 
   7   (0.037) 0.009 0.009 0.010 0.060 
   8   (0.081) 0.018 0.058 0.094 0.064 
   9   (0.076) 0.282 0.131 0.021 0.019 
  10   (0.067) 0.065 0.241 0.019 0.011 
  11   (0.033) 0.005 0.046 0.009 0.005 
  12   (0.033) 0.005 0.046 0.009 0.005 
  13   (0.032) 0.005 0.046 0.009 0.005 
  14   (0.034) 0.005 0.009 0.046 0.005 
  15   (0.035) 0.005 0.009 0.046 0.005 

Locus 15 : locus15 
13 alleles
0.0% missing data
   1   (0.064) 0.015 0.016 0.053 0.231 
   2   (0.063) 0.052 0.016 0.017 0.250 
   3   (0.078) 0.057 0.057 0.022 0.137 
   4   (0.062) 0.095 0.016 0.017 0.094 
   5   (0.132) 0.124 0.146 0.254 0.057 
   6   (0.092) 0.159 0.136 0.025 0.066 
   7   (0.076) 0.055 0.094 0.021 0.053 
   8   (0.083) 0.013 0.096 0.168 0.041 
   9   (0.111) 0.239 0.102 0.212 0.022 
  10   (0.066) 0.117 0.091 0.018 0.016 
  11   (0.080) 0.063 0.132 0.058 0.018 
  12   (0.058) 0.009 0.089 0.088 0.009 
  13   (0.034) 0.005 0.009 0.046 0.005 

Locus 16 : locus16 
23 alleles
0.0% missing data
   1   (0.039) 0.008 0.010 0.011 0.343 
   2   (0.078) 0.019 0.020 0.275 0.117 
   3   (0.043) 0.010 0.011 0.012 0.173 
   4   (0.036) 0.009 0.009 0.010 0.058 
   5   (0.034) 0.005 0.009 0.009 0.034 
   6   (0.031) 0.005 0.008 0.009 0.033 
   7   (0.033) 0.005 0.008 0.009 0.033 
   8   (0.057) 0.012 0.015 0.052 0.090 
   9   (0.058) 0.122 0.015 0.052 0.009 
  10   (0.041) 0.146 0.010 0.011 0.007 
  11   (0.069) 0.150 0.017 0.128 0.013 
  12   (0.045) 0.227 0.012 0.013 0.012 
  13   (0.040) 0.114 0.010 0.011 0.011 
  14   (0.060) 0.116 0.015 0.053 0.015 
  15   (0.040) 0.006 0.160 0.011 0.006 
  16   (0.036) 0.006 0.121 0.010 0.006 
  17   (0.038) 0.006 0.159 0.011 0.006 
  18   (0.044) 0.007 0.160 0.012 0.007 
  19   (0.035) 0.005 0.084 0.010 0.005 
  20   (0.031) 0.005 0.045 0.009 0.005 
  21   (0.036) 0.005 0.084 0.010 0.006 
  22   (0.043) 0.007 0.011 0.229 0.007 
  23   (0.033) 0.005 0.009 0.046 0.005 

Locus 17 : locus17 
15 alleles
0.0% missing data
   1   (0.157) 0.107 0.189 0.079 0.405 
   2   (0.095) 0.314 0.024 0.026 0.246 
   3   (0.070) 0.010 0.093 0.019 0.099 
   4   (0.055) 0.008 0.051 0.015 0.038 
   5   (0.040) 0.006 0.010 0.011 0.065 
   6   (0.038) 0.006 0.010 0.011 0.035 
   7   (0.079) 0.146 0.132 0.022 0.015 
   8   (0.090) 0.175 0.247 0.025 0.017 
   9   (0.050) 0.125 0.013 0.014 0.027 
  10   (0.101) 0.070 0.063 0.209 0.016 
  11   (0.046) 0.007 0.124 0.013 0.007 
  12   (0.043) 0.006 0.011 0.120 0.007 
  13   (0.042) 0.006 0.011 0.084 0.007 
  14   (0.053) 0.008 0.013 0.304 0.009 
  15   (0.040) 0.006 0.010 0.047 0.006 

Locus 18 : locus18 
22 alleles
0.0% missing data
   1   (0.066) 0.011 0.054 0.018 0.266 
   2   (0.041) 0.010 0.010 0.011 0.059 
   3   (0.036) 0.009 0.009 0.010 0.058 
   4   (0.079) 0.021 0.095 0.022 0.231 
   5   (0.033) 0.005 0.008 0.009 0.033 
   6   (0.045) 0.014 0.011 0.013 0.141 
   7   (0.071) 0.011 0.168 0.020 0.096 
   8   (0.046) 0.313 0.012 0.013 0.009 
   9   (0.047) 0.144 0.012 0.013 0.011 
  10   (0.047) 0.172 0.012 0.013 0.010 
  11   (0.040) 0.088 0.010 0.011 0.009 
  12   (0.041) 0.088 0.010 0.011 0.009 
  13   (0.042) 0.059 0.011 0.012 0.010 
  14   (0.040) 0.006 0.160 0.011 0.006 
  15   (0.042) 0.006 0.160 0.012 0.007 
  16   (0.042) 0.006 0.198 0.012 0.006 
  17   (0.048) 0.007 0.012 0.230 0.007 
  18   (0.045) 0.007 0.011 0.193 0.007 
  19   (0.035) 0.005 0.009 0.046 0.005 
  20   (0.033) 0.005 0.008 0.045 0.005 
  21   (0.044) 0.007 0.011 0.157 0.007 
  22   (0.037) 0.006 0.009 0.119 0.006 

Locus 19 : locus19 
24 alleles
0.0% missing data
   1   (0.035) 0.005 0.009 0.010 0.034 
   2   (0.050) 0.013 0.013 0.014 0.455 
   3   (0.041) 0.007 0.010 0.011 0.175 
   4   (0.049) 0.008 0.013 0.050 0.036 
   5   (0.037) 0.008 0.009 0.010 0.088 
   6   (0.063) 0.127 0.016 0.017 0.089 
   7   (0.050) 0.397 0.013 0.014 0.013 
   8   (0.039) 0.089 0.010 0.011 0.008 
   9   (0.059) 0.120 0.015 0.052 0.011 
  10   (0.046) 0.035 0.012 0.049 0.007 
  11   (0.041) 0.088 0.010 0.011 0.009 
  12   (0.036) 0.034 0.009 0.010 0.006 
  13   (0.040) 0.006 0.160 0.011 0.006 
  14   (0.039) 0.006 0.122 0.011 0.006 
  15   (0.042) 0.006 0.234 0.011 0.006 
  16   (0.036) 0.006 0.047 0.010 0.006 
  17   (0.031) 0.005 0.045 0.009 0.005 
  18   (0.041) 0.006 0.123 0.012 0.006 
  19   (0.036) 0.006 0.084 0.010 0.006 
  20   (0.042) 0.006 0.011 0.265 0.006 
  21   (0.040) 0.006 0.010 0.156 0.006 
  22   (0.036) 0.006 0.009 0.082 0.006 
  23   (0.033) 0.005 0.008 0.081 0.005 
  24   (0.037) 0.006 0.009 0.083 0.006 

Locus 20 : locus20 
24 alleles
0.0% missing data
   1   (0.040) 0.007 0.010 0.011 0.197 
   2   (0.039) 0.008 0.010 0.011 0.114 
   3   (0.062) 0.217 0.015 0.017 0.059 
   4   (0.048) 0.052 0.012 0.013 0.048 
   5   (0.032) 0.009 0.008 0.009 0.056 
   6   (0.034) 0.008 0.009 0.009 0.085 
   7   (0.041) 0.017 0.010 0.011 0.160 
   8   (0.060) 0.083 0.015 0.016 0.077 
   9   (0.039) 0.010 0.010 0.011 0.057 
  10   (0.037) 0.010 0.009 0.010 0.056 
  11   (0.033) 0.034 0.008 0.009 0.005 
  12   (0.041) 0.177 0.010 0.011 0.010 
  13   (0.038) 0.180 0.009 0.010 0.007 
  14   (0.039) 0.094 0.010 0.011 0.006 
  15   (0.032) 0.034 0.008 0.009 0.005 
  16   (0.057) 0.009 0.089 0.124 0.009 
  17   (0.055) 0.009 0.239 0.051 0.008 
  18   (0.065) 0.010 0.353 0.054 0.010 
  19   (0.034) 0.005 0.046 0.009 0.005 
  20   (0.030) 0.005 0.045 0.008 0.005 
  21   (0.034) 0.005 0.046 0.009 0.005 
  22   (0.045) 0.007 0.011 0.447 0.007 
  23   (0.032) 0.005 0.008 0.045 0.005 
  24   (0.035) 0.005 0.009 0.082 0.005 

Locus 21 : locus21 
27 alleles
0.0% missing data
   1   (0.033) 0.008 0.008 0.009 0.059 
   2   (0.036) 0.009 0.009 0.010 0.174 
   3   (0.066) 0.349 0.017 0.018 0.147 
   4   (0.032) 0.007 0.008 0.009 0.089 
   5   (0.031) 0.005 0.008 0.009 0.091 
   6   (0.052) 0.075 0.013 0.014 0.111 
   7   (0.031) 0.005 0.008 0.009 0.034 
   8   (0.059) 0.062 0.015 0.052 0.068 
   9   (0.029) 0.004 0.007 0.008 0.033 
  10   (0.049) 0.007 0.125 0.014 0.036 
  11   (0.031) 0.008 0.008 0.009 0.059 
  12   (0.031) 0.086 0.008 0.008 0.007 
  13   (0.030) 0.086 0.008 0.008 0.007 
  14   (0.057) 0.089 0.014 0.161 0.012 
  15   (0.051) 0.088 0.013 0.086 0.011 
  16   (0.035) 0.057 0.009 0.010 0.009 
  17   (0.032) 0.005 0.157 0.009 0.005 
  18   (0.037) 0.005 0.159 0.010 0.006 
  19   (0.024) 0.004 0.044 0.007 0.004 
  20   (0.030) 0.004 0.120 0.008 0.005 
  21   (0.034) 0.005 0.083 0.010 0.005 
  22   (0.030) 0.005 0.045 0.008 0.005 
  23   (0.030) 0.005 0.082 0.008 0.005 
  24   (0.041) 0.006 0.010 0.228 0.006 
  25   (0.032) 0.005 0.008 0.190 0.005 
  26   (0.028) 0.004 0.007 0.043 0.004 
  27   (0.028) 0.004 0.007 0.044 0.004 

Locus 22 : locus22 
21 alleles
0.0% missing data
   1   (0.045) 0.007 0.011 0.049 0.035 
   2   (0.053) 0.013 0.013 0.051 0.060 
   3   (0.030) 0.005 0.008 0.008 0.033 
   4   (0.039) 0.008 0.010 0.011 0.174 
   5   (0.036) 0.009 0.009 0.010 0.201 
   6   (0.033) 0.005 0.008 0.009 0.062 
   7   (0.059) 0.014 0.015 0.089 0.060 
   8   (0.036) 0.008 0.009 0.010 0.089 
   9   (0.039) 0.008 0.010 0.011 0.118 
  10   (0.055) 0.014 0.014 0.088 0.060 
  11   (0.037) 0.256 0.009 0.010 0.008 
  12   (0.100) 0.124 0.175 0.136 0.019 
  13   (0.101) 0.288 0.063 0.173 0.024 
  14   (0.061) 0.037 0.315 0.017 0.009 
  15   (0.053) 0.089 0.013 0.051 0.011 
  16   (0.035) 0.058 0.009 0.010 0.009 
  17   (0.030) 0.032 0.007 0.008 0.005 
  18   (0.038) 0.006 0.196 0.011 0.006 
  19   (0.034) 0.005 0.046 0.009 0.005 
  20   (0.047) 0.007 0.049 0.049 0.007 
  21   (0.039) 0.006 0.010 0.191 0.006 

Locus 23 : locus23 
23 alleles
0.0% missing data
   1   (0.067) 0.017 0.017 0.091 0.117 
   2   (0.062) 0.061 0.016 0.017 0.155 
   3   (0.042) 0.011 0.011 0.011 0.116 
   4   (0.033) 0.005 0.008 0.009 0.062 
   5   (0.074) 0.179 0.019 0.020 0.182 
   6   (0.034) 0.005 0.009 0.009 0.062 
   7   (0.049) 0.050 0.013 0.014 0.049 
   8   (0.037) 0.010 0.009 0.010 0.059 
   9   (0.052) 0.036 0.013 0.014 0.065 
  10   (0.059) 0.134 0.015 0.016 0.053 
  11   (0.045) 0.286 0.011 0.012 0.009 
  12   (0.042) 0.144 0.011 0.011 0.009 
  13   (0.042) 0.006 0.235 0.012 0.006 
  14   (0.044) 0.007 0.310 0.012 0.007 
  15   (0.036) 0.005 0.084 0.010 0.006 
  16   (0.035) 0.005 0.083 0.010 0.005 
  17   (0.035) 0.005 0.084 0.010 0.005 
  18   (0.042) 0.006 0.011 0.301 0.006 
  19   (0.036) 0.006 0.009 0.082 0.006 
  20   (0.033) 0.005 0.008 0.045 0.005 
  21   (0.029) 0.004 0.007 0.044 0.004 
  22   (0.036) 0.005 0.009 0.046 0.006 
  23   (0.038) 0.006 0.010 0.191 0.006 

Locus 24 : locus24 
26 alleles
0.0% missing data
   1   (0.055) 0.015 0.014 0.088 0.115 
   2   (0.060) 0.010 0.277 0.017 0.236 
   3   (0.061) 0.009 0.165 0.017 0.095 
   4   (0.057) 0.013 0.089 0.016 0.146 
   5   (0.050) 0.013 0.050 0.014 0.172 
   6   (0.032) 0.008 0.008 0.009 0.058 
   7   (0.048) 0.012 0.012 0.049 0.059 
   8   (0.052) 0.118 0.088 0.014 0.010 
   9   (0.036) 0.200 0.009 0.010 0.008 
  10   (0.037) 0.143 0.009 0.010 0.008 
  11   (0.050) 0.140 0.050 0.014 0.015 
  12   (0.031) 0.061 0.008 0.008 0.005 
  13   (0.030) 0.033 0.008 0.008 0.005 
  14   (0.028) 0.061 0.007 0.008 0.004 
  15   (0.032) 0.057 0.008 0.009 0.009 
  16   (0.031) 0.058 0.008 0.009 0.008 
  17   (0.031) 0.005 0.083 0.009 0.005 
  18   (0.030) 0.005 0.045 0.008 0.005 
  19   (0.038) 0.006 0.010 0.228 0.006 
  20   (0.030) 0.005 0.008 0.044 0.005 
  21   (0.031) 0.005 0.008 0.081 0.005 
  22   (0.029) 0.004 0.007 0.044 0.004 
  23   (0.032) 0.005 0.008 0.045 0.005 
  24   (0.025) 0.004 0.006 0.043 0.004 
  25   (0.029) 0.004 0.007 0.044 0.004 
  26   (0.033) 0.005 0.008 0.154 0.005 

Locus 25 : locus25 
24 alleles
0.0% missing data
   1   (0.062) 0.014 0.165 0.017 0.145 
   2   (0.032) 0.005 0.008 0.009 0.033 
   3   (0.037) 0.010 0.009 0.010 0.199 
   4   (0.092) 0.105 0.135 0.026 0.232 
   5   (0.054) 0.008 0.088 0.015 0.036 
   6   (0.034) 0.005 0.009 0.009 0.062 
   7   (0.090) 0.159 0.210 0.025 0.066 
   8   (0.035) 0.007 0.009 0.010 0.088 
   9   (0.047) 0.050 0.012 0.013 0.049 
  10   (0.035) 0.144 0.009 0.010 0.008 
  11   (0.033) 0.117 0.008 0.009 0.006 
  12   (0.042) 0.147 0.011 0.011 0.008 
  13   (0.033) 0.062 0.008 0.009 0.005 
  14   (0.036) 0.115 0.009 0.010 0.010 
  15   (0.033) 0.005 0.196 0.009 0.005 
  16   (0.033) 0.005 0.046 0.009 0.005 
  17   (0.035) 0.005 0.009 0.082 0.005 
  18   (0.029) 0.005 0.007 0.044 0.005 
  19   (0.043) 0.007 0.011 0.229 0.007 
  20   (0.036) 0.006 0.009 0.082 0.006 
  21   (0.035) 0.005 0.009 0.118 0.005 
  22   (0.032) 0.005 0.008 0.045 0.005 
  23   (0.031) 0.005 0.008 0.154 0.005 
  24   (0.032) 0.005 0.008 0.045 0.005 

Locus 26 : locus26 
22 alleles
0.0% missing data
   1   (0.061) 0.016 0.015 0.053 0.117 
   2   (0.040) 0.008 0.010 0.011 0.089 
   3   (0.037) 0.007 0.009 0.010 0.147 
   4   (0.030) 0.005 0.008 0.008 0.033 
   5   (0.039) 0.009 0.010 0.011 0.145 
   6   (0.035) 0.008 0.009 0.010 0.089 
   7   (0.031) 0.005 0.008 0.008 0.033 
   8   (0.037) 0.006 0.009 0.010 0.063 
   9   (0.040) 0.013 0.010 0.011 0.141 
  10   (0.029) 0.004 0.007 0.008 0.033 
  11   (0.042) 0.283 0.011 0.012 0.010 
  12   (0.041) 0.172 0.010 0.011 0.009 
  13   (0.085) 0.041 0.209 0.096 0.013 
  14   (0.041) 0.172 0.010 0.011 0.009 
  15   (0.038) 0.116 0.009 0.010 0.007 
  16   (0.039) 0.058 0.010 0.011 0.010 
  17   (0.032) 0.033 0.008 0.009 0.005 
  18   (0.061) 0.009 0.090 0.125 0.009 
  19   (0.051) 0.008 0.050 0.050 0.008 
  20   (0.082) 0.013 0.245 0.312 0.013 
  21   (0.078) 0.012 0.206 0.202 0.012 
  22   (0.032) 0.005 0.046 0.009 0.005 

Locus 27 : locus27 
17 alleles
0.0% missing data
   1   (0.071) 0.180 0.018 0.020 0.096 
   2   (0.085) 0.191 0.059 0.024 0.060 
   3   (0.098) 0.203 0.025 0.063 0.250 
   4   (0.078) 0.012 0.431 0.021 0.097 
   5   (0.094) 0.075 0.098 0.026 0.179 
   6   (0.066) 0.108 0.017 0.018 0.110 
   7   (0.092) 0.105 0.173 0.025 0.064 
   8   (0.063) 0.015 0.016 0.090 0.061 
   9   (0.054) 0.008 0.014 0.051 0.037 
  10   (0.036) 0.034 0.009 0.010 0.006 
  11   (0.034) 0.033 0.009 0.009 0.005 
  12   (0.035) 0.005 0.046 0.010 0.005 
  13   (0.032) 0.005 0.045 0.009 0.005 
  14   (0.042) 0.006 0.011 0.192 0.007 
  15   (0.041) 0.006 0.010 0.156 0.006 
  16   (0.042) 0.006 0.010 0.156 0.006 
  17   (0.039) 0.006 0.010 0.119 0.006 

Locus 28 : locus28 
17 alleles
0.0% missing data
   1   (0.102) 0.030 0.026 0.245 0.197 
   2   (0.071) 0.011 0.018 0.274 0.038 
   3   (0.046) 0.009 0.012 0.013 0.146 
   4   (0.042) 0.009 0.010 0.012 0.088 
   5   (0.075) 0.024 0.019 0.093 0.139 
   6   (0.090) 0.014 0.284 0.061 0.042 
   7   (0.075) 0.017 0.206 0.021 0.062 
   8   (0.064) 0.046 0.016 0.017 0.114 
   9   (0.074) 0.011 0.243 0.020 0.067 
  10   (0.075) 0.368 0.019 0.021 0.053 
  11   (0.042) 0.059 0.010 0.011 0.010 
  12   (0.050) 0.290 0.012 0.014 0.010 
  13   (0.041) 0.059 0.010 0.011 0.010 
  14   (0.034) 0.034 0.009 0.009 0.005 
  15   (0.038) 0.006 0.047 0.011 0.006 
  16   (0.036) 0.006 0.047 0.010 0.006 
  17   (0.045) 0.007 0.011 0.157 0.007 

Locus 29 : locus29 
15 alleles
0.0% missing data
   1   (0.083) 0.103 0.021 0.095 0.118 
   2   (0.063) 0.015 0.016 0.163 0.062 
   3   (0.033) 0.005 0.008 0.009 0.064 
   4   (0.036) 0.005 0.009 0.010 0.123 
   5   (0.080) 0.051 0.020 0.095 0.175 
   6   (0.116) 0.051 0.217 0.104 0.157 
   7   (0.060) 0.036 0.053 0.017 0.039 
   8   (0.084) 0.080 0.171 0.023 0.087 
   9   (0.054) 0.017 0.051 0.015 0.087 
  10   (0.088) 0.280 0.059 0.096 0.022 
  11   (0.101) 0.177 0.212 0.136 0.018 
  12   (0.051) 0.035 0.013 0.086 0.008 
  13   (0.083) 0.061 0.133 0.095 0.020 
  14   (0.039) 0.080 0.010 0.011 0.014 
  15   (0.031) 0.005 0.008 0.045 0.005 

Locus 30 : locus30 
22 alleles
0.0% missing data
   1   (0.053) 0.081 0.013 0.015 0.076 
   2   (0.085) 0.114 0.059 0.024 0.109 
   3   (0.060) 0.057 0.015 0.017 0.186 
   4   (0.065) 0.139 0.017 0.018 0.135 
   5   (0.051) 0.036 0.013 0.014 0.064 
   6   (0.034) 0.005 0.009 0.009 0.033 
   7   (0.042) 0.010 0.011 0.012 0.143 
   8   (0.036) 0.009 0.009 0.010 0.058 
   9   (0.064) 0.219 0.016 0.018 0.113 
  10   (0.038) 0.147 0.010 0.010 0.007 
  11   (0.039) 0.116 0.010 0.011 0.010 
  12   (0.068) 0.011 0.092 0.236 0.010 
  13   (0.036) 0.006 0.121 0.010 0.005 
  14   (0.042) 0.007 0.272 0.012 0.006 
  15   (0.038) 0.006 0.122 0.011 0.006 
  16   (0.036) 0.006 0.084 0.010 0.006 
  17   (0.036) 0.005 0.084 0.010 0.005 
  18   (0.038) 0.006 0.010 0.119 0.006 
  19   (0.033) 0.005 0.008 0.081 0.005 
  20   (0.037) 0.006 0.009 0.082 0.006 
  21   (0.039) 0.006 0.010 0.228 0.006 
  22   (0.031) 0.005 0.008 0.045 0.005 

Locus 31 : locus31 
21 alleles
0.0% missing data
   1   (0.080) 0.169 0.020 0.022 0.465 
   2   (0.052) 0.067 0.013 0.014 0.035 
   3   (0.070) 0.020 0.167 0.019 0.112 
   4   (0.074) 0.018 0.206 0.020 0.142 
   5   (0.088) 0.198 0.060 0.024 0.115 
   6   (0.050) 0.008 0.013 0.050 0.035 
   7   (0.037) 0.151 0.009 0.010 0.007 
   8   (0.073) 0.209 0.130 0.020 0.017 
   9   (0.035) 0.091 0.009 0.010 0.007 
  10   (0.032) 0.005 0.083 0.009 0.005 
  11   (0.031) 0.005 0.045 0.009 0.005 
  12   (0.064) 0.010 0.091 0.199 0.010 
  13   (0.031) 0.005 0.045 0.009 0.005 
  14   (0.031) 0.005 0.045 0.009 0.005 
  15   (0.036) 0.006 0.009 0.082 0.005 
  16   (0.033) 0.005 0.008 0.045 0.005 
  17   (0.036) 0.006 0.009 0.082 0.005 
  18   (0.039) 0.006 0.010 0.156 0.006 
  19   (0.037) 0.006 0.009 0.082 0.006 
  20   (0.037) 0.006 0.009 0.083 0.006 
  21   (0.032) 0.005 0.008 0.045 0.005 

Locus 32 : locus32 
15 alleles
0.0% missing data
   1   (0.088) 0.140 0.022 0.024 0.251 
   2   (0.053) 0.015 0.013 0.015 0.223 
   3   (0.086) 0.225 0.022 0.024 0.169 
   4   (0.053) 0.012 0.013 0.015 0.170 
   5   (0.041) 0.006 0.010 0.011 0.034 
   6   (0.139) 0.242 0.110 0.111 0.059 
   7   (0.089) 0.182 0.172 0.025 0.018 
   8   (0.045) 0.061 0.011 0.012 0.011 
   9   (0.077) 0.064 0.020 0.130 0.017 
  10   (0.047) 0.007 0.161 0.013 0.007 
  11   (0.047) 0.007 0.236 0.013 0.007 
  12   (0.080) 0.012 0.132 0.167 0.012 
  13   (0.057) 0.009 0.052 0.052 0.009 
  14   (0.057) 0.009 0.014 0.269 0.009 
  15   (0.042) 0.007 0.011 0.120 0.006 

Locus 33 : locus33 
22 alleles
0.0% missing data
   1   (0.043) 0.010 0.011 0.012 0.430 
   2   (0.048) 0.035 0.012 0.013 0.064 
   3   (0.032) 0.005 0.008 0.009 0.033 
   4   (0.035) 0.008 0.009 0.010 0.089 
   5   (0.042) 0.011 0.011 0.012 0.171 
   6   (0.032) 0.005 0.008 0.009 0.033 
   7   (0.054) 0.133 0.014 0.015 0.052 
   8   (0.040) 0.201 0.010 0.011 0.008 
   9   (0.034) 0.058 0.009 0.010 0.009 
  10   (0.042) 0.255 0.010 0.012 0.011 
  11   (0.037) 0.090 0.009 0.010 0.006 
  12   (0.037) 0.082 0.009 0.010 0.013 
  13   (0.032) 0.033 0.008 0.009 0.005 
  14   (0.058) 0.009 0.089 0.125 0.009 
  15   (0.065) 0.010 0.128 0.235 0.010 
  16   (0.049) 0.008 0.050 0.049 0.008 
  17   (0.054) 0.008 0.126 0.051 0.008 
  18   (0.030) 0.005 0.045 0.008 0.005 
  19   (0.067) 0.010 0.167 0.127 0.010 
  20   (0.058) 0.009 0.127 0.088 0.009 
  21   (0.049) 0.007 0.050 0.050 0.008 
  22   (0.061) 0.009 0.090 0.125 0.009 

Locus 34 : locus34 
18 alleles
0.0% missing data
   1   (0.095) 0.020 0.061 0.207 0.204 
   2   (0.069) 0.017 0.018 0.091 0.366 
   3   (0.039) 0.010 0.010 0.011 0.142 
   4   (0.116) 0.125 0.179 0.104 0.053 
   5   (0.087) 0.017 0.059 0.169 0.121 
   6   (0.090) 0.151 0.172 0.061 0.020 
   7   (0.036) 0.120 0.009 0.010 0.005 
   8   (0.071) 0.119 0.205 0.020 0.017 
   9   (0.057) 0.117 0.051 0.016 0.014 
  10   (0.038) 0.146 0.010 0.011 0.009 
  11   (0.036) 0.059 0.009 0.010 0.009 
  12   (0.049) 0.036 0.050 0.014 0.007 
  13   (0.031) 0.034 0.008 0.008 0.005 
  14   (0.052) 0.008 0.087 0.050 0.008 
  15   (0.032) 0.005 0.046 0.009 0.005 
  16   (0.034) 0.005 0.009 0.082 0.005 
  17   (0.034) 0.005 0.008 0.045 0.005 
  18   (0.036) 0.006 0.009 0.082 0.005 

Locus 35 : locus35 
21 alleles
0.0% missing data
   1   (0.040) 0.007 0.010 0.011 0.145 
   2   (0.089) 0.021 0.022 0.097 0.456 
   3   (0.092) 0.021 0.023 0.170 0.232 
   4   (0.066) 0.010 0.017 0.127 0.038 
   5   (0.041) 0.092 0.010 0.011 0.006 
   6   (0.043) 0.092 0.011 0.012 0.007 
   7   (0.043) 0.176 0.011 0.012 0.008 
   8   (0.050) 0.286 0.013 0.014 0.013 
   9   (0.044) 0.090 0.011 0.012 0.009 
  10   (0.045) 0.060 0.011 0.012 0.011 
  11   (0.049) 0.085 0.012 0.014 0.015 
  12   (0.041) 0.006 0.160 0.011 0.006 
  13   (0.044) 0.007 0.160 0.012 0.007 
  14   (0.044) 0.007 0.310 0.012 0.007 
  15   (0.034) 0.005 0.046 0.009 0.005 
  16   (0.040) 0.006 0.122 0.011 0.006 
  17   (0.045) 0.007 0.011 0.157 0.007 
  18   (0.040) 0.006 0.010 0.119 0.006 
  19   (0.038) 0.006 0.010 0.047 0.006 
  20   (0.037) 0.006 0.009 0.046 0.006 
  21   (0.036) 0.005 0.009 0.082 0.005 

Locus 36 : locus36 
20 alleles
0.0% missing data
   1   (0.079) 0.017 0.020 0.130 0.507 
   2   (0.060) 0.019 0.015 0.053 0.138 
   3   (0.110) 0.254 0.028 0.176 0.174 
   4   (0.077) 0.012 0.131 0.094 0.039 
   5   (0.047) 0.007 0.012 0.049 0.035 
   6   (0.064) 0.176 0.016 0.090 0.016 
   7   (0.036) 0.090 0.009 0.010 0.007 
   8   (0.058) 0.154 0.014 0.052 0.009 
   9   (0.054) 0.061 0.014 0.051 0.013 
  10   (0.061) 0.067 0.015 0.125 0.009 
  11   (0.052) 0.095 0.013 0.051 0.008 
  12   (0.035) 0.005 0.158 0.010 0.005 
  13   (0.037) 0.006 0.084 0.010 0.006 
  14   (0.034) 0.005 0.083 0.009 0.005 
  15   (0.032) 0.005 0.045 0.009 0.005 
  16   (0.035) 0.006 0.159 0.010 0.005 
  17   (0.033) 0.005 0.046 0.009 0.005 
  18   (0.036) 0.006 0.084 0.010 0.005 
  19   (0.028) 0.004 0.044 0.008 0.004 
  20   (0.034) 0.005 0.009 0.045 0.005 

Locus 37 : locus37 
24 alleles
0.0% missing data
   1   (0.052) 0.010 0.013 0.051 0.120 
   2   (0.056) 0.011 0.014 0.051 0.205 
   3   (0.036) 0.005 0.009 0.010 0.091 
   4   (0.036) 0.008 0.009 0.010 0.088 
   5   (0.063) 0.014 0.016 0.162 0.147 
   6   (0.044) 0.007 0.011 0.049 0.035 
   7   (0.057) 0.018 0.014 0.052 0.141 
   8   (0.037) 0.009 0.009 0.010 0.058 
   9   (0.049) 0.118 0.049 0.013 0.010 
  10   (0.035) 0.088 0.009 0.010 0.007 
  11   (0.041) 0.370 0.010 0.011 0.009 
  12   (0.033) 0.058 0.008 0.009 0.009 
  13   (0.044) 0.035 0.049 0.012 0.007 
  14   (0.030) 0.033 0.008 0.008 0.005 
  15   (0.077) 0.141 0.094 0.057 0.023 
  16   (0.047) 0.035 0.012 0.086 0.007 
  17   (0.030) 0.004 0.045 0.008 0.005 
  18   (0.031) 0.005 0.045 0.009 0.005 
  19   (0.036) 0.005 0.233 0.010 0.005 
  20   (0.036) 0.006 0.159 0.010 0.006 
  21   (0.033) 0.005 0.158 0.009 0.005 
  22   (0.033) 0.005 0.008 0.081 0.005 
  23   (0.033) 0.005 0.008 0.154 0.005 
  24   (0.032) 0.005 0.008 0.118 0.005 

Locus 38 : locus38 
15 alleles
0.0% missing data
   1   (0.151) 0.059 0.113 0.186 0.327 
   2   (0.073) 0.020 0.056 0.020 0.229 
   3   (0.163) 0.430 0.153 0.081 0.211 
   4   (0.062) 0.058 0.016 0.017 0.102 
   5   (0.076) 0.054 0.057 0.021 0.054 
   6   (0.049) 0.229 0.012 0.013 0.011 
   7   (0.064) 0.066 0.091 0.018 0.010 
   8   (0.054) 0.036 0.051 0.015 0.008 
   9   (0.045) 0.007 0.123 0.013 0.007 
  10   (0.048) 0.007 0.236 0.013 0.007 
  11   (0.038) 0.006 0.047 0.011 0.006 
  12   (0.042) 0.006 0.011 0.120 0.007 
  13   (0.041) 0.006 0.010 0.084 0.006 
  14   (0.051) 0.008 0.013 0.304 0.008 
  15   (0.042) 0.006 0.010 0.084 0.006 

Locus 39 : locus39 
20 alleles
0.0% missing data
   1   (0.075) 0.018 0.019 0.129 0.205 
   2   (0.071) 0.016 0.018 0.055 0.376 
   3   (0.062) 0.009 0.016 0.089 0.095 
   4   (0.076) 0.050 0.019 0.057 0.086 
   5   (0.086) 0.016 0.022 0.277 0.124 
   6   (0.064) 0.066 0.166 0.018 0.010 
   7   (0.043) 0.282 0.011 0.012 0.010 
   8   (0.047) 0.256 0.012 0.013 0.010 
   9   (0.039) 0.058 0.010 0.011 0.010 
  10   (0.067) 0.173 0.054 0.019 0.015 
  11   (0.034) 0.005 0.046 0.009 0.005 
  12   (0.045) 0.007 0.236 0.013 0.007 
  13   (0.037) 0.006 0.084 0.010 0.006 
  14   (0.040) 0.006 0.160 0.011 0.006 
  15   (0.037) 0.006 0.047 0.010 0.006 
  16   (0.032) 0.005 0.045 0.009 0.005 
  17   (0.039) 0.006 0.010 0.083 0.006 
  18   (0.032) 0.005 0.008 0.045 0.005 
  19   (0.033) 0.005 0.008 0.045 0.005 
  20   (0.039) 0.006 0.010 0.083 0.006 

Locus 40 : locus40 
17 alleles
0.0% missing data
   1   (0.076) 0.018 0.057 0.057 0.062 
   2   (0.047) 0.010 0.012 0.013 0.287 
   3   (0.044) 0.011 0.011 0.012 0.200 
   4   (0.074) 0.017 0.019 0.129 0.147 
   5   (0.059) 0.011 0.015 0.052 0.177 
   6   (0.041) 0.118 0.011 0.011 0.008 
   7   (0.083) 0.094 0.096 0.059 0.016 
   8   (0.047) 0.311 0.012 0.013 0.014 
   9   (0.043) 0.175 0.011 0.012 0.008 
  10   (0.065) 0.066 0.016 0.127 0.010 
  11   (0.056) 0.037 0.089 0.015 0.009 
  12   (0.087) 0.041 0.284 0.060 0.013 
  13   (0.092) 0.063 0.098 0.098 0.021 
  14   (0.074) 0.011 0.205 0.129 0.011 
  15   (0.035) 0.005 0.046 0.010 0.005 
  16   (0.040) 0.006 0.010 0.156 0.006 
  17   (0.036) 0.006 0.009 0.046 0.006 

Locus 41 : locus41 
16 alleles
0.0% missing data
   1   (0.109) 0.062 0.065 0.102 0.226 
   2   (0.063) 0.010 0.016 0.126 0.066 
   3   (0.101) 0.068 0.063 0.064 0.161 
   4   (0.063) 0.012 0.052 0.017 0.235 
   5   (0.123) 0.233 0.106 0.142 0.058 
   6   (0.059) 0.080 0.015 0.016 0.078 
   7   (0.112) 0.286 0.066 0.067 0.114 
   8   (0.037) 0.088 0.009 0.010 0.008 
   9   (0.059) 0.119 0.015 0.052 0.011 
  10   (0.038) 0.006 0.159 0.010 0.006 
  11   (0.039) 0.006 0.197 0.011 0.006 
  12   (0.040) 0.006 0.160 0.011 0.006 
  13   (0.048) 0.007 0.049 0.049 0.007 
  14   (0.040) 0.006 0.010 0.192 0.006 
  15   (0.036) 0.006 0.009 0.082 0.006 
  16   (0.035) 0.005 0.009 0.046 0.005 

Locus 42 : locus42 
22 alleles
0.0% missing data
   1   (0.047) 0.011 0.012 0.013 0.314 
   2   (0.050) 0.011 0.013 0.014 0.371 
   3   (0.043) 0.010 0.011 0.012 0.144 
   4   (0.038) 0.006 0.009 0.010 0.034 
   5   (0.036) 0.034 0.009 0.010 0.006 
   6   (0.045) 0.174 0.011 0.013 0.010 
   7   (0.036) 0.034 0.009 0.010 0.005 
   8   (0.054) 0.457 0.014 0.015 0.012 
   9   (0.042) 0.115 0.011 0.012 0.011 
  10   (0.036) 0.034 0.009 0.010 0.005 
  11   (0.033) 0.033 0.008 0.009 0.005 
  12   (0.071) 0.011 0.093 0.165 0.011 
  13   (0.075) 0.012 0.169 0.129 0.011 
  14   (0.038) 0.006 0.085 0.011 0.006 
  15   (0.080) 0.012 0.207 0.203 0.012 
  16   (0.038) 0.006 0.122 0.011 0.006 
  17   (0.041) 0.006 0.085 0.011 0.006 
  18   (0.039) 0.006 0.085 0.011 0.006 
  19   (0.044) 0.007 0.011 0.121 0.007 
  20   (0.032) 0.005 0.008 0.045 0.005 
  21   (0.043) 0.007 0.011 0.120 0.007 
  22   (0.037) 0.006 0.009 0.047 0.006 

Locus 43 : locus43 
22 alleles
0.0% missing data
   1   (0.036) 0.006 0.009 0.010 0.201 
   2   (0.039) 0.010 0.010 0.011 0.310 
   3   (0.034) 0.007 0.009 0.009 0.087 
   4   (0.036) 0.007 0.009 0.010 0.144 
   5   (0.058) 0.015 0.126 0.016 0.059 
   6   (0.033) 0.009 0.008 0.009 0.058 
   7   (0.054) 0.085 0.014 0.051 0.017 
   8   (0.086) 0.124 0.172 0.096 0.016 
   9   (0.034) 0.118 0.009 0.009 0.006 
  10   (0.086) 0.124 0.096 0.133 0.016 
  11   (0.060) 0.147 0.128 0.017 0.014 
  12   (0.056) 0.203 0.051 0.016 0.013 
  13   (0.029) 0.033 0.008 0.008 0.004 
  14   (0.053) 0.036 0.013 0.123 0.008 
  15   (0.076) 0.040 0.131 0.166 0.012 
  16   (0.029) 0.004 0.045 0.008 0.004 
  17   (0.031) 0.005 0.083 0.009 0.005 
  18   (0.044) 0.007 0.048 0.048 0.007 
  19   (0.031) 0.005 0.008 0.045 0.005 
  20   (0.034) 0.005 0.009 0.118 0.005 
  21   (0.034) 0.005 0.009 0.046 0.005 
  22   (0.029) 0.004 0.007 0.044 0.004 

Locus 44 : locus44 
16 alleles
0.0% missing data
   1   (0.109) 0.151 0.028 0.138 0.193 
   2   (0.073) 0.198 0.018 0.020 0.163 
   3   (0.118) 0.117 0.067 0.142 0.116 
   4   (0.101) 0.183 0.026 0.064 0.272 
   5   (0.068) 0.123 0.017 0.019 0.124 
   6   (0.056) 0.082 0.014 0.016 0.048 
   7   (0.067) 0.083 0.017 0.091 0.022 
   8   (0.079) 0.012 0.282 0.130 0.012 
   9   (0.037) 0.006 0.084 0.010 0.006 
  10   (0.042) 0.006 0.198 0.012 0.007 
  11   (0.054) 0.008 0.051 0.088 0.008 
  12   (0.035) 0.005 0.046 0.010 0.005 
  13   (0.032) 0.005 0.045 0.009 0.005 
  14   (0.050) 0.008 0.050 0.050 0.008 
  15   (0.034) 0.005 0.046 0.010 0.005 
  16   (0.043) 0.007 0.011 0.193 0.007 

Locus 45 : locus45 
23 alleles
0.0% missing data
   1   (0.064) 0.010 0.016 0.235 0.067 
   2   (0.041) 0.009 0.010 0.011 0.289 
   3   (0.063) 0.014 0.053 0.017 0.148 
   4   (0.058) 0.009 0.127 0.016 0.066 
   5   (0.071) 0.019 0.018 0.128 0.173 
   6   (0.037) 0.008 0.009 0.010 0.089 
   7   (0.054) 0.013 0.051 0.015 0.061 
   8   (0.045) 0.278 0.011 0.012 0.015 
   9   (0.041) 0.172 0.010 0.011 0.009 
  10   (0.072) 0.288 0.130 0.020 0.014 
  11   (0.037) 0.089 0.009 0.010 0.006 
  12   (0.032) 0.033 0.008 0.009 0.005 
  13   (0.034) 0.005 0.046 0.009 0.005 
  14   (0.038) 0.006 0.122 0.010 0.006 
  15   (0.035) 0.005 0.084 0.010 0.006 
  16   (0.031) 0.005 0.045 0.008 0.005 
  17   (0.037) 0.006 0.084 0.010 0.006 
  18   (0.035) 0.005 0.121 0.010 0.005 
  19   (0.040) 0.006 0.010 0.191 0.006 
  20   (0.034) 0.005 0.009 0.046 0.005 
  21   (0.032) 0.005 0.008 0.081 0.005 
  22   (0.035) 0.005 0.009 0.046 0.005 
  23   (0.033) 0.005 0.009 0.082 0.005 

Locus 46 : locus46 
15 alleles
0.0% missing data
   1   (0.153) 0.471 0.039 0.223 0.421 
   2   (0.064) 0.013 0.091 0.018 0.091 
   3   (0.089) 0.056 0.097 0.025 0.170 
   4   (0.084) 0.118 0.096 0.023 0.049 
   5   (0.113) 0.162 0.066 0.140 0.070 
   6   (0.038) 0.010 0.010 0.011 0.058 
   7   (0.081) 0.083 0.058 0.022 0.083 
   8   (0.078) 0.040 0.132 0.058 0.012 
   9   (0.037) 0.006 0.084 0.010 0.006 
  10   (0.037) 0.006 0.084 0.010 0.006 
  11   (0.039) 0.006 0.085 0.011 0.006 
  12   (0.035) 0.005 0.046 0.010 0.005 
  13   (0.057) 0.009 0.052 0.124 0.009 
  14   (0.064) 0.010 0.053 0.271 0.010 
  15   (0.033) 0.005 0.008 0.045 0.005 

Locus 47 : locus47 
22 alleles
0.0% missing data
   1   (0.028) 0.004 0.007 0.008 0.061 
   2   (0.043) 0.011 0.011 0.012 0.200 
   3   (0.033) 0.005 0.008 0.009 0.033 
   4   (0.041) 0.009 0.010 0.011 0.343 
   5   (0.055) 0.051 0.014 0.015 0.050 
   6   (0.033) 0.005 0.008 0.009 0.062 
   7   (0.038) 0.010 0.010 0.011 0.115 
   8   (0.060) 0.060 0.090 0.017 0.015 
   9   (0.071) 0.150 0.167 0.019 0.013 
  10   (0.065) 0.228 0.053 0.018 0.017 
  11   (0.040) 0.144 0.010 0.011 0.009 
  12   (0.062) 0.094 0.128 0.017 0.010 
  13   (0.062) 0.116 0.091 0.017 0.016 
  14   (0.061) 0.037 0.202 0.017 0.009 
  15   (0.032) 0.033 0.008 0.009 0.005 
  16   (0.032) 0.005 0.046 0.009 0.005 
  17   (0.031) 0.005 0.045 0.009 0.005 
  18   (0.050) 0.008 0.050 0.050 0.008 
  19   (0.044) 0.007 0.011 0.265 0.007 
  20   (0.045) 0.007 0.011 0.266 0.007 
  21   (0.038) 0.006 0.009 0.083 0.006 
  22   (0.036) 0.005 0.009 0.118 0.005 

Locus 48 : locus48 
16 alleles
0.0% missing data
   1   (0.045) 0.010 0.011 0.013 0.286 
   2   (0.053) 0.016 0.013 0.015 0.140 
   3   (0.044) 0.008 0.011 0.012 0.146 
   4   (0.058) 0.009 0.090 0.016 0.037 
   5   (0.065) 0.012 0.053 0.018 0.121 
   6   (0.047) 0.011 0.012 0.013 0.144 
   7   (0.075) 0.286 0.019 0.057 0.020 
   8   (0.095) 0.434 0.024 0.135 0.019 
   9   (0.098) 0.100 0.099 0.099 0.015 
  10   (0.128) 0.068 0.219 0.289 0.027 
  11   (0.061) 0.009 0.090 0.053 0.009 
  12   (0.036) 0.006 0.046 0.010 0.006 
  13   (0.074) 0.011 0.206 0.093 0.011 
  14   (0.040) 0.006 0.085 0.011 0.006 
  15   (0.041) 0.006 0.010 0.084 0.006 
  16   (0.039) 0.006 0.010 0.083 0.006 

Locus 49 : locus49 
16 alleles
0.0% missing data
   1   (0.062) 0.009 0.091 0.017 0.068 
   2   (0.093) 0.058 0.061 0.026 0.317 
   3   (0.078) 0.146 0.020 0.021 0.159 
   4   (0.081) 0.015 0.207 0.022 0.127 
   5   (0.112) 0.291 0.028 0.103 0.104 
   6   (0.089) 0.085 0.022 0.097 0.054 
   7   (0.079) 0.015 0.207 0.022 0.096 
   8   (0.077) 0.090 0.019 0.202 0.016 
   9   (0.049) 0.249 0.012 0.013 0.013 
  10   (0.046) 0.007 0.161 0.013 0.007 
  11   (0.037) 0.006 0.084 0.010 0.006 
  12   (0.036) 0.005 0.046 0.010 0.006 
  13   (0.044) 0.007 0.011 0.120 0.007 
  14   (0.041) 0.006 0.010 0.156 0.007 
  15   (0.035) 0.005 0.009 0.046 0.006 
  16   (0.042) 0.006 0.011 0.120 0.007 

Locus 50 : locus50 
18 alleles
0.0% missing data
   1   (0.074) 0.130 0.019 0.020 0.229 
   2   (0.074) 0.017 0.094 0.021 0.230 
   3   (0.062) 0.052 0.016 0.017 0.163 
   4   (0.123) 0.261 0.143 0.070 0.062 
   5   (0.059) 0.059 0.015 0.017 0.100 
   6   (0.057) 0.009 0.051 0.016 0.093 
   7   (0.034) 0.005 0.009 0.010 0.033 
   8   (0.042) 0.090 0.011 0.012 0.009 
   9   (0.094) 0.239 0.024 0.352 0.018 
  10   (0.077) 0.063 0.019 0.275 0.017 
  11   (0.035) 0.034 0.009 0.010 0.005 
  12   (0.040) 0.006 0.122 0.011 0.006 
  13   (0.038) 0.006 0.159 0.010 0.006 
  14   (0.038) 0.006 0.084 0.010 0.006 
  15   (0.037) 0.006 0.084 0.010 0.006 
  16   (0.039) 0.006 0.085 0.011 0.006 
  17   (0.035) 0.005 0.046 0.010 0.005 
  18   (0.041) 0.006 0.011 0.120 0.006 

Locus 51 : locus51 
19 alleles
0.0% missing data
   1   (0.064) 0.100 0.016 0.018 0.145 
   2   (0.084) 0.163 0.058 0.023 0.116 
   3   (0.035) 0.009 0.009 0.010 0.059 
   4   (0.057) 0.056 0.014 0.016 0.102 
   5   (0.043) 0.008 0.011 0.012 0.177 
   6   (0.077) 0.245 0.019 0.021 0.286 
   7   (0.069) 0.120 0.130 0.019 0.013 
   8   (0.063) 0.061 0.128 0.017 0.015 
   9   (0.039) 0.082 0.010 0.011 0.013 
  10   (0.071) 0.067 0.055 0.056 0.011 
  11   (0.055) 0.036 0.014 0.124 0.008 
  12   (0.056) 0.009 0.089 0.051 0.009 
  13   (0.043) 0.006 0.236 0.012 0.007 
  14   (0.058) 0.009 0.052 0.161 0.009 
  15   (0.037) 0.006 0.122 0.010 0.006 
  16   (0.036) 0.005 0.009 0.046 0.006 
  17   (0.039) 0.006 0.010 0.083 0.006 
  18   (0.041) 0.006 0.010 0.228 0.006 
  19   (0.035) 0.005 0.009 0.082 0.005 

Locus 52 : locus52 
21 alleles
0.0% missing data
   1   (0.052) 0.012 0.013 0.014 0.235 
   2   (0.054) 0.015 0.014 0.015 0.232 
   3   (0.064) 0.076 0.016 0.018 0.114 
   4   (0.071) 0.225 0.018 0.020 0.104 
   5   (0.040) 0.006 0.010 0.011 0.093 
   6   (0.040) 0.006 0.010 0.011 0.064 
   7   (0.056) 0.049 0.014 0.016 0.053 
   8   (0.051) 0.447 0.013 0.014 0.012 
   9   (0.069) 0.089 0.129 0.019 0.015 
  10   (0.043) 0.007 0.086 0.012 0.007 
  11   (0.037) 0.006 0.047 0.010 0.006 
  12   (0.052) 0.008 0.387 0.015 0.008 
  13   (0.035) 0.005 0.046 0.010 0.005 
  14   (0.039) 0.006 0.122 0.011 0.006 
  15   (0.044) 0.007 0.011 0.121 0.007 
  16   (0.042) 0.006 0.011 0.120 0.007 
  17   (0.041) 0.006 0.010 0.084 0.006 
  18   (0.033) 0.005 0.008 0.045 0.005 
  19   (0.041) 0.006 0.010 0.084 0.006 
  20   (0.048) 0.007 0.012 0.230 0.008 
  21   (0.047) 0.007 0.012 0.122 0.007 

Locus 53 : locus53 
17 alleles
0.0% missing data
   1   (0.125) 0.023 0.181 0.179 0.372 
   2   (0.086) 0.015 0.096 0.060 0.160 
   3   (0.092) 0.239 0.023 0.061 0.121 
   4   (0.064) 0.012 0.091 0.018 0.127 
   5   (0.124) 0.153 0.068 0.252 0.078 
   6   (0.081) 0.131 0.020 0.058 0.060 
   7   (0.074) 0.249 0.019 0.129 0.018 
   8   (0.035) 0.059 0.009 0.010 0.006 
   9   (0.040) 0.078 0.010 0.011 0.015 
  10   (0.034) 0.005 0.083 0.009 0.005 
  11   (0.037) 0.005 0.121 0.010 0.006 
  12   (0.039) 0.006 0.160 0.011 0.006 
  13   (0.032) 0.005 0.045 0.009 0.005 
  14   (0.033) 0.005 0.046 0.009 0.005 
  15   (0.037) 0.005 0.009 0.083 0.006 
  16   (0.032) 0.005 0.008 0.045 0.005 
  17   (0.035) 0.005 0.009 0.046 0.006 

Locus 54 : locus54 
17 alleles
0.0% missing data
   1   (0.049) 0.011 0.012 0.014 0.167 
   2   (0.061) 0.017 0.015 0.017 0.302 
   3   (0.054) 0.014 0.014 0.015 0.140 
   4   (0.041) 0.007 0.010 0.011 0.033 
   5   (0.043) 0.007 0.011 0.012 0.061 
   6   (0.079) 0.066 0.020 0.022 0.179 
   7   (0.048) 0.087 0.012 0.013 0.015 
   8   (0.054) 0.213 0.014 0.015 0.009 
   9   (0.096) 0.274 0.024 0.099 0.019 
  10   (0.089) 0.043 0.022 0.350 0.013 
  11   (0.045) 0.093 0.011 0.012 0.009 
  12   (0.084) 0.127 0.021 0.096 0.015 
  13   (0.051) 0.008 0.200 0.014 0.008 
  14   (0.054) 0.009 0.238 0.015 0.008 
  15   (0.040) 0.006 0.047 0.011 0.006 
  16   (0.055) 0.009 0.313 0.015 0.008 
  17   (0.056) 0.009 0.014 0.268 0.008 

Locus 55 : locus55 
21 alleles
0.0% missing data
   1   (0.039) 0.007 0.010 0.011 0.204 
   2   (0.038) 0.007 0.010 0.011 0.175 
   3   (0.040) 0.013 0.010 0.011 0.141 
   4   (0.039) 0.008 0.010 0.011 0.118 
   5   (0.034) 0.005 0.009 0.009 0.034 
   6   (0.042) 0.017 0.011 0.012 0.108 
   7   (0.038) 0.008 0.010 0.011 0.089 
   8   (0.038) 0.088 0.010 0.010 0.008 
   9   (0.039) 0.201 0.010 0.011 0.008 
  10   (0.083) 0.122 0.096 0.059 0.016 
  11   (0.056) 0.036 0.164 0.016 0.009 
  12   (0.076) 0.040 0.056 0.130 0.012 
  13   (0.073) 0.313 0.093 0.020 0.019 
  14   (0.035) 0.058 0.009 0.010 0.009 
  15   (0.053) 0.036 0.014 0.124 0.008 
  16   (0.036) 0.006 0.084 0.010 0.006 
  17   (0.072) 0.011 0.205 0.164 0.011 
  18   (0.035) 0.005 0.084 0.010 0.005 
  19   (0.060) 0.009 0.090 0.161 0.009 
  20   (0.031) 0.005 0.008 0.045 0.005 
  21   (0.042) 0.006 0.011 0.156 0.006 

Locus 56 : locus56 
25 alleles
0.0% missing data
   1   (0.042) 0.006 0.048 0.012 0.036 
   2   (0.047) 0.007 0.087 0.013 0.036 
   3   (0.055) 0.008 0.163 0.015 0.067 
   4   (0.055) 0.010 0.050 0.015 0.182 
   5   (0.035) 0.007 0.009 0.010 0.121 
   6   (0.055) 0.014 0.089 0.015 0.119 
   7   (0.049) 0.060 0.012 0.014 0.067 
   8   (0.052) 0.010 0.088 0.014 0.093 
   9   (0.052) 0.010 0.088 0.014 0.093 
  10   (0.038) 0.012 0.010 0.011 0.087 
  11   (0.034) 0.136 0.008 0.009 0.011 
  12   (0.034) 0.113 0.009 0.009 0.007 
  13   (0.042) 0.194 0.011 0.012 0.011 
  14   (0.038) 0.114 0.010 0.010 0.008 
  15   (0.037) 0.141 0.009 0.010 0.007 
  16   (0.033) 0.085 0.008 0.009 0.007 
  17   (0.030) 0.032 0.008 0.008 0.005 
  18   (0.035) 0.005 0.196 0.010 0.006 
  19   (0.029) 0.004 0.045 0.008 0.005 
  20   (0.036) 0.005 0.009 0.155 0.006 
  21   (0.035) 0.005 0.009 0.118 0.006 
  22   (0.036) 0.005 0.009 0.118 0.006 
  23   (0.037) 0.006 0.009 0.191 0.006 
  24   (0.036) 0.005 0.009 0.154 0.006 
  25   (0.029) 0.004 0.007 0.044 0.005 

Locus 57 : locus57 
22 alleles
0.0% missing data
   1   (0.052) 0.015 0.013 0.014 0.477 
   2   (0.037) 0.009 0.009 0.010 0.058 
   3   (0.034) 0.005 0.009 0.009 0.061 
   4   (0.041) 0.006 0.010 0.011 0.146 
   5   (0.041) 0.009 0.010 0.011 0.088 
   6   (0.036) 0.006 0.009 0.010 0.033 
   7   (0.093) 0.319 0.248 0.026 0.023 
   8   (0.082) 0.237 0.207 0.023 0.016 
   9   (0.054) 0.037 0.089 0.015 0.008 
  10   (0.039) 0.089 0.010 0.011 0.008 
  11   (0.067) 0.092 0.129 0.018 0.013 
  12   (0.060) 0.091 0.090 0.017 0.012 
  13   (0.035) 0.034 0.009 0.010 0.005 
  14   (0.034) 0.005 0.046 0.009 0.005 
  15   (0.029) 0.004 0.044 0.008 0.004 
  16   (0.042) 0.006 0.011 0.156 0.006 
  17   (0.043) 0.007 0.011 0.157 0.007 
  18   (0.042) 0.007 0.011 0.120 0.006 
  19   (0.035) 0.005 0.009 0.082 0.005 
  20   (0.038) 0.006 0.010 0.155 0.006 
  21   (0.034) 0.005 0.009 0.045 0.005 
  22   (0.034) 0.005 0.009 0.082 0.005 

Locus 58 : locus58 
9 alleles
0.0% missing data
   1   (0.089) 0.020 0.172 0.025 0.149 
   2   (0.126) 0.062 0.256 0.071 0.061 
   3   (0.068) 0.021 0.054 0.019 0.085 
   4   (0.184) 0.547 0.121 0.087 0.270 
   5   (0.212) 0.142 0.166 0.312 0.320 
   6   (0.116) 0.046 0.067 0.213 0.046 
   7   (0.097) 0.119 0.099 0.027 0.052 
   8   (0.057) 0.037 0.052 0.016 0.009 
   9   (0.051) 0.008 0.013 0.231 0.008 

Locus 59 : locus59 
20 alleles
0.0% missing data
   1   (0.043) 0.011 0.011 0.012 0.059 
   2   (0.043) 0.008 0.011 0.012 0.119 
   3   (0.048) 0.010 0.012 0.013 0.289 
   4   (0.066) 0.014 0.017 0.054 0.177 
   5   (0.049) 0.016 0.012 0.013 0.084 
   6   (0.068) 0.010 0.017 0.237 0.038 
   7   (0.037) 0.006 0.009 0.010 0.063 
   8   (0.044) 0.011 0.011 0.012 0.059 
   9   (0.068) 0.204 0.054 0.019 0.014 
  10   (0.055) 0.036 0.051 0.015 0.008 
  11   (0.080) 0.176 0.170 0.022 0.017 
  12   (0.047) 0.228 0.012 0.013 0.011 
  13   (0.048) 0.173 0.012 0.013 0.010 
  14   (0.043) 0.058 0.011 0.012 0.011 
  15   (0.042) 0.006 0.160 0.012 0.006 
  16   (0.045) 0.007 0.310 0.013 0.007 
  17   (0.042) 0.006 0.086 0.012 0.007 
  18   (0.041) 0.006 0.010 0.120 0.006 
  19   (0.049) 0.007 0.012 0.267 0.008 
  20   (0.041) 0.006 0.010 0.120 0.006 

Locus 60 : locus60 
17 alleles
0.0% missing data
   1   (0.073) 0.011 0.018 0.202 0.038 
   2   (0.081) 0.065 0.021 0.022 0.378 
   3   (0.087) 0.018 0.022 0.205 0.093 
   4   (0.055) 0.015 0.014 0.015 0.253 
   5   (0.042) 0.006 0.011 0.012 0.118 
   6   (0.080) 0.180 0.095 0.022 0.016 
   7   (0.049) 0.174 0.012 0.014 0.013 
   8   (0.097) 0.328 0.174 0.027 0.017 
   9   (0.046) 0.091 0.012 0.013 0.009 
  10   (0.079) 0.063 0.170 0.022 0.018 
  11   (0.051) 0.008 0.199 0.014 0.008 
  12   (0.039) 0.006 0.047 0.011 0.006 
  13   (0.045) 0.007 0.086 0.012 0.007 
  14   (0.038) 0.006 0.047 0.011 0.006 
  15   (0.039) 0.006 0.047 0.011 0.006 
  16   (0.048) 0.007 0.012 0.158 0.007 
  17   (0.052) 0.008 0.013 0.231 0.008 

Locus 61 : locus61 
22 alleles
0.0% missing data
   1   (0.055) 0.063 0.014 0.015 0.148 
   2   (0.064) 0.100 0.016 0.018 0.255 
   3   (0.053) 0.082 0.013 0.015 0.076 
   4   (0.057) 0.072 0.014 0.016 0.168 
   5   (0.068) 0.266 0.017 0.019 0.208 
   6   (0.055) 0.085 0.014 0.015 0.045 
   7   (0.037) 0.178 0.010 0.010 0.008 
   8   (0.031) 0.034 0.008 0.009 0.005 
   9   (0.029) 0.034 0.007 0.008 0.004 
  10   (0.032) 0.005 0.120 0.009 0.005 
  11   (0.049) 0.008 0.087 0.050 0.007 
  12   (0.075) 0.012 0.281 0.202 0.011 
  13   (0.034) 0.005 0.083 0.009 0.005 
  14   (0.053) 0.008 0.088 0.087 0.008 
  15   (0.046) 0.007 0.049 0.049 0.007 
  16   (0.049) 0.008 0.087 0.049 0.007 
  17   (0.049) 0.008 0.050 0.086 0.007 
  18   (0.037) 0.006 0.009 0.119 0.006 
  19   (0.028) 0.004 0.007 0.044 0.004 
  20   (0.032) 0.005 0.008 0.045 0.005 
  21   (0.035) 0.005 0.009 0.082 0.005 
  22   (0.031) 0.005 0.008 0.045 0.005 

Locus 62 : locus62 
23 alleles
0.0% missing data
   1   (0.072) 0.011 0.317 0.020 0.124 
   2   (0.039) 0.006 0.010 0.011 0.091 
   3   (0.043) 0.010 0.011 0.012 0.144 
   4   (0.038) 0.009 0.010 0.011 0.144 
   5   (0.040) 0.008 0.010 0.011 0.088 
   6   (0.046) 0.013 0.012 0.013 0.225 
   7   (0.037) 0.010 0.009 0.010 0.058 
   8   (0.058) 0.146 0.015 0.052 0.013 
   9   (0.036) 0.202 0.009 0.010 0.007 
  10   (0.042) 0.118 0.011 0.012 0.008 
  11   (0.039) 0.144 0.010 0.011 0.009 
  12   (0.063) 0.061 0.016 0.198 0.015 
  13   (0.033) 0.033 0.008 0.009 0.005 
  14   (0.068) 0.121 0.017 0.127 0.013 
  15   (0.035) 0.059 0.009 0.010 0.009 
  16   (0.041) 0.006 0.123 0.011 0.006 
  17   (0.038) 0.006 0.159 0.011 0.006 
  18   (0.036) 0.006 0.046 0.010 0.005 
  19   (0.036) 0.006 0.084 0.010 0.006 
  20   (0.038) 0.006 0.084 0.011 0.006 
  21   (0.041) 0.006 0.010 0.156 0.006 
  22   (0.040) 0.006 0.010 0.192 0.006 
  23   (0.037) 0.006 0.009 0.083 0.006 

Locus 63 : locus63 
20 alleles
0.0% missing data
   1   (0.054) 0.012 0.014 0.051 0.148 
   2   (0.108) 0.244 0.027 0.247 0.210 
   3   (0.080) 0.020 0.095 0.094 0.119 
   4   (0.070) 0.011 0.092 0.055 0.127 
   5   (0.123) 0.199 0.143 0.107 0.206 
   6   (0.029) 0.004 0.007 0.008 0.033 
   7   (0.106) 0.071 0.176 0.174 0.074 
   8   (0.029) 0.032 0.007 0.008 0.004 
   9   (0.030) 0.032 0.007 0.008 0.005 
  10   (0.037) 0.112 0.009 0.010 0.010 
  11   (0.032) 0.061 0.008 0.009 0.005 
  12   (0.038) 0.081 0.010 0.011 0.014 
  13   (0.035) 0.057 0.009 0.010 0.009 
  14   (0.029) 0.032 0.007 0.008 0.005 
  15   (0.032) 0.005 0.120 0.009 0.005 
  16   (0.036) 0.005 0.158 0.010 0.006 
  17   (0.045) 0.007 0.048 0.049 0.007 
  18   (0.029) 0.004 0.045 0.008 0.005 
  19   (0.031) 0.005 0.008 0.081 0.005 
  20   (0.029) 0.004 0.007 0.044 0.004 

Locus 64 : locus64 
21 alleles
0.0% missing data
   1   (0.075) 0.051 0.019 0.202 0.055 
   2   (0.036) 0.006 0.009 0.010 0.180 
   3   (0.087) 0.070 0.022 0.096 0.243 
   4   (0.037) 0.005 0.009 0.010 0.094 
   5   (0.060) 0.022 0.015 0.053 0.111 
   6   (0.082) 0.106 0.021 0.095 0.147 
   7   (0.050) 0.007 0.012 0.086 0.037 
   8   (0.048) 0.007 0.012 0.086 0.037 
   9   (0.037) 0.220 0.009 0.010 0.011 
  10   (0.033) 0.141 0.008 0.009 0.006 
  11   (0.038) 0.140 0.010 0.011 0.009 
  12   (0.038) 0.139 0.010 0.011 0.009 
  13   (0.032) 0.032 0.008 0.009 0.005 
  14   (0.031) 0.005 0.045 0.008 0.005 
  15   (0.050) 0.008 0.125 0.050 0.008 
  16   (0.049) 0.007 0.088 0.050 0.008 
  17   (0.036) 0.005 0.121 0.010 0.006 
  18   (0.056) 0.008 0.126 0.088 0.009 
  19   (0.063) 0.009 0.240 0.089 0.010 
  20   (0.031) 0.005 0.045 0.009 0.005 
  21   (0.030) 0.004 0.045 0.008 0.005 

Locus 65 : locus65 
23 alleles
0.0% missing data
   1   (0.039) 0.008 0.010 0.011 0.199 
   2   (0.044) 0.012 0.011 0.012 0.393 
   3   (0.043) 0.008 0.011 0.012 0.173 
   4   (0.031) 0.005 0.008 0.009 0.033 
   5   (0.036) 0.009 0.009 0.010 0.058 
   6   (0.035) 0.091 0.009 0.010 0.005 
   7   (0.042) 0.146 0.011 0.012 0.009 
   8   (0.041) 0.108 0.010 0.011 0.017 
   9   (0.038) 0.146 0.010 0.011 0.009 
  10   (0.082) 0.209 0.058 0.059 0.016 
  11   (0.040) 0.089 0.010 0.011 0.008 
  12   (0.076) 0.098 0.094 0.094 0.012 
  13   (0.031) 0.005 0.045 0.009 0.005 
  14   (0.064) 0.010 0.203 0.090 0.010 
  15   (0.041) 0.006 0.272 0.011 0.006 
  16   (0.061) 0.010 0.090 0.125 0.009 
  17   (0.057) 0.009 0.052 0.124 0.009 
  18   (0.032) 0.005 0.045 0.009 0.005 
  19   (0.033) 0.005 0.008 0.045 0.005 
  20   (0.033) 0.005 0.008 0.045 0.005 
  21   (0.032) 0.005 0.008 0.045 0.005 
  22   (0.038) 0.006 0.010 0.155 0.006 
  23   (0.033) 0.005 0.008 0.081 0.005 

Locus 66 : locus66 
13 alleles
0.0% missing data
   1   (0.109) 0.147 0.028 0.102 0.256 
   2   (0.099) 0.072 0.025 0.172 0.128 
   3   (0.067) 0.013 0.017 0.091 0.123 
   4   (0.140) 0.066 0.110 0.220 0.234 
   5   (0.063) 0.013 0.091 0.017 0.093 
   6   (0.108) 0.176 0.027 0.211 0.080 
   7   (0.072) 0.144 0.130 0.020 0.017 
   8   (0.089) 0.178 0.097 0.061 0.016 
   9   (0.085) 0.139 0.283 0.024 0.026 
  10   (0.067) 0.038 0.054 0.055 0.010 
  11   (0.034) 0.005 0.046 0.009 0.005 
  12   (0.034) 0.005 0.046 0.009 0.005 
  13   (0.034) 0.005 0.046 0.009 0.005 

Locus 67 : locus67 
16 alleles
0.0% missing data
   1   (0.056) 0.009 0.014 0.088 0.093 
   2   (0.072) 0.019 0.018 0.092 0.369 
   3   (0.115) 0.060 0.104 0.285 0.059 
   4   (0.062) 0.013 0.016 0.053 0.288 
   5   (0.099) 0.043 0.175 0.064 0.072 
   6   (0.040) 0.146 0.010 0.011 0.007 
   7   (0.052) 0.036 0.088 0.014 0.008 
   8   (0.072) 0.039 0.130 0.056 0.011 
   9   (0.039) 0.230 0.010 0.011 0.009 
  10   (0.041) 0.083 0.010 0.011 0.014 
  11   (0.086) 0.070 0.171 0.096 0.013 
  12   (0.039) 0.084 0.010 0.011 0.012 
  13   (0.035) 0.034 0.009 0.010 0.005 
  14   (0.056) 0.084 0.051 0.015 0.018 
  15   (0.077) 0.040 0.094 0.094 0.012 
  16   (0.059) 0.009 0.090 0.089 0.009 

Locus 68 : locus68 
18 alleles
0.0% missing data
   1   (0.080) 0.175 0.020 0.022 0.274 
   2   (0.120) 0.028 0.142 0.141 0.264 
   3   (0.046) 0.012 0.012 0.013 0.172 
   4   (0.071) 0.155 0.018 0.020 0.120 
   5   (0.083) 0.055 0.021 0.131 0.055 
   6   (0.077) 0.141 0.169 0.021 0.023 
   7   (0.033) 0.033 0.008 0.009 0.005 
   8   (0.047) 0.196 0.012 0.013 0.015 
   9   (0.058) 0.090 0.052 0.016 0.012 
  10   (0.034) 0.033 0.009 0.009 0.005 
  11   (0.034) 0.033 0.009 0.009 0.005 
  12   (0.035) 0.005 0.046 0.010 0.006 
  13   (0.036) 0.005 0.047 0.010 0.006 
  14   (0.056) 0.009 0.089 0.051 0.009 
  15   (0.071) 0.011 0.092 0.273 0.011 
  16   (0.043) 0.007 0.236 0.012 0.007 
  17   (0.042) 0.006 0.011 0.192 0.006 
  18   (0.034) 0.005 0.008 0.045 0.005 

Locus 69 : locus69 
17 alleles
0.0% missing data
   1   (0.061) 0.015 0.090 0.017 0.060 
   2   (0.039) 0.006 0.010 0.011 0.119 
   3   (0.065) 0.016 0.166 0.018 0.061 
   4   (0.041) 0.007 0.010 0.011 0.175 
   5   (0.037) 0.009 0.009 0.010 0.059 
   6   (0.039) 0.008 0.010 0.011 0.089 
   7   (0.088) 0.113 0.022 0.097 0.111 
   8   (0.039) 0.010 0.010 0.011 0.059 
   9   (0.069) 0.018 0.092 0.019 0.173 
  10   (0.070) 0.312 0.018 0.055 0.020 
  11   (0.056) 0.093 0.014 0.052 0.009 
  12   (0.100) 0.072 0.250 0.136 0.015 
  13   (0.071) 0.091 0.018 0.201 0.015 
  14   (0.040) 0.118 0.010 0.011 0.008 
  15   (0.061) 0.094 0.015 0.125 0.009 
  16   (0.062) 0.010 0.053 0.162 0.010 
  17   (0.060) 0.009 0.202 0.052 0.009 

Locus 70 : locus70 
16 alleles
0.0% missing data
   1   (0.075) 0.015 0.094 0.021 0.210 
   2   (0.150) 0.236 0.263 0.041 0.290 
   3   (0.070) 0.015 0.054 0.020 0.267 
   4   (0.110) 0.249 0.140 0.031 0.063 
   5   (0.079) 0.012 0.057 0.058 0.070 
   6   (0.043) 0.087 0.011 0.012 0.009 
   7   (0.067) 0.143 0.054 0.018 0.016 
   8   (0.041) 0.061 0.010 0.011 0.006 
   9   (0.068) 0.138 0.054 0.019 0.022 
  10   (0.046) 0.007 0.199 0.013 0.007 
  11   (0.042) 0.006 0.011 0.120 0.007 
  12   (0.036) 0.005 0.009 0.046 0.006 
  13   (0.043) 0.006 0.011 0.157 0.007 
  14   (0.043) 0.006 0.011 0.157 0.007 
  15   (0.041) 0.006 0.010 0.083 0.006 
  16   (0.045) 0.007 0.012 0.193 0.007 

Locus 71 : locus71 
21 alleles
0.0% missing data
   1   (0.039) 0.008 0.010 0.011 0.117 
   2   (0.038) 0.006 0.010 0.010 0.090 
   3   (0.047) 0.015 0.012 0.013 0.196 
   4   (0.037) 0.006 0.009 0.010 0.118 
   5   (0.043) 0.011 0.011 0.012 0.256 
   6   (0.034) 0.005 0.009 0.009 0.033 
   7   (0.036) 0.009 0.009 0.010 0.058 
   8   (0.068) 0.261 0.017 0.091 0.015 
   9   (0.059) 0.146 0.015 0.052 0.013 
  10   (0.097) 0.260 0.062 0.135 0.023 
  11   (0.060) 0.149 0.015 0.089 0.011 
  12   (0.054) 0.065 0.014 0.088 0.008 
  13   (0.037) 0.006 0.122 0.010 0.006 
  14   (0.041) 0.006 0.272 0.011 0.006 
  15   (0.057) 0.009 0.089 0.088 0.009 
  16   (0.036) 0.006 0.084 0.010 0.005 
  17   (0.059) 0.009 0.052 0.161 0.009 
  18   (0.049) 0.008 0.050 0.050 0.008 
  19   (0.033) 0.005 0.046 0.009 0.005 
  20   (0.038) 0.006 0.084 0.010 0.006 
  21   (0.038) 0.006 0.010 0.119 0.006 

Locus 72 : locus72 
18 alleles
0.0% missing data
   1   (0.060) 0.011 0.090 0.017 0.120 
   2   (0.059) 0.014 0.165 0.016 0.061 
   3   (0.039) 0.009 0.010 0.011 0.144 
   4   (0.056) 0.009 0.126 0.016 0.065 
   5   (0.055) 0.011 0.051 0.015 0.090 
   6   (0.062) 0.012 0.091 0.017 0.120 
   7   (0.062) 0.015 0.090 0.017 0.146 
   8   (0.040) 0.011 0.010 0.011 0.115 
   9   (0.033) 0.005 0.008 0.009 0.033 
  10   (0.068) 0.315 0.017 0.091 0.015 
  11   (0.032) 0.033 0.008 0.009 0.005 
  12   (0.085) 0.098 0.058 0.169 0.013 
  13   (0.069) 0.116 0.018 0.127 0.018 
  14   (0.053) 0.060 0.014 0.051 0.013 
  15   (0.103) 0.234 0.063 0.318 0.023 
  16   (0.033) 0.033 0.008 0.009 0.005 
  17   (0.061) 0.009 0.128 0.089 0.009 
  18   (0.030) 0.005 0.045 0.008 0.005 

Locus 73 : locus73 
21 alleles
0.0% missing data
   1   (0.041) 0.009 0.010 0.012 0.367 
   2   (0.054) 0.013 0.014 0.051 0.144 
   3   (0.048) 0.065 0.012 0.013 0.035 
   4   (0.103) 0.062 0.063 0.174 0.137 
   5   (0.064) 0.273 0.016 0.018 0.113 
   6   (0.076) 0.119 0.094 0.021 0.047 
   7   (0.052) 0.013 0.013 0.050 0.059 
   8   (0.052) 0.123 0.050 0.015 0.008 
   9   (0.035) 0.118 0.009 0.010 0.007 
  10   (0.037) 0.085 0.009 0.010 0.012 
  11   (0.059) 0.061 0.202 0.016 0.014 
  12   (0.049) 0.008 0.050 0.086 0.007 
  13   (0.053) 0.008 0.050 0.160 0.008 
  14   (0.036) 0.006 0.159 0.010 0.006 
  15   (0.032) 0.005 0.045 0.009 0.005 
  16   (0.035) 0.005 0.121 0.010 0.005 
  17   (0.046) 0.007 0.049 0.049 0.007 
  18   (0.031) 0.005 0.008 0.081 0.005 
  19   (0.032) 0.005 0.008 0.081 0.005 
  20   (0.032) 0.005 0.008 0.081 0.005 
  21   (0.031) 0.005 0.008 0.045 0.005 

Locus 74 : locus74 
22 alleles
0.0% missing data
   1   (0.038) 0.006 0.010 0.011 0.150 
   2   (0.045) 0.010 0.011 0.012 0.291 
   3   (0.069) 0.016 0.017 0.127 0.149 
   4   (0.056) 0.045 0.014 0.015 0.085 
   5   (0.070) 0.016 0.018 0.201 0.062 
   6   (0.038) 0.009 0.010 0.011 0.060 
   7   (0.064) 0.015 0.016 0.126 0.062 
   8   (0.032) 0.005 0.008 0.009 0.034 
   9   (0.036) 0.115 0.009 0.010 0.007 
  10   (0.041) 0.115 0.010 0.011 0.008 
  11   (0.048) 0.198 0.012 0.013 0.010 
  12   (0.045) 0.168 0.011 0.012 0.012 
  13   (0.043) 0.225 0.011 0.012 0.010 
  14   (0.032) 0.005 0.045 0.009 0.005 
  15   (0.038) 0.006 0.084 0.010 0.006 
  16   (0.040) 0.006 0.235 0.011 0.006 
  17   (0.036) 0.005 0.159 0.010 0.006 
  18   (0.040) 0.006 0.160 0.011 0.006 
  19   (0.062) 0.009 0.090 0.089 0.010 
  20   (0.048) 0.007 0.050 0.049 0.008 
  21   (0.039) 0.006 0.010 0.119 0.006 
  22   (0.039) 0.006 0.010 0.119 0.006 

Locus 75 : locus75 
20 alleles
0.0% missing data
   1   (0.113) 0.021 0.104 0.212 0.242 
   2   (0.064) 0.014 0.053 0.018 0.234 
   3   (0.060) 0.019 0.052 0.017 0.085 
   4   (0.065) 0.012 0.017 0.127 0.151 
   5   (0.037) 0.008 0.009 0.010 0.089 
   6   (0.064) 0.015 0.129 0.018 0.062 
   7   (0.046) 0.007 0.012 0.049 0.036 
   8   (0.042) 0.201 0.011 0.012 0.007 
   9   (0.039) 0.139 0.010 0.011 0.012 
  10   (0.073) 0.339 0.018 0.092 0.018 
  11   (0.064) 0.119 0.016 0.090 0.013 
  12   (0.030) 0.060 0.008 0.008 0.005 
  13   (0.033) 0.005 0.045 0.009 0.005 
  14   (0.038) 0.006 0.159 0.010 0.006 
  15   (0.034) 0.005 0.083 0.009 0.005 
  16   (0.038) 0.006 0.159 0.010 0.006 
  17   (0.051) 0.008 0.088 0.050 0.008 
  18   (0.038) 0.006 0.010 0.083 0.006 
  19   (0.035) 0.005 0.009 0.082 0.005 
  20   (0.037) 0.006 0.009 0.083 0.006 

Locus 76 : locus76 
28 alleles
0.0% missing data
   1   (0.032) 0.005 0.008 0.009 0.062 
   2   (0.031) 0.005 0.008 0.009 0.033 
   3   (0.038) 0.009 0.009 0.010 0.229 
   4   (0.042) 0.012 0.010 0.012 0.283 
   5   (0.032) 0.006 0.008 0.009 0.174 
   6   (0.059) 0.014 0.127 0.016 0.060 
   7   (0.029) 0.005 0.007 0.008 0.033 
   8   (0.040) 0.173 0.010 0.011 0.008 
   9   (0.029) 0.033 0.007 0.008 0.004 
  10   (0.043) 0.146 0.011 0.012 0.008 
  11   (0.035) 0.144 0.009 0.010 0.008 
  12   (0.039) 0.199 0.010 0.011 0.010 
  13   (0.037) 0.143 0.009 0.010 0.009 
  14   (0.033) 0.033 0.008 0.009 0.005 
  15   (0.031) 0.005 0.045 0.009 0.005 
  16   (0.035) 0.005 0.121 0.010 0.005 
  17   (0.030) 0.005 0.120 0.008 0.005 
  18   (0.033) 0.005 0.195 0.009 0.005 
  19   (0.059) 0.009 0.202 0.089 0.009 
  20   (0.038) 0.006 0.010 0.083 0.006 
  21   (0.035) 0.005 0.009 0.191 0.005 
  22   (0.029) 0.004 0.007 0.044 0.004 
  23   (0.031) 0.005 0.008 0.081 0.005 
  24   (0.033) 0.005 0.008 0.117 0.005 
  25   (0.030) 0.005 0.008 0.044 0.005 
  26   (0.029) 0.004 0.007 0.044 0.005 
  27   (0.034) 0.005 0.009 0.082 0.005 
  28   (0.034) 0.005 0.009 0.046 0.005 

Locus 77 : locus77 
19 alleles
0.0% missing data
   1   (0.105) 0.230 0.139 0.029 0.195 
   2   (0.039) 0.006 0.010 0.011 0.093 
   3   (0.075) 0.018 0.205 0.021 0.207 
   4   (0.082) 0.059 0.058 0.023 0.281 
   5   (0.049) 0.007 0.013 0.050 0.036 
   6   (0.050) 0.008 0.013 0.050 0.037 
   7   (0.087) 0.402 0.022 0.060 0.070 
   8   (0.039) 0.144 0.010 0.011 0.007 
   9   (0.031) 0.033 0.008 0.009 0.005 
  10   (0.033) 0.033 0.008 0.009 0.005 
  11   (0.056) 0.009 0.089 0.088 0.009 
  12   (0.066) 0.010 0.204 0.091 0.010 
  13   (0.061) 0.009 0.128 0.089 0.009 
  14   (0.049) 0.007 0.050 0.050 0.008 
  15   (0.034) 0.005 0.009 0.046 0.005 
  16   (0.038) 0.006 0.010 0.119 0.006 
  17   (0.037) 0.006 0.009 0.119 0.006 
  18   (0.037) 0.006 0.009 0.082 0.006 
  19   (0.030) 0.005 0.008 0.045 0.005 

Locus 78 : locus78 
16 alleles
0.0% missing data
   1   (0.048) 0.012 0.012 0.013 0.198 
   2   (0.094) 0.019 0.024 0.243 0.234 
   3   (0.079) 0.017 0.095 0.022 0.203 
   4   (0.071) 0.011 0.018 0.128 0.066 
   5   (0.045) 0.014 0.011 0.013 0.139 
   6   (0.058) 0.009 0.052 0.016 0.037 
   7   (0.089) 0.233 0.023 0.133 0.023 
   8   (0.044) 0.121 0.011 0.012 0.007 
   9   (0.088) 0.239 0.022 0.133 0.017 
  10   (0.137) 0.124 0.296 0.183 0.031 
  11   (0.039) 0.063 0.010 0.011 0.006 
  12   (0.043) 0.060 0.011 0.012 0.010 
  13   (0.044) 0.060 0.011 0.012 0.011 
  14   (0.049) 0.008 0.349 0.013 0.007 
  15   (0.037) 0.006 0.047 0.010 0.006 
  16   (0.036) 0.006 0.009 0.046 0.005 

Locus 79 : locus79 
13 alleles
0.0% missing data
   1   (0.121) 0.018 0.292 0.178 0.109 
   2   (0.102) 0.143 0.063 0.028 0.261 
   3   (0.128) 0.136 0.107 0.071 0.159 
   4   (0.086) 0.013 0.059 0.132 0.074 
   5   (0.108) 0.016 0.177 0.139 0.107 
   6   (0.103) 0.015 0.138 0.245 0.046 
   7   (0.074) 0.017 0.019 0.129 0.124 
   8   (0.040) 0.009 0.010 0.011 0.062 
   9   (0.063) 0.063 0.091 0.018 0.010 
  10   (0.046) 0.132 0.012 0.013 0.016 
  11   (0.044) 0.192 0.011 0.012 0.010 
  12   (0.049) 0.215 0.012 0.013 0.015 
  13   (0.035) 0.032 0.009 0.010 0.006 

Locus 80 : locus80 
15 alleles
0.0% missing data
   1   (0.063) 0.010 0.016 0.163 0.036 
   2   (0.046) 0.011 0.012 0.013 0.228 
   3   (0.102) 0.026 0.062 0.100 0.258 
   4   (0.044) 0.011 0.011 0.012 0.143 
   5   (0.096) 0.144 0.062 0.026 0.139 
   6   (0.083) 0.013 0.058 0.168 0.040 
   7   (0.095) 0.015 0.249 0.098 0.042 
   8   (0.062) 0.010 0.016 0.126 0.037 
   9   (0.082) 0.323 0.133 0.022 0.016 
  10   (0.064) 0.148 0.053 0.018 0.015 
  11   (0.041) 0.090 0.011 0.011 0.009 
  12   (0.077) 0.179 0.131 0.021 0.016 
  13   (0.039) 0.006 0.085 0.011 0.006 
  14   (0.067) 0.010 0.092 0.127 0.010 
  15   (0.038) 0.006 0.010 0.083 0.006 

Locus 81 : locus81 
16 alleles
0.0% missing data
   1   (0.123) 0.220 0.031 0.106 0.268 
   2   (0.076) 0.014 0.019 0.130 0.153 
   3   (0.064) 0.053 0.016 0.018 0.137 
   4   (0.105) 0.156 0.027 0.101 0.158 
   5   (0.044) 0.008 0.011 0.012 0.149 
   6   (0.090) 0.309 0.023 0.061 0.054 
   7   (0.046) 0.171 0.012 0.013 0.010 
   8   (0.063) 0.010 0.203 0.053 0.010 
   9   (0.079) 0.012 0.132 0.239 0.012 
  10   (0.035) 0.005 0.046 0.010 0.005 
  11   (0.044) 0.007 0.198 0.012 0.007 
  12   (0.060) 0.009 0.052 0.089 0.009 
  13   (0.038) 0.006 0.084 0.011 0.006 
  14   (0.035) 0.005 0.046 0.010 0.005 
  15   (0.063) 0.010 0.090 0.090 0.010 
  16   (0.035) 0.005 0.009 0.046 0.005 

Locus 82 : locus82 
21 alleles
0.0% missing data
   1   (0.079) 0.072 0.020 0.094 0.120 
   2   (0.029) 0.004 0.007 0.008 0.033 
   3   (0.056) 0.010 0.014 0.051 0.177 
   4   (0.048) 0.007 0.012 0.049 0.064 
   5   (0.076) 0.068 0.019 0.093 0.068 
   6   (0.038) 0.009 0.009 0.010 0.144 
   7   (0.054) 0.014 0.014 0.051 0.115 
   8   (0.046) 0.007 0.012 0.049 0.064 
   9   (0.080) 0.086 0.020 0.131 0.051 
  10   (0.035) 0.012 0.009 0.010 0.083 
  11   (0.039) 0.146 0.010 0.011 0.007 
  12   (0.037) 0.313 0.009 0.010 0.009 
  13   (0.049) 0.119 0.049 0.014 0.009 
  14   (0.046) 0.035 0.012 0.049 0.007 
  15   (0.058) 0.061 0.015 0.125 0.014 
  16   (0.036) 0.005 0.345 0.010 0.005 
  17   (0.031) 0.005 0.045 0.009 0.005 
  18   (0.037) 0.006 0.196 0.010 0.006 
  19   (0.060) 0.009 0.127 0.125 0.009 
  20   (0.031) 0.005 0.045 0.009 0.005 
  21   (0.036) 0.006 0.009 0.082 0.005 

Locus 83 : locus83 
19 alleles
0.0% missing data
   1   (0.063) 0.017 0.091 0.017 0.116 
   2   (0.033) 0.005 0.008 0.009 0.033 
   3   (0.106) 0.022 0.139 0.101 0.265 
   4   (0.046) 0.011 0.011 0.013 0.201 
   5   (0.083) 0.013 0.171 0.095 0.041 
   6   (0.036) 0.008 0.009 0.010 0.088 
   7   (0.057) 0.011 0.014 0.052 0.120 
   8   (0.073) 0.011 0.093 0.056 0.039 
   9   (0.038) 0.088 0.010 0.011 0.008 
  10   (0.046) 0.196 0.012 0.013 0.014 
  11   (0.042) 0.202 0.011 0.012 0.009 
  12   (0.070) 0.207 0.018 0.128 0.012 
  13   (0.058) 0.065 0.015 0.088 0.009 
  14   (0.064) 0.116 0.016 0.090 0.017 
  15   (0.043) 0.007 0.235 0.012 0.007 
  16   (0.038) 0.006 0.122 0.011 0.006 
  17   (0.035) 0.005 0.009 0.082 0.005 
  18   (0.035) 0.005 0.009 0.082 0.005 
  19   (0.034) 0.005 0.009 0.118 0.005 

Locus 84 : locus84 
23 alleles
0.0% missing data
   1   (0.055) 0.009 0.014 0.051 0.263 
   2   (0.034) 0.009 0.009 0.009 0.058 
   3   (0.055) 0.015 0.014 0.124 0.115 
   4   (0.059) 0.016 0.015 0.089 0.172 
   5   (0.058) 0.014 0.015 0.088 0.146 
   6   (0.056) 0.013 0.014 0.160 0.060 
   7   (0.025) 0.004 0.006 0.007 0.032 
   8   (0.030) 0.005 0.008 0.008 0.033 
   9   (0.052) 0.119 0.051 0.014 0.010 
  10   (0.062) 0.175 0.165 0.017 0.013 
  11   (0.058) 0.060 0.164 0.016 0.014 
  12   (0.051) 0.092 0.163 0.014 0.008 
  13   (0.060) 0.148 0.127 0.017 0.011 
  14   (0.035) 0.058 0.009 0.010 0.009 
  15   (0.056) 0.197 0.051 0.016 0.017 
  16   (0.042) 0.034 0.048 0.012 0.006 
  17   (0.029) 0.004 0.044 0.008 0.004 
  18   (0.029) 0.004 0.045 0.008 0.004 
  19   (0.031) 0.005 0.008 0.081 0.005 
  20   (0.035) 0.005 0.009 0.082 0.005 
  21   (0.032) 0.005 0.008 0.081 0.005 
  22   (0.026) 0.004 0.007 0.043 0.004 
  23   (0.030) 0.005 0.008 0.045 0.005 

Locus 85 : locus85 
17 alleles
0.0% missing data
   1   (0.051) 0.008 0.050 0.014 0.037 
   2   (0.033) 0.005 0.008 0.009 0.034 
   3   (0.107) 0.022 0.064 0.210 0.184 
   4   (0.070) 0.014 0.018 0.128 0.094 
   5   (0.078) 0.053 0.094 0.022 0.055 
   6   (0.108) 0.026 0.064 0.247 0.122 
   7   (0.067) 0.016 0.054 0.018 0.264 
   8   (0.078) 0.012 0.432 0.022 0.070 
   9   (0.035) 0.005 0.009 0.010 0.034 
  10   (0.052) 0.008 0.013 0.050 0.037 
  11   (0.041) 0.253 0.010 0.012 0.008 
  12   (0.035) 0.033 0.009 0.010 0.005 
  13   (0.037) 0.061 0.009 0.010 0.006 
  14   (0.043) 0.087 0.011 0.012 0.009 
  15   (0.083) 0.334 0.133 0.023 0.023 
  16   (0.039) 0.057 0.010 0.011 0.010 
  17   (0.044) 0.007 0.011 0.193 0.007 

Locus 86 : locus86 
25 alleles
0.0% missing data
   1   (0.037) 0.008 0.009 0.010 0.203 
   2   (0.054) 0.008 0.014 0.124 0.036 
   3   (0.028) 0.004 0.007 0.008 0.033 
   4   (0.063) 0.015 0.016 0.126 0.061 
   5   (0.041) 0.009 0.010 0.011 0.231 
   6   (0.036) 0.007 0.009 0.010 0.089 
   7   (0.057) 0.011 0.014 0.160 0.091 
   8   (0.029) 0.004 0.007 0.008 0.033 
   9   (0.035) 0.009 0.009 0.010 0.059 
  10   (0.051) 0.012 0.013 0.050 0.060 
  11   (0.056) 0.397 0.051 0.016 0.013 
  12   (0.031) 0.061 0.008 0.009 0.005 
  13   (0.039) 0.169 0.010 0.011 0.011 
  14   (0.037) 0.083 0.009 0.010 0.012 
  15   (0.032) 0.061 0.008 0.009 0.005 
  16   (0.028) 0.032 0.007 0.008 0.004 
  17   (0.055) 0.064 0.089 0.015 0.009 
  18   (0.034) 0.005 0.308 0.009 0.005 
  19   (0.036) 0.005 0.121 0.010 0.006 
  20   (0.035) 0.005 0.121 0.010 0.005 
  21   (0.055) 0.008 0.089 0.051 0.009 
  22   (0.031) 0.005 0.045 0.009 0.005 
  23   (0.037) 0.006 0.009 0.155 0.006 
  24   (0.031) 0.005 0.008 0.117 0.005 
  25   (0.031) 0.005 0.008 0.045 0.005 

Locus 87 : locus87 
13 alleles
0.0% missing data
   1   (0.110) 0.054 0.065 0.067 0.147 
   2   (0.056) 0.020 0.014 0.015 0.274 
   3   (0.067) 0.011 0.166 0.018 0.037 
   4   (0.076) 0.166 0.019 0.021 0.084 
   5   (0.109) 0.353 0.028 0.102 0.054 
   6   (0.123) 0.019 0.143 0.252 0.101 
   7   (0.049) 0.011 0.012 0.014 0.170 
   8   (0.098) 0.090 0.025 0.099 0.080 
   9   (0.050) 0.235 0.013 0.014 0.011 
  10   (0.076) 0.012 0.206 0.093 0.011 
  11   (0.084) 0.013 0.246 0.132 0.013 
  12   (0.063) 0.010 0.053 0.090 0.009 
  13   (0.041) 0.006 0.010 0.084 0.006 

Locus 88 : locus88 
22 alleles
0.0% missing data
   1   (0.061) 0.146 0.016 0.017 0.155 
   2   (0.037) 0.009 0.009 0.010 0.061 
   3   (0.056) 0.011 0.051 0.016 0.093 
   4   (0.036) 0.008 0.009 0.010 0.091 
   5   (0.075) 0.046 0.056 0.021 0.121 
   6   (0.071) 0.323 0.018 0.020 0.202 
   7   (0.049) 0.048 0.013 0.014 0.052 
   8   (0.049) 0.007 0.125 0.014 0.036 
   9   (0.070) 0.112 0.055 0.019 0.049 
  10   (0.032) 0.005 0.008 0.009 0.034 
  11   (0.053) 0.008 0.163 0.015 0.037 
  12   (0.041) 0.166 0.010 0.011 0.012 
  13   (0.032) 0.060 0.008 0.009 0.005 
  14   (0.035) 0.005 0.196 0.010 0.005 
  15   (0.053) 0.008 0.050 0.123 0.008 
  16   (0.037) 0.005 0.159 0.010 0.006 
  17   (0.032) 0.005 0.008 0.081 0.005 
  18   (0.034) 0.005 0.008 0.082 0.005 
  19   (0.039) 0.006 0.010 0.155 0.006 
  20   (0.038) 0.006 0.010 0.192 0.006 
  21   (0.036) 0.005 0.009 0.119 0.006 
  22   (0.032) 0.005 0.008 0.045 0.005 

Locus 89 : locus89 
17 alleles
0.0% missing data
   1   (0.041) 0.010 0.010 0.011 0.145 
   2   (0.058) 0.009 0.015 0.125 0.036 
   3   (0.066) 0.013 0.129 0.018 0.122 
   4   (0.081) 0.040 0.020 0.095 0.070 
   5   (0.102) 0.139 0.250 0.028 0.060 
   6   (0.066) 0.013 0.017 0.127 0.092 
   7   (0.077) 0.015 0.244 0.021 0.122 
   8   (0.044) 0.011 0.011 0.012 0.173 
   9   (0.066) 0.218 0.017 0.018 0.055 
  10   (0.108) 0.072 0.065 0.138 0.073 
  11   (0.067) 0.286 0.053 0.018 0.016 
  12   (0.033) 0.033 0.008 0.009 0.005 
  13   (0.040) 0.088 0.010 0.011 0.009 
  14   (0.035) 0.033 0.009 0.010 0.005 
  15   (0.037) 0.006 0.084 0.010 0.006 
  16   (0.034) 0.005 0.046 0.010 0.005 
  17   (0.046) 0.007 0.012 0.338 0.007 

Locus 90 : locus90 
18 alleles
0.0% missing data
   1   (0.094) 0.082 0.099 0.026 0.257 
   2   (0.059) 0.225 0.015 0.016 0.047 
   3   (0.034) 0.005 0.009 0.009 0.062 
   4   (0.055) 0.008 0.126 0.015 0.037 
   5   (0.035) 0.005 0.009 0.010 0.062 
   6   (0.058) 0.013 0.051 0.016 0.176 
   7   (0.097) 0.057 0.062 0.063 0.171 
   8   (0.061) 0.166 0.015 0.017 0.050 
   9   (0.063) 0.272 0.016 0.017 0.056 
  10   (0.085) 0.085 0.058 0.132 0.025 
  11   (0.055) 0.037 0.014 0.088 0.009 
  12   (0.079) 0.012 0.244 0.275 0.012 
  13   (0.042) 0.006 0.197 0.012 0.006 
  14   (0.049) 0.008 0.050 0.050 0.008 
  15   (0.035) 0.005 0.009 0.046 0.005 
  16   (0.031) 0.005 0.008 0.045 0.005 
  17   (0.037) 0.006 0.009 0.119 0.006 
  18   (0.032) 0.005 0.008 0.045 0.005 

Locus 91 : locus91 
17 alleles
0.0% missing data
   1   (0.059) 0.014 0.052 0.016 0.145 
   2   (0.042) 0.008 0.011 0.012 0.117 
   3   (0.063) 0.013 0.016 0.090 0.090 
   4   (0.043) 0.009 0.011 0.012 0.230 
   5   (0.047) 0.012 0.012 0.013 0.199 
   6   (0.038) 0.009 0.010 0.011 0.059 
   7   (0.055) 0.008 0.014 0.088 0.036 
   8   (0.077) 0.293 0.020 0.130 0.014 
   9   (0.077) 0.040 0.169 0.057 0.012 
  10   (0.041) 0.167 0.011 0.012 0.015 
  11   (0.043) 0.174 0.011 0.012 0.009 
  12   (0.067) 0.092 0.091 0.018 0.013 
  13   (0.085) 0.063 0.134 0.060 0.019 
  14   (0.078) 0.069 0.095 0.058 0.012 
  15   (0.084) 0.013 0.208 0.277 0.013 
  16   (0.065) 0.010 0.128 0.090 0.010 
  17   (0.035) 0.005 0.009 0.046 0.005 

Locus 92 : locus92 
19 alleles
0.0% missing data
   1   (0.040) 0.011 0.010 0.011 0.169 
   2   (0.042) 0.014 0.011 0.012 0.139 
   3   (0.036) 0.007 0.009 0.010 0.116 
   4   (0.037) 0.006 0.009 0.010 0.117 
   5   (0.040) 0.010 0.010 0.011 0.142 
   6   (0.032) 0.005 0.008 0.009 0.033 
   7   (0.039) 0.007 0.010 0.011 0.145 
   8   (0.100) 0.349 0.100 0.100 0.023 
   9   (0.060) 0.095 0.015 0.125 0.009 
  10   (0.080) 0.063 0.133 0.058 0.018 
  11   (0.091) 0.210 0.060 0.134 0.018 
  12   (0.048) 0.036 0.012 0.049 0.007 
  13   (0.059) 0.061 0.015 0.089 0.014 
  14   (0.064) 0.062 0.278 0.018 0.015 
  15   (0.081) 0.041 0.058 0.276 0.012 
  16   (0.051) 0.008 0.088 0.050 0.008 
  17   (0.036) 0.006 0.084 0.010 0.005 
  18   (0.030) 0.005 0.045 0.008 0.005 
  19   (0.033) 0.005 0.046 0.009 0.005 

Locus 93 : locus93 
19 alleles
0.0% missing data
   1   (0.034) 0.008 0.009 0.010 0.087 
   2   (0.068) 0.010 0.017 0.273 0.066 
   3   (0.039) 0.007 0.010 0.011 0.174 
   4   (0.088) 0.023 0.022 0.169 0.369 
   5   (0.035) 0.006 0.009 0.010 0.033 
   6   (0.061) 0.017 0.016 0.053 0.114 
   7   (0.049) 0.008 0.012 0.050 0.035 
   8   (0.070) 0.096 0.167 0.019 0.011 
   9   (0.046) 0.202 0.012 0.013 0.011 
  10   (0.038) 0.059 0.010 0.010 0.010 
  11   (0.095) 0.235 0.472 0.026 0.021 
  12   (0.050) 0.036 0.050 0.014 0.008 
  13   (0.062) 0.092 0.053 0.017 0.013 
  14   (0.039) 0.059 0.010 0.011 0.009 
  15   (0.053) 0.061 0.051 0.015 0.012 
  16   (0.054) 0.065 0.051 0.015 0.008 
  17   (0.041) 0.006 0.010 0.084 0.006 
  18   (0.038) 0.006 0.010 0.083 0.006 
  19   (0.039) 0.006 0.010 0.119 0.006 

Locus 94 : locus94 
17 alleles
0.0% missing data
   1   (0.076) 0.017 0.019 0.129 0.149 
   2   (0.119) 0.018 0.180 0.214 0.104 
   3   (0.074) 0.020 0.056 0.020 0.289 
   4   (0.072) 0.014 0.093 0.020 0.093 
   5   (0.076) 0.017 0.094 0.021 0.149 
   6   (0.131) 0.020 0.295 0.181 0.135 
   7   (0.049) 0.256 0.012 0.014 0.010 
   8   (0.046) 0.254 0.012 0.013 0.012 
   9   (0.049) 0.254 0.012 0.013 0.012 
  10   (0.035) 0.033 0.009 0.010 0.005 
  11   (0.041) 0.062 0.010 0.011 0.006 
  12   (0.040) 0.006 0.122 0.011 0.006 
  13   (0.037) 0.006 0.047 0.010 0.006 
  14   (0.043) 0.007 0.011 0.157 0.007 
  15   (0.043) 0.007 0.011 0.084 0.007 
  16   (0.033) 0.005 0.008 0.045 0.005 
  17   (0.035) 0.005 0.009 0.046 0.005 

Locus 95 : locus95 
20 alleles
0.0% missing data
   1   (0.041) 0.011 0.010 0.011 0.170 
   2   (0.040) 0.006 0.010 0.011 0.147 
   3   (0.041) 0.009 0.010 0.011 0.173 
   4   (0.040) 0.008 0.010 0.011 0.117 
   5   (0.038) 0.010 0.010 0.010 0.114 
   6   (0.038) 0.010 0.009 0.010 0.058 
   7   (0.036) 0.008 0.009 0.010 0.088 
   8   (0.040) 0.115 0.010 0.011 0.010 
   9   (0.116) 0.295 0.104 0.322 0.024 
  10   (0.038) 0.059 0.010 0.010 0.009 
  11   (0.086) 0.260 0.059 0.060 0.021 
  12   (0.090) 0.042 0.097 0.206 0.014 
  13   (0.062) 0.095 0.016 0.090 0.010 
  14   (0.073) 0.039 0.093 0.056 0.011 
  15   (0.041) 0.006 0.160 0.011 0.006 
  16   (0.035) 0.005 0.046 0.010 0.005 
  17   (0.035) 0.005 0.121 0.010 0.005 
  18   (0.041) 0.006 0.197 0.011 0.006 
  19   (0.036) 0.006 0.009 0.082 0.006 
  20   (0.035) 0.005 0.009 0.046 0.005 

Locus 96 : locus96 
20 alleles
0.0% missing data
   1   (0.064) 0.059 0.016 0.018 0.159 
   2   (0.076) 0.136 0.019 0.021 0.314 
   3   (0.062) 0.045 0.016 0.017 0.117 
   4   (0.037) 0.006 0.009 0.010 0.063 
   5   (0.059) 0.046 0.015 0.016 0.085 
   6   (0.063) 0.185 0.016 0.017 0.058 
   7   (0.038) 0.009 0.010 0.010 0.060 
   8   (0.062) 0.132 0.016 0.017 0.054 
   9   (0.046) 0.308 0.012 0.013 0.011 
  10   (0.050) 0.007 0.424 0.014 0.008 
  11   (0.042) 0.006 0.160 0.012 0.007 
  12   (0.058) 0.009 0.052 0.088 0.009 
  13   (0.038) 0.006 0.084 0.010 0.006 
  14   (0.034) 0.005 0.046 0.009 0.005 
  15   (0.055) 0.008 0.051 0.051 0.009 
  16   (0.044) 0.007 0.011 0.193 0.007 
  17   (0.043) 0.007 0.011 0.121 0.007 
  18   (0.046) 0.007 0.011 0.157 0.007 
  19   (0.043) 0.006 0.011 0.121 0.007 
  20   (0.041) 0.006 0.010 0.084 0.006 

Locus 97 : locus97 
21 alleles
0.0% missing data
   1   (0.079) 0.017 0.095 0.022 0.322 
   2   (0.073) 0.013 0.093 0.020 0.239 
   3   (0.065) 0.068 0.017 0.018 0.235 
   4   (0.064) 0.093 0.016 0.018 0.068 
   5   (0.052) 0.280 0.013 0.014 0.014 
   6   (0.044) 0.088 0.011 0.012 0.010 
   7   (0.042) 0.062 0.011 0.012 0.007 
   8   (0.036) 0.058 0.009 0.010 0.009 
   9   (0.055) 0.059 0.014 0.051 0.013 
  10   (0.036) 0.061 0.009 0.010 0.006 
  11   (0.044) 0.088 0.011 0.012 0.009 
  12   (0.043) 0.058 0.011 0.012 0.011 
  13   (0.054) 0.008 0.425 0.015 0.008 
  14   (0.040) 0.006 0.122 0.011 0.006 
  15   (0.034) 0.005 0.046 0.009 0.005 
  16   (0.038) 0.006 0.047 0.010 0.006 
  17   (0.050) 0.007 0.013 0.339 0.008 
  18   (0.042) 0.006 0.011 0.120 0.007 
  19   (0.032) 0.005 0.008 0.045 0.005 
  20   (0.041) 0.006 0.010 0.156 0.006 
  21   (0.036) 0.005 0.009 0.082 0.006 

Locus 98 : locus98 
23 alleles
0.0% missing data
   1   (0.034) 0.005 0.009 0.010 0.061 
   2   (0.097) 0.242 0.099 0.027 0.101 
   3   (0.058) 0.146 0.015 0.016 0.070 
   4   (0.037) 0.007 0.009 0.010 0.142 
   5   (0.039) 0.006 0.010 0.011 0.089 
   6   (0.059) 0.080 0.015 0.016 0.133 
   7   (0.040) 0.015 0.010 0.011 0.219 
   8   (0.063) 0.010 0.165 0.017 0.065 
   9   (0.034) 0.005 0.009 0.010 0.033 
  10   (0.062) 0.152 0.090 0.017 0.011 
  11   (0.058) 0.038 0.015 0.161 0.009 
  12   (0.030) 0.034 0.008 0.008 0.005 
  13   (0.039) 0.060 0.010 0.011 0.010 
  14   (0.029) 0.034 0.007 0.008 0.004 
  15   (0.036) 0.092 0.009 0.010 0.005 
  16   (0.031) 0.034 0.008 0.009 0.005 
  17   (0.046) 0.007 0.423 0.013 0.007 
  18   (0.032) 0.005 0.046 0.009 0.005 
  19   (0.037) 0.006 0.009 0.155 0.006 
  20   (0.039) 0.006 0.010 0.336 0.006 
  21   (0.033) 0.005 0.008 0.045 0.005 
  22   (0.034) 0.005 0.008 0.046 0.005 
  23   (0.033) 0.005 0.008 0.045 0.005 

Locus 99 : locus99 
16 alleles
0.0% missing data
   1   (0.094) 0.152 0.024 0.062 0.159 
   2   (0.057) 0.064 0.014 0.016 0.067 
   3   (0.054) 0.036 0.014 0.015 0.066 
   4   (0.064) 0.060 0.016 0.018 0.158 
   5   (0.045) 0.009 0.011 0.012 0.177 
   6   (0.087) 0.060 0.097 0.024 0.108 
   7   (0.092) 0.066 0.098 0.025 0.161 
   8   (0.049) 0.035 0.050 0.014 0.008 
   9   (0.082) 0.091 0.320 0.023 0.017 
  10   (0.072) 0.061 0.018 0.165 0.017 
  11   (0.068) 0.280 0.054 0.019 0.019 
  12   (0.069) 0.060 0.242 0.019 0.017 
  13   (0.044) 0.007 0.011 0.157 0.007 
  14   (0.045) 0.007 0.011 0.229 0.007 
  15   (0.039) 0.006 0.010 0.083 0.006 
  16   (0.041) 0.006 0.010 0.120 0.006 

Locus 100 : locus100 
22 alleles
0.0% missing data
   1   (0.046) 0.010 0.012 0.013 0.287 
   2   (0.050) 0.012 0.013 0.014 0.200 
   3   (0.074) 0.016 0.093 0.021 0.261 
   4   (0.067) 0.013 0.017 0.055 0.120 
   5   (0.048) 0.258 0.012 0.013 0.010 
   6   (0.045) 0.200 0.011 0.012 0.011 
   7   (0.048) 0.231 0.012 0.013 0.009 
   8   (0.040) 0.059 0.010 0.011 0.010 
   9   (0.048) 0.119 0.012 0.013 0.009 
  10   (0.047) 0.007 0.161 0.013 0.007 
  11   (0.043) 0.007 0.123 0.012 0.007 
  12   (0.041) 0.006 0.197 0.011 0.006 
  13   (0.043) 0.007 0.123 0.012 0.007 
  14   (0.040) 0.006 0.122 0.011 0.006 
  15   (0.037) 0.006 0.009 0.083 0.006 
  16   (0.047) 0.007 0.012 0.158 0.007 
  17   (0.045) 0.007 0.011 0.194 0.007 
  18   (0.041) 0.006 0.010 0.084 0.006 
  19   (0.041) 0.006 0.010 0.083 0.006 
  20   (0.036) 0.006 0.009 0.046 0.006 
  21   (0.033) 0.005 0.008 0.045 0.005 
  22   (0.040) 0.006 0.010 0.083 0.006 

Values of parameters used in structure:
DATAFILE=parentandhybrid4.str,	OUTFILE=parentandhybrid4Deme_1,	NUMINDS=50,	NUMLOCI=100,	MISSING=0,	LABEL=1,	POPDATA=0,	POPFLAG=0,	PHENOTYPE=0,	EXTRACOLS=0,	MAXPOPS=4,	BURNIN=200000,	NUMREPS=200000,	USEPOPINFO=0,	INFERALPHA=1,	INFERLAMBDA=0,	POPSPECIFICLAMBDA=0,	POPALPHAS=0,	COMPUTEPROB=1,	NOADMIX=0,	ADMBURNIN=500,	UPDATEFREQ=100,	PRINTLIKES=0,	INTERMEDSAVE=0,	PRINTKLD=0,	PRINTNET=1,	PRINTLAMBDA=1,	ANCESTDIST=0,	NUMBOXES=1000,	ANCESTPINT=0.90000,	GENSBACK=2,	MIGRPRIOR=0.01000,	PRINTQHAT=0,	PRINTQSUM=1,	ALPHA=1.0000,	FREQSCORR=1,	FPRIORMEAN=0.0100,	FPRIORSD=0.0500,	ONEFST=0,	LAMBDA=1.0000,	UNIFPRIORALPHA=1,	ALPHAMAX=10.0000,	ALPHAPRIORA=1.0000,	ALPHAPRIORB=2.0000,	ALPHAPROPSD=0.0250,	STARTATPOPINFO=0,	RANDOMIZE=1,	LINKAGE=0,	METROFREQ=10,	REPORTHITRATE=0,	MARKOVPHASE=0,	PHASED=0,	PLOIDY=2,	PHASEINFO=0	LOCPRIOR=0, 	LOCPRIORINIT=1.000000, 	LOCDATA=0, 	LOCISPOP=0, 	LOCPRIORSTEP=0.100000, 	MAXLOCPRIOR=20.000000, 	SEED=1658863765,	
[STRAT parameters]:    NUMSIMSTATS=1000,	PHENOTYPECOL=-9,	POOLFREQ=10,	LOCUSxONLY=0,	EMERROR=0.00100,	MISSINGPHENO=-9,	