

----------------------------------------------------
STRUCTURE by Pritchard, Stephens and Donnelly (2000)
     and Falush, Stephens and Pritchard (2003)
       Code by Pritchard, Falush and Hubisz
             Version 2.3.4 (Jul 2012)
----------------------------------------------------



Command line arguments:   /usr/local/bin/structure -i parentandhybrid4.str -m mainparams.txt -e extraparams.txt -K 4 -o parentandhybrid4Deme_2 
Input File:    parentandhybrid4.str

Run parameters:
   50 individuals
   100 loci
   4 populations assumed
   200000 Burn-in period
   200000 Reps


--------------------------------------------
Overall proportion of membership of the
sample in each of the 4 clusters

Inferred Clusters
  1      2      3      4    
0.299  0.200  0.200  0.301  

--------------------------------------------

Allele-freq. divergence among pops (Net nucleotide distance),
computed using point estimates of P.

      1       2       3       4      
 1      -    0.0989  0.1092  0.1126  
 2   0.0989     -    0.0840  0.1002  
 3   0.1092  0.0840     -    0.1068  
 4   0.1126  0.1002  0.1068     -    

Average distances (expected heterozygosity) between individuals in same cluster:
cluster  1  : 0.8350 
cluster  2  : 0.8688 
cluster  3  : 0.8580 
cluster  4  : 0.8357 

--------------------------------------------
Estimated Ln Prob of Data   = -22683.0
Mean value of ln likelihood = -21153.4
Variance of ln likelihood   = 3059.2
Mean value of alpha         = 0.0279

Mean value of Fst_1         = 0.1555
Mean value of Fst_2         = 0.1157
Mean value of Fst_3         = 0.1288
Mean value of Fst_4         = 0.1551


Inferred ancestry of individuals:
        Label (%Miss) :  Inferred clusters
  1       01    (0)   :  0.996 0.003 0.000 0.000 
  2       02    (0)   :  0.999 0.000 0.000 0.000 
  3       03    (0)   :  0.999 0.000 0.000 0.001 
  4       04    (0)   :  0.998 0.001 0.001 0.001 
  5       05    (0)   :  0.999 0.000 0.000 0.000 
  6       06    (0)   :  0.999 0.000 0.000 0.000 
  7       07    (0)   :  0.999 0.000 0.001 0.000 
  8       08    (0)   :  0.998 0.000 0.001 0.001 
  9       09    (0)   :  0.999 0.000 0.000 0.000 
 10       10    (0)   :  0.998 0.001 0.000 0.001 
 11       11    (0)   :  0.000 0.000 0.000 0.999 
 12       12    (0)   :  0.001 0.001 0.001 0.998 
 13       13    (0)   :  0.000 0.000 0.001 0.999 
 14       14    (0)   :  0.000 0.001 0.000 0.999 
 15       15    (0)   :  0.000 0.000 0.000 0.999 
 16       16    (0)   :  0.000 0.000 0.000 0.999 
 17       17    (0)   :  0.000 0.000 0.000 0.999 
 18       18    (0)   :  0.001 0.001 0.000 0.998 
 19       19    (0)   :  0.001 0.001 0.001 0.998 
 20       20    (0)   :  0.000 0.000 0.000 0.999 
 21      h01    (0)   :  0.482 0.000 0.000 0.518 
 22      h02    (0)   :  0.516 0.000 0.000 0.484 
 23      h03    (0)   :  0.503 0.000 0.000 0.496 
 24      h04    (0)   :  0.495 0.000 0.000 0.504 
 25      h05    (0)   :  0.510 0.000 0.000 0.489 
 26      h06    (0)   :  0.482 0.000 0.000 0.517 
 27      h07    (0)   :  0.484 0.000 0.000 0.516 
 28      h08    (0)   :  0.488 0.000 0.000 0.511 
 29      h09    (0)   :  0.509 0.000 0.000 0.491 
 30      h10    (0)   :  0.472 0.000 0.000 0.527 
 31       21    (0)   :  0.000 0.001 0.997 0.001 
 32       22    (0)   :  0.000 0.000 0.999 0.000 
 33       23    (0)   :  0.001 0.001 0.998 0.000 
 34       24    (0)   :  0.000 0.001 0.999 0.000 
 35       25    (0)   :  0.001 0.001 0.998 0.000 
 36       26    (0)   :  0.001 0.000 0.998 0.000 
 37       27    (0)   :  0.000 0.000 0.999 0.000 
 38       28    (0)   :  0.000 0.001 0.999 0.000 
 39       29    (0)   :  0.000 0.000 0.999 0.000 
 40       30    (0)   :  0.000 0.000 0.999 0.000 
 41       31    (0)   :  0.001 0.999 0.001 0.000 
 42       32    (0)   :  0.000 0.999 0.000 0.000 
 43       33    (0)   :  0.001 0.998 0.001 0.001 
 44       34    (0)   :  0.000 0.999 0.000 0.000 
 45       35    (0)   :  0.001 0.999 0.001 0.000 
 46       36    (0)   :  0.001 0.998 0.000 0.000 
 47       37    (0)   :  0.000 0.998 0.001 0.001 
 48       38    (0)   :  0.000 0.999 0.000 0.000 
 49       39    (0)   :  0.000 0.999 0.001 0.000 
 50       40    (0)   :  0.000 0.999 0.000 0.000 


Estimated Allele Frequencies in each cluster
First column gives estimated ancestral frequencies


Locus 1 : locus1 
18 alleles
0.0% missing data
   1   (0.075) 0.120 0.093 0.056 0.015 
   2   (0.059) 0.251 0.052 0.015 0.018 
   3   (0.064) 0.119 0.018 0.203 0.013 
   4   (0.100) 0.177 0.136 0.175 0.022 
   5   (0.031) 0.061 0.009 0.008 0.005 
   6   (0.093) 0.087 0.062 0.098 0.054 
   7   (0.057) 0.059 0.016 0.126 0.014 
   8   (0.031) 0.033 0.009 0.008 0.005 
   9   (0.033) 0.005 0.009 0.008 0.062 
  10   (0.037) 0.009 0.010 0.009 0.145 
  11   (0.068) 0.015 0.164 0.017 0.234 
  12   (0.048) 0.011 0.049 0.012 0.060 
  13   (0.050) 0.008 0.086 0.013 0.036 
  14   (0.061) 0.013 0.089 0.016 0.177 
  15   (0.037) 0.009 0.010 0.009 0.059 
  16   (0.031) 0.005 0.009 0.008 0.033 
  17   (0.070) 0.011 0.128 0.055 0.039 
  18   (0.055) 0.008 0.051 0.164 0.009 

Locus 2 : locus2 
25 alleles
0.0% missing data
   1   (0.038) 0.146 0.010 0.010 0.006 
   2   (0.032) 0.033 0.009 0.008 0.005 
   3   (0.038) 0.114 0.010 0.009 0.010 
   4   (0.036) 0.088 0.010 0.009 0.008 
   5   (0.034) 0.062 0.009 0.009 0.005 
   6   (0.038) 0.113 0.011 0.010 0.011 
   7   (0.058) 0.090 0.016 0.089 0.012 
   8   (0.027) 0.032 0.008 0.007 0.004 
   9   (0.036) 0.139 0.010 0.009 0.012 
  10   (0.031) 0.058 0.009 0.008 0.008 
  11   (0.037) 0.007 0.010 0.009 0.118 
  12   (0.061) 0.009 0.306 0.016 0.066 
  13   (0.072) 0.015 0.346 0.018 0.092 
  14   (0.056) 0.015 0.051 0.014 0.172 
  15   (0.033) 0.008 0.009 0.008 0.059 
  16   (0.037) 0.006 0.010 0.009 0.148 
  17   (0.036) 0.009 0.010 0.009 0.059 
  18   (0.040) 0.014 0.011 0.010 0.083 
  19   (0.035) 0.009 0.010 0.009 0.059 
  20   (0.031) 0.005 0.009 0.008 0.033 
  21   (0.039) 0.006 0.011 0.234 0.006 
  22   (0.041) 0.006 0.011 0.197 0.006 
  23   (0.037) 0.006 0.010 0.159 0.006 
  24   (0.038) 0.006 0.010 0.121 0.006 
  25   (0.038) 0.006 0.083 0.009 0.006 

Locus 3 : locus3 
14 alleles
0.0% missing data
   1   (0.114) 0.153 0.104 0.066 0.108 
   2   (0.073) 0.264 0.092 0.018 0.016 
   3   (0.149) 0.174 0.222 0.149 0.126 
   4   (0.088) 0.125 0.133 0.059 0.017 
   5   (0.038) 0.059 0.011 0.010 0.010 
   6   (0.076) 0.040 0.093 0.094 0.012 
   7   (0.096) 0.089 0.099 0.024 0.193 
   8   (0.049) 0.036 0.014 0.013 0.036 
   9   (0.041) 0.008 0.011 0.010 0.145 
  10   (0.067) 0.021 0.054 0.017 0.252 
  11   (0.034) 0.005 0.009 0.009 0.033 
  12   (0.065) 0.010 0.054 0.054 0.038 
  13   (0.076) 0.012 0.093 0.430 0.012 
  14   (0.034) 0.005 0.009 0.046 0.005 

Locus 4 : locus4 
16 alleles
0.0% missing data
   1   (0.086) 0.203 0.024 0.171 0.018 
   2   (0.136) 0.171 0.291 0.034 0.181 
   3   (0.091) 0.108 0.061 0.023 0.117 
   4   (0.125) 0.239 0.143 0.032 0.164 
   5   (0.043) 0.082 0.012 0.011 0.015 
   6   (0.043) 0.116 0.012 0.011 0.008 
   7   (0.052) 0.008 0.051 0.013 0.037 
   8   (0.043) 0.010 0.012 0.011 0.147 
   9   (0.083) 0.013 0.204 0.021 0.157 
  10   (0.045) 0.011 0.012 0.011 0.117 
  11   (0.044) 0.007 0.012 0.198 0.007 
  12   (0.040) 0.006 0.011 0.085 0.006 
  13   (0.041) 0.006 0.011 0.160 0.006 
  14   (0.040) 0.006 0.011 0.085 0.006 
  15   (0.044) 0.007 0.012 0.123 0.007 
  16   (0.042) 0.006 0.120 0.011 0.007 

Locus 5 : locus5 
21 alleles
0.0% missing data
   1   (0.070) 0.276 0.019 0.018 0.108 
   2   (0.045) 0.228 0.013 0.011 0.009 
   3   (0.035) 0.115 0.010 0.009 0.007 
   4   (0.032) 0.033 0.009 0.008 0.005 
   5   (0.045) 0.138 0.013 0.011 0.015 
   6   (0.036) 0.033 0.010 0.009 0.006 
   7   (0.039) 0.057 0.011 0.010 0.011 
   8   (0.042) 0.009 0.012 0.011 0.176 
   9   (0.064) 0.012 0.090 0.016 0.122 
  10   (0.043) 0.010 0.012 0.011 0.146 
  11   (0.039) 0.007 0.011 0.010 0.148 
  12   (0.038) 0.008 0.010 0.010 0.089 
  13   (0.039) 0.008 0.011 0.010 0.090 
  14   (0.058) 0.009 0.052 0.127 0.009 
  15   (0.066) 0.010 0.090 0.278 0.010 
  16   (0.065) 0.010 0.162 0.128 0.010 
  17   (0.058) 0.009 0.088 0.089 0.009 
  18   (0.039) 0.006 0.011 0.084 0.006 
  19   (0.070) 0.011 0.201 0.092 0.011 
  20   (0.031) 0.005 0.008 0.045 0.005 
  21   (0.044) 0.007 0.157 0.011 0.007 

Locus 6 : locus6 
23 alleles
0.0% missing data
   1   (0.035) 0.207 0.010 0.009 0.008 
   2   (0.030) 0.034 0.008 0.008 0.005 
   3   (0.037) 0.091 0.010 0.009 0.008 
   4   (0.082) 0.122 0.131 0.058 0.019 
   5   (0.059) 0.126 0.016 0.015 0.091 
   6   (0.047) 0.036 0.013 0.124 0.007 
   7   (0.058) 0.149 0.016 0.015 0.095 
   8   (0.029) 0.034 0.008 0.007 0.004 
   9   (0.055) 0.038 0.015 0.276 0.008 
  10   (0.035) 0.060 0.010 0.009 0.009 
  11   (0.043) 0.013 0.012 0.011 0.219 
  12   (0.039) 0.010 0.011 0.010 0.248 
  13   (0.038) 0.013 0.010 0.009 0.080 
  14   (0.033) 0.005 0.009 0.009 0.060 
  15   (0.033) 0.005 0.009 0.008 0.060 
  16   (0.031) 0.005 0.009 0.008 0.032 
  17   (0.046) 0.007 0.049 0.049 0.007 
  18   (0.032) 0.005 0.009 0.046 0.005 
  19   (0.058) 0.009 0.161 0.089 0.009 
  20   (0.072) 0.011 0.309 0.167 0.011 
  21   (0.046) 0.007 0.049 0.049 0.007 
  22   (0.032) 0.005 0.081 0.008 0.005 
  23   (0.031) 0.005 0.045 0.008 0.005 

Locus 7 : locus7 
23 alleles
0.0% missing data
   1   (0.047) 0.333 0.013 0.012 0.011 
   2   (0.039) 0.085 0.011 0.010 0.009 
   3   (0.036) 0.033 0.010 0.009 0.006 
   4   (0.050) 0.303 0.014 0.013 0.014 
   5   (0.061) 0.057 0.017 0.015 0.162 
   6   (0.035) 0.033 0.010 0.009 0.006 
   7   (0.053) 0.048 0.015 0.013 0.052 
   8   (0.048) 0.010 0.013 0.012 0.324 
   9   (0.034) 0.005 0.009 0.009 0.034 
  10   (0.039) 0.008 0.011 0.010 0.091 
  11   (0.041) 0.007 0.011 0.010 0.151 
  12   (0.034) 0.005 0.009 0.009 0.034 
  13   (0.037) 0.006 0.010 0.009 0.035 
  14   (0.047) 0.007 0.013 0.274 0.007 
  15   (0.034) 0.005 0.009 0.046 0.005 
  16   (0.033) 0.005 0.009 0.045 0.005 
  17   (0.072) 0.011 0.128 0.168 0.011 
  18   (0.041) 0.006 0.011 0.160 0.007 
  19   (0.056) 0.008 0.088 0.089 0.009 
  20   (0.033) 0.005 0.009 0.046 0.005 
  21   (0.042) 0.006 0.192 0.011 0.007 
  22   (0.046) 0.007 0.229 0.012 0.007 
  23   (0.041) 0.006 0.156 0.010 0.007 

Locus 8 : locus8 
26 alleles
0.0% missing data
   1   (0.039) 0.171 0.011 0.010 0.009 
   2   (0.038) 0.198 0.010 0.010 0.010 
   3   (0.039) 0.194 0.011 0.010 0.013 
   4   (0.031) 0.061 0.008 0.008 0.005 
   5   (0.028) 0.032 0.008 0.007 0.004 
   6   (0.036) 0.116 0.010 0.009 0.007 
   7   (0.033) 0.033 0.009 0.008 0.005 
   8   (0.047) 0.063 0.049 0.012 0.007 
   9   (0.054) 0.008 0.015 0.126 0.065 
  10   (0.035) 0.005 0.010 0.009 0.120 
  11   (0.035) 0.009 0.010 0.009 0.059 
  12   (0.041) 0.008 0.011 0.010 0.204 
  13   (0.059) 0.018 0.016 0.052 0.200 
  14   (0.065) 0.019 0.018 0.166 0.085 
  15   (0.034) 0.007 0.009 0.009 0.089 
  16   (0.034) 0.005 0.009 0.009 0.062 
  17   (0.035) 0.005 0.010 0.158 0.005 
  18   (0.030) 0.005 0.008 0.045 0.005 
  19   (0.035) 0.005 0.010 0.195 0.005 
  20   (0.031) 0.005 0.009 0.045 0.005 
  21   (0.045) 0.007 0.048 0.049 0.007 
  22   (0.037) 0.006 0.227 0.009 0.006 
  23   (0.032) 0.005 0.045 0.008 0.005 
  24   (0.033) 0.005 0.045 0.008 0.005 
  25   (0.038) 0.006 0.119 0.010 0.006 
  26   (0.038) 0.006 0.264 0.010 0.006 

Locus 9 : locus9 
18 alleles
0.0% missing data
   1   (0.048) 0.230 0.013 0.012 0.011 
   2   (0.051) 0.174 0.014 0.013 0.011 
   3   (0.047) 0.119 0.013 0.012 0.009 
   4   (0.057) 0.231 0.016 0.014 0.013 
   5   (0.047) 0.059 0.013 0.012 0.012 
   6   (0.063) 0.067 0.054 0.016 0.010 
   7   (0.055) 0.011 0.015 0.014 0.202 
   8   (0.058) 0.014 0.016 0.015 0.369 
   9   (0.053) 0.014 0.015 0.013 0.170 
  10   (0.044) 0.007 0.012 0.011 0.063 
  11   (0.042) 0.006 0.012 0.011 0.035 
  12   (0.039) 0.006 0.011 0.010 0.034 
  13   (0.092) 0.014 0.171 0.247 0.014 
  14   (0.046) 0.007 0.013 0.198 0.007 
  15   (0.082) 0.013 0.131 0.207 0.012 
  16   (0.093) 0.014 0.242 0.173 0.014 
  17   (0.044) 0.007 0.157 0.011 0.007 
  18   (0.039) 0.006 0.083 0.010 0.006 

Locus 10 : locus10 
27 alleles
0.0% missing data
   1   (0.054) 0.147 0.124 0.014 0.012 
   2   (0.046) 0.093 0.085 0.012 0.007 
   3   (0.048) 0.120 0.049 0.012 0.009 
   4   (0.057) 0.116 0.016 0.201 0.015 
   5   (0.045) 0.060 0.049 0.011 0.011 
   6   (0.042) 0.035 0.048 0.011 0.006 
   7   (0.049) 0.060 0.014 0.125 0.012 
   8   (0.048) 0.093 0.049 0.012 0.007 
   9   (0.037) 0.172 0.010 0.009 0.010 
  10   (0.035) 0.009 0.010 0.009 0.142 
  11   (0.028) 0.004 0.008 0.007 0.032 
  12   (0.033) 0.009 0.009 0.008 0.169 
  13   (0.034) 0.007 0.010 0.009 0.199 
  14   (0.031) 0.007 0.009 0.008 0.087 
  15   (0.032) 0.008 0.009 0.008 0.057 
  16   (0.027) 0.004 0.007 0.007 0.032 
  17   (0.032) 0.006 0.009 0.008 0.115 
  18   (0.029) 0.004 0.008 0.007 0.032 
  19   (0.031) 0.005 0.009 0.045 0.005 
  20   (0.029) 0.004 0.008 0.157 0.004 
  21   (0.054) 0.008 0.087 0.201 0.008 
  22   (0.030) 0.005 0.008 0.045 0.005 
  23   (0.030) 0.005 0.008 0.045 0.005 
  24   (0.032) 0.005 0.117 0.008 0.005 
  25   (0.033) 0.005 0.117 0.008 0.005 
  26   (0.031) 0.005 0.081 0.008 0.005 
  27   (0.024) 0.004 0.043 0.006 0.004 

Locus 11 : locus11 
27 alleles
0.0% missing data
   1   (0.059) 0.091 0.016 0.127 0.012 
   2   (0.058) 0.344 0.052 0.015 0.013 
   3   (0.036) 0.199 0.010 0.009 0.009 
   4   (0.031) 0.083 0.009 0.008 0.011 
   5   (0.029) 0.033 0.008 0.007 0.004 
   6   (0.030) 0.089 0.008 0.008 0.005 
   7   (0.044) 0.035 0.048 0.011 0.007 
   8   (0.031) 0.005 0.009 0.008 0.061 
   9   (0.038) 0.011 0.011 0.010 0.227 
  10   (0.037) 0.006 0.010 0.009 0.119 
  11   (0.036) 0.008 0.010 0.009 0.229 
  12   (0.027) 0.004 0.008 0.007 0.032 
  13   (0.034) 0.012 0.009 0.009 0.083 
  14   (0.029) 0.004 0.008 0.007 0.033 
  15   (0.030) 0.005 0.008 0.008 0.033 
  16   (0.034) 0.009 0.009 0.009 0.058 
  17   (0.028) 0.004 0.008 0.044 0.004 
  18   (0.055) 0.008 0.087 0.201 0.008 
  19   (0.037) 0.006 0.010 0.196 0.006 
  20   (0.049) 0.008 0.086 0.087 0.008 
  21   (0.049) 0.007 0.158 0.049 0.008 
  22   (0.051) 0.008 0.087 0.125 0.008 
  23   (0.037) 0.006 0.155 0.009 0.006 
  24   (0.026) 0.004 0.043 0.006 0.004 
  25   (0.028) 0.004 0.044 0.007 0.004 
  26   (0.029) 0.005 0.044 0.007 0.005 
  27   (0.028) 0.004 0.044 0.007 0.004 

Locus 12 : locus12 
19 alleles
0.0% missing data
   1   (0.044) 0.228 0.012 0.011 0.010 
   2   (0.045) 0.286 0.012 0.011 0.010 
   3   (0.040) 0.088 0.011 0.010 0.008 
   4   (0.039) 0.058 0.011 0.010 0.010 
   5   (0.054) 0.060 0.051 0.014 0.013 
   6   (0.055) 0.065 0.051 0.014 0.009 
   7   (0.038) 0.058 0.011 0.010 0.009 
   8   (0.033) 0.033 0.009 0.008 0.005 
   9   (0.075) 0.015 0.057 0.056 0.093 
  10   (0.073) 0.016 0.020 0.093 0.346 
  11   (0.040) 0.010 0.011 0.010 0.115 
  12   (0.068) 0.014 0.019 0.092 0.176 
  13   (0.056) 0.009 0.016 0.164 0.065 
  14   (0.032) 0.005 0.009 0.008 0.033 
  15   (0.098) 0.022 0.136 0.174 0.065 
  16   (0.067) 0.010 0.091 0.204 0.010 
  17   (0.062) 0.010 0.126 0.090 0.010 
  18   (0.042) 0.006 0.229 0.011 0.006 
  19   (0.038) 0.006 0.119 0.009 0.006 

Locus 13 : locus13 
18 alleles
0.0% missing data
   1   (0.098) 0.120 0.063 0.212 0.024 
   2   (0.067) 0.351 0.019 0.053 0.013 
   3   (0.071) 0.093 0.020 0.205 0.015 
   4   (0.039) 0.059 0.011 0.010 0.010 
   5   (0.068) 0.151 0.019 0.092 0.012 
   6   (0.100) 0.121 0.172 0.063 0.024 
   7   (0.043) 0.009 0.012 0.011 0.199 
   8   (0.061) 0.013 0.053 0.016 0.202 
   9   (0.045) 0.012 0.013 0.011 0.169 
  10   (0.036) 0.006 0.010 0.009 0.089 
  11   (0.041) 0.011 0.011 0.010 0.113 
  12   (0.041) 0.009 0.011 0.010 0.087 
  13   (0.074) 0.012 0.201 0.168 0.011 
  14   (0.057) 0.009 0.124 0.052 0.009 
  15   (0.052) 0.008 0.087 0.050 0.008 
  16   (0.035) 0.005 0.082 0.009 0.005 
  17   (0.036) 0.006 0.046 0.009 0.005 
  18   (0.035) 0.005 0.046 0.009 0.005 

Locus 14 : locus14 
15 alleles
0.0% missing data
   1   (0.148) 0.174 0.150 0.112 0.208 
   2   (0.129) 0.402 0.289 0.033 0.095 
   3   (0.065) 0.062 0.127 0.017 0.015 
   4   (0.076) 0.055 0.021 0.094 0.053 
   5   (0.098) 0.062 0.135 0.025 0.219 
   6   (0.061) 0.067 0.017 0.127 0.009 
   7   (0.037) 0.059 0.010 0.009 0.009 
   8   (0.078) 0.064 0.094 0.057 0.018 
   9   (0.075) 0.018 0.021 0.131 0.282 
  10   (0.067) 0.011 0.019 0.241 0.066 
  11   (0.032) 0.005 0.009 0.045 0.005 
  12   (0.034) 0.005 0.010 0.046 0.005 
  13   (0.032) 0.005 0.009 0.045 0.005 
  14   (0.034) 0.005 0.045 0.008 0.005 
  15   (0.034) 0.005 0.046 0.009 0.005 

Locus 15 : locus15 
13 alleles
0.0% missing data
   1   (0.063) 0.231 0.053 0.016 0.014 
   2   (0.062) 0.250 0.017 0.016 0.051 
   3   (0.078) 0.137 0.022 0.057 0.056 
   4   (0.061) 0.094 0.017 0.016 0.094 
   5   (0.134) 0.057 0.254 0.146 0.125 
   6   (0.093) 0.067 0.026 0.136 0.159 
   7   (0.076) 0.053 0.021 0.094 0.055 
   8   (0.084) 0.041 0.168 0.096 0.013 
   9   (0.111) 0.022 0.211 0.102 0.239 
  10   (0.066) 0.016 0.018 0.092 0.117 
  11   (0.082) 0.019 0.059 0.132 0.063 
  12   (0.058) 0.009 0.088 0.089 0.009 
  13   (0.033) 0.005 0.045 0.009 0.005 

Locus 16 : locus16 
23 alleles
0.0% missing data
   1   (0.043) 0.343 0.012 0.011 0.009 
   2   (0.082) 0.117 0.276 0.021 0.021 
   3   (0.041) 0.173 0.011 0.010 0.009 
   4   (0.036) 0.058 0.010 0.009 0.009 
   5   (0.034) 0.034 0.010 0.009 0.005 
   6   (0.033) 0.033 0.009 0.008 0.005 
   7   (0.033) 0.033 0.009 0.008 0.005 
   8   (0.054) 0.090 0.051 0.014 0.011 
   9   (0.059) 0.009 0.052 0.015 0.122 
  10   (0.037) 0.007 0.010 0.009 0.146 
  11   (0.065) 0.012 0.126 0.016 0.149 
  12   (0.044) 0.012 0.012 0.011 0.227 
  13   (0.044) 0.012 0.012 0.011 0.114 
  14   (0.060) 0.015 0.052 0.015 0.116 
  15   (0.037) 0.006 0.010 0.159 0.006 
  16   (0.040) 0.006 0.011 0.122 0.006 
  17   (0.042) 0.007 0.012 0.160 0.007 
  18   (0.038) 0.006 0.011 0.159 0.006 
  19   (0.034) 0.005 0.009 0.083 0.005 
  20   (0.031) 0.005 0.009 0.045 0.005 
  21   (0.038) 0.006 0.010 0.084 0.006 
  22   (0.046) 0.007 0.230 0.012 0.007 
  23   (0.030) 0.005 0.045 0.008 0.005 

Locus 17 : locus17 
15 alleles
0.0% missing data
   1   (0.165) 0.406 0.081 0.191 0.108 
   2   (0.093) 0.246 0.026 0.023 0.314 
   3   (0.068) 0.099 0.019 0.092 0.010 
   4   (0.056) 0.038 0.015 0.052 0.008 
   5   (0.040) 0.065 0.011 0.010 0.006 
   6   (0.038) 0.036 0.011 0.010 0.006 
   7   (0.079) 0.015 0.022 0.132 0.146 
   8   (0.093) 0.017 0.026 0.248 0.175 
   9   (0.052) 0.028 0.014 0.013 0.124 
  10   (0.100) 0.016 0.209 0.063 0.070 
  11   (0.046) 0.007 0.013 0.124 0.007 
  12   (0.044) 0.007 0.120 0.011 0.007 
  13   (0.041) 0.006 0.084 0.010 0.006 
  14   (0.050) 0.008 0.303 0.013 0.007 
  15   (0.036) 0.006 0.046 0.009 0.005 

Locus 18 : locus18 
22 alleles
0.0% missing data
   1   (0.065) 0.266 0.018 0.053 0.011 
   2   (0.040) 0.060 0.011 0.010 0.010 
   3   (0.043) 0.059 0.012 0.011 0.011 
   4   (0.077) 0.231 0.021 0.094 0.020 
   5   (0.032) 0.033 0.009 0.008 0.005 
   6   (0.048) 0.141 0.013 0.012 0.015 
   7   (0.074) 0.097 0.020 0.168 0.011 
   8   (0.048) 0.010 0.013 0.012 0.312 
   9   (0.041) 0.010 0.011 0.010 0.143 
  10   (0.044) 0.010 0.012 0.011 0.172 
  11   (0.038) 0.008 0.011 0.010 0.087 
  12   (0.042) 0.009 0.012 0.011 0.088 
  13   (0.038) 0.009 0.010 0.010 0.058 
  14   (0.043) 0.007 0.012 0.160 0.007 
  15   (0.040) 0.006 0.011 0.160 0.006 
  16   (0.044) 0.007 0.012 0.198 0.007 
  17   (0.048) 0.007 0.231 0.012 0.007 
  18   (0.044) 0.007 0.193 0.011 0.007 
  19   (0.038) 0.006 0.047 0.010 0.006 
  20   (0.037) 0.006 0.046 0.009 0.006 
  21   (0.039) 0.006 0.155 0.010 0.006 
  22   (0.038) 0.006 0.119 0.010 0.006 

Locus 19 : locus19 
24 alleles
0.0% missing data
   1   (0.027) 0.032 0.008 0.007 0.004 
   2   (0.047) 0.455 0.013 0.012 0.012 
   3   (0.040) 0.174 0.011 0.010 0.007 
   4   (0.051) 0.036 0.050 0.013 0.008 
   5   (0.033) 0.088 0.009 0.008 0.007 
   6   (0.067) 0.090 0.019 0.017 0.127 
   7   (0.051) 0.012 0.014 0.013 0.397 
   8   (0.039) 0.008 0.011 0.010 0.088 
   9   (0.062) 0.012 0.053 0.016 0.120 
  10   (0.056) 0.009 0.052 0.014 0.037 
  11   (0.036) 0.008 0.010 0.009 0.088 
  12   (0.032) 0.005 0.009 0.008 0.033 
  13   (0.040) 0.006 0.011 0.159 0.006 
  14   (0.038) 0.006 0.011 0.122 0.006 
  15   (0.044) 0.007 0.012 0.235 0.007 
  16   (0.031) 0.005 0.009 0.045 0.005 
  17   (0.031) 0.005 0.009 0.045 0.005 
  18   (0.043) 0.007 0.012 0.123 0.007 
  19   (0.038) 0.006 0.010 0.084 0.006 
  20   (0.045) 0.007 0.265 0.012 0.007 
  21   (0.040) 0.006 0.156 0.010 0.006 
  22   (0.037) 0.006 0.082 0.009 0.006 
  23   (0.036) 0.005 0.082 0.009 0.005 
  24   (0.036) 0.006 0.082 0.009 0.006 

Locus 20 : locus20 
24 alleles
0.0% missing data
   1   (0.038) 0.197 0.011 0.010 0.007 
   2   (0.036) 0.114 0.010 0.009 0.008 
   3   (0.059) 0.058 0.016 0.015 0.218 
   4   (0.051) 0.048 0.014 0.013 0.052 
   5   (0.037) 0.056 0.010 0.009 0.010 
   6   (0.037) 0.085 0.010 0.009 0.008 
   7   (0.045) 0.161 0.012 0.011 0.018 
   8   (0.055) 0.077 0.015 0.014 0.081 
   9   (0.036) 0.057 0.010 0.009 0.010 
  10   (0.034) 0.056 0.009 0.009 0.009 
  11   (0.033) 0.005 0.009 0.008 0.034 
  12   (0.046) 0.011 0.013 0.012 0.177 
  13   (0.036) 0.006 0.010 0.009 0.179 
  14   (0.037) 0.006 0.010 0.009 0.093 
  15   (0.030) 0.005 0.008 0.008 0.034 
  16   (0.057) 0.008 0.124 0.089 0.009 
  17   (0.058) 0.009 0.052 0.239 0.009 
  18   (0.064) 0.010 0.054 0.352 0.010 
  19   (0.033) 0.005 0.009 0.046 0.005 
  20   (0.032) 0.005 0.009 0.045 0.005 
  21   (0.031) 0.005 0.009 0.045 0.005 
  22   (0.046) 0.007 0.447 0.012 0.007 
  23   (0.031) 0.005 0.045 0.008 0.005 
  24   (0.037) 0.005 0.082 0.009 0.006 

Locus 21 : locus21 
27 alleles
0.0% missing data
   1   (0.028) 0.058 0.008 0.007 0.007 
   2   (0.037) 0.174 0.010 0.009 0.010 
   3   (0.062) 0.146 0.017 0.016 0.348 
   4   (0.038) 0.090 0.010 0.010 0.008 
   5   (0.030) 0.091 0.008 0.008 0.005 
   6   (0.049) 0.111 0.014 0.013 0.075 
   7   (0.032) 0.034 0.009 0.008 0.005 
   8   (0.063) 0.069 0.054 0.016 0.063 
   9   (0.025) 0.033 0.007 0.006 0.004 
  10   (0.047) 0.036 0.013 0.125 0.007 
  11   (0.036) 0.059 0.010 0.009 0.009 
  12   (0.030) 0.007 0.008 0.008 0.086 
  13   (0.031) 0.007 0.009 0.008 0.086 
  14   (0.053) 0.011 0.159 0.014 0.088 
  15   (0.053) 0.011 0.087 0.013 0.089 
  16   (0.035) 0.009 0.010 0.009 0.057 
  17   (0.032) 0.005 0.009 0.157 0.005 
  18   (0.034) 0.005 0.009 0.158 0.005 
  19   (0.027) 0.004 0.007 0.044 0.004 
  20   (0.030) 0.005 0.008 0.120 0.004 
  21   (0.032) 0.005 0.009 0.083 0.005 
  22   (0.029) 0.005 0.008 0.044 0.004 
  23   (0.033) 0.005 0.009 0.083 0.005 
  24   (0.037) 0.006 0.227 0.009 0.006 
  25   (0.038) 0.006 0.191 0.010 0.006 
  26   (0.028) 0.004 0.044 0.007 0.004 
  27   (0.031) 0.005 0.045 0.008 0.005 

Locus 22 : locus22 
21 alleles
0.0% missing data
   1   (0.046) 0.035 0.049 0.012 0.007 
   2   (0.051) 0.059 0.051 0.013 0.013 
   3   (0.033) 0.033 0.009 0.008 0.005 
   4   (0.037) 0.174 0.010 0.009 0.008 
   5   (0.043) 0.201 0.012 0.011 0.011 
   6   (0.036) 0.062 0.010 0.009 0.006 
   7   (0.059) 0.061 0.088 0.015 0.014 
   8   (0.035) 0.089 0.010 0.009 0.007 
   9   (0.038) 0.118 0.010 0.009 0.007 
  10   (0.057) 0.060 0.088 0.014 0.014 
  11   (0.041) 0.009 0.011 0.010 0.256 
  12   (0.097) 0.018 0.135 0.174 0.124 
  13   (0.097) 0.023 0.171 0.062 0.287 
  14   (0.058) 0.009 0.016 0.314 0.036 
  15   (0.054) 0.011 0.051 0.014 0.090 
  16   (0.034) 0.008 0.009 0.008 0.058 
  17   (0.030) 0.005 0.008 0.008 0.033 
  18   (0.041) 0.006 0.011 0.197 0.006 
  19   (0.032) 0.005 0.009 0.045 0.005 
  20   (0.045) 0.007 0.048 0.049 0.007 
  21   (0.037) 0.006 0.191 0.009 0.006 

Locus 23 : locus23 
23 alleles
0.0% missing data
   1   (0.066) 0.117 0.091 0.017 0.017 
   2   (0.060) 0.154 0.017 0.015 0.061 
   3   (0.043) 0.115 0.012 0.011 0.011 
   4   (0.039) 0.063 0.011 0.010 0.006 
   5   (0.068) 0.181 0.019 0.017 0.177 
   6   (0.034) 0.062 0.009 0.009 0.005 
   7   (0.050) 0.050 0.014 0.013 0.050 
   8   (0.037) 0.058 0.010 0.009 0.009 
   9   (0.051) 0.065 0.014 0.013 0.036 
  10   (0.057) 0.053 0.016 0.015 0.134 
  11   (0.043) 0.009 0.012 0.011 0.285 
  12   (0.040) 0.009 0.011 0.010 0.144 
  13   (0.042) 0.007 0.012 0.235 0.007 
  14   (0.042) 0.007 0.012 0.309 0.007 
  15   (0.038) 0.006 0.011 0.084 0.006 
  16   (0.036) 0.006 0.010 0.084 0.006 
  17   (0.036) 0.006 0.010 0.084 0.006 
  18   (0.047) 0.007 0.302 0.012 0.007 
  19   (0.033) 0.005 0.081 0.008 0.005 
  20   (0.031) 0.005 0.045 0.008 0.005 
  21   (0.031) 0.005 0.045 0.008 0.005 
  22   (0.035) 0.005 0.046 0.009 0.005 
  23   (0.040) 0.006 0.191 0.010 0.006 

Locus 24 : locus24 
26 alleles
0.0% missing data
   1   (0.057) 0.115 0.088 0.014 0.015 
   2   (0.070) 0.237 0.019 0.279 0.012 
   3   (0.053) 0.093 0.015 0.163 0.008 
   4   (0.053) 0.145 0.015 0.088 0.012 
   5   (0.052) 0.173 0.015 0.050 0.014 
   6   (0.034) 0.058 0.009 0.009 0.009 
   7   (0.049) 0.059 0.050 0.012 0.012 
   8   (0.054) 0.011 0.015 0.089 0.119 
   9   (0.034) 0.007 0.010 0.009 0.200 
  10   (0.034) 0.008 0.009 0.009 0.143 
  11   (0.052) 0.016 0.014 0.050 0.140 
  12   (0.030) 0.005 0.008 0.008 0.061 
  13   (0.028) 0.004 0.008 0.007 0.032 
  14   (0.030) 0.005 0.008 0.008 0.061 
  15   (0.029) 0.008 0.008 0.007 0.057 
  16   (0.033) 0.008 0.009 0.008 0.058 
  17   (0.031) 0.005 0.008 0.083 0.005 
  18   (0.031) 0.005 0.009 0.045 0.005 
  19   (0.038) 0.006 0.228 0.010 0.006 
  20   (0.026) 0.004 0.043 0.007 0.004 
  21   (0.032) 0.005 0.081 0.008 0.005 
  22   (0.028) 0.004 0.044 0.007 0.004 
  23   (0.028) 0.004 0.044 0.007 0.004 
  24   (0.028) 0.004 0.044 0.007 0.004 
  25   (0.032) 0.005 0.045 0.008 0.005 
  26   (0.033) 0.005 0.154 0.008 0.005 

Locus 25 : locus25 
24 alleles
0.0% missing data
   1   (0.068) 0.146 0.019 0.166 0.016 
   2   (0.032) 0.033 0.009 0.008 0.005 
   3   (0.040) 0.199 0.011 0.010 0.010 
   4   (0.100) 0.233 0.028 0.137 0.106 
   5   (0.051) 0.036 0.014 0.088 0.008 
   6   (0.034) 0.062 0.010 0.009 0.005 
   7   (0.085) 0.065 0.024 0.209 0.158 
   8   (0.033) 0.088 0.009 0.008 0.007 
   9   (0.052) 0.050 0.014 0.013 0.051 
  10   (0.039) 0.009 0.011 0.010 0.145 
  11   (0.036) 0.007 0.010 0.009 0.117 
  12   (0.038) 0.007 0.011 0.010 0.146 
  13   (0.029) 0.005 0.008 0.007 0.061 
  14   (0.040) 0.011 0.011 0.010 0.114 
  15   (0.036) 0.005 0.010 0.196 0.006 
  16   (0.031) 0.005 0.009 0.045 0.005 
  17   (0.031) 0.005 0.080 0.008 0.005 
  18   (0.029) 0.004 0.044 0.007 0.004 
  19   (0.038) 0.006 0.227 0.010 0.006 
  20   (0.029) 0.004 0.080 0.007 0.004 
  21   (0.038) 0.006 0.119 0.010 0.006 
  22   (0.028) 0.004 0.044 0.007 0.004 
  23   (0.034) 0.005 0.154 0.009 0.005 
  24   (0.029) 0.004 0.044 0.007 0.005 

Locus 26 : locus26 
22 alleles
0.0% missing data
   1   (0.056) 0.116 0.051 0.014 0.014 
   2   (0.036) 0.089 0.010 0.009 0.008 
   3   (0.040) 0.147 0.011 0.010 0.008 
   4   (0.034) 0.034 0.009 0.009 0.005 
   5   (0.040) 0.145 0.011 0.010 0.009 
   6   (0.036) 0.089 0.010 0.009 0.008 
   7   (0.031) 0.033 0.009 0.008 0.005 
   8   (0.037) 0.063 0.010 0.009 0.006 
   9   (0.042) 0.141 0.011 0.011 0.014 
  10   (0.037) 0.034 0.010 0.009 0.006 
  11   (0.044) 0.010 0.012 0.011 0.283 
  12   (0.038) 0.008 0.010 0.010 0.172 
  13   (0.084) 0.013 0.096 0.209 0.040 
  14   (0.043) 0.010 0.012 0.011 0.172 
  15   (0.037) 0.007 0.010 0.010 0.116 
  16   (0.037) 0.010 0.010 0.009 0.058 
  17   (0.032) 0.005 0.009 0.008 0.033 
  18   (0.062) 0.010 0.125 0.090 0.009 
  19   (0.051) 0.008 0.050 0.050 0.008 
  20   (0.079) 0.012 0.311 0.244 0.012 
  21   (0.073) 0.011 0.201 0.205 0.011 
  22   (0.031) 0.005 0.009 0.045 0.005 

Locus 27 : locus27 
17 alleles
0.0% missing data
   1   (0.069) 0.095 0.019 0.018 0.179 
   2   (0.083) 0.060 0.023 0.058 0.191 
   3   (0.101) 0.251 0.064 0.026 0.203 
   4   (0.079) 0.097 0.022 0.431 0.012 
   5   (0.092) 0.179 0.026 0.098 0.075 
   6   (0.067) 0.110 0.019 0.017 0.109 
   7   (0.095) 0.065 0.026 0.174 0.105 
   8   (0.062) 0.061 0.090 0.016 0.015 
   9   (0.050) 0.036 0.050 0.013 0.008 
  10   (0.035) 0.006 0.010 0.009 0.033 
  11   (0.036) 0.006 0.010 0.009 0.034 
  12   (0.033) 0.005 0.009 0.046 0.005 
  13   (0.034) 0.005 0.009 0.046 0.005 
  14   (0.043) 0.007 0.192 0.011 0.007 
  15   (0.042) 0.006 0.156 0.011 0.006 
  16   (0.040) 0.006 0.156 0.010 0.006 
  17   (0.037) 0.006 0.119 0.010 0.006 

Locus 28 : locus28 
17 alleles
0.0% missing data
   1   (0.099) 0.197 0.244 0.025 0.030 
   2   (0.072) 0.038 0.274 0.018 0.011 
   3   (0.045) 0.146 0.012 0.011 0.009 
   4   (0.045) 0.089 0.013 0.011 0.010 
   5   (0.076) 0.139 0.093 0.019 0.024 
   6   (0.090) 0.042 0.061 0.284 0.014 
   7   (0.074) 0.062 0.020 0.205 0.017 
   8   (0.064) 0.115 0.018 0.016 0.046 
   9   (0.075) 0.067 0.021 0.243 0.012 
  10   (0.077) 0.053 0.021 0.019 0.368 
  11   (0.040) 0.010 0.011 0.010 0.059 
  12   (0.049) 0.010 0.014 0.013 0.289 
  13   (0.042) 0.010 0.012 0.011 0.059 
  14   (0.038) 0.006 0.011 0.010 0.034 
  15   (0.033) 0.005 0.009 0.046 0.005 
  16   (0.036) 0.006 0.010 0.046 0.006 
  17   (0.045) 0.007 0.157 0.011 0.007 

Locus 29 : locus29 
15 alleles
0.0% missing data
   1   (0.082) 0.118 0.095 0.021 0.103 
   2   (0.061) 0.062 0.162 0.015 0.015 
   3   (0.034) 0.064 0.009 0.008 0.005 
   4   (0.034) 0.123 0.010 0.009 0.005 
   5   (0.080) 0.176 0.094 0.020 0.051 
   6   (0.114) 0.157 0.104 0.216 0.051 
   7   (0.060) 0.039 0.017 0.053 0.036 
   8   (0.085) 0.087 0.024 0.171 0.080 
   9   (0.056) 0.087 0.015 0.051 0.018 
  10   (0.088) 0.022 0.096 0.060 0.279 
  11   (0.103) 0.019 0.137 0.213 0.177 
  12   (0.050) 0.008 0.086 0.013 0.035 
  13   (0.083) 0.020 0.095 0.133 0.061 
  14   (0.038) 0.014 0.011 0.010 0.079 
  15   (0.031) 0.005 0.045 0.008 0.005 

Locus 30 : locus30 
22 alleles
0.0% missing data
   1   (0.061) 0.077 0.017 0.015 0.081 
   2   (0.079) 0.109 0.022 0.057 0.113 
   3   (0.059) 0.186 0.016 0.015 0.057 
   4   (0.070) 0.135 0.019 0.018 0.140 
   5   (0.050) 0.064 0.014 0.013 0.036 
   6   (0.032) 0.033 0.009 0.008 0.005 
   7   (0.040) 0.143 0.011 0.010 0.010 
   8   (0.036) 0.058 0.010 0.009 0.010 
   9   (0.065) 0.113 0.018 0.016 0.218 
  10   (0.036) 0.007 0.010 0.009 0.147 
  11   (0.036) 0.009 0.010 0.009 0.116 
  12   (0.063) 0.010 0.234 0.091 0.010 
  13   (0.039) 0.006 0.011 0.122 0.006 
  14   (0.040) 0.006 0.011 0.272 0.006 
  15   (0.036) 0.005 0.010 0.121 0.006 
  16   (0.036) 0.006 0.010 0.084 0.006 
  17   (0.036) 0.006 0.010 0.084 0.006 
  18   (0.036) 0.006 0.118 0.009 0.006 
  19   (0.040) 0.006 0.083 0.010 0.006 
  20   (0.038) 0.006 0.083 0.010 0.006 
  21   (0.042) 0.006 0.229 0.011 0.007 
  22   (0.031) 0.005 0.045 0.008 0.005 

Locus 31 : locus31 
21 alleles
0.0% missing data
   1   (0.078) 0.465 0.022 0.020 0.169 
   2   (0.052) 0.035 0.015 0.013 0.067 
   3   (0.069) 0.112 0.019 0.167 0.019 
   4   (0.072) 0.142 0.020 0.205 0.018 
   5   (0.088) 0.115 0.025 0.060 0.197 
   6   (0.050) 0.035 0.050 0.013 0.008 
   7   (0.039) 0.007 0.011 0.010 0.151 
   8   (0.064) 0.015 0.018 0.128 0.208 
   9   (0.038) 0.008 0.011 0.010 0.091 
  10   (0.037) 0.006 0.010 0.084 0.006 
  11   (0.036) 0.005 0.010 0.046 0.006 
  12   (0.066) 0.010 0.199 0.091 0.011 
  13   (0.034) 0.005 0.009 0.046 0.005 
  14   (0.034) 0.005 0.009 0.046 0.005 
  15   (0.038) 0.006 0.083 0.010 0.006 
  16   (0.030) 0.005 0.044 0.008 0.005 
  17   (0.036) 0.005 0.082 0.009 0.006 
  18   (0.037) 0.006 0.155 0.009 0.006 
  19   (0.034) 0.005 0.082 0.009 0.005 
  20   (0.035) 0.005 0.082 0.009 0.006 
  21   (0.032) 0.005 0.045 0.008 0.005 

Locus 32 : locus32 
15 alleles
0.0% missing data
   1   (0.091) 0.251 0.025 0.023 0.141 
   2   (0.052) 0.223 0.014 0.013 0.015 
   3   (0.088) 0.169 0.025 0.022 0.225 
   4   (0.049) 0.170 0.014 0.012 0.011 
   5   (0.039) 0.034 0.011 0.010 0.006 
   6   (0.141) 0.059 0.111 0.110 0.243 
   7   (0.093) 0.019 0.026 0.173 0.183 
   8   (0.042) 0.010 0.012 0.011 0.060 
   9   (0.075) 0.017 0.129 0.019 0.064 
  10   (0.046) 0.007 0.013 0.161 0.007 
  11   (0.052) 0.008 0.014 0.237 0.008 
  12   (0.082) 0.012 0.167 0.133 0.013 
  13   (0.056) 0.008 0.052 0.051 0.009 
  14   (0.051) 0.008 0.267 0.013 0.008 
  15   (0.044) 0.007 0.121 0.011 0.007 

Locus 33 : locus33 
22 alleles
0.0% missing data
   1   (0.040) 0.429 0.011 0.010 0.009 
   2   (0.051) 0.065 0.014 0.013 0.036 
   3   (0.032) 0.033 0.009 0.008 0.005 
   4   (0.034) 0.088 0.010 0.009 0.007 
   5   (0.039) 0.171 0.011 0.010 0.011 
   6   (0.033) 0.033 0.009 0.008 0.005 
   7   (0.056) 0.053 0.016 0.014 0.133 
   8   (0.039) 0.008 0.011 0.010 0.201 
   9   (0.036) 0.009 0.010 0.009 0.058 
  10   (0.044) 0.011 0.012 0.011 0.255 
  11   (0.035) 0.005 0.010 0.009 0.090 
  12   (0.038) 0.013 0.010 0.010 0.082 
  13   (0.032) 0.005 0.009 0.008 0.033 
  14   (0.057) 0.009 0.124 0.089 0.009 
  15   (0.071) 0.011 0.237 0.130 0.011 
  16   (0.047) 0.007 0.049 0.049 0.007 
  17   (0.053) 0.008 0.051 0.126 0.008 
  18   (0.035) 0.005 0.010 0.046 0.005 
  19   (0.062) 0.010 0.126 0.165 0.010 
  20   (0.057) 0.009 0.088 0.126 0.009 
  21   (0.049) 0.008 0.050 0.050 0.008 
  22   (0.057) 0.009 0.124 0.089 0.009 

Locus 34 : locus34 
18 alleles
0.0% missing data
   1   (0.095) 0.204 0.207 0.061 0.020 
   2   (0.069) 0.366 0.091 0.018 0.017 
   3   (0.039) 0.141 0.011 0.010 0.010 
   4   (0.113) 0.052 0.104 0.178 0.124 
   5   (0.089) 0.122 0.170 0.059 0.018 
   6   (0.090) 0.020 0.061 0.172 0.151 
   7   (0.036) 0.006 0.010 0.009 0.121 
   8   (0.066) 0.016 0.018 0.204 0.118 
   9   (0.058) 0.015 0.016 0.052 0.117 
  10   (0.040) 0.009 0.011 0.010 0.147 
  11   (0.037) 0.009 0.010 0.009 0.059 
  12   (0.047) 0.007 0.013 0.049 0.036 
  13   (0.032) 0.005 0.009 0.008 0.034 
  14   (0.053) 0.008 0.051 0.088 0.008 
  15   (0.032) 0.005 0.009 0.046 0.005 
  16   (0.034) 0.005 0.082 0.009 0.005 
  17   (0.033) 0.005 0.045 0.008 0.005 
  18   (0.036) 0.005 0.082 0.009 0.006 

Locus 35 : locus35 
21 alleles
0.0% missing data
   1   (0.043) 0.146 0.012 0.011 0.008 
   2   (0.086) 0.456 0.096 0.022 0.020 
   3   (0.089) 0.231 0.169 0.022 0.020 
   4   (0.064) 0.037 0.126 0.016 0.010 
   5   (0.039) 0.006 0.011 0.010 0.092 
   6   (0.042) 0.006 0.012 0.011 0.092 
   7   (0.043) 0.008 0.012 0.011 0.176 
   8   (0.049) 0.013 0.013 0.012 0.285 
   9   (0.043) 0.009 0.012 0.011 0.089 
  10   (0.042) 0.010 0.012 0.011 0.059 
  11   (0.044) 0.014 0.012 0.011 0.084 
  12   (0.043) 0.007 0.012 0.160 0.007 
  13   (0.044) 0.007 0.012 0.160 0.007 
  14   (0.046) 0.007 0.013 0.310 0.007 
  15   (0.037) 0.006 0.010 0.047 0.006 
  16   (0.046) 0.007 0.013 0.124 0.007 
  17   (0.046) 0.007 0.157 0.012 0.007 
  18   (0.042) 0.007 0.120 0.011 0.007 
  19   (0.037) 0.006 0.046 0.009 0.006 
  20   (0.037) 0.006 0.047 0.010 0.006 
  21   (0.038) 0.006 0.083 0.010 0.006 

Locus 36 : locus36 
20 alleles
0.0% missing data
   1   (0.077) 0.506 0.130 0.019 0.017 
   2   (0.059) 0.138 0.052 0.015 0.019 
   3   (0.110) 0.174 0.175 0.028 0.254 
   4   (0.076) 0.039 0.094 0.132 0.012 
   5   (0.050) 0.035 0.050 0.013 0.008 
   6   (0.066) 0.017 0.091 0.017 0.176 
   7   (0.036) 0.007 0.010 0.009 0.090 
   8   (0.055) 0.008 0.051 0.014 0.153 
   9   (0.052) 0.012 0.051 0.013 0.061 
  10   (0.061) 0.009 0.126 0.015 0.067 
  11   (0.054) 0.008 0.051 0.014 0.095 
  12   (0.035) 0.005 0.010 0.158 0.005 
  13   (0.035) 0.005 0.010 0.084 0.006 
  14   (0.037) 0.006 0.010 0.084 0.006 
  15   (0.031) 0.005 0.009 0.045 0.005 
  16   (0.036) 0.006 0.010 0.158 0.006 
  17   (0.031) 0.005 0.009 0.045 0.005 
  18   (0.035) 0.005 0.010 0.084 0.006 
  19   (0.032) 0.005 0.009 0.045 0.005 
  20   (0.031) 0.005 0.045 0.008 0.005 

Locus 37 : locus37 
24 alleles
0.0% missing data
   1   (0.053) 0.120 0.051 0.013 0.010 
   2   (0.057) 0.205 0.051 0.015 0.012 
   3   (0.034) 0.090 0.009 0.009 0.005 
   4   (0.034) 0.088 0.010 0.009 0.007 
   5   (0.063) 0.147 0.162 0.016 0.014 
   6   (0.046) 0.035 0.049 0.012 0.007 
   7   (0.061) 0.140 0.053 0.015 0.020 
   8   (0.033) 0.058 0.009 0.008 0.009 
   9   (0.052) 0.010 0.014 0.050 0.118 
  10   (0.033) 0.007 0.009 0.008 0.087 
  11   (0.038) 0.008 0.010 0.010 0.369 
  12   (0.034) 0.009 0.010 0.009 0.058 
  13   (0.045) 0.007 0.012 0.049 0.035 
  14   (0.029) 0.004 0.008 0.007 0.032 
  15   (0.077) 0.023 0.058 0.094 0.141 
  16   (0.047) 0.007 0.086 0.012 0.035 
  17   (0.029) 0.005 0.008 0.044 0.005 
  18   (0.031) 0.005 0.009 0.045 0.005 
  19   (0.034) 0.005 0.009 0.233 0.005 
  20   (0.035) 0.005 0.010 0.158 0.005 
  21   (0.033) 0.005 0.009 0.158 0.005 
  22   (0.034) 0.005 0.081 0.008 0.005 
  23   (0.035) 0.005 0.154 0.009 0.005 
  24   (0.033) 0.005 0.118 0.008 0.005 

Locus 38 : locus38 
15 alleles
0.0% missing data
   1   (0.152) 0.328 0.187 0.113 0.060 
   2   (0.073) 0.229 0.020 0.056 0.020 
   3   (0.171) 0.212 0.083 0.155 0.430 
   4   (0.064) 0.102 0.018 0.016 0.058 
   5   (0.079) 0.054 0.022 0.057 0.055 
   6   (0.050) 0.011 0.014 0.013 0.229 
   7   (0.064) 0.010 0.018 0.091 0.066 
   8   (0.055) 0.009 0.015 0.051 0.037 
   9   (0.041) 0.006 0.011 0.122 0.006 
  10   (0.045) 0.007 0.013 0.236 0.007 
  11   (0.037) 0.006 0.010 0.047 0.006 
  12   (0.041) 0.006 0.120 0.010 0.006 
  13   (0.039) 0.006 0.083 0.010 0.006 
  14   (0.050) 0.008 0.303 0.013 0.008 
  15   (0.040) 0.006 0.083 0.010 0.006 

Locus 39 : locus39 
20 alleles
0.0% missing data
   1   (0.079) 0.205 0.130 0.020 0.019 
   2   (0.067) 0.376 0.054 0.017 0.016 
   3   (0.065) 0.096 0.090 0.017 0.010 
   4   (0.077) 0.086 0.058 0.020 0.050 
   5   (0.078) 0.123 0.275 0.020 0.015 
   6   (0.064) 0.010 0.018 0.166 0.066 
   7   (0.050) 0.012 0.014 0.012 0.283 
   8   (0.044) 0.010 0.012 0.011 0.255 
   9   (0.045) 0.011 0.012 0.011 0.058 
  10   (0.066) 0.014 0.018 0.054 0.173 
  11   (0.033) 0.005 0.009 0.046 0.005 
  12   (0.043) 0.007 0.012 0.235 0.007 
  13   (0.038) 0.006 0.011 0.084 0.006 
  14   (0.041) 0.006 0.011 0.159 0.006 
  15   (0.037) 0.006 0.010 0.047 0.006 
  16   (0.032) 0.005 0.009 0.046 0.005 
  17   (0.036) 0.006 0.082 0.009 0.006 
  18   (0.033) 0.005 0.045 0.008 0.005 
  19   (0.036) 0.006 0.046 0.009 0.005 
  20   (0.037) 0.006 0.082 0.009 0.006 

Locus 40 : locus40 
17 alleles
0.0% missing data
   1   (0.074) 0.061 0.057 0.056 0.018 
   2   (0.045) 0.287 0.012 0.011 0.010 
   3   (0.045) 0.200 0.013 0.012 0.011 
   4   (0.075) 0.147 0.129 0.019 0.017 
   5   (0.063) 0.178 0.054 0.016 0.011 
   6   (0.041) 0.008 0.011 0.010 0.118 
   7   (0.087) 0.017 0.060 0.097 0.094 
   8   (0.050) 0.015 0.014 0.013 0.311 
   9   (0.042) 0.008 0.012 0.011 0.175 
  10   (0.065) 0.010 0.127 0.016 0.066 
  11   (0.053) 0.008 0.015 0.088 0.036 
  12   (0.086) 0.013 0.060 0.284 0.041 
  13   (0.091) 0.021 0.098 0.098 0.063 
  14   (0.072) 0.011 0.128 0.205 0.011 
  15   (0.034) 0.005 0.009 0.046 0.005 
  16   (0.044) 0.007 0.157 0.011 0.007 
  17   (0.033) 0.005 0.045 0.008 0.005 

Locus 41 : locus41 
16 alleles
0.0% missing data
   1   (0.110) 0.226 0.103 0.065 0.062 
   2   (0.062) 0.066 0.125 0.016 0.010 
   3   (0.099) 0.161 0.063 0.062 0.067 
   4   (0.064) 0.235 0.018 0.053 0.013 
   5   (0.122) 0.058 0.142 0.106 0.233 
   6   (0.056) 0.078 0.016 0.014 0.080 
   7   (0.112) 0.114 0.067 0.065 0.286 
   8   (0.035) 0.008 0.010 0.009 0.088 
   9   (0.062) 0.012 0.053 0.016 0.119 
  10   (0.038) 0.006 0.011 0.160 0.006 
  11   (0.040) 0.006 0.011 0.197 0.006 
  12   (0.039) 0.006 0.011 0.159 0.006 
  13   (0.049) 0.008 0.050 0.050 0.007 
  14   (0.041) 0.006 0.192 0.010 0.006 
  15   (0.036) 0.006 0.082 0.009 0.006 
  16   (0.033) 0.005 0.045 0.008 0.005 

Locus 42 : locus42 
22 alleles
0.0% missing data
   1   (0.049) 0.314 0.013 0.012 0.011 
   2   (0.046) 0.371 0.013 0.012 0.010 
   3   (0.049) 0.144 0.014 0.012 0.011 
   4   (0.034) 0.033 0.009 0.009 0.005 
   5   (0.033) 0.005 0.009 0.008 0.033 
   6   (0.043) 0.009 0.012 0.011 0.173 
   7   (0.036) 0.006 0.010 0.009 0.034 
   8   (0.053) 0.012 0.015 0.013 0.456 
   9   (0.046) 0.012 0.013 0.012 0.115 
  10   (0.035) 0.005 0.010 0.009 0.034 
  11   (0.036) 0.005 0.010 0.009 0.034 
  12   (0.071) 0.011 0.165 0.092 0.011 
  13   (0.077) 0.012 0.130 0.169 0.012 
  14   (0.037) 0.006 0.010 0.084 0.006 
  15   (0.086) 0.013 0.204 0.208 0.013 
  16   (0.038) 0.006 0.011 0.122 0.006 
  17   (0.040) 0.006 0.011 0.085 0.006 
  18   (0.036) 0.005 0.010 0.084 0.006 
  19   (0.042) 0.007 0.120 0.011 0.007 
  20   (0.036) 0.006 0.046 0.009 0.006 
  21   (0.044) 0.007 0.120 0.011 0.007 
  22   (0.034) 0.005 0.046 0.009 0.005 

Locus 43 : locus43 
22 alleles
0.0% missing data
   1   (0.038) 0.201 0.011 0.010 0.007 
   2   (0.039) 0.310 0.011 0.010 0.010 
   3   (0.032) 0.087 0.009 0.008 0.007 
   4   (0.035) 0.144 0.010 0.009 0.007 
   5   (0.056) 0.059 0.015 0.126 0.014 
   6   (0.033) 0.057 0.009 0.008 0.009 
   7   (0.057) 0.017 0.052 0.014 0.085 
   8   (0.089) 0.017 0.097 0.172 0.125 
   9   (0.035) 0.007 0.010 0.009 0.118 
  10   (0.083) 0.016 0.132 0.096 0.123 
  11   (0.060) 0.014 0.017 0.127 0.147 
  12   (0.052) 0.012 0.014 0.050 0.203 
  13   (0.029) 0.004 0.008 0.007 0.033 
  14   (0.050) 0.008 0.122 0.013 0.036 
  15   (0.075) 0.012 0.165 0.131 0.040 
  16   (0.027) 0.004 0.008 0.044 0.004 
  17   (0.035) 0.005 0.010 0.083 0.005 
  18   (0.043) 0.007 0.048 0.048 0.007 
  19   (0.032) 0.005 0.045 0.008 0.005 
  20   (0.035) 0.005 0.118 0.009 0.005 
  21   (0.034) 0.005 0.045 0.009 0.005 
  22   (0.032) 0.005 0.045 0.008 0.005 

Locus 44 : locus44 
16 alleles
0.0% missing data
   1   (0.108) 0.193 0.138 0.027 0.150 
   2   (0.076) 0.163 0.021 0.019 0.198 
   3   (0.119) 0.116 0.142 0.067 0.118 
   4   (0.102) 0.272 0.064 0.026 0.183 
   5   (0.069) 0.124 0.019 0.017 0.123 
   6   (0.057) 0.048 0.016 0.014 0.083 
   7   (0.065) 0.021 0.090 0.016 0.083 
   8   (0.075) 0.012 0.129 0.281 0.011 
   9   (0.038) 0.006 0.011 0.084 0.006 
  10   (0.040) 0.006 0.011 0.197 0.006 
  11   (0.053) 0.008 0.087 0.050 0.008 
  12   (0.033) 0.005 0.009 0.046 0.005 
  13   (0.034) 0.005 0.009 0.046 0.005 
  14   (0.052) 0.008 0.051 0.050 0.008 
  15   (0.033) 0.005 0.009 0.046 0.005 
  16   (0.044) 0.007 0.193 0.011 0.007 

Locus 45 : locus45 
23 alleles
0.0% missing data
   1   (0.066) 0.067 0.236 0.017 0.010 
   2   (0.043) 0.289 0.012 0.011 0.009 
   3   (0.057) 0.147 0.016 0.052 0.013 
   4   (0.064) 0.067 0.018 0.128 0.010 
   5   (0.073) 0.173 0.129 0.018 0.019 
   6   (0.033) 0.088 0.009 0.008 0.007 
   7   (0.053) 0.060 0.015 0.051 0.013 
   8   (0.048) 0.016 0.013 0.012 0.278 
   9   (0.042) 0.009 0.012 0.011 0.171 
  10   (0.071) 0.013 0.020 0.130 0.288 
  11   (0.035) 0.005 0.010 0.009 0.089 
  12   (0.032) 0.005 0.009 0.008 0.033 
  13   (0.032) 0.005 0.009 0.045 0.005 
  14   (0.037) 0.006 0.010 0.121 0.006 
  15   (0.033) 0.005 0.009 0.083 0.005 
  16   (0.031) 0.005 0.009 0.045 0.005 
  17   (0.035) 0.006 0.010 0.084 0.005 
  18   (0.038) 0.006 0.010 0.121 0.006 
  19   (0.044) 0.007 0.193 0.011 0.007 
  20   (0.031) 0.005 0.045 0.008 0.005 
  21   (0.034) 0.005 0.082 0.009 0.005 
  22   (0.033) 0.005 0.045 0.008 0.005 
  23   (0.036) 0.006 0.082 0.009 0.006 

Locus 46 : locus46 
15 alleles
0.0% missing data
   1   (0.157) 0.422 0.224 0.040 0.471 
   2   (0.062) 0.091 0.017 0.091 0.013 
   3   (0.088) 0.169 0.024 0.097 0.056 
   4   (0.083) 0.049 0.023 0.096 0.118 
   5   (0.117) 0.071 0.141 0.067 0.162 
   6   (0.038) 0.058 0.011 0.010 0.010 
   7   (0.081) 0.083 0.022 0.058 0.084 
   8   (0.075) 0.012 0.057 0.131 0.040 
   9   (0.036) 0.006 0.010 0.084 0.006 
  10   (0.036) 0.006 0.010 0.084 0.006 
  11   (0.038) 0.006 0.010 0.084 0.006 
  12   (0.035) 0.005 0.010 0.046 0.005 
  13   (0.055) 0.009 0.124 0.051 0.009 
  14   (0.067) 0.010 0.272 0.054 0.010 
  15   (0.032) 0.005 0.045 0.008 0.005 

Locus 47 : locus47 
22 alleles
0.0% missing data
   1   (0.035) 0.062 0.010 0.009 0.005 
   2   (0.042) 0.200 0.012 0.011 0.011 
   3   (0.034) 0.033 0.009 0.008 0.005 
   4   (0.045) 0.343 0.012 0.012 0.010 
   5   (0.051) 0.050 0.014 0.013 0.050 
   6   (0.033) 0.062 0.009 0.008 0.005 
   7   (0.038) 0.114 0.010 0.010 0.010 
   8   (0.060) 0.014 0.017 0.090 0.060 
   9   (0.069) 0.013 0.019 0.167 0.150 
  10   (0.062) 0.016 0.017 0.053 0.228 
  11   (0.041) 0.010 0.011 0.010 0.144 
  12   (0.058) 0.009 0.016 0.127 0.093 
  13   (0.067) 0.017 0.019 0.092 0.116 
  14   (0.060) 0.009 0.017 0.202 0.037 
  15   (0.034) 0.005 0.009 0.009 0.033 
  16   (0.031) 0.005 0.009 0.045 0.005 
  17   (0.031) 0.005 0.009 0.045 0.005 
  18   (0.046) 0.007 0.049 0.049 0.007 
  19   (0.042) 0.007 0.265 0.011 0.007 
  20   (0.046) 0.007 0.266 0.012 0.007 
  21   (0.037) 0.006 0.083 0.009 0.006 
  22   (0.037) 0.006 0.119 0.009 0.006 

Locus 48 : locus48 
16 alleles
0.0% missing data
   1   (0.048) 0.287 0.013 0.012 0.010 
   2   (0.050) 0.140 0.014 0.013 0.016 
   3   (0.043) 0.146 0.012 0.011 0.008 
   4   (0.062) 0.037 0.017 0.091 0.010 
   5   (0.063) 0.120 0.018 0.053 0.012 
   6   (0.047) 0.144 0.013 0.012 0.011 
   7   (0.073) 0.019 0.056 0.018 0.285 
   8   (0.093) 0.019 0.134 0.023 0.434 
   9   (0.097) 0.015 0.100 0.099 0.100 
  10   (0.128) 0.027 0.289 0.220 0.068 
  11   (0.059) 0.009 0.053 0.090 0.009 
  12   (0.038) 0.006 0.011 0.047 0.006 
  13   (0.075) 0.012 0.093 0.205 0.012 
  14   (0.041) 0.006 0.011 0.085 0.006 
  15   (0.041) 0.006 0.084 0.010 0.006 
  16   (0.042) 0.006 0.084 0.011 0.006 

Locus 49 : locus49 
16 alleles
0.0% missing data
   1   (0.063) 0.068 0.017 0.091 0.009 
   2   (0.094) 0.318 0.026 0.061 0.058 
   3   (0.077) 0.159 0.021 0.019 0.146 
   4   (0.078) 0.126 0.022 0.206 0.014 
   5   (0.114) 0.104 0.104 0.029 0.291 
   6   (0.087) 0.054 0.097 0.022 0.085 
   7   (0.078) 0.096 0.021 0.206 0.015 
   8   (0.080) 0.017 0.203 0.020 0.090 
   9   (0.049) 0.013 0.014 0.013 0.249 
  10   (0.042) 0.007 0.012 0.160 0.006 
  11   (0.040) 0.006 0.011 0.085 0.006 
  12   (0.036) 0.006 0.010 0.046 0.005 
  13   (0.040) 0.006 0.119 0.010 0.006 
  14   (0.044) 0.007 0.157 0.011 0.007 
  15   (0.036) 0.006 0.046 0.009 0.005 
  16   (0.042) 0.007 0.120 0.011 0.006 

Locus 50 : locus50 
18 alleles
0.0% missing data
   1   (0.075) 0.230 0.021 0.019 0.129 
   2   (0.074) 0.230 0.021 0.094 0.017 
   3   (0.061) 0.164 0.017 0.015 0.051 
   4   (0.122) 0.061 0.070 0.143 0.260 
   5   (0.057) 0.099 0.016 0.015 0.059 
   6   (0.060) 0.093 0.017 0.052 0.009 
   7   (0.034) 0.033 0.009 0.009 0.005 
   8   (0.041) 0.008 0.011 0.010 0.090 
   9   (0.097) 0.018 0.352 0.025 0.240 
  10   (0.077) 0.017 0.274 0.019 0.063 
  11   (0.035) 0.005 0.010 0.009 0.034 
  12   (0.039) 0.006 0.011 0.122 0.006 
  13   (0.041) 0.006 0.011 0.160 0.006 
  14   (0.038) 0.006 0.011 0.084 0.006 
  15   (0.039) 0.006 0.011 0.085 0.006 
  16   (0.037) 0.006 0.010 0.084 0.006 
  17   (0.031) 0.005 0.008 0.045 0.005 
  18   (0.042) 0.006 0.120 0.011 0.007 

Locus 51 : locus51 
19 alleles
0.0% missing data
   1   (0.064) 0.145 0.018 0.016 0.100 
   2   (0.089) 0.117 0.025 0.060 0.163 
   3   (0.036) 0.059 0.010 0.009 0.009 
   4   (0.059) 0.103 0.016 0.015 0.056 
   5   (0.038) 0.176 0.011 0.010 0.007 
   6   (0.080) 0.287 0.022 0.020 0.246 
   7   (0.065) 0.013 0.018 0.129 0.120 
   8   (0.061) 0.014 0.017 0.128 0.060 
   9   (0.041) 0.014 0.011 0.010 0.082 
  10   (0.069) 0.011 0.055 0.055 0.067 
  11   (0.056) 0.009 0.124 0.014 0.036 
  12   (0.052) 0.008 0.050 0.088 0.008 
  13   (0.042) 0.007 0.012 0.234 0.006 
  14   (0.059) 0.009 0.161 0.052 0.009 
  15   (0.037) 0.006 0.010 0.121 0.006 
  16   (0.033) 0.005 0.045 0.008 0.005 
  17   (0.038) 0.006 0.083 0.010 0.006 
  18   (0.045) 0.007 0.229 0.011 0.007 
  19   (0.036) 0.006 0.082 0.009 0.006 

Locus 52 : locus52 
21 alleles
0.0% missing data
   1   (0.044) 0.234 0.012 0.011 0.010 
   2   (0.051) 0.231 0.014 0.013 0.014 
   3   (0.069) 0.114 0.019 0.018 0.077 
   4   (0.076) 0.105 0.021 0.019 0.226 
   5   (0.041) 0.093 0.011 0.010 0.006 
   6   (0.041) 0.064 0.011 0.010 0.006 
   7   (0.061) 0.053 0.017 0.015 0.050 
   8   (0.054) 0.013 0.015 0.014 0.447 
   9   (0.073) 0.016 0.020 0.131 0.090 
  10   (0.039) 0.006 0.011 0.085 0.006 
  11   (0.036) 0.006 0.010 0.046 0.005 
  12   (0.049) 0.008 0.013 0.386 0.007 
  13   (0.037) 0.006 0.010 0.047 0.006 
  14   (0.042) 0.007 0.011 0.122 0.006 
  15   (0.041) 0.006 0.120 0.010 0.006 
  16   (0.043) 0.007 0.121 0.011 0.007 
  17   (0.038) 0.006 0.083 0.010 0.006 
  18   (0.036) 0.006 0.046 0.009 0.005 
  19   (0.039) 0.006 0.083 0.010 0.006 
  20   (0.046) 0.007 0.230 0.012 0.007 
  21   (0.044) 0.007 0.120 0.011 0.007 

Locus 53 : locus53 
17 alleles
0.0% missing data
   1   (0.124) 0.371 0.179 0.180 0.023 
   2   (0.085) 0.159 0.059 0.096 0.015 
   3   (0.092) 0.121 0.062 0.023 0.239 
   4   (0.064) 0.126 0.018 0.091 0.012 
   5   (0.126) 0.079 0.252 0.069 0.154 
   6   (0.077) 0.059 0.058 0.020 0.130 
   7   (0.075) 0.018 0.129 0.019 0.249 
   8   (0.037) 0.006 0.010 0.009 0.060 
   9   (0.040) 0.016 0.011 0.010 0.078 
  10   (0.034) 0.005 0.009 0.083 0.005 
  11   (0.038) 0.006 0.011 0.122 0.006 
  12   (0.038) 0.006 0.011 0.159 0.006 
  13   (0.031) 0.005 0.009 0.045 0.005 
  14   (0.034) 0.006 0.010 0.046 0.005 
  15   (0.037) 0.006 0.083 0.009 0.005 
  16   (0.032) 0.005 0.045 0.008 0.005 
  17   (0.034) 0.006 0.046 0.009 0.005 

Locus 54 : locus54 
17 alleles
0.0% missing data
   1   (0.053) 0.168 0.015 0.013 0.012 
   2   (0.062) 0.302 0.017 0.016 0.017 
   3   (0.053) 0.139 0.015 0.013 0.013 
   4   (0.040) 0.033 0.011 0.010 0.007 
   5   (0.045) 0.061 0.012 0.011 0.007 
   6   (0.081) 0.179 0.023 0.021 0.067 
   7   (0.049) 0.015 0.013 0.012 0.088 
   8   (0.048) 0.008 0.013 0.012 0.212 
   9   (0.091) 0.019 0.097 0.023 0.273 
  10   (0.088) 0.013 0.350 0.022 0.043 
  11   (0.050) 0.010 0.014 0.013 0.093 
  12   (0.084) 0.016 0.096 0.021 0.127 
  13   (0.053) 0.008 0.015 0.200 0.009 
  14   (0.054) 0.008 0.015 0.237 0.009 
  15   (0.038) 0.006 0.011 0.047 0.006 
  16   (0.052) 0.008 0.014 0.312 0.008 
  17   (0.057) 0.009 0.269 0.014 0.009 

Locus 55 : locus55 
21 alleles
0.0% missing data
   1   (0.040) 0.204 0.011 0.010 0.007 
   2   (0.040) 0.175 0.011 0.010 0.007 
   3   (0.039) 0.141 0.011 0.010 0.012 
   4   (0.040) 0.118 0.011 0.010 0.008 
   5   (0.031) 0.033 0.009 0.008 0.005 
   6   (0.041) 0.108 0.011 0.010 0.017 
   7   (0.040) 0.089 0.011 0.010 0.009 
   8   (0.038) 0.008 0.010 0.010 0.088 
   9   (0.040) 0.008 0.011 0.010 0.201 
  10   (0.083) 0.016 0.059 0.096 0.122 
  11   (0.058) 0.009 0.016 0.164 0.037 
  12   (0.073) 0.011 0.129 0.055 0.039 
  13   (0.073) 0.019 0.020 0.093 0.312 
  14   (0.034) 0.009 0.009 0.009 0.058 
  15   (0.056) 0.009 0.124 0.014 0.036 
  16   (0.035) 0.005 0.010 0.083 0.005 
  17   (0.071) 0.011 0.164 0.205 0.011 
  18   (0.035) 0.005 0.010 0.083 0.005 
  19   (0.067) 0.010 0.163 0.091 0.010 
  20   (0.032) 0.005 0.045 0.008 0.005 
  21   (0.036) 0.006 0.154 0.009 0.005 

Locus 56 : locus56 
25 alleles
0.0% missing data
   1   (0.045) 0.036 0.013 0.049 0.007 
   2   (0.049) 0.037 0.014 0.087 0.007 
   3   (0.056) 0.067 0.015 0.164 0.008 
   4   (0.051) 0.182 0.014 0.050 0.009 
   5   (0.035) 0.120 0.010 0.009 0.007 
   6   (0.058) 0.119 0.016 0.089 0.015 
   7   (0.050) 0.068 0.014 0.013 0.060 
   8   (0.052) 0.093 0.014 0.088 0.010 
   9   (0.056) 0.093 0.015 0.089 0.011 
  10   (0.036) 0.086 0.010 0.009 0.011 
  11   (0.035) 0.012 0.010 0.009 0.136 
  12   (0.034) 0.007 0.009 0.009 0.113 
  13   (0.041) 0.011 0.011 0.010 0.194 
  14   (0.037) 0.007 0.010 0.009 0.114 
  15   (0.036) 0.007 0.010 0.009 0.141 
  16   (0.033) 0.007 0.009 0.008 0.085 
  17   (0.030) 0.005 0.008 0.008 0.032 
  18   (0.031) 0.005 0.009 0.195 0.005 
  19   (0.028) 0.005 0.008 0.044 0.004 
  20   (0.036) 0.006 0.155 0.009 0.005 
  21   (0.035) 0.006 0.118 0.009 0.005 
  22   (0.034) 0.005 0.118 0.009 0.005 
  23   (0.035) 0.006 0.190 0.009 0.005 
  24   (0.038) 0.006 0.155 0.010 0.006 
  25   (0.030) 0.005 0.044 0.008 0.004 

Locus 57 : locus57 
22 alleles
0.0% missing data
   1   (0.050) 0.477 0.014 0.013 0.014 
   2   (0.038) 0.058 0.010 0.010 0.010 
   3   (0.035) 0.061 0.010 0.009 0.005 
   4   (0.042) 0.147 0.012 0.011 0.007 
   5   (0.042) 0.088 0.012 0.011 0.009 
   6   (0.033) 0.033 0.009 0.008 0.005 
   7   (0.091) 0.022 0.025 0.247 0.318 
   8   (0.077) 0.015 0.022 0.206 0.236 
   9   (0.051) 0.008 0.014 0.088 0.036 
  10   (0.042) 0.008 0.012 0.011 0.090 
  11   (0.061) 0.012 0.017 0.127 0.092 
  12   (0.062) 0.013 0.017 0.090 0.091 
  13   (0.033) 0.005 0.009 0.008 0.034 
  14   (0.031) 0.005 0.009 0.045 0.005 
  15   (0.035) 0.005 0.010 0.046 0.005 
  16   (0.042) 0.006 0.156 0.011 0.006 
  17   (0.042) 0.006 0.156 0.010 0.006 
  18   (0.039) 0.006 0.119 0.010 0.006 
  19   (0.040) 0.006 0.083 0.010 0.006 
  20   (0.042) 0.006 0.156 0.011 0.006 
  21   (0.035) 0.005 0.046 0.009 0.006 
  22   (0.039) 0.006 0.083 0.010 0.006 

Locus 58 : locus58 
9 alleles
0.0% missing data
   1   (0.087) 0.149 0.024 0.171 0.020 
   2   (0.124) 0.061 0.071 0.256 0.061 
   3   (0.069) 0.085 0.019 0.055 0.021 
   4   (0.183) 0.269 0.086 0.121 0.546 
   5   (0.216) 0.321 0.313 0.167 0.142 
   6   (0.117) 0.047 0.214 0.067 0.046 
   7   (0.098) 0.052 0.027 0.100 0.119 
   8   (0.056) 0.009 0.016 0.052 0.037 
   9   (0.050) 0.008 0.230 0.013 0.008 

Locus 59 : locus59 
20 alleles
0.0% missing data
   1   (0.042) 0.059 0.012 0.011 0.011 
   2   (0.043) 0.119 0.012 0.011 0.008 
   3   (0.048) 0.289 0.013 0.012 0.010 
   4   (0.069) 0.177 0.055 0.018 0.014 
   5   (0.045) 0.084 0.012 0.011 0.015 
   6   (0.070) 0.039 0.237 0.018 0.011 
   7   (0.041) 0.063 0.011 0.010 0.006 
   8   (0.042) 0.059 0.012 0.011 0.011 
   9   (0.070) 0.014 0.019 0.055 0.203 
  10   (0.054) 0.008 0.015 0.051 0.036 
  11   (0.084) 0.018 0.023 0.171 0.176 
  12   (0.049) 0.012 0.014 0.013 0.228 
  13   (0.047) 0.010 0.013 0.012 0.173 
  14   (0.041) 0.010 0.011 0.010 0.058 
  15   (0.038) 0.006 0.011 0.159 0.006 
  16   (0.048) 0.007 0.013 0.311 0.007 
  17   (0.036) 0.006 0.010 0.084 0.006 
  18   (0.040) 0.006 0.119 0.010 0.006 
  19   (0.047) 0.007 0.266 0.012 0.007 
  20   (0.046) 0.007 0.121 0.012 0.007 

Locus 60 : locus60 
17 alleles
0.0% missing data
   1   (0.074) 0.038 0.202 0.019 0.012 
   2   (0.080) 0.378 0.022 0.020 0.064 
   3   (0.088) 0.093 0.205 0.022 0.018 
   4   (0.054) 0.253 0.015 0.014 0.014 
   5   (0.044) 0.118 0.012 0.011 0.007 
   6   (0.081) 0.017 0.022 0.095 0.180 
   7   (0.049) 0.013 0.014 0.012 0.174 
   8   (0.099) 0.018 0.027 0.174 0.328 
   9   (0.046) 0.009 0.013 0.012 0.091 
  10   (0.079) 0.018 0.022 0.170 0.063 
  11   (0.050) 0.008 0.014 0.199 0.008 
  12   (0.038) 0.006 0.011 0.047 0.006 
  13   (0.042) 0.006 0.012 0.085 0.007 
  14   (0.039) 0.006 0.011 0.047 0.006 
  15   (0.040) 0.006 0.011 0.047 0.006 
  16   (0.048) 0.007 0.158 0.012 0.008 
  17   (0.050) 0.008 0.230 0.013 0.008 

Locus 61 : locus61 
22 alleles
0.0% missing data
   1   (0.054) 0.149 0.015 0.014 0.063 
   2   (0.065) 0.255 0.018 0.016 0.100 
   3   (0.053) 0.076 0.015 0.013 0.082 
   4   (0.059) 0.168 0.016 0.015 0.072 
   5   (0.070) 0.208 0.019 0.018 0.266 
   6   (0.056) 0.046 0.015 0.014 0.086 
   7   (0.036) 0.007 0.010 0.009 0.177 
   8   (0.030) 0.004 0.008 0.008 0.034 
   9   (0.030) 0.005 0.008 0.008 0.034 
  10   (0.034) 0.005 0.010 0.121 0.005 
  11   (0.051) 0.008 0.050 0.087 0.008 
  12   (0.071) 0.011 0.200 0.279 0.011 
  13   (0.033) 0.005 0.009 0.083 0.005 
  14   (0.056) 0.008 0.088 0.089 0.009 
  15   (0.047) 0.007 0.049 0.049 0.007 
  16   (0.054) 0.008 0.051 0.088 0.009 
  17   (0.048) 0.007 0.085 0.049 0.008 
  18   (0.033) 0.005 0.117 0.008 0.005 
  19   (0.030) 0.004 0.044 0.008 0.005 
  20   (0.028) 0.004 0.044 0.007 0.004 
  21   (0.031) 0.005 0.081 0.008 0.005 
  22   (0.032) 0.005 0.045 0.008 0.005 

Locus 62 : locus62 
23 alleles
0.0% missing data
   1   (0.080) 0.125 0.022 0.319 0.012 
   2   (0.038) 0.090 0.011 0.010 0.006 
   3   (0.041) 0.143 0.011 0.010 0.010 
   4   (0.042) 0.144 0.012 0.011 0.010 
   5   (0.036) 0.088 0.010 0.009 0.008 
   6   (0.042) 0.225 0.012 0.011 0.013 
   7   (0.036) 0.058 0.010 0.009 0.009 
   8   (0.061) 0.014 0.053 0.016 0.147 
   9   (0.045) 0.009 0.012 0.011 0.203 
  10   (0.039) 0.008 0.011 0.010 0.118 
  11   (0.041) 0.010 0.011 0.010 0.145 
  12   (0.067) 0.015 0.199 0.017 0.062 
  13   (0.034) 0.005 0.009 0.009 0.034 
  14   (0.067) 0.013 0.127 0.017 0.121 
  15   (0.039) 0.010 0.011 0.010 0.059 
  16   (0.036) 0.006 0.010 0.121 0.006 
  17   (0.038) 0.006 0.011 0.159 0.006 
  18   (0.032) 0.005 0.009 0.045 0.005 
  19   (0.038) 0.006 0.010 0.084 0.006 
  20   (0.034) 0.005 0.010 0.083 0.005 
  21   (0.038) 0.006 0.155 0.010 0.006 
  22   (0.043) 0.007 0.193 0.011 0.007 
  23   (0.033) 0.005 0.081 0.008 0.005 

Locus 63 : locus63 
20 alleles
0.0% missing data
   1   (0.052) 0.148 0.050 0.013 0.012 
   2   (0.108) 0.211 0.247 0.027 0.244 
   3   (0.082) 0.119 0.095 0.095 0.021 
   4   (0.069) 0.126 0.055 0.092 0.010 
   5   (0.122) 0.206 0.106 0.143 0.199 
   6   (0.030) 0.033 0.008 0.008 0.005 
   7   (0.108) 0.074 0.174 0.177 0.071 
   8   (0.031) 0.005 0.009 0.008 0.032 
   9   (0.027) 0.004 0.008 0.007 0.032 
  10   (0.037) 0.010 0.010 0.009 0.112 
  11   (0.029) 0.005 0.008 0.007 0.060 
  12   (0.038) 0.014 0.011 0.010 0.081 
  13   (0.031) 0.008 0.008 0.008 0.057 
  14   (0.026) 0.004 0.007 0.007 0.032 
  15   (0.034) 0.005 0.009 0.121 0.005 
  16   (0.038) 0.006 0.010 0.159 0.006 
  17   (0.045) 0.007 0.049 0.049 0.007 
  18   (0.030) 0.005 0.008 0.045 0.005 
  19   (0.033) 0.005 0.081 0.008 0.005 
  20   (0.030) 0.005 0.044 0.008 0.005 

Locus 64 : locus64 
21 alleles
0.0% missing data
   1   (0.079) 0.056 0.204 0.020 0.052 
   2   (0.038) 0.181 0.010 0.010 0.007 
   3   (0.088) 0.243 0.096 0.022 0.071 
   4   (0.033) 0.093 0.009 0.008 0.005 
   5   (0.057) 0.111 0.052 0.014 0.022 
   6   (0.086) 0.147 0.096 0.022 0.107 
   7   (0.047) 0.036 0.085 0.012 0.007 
   8   (0.047) 0.036 0.085 0.012 0.007 
   9   (0.039) 0.012 0.011 0.010 0.219 
  10   (0.037) 0.007 0.010 0.009 0.141 
  11   (0.037) 0.009 0.010 0.009 0.140 
  12   (0.038) 0.009 0.010 0.010 0.139 
  13   (0.030) 0.005 0.008 0.008 0.032 
  14   (0.031) 0.005 0.009 0.045 0.005 
  15   (0.052) 0.008 0.050 0.125 0.008 
  16   (0.045) 0.007 0.049 0.086 0.007 
  17   (0.033) 0.005 0.009 0.120 0.005 
  18   (0.058) 0.009 0.088 0.127 0.009 
  19   (0.066) 0.011 0.090 0.241 0.010 
  20   (0.029) 0.005 0.008 0.044 0.004 
  21   (0.031) 0.005 0.009 0.045 0.005 

Locus 65 : locus65 
23 alleles
0.0% missing data
   1   (0.039) 0.199 0.011 0.010 0.008 
   2   (0.049) 0.393 0.014 0.012 0.013 
   3   (0.039) 0.172 0.011 0.010 0.007 
   4   (0.030) 0.032 0.008 0.008 0.005 
   5   (0.038) 0.058 0.010 0.010 0.010 
   6   (0.035) 0.005 0.010 0.009 0.091 
   7   (0.043) 0.010 0.012 0.011 0.146 
   8   (0.041) 0.017 0.012 0.011 0.108 
   9   (0.042) 0.009 0.012 0.010 0.146 
  10   (0.079) 0.016 0.058 0.057 0.208 
  11   (0.038) 0.008 0.011 0.010 0.089 
  12   (0.079) 0.012 0.094 0.095 0.098 
  13   (0.029) 0.004 0.008 0.045 0.005 
  14   (0.063) 0.010 0.090 0.203 0.010 
  15   (0.038) 0.006 0.010 0.271 0.006 
  16   (0.061) 0.009 0.125 0.090 0.009 
  17   (0.057) 0.009 0.124 0.052 0.009 
  18   (0.032) 0.005 0.009 0.045 0.005 
  19   (0.033) 0.005 0.045 0.008 0.005 
  20   (0.032) 0.005 0.045 0.008 0.005 
  21   (0.030) 0.005 0.044 0.008 0.005 
  22   (0.038) 0.006 0.155 0.010 0.006 
  23   (0.034) 0.005 0.082 0.009 0.005 

Locus 66 : locus66 
13 alleles
0.0% missing data
   1   (0.107) 0.256 0.102 0.027 0.147 
   2   (0.099) 0.128 0.172 0.025 0.072 
   3   (0.066) 0.123 0.090 0.017 0.013 
   4   (0.140) 0.234 0.219 0.110 0.066 
   5   (0.066) 0.093 0.018 0.091 0.013 
   6   (0.107) 0.080 0.210 0.027 0.176 
   7   (0.071) 0.017 0.020 0.130 0.144 
   8   (0.089) 0.016 0.061 0.097 0.177 
   9   (0.086) 0.026 0.024 0.283 0.138 
  10   (0.067) 0.011 0.055 0.054 0.038 
  11   (0.035) 0.006 0.010 0.046 0.005 
  12   (0.033) 0.005 0.009 0.046 0.005 
  13   (0.034) 0.005 0.009 0.046 0.005 

Locus 67 : locus67 
16 alleles
0.0% missing data
   1   (0.058) 0.093 0.089 0.015 0.009 
   2   (0.072) 0.369 0.092 0.018 0.019 
   3   (0.114) 0.059 0.286 0.103 0.060 
   4   (0.065) 0.288 0.054 0.016 0.014 
   5   (0.097) 0.071 0.063 0.174 0.043 
   6   (0.039) 0.007 0.011 0.010 0.146 
   7   (0.051) 0.008 0.014 0.088 0.036 
   8   (0.070) 0.011 0.055 0.130 0.039 
   9   (0.043) 0.010 0.012 0.011 0.230 
  10   (0.040) 0.013 0.011 0.010 0.083 
  11   (0.085) 0.013 0.096 0.171 0.070 
  12   (0.039) 0.013 0.011 0.010 0.084 
  13   (0.032) 0.005 0.009 0.008 0.033 
  14   (0.059) 0.019 0.016 0.052 0.084 
  15   (0.078) 0.012 0.094 0.094 0.040 
  16   (0.057) 0.009 0.088 0.089 0.009 

Locus 68 : locus68 
18 alleles
0.0% missing data
   1   (0.080) 0.274 0.022 0.020 0.174 
   2   (0.118) 0.264 0.141 0.142 0.028 
   3   (0.043) 0.172 0.012 0.011 0.012 
   4   (0.071) 0.120 0.020 0.018 0.155 
   5   (0.083) 0.055 0.131 0.021 0.055 
   6   (0.082) 0.024 0.023 0.170 0.141 
   7   (0.036) 0.006 0.010 0.009 0.033 
   8   (0.044) 0.014 0.012 0.011 0.196 
   9   (0.060) 0.012 0.017 0.052 0.090 
  10   (0.031) 0.005 0.009 0.008 0.033 
  11   (0.033) 0.005 0.009 0.008 0.033 
  12   (0.035) 0.005 0.010 0.046 0.005 
  13   (0.035) 0.005 0.010 0.046 0.005 
  14   (0.055) 0.008 0.051 0.089 0.008 
  15   (0.077) 0.012 0.275 0.094 0.012 
  16   (0.041) 0.006 0.012 0.235 0.006 
  17   (0.043) 0.007 0.192 0.011 0.007 
  18   (0.032) 0.005 0.045 0.008 0.005 

Locus 69 : locus69 
17 alleles
0.0% missing data
   1   (0.062) 0.060 0.017 0.090 0.015 
   2   (0.039) 0.119 0.011 0.010 0.006 
   3   (0.066) 0.061 0.018 0.166 0.016 
   4   (0.038) 0.175 0.010 0.010 0.007 
   5   (0.039) 0.059 0.011 0.010 0.010 
   6   (0.039) 0.089 0.011 0.010 0.008 
   7   (0.093) 0.112 0.098 0.024 0.113 
   8   (0.038) 0.059 0.011 0.010 0.009 
   9   (0.070) 0.173 0.019 0.092 0.018 
  10   (0.066) 0.019 0.054 0.017 0.311 
  11   (0.056) 0.009 0.051 0.014 0.093 
  12   (0.101) 0.016 0.137 0.250 0.072 
  13   (0.070) 0.015 0.200 0.018 0.091 
  14   (0.038) 0.008 0.011 0.010 0.117 
  15   (0.065) 0.010 0.126 0.016 0.094 
  16   (0.059) 0.009 0.161 0.052 0.009 
  17   (0.062) 0.010 0.053 0.202 0.010 

Locus 70 : locus70 
16 alleles
0.0% missing data
   1   (0.076) 0.210 0.021 0.094 0.015 
   2   (0.145) 0.289 0.040 0.261 0.235 
   3   (0.070) 0.267 0.019 0.055 0.015 
   4   (0.111) 0.063 0.031 0.140 0.249 
   5   (0.078) 0.070 0.058 0.057 0.012 
   6   (0.042) 0.009 0.012 0.011 0.087 
   7   (0.069) 0.017 0.019 0.055 0.143 
   8   (0.040) 0.006 0.011 0.010 0.062 
   9   (0.069) 0.022 0.019 0.055 0.138 
  10   (0.046) 0.007 0.013 0.198 0.007 
  11   (0.041) 0.006 0.120 0.011 0.006 
  12   (0.035) 0.005 0.046 0.009 0.005 
  13   (0.042) 0.007 0.156 0.011 0.006 
  14   (0.046) 0.007 0.157 0.012 0.007 
  15   (0.040) 0.006 0.083 0.010 0.006 
  16   (0.048) 0.007 0.194 0.012 0.007 

Locus 71 : locus71 
21 alleles
0.0% missing data
   1   (0.038) 0.117 0.010 0.010 0.007 
   2   (0.039) 0.091 0.011 0.010 0.006 
   3   (0.044) 0.196 0.012 0.011 0.014 
   4   (0.038) 0.119 0.010 0.010 0.006 
   5   (0.044) 0.256 0.012 0.011 0.011 
   6   (0.033) 0.033 0.009 0.008 0.005 
   7   (0.038) 0.058 0.011 0.010 0.010 
   8   (0.072) 0.016 0.092 0.018 0.261 
   9   (0.057) 0.013 0.052 0.014 0.146 
  10   (0.102) 0.024 0.137 0.063 0.261 
  11   (0.063) 0.012 0.090 0.016 0.149 
  12   (0.057) 0.009 0.088 0.014 0.065 
  13   (0.034) 0.005 0.009 0.121 0.005 
  14   (0.040) 0.006 0.011 0.272 0.006 
  15   (0.058) 0.009 0.088 0.089 0.009 
  16   (0.036) 0.005 0.010 0.084 0.006 
  17   (0.058) 0.009 0.161 0.052 0.009 
  18   (0.047) 0.007 0.049 0.049 0.007 
  19   (0.032) 0.005 0.009 0.046 0.005 
  20   (0.034) 0.005 0.009 0.083 0.005 
  21   (0.038) 0.006 0.119 0.010 0.006 

Locus 72 : locus72 
18 alleles
0.0% missing data
   1   (0.058) 0.120 0.016 0.089 0.011 
   2   (0.062) 0.061 0.017 0.165 0.014 
   3   (0.041) 0.144 0.011 0.010 0.010 
   4   (0.059) 0.066 0.016 0.127 0.009 
   5   (0.054) 0.090 0.015 0.051 0.011 
   6   (0.062) 0.120 0.017 0.090 0.012 
   7   (0.063) 0.146 0.017 0.090 0.015 
   8   (0.036) 0.114 0.010 0.009 0.010 
   9   (0.033) 0.033 0.009 0.008 0.005 
  10   (0.070) 0.016 0.091 0.018 0.316 
  11   (0.032) 0.005 0.009 0.008 0.033 
  12   (0.084) 0.013 0.168 0.058 0.097 
  13   (0.067) 0.017 0.127 0.017 0.116 
  14   (0.055) 0.013 0.051 0.014 0.060 
  15   (0.105) 0.023 0.319 0.063 0.235 
  16   (0.031) 0.005 0.009 0.008 0.033 
  17   (0.056) 0.009 0.088 0.127 0.009 
  18   (0.033) 0.005 0.009 0.046 0.005 

Locus 73 : locus73 
21 alleles
0.0% missing data
   1   (0.041) 0.367 0.011 0.010 0.009 
   2   (0.055) 0.143 0.051 0.014 0.013 
   3   (0.048) 0.035 0.013 0.012 0.065 
   4   (0.105) 0.138 0.174 0.063 0.063 
   5   (0.064) 0.113 0.018 0.016 0.273 
   6   (0.070) 0.046 0.019 0.093 0.117 
   7   (0.049) 0.058 0.050 0.012 0.013 
   8   (0.052) 0.008 0.014 0.050 0.123 
   9   (0.037) 0.007 0.010 0.009 0.119 
  10   (0.040) 0.013 0.011 0.010 0.085 
  11   (0.062) 0.014 0.017 0.203 0.062 
  12   (0.049) 0.007 0.086 0.050 0.008 
  13   (0.053) 0.008 0.160 0.050 0.008 
  14   (0.033) 0.005 0.009 0.158 0.005 
  15   (0.030) 0.005 0.008 0.045 0.005 
  16   (0.036) 0.006 0.010 0.121 0.006 
  17   (0.045) 0.007 0.049 0.049 0.007 
  18   (0.033) 0.005 0.081 0.008 0.005 
  19   (0.034) 0.005 0.082 0.009 0.005 
  20   (0.033) 0.005 0.082 0.008 0.005 
  21   (0.031) 0.005 0.045 0.008 0.005 

Locus 74 : locus74 
22 alleles
0.0% missing data
   1   (0.039) 0.150 0.011 0.010 0.006 
   2   (0.046) 0.292 0.013 0.012 0.011 
   3   (0.072) 0.150 0.128 0.018 0.016 
   4   (0.053) 0.085 0.015 0.014 0.045 
   5   (0.069) 0.062 0.200 0.018 0.016 
   6   (0.034) 0.059 0.009 0.009 0.008 
   7   (0.062) 0.061 0.126 0.016 0.015 
   8   (0.030) 0.033 0.008 0.008 0.005 
   9   (0.038) 0.008 0.011 0.010 0.115 
  10   (0.041) 0.008 0.011 0.010 0.115 
  11   (0.045) 0.010 0.012 0.011 0.198 
  12   (0.042) 0.012 0.012 0.011 0.167 
  13   (0.043) 0.010 0.012 0.011 0.224 
  14   (0.035) 0.005 0.010 0.046 0.005 
  15   (0.041) 0.006 0.011 0.085 0.006 
  16   (0.042) 0.007 0.012 0.235 0.006 
  17   (0.040) 0.006 0.011 0.160 0.006 
  18   (0.042) 0.007 0.012 0.160 0.006 
  19   (0.056) 0.009 0.088 0.089 0.009 
  20   (0.050) 0.008 0.050 0.050 0.008 
  21   (0.042) 0.007 0.120 0.011 0.006 
  22   (0.037) 0.006 0.119 0.010 0.006 

Locus 75 : locus75 
20 alleles
0.0% missing data
   1   (0.111) 0.242 0.212 0.103 0.021 
   2   (0.061) 0.233 0.017 0.052 0.014 
   3   (0.059) 0.085 0.016 0.052 0.019 
   4   (0.066) 0.151 0.127 0.017 0.012 
   5   (0.039) 0.089 0.011 0.010 0.008 
   6   (0.062) 0.061 0.017 0.128 0.014 
   7   (0.049) 0.036 0.050 0.012 0.007 
   8   (0.042) 0.007 0.012 0.011 0.200 
   9   (0.041) 0.013 0.011 0.010 0.138 
  10   (0.072) 0.018 0.092 0.018 0.339 
  11   (0.062) 0.012 0.089 0.016 0.118 
  12   (0.033) 0.005 0.009 0.008 0.061 
  13   (0.033) 0.005 0.009 0.046 0.005 
  14   (0.040) 0.006 0.011 0.160 0.006 
  15   (0.034) 0.005 0.009 0.083 0.005 
  16   (0.039) 0.006 0.011 0.159 0.006 
  17   (0.051) 0.008 0.050 0.088 0.008 
  18   (0.035) 0.006 0.082 0.009 0.005 
  19   (0.037) 0.006 0.083 0.009 0.006 
  20   (0.034) 0.005 0.082 0.009 0.005 

Locus 76 : locus76 
28 alleles
0.0% missing data
   1   (0.027) 0.061 0.008 0.007 0.004 
   2   (0.027) 0.032 0.008 0.007 0.004 
   3   (0.040) 0.229 0.011 0.010 0.009 
   4   (0.044) 0.284 0.012 0.011 0.012 
   5   (0.036) 0.175 0.010 0.009 0.007 
   6   (0.058) 0.060 0.016 0.127 0.014 
   7   (0.029) 0.033 0.008 0.007 0.004 
   8   (0.031) 0.007 0.008 0.008 0.172 
   9   (0.029) 0.004 0.008 0.007 0.032 
  10   (0.035) 0.006 0.010 0.009 0.145 
  11   (0.036) 0.009 0.010 0.009 0.143 
  12   (0.036) 0.009 0.010 0.009 0.199 
  13   (0.041) 0.010 0.011 0.010 0.143 
  14   (0.031) 0.005 0.009 0.008 0.033 
  15   (0.034) 0.005 0.009 0.046 0.005 
  16   (0.032) 0.005 0.009 0.120 0.005 
  17   (0.037) 0.006 0.010 0.121 0.006 
  18   (0.038) 0.006 0.010 0.196 0.006 
  19   (0.060) 0.009 0.089 0.202 0.009 
  20   (0.035) 0.005 0.082 0.009 0.005 
  21   (0.039) 0.006 0.192 0.010 0.006 
  22   (0.031) 0.005 0.045 0.008 0.005 
  23   (0.034) 0.005 0.082 0.009 0.005 
  24   (0.038) 0.006 0.119 0.010 0.006 
  25   (0.032) 0.005 0.045 0.008 0.005 
  26   (0.030) 0.005 0.044 0.008 0.005 
  27   (0.034) 0.005 0.082 0.009 0.005 
  28   (0.028) 0.004 0.044 0.007 0.004 

Locus 77 : locus77 
19 alleles
0.0% missing data
   1   (0.112) 0.196 0.031 0.140 0.231 
   2   (0.040) 0.093 0.011 0.010 0.006 
   3   (0.074) 0.206 0.021 0.205 0.018 
   4   (0.081) 0.281 0.023 0.058 0.059 
   5   (0.051) 0.037 0.050 0.013 0.008 
   6   (0.049) 0.036 0.050 0.012 0.008 
   7   (0.087) 0.070 0.060 0.022 0.401 
   8   (0.040) 0.007 0.011 0.010 0.144 
   9   (0.030) 0.005 0.008 0.007 0.032 
  10   (0.032) 0.005 0.009 0.008 0.033 
  11   (0.058) 0.009 0.089 0.090 0.009 
  12   (0.064) 0.010 0.090 0.203 0.010 
  13   (0.059) 0.009 0.089 0.127 0.009 
  14   (0.050) 0.008 0.050 0.050 0.008 
  15   (0.033) 0.005 0.045 0.008 0.005 
  16   (0.033) 0.005 0.117 0.008 0.005 
  17   (0.036) 0.006 0.119 0.009 0.006 
  18   (0.038) 0.006 0.083 0.010 0.006 
  19   (0.033) 0.005 0.045 0.008 0.005 

Locus 78 : locus78 
16 alleles
0.0% missing data
   1   (0.051) 0.199 0.014 0.013 0.013 
   2   (0.095) 0.234 0.243 0.024 0.019 
   3   (0.080) 0.203 0.022 0.095 0.017 
   4   (0.070) 0.066 0.128 0.018 0.011 
   5   (0.050) 0.139 0.014 0.013 0.016 
   6   (0.055) 0.036 0.015 0.051 0.009 
   7   (0.085) 0.022 0.132 0.022 0.232 
   8   (0.041) 0.006 0.011 0.010 0.121 
   9   (0.082) 0.016 0.131 0.021 0.237 
  10   (0.142) 0.033 0.184 0.297 0.124 
  11   (0.041) 0.006 0.011 0.010 0.064 
  12   (0.043) 0.010 0.012 0.011 0.059 
  13   (0.041) 0.010 0.012 0.010 0.059 
  14   (0.050) 0.008 0.014 0.349 0.008 
  15   (0.038) 0.006 0.011 0.047 0.006 
  16   (0.035) 0.005 0.046 0.009 0.006 

Locus 79 : locus79 
13 alleles
0.0% missing data
   1   (0.123) 0.109 0.179 0.293 0.018 
   2   (0.101) 0.261 0.028 0.062 0.143 
   3   (0.126) 0.158 0.071 0.106 0.135 
   4   (0.088) 0.074 0.133 0.059 0.013 
   5   (0.106) 0.107 0.138 0.176 0.016 
   6   (0.102) 0.046 0.245 0.138 0.015 
   7   (0.074) 0.124 0.129 0.019 0.017 
   8   (0.041) 0.062 0.011 0.010 0.010 
   9   (0.063) 0.010 0.017 0.090 0.063 
  10   (0.045) 0.016 0.012 0.011 0.132 
  11   (0.047) 0.011 0.013 0.012 0.192 
  12   (0.049) 0.015 0.014 0.012 0.215 
  13   (0.035) 0.006 0.010 0.009 0.032 

Locus 80 : locus80 
15 alleles
0.0% missing data
   1   (0.062) 0.036 0.163 0.016 0.010 
   2   (0.047) 0.227 0.013 0.012 0.011 
   3   (0.103) 0.257 0.101 0.063 0.027 
   4   (0.043) 0.143 0.012 0.011 0.010 
   5   (0.094) 0.139 0.026 0.061 0.143 
   6   (0.085) 0.041 0.168 0.059 0.013 
   7   (0.094) 0.042 0.098 0.248 0.015 
   8   (0.061) 0.037 0.125 0.015 0.009 
   9   (0.083) 0.016 0.023 0.133 0.323 
  10   (0.066) 0.015 0.018 0.054 0.148 
  11   (0.041) 0.009 0.011 0.010 0.089 
  12   (0.078) 0.016 0.022 0.132 0.179 
  13   (0.038) 0.006 0.011 0.084 0.006 
  14   (0.068) 0.010 0.127 0.092 0.011 
  15   (0.038) 0.006 0.083 0.010 0.006 

Locus 81 : locus81 
16 alleles
0.0% missing data
   1   (0.118) 0.267 0.105 0.030 0.219 
   2   (0.075) 0.152 0.129 0.019 0.014 
   3   (0.064) 0.137 0.018 0.016 0.053 
   4   (0.108) 0.159 0.102 0.027 0.156 
   5   (0.043) 0.148 0.012 0.011 0.008 
   6   (0.091) 0.055 0.061 0.023 0.309 
   7   (0.047) 0.010 0.013 0.012 0.172 
   8   (0.064) 0.010 0.053 0.203 0.010 
   9   (0.079) 0.012 0.239 0.132 0.012 
  10   (0.036) 0.006 0.010 0.046 0.005 
  11   (0.045) 0.007 0.012 0.198 0.007 
  12   (0.058) 0.009 0.089 0.052 0.009 
  13   (0.039) 0.006 0.011 0.085 0.006 
  14   (0.036) 0.006 0.010 0.046 0.005 
  15   (0.063) 0.010 0.090 0.091 0.010 
  16   (0.034) 0.005 0.046 0.009 0.005 

Locus 82 : locus82 
21 alleles
0.0% missing data
   1   (0.077) 0.120 0.094 0.020 0.072 
   2   (0.028) 0.032 0.008 0.007 0.004 
   3   (0.057) 0.177 0.052 0.014 0.010 
   4   (0.049) 0.065 0.050 0.013 0.008 
   5   (0.074) 0.068 0.093 0.019 0.067 
   6   (0.041) 0.144 0.011 0.010 0.010 
   7   (0.054) 0.115 0.051 0.014 0.014 
   8   (0.051) 0.064 0.050 0.013 0.008 
   9   (0.078) 0.050 0.130 0.020 0.086 
  10   (0.035) 0.083 0.010 0.009 0.012 
  11   (0.036) 0.007 0.010 0.009 0.146 
  12   (0.037) 0.009 0.010 0.009 0.313 
  13   (0.052) 0.010 0.014 0.050 0.119 
  14   (0.044) 0.007 0.048 0.011 0.035 
  15   (0.058) 0.014 0.124 0.015 0.060 
  16   (0.040) 0.006 0.011 0.346 0.006 
  17   (0.030) 0.005 0.008 0.045 0.005 
  18   (0.037) 0.006 0.010 0.196 0.006 
  19   (0.059) 0.009 0.125 0.127 0.009 
  20   (0.028) 0.004 0.008 0.044 0.004 
  21   (0.034) 0.005 0.082 0.009 0.005 

Locus 83 : locus83 
19 alleles
0.0% missing data
   1   (0.064) 0.116 0.018 0.091 0.017 
   2   (0.032) 0.033 0.009 0.008 0.005 
   3   (0.104) 0.265 0.101 0.138 0.022 
   4   (0.042) 0.201 0.012 0.011 0.011 
   5   (0.085) 0.041 0.096 0.171 0.013 
   6   (0.038) 0.088 0.010 0.010 0.008 
   7   (0.054) 0.119 0.051 0.014 0.011 
   8   (0.071) 0.039 0.056 0.093 0.011 
   9   (0.038) 0.008 0.010 0.010 0.088 
  10   (0.044) 0.014 0.012 0.011 0.196 
  11   (0.042) 0.009 0.012 0.011 0.201 
  12   (0.072) 0.013 0.128 0.018 0.207 
  13   (0.055) 0.008 0.088 0.014 0.065 
  14   (0.066) 0.017 0.090 0.017 0.116 
  15   (0.040) 0.006 0.011 0.234 0.006 
  16   (0.039) 0.006 0.011 0.122 0.006 
  17   (0.037) 0.006 0.083 0.009 0.006 
  18   (0.038) 0.006 0.083 0.010 0.006 
  19   (0.038) 0.006 0.119 0.010 0.006 

Locus 84 : locus84 
23 alleles
0.0% missing data
   1   (0.055) 0.262 0.051 0.014 0.009 
   2   (0.031) 0.058 0.009 0.008 0.008 
   3   (0.058) 0.115 0.125 0.015 0.015 
   4   (0.056) 0.172 0.088 0.014 0.015 
   5   (0.057) 0.145 0.088 0.014 0.014 
   6   (0.056) 0.060 0.160 0.014 0.013 
   7   (0.029) 0.033 0.008 0.007 0.004 
   8   (0.029) 0.033 0.008 0.007 0.004 
   9   (0.052) 0.010 0.014 0.050 0.119 
  10   (0.065) 0.014 0.018 0.166 0.175 
  11   (0.054) 0.013 0.015 0.163 0.060 
  12   (0.056) 0.009 0.016 0.164 0.093 
  13   (0.058) 0.011 0.016 0.126 0.148 
  14   (0.033) 0.009 0.009 0.008 0.058 
  15   (0.057) 0.017 0.016 0.051 0.197 
  16   (0.043) 0.007 0.012 0.048 0.035 
  17   (0.031) 0.005 0.009 0.045 0.005 
  18   (0.027) 0.004 0.007 0.044 0.004 
  19   (0.033) 0.005 0.081 0.008 0.005 
  20   (0.030) 0.005 0.081 0.008 0.005 
  21   (0.032) 0.005 0.081 0.008 0.005 
  22   (0.030) 0.005 0.044 0.008 0.005 
  23   (0.028) 0.004 0.044 0.007 0.004 

Locus 85 : locus85 
17 alleles
0.0% missing data
   1   (0.051) 0.037 0.014 0.051 0.008 
   2   (0.035) 0.034 0.010 0.009 0.005 
   3   (0.104) 0.184 0.210 0.063 0.021 
   4   (0.069) 0.094 0.128 0.017 0.014 
   5   (0.079) 0.056 0.022 0.095 0.053 
   6   (0.104) 0.121 0.246 0.063 0.025 
   7   (0.070) 0.264 0.020 0.055 0.017 
   8   (0.075) 0.069 0.021 0.430 0.011 
   9   (0.034) 0.034 0.009 0.008 0.005 
  10   (0.052) 0.037 0.050 0.013 0.008 
  11   (0.043) 0.009 0.012 0.011 0.254 
  12   (0.034) 0.005 0.009 0.009 0.033 
  13   (0.037) 0.006 0.010 0.009 0.061 
  14   (0.043) 0.009 0.012 0.011 0.087 
  15   (0.087) 0.024 0.024 0.134 0.334 
  16   (0.039) 0.010 0.011 0.010 0.057 
  17   (0.042) 0.007 0.192 0.011 0.006 

Locus 86 : locus86 
25 alleles
0.0% missing data
   1   (0.039) 0.203 0.011 0.010 0.008 
   2   (0.049) 0.035 0.123 0.012 0.008 
   3   (0.031) 0.033 0.009 0.008 0.005 
   4   (0.060) 0.061 0.125 0.015 0.015 
   5   (0.038) 0.231 0.010 0.010 0.009 
   6   (0.035) 0.089 0.010 0.009 0.007 
   7   (0.061) 0.092 0.161 0.016 0.012 
   8   (0.027) 0.033 0.008 0.007 0.004 
   9   (0.037) 0.059 0.010 0.009 0.009 
  10   (0.052) 0.060 0.050 0.013 0.013 
  11   (0.059) 0.013 0.016 0.052 0.397 
  12   (0.034) 0.005 0.009 0.009 0.061 
  13   (0.039) 0.011 0.011 0.010 0.169 
  14   (0.036) 0.012 0.010 0.009 0.083 
  15   (0.035) 0.005 0.010 0.009 0.061 
  16   (0.030) 0.005 0.008 0.008 0.033 
  17   (0.051) 0.008 0.014 0.088 0.064 
  18   (0.034) 0.005 0.009 0.308 0.005 
  19   (0.034) 0.005 0.009 0.121 0.005 
  20   (0.036) 0.006 0.010 0.121 0.006 
  21   (0.053) 0.008 0.051 0.088 0.008 
  22   (0.028) 0.004 0.008 0.044 0.004 
  23   (0.037) 0.006 0.154 0.009 0.006 
  24   (0.034) 0.005 0.118 0.009 0.005 
  25   (0.032) 0.005 0.045 0.008 0.005 

Locus 87 : locus87 
13 alleles
0.0% missing data
   1   (0.109) 0.147 0.066 0.065 0.054 
   2   (0.054) 0.274 0.015 0.014 0.019 
   3   (0.067) 0.037 0.019 0.166 0.011 
   4   (0.074) 0.084 0.021 0.019 0.166 
   5   (0.112) 0.055 0.103 0.028 0.353 
   6   (0.125) 0.102 0.252 0.143 0.020 
   7   (0.049) 0.170 0.014 0.012 0.011 
   8   (0.095) 0.080 0.099 0.024 0.090 
   9   (0.051) 0.011 0.014 0.013 0.236 
  10   (0.077) 0.012 0.093 0.206 0.012 
  11   (0.083) 0.012 0.131 0.245 0.013 
  12   (0.062) 0.009 0.089 0.053 0.010 
  13   (0.041) 0.006 0.084 0.011 0.007 

Locus 88 : locus88 
22 alleles
0.0% missing data
   1   (0.067) 0.156 0.019 0.017 0.147 
   2   (0.035) 0.060 0.010 0.009 0.009 
   3   (0.052) 0.093 0.014 0.050 0.010 
   4   (0.034) 0.090 0.009 0.008 0.007 
   5   (0.071) 0.120 0.020 0.055 0.045 
   6   (0.078) 0.203 0.021 0.020 0.324 
   7   (0.047) 0.051 0.013 0.012 0.048 
   8   (0.051) 0.037 0.014 0.125 0.008 
   9   (0.068) 0.048 0.019 0.055 0.112 
  10   (0.030) 0.034 0.008 0.008 0.005 
  11   (0.054) 0.037 0.015 0.163 0.008 
  12   (0.039) 0.012 0.011 0.010 0.166 
  13   (0.036) 0.006 0.010 0.009 0.060 
  14   (0.040) 0.006 0.011 0.197 0.006 
  15   (0.053) 0.009 0.124 0.050 0.008 
  16   (0.034) 0.005 0.009 0.158 0.005 
  17   (0.033) 0.005 0.081 0.008 0.005 
  18   (0.037) 0.006 0.082 0.009 0.006 
  19   (0.038) 0.006 0.155 0.010 0.006 
  20   (0.037) 0.006 0.191 0.009 0.006 
  21   (0.037) 0.006 0.118 0.009 0.006 
  22   (0.030) 0.005 0.044 0.008 0.005 

Locus 89 : locus89 
17 alleles
0.0% missing data
   1   (0.044) 0.145 0.012 0.011 0.010 
   2   (0.058) 0.037 0.126 0.015 0.009 
   3   (0.068) 0.121 0.019 0.129 0.013 
   4   (0.077) 0.069 0.094 0.019 0.039 
   5   (0.100) 0.060 0.028 0.250 0.139 
   6   (0.067) 0.092 0.127 0.017 0.014 
   7   (0.075) 0.122 0.021 0.243 0.014 
   8   (0.044) 0.172 0.012 0.011 0.012 
   9   (0.063) 0.054 0.017 0.016 0.217 
  10   (0.107) 0.073 0.138 0.064 0.073 
  11   (0.067) 0.016 0.018 0.054 0.286 
  12   (0.034) 0.005 0.010 0.009 0.033 
  13   (0.039) 0.008 0.011 0.010 0.088 
  14   (0.034) 0.005 0.009 0.009 0.033 
  15   (0.039) 0.006 0.011 0.084 0.006 
  16   (0.035) 0.005 0.010 0.046 0.005 
  17   (0.049) 0.008 0.338 0.013 0.008 

Locus 90 : locus90 
18 alleles
0.0% missing data
   1   (0.093) 0.257 0.026 0.098 0.081 
   2   (0.062) 0.047 0.017 0.016 0.225 
   3   (0.037) 0.063 0.010 0.009 0.006 
   4   (0.051) 0.036 0.014 0.126 0.008 
   5   (0.038) 0.063 0.011 0.010 0.006 
   6   (0.063) 0.176 0.018 0.053 0.014 
   7   (0.096) 0.171 0.063 0.061 0.057 
   8   (0.061) 0.050 0.017 0.016 0.166 
   9   (0.064) 0.056 0.018 0.016 0.272 
  10   (0.085) 0.026 0.132 0.059 0.084 
  11   (0.051) 0.008 0.087 0.013 0.036 
  12   (0.080) 0.012 0.275 0.244 0.012 
  13   (0.039) 0.006 0.011 0.197 0.006 
  14   (0.047) 0.007 0.049 0.049 0.007 
  15   (0.033) 0.005 0.045 0.008 0.005 
  16   (0.032) 0.005 0.045 0.008 0.005 
  17   (0.036) 0.006 0.118 0.009 0.006 
  18   (0.031) 0.005 0.045 0.008 0.005 

Locus 91 : locus91 
17 alleles
0.0% missing data
   1   (0.061) 0.145 0.017 0.053 0.014 
   2   (0.038) 0.117 0.011 0.010 0.008 
   3   (0.065) 0.090 0.091 0.016 0.014 
   4   (0.046) 0.230 0.013 0.012 0.009 
   5   (0.044) 0.199 0.012 0.011 0.011 
   6   (0.039) 0.059 0.011 0.010 0.010 
   7   (0.054) 0.036 0.087 0.014 0.008 
   8   (0.077) 0.014 0.130 0.019 0.294 
   9   (0.080) 0.012 0.058 0.170 0.040 
  10   (0.043) 0.015 0.012 0.011 0.166 
  11   (0.044) 0.009 0.012 0.011 0.174 
  12   (0.064) 0.013 0.018 0.091 0.092 
  13   (0.083) 0.019 0.059 0.133 0.063 
  14   (0.078) 0.012 0.058 0.095 0.069 
  15   (0.086) 0.013 0.276 0.208 0.013 
  16   (0.063) 0.010 0.090 0.128 0.010 
  17   (0.036) 0.005 0.046 0.009 0.006 

Locus 92 : locus92 
19 alleles
0.0% missing data
   1   (0.044) 0.168 0.012 0.011 0.012 
   2   (0.038) 0.138 0.010 0.010 0.013 
   3   (0.037) 0.116 0.010 0.009 0.007 
   4   (0.037) 0.117 0.010 0.009 0.006 
   5   (0.039) 0.142 0.011 0.010 0.010 
   6   (0.032) 0.033 0.009 0.008 0.005 
   7   (0.036) 0.144 0.010 0.009 0.007 
   8   (0.104) 0.024 0.101 0.100 0.350 
   9   (0.062) 0.010 0.126 0.016 0.096 
  10   (0.078) 0.018 0.058 0.132 0.063 
  11   (0.094) 0.019 0.135 0.061 0.210 
  12   (0.048) 0.007 0.049 0.012 0.036 
  13   (0.057) 0.014 0.088 0.014 0.060 
  14   (0.066) 0.015 0.018 0.278 0.062 
  15   (0.080) 0.012 0.275 0.058 0.041 
  16   (0.053) 0.008 0.051 0.089 0.008 
  17   (0.034) 0.005 0.009 0.084 0.005 
  18   (0.030) 0.005 0.008 0.045 0.005 
  19   (0.033) 0.005 0.009 0.046 0.005 

Locus 93 : locus93 
19 alleles
0.0% missing data
   1   (0.039) 0.088 0.011 0.010 0.008 
   2   (0.073) 0.067 0.274 0.018 0.011 
   3   (0.041) 0.174 0.011 0.010 0.008 
   4   (0.080) 0.369 0.167 0.020 0.021 
   5   (0.035) 0.033 0.010 0.009 0.005 
   6   (0.062) 0.114 0.053 0.016 0.017 
   7   (0.049) 0.035 0.050 0.013 0.008 
   8   (0.065) 0.010 0.018 0.166 0.095 
   9   (0.045) 0.011 0.012 0.011 0.202 
  10   (0.041) 0.010 0.011 0.010 0.059 
  11   (0.095) 0.021 0.026 0.472 0.235 
  12   (0.051) 0.008 0.014 0.050 0.036 
  13   (0.061) 0.013 0.017 0.053 0.091 
  14   (0.040) 0.010 0.011 0.010 0.059 
  15   (0.055) 0.013 0.015 0.051 0.061 
  16   (0.053) 0.008 0.015 0.051 0.065 
  17   (0.036) 0.006 0.082 0.009 0.006 
  18   (0.038) 0.006 0.083 0.010 0.006 
  19   (0.040) 0.006 0.120 0.010 0.006 

Locus 94 : locus94 
17 alleles
0.0% missing data
   1   (0.078) 0.149 0.130 0.020 0.018 
   2   (0.124) 0.105 0.215 0.181 0.019 
   3   (0.072) 0.288 0.020 0.056 0.020 
   4   (0.066) 0.093 0.018 0.091 0.014 
   5   (0.075) 0.149 0.021 0.094 0.017 
   6   (0.133) 0.135 0.181 0.295 0.020 
   7   (0.047) 0.009 0.013 0.012 0.256 
   8   (0.049) 0.013 0.013 0.012 0.253 
   9   (0.048) 0.012 0.013 0.012 0.253 
  10   (0.035) 0.005 0.010 0.009 0.033 
  11   (0.039) 0.006 0.011 0.010 0.062 
  12   (0.043) 0.007 0.012 0.123 0.007 
  13   (0.035) 0.005 0.010 0.046 0.005 
  14   (0.047) 0.007 0.158 0.012 0.007 
  15   (0.040) 0.006 0.083 0.010 0.006 
  16   (0.034) 0.005 0.045 0.009 0.005 
  17   (0.034) 0.005 0.046 0.009 0.005 

Locus 95 : locus95 
20 alleles
0.0% missing data
   1   (0.042) 0.170 0.012 0.011 0.012 
   2   (0.040) 0.147 0.011 0.010 0.006 
   3   (0.042) 0.173 0.012 0.011 0.009 
   4   (0.040) 0.117 0.011 0.010 0.008 
   5   (0.041) 0.114 0.011 0.010 0.011 
   6   (0.035) 0.058 0.010 0.009 0.009 
   7   (0.037) 0.088 0.010 0.009 0.008 
   8   (0.041) 0.011 0.011 0.010 0.115 
   9   (0.124) 0.025 0.323 0.106 0.295 
  10   (0.036) 0.009 0.010 0.009 0.059 
  11   (0.086) 0.021 0.060 0.059 0.260 
  12   (0.085) 0.013 0.205 0.096 0.041 
  13   (0.060) 0.009 0.089 0.015 0.094 
  14   (0.070) 0.011 0.055 0.093 0.039 
  15   (0.041) 0.006 0.011 0.160 0.006 
  16   (0.035) 0.005 0.010 0.046 0.005 
  17   (0.035) 0.005 0.010 0.121 0.005 
  18   (0.039) 0.006 0.011 0.196 0.006 
  19   (0.036) 0.005 0.082 0.009 0.006 
  20   (0.037) 0.006 0.046 0.009 0.006 

Locus 96 : locus96 
20 alleles
0.0% missing data
   1   (0.067) 0.159 0.019 0.017 0.061 
   2   (0.079) 0.315 0.022 0.020 0.136 
   3   (0.061) 0.117 0.017 0.016 0.045 
   4   (0.040) 0.064 0.011 0.010 0.006 
   5   (0.060) 0.086 0.016 0.015 0.046 
   6   (0.061) 0.057 0.017 0.015 0.185 
   7   (0.039) 0.060 0.011 0.010 0.010 
   8   (0.060) 0.054 0.017 0.015 0.132 
   9   (0.048) 0.011 0.013 0.012 0.307 
  10   (0.050) 0.008 0.014 0.424 0.007 
  11   (0.042) 0.007 0.012 0.160 0.006 
  12   (0.057) 0.009 0.088 0.052 0.009 
  13   (0.038) 0.006 0.011 0.084 0.006 
  14   (0.033) 0.005 0.009 0.046 0.005 
  15   (0.054) 0.009 0.051 0.051 0.008 
  16   (0.046) 0.007 0.194 0.012 0.007 
  17   (0.044) 0.007 0.121 0.011 0.007 
  18   (0.044) 0.007 0.157 0.011 0.007 
  19   (0.040) 0.006 0.119 0.010 0.006 
  20   (0.037) 0.006 0.082 0.009 0.006 

Locus 97 : locus97 
21 alleles
0.0% missing data
   1   (0.078) 0.322 0.021 0.094 0.017 
   2   (0.069) 0.239 0.019 0.092 0.012 
   3   (0.072) 0.236 0.020 0.018 0.069 
   4   (0.061) 0.067 0.017 0.015 0.093 
   5   (0.048) 0.013 0.013 0.012 0.280 
   6   (0.040) 0.009 0.011 0.010 0.087 
   7   (0.038) 0.006 0.011 0.010 0.061 
   8   (0.038) 0.010 0.011 0.010 0.058 
   9   (0.062) 0.015 0.053 0.016 0.060 
  10   (0.041) 0.006 0.012 0.010 0.062 
  11   (0.044) 0.009 0.012 0.011 0.087 
  12   (0.039) 0.010 0.011 0.010 0.057 
  13   (0.050) 0.008 0.014 0.423 0.008 
  14   (0.042) 0.007 0.012 0.123 0.006 
  15   (0.036) 0.006 0.010 0.046 0.005 
  16   (0.034) 0.005 0.009 0.046 0.005 
  17   (0.049) 0.008 0.339 0.012 0.007 
  18   (0.042) 0.006 0.120 0.011 0.006 
  19   (0.038) 0.006 0.046 0.010 0.006 
  20   (0.042) 0.007 0.156 0.011 0.006 
  21   (0.037) 0.006 0.082 0.009 0.006 

Locus 98 : locus98 
23 alleles
0.0% missing data
   1   (0.033) 0.061 0.009 0.008 0.005 
   2   (0.098) 0.102 0.027 0.099 0.241 
   3   (0.060) 0.071 0.017 0.015 0.146 
   4   (0.033) 0.142 0.009 0.008 0.006 
   5   (0.036) 0.089 0.010 0.009 0.006 
   6   (0.059) 0.133 0.016 0.015 0.080 
   7   (0.045) 0.218 0.012 0.011 0.016 
   8   (0.060) 0.064 0.017 0.165 0.009 
   9   (0.035) 0.033 0.010 0.009 0.006 
  10   (0.061) 0.011 0.017 0.090 0.152 
  11   (0.054) 0.008 0.160 0.014 0.037 
  12   (0.033) 0.005 0.009 0.009 0.034 
  13   (0.034) 0.009 0.010 0.009 0.060 
  14   (0.032) 0.005 0.009 0.008 0.034 
  15   (0.036) 0.006 0.010 0.009 0.093 
  16   (0.032) 0.005 0.009 0.008 0.034 
  17   (0.041) 0.006 0.011 0.421 0.006 
  18   (0.036) 0.005 0.010 0.046 0.006 
  19   (0.040) 0.006 0.155 0.010 0.006 
  20   (0.044) 0.007 0.337 0.011 0.007 
  21   (0.032) 0.005 0.045 0.008 0.005 
  22   (0.031) 0.005 0.045 0.008 0.005 
  23   (0.034) 0.005 0.045 0.009 0.005 

Locus 99 : locus99 
16 alleles
0.0% missing data
   1   (0.096) 0.159 0.063 0.024 0.153 
   2   (0.060) 0.067 0.017 0.015 0.064 
   3   (0.055) 0.066 0.015 0.014 0.036 
   4   (0.061) 0.158 0.017 0.015 0.059 
   5   (0.043) 0.176 0.012 0.011 0.009 
   6   (0.085) 0.108 0.024 0.096 0.060 
   7   (0.090) 0.161 0.025 0.098 0.066 
   8   (0.051) 0.008 0.014 0.050 0.036 
   9   (0.076) 0.016 0.021 0.318 0.091 
  10   (0.071) 0.017 0.164 0.018 0.061 
  11   (0.071) 0.020 0.020 0.055 0.280 
  12   (0.074) 0.018 0.021 0.243 0.061 
  13   (0.042) 0.007 0.156 0.011 0.006 
  14   (0.046) 0.007 0.230 0.012 0.007 
  15   (0.036) 0.006 0.082 0.009 0.006 
  16   (0.041) 0.006 0.119 0.010 0.006 

Locus 100 : locus100 
22 alleles
0.0% missing data
   1   (0.050) 0.287 0.014 0.013 0.011 
   2   (0.050) 0.201 0.014 0.013 0.012 
   3   (0.081) 0.261 0.023 0.095 0.018 
   4   (0.060) 0.120 0.052 0.015 0.012 
   5   (0.051) 0.011 0.014 0.013 0.259 
   6   (0.048) 0.012 0.013 0.012 0.200 
   7   (0.048) 0.009 0.013 0.012 0.231 
   8   (0.039) 0.010 0.011 0.010 0.059 
   9   (0.047) 0.009 0.013 0.012 0.118 
  10   (0.043) 0.007 0.012 0.160 0.007 
  11   (0.040) 0.006 0.011 0.122 0.006 
  12   (0.042) 0.006 0.012 0.197 0.006 
  13   (0.039) 0.006 0.011 0.122 0.006 
  14   (0.044) 0.007 0.012 0.123 0.007 
  15   (0.039) 0.006 0.083 0.010 0.006 
  16   (0.044) 0.007 0.157 0.011 0.007 
  17   (0.047) 0.007 0.194 0.012 0.007 
  18   (0.040) 0.006 0.083 0.010 0.006 
  19   (0.039) 0.006 0.083 0.010 0.006 
  20   (0.034) 0.005 0.046 0.009 0.005 
  21   (0.035) 0.005 0.046 0.009 0.005 
  22   (0.039) 0.006 0.083 0.010 0.006 

Values of parameters used in structure:
DATAFILE=parentandhybrid4.str,	OUTFILE=parentandhybrid4Deme_2,	NUMINDS=50,	NUMLOCI=100,	MISSING=0,	LABEL=1,	POPDATA=0,	POPFLAG=0,	PHENOTYPE=0,	EXTRACOLS=0,	MAXPOPS=4,	BURNIN=200000,	NUMREPS=200000,	USEPOPINFO=0,	INFERALPHA=1,	INFERLAMBDA=0,	POPSPECIFICLAMBDA=0,	POPALPHAS=0,	COMPUTEPROB=1,	NOADMIX=0,	ADMBURNIN=500,	UPDATEFREQ=100,	PRINTLIKES=0,	INTERMEDSAVE=0,	PRINTKLD=0,	PRINTNET=1,	PRINTLAMBDA=1,	ANCESTDIST=0,	NUMBOXES=1000,	ANCESTPINT=0.90000,	GENSBACK=2,	MIGRPRIOR=0.01000,	PRINTQHAT=0,	PRINTQSUM=1,	ALPHA=1.0000,	FREQSCORR=1,	FPRIORMEAN=0.0100,	FPRIORSD=0.0500,	ONEFST=0,	LAMBDA=1.0000,	UNIFPRIORALPHA=1,	ALPHAMAX=10.0000,	ALPHAPRIORA=1.0000,	ALPHAPRIORB=2.0000,	ALPHAPROPSD=0.0250,	STARTATPOPINFO=0,	RANDOMIZE=1,	LINKAGE=0,	METROFREQ=10,	REPORTHITRATE=0,	MARKOVPHASE=0,	PHASED=0,	PLOIDY=2,	PHASEINFO=0	LOCPRIOR=0, 	LOCPRIORINIT=1.000000, 	LOCDATA=0, 	LOCISPOP=0, 	LOCPRIORSTEP=0.100000, 	MAXLOCPRIOR=20.000000, 	SEED=1658863768,	
[STRAT parameters]:    NUMSIMSTATS=1000,	PHENOTYPECOL=-9,	POOLFREQ=10,	LOCUSxONLY=0,	EMERROR=0.00100,	MISSINGPHENO=-9,	