1667169191
1667169196
1667169201
1667169206
1667169211
1667169216
1667169221
1667169226
1667169231
1667169236
1667169241
1667169246
1667169251
1667169256
1667169261
1667169266
1667169271
1667169276
1667169281
1667169286
1667169291
1667169296
1667169301
1667169306
1667169311
1667169316
1667169321
1667169326
1667169331
1667169336
1667169341
1667169346
1667169351
1667169356
1667169361
1667169366
1667169371
1667169376
1667169381
1667169386
1667169391
1667169396
1667169401
1667169406
1667169411
1667169416
1667169421
1667169426
1667169431
1667169436
