

----------------------------------------------------
STRUCTURE by Pritchard, Stephens and Donnelly (2000)
     and Falush, Stephens and Pritchard (2003)
       Code by Pritchard, Falush and Hubisz
             Version 2.3.4 (Jul 2012)
----------------------------------------------------



Command line arguments:   /usr/local/bin/structure -i parentandhybrid6.str -m mainparams.txt -e extraparams.txt -K 4 -o parentandhybrid4Deme_5 
Input File:    parentandhybrid6.str

Run parameters:
   50 individuals
   100 loci
   4 populations assumed
   200000 Burn-in period
   200000 Reps


--------------------------------------------
Overall proportion of membership of the
sample in each of the 4 clusters

Inferred Clusters
  1      2      3      4    
0.301  0.200  0.200  0.298  

--------------------------------------------

Allele-freq. divergence among pops (Net nucleotide distance),
computed using point estimates of P.

      1       2       3       4      
 1      -    0.1032  0.1038  0.1169  
 2   0.1032     -    0.0954  0.1088  
 3   0.1038  0.0954     -    0.1136  
 4   0.1169  0.1088  0.1136     -    

Average distances (expected heterozygosity) between individuals in same cluster:
cluster  1  : 0.8438 
cluster  2  : 0.8670 
cluster  3  : 0.8530 
cluster  4  : 0.8294 

--------------------------------------------
Estimated Ln Prob of Data   = -22794.5
Mean value of ln likelihood = -21254.5
Variance of ln likelihood   = 3080.0
Mean value of alpha         = 0.0282

Mean value of Fst_1         = 0.1431
Mean value of Fst_2         = 0.1243
Mean value of Fst_3         = 0.1358
Mean value of Fst_4         = 0.1575


Inferred ancestry of individuals:
        Label (%Miss) :  Inferred clusters
  1       01    (0)   :  0.001 0.001 0.000 0.999 
  2       02    (0)   :  0.001 0.000 0.001 0.998 
  3       03    (0)   :  0.001 0.000 0.001 0.998 
  4       04    (0)   :  0.000 0.001 0.000 0.999 
  5       05    (0)   :  0.000 0.000 0.000 0.999 
  6       06    (0)   :  0.001 0.002 0.000 0.996 
  7       07    (0)   :  0.001 0.002 0.001 0.997 
  8       08    (0)   :  0.001 0.000 0.000 0.999 
  9       09    (0)   :  0.000 0.000 0.000 0.999 
 10       10    (0)   :  0.000 0.000 0.000 0.999 
 11       11    (0)   :  0.999 0.000 0.000 0.000 
 12       12    (0)   :  0.999 0.000 0.001 0.000 
 13       13    (0)   :  0.999 0.000 0.000 0.001 
 14       14    (0)   :  0.998 0.001 0.001 0.000 
 15       15    (0)   :  0.997 0.001 0.001 0.001 
 16       16    (0)   :  0.999 0.000 0.000 0.000 
 17       17    (0)   :  0.998 0.001 0.000 0.000 
 18       18    (0)   :  0.997 0.000 0.001 0.001 
 19       19    (0)   :  0.998 0.000 0.001 0.000 
 20       20    (0)   :  0.999 0.001 0.000 0.001 
 21      h01    (0)   :  0.518 0.000 0.000 0.482 
 22      h02    (0)   :  0.496 0.000 0.000 0.503 
 23      h03    (0)   :  0.500 0.000 0.000 0.499 
 24      h04    (0)   :  0.512 0.000 0.000 0.488 
 25      h05    (0)   :  0.513 0.000 0.000 0.486 
 26      h06    (0)   :  0.473 0.000 0.000 0.527 
 27      h07    (0)   :  0.521 0.000 0.000 0.478 
 28      h08    (0)   :  0.513 0.000 0.000 0.487 
 29      h09    (0)   :  0.508 0.000 0.000 0.491 
 30      h10    (0)   :  0.519 0.000 0.000 0.480 
 31       21    (0)   :  0.000 0.999 0.000 0.000 
 32       22    (0)   :  0.000 0.999 0.000 0.000 
 33       23    (0)   :  0.000 0.999 0.000 0.000 
 34       24    (0)   :  0.000 0.999 0.000 0.000 
 35       25    (0)   :  0.000 0.999 0.000 0.000 
 36       26    (0)   :  0.000 0.999 0.000 0.000 
 37       27    (0)   :  0.001 0.998 0.001 0.000 
 38       28    (0)   :  0.000 0.999 0.000 0.000 
 39       29    (0)   :  0.000 0.999 0.000 0.000 
 40       30    (0)   :  0.000 0.999 0.000 0.000 
 41       31    (0)   :  0.000 0.001 0.998 0.001 
 42       32    (0)   :  0.000 0.000 0.999 0.000 
 43       33    (0)   :  0.000 0.000 0.999 0.001 
 44       34    (0)   :  0.001 0.001 0.999 0.000 
 45       35    (0)   :  0.000 0.001 0.999 0.000 
 46       36    (0)   :  0.000 0.000 0.999 0.000 
 47       37    (0)   :  0.001 0.001 0.998 0.000 
 48       38    (0)   :  0.000 0.000 0.999 0.000 
 49       39    (0)   :  0.001 0.001 0.998 0.000 
 50       40    (0)   :  0.002 0.000 0.997 0.000 


Estimated Allele Frequencies in each cluster
First column gives estimated ancestral frequencies


Locus 1 : locus1 
11 alleles
0.0% missing data
   1   (0.121) 0.238 0.143 0.029 0.109 
   2   (0.157) 0.110 0.226 0.114 0.166 
   3   (0.155) 0.137 0.077 0.189 0.278 
   4   (0.090) 0.015 0.135 0.098 0.042 
   5   (0.083) 0.217 0.022 0.020 0.143 
   6   (0.069) 0.017 0.055 0.017 0.146 
   7   (0.120) 0.120 0.290 0.029 0.086 
   8   (0.089) 0.127 0.023 0.325 0.013 
   9   (0.036) 0.006 0.009 0.047 0.006 
  10   (0.041) 0.007 0.011 0.086 0.006 
  11   (0.037) 0.006 0.010 0.047 0.006 

Locus 2 : locus2 
19 alleles
0.0% missing data
   1   (0.035) 0.006 0.009 0.009 0.062 
   2   (0.064) 0.016 0.017 0.167 0.061 
   3   (0.069) 0.016 0.018 0.168 0.176 
   4   (0.040) 0.009 0.010 0.010 0.203 
   5   (0.044) 0.015 0.012 0.011 0.140 
   6   (0.064) 0.038 0.054 0.016 0.038 
   7   (0.082) 0.210 0.059 0.020 0.066 
   8   (0.049) 0.008 0.013 0.050 0.036 
   9   (0.034) 0.006 0.009 0.008 0.033 
  10   (0.049) 0.008 0.050 0.012 0.036 
  11   (0.036) 0.010 0.009 0.009 0.059 
  12   (0.035) 0.058 0.009 0.008 0.009 
  13   (0.062) 0.149 0.090 0.015 0.009 
  14   (0.064) 0.090 0.127 0.016 0.013 
  15   (0.068) 0.084 0.165 0.016 0.021 
  16   (0.079) 0.229 0.206 0.019 0.018 
  17   (0.053) 0.036 0.088 0.013 0.008 
  18   (0.032) 0.005 0.045 0.008 0.005 
  19   (0.042) 0.007 0.011 0.427 0.006 

Locus 3 : locus3 
14 alleles
0.0% missing data
   1   (0.095) 0.022 0.210 0.023 0.374 
   2   (0.093) 0.024 0.172 0.022 0.287 
   3   (0.067) 0.011 0.129 0.016 0.067 
   4   (0.100) 0.185 0.063 0.024 0.125 
   5   (0.037) 0.006 0.010 0.009 0.034 
   6   (0.061) 0.061 0.053 0.015 0.014 
   7   (0.065) 0.121 0.017 0.053 0.012 
   8   (0.061) 0.061 0.016 0.052 0.015 
   9   (0.068) 0.146 0.018 0.054 0.015 
  10   (0.072) 0.150 0.019 0.093 0.013 
  11   (0.088) 0.180 0.023 0.287 0.015 
  12   (0.076) 0.013 0.168 0.132 0.011 
  13   (0.060) 0.010 0.052 0.128 0.009 
  14   (0.058) 0.010 0.052 0.090 0.009 

Locus 4 : locus4 
14 alleles
0.0% missing data
   1   (0.071) 0.082 0.019 0.017 0.081 
   2   (0.103) 0.068 0.064 0.025 0.272 
   3   (0.135) 0.081 0.257 0.033 0.296 
   4   (0.094) 0.408 0.024 0.023 0.101 
   5   (0.132) 0.146 0.182 0.032 0.176 
   6   (0.074) 0.041 0.020 0.360 0.011 
   7   (0.071) 0.069 0.018 0.131 0.011 
   8   (0.069) 0.063 0.018 0.092 0.015 
   9   (0.044) 0.008 0.122 0.011 0.007 
  10   (0.040) 0.007 0.047 0.010 0.006 
  11   (0.046) 0.008 0.159 0.011 0.007 
  12   (0.036) 0.006 0.046 0.009 0.005 
  13   (0.038) 0.006 0.010 0.047 0.006 
  14   (0.046) 0.008 0.012 0.200 0.007 

Locus 5 : locus5 
23 alleles
0.0% missing data
   1   (0.055) 0.009 0.088 0.013 0.065 
   2   (0.069) 0.017 0.018 0.243 0.147 
   3   (0.072) 0.015 0.019 0.321 0.121 
   4   (0.061) 0.020 0.053 0.015 0.255 
   5   (0.035) 0.010 0.009 0.008 0.058 
   6   (0.050) 0.008 0.050 0.012 0.093 
   7   (0.031) 0.005 0.008 0.007 0.033 
   8   (0.051) 0.009 0.088 0.013 0.036 
   9   (0.048) 0.008 0.050 0.012 0.036 
  10   (0.032) 0.009 0.008 0.008 0.058 
  11   (0.036) 0.113 0.009 0.009 0.010 
  12   (0.066) 0.230 0.091 0.016 0.013 
  13   (0.043) 0.283 0.011 0.010 0.008 
  14   (0.032) 0.087 0.008 0.008 0.007 
  15   (0.053) 0.082 0.051 0.013 0.017 
  16   (0.033) 0.058 0.009 0.008 0.008 
  17   (0.035) 0.006 0.120 0.008 0.005 
  18   (0.035) 0.006 0.157 0.008 0.005 
  19   (0.030) 0.005 0.045 0.007 0.005 
  20   (0.033) 0.005 0.083 0.008 0.005 
  21   (0.031) 0.005 0.008 0.045 0.005 
  22   (0.037) 0.006 0.010 0.161 0.006 
  23   (0.031) 0.005 0.008 0.045 0.005 

Locus 6 : locus6 
22 alleles
0.0% missing data
   1   (0.081) 0.025 0.021 0.171 0.144 
   2   (0.065) 0.047 0.017 0.016 0.376 
   3   (0.052) 0.009 0.014 0.050 0.066 
   4   (0.069) 0.019 0.018 0.054 0.176 
   5   (0.036) 0.006 0.009 0.009 0.034 
   6   (0.077) 0.017 0.020 0.360 0.094 
   7   (0.050) 0.385 0.013 0.012 0.013 
   8   (0.041) 0.141 0.011 0.010 0.008 
   9   (0.045) 0.142 0.012 0.011 0.009 
  10   (0.034) 0.033 0.009 0.008 0.005 
  11   (0.043) 0.111 0.011 0.010 0.012 
  12   (0.029) 0.005 0.045 0.007 0.005 
  13   (0.042) 0.007 0.196 0.010 0.007 
  14   (0.044) 0.007 0.197 0.011 0.007 
  15   (0.034) 0.006 0.046 0.008 0.005 
  16   (0.038) 0.006 0.084 0.009 0.006 
  17   (0.038) 0.006 0.084 0.009 0.006 
  18   (0.035) 0.006 0.083 0.009 0.005 
  19   (0.036) 0.006 0.046 0.009 0.006 
  20   (0.031) 0.005 0.045 0.007 0.005 
  21   (0.041) 0.007 0.011 0.124 0.006 
  22   (0.037) 0.006 0.010 0.084 0.006 

Locus 7 : locus7 
27 alleles
0.0% missing data
   1   (0.031) 0.007 0.008 0.008 0.088 
   2   (0.039) 0.011 0.010 0.009 0.115 
   3   (0.059) 0.092 0.016 0.014 0.179 
   4   (0.059) 0.012 0.015 0.128 0.150 
   5   (0.032) 0.009 0.008 0.008 0.059 
   6   (0.033) 0.008 0.009 0.008 0.089 
   7   (0.034) 0.010 0.009 0.008 0.115 
   8   (0.027) 0.005 0.007 0.007 0.033 
   9   (0.031) 0.005 0.008 0.007 0.033 
  10   (0.031) 0.005 0.008 0.008 0.033 
  11   (0.039) 0.223 0.010 0.009 0.009 
  12   (0.046) 0.035 0.049 0.011 0.007 
  13   (0.056) 0.036 0.236 0.013 0.009 
  14   (0.038) 0.279 0.010 0.009 0.009 
  15   (0.055) 0.118 0.051 0.013 0.011 
  16   (0.035) 0.086 0.009 0.008 0.007 
  17   (0.033) 0.005 0.083 0.008 0.005 
  18   (0.031) 0.005 0.119 0.008 0.005 
  19   (0.031) 0.005 0.082 0.007 0.005 
  20   (0.035) 0.006 0.194 0.008 0.005 
  21   (0.032) 0.005 0.008 0.121 0.005 
  22   (0.029) 0.005 0.008 0.045 0.004 
  23   (0.037) 0.006 0.010 0.160 0.006 
  24   (0.036) 0.006 0.009 0.198 0.006 
  25   (0.032) 0.005 0.008 0.084 0.005 
  26   (0.030) 0.005 0.008 0.045 0.005 
  27   (0.029) 0.005 0.007 0.045 0.004 

Locus 8 : locus8 
23 alleles
0.0% missing data
   1   (0.067) 0.129 0.018 0.016 0.173 
   2   (0.049) 0.013 0.013 0.012 0.290 
   3   (0.065) 0.099 0.017 0.016 0.146 
   4   (0.038) 0.008 0.010 0.009 0.119 
   5   (0.062) 0.015 0.016 0.091 0.062 
   6   (0.034) 0.006 0.009 0.008 0.034 
   7   (0.033) 0.005 0.009 0.008 0.063 
   8   (0.054) 0.388 0.014 0.013 0.014 
   9   (0.047) 0.143 0.012 0.011 0.009 
  10   (0.070) 0.061 0.018 0.282 0.016 
  11   (0.037) 0.061 0.009 0.009 0.006 
  12   (0.041) 0.007 0.195 0.010 0.006 
  13   (0.043) 0.007 0.233 0.010 0.007 
  14   (0.039) 0.006 0.158 0.009 0.006 
  15   (0.043) 0.007 0.122 0.010 0.007 
  16   (0.035) 0.006 0.046 0.008 0.005 
  17   (0.034) 0.006 0.046 0.008 0.005 
  18   (0.036) 0.006 0.010 0.085 0.006 
  19   (0.041) 0.007 0.011 0.161 0.006 
  20   (0.035) 0.006 0.009 0.084 0.005 
  21   (0.032) 0.005 0.008 0.046 0.005 
  22   (0.033) 0.005 0.009 0.046 0.005 
  23   (0.032) 0.005 0.008 0.046 0.005 

Locus 9 : locus9 
18 alleles
0.0% missing data
   1   (0.045) 0.013 0.012 0.011 0.170 
   2   (0.045) 0.009 0.012 0.011 0.174 
   3   (0.038) 0.006 0.010 0.009 0.062 
   4   (0.046) 0.011 0.012 0.011 0.257 
   5   (0.045) 0.015 0.012 0.011 0.139 
   6   (0.038) 0.006 0.010 0.009 0.034 
   7   (0.037) 0.006 0.010 0.009 0.034 
   8   (0.126) 0.128 0.107 0.410 0.023 
   9   (0.039) 0.034 0.010 0.010 0.006 
  10   (0.072) 0.398 0.056 0.017 0.016 
  11   (0.102) 0.119 0.211 0.062 0.024 
  12   (0.069) 0.176 0.018 0.054 0.014 
  13   (0.062) 0.038 0.127 0.015 0.009 
  14   (0.068) 0.011 0.128 0.130 0.010 
  15   (0.041) 0.007 0.121 0.010 0.006 
  16   (0.063) 0.011 0.053 0.205 0.010 
  17   (0.034) 0.006 0.046 0.008 0.005 
  18   (0.032) 0.005 0.045 0.008 0.005 

Locus 10 : locus10 
18 alleles
0.0% missing data
   1   (0.090) 0.124 0.134 0.022 0.072 
   2   (0.060) 0.012 0.052 0.014 0.146 
   3   (0.040) 0.012 0.010 0.010 0.112 
   4   (0.040) 0.008 0.010 0.010 0.144 
   5   (0.072) 0.040 0.093 0.018 0.038 
   6   (0.031) 0.005 0.008 0.008 0.032 
   7   (0.109) 0.103 0.324 0.026 0.100 
   8   (0.069) 0.016 0.129 0.017 0.090 
   9   (0.047) 0.022 0.012 0.011 0.188 
  10   (0.065) 0.262 0.053 0.016 0.013 
  11   (0.064) 0.174 0.017 0.053 0.016 
  12   (0.051) 0.037 0.050 0.012 0.008 
  13   (0.058) 0.121 0.052 0.014 0.011 
  14   (0.053) 0.037 0.014 0.165 0.008 
  15   (0.036) 0.006 0.009 0.085 0.005 
  16   (0.037) 0.006 0.010 0.123 0.006 
  17   (0.038) 0.006 0.010 0.199 0.006 
  18   (0.041) 0.007 0.011 0.199 0.006 

Locus 11 : locus11 
16 alleles
0.0% missing data
   1   (0.065) 0.013 0.017 0.054 0.121 
   2   (0.097) 0.016 0.173 0.099 0.043 
   3   (0.052) 0.011 0.014 0.013 0.377 
   4   (0.068) 0.019 0.055 0.017 0.117 
   5   (0.108) 0.030 0.065 0.102 0.232 
   6   (0.042) 0.090 0.011 0.010 0.007 
   7   (0.053) 0.307 0.014 0.013 0.012 
   8   (0.051) 0.225 0.013 0.012 0.012 
   9   (0.048) 0.142 0.013 0.012 0.011 
  10   (0.037) 0.034 0.010 0.009 0.006 
  11   (0.042) 0.058 0.011 0.010 0.010 
  12   (0.102) 0.017 0.322 0.290 0.016 
  13   (0.074) 0.012 0.093 0.132 0.011 
  14   (0.062) 0.010 0.127 0.053 0.009 
  15   (0.054) 0.009 0.051 0.051 0.008 
  16   (0.043) 0.007 0.011 0.124 0.007 

Locus 12 : locus12 
19 alleles
0.0% missing data
   1   (0.056) 0.011 0.015 0.051 0.124 
   2   (0.067) 0.167 0.017 0.016 0.131 
   3   (0.086) 0.050 0.022 0.287 0.090 
   4   (0.053) 0.097 0.014 0.013 0.058 
   5   (0.055) 0.012 0.014 0.051 0.093 
   6   (0.067) 0.011 0.091 0.054 0.040 
   7   (0.066) 0.014 0.017 0.129 0.212 
   8   (0.058) 0.148 0.015 0.014 0.063 
   9   (0.055) 0.009 0.014 0.166 0.037 
  10   (0.058) 0.106 0.015 0.014 0.079 
  11   (0.038) 0.167 0.010 0.009 0.007 
  12   (0.035) 0.056 0.009 0.009 0.009 
  13   (0.047) 0.034 0.012 0.049 0.007 
  14   (0.038) 0.080 0.010 0.009 0.014 
  15   (0.057) 0.009 0.163 0.051 0.009 
  16   (0.061) 0.010 0.312 0.053 0.010 
  17   (0.033) 0.005 0.045 0.008 0.005 
  18   (0.034) 0.006 0.083 0.008 0.005 
  19   (0.036) 0.006 0.120 0.009 0.006 

Locus 13 : locus13 
21 alleles
0.0% missing data
   1   (0.064) 0.016 0.017 0.053 0.288 
   2   (0.076) 0.021 0.020 0.132 0.259 
   3   (0.039) 0.008 0.010 0.009 0.118 
   4   (0.034) 0.006 0.009 0.008 0.033 
   5   (0.052) 0.009 0.014 0.050 0.065 
   6   (0.067) 0.015 0.017 0.130 0.091 
   7   (0.031) 0.005 0.008 0.008 0.033 
   8   (0.072) 0.120 0.019 0.131 0.014 
   9   (0.045) 0.336 0.012 0.011 0.011 
  10   (0.068) 0.094 0.166 0.016 0.010 
  11   (0.063) 0.061 0.016 0.129 0.015 
  12   (0.037) 0.197 0.010 0.009 0.009 
  13   (0.054) 0.036 0.125 0.013 0.008 
  14   (0.051) 0.036 0.013 0.050 0.008 
  15   (0.037) 0.006 0.120 0.009 0.006 
  16   (0.032) 0.005 0.082 0.008 0.005 
  17   (0.035) 0.006 0.120 0.008 0.005 
  18   (0.038) 0.006 0.158 0.009 0.006 
  19   (0.034) 0.006 0.046 0.008 0.005 
  20   (0.036) 0.006 0.009 0.123 0.005 
  21   (0.037) 0.006 0.010 0.085 0.006 

Locus 14 : locus14 
18 alleles
0.0% missing data
   1   (0.089) 0.025 0.097 0.022 0.509 
   2   (0.041) 0.007 0.011 0.010 0.063 
   3   (0.060) 0.010 0.016 0.129 0.037 
   4   (0.061) 0.038 0.016 0.015 0.094 
   5   (0.048) 0.010 0.013 0.012 0.118 
   6   (0.067) 0.017 0.018 0.092 0.060 
   7   (0.051) 0.315 0.013 0.012 0.009 
   8   (0.062) 0.061 0.053 0.015 0.015 
   9   (0.088) 0.118 0.245 0.021 0.021 
  10   (0.092) 0.284 0.172 0.022 0.024 
  11   (0.064) 0.067 0.091 0.015 0.010 
  12   (0.038) 0.006 0.084 0.009 0.006 
  13   (0.039) 0.007 0.084 0.009 0.006 
  14   (0.036) 0.006 0.046 0.009 0.005 
  15   (0.040) 0.007 0.011 0.199 0.006 
  16   (0.047) 0.008 0.012 0.238 0.007 
  17   (0.041) 0.007 0.011 0.086 0.006 
  18   (0.036) 0.006 0.009 0.084 0.005 

Locus 15 : locus15 
21 alleles
0.0% missing data
   1   (0.044) 0.012 0.011 0.011 0.285 
   2   (0.040) 0.009 0.010 0.010 0.088 
   3   (0.057) 0.009 0.015 0.204 0.036 
   4   (0.037) 0.008 0.010 0.009 0.173 
   5   (0.041) 0.010 0.011 0.010 0.088 
   6   (0.070) 0.014 0.018 0.093 0.150 
   7   (0.038) 0.010 0.010 0.009 0.058 
   8   (0.067) 0.197 0.054 0.016 0.019 
   9   (0.071) 0.203 0.092 0.017 0.014 
  10   (0.077) 0.287 0.094 0.019 0.016 
  11   (0.055) 0.037 0.089 0.013 0.008 
  12   (0.040) 0.116 0.010 0.010 0.008 
  13   (0.066) 0.038 0.276 0.016 0.010 
  14   (0.038) 0.006 0.120 0.009 0.006 
  15   (0.041) 0.007 0.122 0.010 0.006 
  16   (0.031) 0.005 0.008 0.045 0.005 
  17   (0.039) 0.007 0.010 0.123 0.006 
  18   (0.034) 0.006 0.009 0.084 0.005 
  19   (0.039) 0.006 0.010 0.085 0.006 
  20   (0.039) 0.007 0.010 0.123 0.006 
  21   (0.037) 0.006 0.010 0.085 0.006 

Locus 16 : locus16 
17 alleles
0.0% missing data
   1   (0.083) 0.020 0.206 0.020 0.255 
   2   (0.095) 0.055 0.025 0.289 0.086 
   3   (0.124) 0.061 0.181 0.144 0.090 
   4   (0.078) 0.019 0.168 0.019 0.255 
   5   (0.041) 0.016 0.011 0.010 0.081 
   6   (0.043) 0.013 0.011 0.010 0.111 
   7   (0.062) 0.011 0.201 0.015 0.037 
   8   (0.038) 0.063 0.010 0.009 0.006 
   9   (0.059) 0.067 0.016 0.090 0.009 
  10   (0.038) 0.116 0.010 0.009 0.010 
  11   (0.046) 0.260 0.012 0.011 0.011 
  12   (0.061) 0.151 0.016 0.052 0.011 
  13   (0.067) 0.063 0.017 0.168 0.015 
  14   (0.033) 0.034 0.009 0.008 0.005 
  15   (0.057) 0.038 0.015 0.090 0.008 
  16   (0.039) 0.007 0.084 0.009 0.006 
  17   (0.035) 0.006 0.009 0.046 0.005 

Locus 17 : locus17 
18 alleles
0.0% missing data
   1   (0.092) 0.077 0.024 0.098 0.180 
   2   (0.099) 0.155 0.026 0.100 0.213 
   3   (0.128) 0.135 0.033 0.335 0.332 
   4   (0.072) 0.067 0.019 0.055 0.068 
   5   (0.088) 0.192 0.023 0.059 0.084 
   6   (0.094) 0.276 0.025 0.098 0.057 
   7   (0.036) 0.033 0.009 0.009 0.006 
   8   (0.039) 0.006 0.158 0.009 0.006 
   9   (0.034) 0.006 0.046 0.008 0.005 
  10   (0.038) 0.006 0.157 0.009 0.006 
  11   (0.036) 0.006 0.083 0.009 0.006 
  12   (0.038) 0.006 0.121 0.009 0.006 
  13   (0.036) 0.006 0.120 0.009 0.006 
  14   (0.035) 0.006 0.046 0.008 0.005 
  15   (0.035) 0.006 0.046 0.008 0.005 
  16   (0.033) 0.005 0.045 0.008 0.005 
  17   (0.037) 0.006 0.010 0.123 0.006 
  18   (0.033) 0.005 0.008 0.046 0.005 

Locus 18 : locus18 
19 alleles
0.0% missing data
   1   (0.088) 0.058 0.023 0.059 0.403 
   2   (0.051) 0.008 0.087 0.013 0.037 
   3   (0.088) 0.288 0.059 0.021 0.068 
   4   (0.061) 0.015 0.016 0.129 0.062 
   5   (0.038) 0.008 0.010 0.009 0.091 
   6   (0.032) 0.005 0.008 0.008 0.034 
   7   (0.084) 0.141 0.059 0.020 0.108 
   8   (0.064) 0.212 0.017 0.016 0.056 
   9   (0.079) 0.040 0.131 0.019 0.071 
  10   (0.035) 0.033 0.009 0.008 0.005 
  11   (0.045) 0.111 0.012 0.011 0.012 
  12   (0.063) 0.037 0.275 0.015 0.010 
  13   (0.056) 0.009 0.163 0.051 0.009 
  14   (0.036) 0.006 0.083 0.009 0.006 
  15   (0.038) 0.006 0.010 0.161 0.006 
  16   (0.039) 0.006 0.010 0.199 0.006 
  17   (0.034) 0.006 0.009 0.046 0.005 
  18   (0.038) 0.006 0.010 0.161 0.006 
  19   (0.033) 0.005 0.008 0.046 0.005 

Locus 19 : locus19 
21 alleles
0.0% missing data
   1   (0.049) 0.013 0.013 0.012 0.451 
   2   (0.038) 0.008 0.010 0.009 0.228 
   3   (0.039) 0.011 0.010 0.009 0.058 
   4   (0.035) 0.006 0.009 0.008 0.033 
   5   (0.035) 0.009 0.009 0.009 0.058 
   6   (0.033) 0.006 0.009 0.008 0.033 
   7   (0.114) 0.236 0.214 0.065 0.025 
   8   (0.038) 0.059 0.010 0.009 0.009 
   9   (0.045) 0.286 0.012 0.011 0.009 
  10   (0.092) 0.071 0.135 0.098 0.014 
  11   (0.093) 0.043 0.173 0.136 0.014 
  12   (0.042) 0.089 0.011 0.010 0.009 
  13   (0.041) 0.083 0.011 0.010 0.013 
  14   (0.035) 0.034 0.009 0.009 0.005 
  15   (0.039) 0.007 0.195 0.009 0.006 
  16   (0.034) 0.006 0.046 0.008 0.005 
  17   (0.032) 0.005 0.045 0.008 0.005 
  18   (0.054) 0.009 0.051 0.127 0.008 
  19   (0.039) 0.007 0.010 0.237 0.006 
  20   (0.041) 0.007 0.011 0.162 0.006 
  21   (0.031) 0.005 0.008 0.045 0.005 

Locus 20 : locus20 
23 alleles
0.0% missing data
   1   (0.072) 0.014 0.130 0.017 0.181 
   2   (0.056) 0.013 0.015 0.051 0.177 
   3   (0.052) 0.012 0.050 0.013 0.091 
   4   (0.059) 0.010 0.015 0.319 0.037 
   5   (0.056) 0.020 0.051 0.014 0.083 
   6   (0.079) 0.018 0.205 0.019 0.179 
   7   (0.037) 0.010 0.010 0.009 0.116 
   8   (0.047) 0.008 0.087 0.011 0.035 
   9   (0.037) 0.252 0.010 0.009 0.007 
  10   (0.042) 0.195 0.011 0.010 0.011 
  11   (0.034) 0.033 0.009 0.008 0.005 
  12   (0.038) 0.112 0.010 0.009 0.010 
  13   (0.040) 0.141 0.010 0.010 0.009 
  14   (0.036) 0.057 0.009 0.009 0.009 
  15   (0.030) 0.032 0.008 0.007 0.005 
  16   (0.033) 0.033 0.009 0.008 0.005 
  17   (0.035) 0.006 0.120 0.009 0.005 
  18   (0.054) 0.009 0.125 0.051 0.008 
  19   (0.034) 0.006 0.083 0.008 0.005 
  20   (0.029) 0.005 0.008 0.045 0.004 
  21   (0.035) 0.006 0.009 0.122 0.005 
  22   (0.034) 0.006 0.009 0.198 0.005 
  23   (0.032) 0.005 0.008 0.046 0.005 

Locus 21 : locus21 
20 alleles
0.0% missing data
   1   (0.046) 0.011 0.012 0.011 0.259 
   2   (0.079) 0.016 0.169 0.019 0.151 
   3   (0.042) 0.012 0.011 0.010 0.171 
   4   (0.067) 0.015 0.054 0.016 0.176 
   5   (0.034) 0.006 0.009 0.008 0.033 
   6   (0.072) 0.016 0.130 0.018 0.092 
   7   (0.090) 0.507 0.023 0.135 0.021 
   8   (0.039) 0.062 0.010 0.009 0.006 
   9   (0.040) 0.058 0.011 0.010 0.010 
  10   (0.040) 0.116 0.010 0.010 0.008 
  11   (0.052) 0.036 0.014 0.050 0.008 
  12   (0.053) 0.036 0.014 0.051 0.008 
  13   (0.060) 0.060 0.016 0.052 0.014 
  14   (0.043) 0.007 0.196 0.010 0.007 
  15   (0.035) 0.006 0.083 0.009 0.005 
  16   (0.046) 0.008 0.197 0.011 0.007 
  17   (0.048) 0.008 0.013 0.315 0.007 
  18   (0.041) 0.007 0.011 0.124 0.006 
  19   (0.038) 0.006 0.010 0.085 0.006 
  20   (0.036) 0.006 0.009 0.047 0.005 

Locus 22 : locus22 
21 alleles
0.0% missing data
   1   (0.063) 0.019 0.053 0.015 0.283 
   2   (0.061) 0.185 0.016 0.015 0.115 
   3   (0.079) 0.126 0.057 0.019 0.124 
   4   (0.095) 0.115 0.172 0.023 0.111 
   5   (0.037) 0.008 0.010 0.009 0.117 
   6   (0.031) 0.005 0.008 0.007 0.033 
   7   (0.078) 0.069 0.169 0.019 0.039 
   8   (0.050) 0.008 0.087 0.012 0.035 
   9   (0.052) 0.064 0.014 0.013 0.064 
  10   (0.074) 0.228 0.093 0.018 0.019 
  11   (0.029) 0.033 0.008 0.007 0.004 
  12   (0.034) 0.088 0.009 0.008 0.007 
  13   (0.032) 0.005 0.082 0.008 0.005 
  14   (0.038) 0.006 0.157 0.009 0.006 
  15   (0.041) 0.007 0.011 0.199 0.006 
  16   (0.033) 0.006 0.008 0.122 0.005 
  17   (0.037) 0.006 0.010 0.085 0.006 
  18   (0.038) 0.006 0.010 0.123 0.006 
  19   (0.031) 0.005 0.008 0.083 0.005 
  20   (0.034) 0.006 0.009 0.084 0.005 
  21   (0.035) 0.006 0.009 0.122 0.005 

Locus 23 : locus23 
22 alleles
0.0% missing data
   1   (0.071) 0.019 0.092 0.017 0.456 
   2   (0.055) 0.012 0.051 0.013 0.119 
   3   (0.050) 0.008 0.050 0.012 0.092 
   4   (0.030) 0.005 0.008 0.007 0.033 
   5   (0.040) 0.015 0.010 0.010 0.082 
   6   (0.031) 0.005 0.008 0.007 0.033 
   7   (0.067) 0.011 0.313 0.016 0.067 
   8   (0.071) 0.200 0.018 0.131 0.017 
   9   (0.058) 0.149 0.015 0.089 0.009 
  10   (0.074) 0.227 0.019 0.170 0.019 
  11   (0.046) 0.198 0.012 0.011 0.011 
  12   (0.057) 0.037 0.015 0.166 0.009 
  13   (0.050) 0.036 0.013 0.088 0.008 
  14   (0.030) 0.033 0.008 0.007 0.005 
  15   (0.035) 0.006 0.120 0.009 0.005 
  16   (0.036) 0.006 0.083 0.009 0.005 
  17   (0.037) 0.006 0.083 0.009 0.006 
  18   (0.032) 0.005 0.045 0.008 0.005 
  19   (0.030) 0.005 0.008 0.045 0.004 
  20   (0.035) 0.006 0.009 0.084 0.005 
  21   (0.034) 0.006 0.009 0.046 0.005 
  22   (0.034) 0.006 0.009 0.046 0.005 

Locus 24 : locus24 
23 alleles
0.0% missing data
   1   (0.036) 0.006 0.010 0.009 0.090 
   2   (0.041) 0.011 0.011 0.010 0.199 
   3   (0.042) 0.011 0.011 0.010 0.227 
   4   (0.063) 0.055 0.017 0.015 0.133 
   5   (0.049) 0.008 0.013 0.050 0.036 
   6   (0.058) 0.010 0.015 0.166 0.036 
   7   (0.038) 0.009 0.010 0.009 0.088 
   8   (0.039) 0.015 0.010 0.010 0.082 
   9   (0.050) 0.311 0.013 0.012 0.013 
  10   (0.047) 0.115 0.012 0.011 0.012 
  11   (0.042) 0.146 0.011 0.010 0.007 
  12   (0.040) 0.089 0.010 0.010 0.008 
  13   (0.032) 0.033 0.008 0.008 0.005 
  14   (0.042) 0.091 0.011 0.010 0.006 
  15   (0.031) 0.033 0.008 0.008 0.005 
  16   (0.045) 0.008 0.345 0.011 0.007 
  17   (0.057) 0.010 0.163 0.051 0.009 
  18   (0.030) 0.005 0.045 0.007 0.005 
  19   (0.041) 0.007 0.121 0.010 0.006 
  20   (0.037) 0.006 0.046 0.009 0.006 
  21   (0.067) 0.011 0.054 0.433 0.010 
  22   (0.035) 0.006 0.046 0.008 0.005 
  23   (0.039) 0.006 0.010 0.123 0.006 

Locus 25 : locus25 
20 alleles
0.0% missing data
   1   (0.099) 0.172 0.026 0.099 0.195 
   2   (0.057) 0.065 0.015 0.014 0.147 
   3   (0.080) 0.118 0.021 0.057 0.076 
   4   (0.075) 0.173 0.020 0.056 0.050 
   5   (0.044) 0.014 0.011 0.011 0.164 
   6   (0.062) 0.171 0.016 0.015 0.048 
   7   (0.057) 0.013 0.015 0.052 0.087 
   8   (0.032) 0.006 0.009 0.008 0.032 
   9   (0.035) 0.010 0.009 0.008 0.055 
  10   (0.039) 0.015 0.010 0.009 0.080 
  11   (0.066) 0.151 0.017 0.092 0.014 
  12   (0.054) 0.038 0.014 0.090 0.008 
  13   (0.042) 0.007 0.269 0.010 0.006 
  14   (0.036) 0.006 0.120 0.009 0.005 
  15   (0.038) 0.007 0.121 0.009 0.006 
  16   (0.042) 0.007 0.196 0.010 0.006 
  17   (0.032) 0.006 0.045 0.008 0.005 
  18   (0.033) 0.006 0.046 0.008 0.005 
  19   (0.043) 0.007 0.011 0.313 0.006 
  20   (0.034) 0.006 0.009 0.122 0.005 

Locus 26 : locus26 
17 alleles
0.0% missing data
   1   (0.117) 0.236 0.031 0.256 0.108 
   2   (0.072) 0.016 0.019 0.131 0.205 
   3   (0.117) 0.091 0.031 0.370 0.254 
   4   (0.082) 0.014 0.169 0.095 0.040 
   5   (0.084) 0.114 0.059 0.020 0.081 
   6   (0.056) 0.009 0.089 0.014 0.065 
   7   (0.072) 0.230 0.019 0.017 0.101 
   8   (0.061) 0.014 0.090 0.015 0.091 
   9   (0.032) 0.033 0.008 0.008 0.005 
  10   (0.035) 0.034 0.009 0.008 0.005 
  11   (0.061) 0.038 0.201 0.015 0.009 
  12   (0.040) 0.114 0.010 0.010 0.010 
  13   (0.033) 0.034 0.009 0.008 0.005 
  14   (0.033) 0.006 0.046 0.008 0.005 
  15   (0.037) 0.006 0.084 0.009 0.006 
  16   (0.033) 0.005 0.045 0.008 0.005 
  17   (0.034) 0.006 0.083 0.008 0.005 

Locus 27 : locus27 
18 alleles
0.0% missing data
   1   (0.075) 0.017 0.019 0.094 0.268 
   2   (0.069) 0.011 0.240 0.017 0.069 
   3   (0.085) 0.020 0.022 0.324 0.238 
   4   (0.081) 0.013 0.206 0.057 0.041 
   5   (0.096) 0.016 0.210 0.099 0.073 
   6   (0.037) 0.008 0.010 0.009 0.090 
   7   (0.082) 0.114 0.058 0.020 0.050 
   8   (0.039) 0.014 0.010 0.010 0.085 
   9   (0.065) 0.195 0.017 0.053 0.017 
  10   (0.069) 0.275 0.054 0.017 0.019 
  11   (0.040) 0.115 0.010 0.010 0.006 
  12   (0.041) 0.139 0.011 0.010 0.010 
  13   (0.034) 0.033 0.009 0.008 0.005 
  14   (0.036) 0.006 0.083 0.009 0.006 
  15   (0.035) 0.006 0.009 0.047 0.006 
  16   (0.037) 0.006 0.010 0.047 0.006 
  17   (0.038) 0.006 0.010 0.085 0.006 
  18   (0.039) 0.006 0.010 0.085 0.006 

Locus 28 : locus28 
29 alleles
0.0% missing data
   1   (0.037) 0.011 0.010 0.009 0.114 
   2   (0.038) 0.010 0.010 0.009 0.144 
   3   (0.032) 0.005 0.008 0.008 0.061 
   4   (0.043) 0.011 0.011 0.010 0.315 
   5   (0.032) 0.005 0.008 0.008 0.033 
   6   (0.031) 0.005 0.008 0.008 0.033 
   7   (0.033) 0.009 0.009 0.008 0.114 
   8   (0.046) 0.008 0.049 0.011 0.035 
   9   (0.031) 0.005 0.008 0.008 0.033 
  10   (0.034) 0.171 0.009 0.008 0.006 
  11   (0.042) 0.168 0.011 0.010 0.011 
  12   (0.036) 0.087 0.010 0.009 0.008 
  13   (0.039) 0.197 0.010 0.009 0.010 
  14   (0.031) 0.061 0.008 0.007 0.005 
  15   (0.028) 0.032 0.007 0.007 0.004 
  16   (0.038) 0.142 0.010 0.009 0.009 
  17   (0.036) 0.006 0.194 0.009 0.006 
  18   (0.037) 0.006 0.084 0.009 0.006 
  19   (0.033) 0.006 0.082 0.008 0.005 
  20   (0.032) 0.005 0.119 0.008 0.005 
  21   (0.035) 0.006 0.194 0.009 0.005 
  22   (0.028) 0.005 0.044 0.007 0.004 
  23   (0.028) 0.005 0.044 0.007 0.004 
  24   (0.040) 0.007 0.010 0.275 0.006 
  25   (0.031) 0.005 0.008 0.083 0.005 
  26   (0.035) 0.006 0.009 0.160 0.005 
  27   (0.029) 0.005 0.008 0.045 0.004 
  28   (0.033) 0.005 0.008 0.160 0.005 
  29   (0.032) 0.005 0.008 0.083 0.005 

Locus 29 : locus29 
19 alleles
0.0% missing data
   1   (0.123) 0.106 0.254 0.030 0.247 
   2   (0.116) 0.154 0.141 0.028 0.311 
   3   (0.093) 0.065 0.098 0.022 0.165 
   4   (0.031) 0.005 0.008 0.008 0.034 
   5   (0.038) 0.010 0.010 0.009 0.061 
   6   (0.077) 0.079 0.057 0.019 0.085 
   7   (0.046) 0.245 0.012 0.011 0.012 
   8   (0.045) 0.163 0.012 0.011 0.013 
   9   (0.037) 0.060 0.010 0.009 0.006 
  10   (0.040) 0.057 0.010 0.010 0.010 
  11   (0.038) 0.006 0.158 0.009 0.006 
  12   (0.039) 0.006 0.084 0.009 0.006 
  13   (0.034) 0.005 0.046 0.008 0.005 
  14   (0.036) 0.006 0.046 0.009 0.006 
  15   (0.047) 0.008 0.012 0.276 0.007 
  16   (0.042) 0.007 0.011 0.200 0.007 
  17   (0.037) 0.006 0.010 0.085 0.006 
  18   (0.042) 0.007 0.011 0.162 0.007 
  19   (0.039) 0.006 0.010 0.085 0.006 

Locus 30 : locus30 
18 alleles
0.0% missing data
   1   (0.042) 0.010 0.011 0.010 0.174 
   2   (0.066) 0.020 0.017 0.053 0.286 
   3   (0.050) 0.036 0.013 0.012 0.036 
   4   (0.085) 0.049 0.022 0.097 0.148 
   5   (0.060) 0.010 0.016 0.090 0.066 
   6   (0.088) 0.126 0.134 0.021 0.041 
   7   (0.099) 0.106 0.248 0.024 0.064 
   8   (0.059) 0.057 0.015 0.014 0.102 
   9   (0.050) 0.334 0.013 0.012 0.013 
  10   (0.069) 0.115 0.092 0.017 0.018 
  11   (0.071) 0.067 0.277 0.017 0.011 
  12   (0.031) 0.033 0.008 0.008 0.005 
  13   (0.038) 0.006 0.084 0.009 0.006 
  14   (0.042) 0.007 0.011 0.238 0.006 
  15   (0.038) 0.006 0.010 0.085 0.006 
  16   (0.041) 0.007 0.011 0.124 0.006 
  17   (0.033) 0.006 0.009 0.046 0.005 
  18   (0.038) 0.006 0.010 0.123 0.006 

Locus 31 : locus31 
25 alleles
0.0% missing data
   1   (0.038) 0.009 0.010 0.009 0.311 
   2   (0.031) 0.007 0.008 0.007 0.115 
   3   (0.030) 0.006 0.008 0.007 0.143 
   4   (0.037) 0.010 0.010 0.009 0.197 
   5   (0.038) 0.015 0.010 0.009 0.080 
   6   (0.025) 0.032 0.007 0.006 0.004 
   7   (0.053) 0.061 0.088 0.013 0.012 
   8   (0.031) 0.062 0.008 0.008 0.005 
   9   (0.032) 0.033 0.008 0.008 0.005 
  10   (0.039) 0.144 0.010 0.009 0.009 
  11   (0.055) 0.122 0.125 0.013 0.008 
  12   (0.056) 0.173 0.051 0.014 0.014 
  13   (0.034) 0.083 0.009 0.008 0.011 
  14   (0.090) 0.065 0.171 0.136 0.019 
  15   (0.030) 0.033 0.008 0.007 0.004 
  16   (0.028) 0.033 0.007 0.007 0.004 
  17   (0.056) 0.061 0.199 0.013 0.013 
  18   (0.051) 0.009 0.087 0.126 0.008 
  19   (0.047) 0.008 0.086 0.049 0.007 
  20   (0.051) 0.009 0.050 0.202 0.008 
  21   (0.030) 0.005 0.008 0.045 0.004 
  22   (0.030) 0.005 0.008 0.121 0.005 
  23   (0.033) 0.006 0.009 0.084 0.005 
  24   (0.027) 0.005 0.007 0.044 0.004 
  25   (0.029) 0.005 0.008 0.045 0.004 

Locus 32 : locus32 
24 alleles
0.0% missing data
   1   (0.039) 0.012 0.010 0.009 0.167 
   2   (0.039) 0.010 0.010 0.009 0.142 
   3   (0.042) 0.009 0.011 0.010 0.284 
   4   (0.036) 0.009 0.009 0.009 0.087 
   5   (0.041) 0.010 0.011 0.010 0.143 
   6   (0.032) 0.005 0.008 0.008 0.033 
   7   (0.057) 0.204 0.051 0.014 0.011 
   8   (0.063) 0.143 0.053 0.015 0.018 
   9   (0.051) 0.065 0.050 0.012 0.008 
  10   (0.051) 0.060 0.088 0.012 0.012 
  11   (0.038) 0.119 0.010 0.009 0.006 
  12   (0.032) 0.062 0.008 0.008 0.005 
  13   (0.040) 0.115 0.011 0.010 0.010 
  14   (0.060) 0.084 0.052 0.014 0.018 
  15   (0.057) 0.038 0.237 0.014 0.009 
  16   (0.035) 0.006 0.120 0.008 0.005 
  17   (0.035) 0.006 0.157 0.009 0.005 
  18   (0.029) 0.005 0.045 0.007 0.004 
  19   (0.039) 0.007 0.010 0.123 0.006 
  20   (0.038) 0.006 0.010 0.198 0.006 
  21   (0.038) 0.006 0.010 0.161 0.006 
  22   (0.033) 0.006 0.009 0.159 0.005 
  23   (0.037) 0.006 0.010 0.085 0.006 
  24   (0.037) 0.006 0.010 0.085 0.005 

Locus 33 : locus33 
19 alleles
0.0% missing data
   1   (0.084) 0.060 0.059 0.021 0.391 
   2   (0.086) 0.243 0.059 0.021 0.092 
   3   (0.098) 0.094 0.284 0.024 0.133 
   4   (0.098) 0.098 0.136 0.024 0.215 
   5   (0.076) 0.121 0.057 0.018 0.070 
   6   (0.054) 0.090 0.014 0.051 0.011 
   7   (0.052) 0.060 0.014 0.050 0.012 
   8   (0.038) 0.116 0.010 0.009 0.007 
   9   (0.070) 0.062 0.055 0.055 0.016 
  10   (0.036) 0.006 0.120 0.009 0.006 
  11   (0.031) 0.005 0.045 0.007 0.005 
  12   (0.032) 0.005 0.045 0.008 0.005 
  13   (0.044) 0.007 0.049 0.049 0.007 
  14   (0.038) 0.006 0.010 0.236 0.006 
  15   (0.031) 0.005 0.008 0.045 0.005 
  16   (0.037) 0.006 0.010 0.123 0.006 
  17   (0.032) 0.005 0.008 0.084 0.005 
  18   (0.033) 0.005 0.009 0.122 0.005 
  19   (0.030) 0.005 0.008 0.045 0.005 

Locus 34 : locus34 
29 alleles
0.0% missing data
   1   (0.061) 0.130 0.016 0.015 0.518 
   2   (0.051) 0.052 0.013 0.012 0.192 
   3   (0.047) 0.044 0.012 0.012 0.084 
   4   (0.027) 0.004 0.007 0.006 0.033 
   5   (0.025) 0.004 0.007 0.006 0.033 
   6   (0.031) 0.085 0.008 0.007 0.007 
   7   (0.026) 0.031 0.007 0.006 0.004 
   8   (0.032) 0.135 0.008 0.008 0.011 
   9   (0.048) 0.062 0.013 0.126 0.008 
  10   (0.036) 0.136 0.009 0.009 0.012 
  11   (0.028) 0.112 0.007 0.007 0.006 
  12   (0.034) 0.113 0.009 0.008 0.007 
  13   (0.031) 0.005 0.155 0.007 0.005 
  14   (0.028) 0.005 0.044 0.007 0.004 
  15   (0.030) 0.005 0.045 0.007 0.005 
  16   (0.033) 0.005 0.156 0.008 0.005 
  17   (0.044) 0.007 0.048 0.048 0.007 
  18   (0.043) 0.007 0.048 0.048 0.007 
  19   (0.032) 0.005 0.119 0.008 0.005 
  20   (0.043) 0.007 0.048 0.048 0.007 
  21   (0.029) 0.005 0.044 0.007 0.004 
  22   (0.041) 0.007 0.085 0.048 0.006 
  23   (0.025) 0.004 0.043 0.006 0.004 
  24   (0.030) 0.005 0.008 0.045 0.005 
  25   (0.030) 0.005 0.008 0.121 0.005 
  26   (0.031) 0.005 0.008 0.121 0.005 
  27   (0.028) 0.005 0.007 0.121 0.004 
  28   (0.030) 0.005 0.008 0.083 0.005 
  29   (0.029) 0.005 0.008 0.045 0.005 

Locus 35 : locus35 
23 alleles
0.0% missing data
   1   (0.044) 0.012 0.011 0.011 0.199 
   2   (0.040) 0.007 0.010 0.010 0.091 
   3   (0.047) 0.011 0.012 0.011 0.314 
   4   (0.044) 0.013 0.011 0.011 0.225 
   5   (0.034) 0.006 0.009 0.008 0.033 
   6   (0.037) 0.090 0.010 0.009 0.006 
   7   (0.065) 0.146 0.017 0.053 0.014 
   8   (0.074) 0.173 0.019 0.132 0.019 
   9   (0.044) 0.199 0.011 0.011 0.011 
  10   (0.041) 0.117 0.011 0.010 0.008 
  11   (0.042) 0.145 0.011 0.010 0.008 
  12   (0.037) 0.006 0.083 0.009 0.006 
  13   (0.041) 0.007 0.121 0.010 0.006 
  14   (0.059) 0.010 0.126 0.052 0.009 
  15   (0.065) 0.011 0.313 0.053 0.010 
  16   (0.032) 0.005 0.045 0.008 0.005 
  17   (0.038) 0.006 0.084 0.009 0.006 
  18   (0.031) 0.005 0.045 0.008 0.005 
  19   (0.040) 0.007 0.010 0.199 0.006 
  20   (0.042) 0.007 0.011 0.124 0.006 
  21   (0.037) 0.006 0.010 0.123 0.006 
  22   (0.032) 0.005 0.008 0.046 0.005 
  23   (0.035) 0.006 0.009 0.084 0.005 

Locus 36 : locus36 
20 alleles
0.0% missing data
   1   (0.044) 0.014 0.012 0.011 0.168 
   2   (0.038) 0.008 0.010 0.009 0.116 
   3   (0.046) 0.012 0.012 0.011 0.450 
   4   (0.036) 0.006 0.009 0.009 0.089 
   5   (0.037) 0.006 0.010 0.009 0.033 
   6   (0.042) 0.168 0.011 0.010 0.014 
   7   (0.087) 0.095 0.171 0.059 0.017 
   8   (0.035) 0.091 0.009 0.009 0.005 
   9   (0.037) 0.089 0.010 0.009 0.008 
  10   (0.110) 0.211 0.066 0.368 0.021 
  11   (0.066) 0.121 0.017 0.130 0.012 
  12   (0.037) 0.058 0.009 0.009 0.009 
  13   (0.065) 0.039 0.054 0.054 0.010 
  14   (0.049) 0.036 0.013 0.050 0.007 
  15   (0.039) 0.007 0.194 0.009 0.006 
  16   (0.059) 0.010 0.089 0.128 0.009 
  17   (0.055) 0.009 0.088 0.051 0.008 
  18   (0.037) 0.006 0.083 0.009 0.006 
  19   (0.052) 0.009 0.088 0.050 0.008 
  20   (0.030) 0.005 0.045 0.007 0.005 

Locus 37 : locus37 
21 alleles
0.0% missing data
   1   (0.078) 0.018 0.021 0.094 0.626 
   2   (0.063) 0.013 0.017 0.129 0.119 
   3   (0.052) 0.014 0.050 0.013 0.059 
   4   (0.064) 0.017 0.054 0.053 0.060 
   5   (0.048) 0.064 0.049 0.012 0.007 
   6   (0.069) 0.120 0.018 0.169 0.013 
   7   (0.059) 0.145 0.015 0.090 0.013 
   8   (0.056) 0.090 0.015 0.051 0.011 
   9   (0.055) 0.065 0.014 0.089 0.008 
  10   (0.033) 0.033 0.009 0.008 0.005 
  11   (0.064) 0.201 0.017 0.129 0.015 
  12   (0.042) 0.114 0.011 0.010 0.011 
  13   (0.039) 0.059 0.010 0.010 0.010 
  14   (0.036) 0.006 0.194 0.009 0.006 
  15   (0.029) 0.005 0.045 0.007 0.004 
  16   (0.037) 0.006 0.120 0.009 0.006 
  17   (0.031) 0.005 0.045 0.008 0.005 
  18   (0.038) 0.006 0.084 0.009 0.006 
  19   (0.035) 0.006 0.120 0.008 0.005 
  20   (0.036) 0.006 0.083 0.009 0.005 
  21   (0.036) 0.006 0.009 0.085 0.005 

Locus 38 : locus38 
20 alleles
0.0% missing data
   1   (0.066) 0.016 0.017 0.092 0.146 
   2   (0.075) 0.019 0.020 0.132 0.204 
   3   (0.065) 0.015 0.054 0.016 0.376 
   4   (0.059) 0.015 0.090 0.014 0.059 
   5   (0.060) 0.010 0.016 0.091 0.094 
   6   (0.045) 0.225 0.012 0.011 0.010 
   7   (0.049) 0.036 0.013 0.050 0.007 
   8   (0.047) 0.280 0.012 0.011 0.011 
   9   (0.057) 0.089 0.015 0.052 0.012 
  10   (0.050) 0.036 0.013 0.050 0.008 
  11   (0.040) 0.087 0.010 0.010 0.009 
  12   (0.056) 0.065 0.015 0.051 0.009 
  13   (0.057) 0.060 0.015 0.052 0.014 
  14   (0.041) 0.007 0.232 0.010 0.006 
  15   (0.039) 0.007 0.158 0.010 0.006 
  16   (0.042) 0.007 0.158 0.010 0.006 
  17   (0.038) 0.006 0.121 0.009 0.006 
  18   (0.041) 0.007 0.011 0.162 0.006 
  19   (0.040) 0.007 0.011 0.123 0.006 
  20   (0.033) 0.006 0.009 0.046 0.005 

Locus 39 : locus39 
28 alleles
0.0% missing data
   1   (0.033) 0.009 0.009 0.008 0.057 
   2   (0.029) 0.005 0.008 0.007 0.061 
   3   (0.040) 0.009 0.010 0.010 0.453 
   4   (0.031) 0.005 0.008 0.008 0.061 
   5   (0.037) 0.011 0.010 0.009 0.169 
   6   (0.031) 0.009 0.008 0.007 0.057 
   7   (0.050) 0.145 0.013 0.049 0.011 
   8   (0.028) 0.061 0.007 0.007 0.004 
   9   (0.039) 0.228 0.010 0.010 0.009 
  10   (0.030) 0.033 0.008 0.007 0.005 
  11   (0.032) 0.061 0.008 0.008 0.005 
  12   (0.051) 0.115 0.013 0.050 0.013 
  13   (0.034) 0.058 0.009 0.008 0.009 
  14   (0.026) 0.032 0.007 0.006 0.004 
  15   (0.031) 0.087 0.008 0.008 0.006 
  16   (0.053) 0.060 0.014 0.203 0.012 
  17   (0.055) 0.009 0.310 0.051 0.008 
  18   (0.029) 0.005 0.081 0.007 0.004 
  19   (0.033) 0.006 0.046 0.008 0.005 
  20   (0.049) 0.008 0.087 0.126 0.007 
  21   (0.051) 0.008 0.124 0.088 0.008 
  22   (0.029) 0.005 0.045 0.007 0.004 
  23   (0.027) 0.005 0.044 0.007 0.004 
  24   (0.043) 0.007 0.048 0.086 0.007 
  25   (0.025) 0.004 0.043 0.006 0.004 
  26   (0.033) 0.006 0.009 0.122 0.005 
  27   (0.025) 0.004 0.007 0.044 0.004 
  28   (0.026) 0.004 0.007 0.044 0.004 

Locus 40 : locus40 
24 alleles
0.0% missing data
   1   (0.040) 0.010 0.011 0.010 0.172 
   2   (0.037) 0.009 0.010 0.009 0.172 
   3   (0.038) 0.010 0.010 0.009 0.283 
   4   (0.035) 0.008 0.009 0.009 0.116 
   5   (0.034) 0.006 0.009 0.008 0.061 
   6   (0.037) 0.010 0.010 0.009 0.057 
   7   (0.074) 0.176 0.019 0.208 0.015 
   8   (0.054) 0.093 0.014 0.051 0.008 
   9   (0.063) 0.230 0.017 0.091 0.014 
  10   (0.036) 0.058 0.009 0.009 0.009 
  11   (0.068) 0.146 0.018 0.130 0.016 
  12   (0.072) 0.176 0.019 0.169 0.015 
  13   (0.035) 0.006 0.157 0.009 0.005 
  14   (0.031) 0.005 0.045 0.008 0.005 
  15   (0.034) 0.006 0.083 0.008 0.005 
  16   (0.037) 0.006 0.083 0.009 0.006 
  17   (0.029) 0.005 0.045 0.007 0.004 
  18   (0.036) 0.006 0.083 0.009 0.005 
  19   (0.031) 0.005 0.045 0.008 0.005 
  20   (0.040) 0.007 0.158 0.010 0.006 
  21   (0.036) 0.006 0.121 0.009 0.005 
  22   (0.035) 0.006 0.009 0.084 0.005 
  23   (0.035) 0.006 0.009 0.084 0.005 
  24   (0.033) 0.006 0.009 0.046 0.005 

Locus 41 : locus41 
18 alleles
0.0% missing data
   1   (0.099) 0.020 0.063 0.290 0.126 
   2   (0.067) 0.016 0.091 0.016 0.178 
   3   (0.076) 0.019 0.168 0.018 0.148 
   4   (0.072) 0.018 0.019 0.245 0.062 
   5   (0.048) 0.014 0.013 0.012 0.230 
   6   (0.056) 0.009 0.015 0.089 0.037 
   7   (0.075) 0.012 0.057 0.094 0.069 
   8   (0.079) 0.013 0.132 0.057 0.040 
   9   (0.053) 0.009 0.051 0.013 0.037 
  10   (0.050) 0.308 0.013 0.012 0.010 
  11   (0.049) 0.224 0.013 0.012 0.011 
  12   (0.039) 0.087 0.010 0.009 0.008 
  13   (0.046) 0.141 0.012 0.011 0.011 
  14   (0.038) 0.058 0.010 0.009 0.009 
  15   (0.034) 0.033 0.009 0.008 0.005 
  16   (0.045) 0.007 0.270 0.011 0.007 
  17   (0.036) 0.006 0.046 0.009 0.006 
  18   (0.036) 0.006 0.009 0.084 0.006 

Locus 42 : locus42 
22 alleles
0.0% missing data
   1   (0.055) 0.015 0.051 0.013 0.117 
   2   (0.066) 0.193 0.017 0.016 0.106 
   3   (0.070) 0.023 0.166 0.017 0.083 
   4   (0.061) 0.075 0.016 0.015 0.142 
   5   (0.039) 0.006 0.010 0.009 0.092 
   6   (0.038) 0.009 0.010 0.009 0.089 
   7   (0.075) 0.301 0.020 0.018 0.225 
   8   (0.079) 0.186 0.021 0.057 0.061 
   9   (0.032) 0.033 0.008 0.008 0.005 
  10   (0.052) 0.059 0.014 0.051 0.012 
  11   (0.033) 0.033 0.009 0.008 0.005 
  12   (0.038) 0.006 0.121 0.009 0.006 
  13   (0.032) 0.005 0.082 0.008 0.005 
  14   (0.044) 0.007 0.233 0.011 0.007 
  15   (0.036) 0.006 0.120 0.009 0.005 
  16   (0.035) 0.006 0.046 0.008 0.005 
  17   (0.041) 0.007 0.011 0.199 0.006 
  18   (0.044) 0.007 0.011 0.238 0.007 
  19   (0.031) 0.005 0.008 0.083 0.005 
  20   (0.033) 0.006 0.009 0.084 0.005 
  21   (0.035) 0.006 0.009 0.046 0.005 
  22   (0.033) 0.005 0.009 0.084 0.005 

Locus 43 : locus43 
19 alleles
0.0% missing data
   1   (0.038) 0.014 0.010 0.009 0.083 
   2   (0.036) 0.007 0.009 0.009 0.175 
   3   (0.037) 0.010 0.010 0.009 0.058 
   4   (0.038) 0.008 0.010 0.009 0.117 
   5   (0.039) 0.008 0.010 0.009 0.118 
   6   (0.041) 0.010 0.011 0.010 0.174 
   7   (0.035) 0.006 0.009 0.008 0.034 
   8   (0.065) 0.017 0.017 0.167 0.060 
   9   (0.035) 0.010 0.009 0.009 0.058 
  10   (0.061) 0.119 0.090 0.015 0.012 
  11   (0.083) 0.064 0.058 0.172 0.019 
  12   (0.077) 0.258 0.020 0.246 0.017 
  13   (0.065) 0.091 0.128 0.016 0.013 
  14   (0.047) 0.036 0.049 0.012 0.007 
  15   (0.093) 0.227 0.061 0.136 0.025 
  16   (0.059) 0.037 0.238 0.014 0.009 
  17   (0.082) 0.069 0.095 0.133 0.013 
  18   (0.033) 0.005 0.045 0.008 0.005 
  19   (0.036) 0.006 0.120 0.009 0.005 

Locus 44 : locus44 
8 alleles
0.0% missing data
   1   (0.131) 0.029 0.145 0.145 0.185 
   2   (0.083) 0.114 0.022 0.020 0.165 
   3   (0.103) 0.147 0.101 0.025 0.052 
   4   (0.135) 0.162 0.035 0.109 0.305 
   5   (0.131) 0.243 0.034 0.107 0.161 
   6   (0.216) 0.172 0.352 0.355 0.090 
   7   (0.121) 0.120 0.105 0.143 0.028 
   8   (0.081) 0.013 0.206 0.095 0.012 

Locus 45 : locus45 
18 alleles
0.0% missing data
   1   (0.100) 0.197 0.137 0.024 0.056 
   2   (0.068) 0.086 0.018 0.016 0.162 
   3   (0.067) 0.057 0.018 0.016 0.191 
   4   (0.068) 0.088 0.018 0.017 0.130 
   5   (0.065) 0.015 0.017 0.054 0.177 
   6   (0.036) 0.010 0.009 0.009 0.059 
   7   (0.059) 0.065 0.016 0.014 0.066 
   8   (0.063) 0.102 0.017 0.015 0.058 
   9   (0.081) 0.105 0.169 0.020 0.030 
  10   (0.033) 0.033 0.009 0.008 0.005 
  11   (0.083) 0.121 0.281 0.020 0.016 
  12   (0.043) 0.082 0.011 0.010 0.014 
  13   (0.039) 0.006 0.158 0.009 0.006 
  14   (0.036) 0.006 0.083 0.009 0.005 
  15   (0.045) 0.007 0.012 0.314 0.007 
  16   (0.033) 0.005 0.009 0.046 0.005 
  17   (0.041) 0.007 0.011 0.275 0.006 
  18   (0.039) 0.007 0.010 0.123 0.006 

Locus 46 : locus46 
19 alleles
0.0% missing data
   1   (0.076) 0.174 0.020 0.019 0.157 
   2   (0.046) 0.009 0.012 0.011 0.304 
   3   (0.096) 0.094 0.025 0.099 0.195 
   4   (0.055) 0.035 0.014 0.013 0.068 
   5   (0.059) 0.045 0.015 0.014 0.089 
   6   (0.074) 0.018 0.019 0.246 0.064 
   7   (0.046) 0.188 0.012 0.011 0.012 
   8   (0.040) 0.060 0.010 0.010 0.006 
   9   (0.079) 0.110 0.021 0.171 0.021 
  10   (0.063) 0.138 0.017 0.052 0.016 
  11   (0.045) 0.079 0.012 0.011 0.016 
  12   (0.047) 0.007 0.308 0.011 0.007 
  13   (0.045) 0.007 0.197 0.011 0.007 
  14   (0.045) 0.007 0.159 0.011 0.007 
  15   (0.034) 0.005 0.046 0.008 0.006 
  16   (0.039) 0.006 0.084 0.009 0.006 
  17   (0.039) 0.006 0.010 0.123 0.006 
  18   (0.036) 0.006 0.009 0.122 0.006 
  19   (0.035) 0.006 0.009 0.046 0.006 

Locus 47 : locus47 
19 alleles
0.0% missing data
   1   (0.068) 0.015 0.165 0.016 0.092 
   2   (0.045) 0.012 0.012 0.011 0.258 
   3   (0.038) 0.006 0.010 0.009 0.063 
   4   (0.097) 0.026 0.099 0.099 0.118 
   5   (0.101) 0.017 0.174 0.138 0.101 
   6   (0.042) 0.012 0.011 0.010 0.115 
   7   (0.085) 0.014 0.096 0.096 0.070 
   8   (0.059) 0.013 0.052 0.014 0.091 
   9   (0.044) 0.227 0.012 0.011 0.009 
  10   (0.045) 0.228 0.012 0.011 0.008 
  11   (0.042) 0.116 0.011 0.010 0.008 
  12   (0.036) 0.058 0.009 0.009 0.009 
  13   (0.048) 0.163 0.012 0.012 0.017 
  14   (0.037) 0.058 0.010 0.009 0.009 
  15   (0.062) 0.010 0.275 0.053 0.010 
  16   (0.042) 0.007 0.011 0.238 0.006 
  17   (0.039) 0.007 0.010 0.123 0.006 
  18   (0.034) 0.006 0.009 0.046 0.005 
  19   (0.037) 0.006 0.010 0.084 0.006 

Locus 48 : locus48 
21 alleles
0.0% missing data
   1   (0.036) 0.006 0.009 0.009 0.091 
   2   (0.034) 0.009 0.009 0.008 0.058 
   3   (0.052) 0.009 0.087 0.013 0.065 
   4   (0.059) 0.010 0.200 0.014 0.066 
   5   (0.057) 0.009 0.126 0.014 0.065 
   6   (0.052) 0.009 0.125 0.013 0.036 
   7   (0.059) 0.015 0.089 0.014 0.061 
   8   (0.041) 0.012 0.011 0.010 0.314 
   9   (0.058) 0.020 0.052 0.014 0.140 
  10   (0.058) 0.229 0.015 0.052 0.011 
  11   (0.042) 0.142 0.011 0.010 0.010 
  12   (0.078) 0.254 0.020 0.246 0.019 
  13   (0.035) 0.058 0.009 0.008 0.009 
  14   (0.063) 0.090 0.017 0.167 0.013 
  15   (0.030) 0.033 0.008 0.007 0.005 
  16   (0.047) 0.036 0.012 0.049 0.007 
  17   (0.061) 0.038 0.053 0.053 0.009 
  18   (0.035) 0.006 0.120 0.009 0.005 
  19   (0.034) 0.006 0.009 0.160 0.005 
  20   (0.037) 0.006 0.010 0.085 0.006 
  21   (0.030) 0.005 0.008 0.045 0.005 

Locus 49 : locus49 
28 alleles
0.0% missing data
   1   (0.035) 0.008 0.009 0.009 0.088 
   2   (0.032) 0.005 0.008 0.008 0.090 
   3   (0.040) 0.011 0.010 0.010 0.115 
   4   (0.055) 0.013 0.014 0.051 0.175 
   5   (0.033) 0.009 0.009 0.008 0.115 
   6   (0.040) 0.010 0.010 0.010 0.145 
   7   (0.032) 0.005 0.008 0.008 0.091 
   8   (0.035) 0.010 0.009 0.009 0.058 
   9   (0.052) 0.228 0.014 0.049 0.010 
  10   (0.039) 0.417 0.010 0.010 0.009 
  11   (0.035) 0.057 0.009 0.008 0.009 
  12   (0.040) 0.058 0.010 0.010 0.010 
  13   (0.032) 0.033 0.009 0.008 0.005 
  14   (0.031) 0.057 0.008 0.008 0.008 
  15   (0.034) 0.006 0.083 0.008 0.005 
  16   (0.035) 0.006 0.120 0.009 0.005 
  17   (0.031) 0.005 0.119 0.008 0.005 
  18   (0.035) 0.006 0.083 0.008 0.005 
  19   (0.037) 0.006 0.194 0.009 0.006 
  20   (0.035) 0.006 0.120 0.009 0.005 
  21   (0.037) 0.006 0.084 0.009 0.006 
  22   (0.029) 0.005 0.008 0.197 0.004 
  23   (0.038) 0.006 0.010 0.199 0.006 
  24   (0.031) 0.005 0.008 0.045 0.005 
  25   (0.033) 0.005 0.008 0.122 0.005 
  26   (0.031) 0.005 0.008 0.045 0.005 
  27   (0.032) 0.005 0.008 0.084 0.005 
  28   (0.028) 0.005 0.007 0.045 0.004 

Locus 50 : locus50 
14 alleles
0.0% missing data
   1   (0.110) 0.026 0.065 0.216 0.323 
   2   (0.096) 0.122 0.136 0.023 0.075 
   3   (0.042) 0.012 0.011 0.010 0.116 
   4   (0.100) 0.017 0.173 0.138 0.101 
   5   (0.097) 0.052 0.062 0.061 0.121 
   6   (0.105) 0.073 0.064 0.139 0.072 
   7   (0.092) 0.070 0.321 0.022 0.041 
   8   (0.059) 0.010 0.016 0.166 0.037 
   9   (0.038) 0.010 0.010 0.009 0.059 
  10   (0.100) 0.316 0.100 0.062 0.020 
  11   (0.039) 0.115 0.010 0.010 0.008 
  12   (0.043) 0.112 0.011 0.010 0.012 
  13   (0.038) 0.058 0.010 0.009 0.010 
  14   (0.040) 0.007 0.010 0.123 0.006 

Locus 51 : locus51 
23 alleles
0.0% missing data
   1   (0.044) 0.012 0.012 0.011 0.200 
   2   (0.044) 0.011 0.012 0.011 0.258 
   3   (0.047) 0.010 0.012 0.011 0.202 
   4   (0.046) 0.013 0.012 0.011 0.114 
   5   (0.038) 0.006 0.010 0.009 0.062 
   6   (0.038) 0.006 0.010 0.009 0.034 
   7   (0.046) 0.228 0.012 0.011 0.009 
   8   (0.050) 0.117 0.013 0.012 0.009 
   9   (0.055) 0.366 0.014 0.013 0.012 
  10   (0.039) 0.034 0.010 0.009 0.006 
  11   (0.044) 0.059 0.011 0.011 0.011 
  12   (0.040) 0.058 0.010 0.009 0.010 
  13   (0.046) 0.008 0.160 0.011 0.007 
  14   (0.049) 0.008 0.346 0.012 0.007 
  15   (0.034) 0.006 0.046 0.008 0.005 
  16   (0.042) 0.007 0.122 0.010 0.007 
  17   (0.044) 0.007 0.085 0.011 0.007 
  18   (0.038) 0.006 0.047 0.009 0.006 
  19   (0.046) 0.008 0.012 0.239 0.007 
  20   (0.046) 0.008 0.012 0.314 0.007 
  21   (0.041) 0.007 0.011 0.085 0.006 
  22   (0.038) 0.006 0.010 0.047 0.006 
  23   (0.044) 0.007 0.012 0.124 0.007 

Locus 52 : locus52 
18 alleles
0.0% missing data
   1   (0.082) 0.018 0.021 0.248 0.093 
   2   (0.073) 0.017 0.019 0.055 0.262 
   3   (0.083) 0.020 0.022 0.096 0.263 
   4   (0.069) 0.018 0.018 0.092 0.061 
   5   (0.066) 0.011 0.017 0.281 0.038 
   6   (0.044) 0.013 0.011 0.011 0.115 
   7   (0.064) 0.011 0.017 0.091 0.067 
   8   (0.045) 0.118 0.012 0.011 0.007 
   9   (0.080) 0.150 0.132 0.019 0.014 
  10   (0.054) 0.283 0.014 0.013 0.011 
  11   (0.044) 0.082 0.012 0.011 0.014 
  12   (0.047) 0.168 0.012 0.012 0.013 
  13   (0.042) 0.058 0.011 0.010 0.010 
  14   (0.044) 0.007 0.196 0.011 0.007 
  15   (0.043) 0.007 0.159 0.010 0.007 
  16   (0.045) 0.008 0.233 0.011 0.007 
  17   (0.041) 0.007 0.048 0.010 0.006 
  18   (0.035) 0.006 0.046 0.008 0.005 

Locus 53 : locus53 
20 alleles
0.0% missing data
   1   (0.041) 0.009 0.011 0.010 0.178 
   2   (0.068) 0.015 0.018 0.130 0.094 
   3   (0.058) 0.052 0.015 0.014 0.137 
   4   (0.064) 0.053 0.017 0.016 0.225 
   5   (0.034) 0.006 0.009 0.008 0.034 
   6   (0.068) 0.011 0.018 0.244 0.098 
   7   (0.055) 0.009 0.015 0.089 0.037 
   8   (0.065) 0.021 0.091 0.016 0.085 
   9   (0.039) 0.141 0.010 0.010 0.008 
  10   (0.043) 0.221 0.011 0.011 0.010 
  11   (0.040) 0.086 0.010 0.010 0.009 
  12   (0.037) 0.057 0.010 0.009 0.010 
  13   (0.038) 0.088 0.010 0.009 0.006 
  14   (0.045) 0.103 0.012 0.011 0.020 
  15   (0.035) 0.085 0.009 0.008 0.008 
  16   (0.063) 0.010 0.127 0.091 0.010 
  17   (0.076) 0.012 0.242 0.170 0.012 
  18   (0.038) 0.006 0.232 0.009 0.006 
  19   (0.059) 0.010 0.089 0.128 0.009 
  20   (0.032) 0.005 0.045 0.008 0.005 

Locus 54 : locus54 
20 alleles
0.0% missing data
   1   (0.048) 0.012 0.013 0.012 0.230 
   2   (0.043) 0.007 0.011 0.010 0.092 
   3   (0.052) 0.016 0.014 0.013 0.227 
   4   (0.064) 0.011 0.017 0.091 0.038 
   5   (0.037) 0.006 0.010 0.009 0.034 
   6   (0.039) 0.006 0.010 0.009 0.034 
   7   (0.051) 0.014 0.013 0.012 0.200 
   8   (0.036) 0.006 0.009 0.009 0.034 
   9   (0.048) 0.113 0.012 0.012 0.013 
  10   (0.054) 0.394 0.014 0.013 0.012 
  11   (0.078) 0.229 0.057 0.019 0.017 
  12   (0.070) 0.039 0.314 0.017 0.011 
  13   (0.078) 0.040 0.280 0.019 0.012 
  14   (0.040) 0.062 0.010 0.010 0.006 
  15   (0.038) 0.006 0.047 0.009 0.006 
  16   (0.040) 0.007 0.084 0.010 0.006 
  17   (0.035) 0.006 0.046 0.008 0.005 
  18   (0.054) 0.009 0.014 0.316 0.008 
  19   (0.049) 0.008 0.013 0.315 0.008 
  20   (0.046) 0.008 0.012 0.087 0.007 

Locus 55 : locus55 
28 alleles
0.0% missing data
   1   (0.034) 0.009 0.009 0.008 0.284 
   2   (0.042) 0.007 0.048 0.010 0.034 
   3   (0.030) 0.007 0.008 0.007 0.087 
   4   (0.032) 0.005 0.008 0.008 0.033 
   5   (0.035) 0.009 0.009 0.008 0.058 
   6   (0.054) 0.014 0.051 0.013 0.144 
   7   (0.049) 0.011 0.050 0.012 0.089 
   8   (0.027) 0.005 0.007 0.007 0.032 
   9   (0.038) 0.008 0.010 0.009 0.117 
  10   (0.034) 0.087 0.009 0.008 0.007 
  11   (0.033) 0.116 0.009 0.008 0.006 
  12   (0.054) 0.145 0.014 0.050 0.012 
  13   (0.034) 0.144 0.009 0.008 0.006 
  14   (0.032) 0.058 0.008 0.008 0.008 
  15   (0.030) 0.115 0.008 0.007 0.006 
  16   (0.033) 0.058 0.009 0.008 0.008 
  17   (0.051) 0.089 0.013 0.050 0.011 
  18   (0.031) 0.058 0.008 0.008 0.008 
  19   (0.036) 0.006 0.120 0.009 0.005 
  20   (0.038) 0.006 0.195 0.009 0.006 
  21   (0.030) 0.005 0.119 0.007 0.005 
  22   (0.026) 0.004 0.044 0.006 0.004 
  23   (0.036) 0.006 0.194 0.009 0.006 
  24   (0.030) 0.005 0.008 0.045 0.005 
  25   (0.036) 0.006 0.009 0.313 0.005 
  26   (0.029) 0.005 0.008 0.083 0.004 
  27   (0.035) 0.006 0.009 0.198 0.005 
  28   (0.032) 0.005 0.008 0.084 0.005 

Locus 56 : locus56 
13 alleles
0.0% missing data
   1   (0.122) 0.139 0.032 0.257 0.152 
   2   (0.121) 0.059 0.032 0.257 0.417 
   3   (0.075) 0.052 0.056 0.018 0.056 
   4   (0.092) 0.057 0.024 0.098 0.144 
   5   (0.076) 0.018 0.242 0.018 0.064 
   6   (0.075) 0.039 0.094 0.018 0.041 
   7   (0.080) 0.083 0.021 0.058 0.053 
   8   (0.071) 0.059 0.129 0.017 0.017 
   9   (0.080) 0.407 0.021 0.056 0.022 
  10   (0.069) 0.038 0.055 0.054 0.011 
  11   (0.066) 0.037 0.276 0.016 0.010 
  12   (0.038) 0.006 0.010 0.085 0.006 
  13   (0.035) 0.006 0.009 0.046 0.006 

Locus 57 : locus57 
19 alleles
0.0% missing data
   1   (0.104) 0.070 0.027 0.063 0.327 
   2   (0.051) 0.011 0.013 0.012 0.258 
   3   (0.051) 0.014 0.013 0.012 0.198 
   4   (0.043) 0.010 0.011 0.010 0.088 
   5   (0.092) 0.430 0.024 0.098 0.021 
   6   (0.067) 0.062 0.018 0.054 0.015 
   7   (0.043) 0.146 0.011 0.010 0.008 
   8   (0.055) 0.037 0.014 0.051 0.008 
   9   (0.046) 0.090 0.012 0.011 0.009 
  10   (0.040) 0.063 0.010 0.010 0.006 
  11   (0.050) 0.008 0.198 0.012 0.008 
  12   (0.051) 0.009 0.272 0.012 0.008 
  13   (0.041) 0.007 0.085 0.010 0.006 
  14   (0.044) 0.008 0.122 0.011 0.007 
  15   (0.039) 0.007 0.047 0.009 0.006 
  16   (0.042) 0.007 0.085 0.010 0.006 
  17   (0.051) 0.009 0.013 0.316 0.008 
  18   (0.044) 0.007 0.011 0.125 0.007 
  19   (0.046) 0.008 0.012 0.163 0.007 

Locus 58 : locus58 
23 alleles
0.0% missing data
   1   (0.041) 0.011 0.011 0.010 0.118 
   2   (0.041) 0.010 0.011 0.010 0.148 
   3   (0.073) 0.013 0.019 0.169 0.243 
   4   (0.041) 0.011 0.011 0.010 0.118 
   5   (0.065) 0.083 0.017 0.016 0.164 
   6   (0.071) 0.015 0.018 0.169 0.094 
   7   (0.044) 0.167 0.012 0.011 0.010 
   8   (0.049) 0.355 0.013 0.012 0.014 
   9   (0.042) 0.141 0.011 0.010 0.008 
  10   (0.041) 0.113 0.011 0.010 0.008 
  11   (0.043) 0.007 0.159 0.010 0.007 
  12   (0.040) 0.007 0.121 0.010 0.006 
  13   (0.044) 0.007 0.233 0.011 0.007 
  14   (0.040) 0.006 0.084 0.010 0.006 
  15   (0.036) 0.006 0.046 0.009 0.006 
  16   (0.035) 0.006 0.083 0.008 0.005 
  17   (0.032) 0.005 0.045 0.008 0.005 
  18   (0.035) 0.006 0.046 0.009 0.005 
  19   (0.037) 0.006 0.010 0.085 0.006 
  20   (0.037) 0.006 0.010 0.085 0.006 
  21   (0.038) 0.006 0.010 0.085 0.006 
  22   (0.041) 0.007 0.011 0.161 0.006 
  23   (0.034) 0.005 0.009 0.084 0.005 

Locus 59 : locus59 
17 alleles
0.0% missing data
   1   (0.075) 0.018 0.093 0.018 0.151 
   2   (0.045) 0.007 0.012 0.011 0.153 
   3   (0.052) 0.012 0.014 0.013 0.267 
   4   (0.083) 0.325 0.022 0.020 0.114 
   5   (0.037) 0.006 0.010 0.009 0.035 
   6   (0.070) 0.161 0.018 0.017 0.053 
   7   (0.079) 0.025 0.131 0.019 0.087 
   8   (0.081) 0.315 0.021 0.020 0.066 
   9   (0.088) 0.041 0.097 0.097 0.014 
  10   (0.040) 0.033 0.010 0.010 0.006 
  11   (0.050) 0.008 0.346 0.012 0.008 
  12   (0.055) 0.009 0.051 0.051 0.009 
  13   (0.074) 0.012 0.056 0.284 0.012 
  14   (0.043) 0.007 0.085 0.010 0.007 
  15   (0.043) 0.007 0.011 0.124 0.007 
  16   (0.040) 0.006 0.010 0.085 0.006 
  17   (0.046) 0.008 0.012 0.200 0.007 

Locus 60 : locus60 
21 alleles
0.0% missing data
   1   (0.085) 0.089 0.059 0.021 0.279 
   2   (0.039) 0.010 0.010 0.010 0.146 
   3   (0.056) 0.044 0.015 0.014 0.115 
   4   (0.040) 0.009 0.010 0.010 0.175 
   5   (0.049) 0.035 0.013 0.012 0.036 
   6   (0.032) 0.005 0.008 0.008 0.034 
   7   (0.101) 0.037 0.137 0.214 0.108 
   8   (0.046) 0.221 0.012 0.011 0.013 
   9   (0.040) 0.115 0.010 0.010 0.008 
  10   (0.039) 0.086 0.010 0.009 0.008 
  11   (0.038) 0.169 0.010 0.009 0.008 
  12   (0.034) 0.033 0.009 0.008 0.005 
  13   (0.037) 0.086 0.010 0.009 0.008 
  14   (0.056) 0.009 0.125 0.089 0.009 
  15   (0.062) 0.010 0.312 0.052 0.010 
  16   (0.034) 0.006 0.083 0.008 0.005 
  17   (0.051) 0.008 0.087 0.050 0.008 
  18   (0.055) 0.009 0.051 0.127 0.008 
  19   (0.034) 0.006 0.009 0.046 0.005 
  20   (0.039) 0.006 0.010 0.199 0.006 
  21   (0.035) 0.006 0.009 0.084 0.005 

Locus 61 : locus61 
22 alleles
0.0% missing data
   1   (0.043) 0.010 0.011 0.011 0.172 
   2   (0.041) 0.009 0.011 0.010 0.200 
   3   (0.032) 0.005 0.008 0.008 0.061 
   4   (0.033) 0.006 0.009 0.008 0.033 
   5   (0.047) 0.014 0.012 0.011 0.365 
   6   (0.032) 0.005 0.008 0.008 0.033 
   7   (0.059) 0.091 0.052 0.014 0.012 
   8   (0.044) 0.089 0.011 0.011 0.009 
   9   (0.064) 0.039 0.239 0.015 0.010 
  10   (0.074) 0.093 0.167 0.018 0.014 
  11   (0.047) 0.256 0.012 0.011 0.011 
  12   (0.043) 0.115 0.011 0.010 0.011 
  13   (0.063) 0.123 0.053 0.015 0.009 
  14   (0.040) 0.059 0.010 0.010 0.010 
  15   (0.067) 0.039 0.165 0.016 0.010 
  16   (0.031) 0.005 0.045 0.008 0.005 
  17   (0.040) 0.007 0.121 0.010 0.006 
  18   (0.042) 0.007 0.011 0.162 0.006 
  19   (0.045) 0.008 0.012 0.276 0.007 
  20   (0.041) 0.007 0.011 0.162 0.006 
  21   (0.039) 0.007 0.010 0.161 0.006 
  22   (0.034) 0.006 0.009 0.046 0.005 

Locus 62 : locus62 
21 alleles
0.0% missing data
   1   (0.038) 0.009 0.010 0.009 0.088 
   2   (0.041) 0.009 0.011 0.010 0.117 
   3   (0.043) 0.013 0.011 0.011 0.169 
   4   (0.046) 0.012 0.012 0.011 0.228 
   5   (0.042) 0.008 0.011 0.010 0.174 
   6   (0.042) 0.010 0.011 0.010 0.088 
   7   (0.070) 0.121 0.092 0.017 0.013 
   8   (0.037) 0.088 0.010 0.009 0.008 
   9   (0.070) 0.117 0.018 0.130 0.017 
  10   (0.042) 0.172 0.011 0.010 0.009 
  11   (0.038) 0.114 0.010 0.009 0.010 
  12   (0.062) 0.119 0.053 0.015 0.012 
  13   (0.054) 0.037 0.051 0.013 0.008 
  14   (0.079) 0.122 0.316 0.019 0.015 
  15   (0.045) 0.008 0.270 0.011 0.007 
  16   (0.051) 0.009 0.050 0.050 0.008 
  17   (0.046) 0.008 0.012 0.239 0.007 
  18   (0.038) 0.006 0.010 0.085 0.006 
  19   (0.044) 0.007 0.011 0.162 0.007 
  20   (0.036) 0.006 0.009 0.084 0.005 
  21   (0.036) 0.006 0.010 0.085 0.005 

Locus 63 : locus63 
23 alleles
0.0% missing data
   1   (0.035) 0.006 0.009 0.009 0.033 
   2   (0.044) 0.013 0.012 0.011 0.227 
   3   (0.037) 0.006 0.010 0.009 0.090 
   4   (0.029) 0.005 0.008 0.007 0.033 
   5   (0.041) 0.011 0.011 0.010 0.144 
   6   (0.047) 0.011 0.012 0.011 0.287 
   7   (0.041) 0.011 0.011 0.010 0.058 
   8   (0.051) 0.284 0.013 0.012 0.011 
   9   (0.037) 0.034 0.010 0.009 0.006 
  10   (0.072) 0.149 0.019 0.131 0.013 
  11   (0.093) 0.341 0.024 0.250 0.022 
  12   (0.077) 0.063 0.020 0.246 0.017 
  13   (0.044) 0.007 0.270 0.010 0.007 
  14   (0.036) 0.006 0.083 0.009 0.005 
  15   (0.042) 0.007 0.196 0.010 0.006 
  16   (0.037) 0.006 0.084 0.009 0.006 
  17   (0.036) 0.006 0.046 0.009 0.005 
  18   (0.030) 0.005 0.045 0.007 0.005 
  19   (0.039) 0.007 0.084 0.009 0.006 
  20   (0.035) 0.006 0.009 0.084 0.005 
  21   (0.029) 0.005 0.008 0.045 0.004 
  22   (0.034) 0.006 0.009 0.046 0.005 
  23   (0.032) 0.006 0.009 0.046 0.005 

Locus 64 : locus64 
16 alleles
0.0% missing data
   1   (0.099) 0.051 0.100 0.062 0.177 
   2   (0.056) 0.021 0.051 0.014 0.081 
   3   (0.089) 0.201 0.023 0.059 0.192 
   4   (0.103) 0.090 0.137 0.063 0.083 
   5   (0.093) 0.096 0.172 0.022 0.130 
   6   (0.095) 0.077 0.025 0.212 0.177 
   7   (0.057) 0.010 0.237 0.014 0.036 
   8   (0.032) 0.005 0.008 0.008 0.033 
   9   (0.053) 0.009 0.125 0.013 0.036 
  10   (0.054) 0.037 0.014 0.165 0.008 
  11   (0.053) 0.120 0.014 0.050 0.010 
  12   (0.061) 0.120 0.016 0.090 0.012 
  13   (0.034) 0.062 0.009 0.008 0.005 
  14   (0.034) 0.058 0.009 0.008 0.009 
  15   (0.055) 0.037 0.014 0.203 0.008 
  16   (0.032) 0.005 0.045 0.008 0.005 

Locus 65 : locus65 
22 alleles
0.0% missing data
   1   (0.035) 0.006 0.009 0.008 0.062 
   2   (0.035) 0.008 0.009 0.009 0.200 
   3   (0.039) 0.009 0.010 0.009 0.087 
   4   (0.036) 0.009 0.010 0.009 0.087 
   5   (0.036) 0.008 0.009 0.009 0.087 
   6   (0.041) 0.010 0.011 0.010 0.143 
   7   (0.058) 0.017 0.052 0.014 0.170 
   8   (0.031) 0.005 0.008 0.008 0.033 
   9   (0.055) 0.149 0.014 0.051 0.008 
  10   (0.083) 0.042 0.096 0.286 0.013 
  11   (0.063) 0.203 0.016 0.091 0.012 
  12   (0.037) 0.083 0.010 0.009 0.012 
  13   (0.085) 0.070 0.096 0.172 0.013 
  14   (0.079) 0.198 0.021 0.247 0.023 
  15   (0.060) 0.116 0.052 0.015 0.015 
  16   (0.032) 0.033 0.008 0.008 0.005 
  17   (0.037) 0.006 0.194 0.009 0.006 
  18   (0.028) 0.005 0.044 0.007 0.004 
  19   (0.036) 0.006 0.157 0.009 0.005 
  20   (0.032) 0.005 0.045 0.008 0.005 
  21   (0.032) 0.005 0.082 0.008 0.005 
  22   (0.030) 0.005 0.044 0.007 0.004 

Locus 66 : locus66 
19 alleles
0.0% missing data
   1   (0.069) 0.023 0.018 0.130 0.138 
   2   (0.091) 0.131 0.024 0.098 0.121 
   3   (0.074) 0.019 0.242 0.018 0.144 
   4   (0.068) 0.096 0.018 0.054 0.038 
   5   (0.057) 0.012 0.051 0.014 0.117 
   6   (0.040) 0.011 0.010 0.010 0.141 
   7   (0.087) 0.083 0.023 0.135 0.112 
   8   (0.062) 0.192 0.016 0.015 0.081 
   9   (0.049) 0.037 0.013 0.012 0.035 
  10   (0.043) 0.198 0.011 0.010 0.013 
  11   (0.034) 0.062 0.009 0.008 0.005 
  12   (0.056) 0.038 0.015 0.128 0.008 
  13   (0.057) 0.062 0.015 0.127 0.013 
  14   (0.041) 0.007 0.195 0.010 0.006 
  15   (0.038) 0.007 0.158 0.009 0.006 
  16   (0.037) 0.006 0.120 0.009 0.005 
  17   (0.032) 0.005 0.045 0.008 0.005 
  18   (0.033) 0.006 0.009 0.084 0.005 
  19   (0.032) 0.005 0.008 0.121 0.005 

Locus 67 : locus67 
21 alleles
0.0% missing data
   1   (0.068) 0.018 0.018 0.054 0.291 
   2   (0.062) 0.045 0.016 0.015 0.116 
   3   (0.050) 0.008 0.050 0.012 0.036 
   4   (0.042) 0.012 0.011 0.010 0.116 
   5   (0.082) 0.018 0.022 0.134 0.209 
   6   (0.074) 0.012 0.427 0.018 0.039 
   7   (0.061) 0.014 0.053 0.015 0.092 
   8   (0.044) 0.307 0.012 0.011 0.009 
   9   (0.050) 0.278 0.013 0.012 0.012 
  10   (0.044) 0.112 0.011 0.011 0.011 
  11   (0.037) 0.058 0.010 0.009 0.009 
  12   (0.035) 0.033 0.009 0.008 0.005 
  13   (0.036) 0.033 0.009 0.009 0.006 
  14   (0.045) 0.007 0.196 0.011 0.007 
  15   (0.037) 0.006 0.047 0.009 0.006 
  16   (0.035) 0.006 0.046 0.008 0.005 
  17   (0.042) 0.007 0.011 0.238 0.006 
  18   (0.033) 0.006 0.009 0.084 0.005 
  19   (0.040) 0.007 0.010 0.123 0.006 
  20   (0.042) 0.007 0.011 0.124 0.006 
  21   (0.040) 0.007 0.010 0.086 0.006 

Locus 68 : locus68 
21 alleles
0.0% missing data
   1   (0.050) 0.008 0.124 0.012 0.036 
   2   (0.054) 0.014 0.014 0.051 0.060 
   3   (0.035) 0.007 0.009 0.009 0.119 
   4   (0.054) 0.012 0.051 0.013 0.091 
   5   (0.072) 0.012 0.055 0.093 0.068 
   6   (0.059) 0.015 0.015 0.090 0.147 
   7   (0.079) 0.019 0.279 0.019 0.291 
   8   (0.045) 0.035 0.012 0.011 0.036 
   9   (0.054) 0.014 0.014 0.051 0.060 
  10   (0.039) 0.306 0.010 0.010 0.009 
  11   (0.036) 0.114 0.009 0.009 0.007 
  12   (0.044) 0.035 0.012 0.049 0.007 
  13   (0.074) 0.281 0.019 0.169 0.017 
  14   (0.053) 0.059 0.014 0.051 0.013 
  15   (0.051) 0.036 0.013 0.127 0.008 
  16   (0.039) 0.006 0.195 0.009 0.006 
  17   (0.032) 0.005 0.082 0.008 0.005 
  18   (0.030) 0.005 0.045 0.007 0.005 
  19   (0.039) 0.006 0.010 0.123 0.006 
  20   (0.030) 0.005 0.008 0.045 0.005 
  21   (0.031) 0.005 0.008 0.045 0.005 

Locus 69 : locus69 
17 alleles
0.0% missing data
   1   (0.040) 0.011 0.010 0.010 0.203 
   2   (0.087) 0.099 0.023 0.059 0.183 
   3   (0.109) 0.127 0.139 0.026 0.276 
   4   (0.090) 0.172 0.024 0.098 0.080 
   5   (0.078) 0.040 0.168 0.019 0.040 
   6   (0.087) 0.104 0.023 0.135 0.062 
   7   (0.058) 0.099 0.015 0.014 0.058 
   8   (0.064) 0.114 0.017 0.091 0.016 
   9   (0.034) 0.033 0.009 0.008 0.005 
  10   (0.068) 0.083 0.165 0.017 0.022 
  11   (0.059) 0.081 0.052 0.014 0.020 
  12   (0.036) 0.006 0.083 0.009 0.006 
  13   (0.040) 0.007 0.232 0.010 0.006 
  14   (0.039) 0.007 0.010 0.123 0.006 
  15   (0.042) 0.007 0.011 0.200 0.006 
  16   (0.036) 0.006 0.009 0.122 0.006 
  17   (0.033) 0.005 0.009 0.046 0.005 

Locus 70 : locus70 
15 alleles
0.0% missing data
   1   (0.064) 0.013 0.090 0.015 0.152 
   2   (0.057) 0.012 0.052 0.014 0.092 
   3   (0.083) 0.017 0.058 0.096 0.125 
   4   (0.093) 0.088 0.024 0.250 0.053 
   5   (0.092) 0.034 0.098 0.060 0.166 
   6   (0.077) 0.015 0.205 0.019 0.182 
   7   (0.093) 0.022 0.098 0.174 0.064 
   8   (0.058) 0.013 0.052 0.014 0.092 
   9   (0.112) 0.229 0.177 0.102 0.025 
  10   (0.039) 0.086 0.010 0.009 0.008 
  11   (0.043) 0.304 0.011 0.010 0.011 
  12   (0.037) 0.061 0.010 0.009 0.006 
  13   (0.084) 0.041 0.096 0.210 0.013 
  14   (0.032) 0.033 0.008 0.008 0.005 
  15   (0.035) 0.033 0.009 0.008 0.005 

Locus 71 : locus71 
21 alleles
0.0% missing data
   1   (0.046) 0.012 0.012 0.011 0.145 
   2   (0.045) 0.010 0.012 0.011 0.174 
   3   (0.044) 0.008 0.012 0.011 0.233 
   4   (0.049) 0.015 0.013 0.012 0.228 
   5   (0.041) 0.011 0.011 0.010 0.059 
   6   (0.037) 0.006 0.010 0.009 0.034 
   7   (0.044) 0.144 0.011 0.011 0.008 
   8   (0.047) 0.171 0.012 0.011 0.010 
   9   (0.051) 0.226 0.013 0.012 0.012 
  10   (0.047) 0.226 0.012 0.011 0.011 
  11   (0.041) 0.088 0.011 0.010 0.009 
  12   (0.079) 0.013 0.243 0.095 0.012 
  13   (0.073) 0.012 0.093 0.169 0.011 
  14   (0.040) 0.007 0.121 0.010 0.006 
  15   (0.044) 0.007 0.159 0.011 0.007 
  16   (0.071) 0.012 0.166 0.131 0.011 
  17   (0.038) 0.006 0.047 0.009 0.006 
  18   (0.038) 0.006 0.010 0.085 0.006 
  19   (0.043) 0.007 0.011 0.124 0.007 
  20   (0.043) 0.007 0.011 0.200 0.007 
  21   (0.039) 0.006 0.010 0.047 0.006 

Locus 72 : locus72 
25 alleles
0.0% missing data
   1   (0.061) 0.015 0.016 0.091 0.230 
   2   (0.044) 0.010 0.048 0.011 0.089 
   3   (0.071) 0.012 0.055 0.207 0.067 
   4   (0.027) 0.005 0.007 0.007 0.032 
   5   (0.033) 0.013 0.009 0.008 0.082 
   6   (0.057) 0.014 0.126 0.014 0.230 
   7   (0.031) 0.005 0.008 0.008 0.061 
   8   (0.061) 0.015 0.053 0.052 0.060 
   9   (0.028) 0.005 0.007 0.007 0.033 
  10   (0.031) 0.115 0.008 0.007 0.006 
  11   (0.059) 0.228 0.016 0.090 0.013 
  12   (0.034) 0.116 0.009 0.008 0.006 
  13   (0.060) 0.083 0.016 0.128 0.020 
  14   (0.032) 0.087 0.008 0.008 0.007 
  15   (0.032) 0.061 0.008 0.008 0.005 
  16   (0.030) 0.033 0.008 0.007 0.004 
  17   (0.034) 0.058 0.009 0.008 0.008 
  18   (0.058) 0.090 0.015 0.203 0.012 
  19   (0.027) 0.005 0.118 0.007 0.004 
  20   (0.030) 0.005 0.045 0.007 0.005 
  21   (0.031) 0.005 0.082 0.008 0.005 
  22   (0.037) 0.006 0.194 0.009 0.006 
  23   (0.027) 0.004 0.081 0.006 0.004 
  24   (0.030) 0.005 0.045 0.007 0.004 
  25   (0.035) 0.006 0.009 0.084 0.005 

Locus 73 : locus73 
19 alleles
0.0% missing data
   1   (0.102) 0.135 0.027 0.062 0.293 
   2   (0.033) 0.006 0.009 0.008 0.034 
   3   (0.050) 0.008 0.013 0.050 0.036 
   4   (0.036) 0.006 0.009 0.009 0.063 
   5   (0.040) 0.011 0.011 0.010 0.059 
   6   (0.104) 0.242 0.027 0.101 0.097 
   7   (0.091) 0.075 0.024 0.060 0.236 
   8   (0.060) 0.057 0.016 0.015 0.102 
   9   (0.073) 0.337 0.019 0.055 0.018 
  10   (0.063) 0.066 0.016 0.091 0.010 
  11   (0.042) 0.007 0.159 0.010 0.006 
  12   (0.036) 0.006 0.046 0.009 0.005 
  13   (0.042) 0.007 0.196 0.010 0.007 
  14   (0.040) 0.007 0.158 0.010 0.006 
  15   (0.039) 0.006 0.121 0.010 0.006 
  16   (0.036) 0.006 0.083 0.009 0.006 
  17   (0.032) 0.005 0.045 0.008 0.005 
  18   (0.039) 0.006 0.010 0.161 0.006 
  19   (0.040) 0.007 0.011 0.313 0.006 

Locus 74 : locus74 
27 alleles
0.0% missing data
   1   (0.051) 0.153 0.013 0.012 0.085 
   2   (0.041) 0.047 0.011 0.010 0.050 
   3   (0.052) 0.218 0.014 0.013 0.046 
   4   (0.033) 0.009 0.009 0.008 0.116 
   5   (0.033) 0.007 0.009 0.008 0.148 
   6   (0.062) 0.065 0.016 0.091 0.067 
   7   (0.076) 0.017 0.057 0.171 0.180 
   8   (0.044) 0.007 0.011 0.086 0.035 
   9   (0.041) 0.007 0.011 0.048 0.064 
  10   (0.048) 0.013 0.013 0.049 0.117 
  11   (0.034) 0.220 0.009 0.008 0.010 
  12   (0.029) 0.087 0.008 0.007 0.005 
  13   (0.036) 0.081 0.009 0.009 0.012 
  14   (0.032) 0.005 0.119 0.008 0.005 
  15   (0.026) 0.004 0.044 0.006 0.004 
  16   (0.028) 0.005 0.081 0.007 0.004 
  17   (0.052) 0.008 0.087 0.240 0.008 
  18   (0.028) 0.005 0.118 0.007 0.004 
  19   (0.028) 0.005 0.044 0.007 0.004 
  20   (0.027) 0.004 0.081 0.007 0.004 
  21   (0.030) 0.005 0.045 0.007 0.005 
  22   (0.027) 0.004 0.081 0.007 0.004 
  23   (0.031) 0.005 0.045 0.008 0.005 
  24   (0.026) 0.004 0.044 0.006 0.004 
  25   (0.028) 0.005 0.007 0.045 0.004 
  26   (0.029) 0.005 0.008 0.083 0.005 
  27   (0.027) 0.004 0.007 0.044 0.004 

Locus 75 : locus75 
31 alleles
0.0% missing data
   1   (0.048) 0.079 0.013 0.012 0.047 
   2   (0.047) 0.116 0.012 0.012 0.124 
   3   (0.033) 0.006 0.009 0.008 0.179 
   4   (0.062) 0.063 0.016 0.091 0.068 
   5   (0.031) 0.007 0.008 0.007 0.091 
   6   (0.052) 0.055 0.014 0.013 0.249 
   7   (0.032) 0.007 0.008 0.008 0.090 
   8   (0.020) 0.003 0.005 0.005 0.032 
   9   (0.028) 0.055 0.007 0.007 0.007 
  10   (0.033) 0.163 0.009 0.008 0.010 
  11   (0.028) 0.086 0.007 0.007 0.004 
  12   (0.032) 0.192 0.008 0.008 0.008 
  13   (0.031) 0.032 0.008 0.007 0.005 
  14   (0.031) 0.055 0.008 0.007 0.009 
  15   (0.029) 0.005 0.118 0.007 0.005 
  16   (0.024) 0.004 0.080 0.006 0.004 
  17   (0.035) 0.006 0.194 0.008 0.005 
  18   (0.032) 0.005 0.156 0.008 0.005 
  19   (0.029) 0.005 0.044 0.007 0.005 
  20   (0.031) 0.005 0.045 0.007 0.005 
  21   (0.029) 0.005 0.118 0.007 0.005 
  22   (0.023) 0.004 0.043 0.006 0.004 
  23   (0.031) 0.005 0.008 0.159 0.005 
  24   (0.030) 0.005 0.008 0.083 0.005 
  25   (0.031) 0.005 0.008 0.083 0.005 
  26   (0.030) 0.005 0.008 0.083 0.005 
  27   (0.022) 0.003 0.006 0.043 0.003 
  28   (0.031) 0.005 0.008 0.045 0.005 
  29   (0.029) 0.005 0.008 0.045 0.004 
  30   (0.031) 0.005 0.008 0.159 0.005 
  31   (0.027) 0.005 0.007 0.044 0.004 

Locus 76 : locus76 
22 alleles
0.0% missing data
   1   (0.081) 0.050 0.058 0.057 0.089 
   2   (0.039) 0.011 0.010 0.010 0.118 
   3   (0.062) 0.204 0.016 0.015 0.150 
   4   (0.034) 0.009 0.009 0.008 0.060 
   5   (0.054) 0.054 0.014 0.013 0.105 
   6   (0.033) 0.007 0.009 0.008 0.178 
   7   (0.036) 0.008 0.010 0.009 0.091 
   8   (0.053) 0.008 0.162 0.013 0.066 
   9   (0.071) 0.012 0.167 0.093 0.040 
  10   (0.068) 0.329 0.018 0.168 0.017 
  11   (0.060) 0.111 0.126 0.014 0.016 
  12   (0.045) 0.034 0.049 0.011 0.007 
  13   (0.059) 0.112 0.015 0.128 0.016 
  14   (0.045) 0.007 0.049 0.049 0.007 
  15   (0.032) 0.005 0.082 0.008 0.005 
  16   (0.032) 0.005 0.082 0.008 0.005 
  17   (0.030) 0.005 0.045 0.007 0.005 
  18   (0.047) 0.008 0.049 0.087 0.007 
  19   (0.033) 0.005 0.009 0.160 0.005 
  20   (0.029) 0.005 0.008 0.045 0.005 
  21   (0.029) 0.005 0.008 0.045 0.005 
  22   (0.028) 0.005 0.007 0.045 0.004 

Locus 77 : locus77 
16 alleles
0.0% missing data
   1   (0.042) 0.007 0.011 0.010 0.147 
   2   (0.049) 0.011 0.013 0.012 0.286 
   3   (0.044) 0.010 0.011 0.011 0.088 
   4   (0.047) 0.013 0.012 0.011 0.114 
   5   (0.051) 0.015 0.013 0.012 0.170 
   6   (0.042) 0.012 0.011 0.010 0.058 
   7   (0.086) 0.206 0.133 0.021 0.017 
   8   (0.101) 0.314 0.211 0.025 0.025 
   9   (0.063) 0.095 0.016 0.053 0.010 
  10   (0.105) 0.151 0.139 0.063 0.023 
  11   (0.098) 0.066 0.137 0.100 0.021 
  12   (0.081) 0.069 0.021 0.437 0.012 
  13   (0.041) 0.007 0.085 0.010 0.006 
  14   (0.070) 0.012 0.092 0.130 0.011 
  15   (0.040) 0.007 0.084 0.010 0.006 
  16   (0.041) 0.007 0.011 0.086 0.006 

Locus 78 : locus78 
16 alleles
0.0% missing data
   1   (0.040) 0.009 0.010 0.010 0.088 
   2   (0.046) 0.010 0.012 0.011 0.258 
   3   (0.047) 0.014 0.012 0.011 0.169 
   4   (0.042) 0.011 0.011 0.010 0.143 
   5   (0.044) 0.013 0.011 0.011 0.113 
   6   (0.039) 0.007 0.010 0.009 0.090 
   7   (0.106) 0.180 0.138 0.102 0.022 
   8   (0.101) 0.209 0.101 0.100 0.020 
   9   (0.099) 0.179 0.137 0.062 0.020 
  10   (0.084) 0.173 0.022 0.210 0.021 
  11   (0.088) 0.123 0.060 0.097 0.017 
  12   (0.053) 0.037 0.051 0.013 0.008 
  13   (0.077) 0.013 0.168 0.246 0.012 
  14   (0.064) 0.011 0.201 0.053 0.010 
  15   (0.033) 0.006 0.046 0.008 0.005 
  16   (0.037) 0.006 0.010 0.047 0.006 

Locus 79 : locus79 
24 alleles
0.0% missing data
   1   (0.033) 0.005 0.009 0.008 0.062 
   2   (0.064) 0.017 0.127 0.016 0.258 
   3   (0.034) 0.006 0.009 0.008 0.062 
   4   (0.031) 0.005 0.008 0.007 0.033 
   5   (0.035) 0.009 0.009 0.008 0.230 
   6   (0.029) 0.005 0.008 0.007 0.033 
   7   (0.029) 0.005 0.008 0.007 0.033 
   8   (0.030) 0.008 0.008 0.007 0.058 
   9   (0.038) 0.011 0.010 0.009 0.114 
  10   (0.069) 0.061 0.055 0.093 0.016 
  11   (0.062) 0.448 0.016 0.052 0.016 
  12   (0.034) 0.171 0.009 0.008 0.006 
  13   (0.074) 0.120 0.056 0.094 0.014 
  14   (0.043) 0.035 0.011 0.048 0.007 
  15   (0.044) 0.035 0.012 0.048 0.007 
  16   (0.051) 0.008 0.162 0.050 0.008 
  17   (0.027) 0.005 0.081 0.007 0.004 
  18   (0.042) 0.007 0.048 0.048 0.006 
  19   (0.034) 0.006 0.083 0.008 0.005 
  20   (0.049) 0.008 0.087 0.050 0.008 
  21   (0.052) 0.009 0.087 0.202 0.008 
  22   (0.034) 0.006 0.046 0.008 0.005 
  23   (0.030) 0.005 0.045 0.007 0.005 
  24   (0.031) 0.005 0.008 0.197 0.005 

Locus 80 : locus80 
17 alleles
0.0% missing data
   1   (0.061) 0.048 0.016 0.015 0.223 
   2   (0.044) 0.012 0.012 0.011 0.226 
   3   (0.087) 0.260 0.060 0.021 0.050 
   4   (0.062) 0.064 0.016 0.015 0.151 
   5   (0.079) 0.085 0.058 0.019 0.081 
   6   (0.089) 0.076 0.134 0.022 0.119 
   7   (0.089) 0.260 0.060 0.022 0.077 
   8   (0.058) 0.066 0.015 0.090 0.009 
   9   (0.055) 0.066 0.014 0.089 0.008 
  10   (0.040) 0.007 0.195 0.010 0.006 
  11   (0.057) 0.010 0.052 0.166 0.008 
  12   (0.059) 0.010 0.052 0.204 0.009 
  13   (0.033) 0.006 0.046 0.008 0.005 
  14   (0.058) 0.010 0.089 0.090 0.009 
  15   (0.058) 0.010 0.163 0.051 0.009 
  16   (0.036) 0.006 0.010 0.085 0.005 
  17   (0.035) 0.006 0.009 0.084 0.005 

Locus 81 : locus81 
18 alleles
0.0% missing data
   1   (0.048) 0.008 0.049 0.012 0.036 
   2   (0.035) 0.008 0.009 0.008 0.089 
   3   (0.034) 0.006 0.009 0.008 0.063 
   4   (0.065) 0.018 0.091 0.016 0.262 
   5   (0.094) 0.070 0.210 0.023 0.215 
   6   (0.050) 0.008 0.050 0.012 0.065 
   7   (0.052) 0.009 0.125 0.013 0.036 
   8   (0.072) 0.048 0.019 0.094 0.087 
   9   (0.070) 0.053 0.018 0.093 0.053 
  10   (0.054) 0.088 0.014 0.051 0.011 
  11   (0.065) 0.168 0.017 0.092 0.017 
  12   (0.052) 0.036 0.013 0.088 0.008 
  13   (0.090) 0.284 0.060 0.136 0.019 
  14   (0.057) 0.064 0.015 0.165 0.009 
  15   (0.038) 0.112 0.010 0.009 0.010 
  16   (0.058) 0.010 0.237 0.051 0.009 
  17   (0.030) 0.005 0.045 0.007 0.005 
  18   (0.037) 0.006 0.009 0.122 0.006 

Locus 82 : locus82 
18 alleles
0.0% missing data
   1   (0.037) 0.009 0.010 0.009 0.086 
   2   (0.052) 0.048 0.014 0.013 0.080 
   3   (0.030) 0.005 0.008 0.007 0.032 
   4   (0.090) 0.085 0.060 0.022 0.414 
   5   (0.077) 0.048 0.057 0.019 0.144 
   6   (0.035) 0.006 0.009 0.008 0.061 
   7   (0.033) 0.006 0.009 0.008 0.033 
   8   (0.083) 0.345 0.022 0.058 0.049 
   9   (0.042) 0.142 0.011 0.010 0.013 
  10   (0.104) 0.098 0.212 0.214 0.020 
  11   (0.084) 0.042 0.095 0.248 0.013 
  12   (0.052) 0.037 0.014 0.088 0.008 
  13   (0.087) 0.065 0.208 0.059 0.019 
  14   (0.033) 0.034 0.009 0.008 0.005 
  15   (0.059) 0.010 0.127 0.128 0.009 
  16   (0.035) 0.006 0.083 0.009 0.005 
  17   (0.032) 0.005 0.045 0.008 0.005 
  18   (0.036) 0.006 0.009 0.084 0.005 

Locus 83 : locus83 
24 alleles
0.0% missing data
   1   (0.034) 0.008 0.009 0.008 0.088 
   2   (0.034) 0.006 0.009 0.008 0.090 
   3   (0.075) 0.128 0.020 0.055 0.091 
   4   (0.089) 0.063 0.023 0.249 0.105 
   5   (0.036) 0.010 0.009 0.009 0.114 
   6   (0.037) 0.010 0.010 0.009 0.144 
   7   (0.034) 0.009 0.009 0.008 0.058 
   8   (0.030) 0.005 0.008 0.007 0.033 
   9   (0.038) 0.010 0.010 0.009 0.144 
  10   (0.029) 0.005 0.008 0.007 0.033 
  11   (0.053) 0.120 0.014 0.050 0.008 
  12   (0.065) 0.061 0.017 0.244 0.015 
  13   (0.056) 0.338 0.015 0.050 0.013 
  14   (0.066) 0.174 0.017 0.092 0.014 
  15   (0.030) 0.005 0.082 0.007 0.005 
  16   (0.033) 0.006 0.120 0.008 0.005 
  17   (0.039) 0.006 0.158 0.009 0.006 
  18   (0.034) 0.006 0.120 0.008 0.005 
  19   (0.029) 0.005 0.045 0.007 0.004 
  20   (0.032) 0.005 0.082 0.008 0.005 
  21   (0.031) 0.005 0.045 0.008 0.005 
  22   (0.033) 0.006 0.119 0.008 0.005 
  23   (0.029) 0.005 0.045 0.007 0.004 
  24   (0.033) 0.005 0.009 0.122 0.005 

Locus 84 : locus84 
28 alleles
0.0% missing data
   1   (0.042) 0.062 0.011 0.010 0.063 
   2   (0.035) 0.010 0.009 0.008 0.115 
   3   (0.048) 0.053 0.013 0.012 0.189 
   4   (0.031) 0.006 0.008 0.007 0.117 
   5   (0.034) 0.009 0.009 0.008 0.231 
   6   (0.026) 0.004 0.007 0.006 0.032 
   7   (0.027) 0.005 0.007 0.007 0.033 
   8   (0.031) 0.005 0.008 0.007 0.090 
   9   (0.035) 0.089 0.009 0.009 0.005 
  10   (0.035) 0.280 0.009 0.008 0.007 
  11   (0.028) 0.032 0.007 0.007 0.004 
  12   (0.030) 0.060 0.008 0.007 0.005 
  13   (0.033) 0.082 0.009 0.008 0.012 
  14   (0.030) 0.057 0.008 0.007 0.008 
  15   (0.032) 0.057 0.008 0.008 0.008 
  16   (0.033) 0.112 0.009 0.008 0.009 
  17   (0.026) 0.004 0.044 0.006 0.004 
  18   (0.049) 0.008 0.050 0.164 0.008 
  19   (0.046) 0.008 0.086 0.048 0.007 
  20   (0.030) 0.005 0.081 0.007 0.005 
  21   (0.058) 0.010 0.163 0.166 0.009 
  22   (0.048) 0.008 0.161 0.049 0.007 
  23   (0.030) 0.005 0.082 0.007 0.005 
  24   (0.042) 0.007 0.048 0.048 0.006 
  25   (0.043) 0.007 0.048 0.125 0.007 
  26   (0.027) 0.004 0.044 0.007 0.004 
  27   (0.045) 0.008 0.049 0.125 0.007 
  28   (0.028) 0.005 0.007 0.120 0.004 

Locus 85 : locus85 
20 alleles
0.0% missing data
   1   (0.078) 0.017 0.020 0.209 0.205 
   2   (0.051) 0.051 0.013 0.012 0.049 
   3   (0.100) 0.025 0.063 0.176 0.231 
   4   (0.040) 0.009 0.011 0.010 0.201 
   5   (0.041) 0.011 0.011 0.010 0.143 
   6   (0.063) 0.241 0.017 0.015 0.058 
   7   (0.056) 0.090 0.015 0.051 0.011 
   8   (0.036) 0.059 0.009 0.009 0.009 
   9   (0.034) 0.118 0.009 0.008 0.005 
  10   (0.059) 0.094 0.015 0.052 0.009 
  11   (0.066) 0.165 0.091 0.016 0.022 
  12   (0.058) 0.066 0.015 0.128 0.009 
  13   (0.038) 0.006 0.084 0.009 0.006 
  14   (0.039) 0.007 0.121 0.009 0.006 
  15   (0.038) 0.006 0.121 0.009 0.006 
  16   (0.041) 0.007 0.159 0.010 0.006 
  17   (0.058) 0.010 0.052 0.204 0.009 
  18   (0.040) 0.007 0.121 0.010 0.006 
  19   (0.032) 0.005 0.045 0.008 0.005 
  20   (0.031) 0.005 0.008 0.045 0.005 

Locus 86 : locus86 
26 alleles
0.0% missing data
   1   (0.030) 0.005 0.008 0.007 0.063 
   2   (0.031) 0.005 0.008 0.008 0.063 
   3   (0.070) 0.052 0.240 0.017 0.055 
   4   (0.066) 0.172 0.017 0.016 0.185 
   5   (0.033) 0.009 0.009 0.008 0.175 
   6   (0.064) 0.293 0.017 0.016 0.114 
   7   (0.050) 0.008 0.273 0.012 0.035 
   8   (0.051) 0.061 0.013 0.012 0.067 
   9   (0.028) 0.005 0.008 0.007 0.033 
  10   (0.027) 0.004 0.007 0.007 0.033 
  11   (0.028) 0.005 0.007 0.007 0.034 
  12   (0.030) 0.008 0.008 0.007 0.059 
  13   (0.044) 0.062 0.048 0.011 0.007 
  14   (0.031) 0.032 0.008 0.007 0.005 
  15   (0.037) 0.138 0.010 0.009 0.009 
  16   (0.031) 0.032 0.008 0.008 0.005 
  17   (0.031) 0.056 0.008 0.008 0.008 
  18   (0.034) 0.006 0.156 0.008 0.005 
  19   (0.058) 0.009 0.089 0.204 0.009 
  20   (0.031) 0.005 0.008 0.083 0.005 
  21   (0.032) 0.005 0.009 0.083 0.005 
  22   (0.035) 0.006 0.009 0.236 0.006 
  23   (0.031) 0.005 0.008 0.046 0.005 
  24   (0.031) 0.005 0.008 0.046 0.005 
  25   (0.030) 0.005 0.008 0.045 0.005 
  26   (0.033) 0.005 0.009 0.084 0.005 

Locus 87 : locus87 
21 alleles
0.0% missing data
   1   (0.057) 0.131 0.015 0.014 0.054 
   2   (0.053) 0.082 0.014 0.013 0.047 
   3   (0.079) 0.040 0.131 0.019 0.099 
   4   (0.045) 0.035 0.012 0.011 0.035 
   5   (0.075) 0.140 0.020 0.018 0.333 
   6   (0.037) 0.006 0.010 0.009 0.092 
   7   (0.038) 0.009 0.010 0.009 0.175 
   8   (0.048) 0.036 0.012 0.012 0.036 
   9   (0.030) 0.005 0.008 0.007 0.033 
  10   (0.051) 0.145 0.050 0.012 0.009 
  11   (0.066) 0.194 0.091 0.016 0.020 
  12   (0.054) 0.089 0.051 0.013 0.011 
  13   (0.072) 0.039 0.204 0.055 0.011 
  14   (0.069) 0.011 0.239 0.168 0.011 
  15   (0.030) 0.005 0.045 0.007 0.005 
  16   (0.029) 0.005 0.045 0.007 0.005 
  17   (0.037) 0.006 0.010 0.161 0.006 
  18   (0.032) 0.005 0.008 0.046 0.005 
  19   (0.035) 0.006 0.009 0.198 0.005 
  20   (0.031) 0.005 0.008 0.083 0.005 
  21   (0.032) 0.005 0.008 0.121 0.005 

Locus 88 : locus88 
14 alleles
0.0% missing data
   1   (0.088) 0.014 0.060 0.097 0.100 
   2   (0.115) 0.027 0.067 0.180 0.240 
   3   (0.065) 0.044 0.017 0.016 0.118 
   4   (0.080) 0.267 0.021 0.019 0.090 
   5   (0.094) 0.025 0.173 0.023 0.264 
   6   (0.078) 0.288 0.020 0.019 0.066 
   7   (0.066) 0.113 0.017 0.016 0.047 
   8   (0.048) 0.112 0.013 0.012 0.012 
   9   (0.061) 0.060 0.053 0.015 0.015 
  10   (0.043) 0.007 0.122 0.010 0.007 
  11   (0.075) 0.012 0.205 0.094 0.012 
  12   (0.054) 0.009 0.051 0.051 0.008 
  13   (0.089) 0.015 0.171 0.325 0.014 
  14   (0.043) 0.007 0.011 0.124 0.007 

Locus 89 : locus89 
31 alleles
0.0% missing data
   1   (0.032) 0.009 0.008 0.008 0.057 
   2   (0.051) 0.015 0.013 0.050 0.114 
   3   (0.028) 0.005 0.007 0.007 0.033 
   4   (0.034) 0.009 0.009 0.008 0.284 
   5   (0.029) 0.005 0.008 0.007 0.061 
   6   (0.025) 0.004 0.007 0.006 0.032 
   7   (0.031) 0.009 0.008 0.008 0.170 
   8   (0.033) 0.006 0.009 0.008 0.090 
   9   (0.029) 0.005 0.008 0.007 0.032 
  10   (0.041) 0.255 0.011 0.010 0.009 
  11   (0.043) 0.088 0.048 0.011 0.009 
  12   (0.028) 0.198 0.007 0.007 0.006 
  13   (0.048) 0.083 0.049 0.012 0.015 
  14   (0.043) 0.091 0.048 0.010 0.007 
  15   (0.024) 0.057 0.006 0.006 0.006 
  16   (0.031) 0.058 0.008 0.008 0.008 
  17   (0.028) 0.032 0.007 0.007 0.004 
  18   (0.032) 0.005 0.119 0.008 0.005 
  19   (0.027) 0.004 0.118 0.006 0.004 
  20   (0.034) 0.006 0.083 0.008 0.005 
  21   (0.031) 0.005 0.119 0.007 0.005 
  22   (0.025) 0.004 0.044 0.006 0.004 
  23   (0.029) 0.005 0.081 0.007 0.004 
  24   (0.030) 0.005 0.045 0.007 0.005 
  25   (0.026) 0.004 0.081 0.006 0.004 
  26   (0.034) 0.006 0.009 0.274 0.005 
  27   (0.031) 0.005 0.008 0.045 0.005 
  28   (0.029) 0.005 0.007 0.083 0.004 
  29   (0.036) 0.006 0.009 0.198 0.005 
  30   (0.030) 0.005 0.008 0.121 0.004 
  31   (0.026) 0.004 0.007 0.044 0.004 

Locus 90 : locus90 
26 alleles
0.0% missing data
   1   (0.047) 0.011 0.049 0.011 0.090 
   2   (0.039) 0.011 0.010 0.009 0.115 
   3   (0.036) 0.008 0.009 0.009 0.203 
   4   (0.037) 0.009 0.010 0.009 0.230 
   5   (0.035) 0.006 0.009 0.008 0.091 
   6   (0.046) 0.008 0.049 0.011 0.035 
   7   (0.055) 0.016 0.051 0.013 0.115 
   8   (0.036) 0.112 0.009 0.009 0.010 
   9   (0.037) 0.197 0.010 0.009 0.008 
  10   (0.057) 0.146 0.015 0.051 0.010 
  11   (0.043) 0.251 0.011 0.010 0.011 
  12   (0.057) 0.118 0.015 0.089 0.011 
  13   (0.050) 0.036 0.013 0.164 0.008 
  14   (0.031) 0.005 0.082 0.007 0.005 
  15   (0.031) 0.005 0.082 0.008 0.005 
  16   (0.033) 0.005 0.157 0.008 0.005 
  17   (0.031) 0.005 0.082 0.007 0.005 
  18   (0.033) 0.005 0.045 0.008 0.005 
  19   (0.032) 0.005 0.082 0.008 0.005 
  20   (0.038) 0.006 0.121 0.009 0.006 
  21   (0.031) 0.005 0.045 0.008 0.005 
  22   (0.032) 0.005 0.008 0.122 0.005 
  23   (0.031) 0.005 0.008 0.083 0.005 
  24   (0.033) 0.006 0.009 0.084 0.005 
  25   (0.033) 0.006 0.009 0.122 0.005 
  26   (0.035) 0.006 0.009 0.122 0.005 

Locus 91 : locus91 
29 alleles
0.0% missing data
   1   (0.036) 0.008 0.009 0.009 0.117 
   2   (0.053) 0.014 0.014 0.050 0.372 
   3   (0.056) 0.013 0.015 0.051 0.204 
   4   (0.030) 0.008 0.008 0.007 0.058 
   5   (0.050) 0.013 0.013 0.126 0.059 
   6   (0.047) 0.008 0.012 0.201 0.035 
   7   (0.041) 0.007 0.011 0.048 0.035 
   8   (0.035) 0.141 0.009 0.009 0.008 
   9   (0.037) 0.168 0.010 0.009 0.010 
  10   (0.035) 0.087 0.009 0.009 0.007 
  11   (0.029) 0.033 0.008 0.007 0.004 
  12   (0.032) 0.061 0.008 0.008 0.005 
  13   (0.035) 0.225 0.009 0.009 0.008 
  14   (0.033) 0.057 0.009 0.008 0.008 
  15   (0.030) 0.060 0.008 0.007 0.005 
  16   (0.027) 0.032 0.007 0.007 0.004 
  17   (0.034) 0.006 0.083 0.008 0.005 
  18   (0.032) 0.005 0.082 0.008 0.005 
  19   (0.035) 0.006 0.157 0.009 0.005 
  20   (0.029) 0.005 0.045 0.007 0.005 
  21   (0.032) 0.005 0.156 0.008 0.005 
  22   (0.027) 0.005 0.044 0.007 0.004 
  23   (0.034) 0.006 0.120 0.008 0.005 
  24   (0.028) 0.005 0.044 0.007 0.004 
  25   (0.028) 0.005 0.044 0.007 0.004 
  26   (0.024) 0.004 0.043 0.006 0.004 
  27   (0.029) 0.005 0.008 0.158 0.004 
  28   (0.030) 0.005 0.008 0.121 0.005 
  29   (0.030) 0.005 0.008 0.083 0.005 

Locus 92 : locus92 
16 alleles
0.0% missing data
   1   (0.099) 0.117 0.026 0.252 0.053 
   2   (0.086) 0.104 0.023 0.097 0.063 
   3   (0.044) 0.010 0.011 0.010 0.205 
   4   (0.120) 0.233 0.031 0.180 0.169 
   5   (0.104) 0.197 0.027 0.139 0.114 
   6   (0.040) 0.008 0.010 0.010 0.119 
   7   (0.035) 0.006 0.009 0.008 0.034 
   8   (0.057) 0.009 0.089 0.014 0.037 
   9   (0.043) 0.015 0.011 0.011 0.084 
  10   (0.039) 0.011 0.010 0.010 0.059 
  11   (0.067) 0.091 0.017 0.130 0.013 
  12   (0.068) 0.139 0.018 0.054 0.020 
  13   (0.074) 0.040 0.093 0.056 0.011 
  14   (0.044) 0.007 0.233 0.011 0.007 
  15   (0.040) 0.007 0.232 0.010 0.006 
  16   (0.041) 0.007 0.158 0.010 0.006 

Locus 93 : locus93 
22 alleles
0.0% missing data
   1   (0.034) 0.006 0.009 0.008 0.033 
   2   (0.072) 0.017 0.093 0.017 0.459 
   3   (0.130) 0.036 0.256 0.221 0.230 
   4   (0.030) 0.005 0.008 0.007 0.033 
   5   (0.062) 0.014 0.127 0.015 0.090 
   6   (0.031) 0.005 0.008 0.008 0.033 
   7   (0.035) 0.058 0.009 0.009 0.009 
   8   (0.032) 0.061 0.008 0.008 0.005 
   9   (0.038) 0.144 0.010 0.009 0.007 
  10   (0.028) 0.032 0.007 0.007 0.004 
  11   (0.037) 0.090 0.010 0.009 0.006 
  12   (0.031) 0.033 0.008 0.007 0.005 
  13   (0.040) 0.082 0.010 0.010 0.013 
  14   (0.042) 0.169 0.011 0.010 0.011 
  15   (0.035) 0.113 0.009 0.008 0.009 
  16   (0.037) 0.058 0.010 0.009 0.009 
  17   (0.036) 0.034 0.009 0.009 0.005 
  18   (0.065) 0.011 0.128 0.243 0.010 
  19   (0.032) 0.005 0.045 0.008 0.005 
  20   (0.062) 0.010 0.127 0.129 0.010 
  21   (0.055) 0.009 0.088 0.089 0.008 
  22   (0.037) 0.006 0.010 0.160 0.006 

Locus 94 : locus94 
16 alleles
0.0% missing data
   1   (0.090) 0.215 0.023 0.022 0.317 
   2   (0.084) 0.113 0.022 0.020 0.310 
   3   (0.078) 0.177 0.020 0.019 0.126 
   4   (0.085) 0.221 0.022 0.021 0.141 
   5   (0.041) 0.062 0.011 0.010 0.006 
   6   (0.040) 0.058 0.010 0.010 0.010 
   7   (0.038) 0.062 0.010 0.009 0.006 
   8   (0.064) 0.011 0.091 0.091 0.010 
   9   (0.066) 0.011 0.091 0.130 0.010 
  10   (0.066) 0.011 0.202 0.053 0.010 
  11   (0.061) 0.010 0.127 0.053 0.009 
  12   (0.078) 0.013 0.168 0.171 0.012 
  13   (0.071) 0.012 0.129 0.131 0.011 
  14   (0.055) 0.009 0.051 0.051 0.008 
  15   (0.041) 0.007 0.011 0.086 0.006 
  16   (0.043) 0.007 0.011 0.124 0.007 

Locus 95 : locus95 
16 alleles
0.0% missing data
   1   (0.033) 0.006 0.009 0.008 0.033 
   2   (0.123) 0.131 0.143 0.067 0.132 
   3   (0.067) 0.056 0.018 0.016 0.306 
   4   (0.067) 0.292 0.018 0.016 0.062 
   5   (0.149) 0.201 0.113 0.302 0.098 
   6   (0.064) 0.063 0.017 0.016 0.212 
   7   (0.033) 0.005 0.009 0.008 0.034 
   8   (0.060) 0.101 0.016 0.015 0.057 
   9   (0.093) 0.094 0.172 0.060 0.019 
  10   (0.055) 0.009 0.088 0.051 0.008 
  11   (0.077) 0.013 0.242 0.170 0.012 
  12   (0.039) 0.006 0.121 0.009 0.006 
  13   (0.036) 0.006 0.009 0.084 0.005 
  14   (0.038) 0.006 0.010 0.085 0.006 
  15   (0.032) 0.005 0.008 0.046 0.005 
  16   (0.035) 0.006 0.009 0.046 0.005 

Locus 96 : locus96 
24 alleles
0.0% missing data
   1   (0.041) 0.012 0.011 0.010 0.391 
   2   (0.032) 0.009 0.008 0.008 0.057 
   3   (0.032) 0.009 0.008 0.008 0.057 
   4   (0.038) 0.009 0.010 0.009 0.086 
   5   (0.028) 0.005 0.007 0.007 0.032 
   6   (0.035) 0.006 0.009 0.008 0.061 
   7   (0.032) 0.008 0.008 0.008 0.086 
   8   (0.031) 0.005 0.008 0.008 0.060 
   9   (0.032) 0.006 0.008 0.008 0.033 
  10   (0.060) 0.121 0.090 0.015 0.011 
  11   (0.039) 0.145 0.010 0.009 0.009 
  12   (0.055) 0.066 0.199 0.013 0.008 
  13   (0.071) 0.086 0.240 0.017 0.021 
  14   (0.082) 0.095 0.207 0.057 0.016 
  15   (0.031) 0.033 0.008 0.008 0.005 
  16   (0.032) 0.034 0.008 0.008 0.005 
  17   (0.037) 0.118 0.010 0.009 0.007 
  18   (0.032) 0.088 0.008 0.008 0.007 
  19   (0.096) 0.065 0.099 0.441 0.021 
  20   (0.034) 0.059 0.009 0.008 0.008 
  21   (0.031) 0.005 0.008 0.083 0.005 
  22   (0.037) 0.006 0.010 0.123 0.006 
  23   (0.029) 0.005 0.008 0.045 0.004 
  24   (0.031) 0.005 0.008 0.083 0.005 

Locus 97 : locus97 
15 alleles
0.0% missing data
   1   (0.056) 0.009 0.052 0.014 0.037 
   2   (0.068) 0.052 0.018 0.017 0.167 
   3   (0.122) 0.198 0.032 0.067 0.374 
   4   (0.047) 0.014 0.012 0.011 0.115 
   5   (0.059) 0.010 0.015 0.090 0.037 
   6   (0.138) 0.247 0.221 0.033 0.160 
   7   (0.061) 0.094 0.016 0.015 0.038 
   8   (0.055) 0.310 0.014 0.013 0.012 
   9   (0.056) 0.009 0.052 0.052 0.009 
  10   (0.043) 0.007 0.159 0.010 0.007 
  11   (0.090) 0.015 0.171 0.363 0.014 
  12   (0.036) 0.006 0.046 0.009 0.005 
  13   (0.070) 0.012 0.092 0.169 0.011 
  14   (0.063) 0.011 0.053 0.129 0.010 
  15   (0.037) 0.006 0.046 0.009 0.006 

Locus 98 : locus98 
18 alleles
0.0% missing data
   1   (0.084) 0.020 0.022 0.096 0.260 
   2   (0.082) 0.019 0.021 0.057 0.430 
   3   (0.112) 0.028 0.029 0.596 0.148 
   4   (0.058) 0.010 0.015 0.052 0.037 
   5   (0.054) 0.257 0.014 0.013 0.011 
   6   (0.048) 0.089 0.012 0.012 0.010 
   7   (0.043) 0.063 0.011 0.010 0.007 
   8   (0.050) 0.144 0.013 0.012 0.011 
   9   (0.046) 0.118 0.012 0.011 0.009 
  10   (0.036) 0.034 0.010 0.009 0.005 
  11   (0.037) 0.034 0.010 0.009 0.006 
  12   (0.046) 0.059 0.012 0.011 0.011 
  13   (0.049) 0.082 0.013 0.012 0.017 
  14   (0.040) 0.007 0.084 0.010 0.006 
  15   (0.051) 0.009 0.198 0.012 0.008 
  16   (0.049) 0.008 0.198 0.012 0.008 
  17   (0.051) 0.009 0.235 0.013 0.008 
  18   (0.061) 0.010 0.090 0.053 0.009 

Locus 99 : locus99 
13 alleles
0.0% missing data
   1   (0.137) 0.120 0.184 0.109 0.119 
   2   (0.115) 0.026 0.141 0.142 0.179 
   3   (0.046) 0.010 0.012 0.011 0.202 
   4   (0.065) 0.015 0.017 0.053 0.175 
   5   (0.085) 0.055 0.022 0.058 0.169 
   6   (0.067) 0.017 0.128 0.016 0.060 
   7   (0.039) 0.091 0.010 0.009 0.006 
   8   (0.087) 0.231 0.023 0.210 0.019 
   9   (0.111) 0.180 0.140 0.103 0.023 
  10   (0.059) 0.061 0.015 0.052 0.014 
  11   (0.041) 0.088 0.011 0.010 0.008 
  12   (0.038) 0.059 0.010 0.009 0.009 
  13   (0.110) 0.046 0.288 0.216 0.017 

Locus 100 : locus100 
23 alleles
0.0% missing data
   1   (0.046) 0.010 0.012 0.011 0.089 
   2   (0.044) 0.012 0.011 0.011 0.423 
   3   (0.042) 0.011 0.011 0.010 0.143 
   4   (0.049) 0.010 0.013 0.012 0.175 
   5   (0.034) 0.006 0.009 0.008 0.033 
   6   (0.044) 0.118 0.012 0.011 0.009 
   7   (0.051) 0.284 0.013 0.012 0.012 
   8   (0.050) 0.203 0.013 0.012 0.009 
   9   (0.036) 0.034 0.009 0.009 0.005 
  10   (0.041) 0.088 0.011 0.010 0.009 
  11   (0.040) 0.059 0.010 0.010 0.010 
  12   (0.042) 0.083 0.011 0.010 0.013 
  13   (0.033) 0.006 0.046 0.008 0.005 
  14   (0.070) 0.012 0.203 0.055 0.010 
  15   (0.042) 0.007 0.122 0.010 0.006 
  16   (0.046) 0.008 0.123 0.011 0.007 
  17   (0.048) 0.008 0.234 0.012 0.007 
  18   (0.035) 0.006 0.046 0.009 0.005 
  19   (0.038) 0.006 0.047 0.009 0.006 
  20   (0.036) 0.006 0.009 0.123 0.005 
  21   (0.046) 0.008 0.012 0.314 0.007 
  22   (0.039) 0.007 0.010 0.085 0.006 
  23   (0.050) 0.008 0.013 0.240 0.008 

Values of parameters used in structure:
DATAFILE=parentandhybrid6.str,	OUTFILE=parentandhybrid4Deme_5,	NUMINDS=50,	NUMLOCI=100,	MISSING=0,	LABEL=1,	POPDATA=0,	POPFLAG=0,	PHENOTYPE=0,	EXTRACOLS=0,	MAXPOPS=4,	BURNIN=200000,	NUMREPS=200000,	USEPOPINFO=0,	INFERALPHA=1,	INFERLAMBDA=0,	POPSPECIFICLAMBDA=0,	POPALPHAS=0,	COMPUTEPROB=1,	NOADMIX=0,	ADMBURNIN=500,	UPDATEFREQ=100,	PRINTLIKES=0,	INTERMEDSAVE=0,	PRINTKLD=0,	PRINTNET=1,	PRINTLAMBDA=1,	ANCESTDIST=0,	NUMBOXES=1000,	ANCESTPINT=0.90000,	GENSBACK=2,	MIGRPRIOR=0.01000,	PRINTQHAT=0,	PRINTQSUM=1,	ALPHA=1.0000,	FREQSCORR=1,	FPRIORMEAN=0.0100,	FPRIORSD=0.0500,	ONEFST=0,	LAMBDA=1.0000,	UNIFPRIORALPHA=1,	ALPHAMAX=10.0000,	ALPHAPRIORA=1.0000,	ALPHAPRIORB=2.0000,	ALPHAPROPSD=0.0250,	STARTATPOPINFO=0,	RANDOMIZE=1,	LINKAGE=0,	METROFREQ=10,	REPORTHITRATE=0,	MARKOVPHASE=0,	PHASED=0,	PLOIDY=2,	PHASEINFO=0	LOCPRIOR=0, 	LOCPRIORINIT=1.000000, 	LOCDATA=0, 	LOCISPOP=0, 	LOCPRIORSTEP=0.100000, 	MAXLOCPRIOR=20.000000, 	SEED=1658869934,	
[STRAT parameters]:    NUMSIMSTATS=1000,	PHENOTYPECOL=-9,	POOLFREQ=10,	LOCUSxONLY=0,	EMERROR=0.00100,	MISSINGPHENO=-9,	