

----------------------------------------------------
STRUCTURE by Pritchard, Stephens and Donnelly (2000)
     and Falush, Stephens and Pritchard (2003)
       Code by Pritchard, Falush and Hubisz
             Version 2.3.4 (Jul 2012)
----------------------------------------------------



Command line arguments:   /usr/local/bin/structure -i parentandhybrid6.str -m mainparams.txt -e extraparams.txt -K 4 -o parentandhybrid4Deme_3 
Input File:    parentandhybrid6.str

Run parameters:
   50 individuals
   100 loci
   4 populations assumed
   200000 Burn-in period
   200000 Reps


--------------------------------------------
Overall proportion of membership of the
sample in each of the 4 clusters

Inferred Clusters
  1      2      3      4    
0.301  0.200  0.298  0.200  

--------------------------------------------

Allele-freq. divergence among pops (Net nucleotide distance),
computed using point estimates of P.

      1       2       3       4      
 1      -    0.1033  0.1169  0.1039  
 2   0.1033     -    0.1090  0.0955  
 3   0.1169  0.1090     -    0.1137  
 4   0.1039  0.0955  0.1137     -    

Average distances (expected heterozygosity) between individuals in same cluster:
cluster  1  : 0.8439 
cluster  2  : 0.8668 
cluster  3  : 0.8293 
cluster  4  : 0.8530 

--------------------------------------------
Estimated Ln Prob of Data   = -22787.0
Mean value of ln likelihood = -21253.6
Variance of ln likelihood   = 3067.0
Mean value of alpha         = 0.0282

Mean value of Fst_1         = 0.1429
Mean value of Fst_2         = 0.1247
Mean value of Fst_3         = 0.1577
Mean value of Fst_4         = 0.1362


Inferred ancestry of individuals:
        Label (%Miss) :  Inferred clusters
  1       01    (0)   :  0.001 0.001 0.999 0.000 
  2       02    (0)   :  0.001 0.000 0.998 0.001 
  3       03    (0)   :  0.000 0.000 0.998 0.001 
  4       04    (0)   :  0.001 0.001 0.998 0.001 
  5       05    (0)   :  0.000 0.000 0.999 0.000 
  6       06    (0)   :  0.001 0.002 0.996 0.000 
  7       07    (0)   :  0.001 0.002 0.997 0.001 
  8       08    (0)   :  0.001 0.001 0.999 0.000 
  9       09    (0)   :  0.000 0.000 0.999 0.000 
 10       10    (0)   :  0.000 0.000 0.999 0.000 
 11       11    (0)   :  0.999 0.000 0.000 0.000 
 12       12    (0)   :  0.998 0.000 0.000 0.001 
 13       13    (0)   :  0.999 0.000 0.001 0.000 
 14       14    (0)   :  0.998 0.001 0.000 0.000 
 15       15    (0)   :  0.997 0.001 0.001 0.001 
 16       16    (0)   :  0.999 0.000 0.000 0.000 
 17       17    (0)   :  0.998 0.001 0.000 0.001 
 18       18    (0)   :  0.998 0.000 0.001 0.001 
 19       19    (0)   :  0.998 0.000 0.000 0.001 
 20       20    (0)   :  0.998 0.001 0.001 0.000 
 21      h01    (0)   :  0.518 0.000 0.482 0.000 
 22      h02    (0)   :  0.497 0.000 0.503 0.000 
 23      h03    (0)   :  0.500 0.000 0.499 0.000 
 24      h04    (0)   :  0.512 0.000 0.488 0.000 
 25      h05    (0)   :  0.514 0.000 0.486 0.000 
 26      h06    (0)   :  0.473 0.000 0.527 0.000 
 27      h07    (0)   :  0.521 0.000 0.478 0.000 
 28      h08    (0)   :  0.513 0.000 0.486 0.000 
 29      h09    (0)   :  0.509 0.000 0.490 0.000 
 30      h10    (0)   :  0.519 0.000 0.480 0.000 
 31       21    (0)   :  0.000 0.999 0.000 0.000 
 32       22    (0)   :  0.000 0.999 0.000 0.000 
 33       23    (0)   :  0.000 0.999 0.000 0.000 
 34       24    (0)   :  0.000 0.999 0.000 0.000 
 35       25    (0)   :  0.000 0.999 0.000 0.000 
 36       26    (0)   :  0.000 0.999 0.000 0.000 
 37       27    (0)   :  0.001 0.998 0.000 0.001 
 38       28    (0)   :  0.000 0.999 0.000 0.000 
 39       29    (0)   :  0.000 0.999 0.000 0.000 
 40       30    (0)   :  0.000 0.999 0.000 0.000 
 41       31    (0)   :  0.000 0.001 0.001 0.998 
 42       32    (0)   :  0.000 0.000 0.000 0.999 
 43       33    (0)   :  0.000 0.000 0.001 0.999 
 44       34    (0)   :  0.001 0.001 0.000 0.998 
 45       35    (0)   :  0.000 0.001 0.000 0.999 
 46       36    (0)   :  0.000 0.000 0.000 0.999 
 47       37    (0)   :  0.001 0.001 0.000 0.998 
 48       38    (0)   :  0.000 0.000 0.000 0.999 
 49       39    (0)   :  0.001 0.001 0.000 0.998 
 50       40    (0)   :  0.002 0.000 0.000 0.997 


Estimated Allele Frequencies in each cluster
First column gives estimated ancestral frequencies


Locus 1 : locus1 
11 alleles
0.0% missing data
   1   (0.122) 0.238 0.142 0.109 0.029 
   2   (0.161) 0.111 0.227 0.166 0.115 
   3   (0.156) 0.137 0.077 0.278 0.190 
   4   (0.091) 0.015 0.135 0.042 0.098 
   5   (0.082) 0.216 0.021 0.144 0.020 
   6   (0.069) 0.017 0.055 0.147 0.017 
   7   (0.121) 0.120 0.291 0.086 0.029 
   8   (0.084) 0.126 0.022 0.013 0.323 
   9   (0.037) 0.006 0.010 0.006 0.047 
  10   (0.041) 0.007 0.011 0.006 0.086 
  11   (0.037) 0.006 0.010 0.006 0.047 

Locus 2 : locus2 
19 alleles
0.0% missing data
   1   (0.034) 0.006 0.009 0.062 0.008 
   2   (0.062) 0.015 0.016 0.061 0.167 
   3   (0.073) 0.017 0.019 0.176 0.169 
   4   (0.043) 0.010 0.011 0.203 0.010 
   5   (0.041) 0.014 0.011 0.141 0.010 
   6   (0.064) 0.038 0.054 0.038 0.016 
   7   (0.083) 0.210 0.059 0.066 0.020 
   8   (0.048) 0.008 0.012 0.035 0.049 
   9   (0.032) 0.005 0.008 0.033 0.008 
  10   (0.047) 0.008 0.049 0.036 0.011 
  11   (0.036) 0.010 0.009 0.058 0.009 
  12   (0.039) 0.058 0.010 0.010 0.009 
  13   (0.061) 0.149 0.090 0.009 0.015 
  14   (0.064) 0.091 0.128 0.013 0.015 
  15   (0.067) 0.083 0.166 0.021 0.016 
  16   (0.080) 0.229 0.205 0.018 0.019 
  17   (0.050) 0.036 0.087 0.008 0.012 
  18   (0.033) 0.005 0.045 0.005 0.008 
  19   (0.044) 0.007 0.011 0.007 0.428 

Locus 3 : locus3 
14 alleles
0.0% missing data
   1   (0.093) 0.022 0.209 0.374 0.023 
   2   (0.091) 0.024 0.172 0.287 0.022 
   3   (0.069) 0.012 0.129 0.067 0.017 
   4   (0.102) 0.185 0.063 0.126 0.025 
   5   (0.035) 0.006 0.009 0.033 0.009 
   6   (0.061) 0.061 0.053 0.014 0.015 
   7   (0.064) 0.120 0.017 0.012 0.053 
   8   (0.060) 0.061 0.016 0.014 0.052 
   9   (0.068) 0.147 0.018 0.015 0.054 
  10   (0.073) 0.150 0.019 0.013 0.093 
  11   (0.089) 0.181 0.023 0.016 0.287 
  12   (0.073) 0.012 0.167 0.011 0.132 
  13   (0.061) 0.010 0.053 0.009 0.129 
  14   (0.059) 0.010 0.052 0.009 0.090 

Locus 4 : locus4 
14 alleles
0.0% missing data
   1   (0.070) 0.082 0.018 0.081 0.017 
   2   (0.104) 0.068 0.064 0.272 0.025 
   3   (0.139) 0.082 0.259 0.296 0.033 
   4   (0.087) 0.407 0.023 0.099 0.021 
   5   (0.130) 0.146 0.182 0.176 0.032 
   6   (0.076) 0.041 0.020 0.011 0.361 
   7   (0.070) 0.069 0.018 0.011 0.131 
   8   (0.070) 0.063 0.018 0.015 0.093 
   9   (0.046) 0.008 0.123 0.007 0.011 
  10   (0.038) 0.006 0.047 0.006 0.009 
  11   (0.048) 0.008 0.160 0.007 0.011 
  12   (0.037) 0.006 0.046 0.006 0.009 
  13   (0.039) 0.007 0.010 0.006 0.047 
  14   (0.046) 0.008 0.012 0.007 0.201 

Locus 5 : locus5 
23 alleles
0.0% missing data
   1   (0.054) 0.009 0.088 0.065 0.013 
   2   (0.070) 0.018 0.018 0.146 0.244 
   3   (0.070) 0.015 0.018 0.121 0.320 
   4   (0.062) 0.020 0.053 0.255 0.015 
   5   (0.032) 0.009 0.008 0.058 0.008 
   6   (0.052) 0.009 0.050 0.094 0.013 
   7   (0.029) 0.005 0.008 0.033 0.007 
   8   (0.046) 0.008 0.087 0.035 0.011 
   9   (0.047) 0.008 0.050 0.035 0.011 
  10   (0.034) 0.009 0.009 0.058 0.008 
  11   (0.037) 0.113 0.010 0.010 0.009 
  12   (0.062) 0.229 0.090 0.012 0.015 
  13   (0.040) 0.282 0.010 0.007 0.010 
  14   (0.034) 0.087 0.009 0.007 0.008 
  15   (0.055) 0.082 0.051 0.018 0.013 
  16   (0.036) 0.058 0.009 0.009 0.009 
  17   (0.037) 0.006 0.120 0.006 0.009 
  18   (0.039) 0.006 0.158 0.006 0.009 
  19   (0.030) 0.005 0.045 0.005 0.007 
  20   (0.034) 0.006 0.082 0.005 0.008 
  21   (0.029) 0.005 0.007 0.004 0.045 
  22   (0.041) 0.007 0.011 0.006 0.161 
  23   (0.030) 0.005 0.008 0.005 0.045 

Locus 6 : locus6 
22 alleles
0.0% missing data
   1   (0.080) 0.025 0.021 0.143 0.171 
   2   (0.069) 0.048 0.018 0.377 0.017 
   3   (0.049) 0.008 0.013 0.065 0.050 
   4   (0.064) 0.018 0.017 0.176 0.053 
   5   (0.035) 0.006 0.009 0.034 0.008 
   6   (0.078) 0.017 0.020 0.094 0.360 
   7   (0.052) 0.384 0.014 0.013 0.013 
   8   (0.039) 0.141 0.010 0.007 0.009 
   9   (0.045) 0.142 0.012 0.009 0.011 
  10   (0.033) 0.033 0.008 0.005 0.008 
  11   (0.040) 0.111 0.010 0.011 0.010 
  12   (0.029) 0.005 0.045 0.005 0.007 
  13   (0.045) 0.007 0.197 0.007 0.011 
  14   (0.042) 0.007 0.196 0.007 0.010 
  15   (0.037) 0.006 0.047 0.006 0.009 
  16   (0.037) 0.006 0.084 0.006 0.009 
  17   (0.037) 0.006 0.083 0.006 0.009 
  18   (0.037) 0.006 0.083 0.006 0.009 
  19   (0.034) 0.006 0.046 0.005 0.008 
  20   (0.036) 0.006 0.047 0.006 0.009 
  21   (0.040) 0.007 0.011 0.006 0.124 
  22   (0.040) 0.007 0.011 0.006 0.085 

Locus 7 : locus7 
27 alleles
0.0% missing data
   1   (0.035) 0.008 0.009 0.089 0.009 
   2   (0.034) 0.010 0.009 0.115 0.008 
   3   (0.060) 0.093 0.016 0.179 0.015 
   4   (0.060) 0.012 0.016 0.150 0.128 
   5   (0.035) 0.010 0.009 0.058 0.009 
   6   (0.032) 0.007 0.008 0.089 0.008 
   7   (0.040) 0.011 0.010 0.116 0.010 
   8   (0.030) 0.005 0.008 0.033 0.007 
   9   (0.025) 0.004 0.007 0.032 0.006 
  10   (0.029) 0.005 0.008 0.033 0.007 
  11   (0.042) 0.224 0.011 0.010 0.010 
  12   (0.045) 0.035 0.049 0.007 0.011 
  13   (0.053) 0.036 0.236 0.008 0.013 
  14   (0.036) 0.278 0.009 0.008 0.009 
  15   (0.051) 0.117 0.050 0.010 0.012 
  16   (0.033) 0.086 0.009 0.007 0.008 
  17   (0.034) 0.006 0.083 0.005 0.008 
  18   (0.032) 0.005 0.119 0.005 0.008 
  19   (0.033) 0.005 0.083 0.005 0.008 
  20   (0.037) 0.006 0.194 0.006 0.009 
  21   (0.032) 0.005 0.008 0.005 0.121 
  22   (0.027) 0.004 0.007 0.004 0.044 
  23   (0.037) 0.006 0.010 0.006 0.161 
  24   (0.037) 0.006 0.010 0.006 0.199 
  25   (0.032) 0.005 0.008 0.005 0.083 
  26   (0.027) 0.005 0.007 0.004 0.044 
  27   (0.032) 0.005 0.008 0.005 0.046 

Locus 8 : locus8 
23 alleles
0.0% missing data
   1   (0.072) 0.129 0.019 0.174 0.017 
   2   (0.045) 0.011 0.011 0.290 0.011 
   3   (0.069) 0.100 0.018 0.146 0.017 
   4   (0.041) 0.008 0.011 0.119 0.010 
   5   (0.060) 0.015 0.016 0.061 0.090 
   6   (0.028) 0.005 0.007 0.033 0.007 
   7   (0.038) 0.006 0.010 0.064 0.009 
   8   (0.050) 0.387 0.013 0.012 0.012 
   9   (0.043) 0.142 0.011 0.008 0.010 
  10   (0.071) 0.061 0.018 0.016 0.283 
  11   (0.037) 0.061 0.010 0.006 0.009 
  12   (0.048) 0.008 0.197 0.007 0.012 
  13   (0.042) 0.007 0.233 0.007 0.010 
  14   (0.042) 0.007 0.159 0.007 0.010 
  15   (0.038) 0.006 0.121 0.006 0.009 
  16   (0.032) 0.005 0.045 0.005 0.008 
  17   (0.034) 0.006 0.046 0.005 0.008 
  18   (0.035) 0.006 0.009 0.005 0.084 
  19   (0.043) 0.007 0.011 0.007 0.162 
  20   (0.034) 0.006 0.009 0.005 0.084 
  21   (0.032) 0.005 0.008 0.005 0.046 
  22   (0.034) 0.006 0.009 0.005 0.046 
  23   (0.032) 0.005 0.008 0.005 0.046 

Locus 9 : locus9 
18 alleles
0.0% missing data
   1   (0.045) 0.013 0.012 0.170 0.011 
   2   (0.041) 0.008 0.011 0.174 0.010 
   3   (0.039) 0.007 0.010 0.062 0.009 
   4   (0.047) 0.011 0.012 0.257 0.012 
   5   (0.048) 0.016 0.012 0.139 0.011 
   6   (0.035) 0.006 0.009 0.034 0.009 
   7   (0.036) 0.006 0.009 0.034 0.009 
   8   (0.120) 0.128 0.105 0.022 0.409 
   9   (0.036) 0.034 0.009 0.006 0.009 
  10   (0.077) 0.398 0.057 0.017 0.018 
  11   (0.109) 0.120 0.214 0.026 0.064 
  12   (0.068) 0.175 0.018 0.014 0.054 
  13   (0.061) 0.038 0.127 0.009 0.015 
  14   (0.070) 0.012 0.129 0.011 0.131 
  15   (0.039) 0.007 0.121 0.006 0.009 
  16   (0.061) 0.010 0.053 0.009 0.205 
  17   (0.034) 0.006 0.046 0.005 0.008 
  18   (0.033) 0.006 0.045 0.005 0.008 

Locus 10 : locus10 
18 alleles
0.0% missing data
   1   (0.089) 0.124 0.134 0.071 0.022 
   2   (0.060) 0.012 0.053 0.146 0.014 
   3   (0.041) 0.012 0.011 0.112 0.010 
   4   (0.041) 0.008 0.011 0.144 0.010 
   5   (0.072) 0.040 0.093 0.039 0.018 
   6   (0.033) 0.006 0.009 0.033 0.008 
   7   (0.104) 0.102 0.324 0.099 0.025 
   8   (0.066) 0.015 0.128 0.090 0.016 
   9   (0.047) 0.022 0.012 0.187 0.011 
  10   (0.067) 0.262 0.054 0.014 0.016 
  11   (0.061) 0.174 0.016 0.015 0.052 
  12   (0.051) 0.037 0.050 0.008 0.012 
  13   (0.057) 0.121 0.052 0.011 0.014 
  14   (0.056) 0.038 0.015 0.009 0.166 
  15   (0.035) 0.006 0.009 0.005 0.084 
  16   (0.037) 0.006 0.010 0.005 0.123 
  17   (0.039) 0.007 0.010 0.006 0.199 
  18   (0.044) 0.007 0.011 0.007 0.200 

Locus 11 : locus11 
16 alleles
0.0% missing data
   1   (0.067) 0.014 0.018 0.122 0.054 
   2   (0.095) 0.016 0.174 0.043 0.099 
   3   (0.052) 0.011 0.014 0.378 0.013 
   4   (0.071) 0.019 0.055 0.116 0.017 
   5   (0.109) 0.030 0.065 0.232 0.102 
   6   (0.042) 0.089 0.011 0.006 0.010 
   7   (0.053) 0.307 0.014 0.012 0.013 
   8   (0.050) 0.225 0.013 0.011 0.012 
   9   (0.048) 0.142 0.013 0.011 0.012 
  10   (0.040) 0.034 0.010 0.006 0.010 
  11   (0.043) 0.058 0.011 0.011 0.010 
  12   (0.098) 0.016 0.321 0.015 0.289 
  13   (0.070) 0.012 0.092 0.011 0.131 
  14   (0.065) 0.011 0.128 0.010 0.053 
  15   (0.057) 0.009 0.052 0.009 0.052 
  16   (0.040) 0.007 0.010 0.006 0.124 

Locus 12 : locus12 
19 alleles
0.0% missing data
   1   (0.055) 0.011 0.014 0.124 0.051 
   2   (0.063) 0.166 0.016 0.131 0.015 
   3   (0.086) 0.051 0.022 0.090 0.287 
   4   (0.055) 0.098 0.014 0.058 0.013 
   5   (0.054) 0.012 0.014 0.093 0.051 
   6   (0.070) 0.011 0.092 0.040 0.055 
   7   (0.067) 0.014 0.018 0.212 0.130 
   8   (0.059) 0.149 0.015 0.063 0.014 
   9   (0.055) 0.009 0.015 0.038 0.165 
  10   (0.058) 0.106 0.015 0.079 0.014 
  11   (0.039) 0.168 0.010 0.007 0.009 
  12   (0.034) 0.056 0.009 0.009 0.008 
  13   (0.047) 0.034 0.012 0.007 0.049 
  14   (0.038) 0.080 0.010 0.014 0.009 
  15   (0.054) 0.009 0.162 0.009 0.051 
  16   (0.062) 0.010 0.312 0.010 0.052 
  17   (0.033) 0.005 0.045 0.005 0.008 
  18   (0.034) 0.006 0.083 0.005 0.008 
  19   (0.036) 0.006 0.120 0.006 0.009 

Locus 13 : locus13 
21 alleles
0.0% missing data
   1   (0.065) 0.017 0.017 0.288 0.053 
   2   (0.071) 0.019 0.018 0.258 0.131 
   3   (0.040) 0.008 0.010 0.118 0.010 
   4   (0.032) 0.005 0.008 0.033 0.008 
   5   (0.048) 0.008 0.013 0.064 0.049 
   6   (0.065) 0.015 0.017 0.091 0.130 
   7   (0.034) 0.006 0.009 0.033 0.008 
   8   (0.067) 0.120 0.017 0.013 0.130 
   9   (0.044) 0.336 0.011 0.011 0.011 
  10   (0.066) 0.094 0.165 0.010 0.016 
  11   (0.063) 0.061 0.016 0.015 0.129 
  12   (0.045) 0.197 0.012 0.011 0.011 
  13   (0.053) 0.036 0.125 0.008 0.013 
  14   (0.049) 0.036 0.013 0.008 0.050 
  15   (0.037) 0.006 0.121 0.006 0.009 
  16   (0.035) 0.006 0.083 0.005 0.009 
  17   (0.037) 0.006 0.120 0.006 0.009 
  18   (0.042) 0.007 0.159 0.006 0.010 
  19   (0.034) 0.006 0.046 0.005 0.008 
  20   (0.039) 0.006 0.010 0.006 0.123 
  21   (0.035) 0.006 0.009 0.005 0.084 

Locus 14 : locus14 
18 alleles
0.0% missing data
   1   (0.090) 0.026 0.097 0.510 0.022 
   2   (0.038) 0.006 0.010 0.062 0.009 
   3   (0.062) 0.011 0.016 0.037 0.129 
   4   (0.060) 0.038 0.016 0.094 0.015 
   5   (0.044) 0.009 0.011 0.118 0.011 
   6   (0.066) 0.017 0.017 0.060 0.092 
   7   (0.051) 0.315 0.013 0.009 0.012 
   8   (0.060) 0.061 0.053 0.014 0.015 
   9   (0.085) 0.119 0.244 0.020 0.021 
  10   (0.095) 0.285 0.173 0.024 0.023 
  11   (0.064) 0.066 0.091 0.010 0.016 
  12   (0.038) 0.006 0.084 0.006 0.009 
  13   (0.042) 0.007 0.085 0.006 0.010 
  14   (0.033) 0.006 0.046 0.005 0.008 
  15   (0.043) 0.007 0.011 0.006 0.200 
  16   (0.045) 0.008 0.012 0.007 0.238 
  17   (0.040) 0.007 0.010 0.006 0.085 
  18   (0.042) 0.007 0.011 0.006 0.086 

Locus 15 : locus15 
21 alleles
0.0% missing data
   1   (0.047) 0.013 0.012 0.286 0.012 
   2   (0.038) 0.009 0.010 0.088 0.009 
   3   (0.057) 0.010 0.015 0.036 0.204 
   4   (0.041) 0.009 0.011 0.174 0.010 
   5   (0.038) 0.009 0.010 0.088 0.009 
   6   (0.068) 0.014 0.018 0.149 0.092 
   7   (0.039) 0.010 0.010 0.058 0.009 
   8   (0.068) 0.197 0.054 0.020 0.017 
   9   (0.070) 0.203 0.092 0.014 0.017 
  10   (0.077) 0.287 0.094 0.016 0.019 
  11   (0.056) 0.037 0.089 0.009 0.014 
  12   (0.042) 0.116 0.011 0.008 0.010 
  13   (0.064) 0.038 0.276 0.010 0.015 
  14   (0.041) 0.007 0.121 0.006 0.010 
  15   (0.037) 0.006 0.120 0.006 0.009 
  16   (0.034) 0.006 0.009 0.005 0.046 
  17   (0.037) 0.006 0.010 0.006 0.122 
  18   (0.038) 0.006 0.010 0.006 0.085 
  19   (0.037) 0.006 0.010 0.006 0.085 
  20   (0.035) 0.006 0.009 0.005 0.122 
  21   (0.035) 0.006 0.009 0.005 0.084 

Locus 16 : locus16 
17 alleles
0.0% missing data
   1   (0.083) 0.020 0.206 0.256 0.020 
   2   (0.095) 0.056 0.025 0.086 0.289 
   3   (0.123) 0.061 0.180 0.089 0.143 
   4   (0.082) 0.020 0.170 0.256 0.020 
   5   (0.043) 0.016 0.011 0.081 0.010 
   6   (0.043) 0.013 0.011 0.111 0.010 
   7   (0.061) 0.010 0.201 0.037 0.015 
   8   (0.036) 0.063 0.009 0.005 0.009 
   9   (0.060) 0.067 0.016 0.009 0.090 
  10   (0.041) 0.116 0.011 0.010 0.010 
  11   (0.048) 0.260 0.012 0.011 0.011 
  12   (0.060) 0.151 0.016 0.011 0.052 
  13   (0.067) 0.063 0.017 0.015 0.168 
  14   (0.034) 0.034 0.009 0.005 0.008 
  15   (0.053) 0.037 0.014 0.008 0.089 
  16   (0.038) 0.006 0.084 0.006 0.009 
  17   (0.033) 0.006 0.009 0.005 0.046 

Locus 17 : locus17 
18 alleles
0.0% missing data
   1   (0.091) 0.077 0.024 0.180 0.098 
   2   (0.104) 0.156 0.027 0.214 0.101 
   3   (0.124) 0.135 0.032 0.331 0.334 
   4   (0.073) 0.067 0.019 0.068 0.056 
   5   (0.085) 0.192 0.022 0.083 0.058 
   6   (0.090) 0.275 0.023 0.056 0.098 
   7   (0.034) 0.033 0.009 0.005 0.008 
   8   (0.039) 0.006 0.158 0.006 0.009 
   9   (0.031) 0.005 0.045 0.005 0.008 
  10   (0.041) 0.007 0.159 0.006 0.010 
  11   (0.037) 0.006 0.084 0.006 0.009 
  12   (0.039) 0.006 0.121 0.006 0.009 
  13   (0.041) 0.007 0.122 0.006 0.010 
  14   (0.033) 0.005 0.046 0.005 0.008 
  15   (0.034) 0.006 0.046 0.005 0.008 
  16   (0.035) 0.006 0.046 0.005 0.008 
  17   (0.037) 0.006 0.010 0.006 0.123 
  18   (0.032) 0.005 0.008 0.005 0.046 

Locus 18 : locus18 
19 alleles
0.0% missing data
   1   (0.088) 0.058 0.023 0.403 0.059 
   2   (0.052) 0.009 0.088 0.037 0.013 
   3   (0.087) 0.288 0.059 0.068 0.021 
   4   (0.060) 0.014 0.016 0.062 0.128 
   5   (0.037) 0.008 0.010 0.091 0.009 
   6   (0.034) 0.006 0.009 0.034 0.008 
   7   (0.085) 0.141 0.059 0.109 0.020 
   8   (0.067) 0.212 0.017 0.056 0.016 
   9   (0.080) 0.040 0.132 0.071 0.019 
  10   (0.032) 0.032 0.008 0.005 0.008 
  11   (0.040) 0.110 0.010 0.011 0.010 
  12   (0.062) 0.037 0.276 0.010 0.015 
  13   (0.058) 0.010 0.163 0.009 0.052 
  14   (0.035) 0.006 0.083 0.005 0.008 
  15   (0.041) 0.007 0.011 0.006 0.162 
  16   (0.041) 0.007 0.011 0.006 0.200 
  17   (0.031) 0.005 0.008 0.005 0.046 
  18   (0.038) 0.006 0.010 0.006 0.161 
  19   (0.033) 0.005 0.009 0.005 0.046 

Locus 19 : locus19 
21 alleles
0.0% missing data
   1   (0.047) 0.012 0.012 0.452 0.011 
   2   (0.043) 0.009 0.011 0.229 0.010 
   3   (0.038) 0.010 0.010 0.058 0.009 
   4   (0.032) 0.006 0.008 0.033 0.008 
   5   (0.037) 0.010 0.010 0.058 0.009 
   6   (0.032) 0.005 0.008 0.033 0.008 
   7   (0.109) 0.236 0.213 0.024 0.063 
   8   (0.035) 0.059 0.009 0.009 0.009 
   9   (0.047) 0.286 0.012 0.010 0.011 
  10   (0.093) 0.072 0.135 0.014 0.098 
  11   (0.088) 0.042 0.171 0.013 0.135 
  12   (0.038) 0.088 0.010 0.008 0.009 
  13   (0.042) 0.083 0.011 0.014 0.010 
  14   (0.033) 0.034 0.009 0.005 0.008 
  15   (0.041) 0.007 0.195 0.006 0.010 
  16   (0.035) 0.006 0.046 0.005 0.009 
  17   (0.035) 0.006 0.046 0.005 0.009 
  18   (0.060) 0.010 0.052 0.009 0.128 
  19   (0.042) 0.007 0.011 0.006 0.238 
  20   (0.039) 0.007 0.010 0.006 0.161 
  21   (0.031) 0.005 0.008 0.005 0.045 

Locus 20 : locus20 
23 alleles
0.0% missing data
   1   (0.063) 0.012 0.127 0.180 0.015 
   2   (0.057) 0.013 0.015 0.177 0.051 
   3   (0.051) 0.012 0.050 0.091 0.012 
   4   (0.059) 0.010 0.015 0.037 0.318 
   5   (0.053) 0.019 0.051 0.083 0.013 
   6   (0.073) 0.016 0.204 0.178 0.017 
   7   (0.038) 0.011 0.010 0.116 0.009 
   8   (0.052) 0.009 0.088 0.036 0.013 
   9   (0.039) 0.253 0.010 0.008 0.010 
  10   (0.040) 0.195 0.010 0.010 0.010 
  11   (0.030) 0.032 0.008 0.005 0.007 
  12   (0.040) 0.112 0.010 0.011 0.010 
  13   (0.042) 0.141 0.011 0.010 0.010 
  14   (0.037) 0.057 0.010 0.009 0.009 
  15   (0.030) 0.032 0.008 0.005 0.007 
  16   (0.030) 0.032 0.008 0.005 0.007 
  17   (0.039) 0.006 0.121 0.006 0.009 
  18   (0.052) 0.009 0.125 0.008 0.050 
  19   (0.034) 0.006 0.083 0.005 0.008 
  20   (0.032) 0.005 0.008 0.005 0.046 
  21   (0.036) 0.006 0.009 0.006 0.122 
  22   (0.041) 0.007 0.011 0.006 0.200 
  23   (0.034) 0.006 0.009 0.005 0.046 

Locus 21 : locus21 
20 alleles
0.0% missing data
   1   (0.042) 0.010 0.011 0.258 0.010 
   2   (0.078) 0.016 0.168 0.151 0.019 
   3   (0.046) 0.014 0.012 0.171 0.011 
   4   (0.066) 0.015 0.054 0.176 0.016 
   5   (0.035) 0.006 0.009 0.033 0.008 
   6   (0.070) 0.016 0.129 0.092 0.017 
   7   (0.096) 0.508 0.025 0.022 0.136 
   8   (0.040) 0.062 0.010 0.006 0.010 
   9   (0.040) 0.058 0.010 0.010 0.010 
  10   (0.042) 0.116 0.011 0.008 0.010 
  11   (0.053) 0.036 0.014 0.008 0.051 
  12   (0.053) 0.036 0.014 0.008 0.051 
  13   (0.060) 0.060 0.016 0.014 0.052 
  14   (0.044) 0.007 0.196 0.007 0.011 
  15   (0.036) 0.006 0.083 0.005 0.009 
  16   (0.045) 0.007 0.196 0.007 0.011 
  17   (0.044) 0.007 0.011 0.007 0.314 
  18   (0.040) 0.007 0.010 0.006 0.123 
  19   (0.040) 0.007 0.011 0.006 0.086 
  20   (0.033) 0.006 0.009 0.005 0.046 

Locus 22 : locus22 
21 alleles
0.0% missing data
   1   (0.067) 0.020 0.054 0.283 0.016 
   2   (0.065) 0.185 0.017 0.116 0.016 
   3   (0.079) 0.126 0.057 0.124 0.019 
   4   (0.093) 0.114 0.172 0.110 0.022 
   5   (0.033) 0.007 0.008 0.117 0.008 
   6   (0.030) 0.005 0.008 0.033 0.007 
   7   (0.077) 0.069 0.169 0.039 0.018 
   8   (0.050) 0.008 0.087 0.035 0.012 
   9   (0.055) 0.064 0.014 0.065 0.013 
  10   (0.066) 0.227 0.091 0.017 0.016 
  11   (0.030) 0.033 0.008 0.005 0.007 
  12   (0.036) 0.088 0.009 0.008 0.009 
  13   (0.037) 0.006 0.083 0.006 0.009 
  14   (0.038) 0.006 0.157 0.006 0.009 
  15   (0.040) 0.007 0.010 0.006 0.200 
  16   (0.035) 0.006 0.009 0.005 0.122 
  17   (0.033) 0.005 0.009 0.005 0.084 
  18   (0.038) 0.006 0.010 0.006 0.123 
  19   (0.032) 0.005 0.008 0.005 0.084 
  20   (0.033) 0.005 0.008 0.005 0.084 
  21   (0.035) 0.006 0.009 0.005 0.122 

Locus 23 : locus23 
22 alleles
0.0% missing data
   1   (0.073) 0.020 0.093 0.456 0.018 
   2   (0.055) 0.012 0.051 0.119 0.013 
   3   (0.053) 0.009 0.051 0.093 0.013 
   4   (0.032) 0.005 0.008 0.033 0.008 
   5   (0.039) 0.015 0.010 0.082 0.009 
   6   (0.031) 0.005 0.008 0.033 0.008 
   7   (0.065) 0.011 0.313 0.066 0.016 
   8   (0.070) 0.200 0.018 0.017 0.130 
   9   (0.062) 0.150 0.016 0.009 0.090 
  10   (0.075) 0.226 0.020 0.019 0.170 
  11   (0.039) 0.197 0.010 0.010 0.009 
  12   (0.059) 0.037 0.015 0.009 0.167 
  13   (0.053) 0.036 0.014 0.008 0.089 
  14   (0.028) 0.032 0.007 0.004 0.007 
  15   (0.032) 0.005 0.120 0.005 0.008 
  16   (0.036) 0.006 0.083 0.006 0.009 
  17   (0.033) 0.006 0.083 0.005 0.008 
  18   (0.034) 0.006 0.046 0.005 0.008 
  19   (0.031) 0.005 0.008 0.005 0.046 
  20   (0.033) 0.006 0.009 0.005 0.084 
  21   (0.034) 0.006 0.009 0.005 0.046 
  22   (0.030) 0.005 0.008 0.005 0.045 

Locus 24 : locus24 
23 alleles
0.0% missing data
   1   (0.037) 0.006 0.010 0.090 0.009 
   2   (0.044) 0.012 0.011 0.199 0.011 
   3   (0.042) 0.011 0.011 0.228 0.010 
   4   (0.060) 0.054 0.016 0.134 0.014 
   5   (0.047) 0.008 0.012 0.035 0.049 
   6   (0.060) 0.010 0.016 0.037 0.166 
   7   (0.039) 0.009 0.010 0.088 0.010 
   8   (0.043) 0.016 0.011 0.081 0.010 
   9   (0.047) 0.310 0.012 0.012 0.011 
  10   (0.046) 0.114 0.012 0.012 0.011 
  11   (0.040) 0.145 0.010 0.007 0.010 
  12   (0.042) 0.089 0.011 0.009 0.010 
  13   (0.037) 0.034 0.010 0.006 0.009 
  14   (0.035) 0.090 0.009 0.005 0.008 
  15   (0.033) 0.033 0.009 0.005 0.008 
  16   (0.044) 0.007 0.344 0.007 0.011 
  17   (0.061) 0.010 0.164 0.009 0.052 
  18   (0.032) 0.005 0.045 0.005 0.008 
  19   (0.041) 0.007 0.122 0.006 0.010 
  20   (0.032) 0.005 0.045 0.005 0.008 
  21   (0.064) 0.011 0.053 0.010 0.433 
  22   (0.032) 0.005 0.045 0.005 0.008 
  23   (0.041) 0.007 0.011 0.006 0.123 

Locus 25 : locus25 
20 alleles
0.0% missing data
   1   (0.099) 0.173 0.026 0.195 0.099 
   2   (0.057) 0.065 0.015 0.147 0.014 
   3   (0.079) 0.118 0.021 0.077 0.057 
   4   (0.077) 0.173 0.020 0.050 0.057 
   5   (0.042) 0.014 0.011 0.164 0.010 
   6   (0.060) 0.171 0.016 0.047 0.015 
   7   (0.057) 0.014 0.015 0.087 0.052 
   8   (0.034) 0.006 0.009 0.032 0.008 
   9   (0.037) 0.011 0.010 0.056 0.009 
  10   (0.040) 0.016 0.011 0.080 0.010 
  11   (0.063) 0.151 0.016 0.013 0.091 
  12   (0.052) 0.038 0.013 0.008 0.089 
  13   (0.044) 0.008 0.270 0.006 0.011 
  14   (0.038) 0.007 0.121 0.006 0.009 
  15   (0.037) 0.006 0.120 0.005 0.009 
  16   (0.041) 0.007 0.195 0.006 0.010 
  17   (0.031) 0.005 0.045 0.005 0.007 
  18   (0.031) 0.005 0.045 0.005 0.008 
  19   (0.043) 0.007 0.011 0.006 0.313 
  20   (0.036) 0.006 0.009 0.005 0.123 

Locus 26 : locus26 
17 alleles
0.0% missing data
   1   (0.114) 0.237 0.030 0.107 0.255 
   2   (0.072) 0.016 0.019 0.205 0.131 
   3   (0.116) 0.091 0.030 0.254 0.369 
   4   (0.083) 0.014 0.170 0.041 0.096 
   5   (0.083) 0.114 0.058 0.081 0.020 
   6   (0.056) 0.009 0.088 0.065 0.014 
   7   (0.073) 0.229 0.019 0.101 0.018 
   8   (0.061) 0.013 0.090 0.091 0.015 
   9   (0.032) 0.033 0.008 0.005 0.008 
  10   (0.033) 0.033 0.009 0.005 0.008 
  11   (0.060) 0.037 0.201 0.009 0.014 
  12   (0.042) 0.115 0.011 0.011 0.010 
  13   (0.035) 0.034 0.009 0.005 0.008 
  14   (0.033) 0.006 0.046 0.005 0.008 
  15   (0.036) 0.006 0.083 0.005 0.009 
  16   (0.033) 0.006 0.045 0.005 0.008 
  17   (0.038) 0.006 0.084 0.006 0.009 

Locus 27 : locus27 
18 alleles
0.0% missing data
   1   (0.074) 0.017 0.019 0.268 0.094 
   2   (0.071) 0.012 0.240 0.069 0.017 
   3   (0.090) 0.021 0.023 0.239 0.326 
   4   (0.082) 0.013 0.207 0.041 0.057 
   5   (0.094) 0.015 0.209 0.072 0.099 
   6   (0.042) 0.009 0.011 0.091 0.010 
   7   (0.079) 0.114 0.057 0.049 0.019 
   8   (0.041) 0.014 0.011 0.085 0.010 
   9   (0.067) 0.195 0.017 0.017 0.054 
  10   (0.068) 0.274 0.054 0.019 0.016 
  11   (0.038) 0.115 0.010 0.006 0.009 
  12   (0.043) 0.139 0.011 0.010 0.010 
  13   (0.032) 0.032 0.008 0.005 0.008 
  14   (0.039) 0.006 0.084 0.006 0.009 
  15   (0.035) 0.006 0.009 0.005 0.046 
  16   (0.034) 0.006 0.009 0.005 0.046 
  17   (0.037) 0.006 0.010 0.006 0.085 
  18   (0.036) 0.006 0.009 0.006 0.085 

Locus 28 : locus28 
29 alleles
0.0% missing data
   1   (0.037) 0.011 0.010 0.115 0.009 
   2   (0.042) 0.011 0.011 0.145 0.010 
   3   (0.033) 0.005 0.009 0.062 0.008 
   4   (0.040) 0.010 0.010 0.315 0.010 
   5   (0.028) 0.005 0.007 0.033 0.007 
   6   (0.030) 0.005 0.008 0.033 0.007 
   7   (0.040) 0.011 0.010 0.114 0.010 
   8   (0.042) 0.007 0.049 0.034 0.010 
   9   (0.032) 0.005 0.008 0.033 0.008 
  10   (0.034) 0.171 0.009 0.006 0.008 
  11   (0.039) 0.168 0.010 0.010 0.009 
  12   (0.037) 0.087 0.010 0.008 0.009 
  13   (0.039) 0.196 0.010 0.010 0.009 
  14   (0.029) 0.060 0.008 0.004 0.007 
  15   (0.028) 0.032 0.007 0.004 0.007 
  16   (0.037) 0.142 0.010 0.008 0.009 
  17   (0.039) 0.007 0.195 0.006 0.009 
  18   (0.031) 0.005 0.082 0.005 0.007 
  19   (0.032) 0.005 0.082 0.005 0.008 
  20   (0.031) 0.005 0.119 0.005 0.008 
  21   (0.034) 0.006 0.193 0.005 0.008 
  22   (0.033) 0.006 0.046 0.005 0.008 
  23   (0.028) 0.005 0.044 0.004 0.007 
  24   (0.035) 0.006 0.009 0.005 0.274 
  25   (0.033) 0.005 0.009 0.005 0.084 
  26   (0.038) 0.006 0.010 0.006 0.161 
  27   (0.027) 0.005 0.007 0.004 0.044 
  28   (0.036) 0.006 0.010 0.005 0.160 
  29   (0.033) 0.006 0.009 0.005 0.084 

Locus 29 : locus29 
19 alleles
0.0% missing data
   1   (0.120) 0.105 0.254 0.247 0.029 
   2   (0.119) 0.154 0.142 0.311 0.029 
   3   (0.089) 0.064 0.097 0.164 0.021 
   4   (0.037) 0.006 0.010 0.035 0.009 
   5   (0.038) 0.009 0.010 0.061 0.009 
   6   (0.083) 0.081 0.058 0.086 0.020 
   7   (0.048) 0.245 0.013 0.013 0.012 
   8   (0.047) 0.163 0.012 0.014 0.011 
   9   (0.036) 0.060 0.009 0.006 0.009 
  10   (0.038) 0.056 0.010 0.010 0.009 
  11   (0.042) 0.007 0.159 0.007 0.010 
  12   (0.036) 0.006 0.083 0.006 0.009 
  13   (0.036) 0.006 0.046 0.006 0.009 
  14   (0.034) 0.005 0.046 0.005 0.008 
  15   (0.040) 0.007 0.010 0.006 0.275 
  16   (0.041) 0.007 0.011 0.006 0.199 
  17   (0.039) 0.006 0.010 0.006 0.085 
  18   (0.039) 0.006 0.010 0.006 0.161 
  19   (0.038) 0.006 0.010 0.006 0.085 

Locus 30 : locus30 
18 alleles
0.0% missing data
   1   (0.042) 0.010 0.011 0.175 0.010 
   2   (0.067) 0.020 0.017 0.286 0.054 
   3   (0.049) 0.036 0.013 0.036 0.012 
   4   (0.085) 0.048 0.022 0.149 0.096 
   5   (0.059) 0.010 0.015 0.066 0.090 
   6   (0.084) 0.125 0.133 0.040 0.020 
   7   (0.101) 0.107 0.248 0.064 0.024 
   8   (0.062) 0.058 0.016 0.102 0.015 
   9   (0.048) 0.335 0.012 0.013 0.011 
  10   (0.070) 0.115 0.092 0.018 0.017 
  11   (0.071) 0.067 0.277 0.011 0.017 
  12   (0.032) 0.033 0.008 0.005 0.008 
  13   (0.040) 0.007 0.084 0.006 0.010 
  14   (0.042) 0.007 0.011 0.006 0.238 
  15   (0.037) 0.006 0.010 0.006 0.085 
  16   (0.040) 0.007 0.010 0.006 0.123 
  17   (0.033) 0.006 0.009 0.005 0.046 
  18   (0.037) 0.006 0.010 0.006 0.123 

Locus 31 : locus31 
25 alleles
0.0% missing data
   1   (0.042) 0.010 0.011 0.311 0.010 
   2   (0.035) 0.008 0.009 0.116 0.008 
   3   (0.034) 0.007 0.009 0.144 0.008 
   4   (0.032) 0.009 0.008 0.197 0.008 
   5   (0.033) 0.014 0.009 0.080 0.008 
   6   (0.027) 0.033 0.007 0.004 0.006 
   7   (0.051) 0.060 0.087 0.012 0.012 
   8   (0.031) 0.062 0.008 0.005 0.008 
   9   (0.032) 0.034 0.008 0.005 0.008 
  10   (0.036) 0.143 0.009 0.008 0.009 
  11   (0.056) 0.122 0.126 0.008 0.014 
  12   (0.051) 0.172 0.050 0.013 0.012 
  13   (0.034) 0.084 0.009 0.011 0.008 
  14   (0.079) 0.064 0.168 0.017 0.133 
  15   (0.031) 0.033 0.008 0.005 0.007 
  16   (0.029) 0.033 0.007 0.004 0.007 
  17   (0.061) 0.062 0.201 0.014 0.015 
  18   (0.051) 0.009 0.087 0.008 0.126 
  19   (0.046) 0.008 0.086 0.007 0.049 
  20   (0.051) 0.009 0.050 0.008 0.202 
  21   (0.030) 0.005 0.008 0.004 0.045 
  22   (0.035) 0.006 0.009 0.005 0.122 
  23   (0.035) 0.006 0.009 0.005 0.084 
  24   (0.027) 0.005 0.007 0.004 0.045 
  25   (0.029) 0.005 0.008 0.004 0.045 

Locus 32 : locus32 
24 alleles
0.0% missing data
   1   (0.041) 0.013 0.011 0.168 0.010 
   2   (0.037) 0.010 0.010 0.142 0.009 
   3   (0.041) 0.009 0.011 0.284 0.010 
   4   (0.033) 0.008 0.009 0.087 0.008 
   5   (0.040) 0.010 0.010 0.142 0.010 
   6   (0.029) 0.005 0.007 0.032 0.007 
   7   (0.062) 0.205 0.053 0.012 0.015 
   8   (0.063) 0.142 0.053 0.018 0.015 
   9   (0.051) 0.065 0.050 0.008 0.012 
  10   (0.061) 0.062 0.090 0.014 0.015 
  11   (0.034) 0.118 0.009 0.005 0.008 
  12   (0.034) 0.062 0.009 0.005 0.008 
  13   (0.042) 0.115 0.011 0.011 0.010 
  14   (0.056) 0.085 0.051 0.017 0.014 
  15   (0.062) 0.038 0.238 0.009 0.015 
  16   (0.038) 0.006 0.121 0.006 0.009 
  17   (0.036) 0.006 0.157 0.005 0.009 
  18   (0.030) 0.005 0.045 0.004 0.007 
  19   (0.037) 0.006 0.009 0.006 0.122 
  20   (0.041) 0.007 0.011 0.006 0.199 
  21   (0.039) 0.007 0.010 0.006 0.161 
  22   (0.033) 0.006 0.009 0.005 0.160 
  23   (0.030) 0.005 0.008 0.005 0.083 
  24   (0.032) 0.005 0.008 0.005 0.084 

Locus 33 : locus33 
19 alleles
0.0% missing data
   1   (0.084) 0.060 0.059 0.392 0.020 
   2   (0.082) 0.241 0.058 0.091 0.020 
   3   (0.101) 0.095 0.285 0.134 0.024 
   4   (0.096) 0.098 0.136 0.214 0.023 
   5   (0.076) 0.121 0.057 0.070 0.019 
   6   (0.052) 0.089 0.014 0.011 0.051 
   7   (0.051) 0.060 0.013 0.012 0.050 
   8   (0.036) 0.116 0.009 0.007 0.009 
   9   (0.068) 0.062 0.055 0.016 0.054 
  10   (0.036) 0.006 0.120 0.006 0.009 
  11   (0.034) 0.006 0.046 0.005 0.008 
  12   (0.032) 0.005 0.045 0.005 0.008 
  13   (0.046) 0.008 0.049 0.007 0.049 
  14   (0.037) 0.006 0.010 0.006 0.236 
  15   (0.031) 0.005 0.008 0.005 0.045 
  16   (0.036) 0.006 0.009 0.005 0.123 
  17   (0.034) 0.006 0.009 0.005 0.084 
  18   (0.035) 0.006 0.009 0.005 0.122 
  19   (0.031) 0.005 0.008 0.005 0.045 

Locus 34 : locus34 
29 alleles
0.0% missing data
   1   (0.060) 0.130 0.016 0.517 0.015 
   2   (0.047) 0.051 0.012 0.192 0.011 
   3   (0.044) 0.044 0.011 0.083 0.011 
   4   (0.026) 0.004 0.007 0.033 0.006 
   5   (0.027) 0.004 0.007 0.033 0.007 
   6   (0.031) 0.085 0.008 0.007 0.008 
   7   (0.031) 0.032 0.008 0.005 0.007 
   8   (0.034) 0.136 0.009 0.011 0.008 
   9   (0.048) 0.062 0.013 0.008 0.125 
  10   (0.037) 0.136 0.010 0.012 0.009 
  11   (0.033) 0.113 0.008 0.007 0.008 
  12   (0.031) 0.112 0.008 0.006 0.007 
  13   (0.029) 0.005 0.156 0.005 0.007 
  14   (0.023) 0.004 0.043 0.004 0.006 
  15   (0.026) 0.004 0.044 0.004 0.006 
  16   (0.032) 0.005 0.156 0.005 0.008 
  17   (0.042) 0.007 0.048 0.006 0.048 
  18   (0.041) 0.007 0.047 0.006 0.048 
  19   (0.033) 0.005 0.119 0.005 0.008 
  20   (0.041) 0.007 0.048 0.006 0.048 
  21   (0.030) 0.005 0.045 0.005 0.007 
  22   (0.046) 0.008 0.086 0.007 0.049 
  23   (0.028) 0.005 0.044 0.004 0.007 
  24   (0.029) 0.005 0.008 0.005 0.045 
  25   (0.030) 0.005 0.008 0.005 0.121 
  26   (0.029) 0.005 0.007 0.004 0.121 
  27   (0.032) 0.005 0.008 0.005 0.122 
  28   (0.032) 0.005 0.008 0.005 0.084 
  29   (0.026) 0.004 0.007 0.004 0.044 

Locus 35 : locus35 
23 alleles
0.0% missing data
   1   (0.044) 0.012 0.012 0.199 0.011 
   2   (0.038) 0.006 0.010 0.090 0.009 
   3   (0.045) 0.010 0.012 0.314 0.011 
   4   (0.044) 0.013 0.011 0.225 0.011 
   5   (0.038) 0.006 0.010 0.034 0.009 
   6   (0.038) 0.090 0.010 0.006 0.009 
   7   (0.063) 0.146 0.016 0.014 0.053 
   8   (0.072) 0.172 0.019 0.018 0.131 
   9   (0.046) 0.199 0.012 0.011 0.011 
  10   (0.039) 0.117 0.010 0.008 0.009 
  11   (0.040) 0.145 0.010 0.007 0.010 
  12   (0.040) 0.007 0.084 0.006 0.010 
  13   (0.037) 0.006 0.120 0.006 0.009 
  14   (0.056) 0.009 0.126 0.009 0.051 
  15   (0.066) 0.011 0.313 0.010 0.053 
  16   (0.036) 0.006 0.046 0.005 0.009 
  17   (0.040) 0.007 0.084 0.006 0.010 
  18   (0.035) 0.006 0.046 0.005 0.009 
  19   (0.039) 0.007 0.010 0.006 0.200 
  20   (0.039) 0.007 0.010 0.006 0.124 
  21   (0.040) 0.007 0.010 0.006 0.123 
  22   (0.034) 0.006 0.009 0.005 0.046 
  23   (0.032) 0.005 0.008 0.005 0.083 

Locus 36 : locus36 
20 alleles
0.0% missing data
   1   (0.044) 0.014 0.011 0.168 0.011 
   2   (0.039) 0.009 0.010 0.116 0.009 
   3   (0.048) 0.012 0.013 0.450 0.012 
   4   (0.036) 0.006 0.009 0.089 0.009 
   5   (0.031) 0.005 0.008 0.032 0.008 
   6   (0.044) 0.168 0.012 0.015 0.011 
   7   (0.091) 0.096 0.172 0.017 0.060 
   8   (0.035) 0.091 0.009 0.005 0.008 
   9   (0.038) 0.089 0.010 0.008 0.009 
  10   (0.101) 0.210 0.063 0.020 0.366 
  11   (0.068) 0.121 0.018 0.013 0.130 
  12   (0.036) 0.058 0.009 0.009 0.009 
  13   (0.066) 0.039 0.054 0.010 0.054 
  14   (0.047) 0.036 0.012 0.007 0.049 
  15   (0.041) 0.007 0.195 0.006 0.010 
  16   (0.060) 0.010 0.090 0.009 0.128 
  17   (0.053) 0.009 0.088 0.008 0.051 
  18   (0.037) 0.006 0.083 0.006 0.009 
  19   (0.052) 0.009 0.088 0.008 0.050 
  20   (0.034) 0.006 0.046 0.005 0.008 

Locus 37 : locus37 
21 alleles
0.0% missing data
   1   (0.072) 0.017 0.019 0.626 0.093 
   2   (0.066) 0.014 0.017 0.120 0.130 
   3   (0.055) 0.015 0.051 0.059 0.013 
   4   (0.071) 0.018 0.055 0.061 0.055 
   5   (0.050) 0.064 0.050 0.008 0.012 
   6   (0.063) 0.119 0.016 0.012 0.167 
   7   (0.068) 0.146 0.018 0.015 0.092 
   8   (0.056) 0.090 0.015 0.011 0.051 
   9   (0.057) 0.065 0.015 0.009 0.090 
  10   (0.030) 0.033 0.008 0.005 0.007 
  11   (0.070) 0.201 0.018 0.016 0.130 
  12   (0.038) 0.113 0.010 0.010 0.009 
  13   (0.034) 0.058 0.009 0.008 0.008 
  14   (0.036) 0.006 0.194 0.005 0.009 
  15   (0.031) 0.005 0.045 0.005 0.007 
  16   (0.034) 0.006 0.120 0.005 0.008 
  17   (0.032) 0.005 0.045 0.005 0.008 
  18   (0.035) 0.006 0.083 0.005 0.008 
  19   (0.035) 0.006 0.120 0.005 0.008 
  20   (0.035) 0.006 0.083 0.005 0.009 
  21   (0.033) 0.005 0.008 0.005 0.084 

Locus 38 : locus38 
20 alleles
0.0% missing data
   1   (0.066) 0.017 0.017 0.146 0.092 
   2   (0.073) 0.019 0.019 0.203 0.131 
   3   (0.071) 0.016 0.055 0.377 0.017 
   4   (0.062) 0.016 0.090 0.060 0.015 
   5   (0.056) 0.009 0.015 0.094 0.090 
   6   (0.043) 0.225 0.011 0.010 0.010 
   7   (0.052) 0.036 0.014 0.008 0.051 
   8   (0.048) 0.280 0.012 0.011 0.012 
   9   (0.061) 0.090 0.016 0.013 0.053 
  10   (0.049) 0.036 0.013 0.007 0.050 
  11   (0.039) 0.087 0.010 0.008 0.009 
  12   (0.051) 0.064 0.013 0.008 0.050 
  13   (0.058) 0.060 0.015 0.014 0.052 
  14   (0.039) 0.006 0.232 0.006 0.009 
  15   (0.040) 0.007 0.159 0.006 0.010 
  16   (0.041) 0.007 0.158 0.006 0.010 
  17   (0.039) 0.006 0.121 0.006 0.009 
  18   (0.039) 0.007 0.010 0.006 0.161 
  19   (0.039) 0.007 0.010 0.006 0.123 
  20   (0.033) 0.005 0.009 0.005 0.046 

Locus 39 : locus39 
28 alleles
0.0% missing data
   1   (0.033) 0.009 0.009 0.057 0.008 
   2   (0.031) 0.005 0.008 0.061 0.008 
   3   (0.035) 0.008 0.009 0.453 0.008 
   4   (0.029) 0.005 0.008 0.061 0.007 
   5   (0.036) 0.011 0.009 0.169 0.009 
   6   (0.033) 0.009 0.008 0.057 0.008 
   7   (0.051) 0.145 0.013 0.011 0.049 
   8   (0.032) 0.061 0.008 0.005 0.008 
   9   (0.037) 0.227 0.009 0.008 0.009 
  10   (0.029) 0.033 0.008 0.004 0.007 
  11   (0.029) 0.061 0.008 0.004 0.007 
  12   (0.047) 0.115 0.012 0.012 0.049 
  13   (0.027) 0.057 0.007 0.007 0.007 
  14   (0.031) 0.033 0.008 0.005 0.007 
  15   (0.029) 0.087 0.007 0.006 0.007 
  16   (0.056) 0.060 0.015 0.013 0.204 
  17   (0.054) 0.009 0.310 0.008 0.051 
  18   (0.032) 0.005 0.083 0.005 0.008 
  19   (0.028) 0.005 0.044 0.004 0.007 
  20   (0.052) 0.009 0.087 0.008 0.126 
  21   (0.052) 0.009 0.125 0.008 0.089 
  22   (0.030) 0.005 0.045 0.004 0.007 
  23   (0.030) 0.005 0.045 0.005 0.007 
  24   (0.042) 0.007 0.048 0.006 0.086 
  25   (0.027) 0.005 0.044 0.004 0.007 
  26   (0.031) 0.005 0.008 0.005 0.121 
  27   (0.028) 0.005 0.007 0.004 0.045 
  28   (0.029) 0.005 0.007 0.004 0.045 

Locus 40 : locus40 
24 alleles
0.0% missing data
   1   (0.038) 0.009 0.010 0.172 0.009 
   2   (0.038) 0.009 0.010 0.172 0.009 
   3   (0.043) 0.011 0.011 0.284 0.010 
   4   (0.037) 0.008 0.010 0.116 0.009 
   5   (0.038) 0.006 0.010 0.062 0.009 
   6   (0.039) 0.011 0.010 0.058 0.009 
   7   (0.068) 0.175 0.018 0.014 0.206 
   8   (0.049) 0.092 0.013 0.007 0.050 
   9   (0.066) 0.230 0.017 0.014 0.091 
  10   (0.038) 0.059 0.010 0.009 0.009 
  11   (0.066) 0.145 0.017 0.015 0.130 
  12   (0.066) 0.175 0.017 0.014 0.168 
  13   (0.036) 0.006 0.157 0.005 0.009 
  14   (0.033) 0.006 0.046 0.005 0.008 
  15   (0.037) 0.006 0.084 0.006 0.009 
  16   (0.036) 0.006 0.083 0.005 0.009 
  17   (0.030) 0.005 0.045 0.005 0.007 
  18   (0.037) 0.006 0.084 0.006 0.009 
  19   (0.031) 0.005 0.045 0.005 0.008 
  20   (0.037) 0.006 0.157 0.006 0.009 
  21   (0.036) 0.006 0.120 0.005 0.009 
  22   (0.037) 0.006 0.010 0.006 0.085 
  23   (0.031) 0.005 0.008 0.005 0.083 
  24   (0.033) 0.006 0.009 0.005 0.046 

Locus 41 : locus41 
18 alleles
0.0% missing data
   1   (0.105) 0.021 0.064 0.127 0.291 
   2   (0.072) 0.017 0.093 0.178 0.018 
   3   (0.076) 0.019 0.168 0.148 0.018 
   4   (0.071) 0.018 0.018 0.062 0.245 
   5   (0.045) 0.013 0.012 0.230 0.011 
   6   (0.056) 0.009 0.014 0.037 0.089 
   7   (0.079) 0.013 0.057 0.070 0.095 
   8   (0.076) 0.013 0.131 0.040 0.056 
   9   (0.054) 0.009 0.051 0.037 0.013 
  10   (0.047) 0.308 0.012 0.010 0.011 
  11   (0.046) 0.224 0.012 0.011 0.011 
  12   (0.041) 0.087 0.011 0.009 0.010 
  13   (0.044) 0.141 0.012 0.010 0.011 
  14   (0.038) 0.058 0.010 0.010 0.009 
  15   (0.032) 0.033 0.008 0.005 0.008 
  16   (0.047) 0.008 0.271 0.007 0.011 
  17   (0.035) 0.006 0.046 0.005 0.008 
  18   (0.036) 0.006 0.009 0.005 0.084 

Locus 42 : locus42 
22 alleles
0.0% missing data
   1   (0.060) 0.016 0.052 0.117 0.014 
   2   (0.069) 0.193 0.018 0.107 0.017 
   3   (0.069) 0.023 0.166 0.084 0.017 
   4   (0.062) 0.075 0.016 0.143 0.015 
   5   (0.036) 0.006 0.009 0.091 0.009 
   6   (0.037) 0.008 0.010 0.089 0.009 
   7   (0.076) 0.301 0.020 0.226 0.018 
   8   (0.081) 0.186 0.021 0.061 0.057 
   9   (0.033) 0.033 0.009 0.005 0.008 
  10   (0.053) 0.060 0.014 0.013 0.051 
  11   (0.032) 0.033 0.008 0.005 0.008 
  12   (0.038) 0.006 0.121 0.006 0.009 
  13   (0.036) 0.006 0.083 0.005 0.009 
  14   (0.036) 0.006 0.231 0.006 0.009 
  15   (0.031) 0.005 0.119 0.005 0.008 
  16   (0.032) 0.005 0.045 0.005 0.008 
  17   (0.039) 0.006 0.010 0.006 0.199 
  18   (0.041) 0.007 0.011 0.006 0.237 
  19   (0.037) 0.006 0.010 0.006 0.085 
  20   (0.036) 0.006 0.009 0.006 0.085 
  21   (0.032) 0.005 0.008 0.005 0.046 
  22   (0.035) 0.006 0.009 0.005 0.084 

Locus 43 : locus43 
19 alleles
0.0% missing data
   1   (0.040) 0.014 0.010 0.083 0.010 
   2   (0.038) 0.007 0.010 0.175 0.009 
   3   (0.035) 0.010 0.009 0.058 0.009 
   4   (0.039) 0.008 0.010 0.117 0.009 
   5   (0.038) 0.008 0.010 0.118 0.009 
   6   (0.040) 0.009 0.010 0.174 0.010 
   7   (0.033) 0.006 0.009 0.033 0.008 
   8   (0.062) 0.016 0.016 0.060 0.167 
   9   (0.037) 0.010 0.010 0.058 0.009 
  10   (0.059) 0.119 0.089 0.011 0.014 
  11   (0.081) 0.063 0.058 0.018 0.171 
  12   (0.083) 0.259 0.022 0.018 0.248 
  13   (0.063) 0.090 0.127 0.013 0.015 
  14   (0.048) 0.036 0.050 0.007 0.012 
  15   (0.092) 0.227 0.061 0.024 0.136 
  16   (0.056) 0.036 0.237 0.009 0.014 
  17   (0.086) 0.070 0.096 0.013 0.134 
  18   (0.031) 0.005 0.045 0.005 0.008 
  19   (0.038) 0.006 0.121 0.006 0.009 

Locus 44 : locus44 
8 alleles
0.0% missing data
   1   (0.131) 0.029 0.145 0.185 0.145 
   2   (0.082) 0.114 0.021 0.165 0.020 
   3   (0.104) 0.147 0.101 0.053 0.025 
   4   (0.136) 0.162 0.035 0.306 0.109 
   5   (0.131) 0.243 0.034 0.161 0.107 
   6   (0.215) 0.172 0.352 0.090 0.356 
   7   (0.120) 0.121 0.105 0.028 0.143 
   8   (0.080) 0.013 0.206 0.012 0.095 

Locus 45 : locus45 
18 alleles
0.0% missing data
   1   (0.098) 0.197 0.136 0.055 0.024 
   2   (0.071) 0.086 0.019 0.162 0.017 
   3   (0.067) 0.057 0.018 0.192 0.016 
   4   (0.066) 0.088 0.017 0.130 0.016 
   5   (0.060) 0.014 0.016 0.177 0.052 
   6   (0.040) 0.011 0.010 0.059 0.010 
   7   (0.059) 0.065 0.015 0.066 0.014 
   8   (0.061) 0.101 0.016 0.057 0.015 
   9   (0.080) 0.105 0.169 0.030 0.019 
  10   (0.037) 0.034 0.010 0.006 0.009 
  11   (0.082) 0.121 0.280 0.015 0.020 
  12   (0.041) 0.082 0.011 0.014 0.010 
  13   (0.043) 0.007 0.159 0.007 0.010 
  14   (0.039) 0.006 0.084 0.006 0.009 
  15   (0.043) 0.007 0.011 0.007 0.314 
  16   (0.034) 0.006 0.009 0.005 0.046 
  17   (0.043) 0.007 0.011 0.007 0.276 
  18   (0.036) 0.006 0.009 0.006 0.122 

Locus 46 : locus46 
19 alleles
0.0% missing data
   1   (0.075) 0.173 0.019 0.156 0.018 
   2   (0.045) 0.009 0.012 0.304 0.011 
   3   (0.097) 0.094 0.025 0.195 0.099 
   4   (0.060) 0.036 0.016 0.070 0.014 
   5   (0.059) 0.045 0.015 0.089 0.014 
   6   (0.075) 0.018 0.020 0.064 0.246 
   7   (0.047) 0.188 0.012 0.012 0.011 
   8   (0.038) 0.059 0.010 0.006 0.009 
   9   (0.077) 0.110 0.020 0.021 0.170 
  10   (0.066) 0.138 0.017 0.016 0.053 
  11   (0.041) 0.078 0.011 0.015 0.010 
  12   (0.047) 0.008 0.308 0.008 0.011 
  13   (0.043) 0.007 0.196 0.007 0.010 
  14   (0.041) 0.007 0.159 0.007 0.010 
  15   (0.033) 0.005 0.046 0.005 0.008 
  16   (0.040) 0.006 0.084 0.006 0.010 
  17   (0.042) 0.007 0.011 0.007 0.124 
  18   (0.042) 0.007 0.011 0.007 0.124 
  19   (0.033) 0.005 0.009 0.005 0.046 

Locus 47 : locus47 
19 alleles
0.0% missing data
   1   (0.075) 0.016 0.168 0.092 0.018 
   2   (0.044) 0.012 0.011 0.258 0.011 
   3   (0.038) 0.006 0.010 0.063 0.009 
   4   (0.097) 0.026 0.099 0.118 0.099 
   5   (0.101) 0.017 0.174 0.101 0.138 
   6   (0.042) 0.012 0.011 0.115 0.010 
   7   (0.081) 0.014 0.095 0.069 0.095 
   8   (0.056) 0.013 0.052 0.091 0.014 
   9   (0.046) 0.227 0.012 0.009 0.011 
  10   (0.044) 0.228 0.011 0.008 0.011 
  11   (0.038) 0.115 0.010 0.008 0.009 
  12   (0.039) 0.058 0.010 0.010 0.009 
  13   (0.048) 0.164 0.013 0.017 0.012 
  14   (0.041) 0.058 0.011 0.010 0.010 
  15   (0.062) 0.010 0.275 0.010 0.052 
  16   (0.040) 0.007 0.010 0.006 0.237 
  17   (0.036) 0.006 0.009 0.005 0.123 
  18   (0.035) 0.006 0.009 0.005 0.047 
  19   (0.037) 0.006 0.010 0.006 0.085 

Locus 48 : locus48 
21 alleles
0.0% missing data
   1   (0.033) 0.006 0.009 0.090 0.008 
   2   (0.033) 0.009 0.009 0.058 0.008 
   3   (0.054) 0.009 0.088 0.065 0.013 
   4   (0.060) 0.010 0.201 0.066 0.015 
   5   (0.055) 0.009 0.125 0.065 0.013 
   6   (0.055) 0.009 0.126 0.037 0.013 
   7   (0.056) 0.014 0.088 0.060 0.013 
   8   (0.042) 0.012 0.011 0.314 0.010 
   9   (0.057) 0.019 0.052 0.141 0.014 
  10   (0.062) 0.230 0.016 0.012 0.052 
  11   (0.038) 0.142 0.010 0.009 0.009 
  12   (0.077) 0.254 0.020 0.019 0.246 
  13   (0.034) 0.057 0.009 0.008 0.008 
  14   (0.063) 0.090 0.016 0.013 0.167 
  15   (0.032) 0.033 0.008 0.005 0.008 
  16   (0.045) 0.035 0.012 0.007 0.049 
  17   (0.065) 0.038 0.054 0.010 0.054 
  18   (0.037) 0.006 0.121 0.006 0.009 
  19   (0.039) 0.007 0.010 0.006 0.161 
  20   (0.032) 0.005 0.008 0.005 0.084 
  21   (0.031) 0.005 0.008 0.005 0.045 

Locus 49 : locus49 
28 alleles
0.0% missing data
   1   (0.034) 0.008 0.009 0.089 0.008 
   2   (0.034) 0.006 0.009 0.091 0.008 
   3   (0.036) 0.010 0.009 0.115 0.009 
   4   (0.053) 0.012 0.014 0.175 0.051 
   5   (0.041) 0.012 0.011 0.115 0.010 
   6   (0.036) 0.009 0.009 0.144 0.009 
   7   (0.035) 0.006 0.009 0.091 0.008 
   8   (0.033) 0.009 0.009 0.058 0.008 
   9   (0.055) 0.229 0.015 0.011 0.050 
  10   (0.042) 0.418 0.011 0.009 0.010 
  11   (0.033) 0.057 0.009 0.008 0.008 
  12   (0.035) 0.057 0.009 0.009 0.009 
  13   (0.028) 0.032 0.007 0.004 0.007 
  14   (0.031) 0.057 0.008 0.008 0.008 
  15   (0.035) 0.006 0.083 0.005 0.008 
  16   (0.027) 0.004 0.118 0.004 0.007 
  17   (0.037) 0.006 0.121 0.006 0.009 
  18   (0.036) 0.006 0.083 0.006 0.009 
  19   (0.040) 0.007 0.196 0.006 0.010 
  20   (0.031) 0.005 0.119 0.005 0.008 
  21   (0.034) 0.006 0.083 0.005 0.008 
  22   (0.038) 0.006 0.010 0.006 0.199 
  23   (0.036) 0.006 0.009 0.005 0.199 
  24   (0.027) 0.005 0.007 0.004 0.044 
  25   (0.038) 0.006 0.010 0.006 0.123 
  26   (0.031) 0.005 0.008 0.005 0.045 
  27   (0.034) 0.006 0.009 0.005 0.084 
  28   (0.030) 0.005 0.008 0.005 0.045 

Locus 50 : locus50 
14 alleles
0.0% missing data
   1   (0.109) 0.026 0.065 0.324 0.216 
   2   (0.095) 0.122 0.135 0.075 0.023 
   3   (0.044) 0.012 0.011 0.115 0.011 
   4   (0.102) 0.017 0.174 0.102 0.138 
   5   (0.097) 0.052 0.062 0.121 0.061 
   6   (0.105) 0.073 0.064 0.072 0.139 
   7   (0.090) 0.070 0.321 0.041 0.022 
   8   (0.060) 0.010 0.016 0.037 0.167 
   9   (0.038) 0.010 0.010 0.059 0.009 
  10   (0.100) 0.316 0.100 0.020 0.062 
  11   (0.040) 0.115 0.011 0.008 0.010 
  12   (0.043) 0.112 0.011 0.011 0.010 
  13   (0.039) 0.058 0.010 0.010 0.009 
  14   (0.038) 0.006 0.010 0.006 0.123 

Locus 51 : locus51 
23 alleles
0.0% missing data
   1   (0.051) 0.014 0.013 0.201 0.012 
   2   (0.048) 0.011 0.012 0.259 0.012 
   3   (0.042) 0.009 0.011 0.202 0.010 
   4   (0.047) 0.014 0.012 0.114 0.011 
   5   (0.039) 0.006 0.010 0.062 0.009 
   6   (0.037) 0.006 0.010 0.034 0.009 
   7   (0.051) 0.228 0.013 0.010 0.012 
   8   (0.043) 0.116 0.011 0.008 0.010 
   9   (0.055) 0.366 0.014 0.013 0.013 
  10   (0.038) 0.034 0.010 0.006 0.009 
  11   (0.039) 0.058 0.010 0.010 0.010 
  12   (0.041) 0.059 0.011 0.010 0.010 
  13   (0.043) 0.007 0.159 0.007 0.011 
  14   (0.049) 0.008 0.346 0.007 0.012 
  15   (0.037) 0.006 0.047 0.006 0.009 
  16   (0.044) 0.007 0.122 0.007 0.011 
  17   (0.041) 0.007 0.085 0.006 0.010 
  18   (0.040) 0.007 0.047 0.006 0.010 
  19   (0.047) 0.008 0.012 0.007 0.239 
  20   (0.049) 0.008 0.013 0.007 0.315 
  21   (0.039) 0.007 0.010 0.006 0.085 
  22   (0.036) 0.006 0.009 0.006 0.047 
  23   (0.042) 0.007 0.011 0.006 0.124 

Locus 52 : locus52 
18 alleles
0.0% missing data
   1   (0.078) 0.017 0.020 0.093 0.247 
   2   (0.073) 0.017 0.019 0.262 0.055 
   3   (0.080) 0.019 0.021 0.262 0.095 
   4   (0.069) 0.017 0.018 0.061 0.093 
   5   (0.066) 0.011 0.017 0.038 0.282 
   6   (0.043) 0.012 0.011 0.115 0.010 
   7   (0.068) 0.011 0.018 0.067 0.092 
   8   (0.042) 0.118 0.011 0.006 0.010 
   9   (0.080) 0.150 0.132 0.015 0.019 
  10   (0.051) 0.282 0.013 0.010 0.012 
  11   (0.045) 0.083 0.012 0.015 0.011 
  12   (0.052) 0.169 0.014 0.014 0.013 
  13   (0.044) 0.058 0.011 0.011 0.011 
  14   (0.045) 0.007 0.196 0.007 0.011 
  15   (0.045) 0.007 0.160 0.007 0.011 
  16   (0.045) 0.008 0.234 0.007 0.011 
  17   (0.037) 0.006 0.046 0.006 0.009 
  18   (0.037) 0.006 0.047 0.006 0.009 

Locus 53 : locus53 
20 alleles
0.0% missing data
   1   (0.041) 0.009 0.011 0.178 0.010 
   2   (0.068) 0.015 0.018 0.094 0.130 
   3   (0.059) 0.052 0.015 0.138 0.014 
   4   (0.061) 0.053 0.016 0.225 0.015 
   5   (0.033) 0.005 0.009 0.034 0.008 
   6   (0.068) 0.011 0.018 0.098 0.244 
   7   (0.054) 0.009 0.014 0.037 0.089 
   8   (0.066) 0.021 0.091 0.085 0.016 
   9   (0.040) 0.141 0.010 0.008 0.010 
  10   (0.047) 0.221 0.012 0.011 0.011 
  11   (0.039) 0.086 0.010 0.008 0.009 
  12   (0.036) 0.056 0.009 0.009 0.009 
  13   (0.036) 0.087 0.009 0.006 0.009 
  14   (0.043) 0.104 0.011 0.018 0.010 
  15   (0.036) 0.085 0.009 0.008 0.009 
  16   (0.061) 0.010 0.126 0.010 0.091 
  17   (0.074) 0.012 0.241 0.012 0.170 
  18   (0.044) 0.007 0.233 0.007 0.011 
  19   (0.059) 0.010 0.089 0.009 0.128 
  20   (0.036) 0.006 0.046 0.006 0.009 

Locus 54 : locus54 
20 alleles
0.0% missing data
   1   (0.049) 0.012 0.013 0.230 0.012 
   2   (0.044) 0.007 0.011 0.092 0.011 
   3   (0.051) 0.015 0.013 0.227 0.012 
   4   (0.060) 0.010 0.016 0.037 0.090 
   5   (0.037) 0.006 0.010 0.034 0.009 
   6   (0.039) 0.007 0.010 0.034 0.010 
   7   (0.050) 0.014 0.013 0.200 0.012 
   8   (0.038) 0.006 0.010 0.034 0.009 
   9   (0.050) 0.114 0.013 0.013 0.012 
  10   (0.054) 0.394 0.014 0.012 0.013 
  11   (0.074) 0.230 0.056 0.017 0.018 
  12   (0.081) 0.041 0.317 0.012 0.020 
  13   (0.076) 0.040 0.279 0.012 0.018 
  14   (0.040) 0.062 0.010 0.006 0.010 
  15   (0.037) 0.006 0.047 0.006 0.009 
  16   (0.042) 0.007 0.085 0.006 0.010 
  17   (0.039) 0.006 0.047 0.006 0.009 
  18   (0.052) 0.009 0.014 0.008 0.316 
  19   (0.045) 0.008 0.012 0.007 0.314 
  20   (0.041) 0.007 0.010 0.006 0.086 

Locus 55 : locus55 
28 alleles
0.0% missing data
   1   (0.039) 0.010 0.010 0.284 0.009 
   2   (0.042) 0.007 0.048 0.034 0.010 
   3   (0.033) 0.008 0.009 0.087 0.008 
   4   (0.031) 0.005 0.008 0.033 0.008 
   5   (0.032) 0.009 0.008 0.058 0.008 
   6   (0.051) 0.013 0.050 0.144 0.012 
   7   (0.049) 0.011 0.050 0.089 0.012 
   8   (0.029) 0.005 0.008 0.033 0.007 
   9   (0.033) 0.007 0.009 0.116 0.008 
  10   (0.037) 0.088 0.010 0.008 0.009 
  11   (0.031) 0.115 0.008 0.006 0.008 
  12   (0.052) 0.145 0.013 0.012 0.050 
  13   (0.034) 0.144 0.009 0.006 0.008 
  14   (0.031) 0.058 0.008 0.008 0.008 
  15   (0.036) 0.116 0.009 0.007 0.009 
  16   (0.035) 0.058 0.009 0.009 0.008 
  17   (0.049) 0.089 0.013 0.011 0.050 
  18   (0.030) 0.058 0.008 0.007 0.007 
  19   (0.033) 0.006 0.119 0.005 0.008 
  20   (0.032) 0.005 0.193 0.005 0.008 
  21   (0.031) 0.005 0.119 0.005 0.007 
  22   (0.030) 0.005 0.045 0.004 0.007 
  23   (0.037) 0.006 0.195 0.006 0.009 
  24   (0.032) 0.005 0.008 0.005 0.046 
  25   (0.032) 0.005 0.008 0.005 0.311 
  26   (0.034) 0.006 0.009 0.005 0.084 
  27   (0.035) 0.006 0.009 0.005 0.199 
  28   (0.031) 0.005 0.008 0.005 0.083 

Locus 56 : locus56 
13 alleles
0.0% missing data
   1   (0.121) 0.139 0.031 0.152 0.257 
   2   (0.118) 0.058 0.031 0.417 0.256 
   3   (0.077) 0.053 0.057 0.056 0.019 
   4   (0.092) 0.057 0.024 0.144 0.098 
   5   (0.075) 0.018 0.241 0.064 0.018 
   6   (0.076) 0.039 0.094 0.041 0.018 
   7   (0.079) 0.083 0.021 0.053 0.057 
   8   (0.069) 0.060 0.129 0.016 0.017 
   9   (0.078) 0.407 0.020 0.022 0.055 
  10   (0.072) 0.039 0.055 0.011 0.055 
  11   (0.068) 0.037 0.277 0.011 0.017 
  12   (0.040) 0.006 0.010 0.006 0.085 
  13   (0.035) 0.006 0.009 0.006 0.046 

Locus 57 : locus57 
19 alleles
0.0% missing data
   1   (0.109) 0.070 0.029 0.327 0.064 
   2   (0.054) 0.011 0.014 0.259 0.013 
   3   (0.050) 0.014 0.013 0.199 0.012 
   4   (0.046) 0.011 0.012 0.088 0.011 
   5   (0.092) 0.429 0.024 0.021 0.098 
   6   (0.064) 0.062 0.017 0.015 0.053 
   7   (0.045) 0.147 0.012 0.008 0.011 
   8   (0.056) 0.037 0.015 0.008 0.051 
   9   (0.046) 0.090 0.012 0.009 0.011 
  10   (0.040) 0.063 0.010 0.006 0.010 
  11   (0.048) 0.008 0.198 0.007 0.012 
  12   (0.050) 0.008 0.272 0.007 0.012 
  13   (0.039) 0.007 0.084 0.006 0.009 
  14   (0.043) 0.007 0.122 0.006 0.010 
  15   (0.040) 0.007 0.048 0.006 0.010 
  16   (0.039) 0.007 0.084 0.006 0.009 
  17   (0.046) 0.008 0.012 0.007 0.315 
  18   (0.045) 0.008 0.012 0.007 0.125 
  19   (0.047) 0.008 0.012 0.007 0.163 

Locus 58 : locus58 
23 alleles
0.0% missing data
   1   (0.043) 0.012 0.011 0.118 0.010 
   2   (0.037) 0.009 0.010 0.148 0.009 
   3   (0.076) 0.014 0.020 0.243 0.171 
   4   (0.043) 0.012 0.011 0.118 0.010 
   5   (0.065) 0.083 0.017 0.164 0.016 
   6   (0.074) 0.016 0.019 0.094 0.170 
   7   (0.043) 0.167 0.011 0.009 0.010 
   8   (0.048) 0.354 0.013 0.013 0.012 
   9   (0.040) 0.140 0.010 0.008 0.010 
  10   (0.040) 0.113 0.010 0.008 0.010 
  11   (0.037) 0.006 0.158 0.006 0.009 
  12   (0.043) 0.007 0.123 0.007 0.011 
  13   (0.044) 0.007 0.233 0.007 0.011 
  14   (0.037) 0.006 0.084 0.006 0.009 
  15   (0.038) 0.006 0.047 0.006 0.009 
  16   (0.034) 0.006 0.083 0.005 0.008 
  17   (0.038) 0.006 0.047 0.006 0.009 
  18   (0.034) 0.006 0.046 0.005 0.008 
  19   (0.039) 0.006 0.010 0.006 0.086 
  20   (0.037) 0.006 0.010 0.006 0.085 
  21   (0.038) 0.006 0.010 0.006 0.085 
  22   (0.035) 0.006 0.009 0.005 0.160 
  23   (0.036) 0.006 0.009 0.006 0.084 

Locus 59 : locus59 
17 alleles
0.0% missing data
   1   (0.075) 0.018 0.094 0.151 0.018 
   2   (0.043) 0.007 0.011 0.153 0.010 
   3   (0.047) 0.011 0.012 0.266 0.011 
   4   (0.090) 0.325 0.023 0.115 0.022 
   5   (0.038) 0.006 0.010 0.035 0.009 
   6   (0.073) 0.162 0.019 0.054 0.018 
   7   (0.079) 0.025 0.132 0.086 0.019 
   8   (0.077) 0.315 0.020 0.065 0.019 
   9   (0.087) 0.041 0.097 0.014 0.097 
  10   (0.037) 0.033 0.010 0.006 0.009 
  11   (0.052) 0.008 0.346 0.008 0.013 
  12   (0.057) 0.009 0.052 0.009 0.052 
  13   (0.072) 0.012 0.055 0.011 0.283 
  14   (0.041) 0.007 0.085 0.007 0.010 
  15   (0.043) 0.007 0.011 0.007 0.124 
  16   (0.042) 0.007 0.011 0.007 0.086 
  17   (0.046) 0.007 0.012 0.007 0.200 

Locus 60 : locus60 
21 alleles
0.0% missing data
   1   (0.086) 0.089 0.059 0.279 0.021 
   2   (0.038) 0.009 0.010 0.146 0.009 
   3   (0.054) 0.044 0.014 0.115 0.013 
   4   (0.041) 0.010 0.011 0.176 0.010 
   5   (0.049) 0.035 0.013 0.036 0.012 
   6   (0.031) 0.005 0.008 0.033 0.008 
   7   (0.106) 0.038 0.138 0.108 0.216 
   8   (0.043) 0.221 0.011 0.012 0.010 
   9   (0.037) 0.114 0.010 0.007 0.009 
  10   (0.035) 0.086 0.009 0.008 0.009 
  11   (0.042) 0.169 0.011 0.009 0.010 
  12   (0.030) 0.032 0.008 0.005 0.007 
  13   (0.038) 0.086 0.010 0.008 0.009 
  14   (0.059) 0.010 0.126 0.009 0.090 
  15   (0.063) 0.010 0.313 0.010 0.053 
  16   (0.035) 0.006 0.083 0.005 0.009 
  17   (0.052) 0.009 0.088 0.008 0.050 
  18   (0.053) 0.009 0.050 0.008 0.127 
  19   (0.031) 0.005 0.008 0.005 0.045 
  20   (0.041) 0.007 0.011 0.006 0.200 
  21   (0.035) 0.006 0.009 0.005 0.084 

Locus 61 : locus61 
22 alleles
0.0% missing data
   1   (0.041) 0.010 0.011 0.172 0.010 
   2   (0.043) 0.010 0.011 0.200 0.010 
   3   (0.034) 0.006 0.009 0.061 0.008 
   4   (0.033) 0.006 0.009 0.033 0.008 
   5   (0.050) 0.015 0.013 0.365 0.012 
   6   (0.036) 0.006 0.009 0.033 0.009 
   7   (0.061) 0.091 0.053 0.012 0.015 
   8   (0.042) 0.089 0.011 0.008 0.010 
   9   (0.059) 0.038 0.238 0.009 0.014 
  10   (0.070) 0.093 0.166 0.014 0.017 
  11   (0.051) 0.256 0.013 0.012 0.012 
  12   (0.043) 0.115 0.011 0.011 0.010 
  13   (0.059) 0.122 0.052 0.009 0.014 
  14   (0.037) 0.058 0.010 0.009 0.009 
  15   (0.059) 0.038 0.163 0.009 0.014 
  16   (0.035) 0.006 0.046 0.005 0.009 
  17   (0.039) 0.007 0.121 0.006 0.009 
  18   (0.045) 0.008 0.012 0.007 0.162 
  19   (0.045) 0.008 0.012 0.007 0.276 
  20   (0.041) 0.007 0.011 0.006 0.161 
  21   (0.043) 0.007 0.011 0.006 0.162 
  22   (0.034) 0.006 0.009 0.005 0.046 

Locus 62 : locus62 
21 alleles
0.0% missing data
   1   (0.041) 0.009 0.011 0.088 0.010 
   2   (0.041) 0.009 0.011 0.117 0.010 
   3   (0.045) 0.013 0.012 0.170 0.011 
   4   (0.042) 0.011 0.011 0.228 0.010 
   5   (0.044) 0.009 0.011 0.174 0.011 
   6   (0.041) 0.010 0.011 0.088 0.010 
   7   (0.066) 0.121 0.091 0.012 0.016 
   8   (0.037) 0.088 0.010 0.007 0.009 
   9   (0.071) 0.117 0.018 0.017 0.131 
  10   (0.042) 0.172 0.011 0.009 0.010 
  11   (0.044) 0.114 0.011 0.011 0.011 
  12   (0.062) 0.119 0.053 0.012 0.015 
  13   (0.050) 0.036 0.050 0.008 0.012 
  14   (0.085) 0.123 0.318 0.016 0.021 
  15   (0.041) 0.007 0.269 0.006 0.010 
  16   (0.051) 0.009 0.050 0.008 0.050 
  17   (0.045) 0.008 0.012 0.007 0.238 
  18   (0.037) 0.006 0.010 0.006 0.085 
  19   (0.041) 0.007 0.011 0.006 0.162 
  20   (0.036) 0.006 0.009 0.005 0.084 
  21   (0.038) 0.006 0.010 0.006 0.085 

Locus 63 : locus63 
23 alleles
0.0% missing data
   1   (0.035) 0.006 0.009 0.034 0.008 
   2   (0.051) 0.015 0.013 0.227 0.012 
   3   (0.034) 0.006 0.009 0.090 0.008 
   4   (0.036) 0.006 0.009 0.034 0.009 
   5   (0.041) 0.010 0.011 0.144 0.010 
   6   (0.048) 0.011 0.013 0.288 0.012 
   7   (0.042) 0.012 0.011 0.058 0.010 
   8   (0.044) 0.283 0.011 0.009 0.011 
   9   (0.029) 0.033 0.008 0.004 0.007 
  10   (0.072) 0.149 0.019 0.013 0.131 
  11   (0.091) 0.340 0.024 0.022 0.249 
  12   (0.070) 0.062 0.018 0.016 0.245 
  13   (0.045) 0.008 0.271 0.007 0.011 
  14   (0.039) 0.007 0.084 0.006 0.009 
  15   (0.040) 0.007 0.195 0.006 0.010 
  16   (0.037) 0.006 0.083 0.006 0.009 
  17   (0.035) 0.006 0.046 0.005 0.008 
  18   (0.036) 0.006 0.046 0.005 0.009 
  19   (0.033) 0.006 0.083 0.005 0.008 
  20   (0.037) 0.006 0.010 0.006 0.085 
  21   (0.034) 0.006 0.009 0.005 0.046 
  22   (0.038) 0.006 0.010 0.006 0.047 
  23   (0.035) 0.006 0.009 0.005 0.046 

Locus 64 : locus64 
16 alleles
0.0% missing data
   1   (0.099) 0.051 0.100 0.177 0.062 
   2   (0.056) 0.021 0.051 0.081 0.013 
   3   (0.092) 0.202 0.024 0.192 0.060 
   4   (0.101) 0.089 0.137 0.082 0.062 
   5   (0.094) 0.096 0.172 0.130 0.023 
   6   (0.090) 0.076 0.023 0.176 0.211 
   7   (0.058) 0.010 0.238 0.036 0.014 
   8   (0.032) 0.005 0.008 0.033 0.008 
   9   (0.054) 0.009 0.125 0.036 0.013 
  10   (0.055) 0.037 0.014 0.008 0.165 
  11   (0.055) 0.120 0.014 0.010 0.051 
  12   (0.062) 0.121 0.016 0.012 0.091 
  13   (0.032) 0.062 0.008 0.005 0.008 
  14   (0.037) 0.059 0.009 0.009 0.009 
  15   (0.056) 0.037 0.015 0.008 0.204 
  16   (0.030) 0.005 0.045 0.004 0.007 

Locus 65 : locus65 
22 alleles
0.0% missing data
   1   (0.032) 0.005 0.008 0.061 0.008 
   2   (0.041) 0.009 0.011 0.201 0.010 
   3   (0.037) 0.009 0.010 0.087 0.009 
   4   (0.034) 0.008 0.009 0.087 0.008 
   5   (0.036) 0.008 0.009 0.087 0.009 
   6   (0.038) 0.010 0.010 0.143 0.009 
   7   (0.053) 0.016 0.051 0.169 0.013 
   8   (0.032) 0.005 0.008 0.033 0.008 
   9   (0.057) 0.150 0.015 0.009 0.051 
  10   (0.085) 0.042 0.096 0.013 0.286 
  11   (0.064) 0.203 0.017 0.013 0.091 
  12   (0.036) 0.083 0.009 0.012 0.009 
  13   (0.084) 0.070 0.096 0.013 0.172 
  14   (0.079) 0.197 0.021 0.023 0.247 
  15   (0.056) 0.116 0.051 0.014 0.014 
  16   (0.032) 0.033 0.008 0.005 0.008 
  17   (0.035) 0.006 0.194 0.005 0.008 
  18   (0.031) 0.005 0.045 0.005 0.008 
  19   (0.038) 0.006 0.158 0.006 0.009 
  20   (0.032) 0.005 0.045 0.005 0.008 
  21   (0.037) 0.006 0.084 0.006 0.009 
  22   (0.032) 0.005 0.045 0.005 0.008 

Locus 66 : locus66 
19 alleles
0.0% missing data
   1   (0.068) 0.023 0.018 0.138 0.130 
   2   (0.090) 0.131 0.024 0.120 0.097 
   3   (0.073) 0.019 0.241 0.144 0.018 
   4   (0.068) 0.097 0.018 0.038 0.054 
   5   (0.060) 0.013 0.052 0.118 0.014 
   6   (0.037) 0.010 0.009 0.142 0.009 
   7   (0.085) 0.083 0.022 0.112 0.135 
   8   (0.065) 0.192 0.017 0.081 0.016 
   9   (0.048) 0.036 0.013 0.035 0.012 
  10   (0.042) 0.198 0.011 0.013 0.010 
  11   (0.036) 0.063 0.009 0.005 0.009 
  12   (0.054) 0.037 0.014 0.008 0.127 
  13   (0.059) 0.062 0.015 0.014 0.128 
  14   (0.038) 0.006 0.195 0.006 0.009 
  15   (0.037) 0.006 0.158 0.006 0.009 
  16   (0.038) 0.006 0.121 0.006 0.009 
  17   (0.030) 0.005 0.045 0.004 0.007 
  18   (0.036) 0.006 0.009 0.005 0.084 
  19   (0.037) 0.006 0.010 0.005 0.123 

Locus 67 : locus67 
21 alleles
0.0% missing data
   1   (0.070) 0.018 0.018 0.291 0.054 
   2   (0.060) 0.045 0.016 0.116 0.015 
   3   (0.052) 0.009 0.050 0.037 0.013 
   4   (0.046) 0.013 0.012 0.116 0.011 
   5   (0.074) 0.016 0.019 0.208 0.132 
   6   (0.073) 0.012 0.427 0.038 0.018 
   7   (0.060) 0.013 0.053 0.091 0.014 
   8   (0.051) 0.308 0.013 0.010 0.012 
   9   (0.049) 0.279 0.013 0.012 0.012 
  10   (0.047) 0.112 0.012 0.012 0.011 
  11   (0.039) 0.058 0.010 0.010 0.009 
  12   (0.032) 0.033 0.008 0.005 0.008 
  13   (0.036) 0.033 0.009 0.006 0.009 
  14   (0.044) 0.007 0.196 0.007 0.010 
  15   (0.034) 0.006 0.046 0.005 0.008 
  16   (0.036) 0.006 0.046 0.006 0.009 
  17   (0.046) 0.007 0.012 0.007 0.239 
  18   (0.038) 0.006 0.010 0.006 0.085 
  19   (0.039) 0.007 0.010 0.006 0.123 
  20   (0.038) 0.006 0.010 0.006 0.123 
  21   (0.037) 0.006 0.010 0.006 0.085 

Locus 68 : locus68 
21 alleles
0.0% missing data
   1   (0.054) 0.009 0.125 0.037 0.013 
   2   (0.052) 0.014 0.014 0.060 0.050 
   3   (0.037) 0.008 0.010 0.119 0.009 
   4   (0.055) 0.012 0.051 0.091 0.013 
   5   (0.066) 0.011 0.054 0.067 0.092 
   6   (0.060) 0.015 0.016 0.147 0.090 
   7   (0.079) 0.020 0.279 0.292 0.019 
   8   (0.047) 0.035 0.012 0.036 0.011 
   9   (0.053) 0.014 0.014 0.060 0.051 
  10   (0.042) 0.306 0.011 0.009 0.010 
  11   (0.039) 0.114 0.010 0.008 0.009 
  12   (0.047) 0.035 0.012 0.007 0.049 
  13   (0.071) 0.280 0.018 0.017 0.169 
  14   (0.050) 0.059 0.013 0.012 0.050 
  15   (0.050) 0.035 0.013 0.008 0.126 
  16   (0.039) 0.006 0.195 0.006 0.009 
  17   (0.034) 0.006 0.083 0.005 0.008 
  18   (0.029) 0.005 0.044 0.004 0.007 
  19   (0.035) 0.006 0.009 0.005 0.122 
  20   (0.031) 0.005 0.008 0.005 0.045 
  21   (0.031) 0.005 0.008 0.005 0.045 

Locus 69 : locus69 
17 alleles
0.0% missing data
   1   (0.044) 0.011 0.011 0.203 0.010 
   2   (0.085) 0.099 0.022 0.182 0.058 
   3   (0.107) 0.126 0.139 0.276 0.026 
   4   (0.090) 0.172 0.024 0.080 0.098 
   5   (0.076) 0.040 0.168 0.040 0.018 
   6   (0.087) 0.104 0.023 0.063 0.135 
   7   (0.057) 0.099 0.015 0.058 0.014 
   8   (0.065) 0.114 0.017 0.017 0.091 
   9   (0.032) 0.033 0.008 0.005 0.008 
  10   (0.071) 0.083 0.166 0.022 0.017 
  11   (0.059) 0.081 0.052 0.020 0.014 
  12   (0.035) 0.006 0.083 0.005 0.008 
  13   (0.042) 0.007 0.233 0.007 0.010 
  14   (0.036) 0.006 0.009 0.005 0.123 
  15   (0.042) 0.007 0.011 0.007 0.200 
  16   (0.037) 0.006 0.010 0.006 0.123 
  17   (0.035) 0.006 0.009 0.005 0.046 

Locus 70 : locus70 
15 alleles
0.0% missing data
   1   (0.064) 0.013 0.090 0.152 0.015 
   2   (0.057) 0.012 0.052 0.092 0.014 
   3   (0.084) 0.017 0.059 0.125 0.096 
   4   (0.091) 0.087 0.024 0.053 0.250 
   5   (0.095) 0.035 0.099 0.166 0.061 
   6   (0.075) 0.014 0.205 0.182 0.018 
   7   (0.094) 0.023 0.098 0.064 0.174 
   8   (0.057) 0.013 0.052 0.092 0.014 
   9   (0.109) 0.230 0.176 0.025 0.102 
  10   (0.039) 0.086 0.010 0.008 0.009 
  11   (0.045) 0.304 0.012 0.012 0.011 
  12   (0.035) 0.061 0.009 0.005 0.008 
  13   (0.086) 0.041 0.097 0.013 0.211 
  14   (0.033) 0.033 0.009 0.005 0.008 
  15   (0.034) 0.033 0.009 0.005 0.008 

Locus 71 : locus71 
21 alleles
0.0% missing data
   1   (0.046) 0.012 0.012 0.145 0.011 
   2   (0.048) 0.011 0.012 0.175 0.012 
   3   (0.046) 0.009 0.012 0.234 0.011 
   4   (0.051) 0.015 0.013 0.229 0.012 
   5   (0.041) 0.011 0.011 0.059 0.010 
   6   (0.037) 0.006 0.010 0.034 0.009 
   7   (0.046) 0.145 0.012 0.009 0.011 
   8   (0.048) 0.171 0.013 0.010 0.012 
   9   (0.046) 0.225 0.012 0.010 0.011 
  10   (0.048) 0.225 0.013 0.011 0.012 
  11   (0.039) 0.087 0.010 0.008 0.009 
  12   (0.078) 0.013 0.242 0.012 0.095 
  13   (0.069) 0.012 0.092 0.011 0.168 
  14   (0.046) 0.008 0.123 0.007 0.011 
  15   (0.042) 0.007 0.159 0.006 0.010 
  16   (0.075) 0.012 0.167 0.011 0.132 
  17   (0.036) 0.006 0.046 0.006 0.009 
  18   (0.039) 0.006 0.010 0.006 0.085 
  19   (0.043) 0.007 0.011 0.006 0.124 
  20   (0.042) 0.007 0.011 0.006 0.200 
  21   (0.035) 0.006 0.009 0.005 0.046 

Locus 72 : locus72 
25 alleles
0.0% missing data
   1   (0.060) 0.015 0.016 0.231 0.090 
   2   (0.049) 0.011 0.050 0.089 0.012 
   3   (0.073) 0.012 0.056 0.068 0.208 
   4   (0.031) 0.005 0.008 0.033 0.008 
   5   (0.033) 0.013 0.009 0.082 0.008 
   6   (0.062) 0.015 0.127 0.231 0.015 
   7   (0.033) 0.006 0.009 0.062 0.008 
   8   (0.064) 0.016 0.054 0.061 0.053 
   9   (0.025) 0.004 0.007 0.032 0.006 
  10   (0.032) 0.115 0.009 0.006 0.008 
  11   (0.060) 0.228 0.016 0.014 0.090 
  12   (0.031) 0.115 0.008 0.006 0.007 
  13   (0.056) 0.082 0.015 0.018 0.127 
  14   (0.031) 0.087 0.008 0.007 0.008 
  15   (0.030) 0.060 0.008 0.005 0.007 
  16   (0.027) 0.032 0.007 0.004 0.007 
  17   (0.031) 0.058 0.008 0.008 0.007 
  18   (0.054) 0.089 0.014 0.011 0.203 
  19   (0.033) 0.006 0.120 0.005 0.008 
  20   (0.029) 0.005 0.045 0.004 0.007 
  21   (0.030) 0.005 0.082 0.005 0.007 
  22   (0.037) 0.006 0.195 0.006 0.009 
  23   (0.032) 0.005 0.082 0.005 0.008 
  24   (0.028) 0.005 0.044 0.004 0.007 
  25   (0.028) 0.005 0.007 0.004 0.082 

Locus 73 : locus73 
19 alleles
0.0% missing data
   1   (0.100) 0.135 0.026 0.292 0.061 
   2   (0.034) 0.006 0.009 0.034 0.008 
   3   (0.049) 0.008 0.013 0.036 0.050 
   4   (0.037) 0.006 0.010 0.063 0.009 
   5   (0.040) 0.011 0.010 0.059 0.010 
   6   (0.104) 0.241 0.027 0.097 0.101 
   7   (0.088) 0.074 0.023 0.236 0.059 
   8   (0.060) 0.057 0.016 0.102 0.015 
   9   (0.072) 0.337 0.019 0.017 0.055 
  10   (0.060) 0.065 0.015 0.009 0.090 
  11   (0.041) 0.007 0.158 0.006 0.010 
  12   (0.034) 0.006 0.046 0.005 0.008 
  13   (0.040) 0.007 0.195 0.006 0.010 
  14   (0.041) 0.007 0.159 0.006 0.010 
  15   (0.043) 0.007 0.122 0.007 0.010 
  16   (0.034) 0.006 0.083 0.005 0.008 
  17   (0.036) 0.006 0.046 0.005 0.009 
  18   (0.043) 0.007 0.011 0.007 0.162 
  19   (0.044) 0.007 0.011 0.007 0.315 

Locus 74 : locus74 
27 alleles
0.0% missing data
   1   (0.048) 0.153 0.013 0.085 0.012 
   2   (0.045) 0.048 0.012 0.051 0.011 
   3   (0.049) 0.218 0.013 0.045 0.012 
   4   (0.034) 0.009 0.009 0.117 0.008 
   5   (0.032) 0.006 0.008 0.148 0.008 
   6   (0.063) 0.064 0.017 0.067 0.091 
   7   (0.072) 0.017 0.055 0.179 0.169 
   8   (0.045) 0.007 0.012 0.035 0.087 
   9   (0.042) 0.007 0.011 0.064 0.048 
  10   (0.050) 0.014 0.013 0.117 0.050 
  11   (0.034) 0.220 0.009 0.010 0.008 
  12   (0.031) 0.087 0.008 0.005 0.008 
  13   (0.031) 0.081 0.008 0.011 0.008 
  14   (0.032) 0.005 0.119 0.005 0.008 
  15   (0.025) 0.004 0.044 0.004 0.006 
  16   (0.034) 0.005 0.083 0.005 0.008 
  17   (0.053) 0.009 0.088 0.008 0.240 
  18   (0.031) 0.005 0.119 0.005 0.008 
  19   (0.022) 0.004 0.043 0.004 0.005 
  20   (0.029) 0.005 0.082 0.005 0.007 
  21   (0.029) 0.005 0.044 0.004 0.007 
  22   (0.029) 0.005 0.081 0.004 0.007 
  23   (0.027) 0.004 0.044 0.004 0.007 
  24   (0.026) 0.004 0.044 0.004 0.006 
  25   (0.027) 0.004 0.007 0.004 0.044 
  26   (0.031) 0.005 0.008 0.005 0.083 
  27   (0.029) 0.005 0.008 0.005 0.045 

Locus 75 : locus75 
31 alleles
0.0% missing data
   1   (0.043) 0.079 0.011 0.046 0.010 
   2   (0.052) 0.117 0.014 0.125 0.013 
   3   (0.028) 0.005 0.007 0.179 0.007 
   4   (0.060) 0.064 0.016 0.067 0.091 
   5   (0.027) 0.006 0.007 0.090 0.007 
   6   (0.049) 0.054 0.013 0.249 0.012 
   7   (0.032) 0.007 0.008 0.090 0.008 
   8   (0.030) 0.005 0.008 0.034 0.007 
   9   (0.032) 0.056 0.008 0.008 0.008 
  10   (0.034) 0.163 0.009 0.010 0.008 
  11   (0.029) 0.086 0.008 0.005 0.007 
  12   (0.035) 0.192 0.009 0.009 0.009 
  13   (0.025) 0.031 0.007 0.004 0.006 
  14   (0.027) 0.055 0.007 0.008 0.007 
  15   (0.033) 0.005 0.120 0.005 0.008 
  16   (0.030) 0.005 0.082 0.005 0.007 
  17   (0.034) 0.006 0.194 0.005 0.008 
  18   (0.031) 0.005 0.156 0.005 0.007 
  19   (0.027) 0.004 0.044 0.004 0.007 
  20   (0.029) 0.005 0.045 0.005 0.007 
  21   (0.030) 0.005 0.118 0.005 0.007 
  22   (0.027) 0.004 0.044 0.004 0.007 
  23   (0.031) 0.005 0.008 0.005 0.159 
  24   (0.028) 0.005 0.007 0.004 0.082 
  25   (0.027) 0.004 0.007 0.004 0.082 
  26   (0.033) 0.005 0.009 0.005 0.084 
  27   (0.029) 0.005 0.008 0.005 0.045 
  28   (0.027) 0.004 0.007 0.004 0.044 
  29   (0.026) 0.004 0.007 0.004 0.044 
  30   (0.029) 0.005 0.008 0.005 0.158 
  31   (0.026) 0.004 0.007 0.004 0.044 

Locus 76 : locus76 
22 alleles
0.0% missing data
   1   (0.079) 0.050 0.058 0.089 0.057 
   2   (0.036) 0.010 0.009 0.117 0.009 
   3   (0.059) 0.204 0.015 0.150 0.014 
   4   (0.035) 0.009 0.009 0.060 0.008 
   5   (0.047) 0.052 0.012 0.104 0.011 
   6   (0.035) 0.008 0.009 0.178 0.008 
   7   (0.034) 0.008 0.009 0.090 0.008 
   8   (0.056) 0.009 0.162 0.067 0.013 
   9   (0.074) 0.012 0.167 0.040 0.094 
  10   (0.074) 0.330 0.019 0.019 0.170 
  11   (0.062) 0.112 0.127 0.016 0.015 
  12   (0.043) 0.034 0.048 0.007 0.010 
  13   (0.059) 0.111 0.015 0.016 0.128 
  14   (0.046) 0.008 0.049 0.007 0.049 
  15   (0.032) 0.005 0.082 0.005 0.008 
  16   (0.034) 0.006 0.083 0.005 0.008 
  17   (0.034) 0.005 0.046 0.005 0.008 
  18   (0.046) 0.007 0.049 0.007 0.087 
  19   (0.033) 0.005 0.009 0.005 0.160 
  20   (0.029) 0.005 0.008 0.005 0.045 
  21   (0.027) 0.004 0.007 0.004 0.044 
  22   (0.027) 0.004 0.007 0.004 0.044 

Locus 77 : locus77 
16 alleles
0.0% missing data
   1   (0.044) 0.007 0.011 0.147 0.011 
   2   (0.049) 0.011 0.013 0.286 0.012 
   3   (0.044) 0.010 0.011 0.088 0.011 
   4   (0.044) 0.013 0.011 0.113 0.011 
   5   (0.048) 0.014 0.012 0.170 0.011 
   6   (0.042) 0.012 0.011 0.058 0.010 
   7   (0.085) 0.206 0.133 0.017 0.021 
   8   (0.103) 0.315 0.212 0.025 0.025 
   9   (0.062) 0.094 0.016 0.009 0.053 
  10   (0.107) 0.151 0.139 0.023 0.063 
  11   (0.102) 0.067 0.137 0.022 0.101 
  12   (0.083) 0.069 0.022 0.013 0.438 
  13   (0.040) 0.007 0.084 0.006 0.010 
  14   (0.067) 0.011 0.091 0.010 0.130 
  15   (0.041) 0.007 0.085 0.006 0.010 
  16   (0.040) 0.007 0.010 0.006 0.085 

Locus 78 : locus78 
16 alleles
0.0% missing data
   1   (0.040) 0.009 0.010 0.088 0.010 
   2   (0.045) 0.010 0.012 0.258 0.011 
   3   (0.047) 0.015 0.012 0.169 0.011 
   4   (0.044) 0.011 0.012 0.143 0.011 
   5   (0.043) 0.013 0.011 0.113 0.010 
   6   (0.040) 0.007 0.011 0.091 0.010 
   7   (0.109) 0.180 0.139 0.022 0.102 
   8   (0.102) 0.209 0.101 0.020 0.100 
   9   (0.097) 0.179 0.136 0.020 0.061 
  10   (0.084) 0.174 0.022 0.020 0.210 
  11   (0.087) 0.123 0.060 0.017 0.097 
  12   (0.051) 0.036 0.050 0.008 0.012 
  13   (0.078) 0.013 0.168 0.012 0.246 
  14   (0.063) 0.011 0.201 0.010 0.053 
  15   (0.033) 0.006 0.046 0.005 0.008 
  16   (0.036) 0.006 0.009 0.005 0.047 

Locus 79 : locus79 
24 alleles
0.0% missing data
   1   (0.030) 0.005 0.008 0.061 0.007 
   2   (0.064) 0.018 0.128 0.258 0.016 
   3   (0.034) 0.006 0.009 0.062 0.008 
   4   (0.027) 0.004 0.007 0.032 0.006 
   5   (0.036) 0.009 0.009 0.230 0.009 
   6   (0.030) 0.005 0.008 0.033 0.007 
   7   (0.030) 0.005 0.008 0.033 0.007 
   8   (0.032) 0.009 0.008 0.058 0.008 
   9   (0.034) 0.010 0.009 0.114 0.008 
  10   (0.070) 0.061 0.055 0.016 0.093 
  11   (0.055) 0.447 0.015 0.014 0.051 
  12   (0.038) 0.171 0.010 0.007 0.009 
  13   (0.071) 0.120 0.055 0.013 0.093 
  14   (0.046) 0.036 0.012 0.007 0.049 
  15   (0.040) 0.034 0.011 0.006 0.048 
  16   (0.052) 0.009 0.162 0.008 0.050 
  17   (0.029) 0.005 0.081 0.004 0.007 
  18   (0.046) 0.008 0.049 0.007 0.049 
  19   (0.032) 0.005 0.082 0.005 0.008 
  20   (0.046) 0.008 0.086 0.007 0.049 
  21   (0.059) 0.010 0.089 0.009 0.204 
  22   (0.030) 0.005 0.045 0.004 0.007 
  23   (0.031) 0.005 0.045 0.005 0.008 
  24   (0.037) 0.006 0.010 0.006 0.199 

Locus 80 : locus80 
17 alleles
0.0% missing data
   1   (0.061) 0.048 0.016 0.223 0.015 
   2   (0.043) 0.011 0.011 0.226 0.010 
   3   (0.087) 0.260 0.060 0.050 0.021 
   4   (0.059) 0.063 0.015 0.151 0.014 
   5   (0.079) 0.085 0.057 0.081 0.019 
   6   (0.092) 0.077 0.135 0.120 0.022 
   7   (0.088) 0.260 0.060 0.076 0.021 
   8   (0.057) 0.066 0.015 0.009 0.090 
   9   (0.057) 0.066 0.015 0.009 0.090 
  10   (0.042) 0.007 0.196 0.006 0.010 
  11   (0.059) 0.010 0.052 0.009 0.166 
  12   (0.057) 0.010 0.052 0.009 0.203 
  13   (0.033) 0.006 0.045 0.005 0.008 
  14   (0.058) 0.010 0.089 0.009 0.090 
  15   (0.057) 0.010 0.163 0.008 0.051 
  16   (0.036) 0.006 0.009 0.005 0.085 
  17   (0.034) 0.006 0.009 0.005 0.084 

Locus 81 : locus81 
18 alleles
0.0% missing data
   1   (0.046) 0.008 0.049 0.036 0.011 
   2   (0.036) 0.008 0.009 0.090 0.009 
   3   (0.033) 0.005 0.009 0.062 0.008 
   4   (0.067) 0.018 0.091 0.262 0.016 
   5   (0.096) 0.070 0.210 0.215 0.023 
   6   (0.049) 0.008 0.050 0.065 0.012 
   7   (0.052) 0.009 0.124 0.036 0.013 
   8   (0.074) 0.049 0.019 0.088 0.094 
   9   (0.070) 0.053 0.018 0.053 0.093 
  10   (0.052) 0.088 0.014 0.011 0.050 
  11   (0.060) 0.168 0.016 0.016 0.090 
  12   (0.049) 0.035 0.013 0.007 0.088 
  13   (0.092) 0.284 0.061 0.019 0.136 
  14   (0.058) 0.064 0.015 0.009 0.166 
  15   (0.039) 0.111 0.010 0.011 0.009 
  16   (0.058) 0.009 0.237 0.009 0.051 
  17   (0.032) 0.005 0.045 0.005 0.008 
  18   (0.036) 0.006 0.009 0.006 0.123 

Locus 82 : locus82 
18 alleles
0.0% missing data
   1   (0.037) 0.009 0.010 0.086 0.009 
   2   (0.054) 0.048 0.014 0.081 0.013 
   3   (0.031) 0.005 0.008 0.032 0.007 
   4   (0.091) 0.086 0.061 0.415 0.022 
   5   (0.075) 0.048 0.057 0.144 0.018 
   6   (0.034) 0.006 0.009 0.061 0.008 
   7   (0.031) 0.005 0.008 0.032 0.008 
   8   (0.085) 0.345 0.022 0.050 0.058 
   9   (0.042) 0.142 0.011 0.013 0.010 
  10   (0.105) 0.098 0.212 0.020 0.215 
  11   (0.082) 0.042 0.096 0.012 0.248 
  12   (0.051) 0.037 0.013 0.008 0.088 
  13   (0.082) 0.065 0.207 0.018 0.057 
  14   (0.032) 0.034 0.008 0.005 0.008 
  15   (0.062) 0.011 0.127 0.009 0.129 
  16   (0.034) 0.006 0.083 0.005 0.008 
  17   (0.034) 0.006 0.046 0.005 0.008 
  18   (0.036) 0.006 0.009 0.005 0.085 

Locus 83 : locus83 
24 alleles
0.0% missing data
   1   (0.034) 0.008 0.009 0.088 0.008 
   2   (0.034) 0.006 0.009 0.090 0.008 
   3   (0.079) 0.129 0.021 0.092 0.056 
   4   (0.089) 0.062 0.023 0.105 0.250 
   5   (0.034) 0.010 0.009 0.114 0.008 
   6   (0.039) 0.010 0.010 0.144 0.009 
   7   (0.035) 0.009 0.009 0.058 0.008 
   8   (0.029) 0.005 0.008 0.033 0.007 
   9   (0.037) 0.009 0.010 0.144 0.009 
  10   (0.029) 0.005 0.008 0.033 0.007 
  11   (0.050) 0.119 0.013 0.008 0.050 
  12   (0.062) 0.061 0.016 0.014 0.243 
  13   (0.062) 0.339 0.016 0.015 0.052 
  14   (0.059) 0.173 0.015 0.012 0.090 
  15   (0.032) 0.005 0.083 0.005 0.008 
  16   (0.036) 0.006 0.120 0.005 0.009 
  17   (0.037) 0.006 0.158 0.006 0.009 
  18   (0.032) 0.005 0.119 0.005 0.008 
  19   (0.036) 0.006 0.046 0.006 0.009 
  20   (0.031) 0.005 0.082 0.005 0.008 
  21   (0.029) 0.005 0.044 0.004 0.007 
  22   (0.033) 0.006 0.119 0.005 0.008 
  23   (0.026) 0.004 0.044 0.004 0.006 
  24   (0.035) 0.006 0.009 0.005 0.122 

Locus 84 : locus84 
28 alleles
0.0% missing data
   1   (0.043) 0.062 0.011 0.063 0.010 
   2   (0.030) 0.009 0.008 0.115 0.007 
   3   (0.050) 0.053 0.013 0.189 0.012 
   4   (0.033) 0.007 0.009 0.118 0.008 
   5   (0.031) 0.008 0.008 0.230 0.008 
   6   (0.027) 0.004 0.007 0.033 0.006 
   7   (0.029) 0.005 0.008 0.033 0.007 
   8   (0.031) 0.005 0.008 0.090 0.008 
   9   (0.032) 0.088 0.008 0.005 0.008 
  10   (0.034) 0.280 0.009 0.007 0.008 
  11   (0.028) 0.032 0.007 0.004 0.007 
  12   (0.029) 0.060 0.008 0.004 0.007 
  13   (0.034) 0.082 0.009 0.012 0.008 
  14   (0.031) 0.057 0.008 0.008 0.008 
  15   (0.031) 0.057 0.008 0.008 0.008 
  16   (0.034) 0.112 0.009 0.009 0.008 
  17   (0.030) 0.005 0.045 0.005 0.007 
  18   (0.042) 0.007 0.048 0.006 0.162 
  19   (0.044) 0.007 0.086 0.007 0.048 
  20   (0.031) 0.005 0.082 0.005 0.008 
  21   (0.056) 0.009 0.163 0.009 0.165 
  22   (0.046) 0.008 0.160 0.007 0.049 
  23   (0.027) 0.005 0.081 0.004 0.007 
  24   (0.044) 0.007 0.048 0.007 0.048 
  25   (0.046) 0.008 0.049 0.007 0.125 
  26   (0.029) 0.005 0.044 0.004 0.007 
  27   (0.050) 0.008 0.050 0.008 0.126 
  28   (0.026) 0.004 0.007 0.004 0.120 

Locus 85 : locus85 
20 alleles
0.0% missing data
   1   (0.073) 0.016 0.019 0.204 0.207 
   2   (0.053) 0.052 0.014 0.049 0.013 
   3   (0.096) 0.024 0.062 0.231 0.175 
   4   (0.039) 0.009 0.010 0.200 0.010 
   5   (0.043) 0.011 0.011 0.143 0.010 
   6   (0.062) 0.241 0.016 0.058 0.015 
   7   (0.058) 0.091 0.015 0.012 0.052 
   8   (0.039) 0.059 0.010 0.009 0.009 
   9   (0.039) 0.119 0.010 0.006 0.009 
  10   (0.057) 0.094 0.015 0.009 0.052 
  11   (0.070) 0.166 0.092 0.024 0.017 
  12   (0.061) 0.066 0.016 0.009 0.129 
  13   (0.035) 0.006 0.083 0.005 0.009 
  14   (0.040) 0.007 0.121 0.006 0.010 
  15   (0.038) 0.006 0.121 0.006 0.009 
  16   (0.036) 0.006 0.157 0.005 0.009 
  17   (0.062) 0.010 0.053 0.009 0.205 
  18   (0.035) 0.006 0.120 0.005 0.008 
  19   (0.031) 0.005 0.045 0.005 0.007 
  20   (0.033) 0.005 0.009 0.005 0.046 

Locus 86 : locus86 
26 alleles
0.0% missing data
   1   (0.035) 0.006 0.009 0.064 0.008 
   2   (0.032) 0.005 0.008 0.063 0.008 
   3   (0.076) 0.053 0.241 0.055 0.018 
   4   (0.062) 0.172 0.016 0.185 0.015 
   5   (0.034) 0.010 0.009 0.175 0.008 
   6   (0.062) 0.292 0.016 0.113 0.015 
   7   (0.053) 0.009 0.274 0.036 0.013 
   8   (0.047) 0.060 0.012 0.067 0.011 
   9   (0.030) 0.005 0.008 0.034 0.007 
  10   (0.027) 0.005 0.007 0.033 0.007 
  11   (0.030) 0.005 0.008 0.034 0.007 
  12   (0.030) 0.008 0.008 0.059 0.007 
  13   (0.050) 0.063 0.050 0.008 0.012 
  14   (0.027) 0.032 0.007 0.004 0.006 
  15   (0.036) 0.139 0.009 0.009 0.009 
  16   (0.031) 0.032 0.008 0.005 0.007 
  17   (0.031) 0.056 0.008 0.008 0.008 
  18   (0.035) 0.006 0.157 0.006 0.009 
  19   (0.056) 0.009 0.088 0.009 0.203 
  20   (0.031) 0.005 0.008 0.005 0.083 
  21   (0.032) 0.005 0.008 0.005 0.084 
  22   (0.036) 0.006 0.009 0.006 0.236 
  23   (0.031) 0.005 0.008 0.005 0.045 
  24   (0.029) 0.005 0.008 0.004 0.045 
  25   (0.030) 0.005 0.008 0.005 0.045 
  26   (0.029) 0.005 0.008 0.005 0.083 

Locus 87 : locus87 
21 alleles
0.0% missing data
   1   (0.057) 0.131 0.015 0.054 0.014 
   2   (0.053) 0.082 0.014 0.047 0.013 
   3   (0.078) 0.040 0.131 0.098 0.019 
   4   (0.048) 0.036 0.013 0.036 0.012 
   5   (0.067) 0.138 0.017 0.332 0.016 
   6   (0.034) 0.006 0.009 0.091 0.008 
   7   (0.035) 0.008 0.009 0.175 0.008 
   8   (0.046) 0.035 0.012 0.036 0.011 
   9   (0.031) 0.005 0.008 0.033 0.007 
  10   (0.054) 0.145 0.051 0.010 0.013 
  11   (0.062) 0.194 0.090 0.019 0.015 
  12   (0.055) 0.089 0.051 0.011 0.013 
  13   (0.073) 0.039 0.205 0.011 0.055 
  14   (0.067) 0.011 0.239 0.010 0.168 
  15   (0.032) 0.005 0.045 0.005 0.008 
  16   (0.033) 0.005 0.046 0.005 0.008 
  17   (0.033) 0.005 0.008 0.005 0.160 
  18   (0.032) 0.005 0.008 0.005 0.046 
  19   (0.036) 0.006 0.009 0.006 0.198 
  20   (0.036) 0.006 0.009 0.006 0.084 
  21   (0.036) 0.006 0.009 0.005 0.122 

Locus 88 : locus88 
14 alleles
0.0% missing data
   1   (0.088) 0.014 0.060 0.100 0.097 
   2   (0.117) 0.028 0.067 0.240 0.180 
   3   (0.064) 0.045 0.017 0.118 0.016 
   4   (0.080) 0.267 0.021 0.090 0.019 
   5   (0.094) 0.024 0.173 0.264 0.023 
   6   (0.077) 0.288 0.020 0.066 0.019 
   7   (0.066) 0.112 0.017 0.047 0.016 
   8   (0.048) 0.112 0.012 0.012 0.012 
   9   (0.063) 0.060 0.053 0.015 0.015 
  10   (0.043) 0.007 0.122 0.007 0.010 
  11   (0.076) 0.012 0.205 0.012 0.094 
  12   (0.055) 0.009 0.051 0.009 0.051 
  13   (0.087) 0.014 0.171 0.013 0.324 
  14   (0.042) 0.007 0.011 0.006 0.124 

Locus 89 : locus89 
31 alleles
0.0% missing data
   1   (0.031) 0.009 0.008 0.057 0.007 
   2   (0.049) 0.014 0.013 0.114 0.050 
   3   (0.030) 0.005 0.008 0.033 0.007 
   4   (0.034) 0.009 0.009 0.284 0.008 
   5   (0.027) 0.004 0.007 0.061 0.006 
   6   (0.028) 0.005 0.007 0.032 0.007 
   7   (0.034) 0.010 0.009 0.170 0.008 
   8   (0.030) 0.005 0.008 0.089 0.007 
   9   (0.029) 0.005 0.008 0.033 0.007 
  10   (0.033) 0.255 0.009 0.007 0.008 
  11   (0.046) 0.089 0.049 0.009 0.011 
  12   (0.034) 0.199 0.009 0.007 0.008 
  13   (0.048) 0.083 0.049 0.016 0.012 
  14   (0.043) 0.091 0.048 0.007 0.011 
  15   (0.032) 0.058 0.008 0.008 0.008 
  16   (0.032) 0.058 0.008 0.008 0.008 
  17   (0.027) 0.032 0.007 0.004 0.007 
  18   (0.030) 0.005 0.119 0.004 0.007 
  19   (0.027) 0.005 0.118 0.004 0.007 
  20   (0.029) 0.005 0.081 0.004 0.007 
  21   (0.033) 0.005 0.119 0.005 0.008 
  22   (0.025) 0.004 0.044 0.004 0.006 
  23   (0.029) 0.005 0.081 0.004 0.007 
  24   (0.027) 0.004 0.044 0.004 0.006 
  25   (0.028) 0.005 0.081 0.004 0.007 
  26   (0.037) 0.006 0.010 0.006 0.274 
  27   (0.027) 0.005 0.007 0.004 0.044 
  28   (0.028) 0.005 0.007 0.004 0.082 
  29   (0.032) 0.005 0.008 0.005 0.198 
  30   (0.034) 0.006 0.009 0.005 0.122 
  31   (0.028) 0.005 0.007 0.004 0.045 

Locus 90 : locus90 
26 alleles
0.0% missing data
   1   (0.051) 0.011 0.050 0.090 0.012 
   2   (0.038) 0.011 0.010 0.115 0.009 
   3   (0.036) 0.008 0.009 0.203 0.009 
   4   (0.038) 0.009 0.010 0.230 0.009 
   5   (0.031) 0.005 0.008 0.090 0.007 
   6   (0.043) 0.007 0.048 0.035 0.010 
   7   (0.052) 0.015 0.050 0.115 0.013 
   8   (0.034) 0.112 0.009 0.009 0.008 
   9   (0.037) 0.198 0.010 0.008 0.009 
  10   (0.057) 0.146 0.015 0.010 0.051 
  11   (0.042) 0.251 0.011 0.011 0.010 
  12   (0.057) 0.118 0.015 0.011 0.090 
  13   (0.049) 0.036 0.013 0.008 0.164 
  14   (0.033) 0.006 0.083 0.005 0.008 
  15   (0.031) 0.005 0.082 0.005 0.008 
  16   (0.037) 0.006 0.157 0.006 0.009 
  17   (0.035) 0.006 0.084 0.005 0.009 
  18   (0.033) 0.005 0.045 0.005 0.008 
  19   (0.034) 0.006 0.082 0.005 0.008 
  20   (0.032) 0.005 0.119 0.005 0.008 
  21   (0.031) 0.005 0.045 0.005 0.008 
  22   (0.036) 0.006 0.009 0.006 0.123 
  23   (0.033) 0.006 0.009 0.005 0.084 
  24   (0.032) 0.005 0.008 0.005 0.083 
  25   (0.034) 0.006 0.009 0.005 0.122 
  26   (0.034) 0.006 0.009 0.005 0.122 

Locus 91 : locus91 
29 alleles
0.0% missing data
   1   (0.034) 0.007 0.009 0.117 0.008 
   2   (0.060) 0.015 0.016 0.373 0.052 
   3   (0.048) 0.011 0.013 0.203 0.049 
   4   (0.029) 0.008 0.008 0.058 0.007 
   5   (0.047) 0.012 0.012 0.059 0.125 
   6   (0.052) 0.009 0.014 0.036 0.203 
   7   (0.047) 0.008 0.012 0.035 0.049 
   8   (0.038) 0.141 0.010 0.009 0.009 
   9   (0.038) 0.168 0.010 0.010 0.009 
  10   (0.036) 0.087 0.009 0.008 0.009 
  11   (0.028) 0.032 0.007 0.004 0.007 
  12   (0.029) 0.060 0.008 0.004 0.007 
  13   (0.036) 0.225 0.009 0.008 0.009 
  14   (0.030) 0.058 0.008 0.008 0.007 
  15   (0.028) 0.060 0.007 0.004 0.007 
  16   (0.030) 0.033 0.008 0.005 0.007 
  17   (0.028) 0.005 0.081 0.004 0.007 
  18   (0.030) 0.005 0.082 0.005 0.007 
  19   (0.032) 0.005 0.156 0.005 0.008 
  20   (0.027) 0.005 0.044 0.004 0.007 
  21   (0.037) 0.006 0.157 0.006 0.009 
  22   (0.025) 0.004 0.044 0.004 0.006 
  23   (0.033) 0.005 0.119 0.005 0.008 
  24   (0.027) 0.004 0.044 0.004 0.006 
  25   (0.028) 0.005 0.044 0.004 0.007 
  26   (0.027) 0.005 0.044 0.004 0.007 
  27   (0.033) 0.005 0.009 0.005 0.160 
  28   (0.033) 0.006 0.009 0.005 0.122 
  29   (0.031) 0.005 0.008 0.005 0.083 

Locus 92 : locus92 
16 alleles
0.0% missing data
   1   (0.097) 0.117 0.025 0.053 0.251 
   2   (0.083) 0.104 0.022 0.062 0.096 
   3   (0.041) 0.009 0.010 0.205 0.010 
   4   (0.121) 0.233 0.031 0.169 0.181 
   5   (0.109) 0.198 0.029 0.114 0.140 
   6   (0.042) 0.009 0.011 0.119 0.010 
   7   (0.035) 0.006 0.009 0.034 0.008 
   8   (0.056) 0.009 0.089 0.037 0.013 
   9   (0.043) 0.015 0.011 0.084 0.010 
  10   (0.039) 0.011 0.010 0.059 0.009 
  11   (0.068) 0.091 0.018 0.014 0.130 
  12   (0.068) 0.139 0.018 0.020 0.054 
  13   (0.073) 0.040 0.093 0.011 0.056 
  14   (0.044) 0.007 0.233 0.007 0.011 
  15   (0.041) 0.007 0.232 0.006 0.010 
  16   (0.041) 0.007 0.159 0.006 0.010 

Locus 93 : locus93 
22 alleles
0.0% missing data
   1   (0.032) 0.005 0.008 0.033 0.008 
   2   (0.074) 0.017 0.093 0.459 0.018 
   3   (0.127) 0.036 0.256 0.230 0.220 
   4   (0.033) 0.006 0.009 0.033 0.008 
   5   (0.062) 0.014 0.127 0.090 0.015 
   6   (0.033) 0.006 0.009 0.033 0.008 
   7   (0.034) 0.058 0.009 0.008 0.008 
   8   (0.032) 0.061 0.008 0.005 0.008 
   9   (0.039) 0.145 0.010 0.007 0.009 
  10   (0.032) 0.033 0.008 0.005 0.008 
  11   (0.038) 0.090 0.010 0.006 0.009 
  12   (0.030) 0.033 0.008 0.005 0.007 
  13   (0.035) 0.082 0.009 0.012 0.008 
  14   (0.044) 0.169 0.012 0.012 0.011 
  15   (0.038) 0.113 0.010 0.010 0.009 
  16   (0.033) 0.058 0.009 0.008 0.008 
  17   (0.032) 0.033 0.008 0.005 0.008 
  18   (0.072) 0.012 0.129 0.011 0.245 
  19   (0.031) 0.005 0.045 0.005 0.008 
  20   (0.059) 0.010 0.126 0.009 0.128 
  21   (0.053) 0.009 0.088 0.008 0.089 
  22   (0.037) 0.006 0.010 0.006 0.160 

Locus 94 : locus94 
16 alleles
0.0% missing data
   1   (0.091) 0.216 0.024 0.317 0.022 
   2   (0.081) 0.112 0.021 0.310 0.020 
   3   (0.077) 0.177 0.020 0.126 0.019 
   4   (0.086) 0.221 0.022 0.141 0.021 
   5   (0.037) 0.062 0.010 0.006 0.009 
   6   (0.039) 0.058 0.010 0.010 0.009 
   7   (0.041) 0.062 0.011 0.006 0.010 
   8   (0.066) 0.011 0.091 0.010 0.092 
   9   (0.068) 0.011 0.091 0.010 0.130 
  10   (0.068) 0.011 0.203 0.010 0.054 
  11   (0.061) 0.010 0.127 0.009 0.053 
  12   (0.076) 0.013 0.168 0.012 0.170 
  13   (0.072) 0.012 0.130 0.011 0.131 
  14   (0.055) 0.009 0.051 0.008 0.051 
  15   (0.038) 0.006 0.010 0.006 0.085 
  16   (0.043) 0.007 0.011 0.007 0.124 

Locus 95 : locus95 
16 alleles
0.0% missing data
   1   (0.034) 0.006 0.009 0.034 0.008 
   2   (0.126) 0.132 0.144 0.132 0.068 
   3   (0.066) 0.055 0.017 0.306 0.016 
   4   (0.068) 0.292 0.018 0.062 0.017 
   5   (0.150) 0.201 0.113 0.098 0.302 
   6   (0.064) 0.063 0.017 0.212 0.015 
   7   (0.034) 0.006 0.009 0.034 0.008 
   8   (0.059) 0.101 0.015 0.057 0.014 
   9   (0.092) 0.094 0.172 0.018 0.060 
  10   (0.055) 0.009 0.088 0.008 0.051 
  11   (0.076) 0.013 0.241 0.012 0.170 
  12   (0.039) 0.006 0.121 0.006 0.009 
  13   (0.037) 0.006 0.010 0.006 0.085 
  14   (0.036) 0.006 0.009 0.005 0.084 
  15   (0.032) 0.005 0.008 0.005 0.046 
  16   (0.033) 0.006 0.009 0.005 0.046 

Locus 96 : locus96 
24 alleles
0.0% missing data
   1   (0.042) 0.012 0.011 0.392 0.010 
   2   (0.035) 0.010 0.009 0.057 0.008 
   3   (0.036) 0.010 0.009 0.057 0.009 
   4   (0.033) 0.008 0.009 0.086 0.008 
   5   (0.029) 0.005 0.008 0.032 0.007 
   6   (0.033) 0.006 0.009 0.061 0.008 
   7   (0.036) 0.009 0.009 0.086 0.009 
   8   (0.033) 0.006 0.009 0.061 0.008 
   9   (0.029) 0.005 0.008 0.032 0.007 
  10   (0.060) 0.121 0.090 0.011 0.014 
  11   (0.040) 0.145 0.010 0.009 0.010 
  12   (0.058) 0.066 0.200 0.009 0.014 
  13   (0.061) 0.085 0.238 0.019 0.015 
  14   (0.083) 0.095 0.207 0.016 0.057 
  15   (0.032) 0.033 0.008 0.005 0.008 
  16   (0.030) 0.033 0.008 0.005 0.007 
  17   (0.035) 0.117 0.009 0.006 0.008 
  18   (0.038) 0.089 0.010 0.008 0.009 
  19   (0.095) 0.065 0.098 0.021 0.441 
  20   (0.033) 0.059 0.009 0.008 0.008 
  21   (0.034) 0.006 0.009 0.005 0.084 
  22   (0.034) 0.006 0.009 0.005 0.122 
  23   (0.027) 0.005 0.007 0.004 0.044 
  24   (0.035) 0.006 0.009 0.005 0.084 

Locus 97 : locus97 
15 alleles
0.0% missing data
   1   (0.052) 0.009 0.051 0.036 0.013 
   2   (0.067) 0.052 0.017 0.167 0.016 
   3   (0.121) 0.198 0.032 0.374 0.067 
   4   (0.046) 0.014 0.012 0.114 0.011 
   5   (0.058) 0.010 0.015 0.037 0.090 
   6   (0.142) 0.248 0.222 0.160 0.034 
   7   (0.062) 0.094 0.016 0.038 0.015 
   8   (0.053) 0.311 0.014 0.012 0.013 
   9   (0.055) 0.009 0.051 0.008 0.051 
  10   (0.044) 0.007 0.160 0.007 0.011 
  11   (0.092) 0.015 0.172 0.014 0.363 
  12   (0.038) 0.006 0.047 0.006 0.009 
  13   (0.070) 0.012 0.092 0.011 0.169 
  14   (0.063) 0.011 0.054 0.010 0.129 
  15   (0.038) 0.006 0.047 0.006 0.009 

Locus 98 : locus98 
18 alleles
0.0% missing data
   1   (0.084) 0.020 0.022 0.260 0.096 
   2   (0.082) 0.020 0.021 0.430 0.057 
   3   (0.113) 0.028 0.029 0.148 0.597 
   4   (0.058) 0.010 0.015 0.037 0.052 
   5   (0.054) 0.257 0.014 0.012 0.013 
   6   (0.045) 0.089 0.012 0.009 0.011 
   7   (0.044) 0.063 0.011 0.007 0.011 
   8   (0.051) 0.144 0.013 0.011 0.012 
   9   (0.050) 0.118 0.013 0.009 0.012 
  10   (0.037) 0.034 0.010 0.006 0.009 
  11   (0.037) 0.034 0.010 0.006 0.009 
  12   (0.048) 0.060 0.013 0.011 0.012 
  13   (0.049) 0.082 0.013 0.016 0.012 
  14   (0.041) 0.007 0.085 0.006 0.010 
  15   (0.050) 0.008 0.198 0.008 0.012 
  16   (0.047) 0.008 0.197 0.007 0.011 
  17   (0.047) 0.008 0.234 0.007 0.011 
  18   (0.062) 0.010 0.090 0.010 0.053 

Locus 99 : locus99 
13 alleles
0.0% missing data
   1   (0.137) 0.120 0.184 0.119 0.109 
   2   (0.114) 0.026 0.140 0.180 0.141 
   3   (0.044) 0.010 0.011 0.202 0.011 
   4   (0.066) 0.016 0.017 0.175 0.053 
   5   (0.085) 0.055 0.022 0.169 0.058 
   6   (0.069) 0.018 0.129 0.060 0.017 
   7   (0.040) 0.090 0.010 0.006 0.010 
   8   (0.088) 0.232 0.023 0.019 0.211 
   9   (0.111) 0.180 0.140 0.023 0.103 
  10   (0.058) 0.061 0.015 0.013 0.052 
  11   (0.042) 0.088 0.011 0.009 0.010 
  12   (0.039) 0.059 0.010 0.009 0.009 
  13   (0.108) 0.046 0.287 0.016 0.216 

Locus 100 : locus100 
23 alleles
0.0% missing data
   1   (0.043) 0.010 0.011 0.089 0.010 
   2   (0.053) 0.014 0.014 0.424 0.013 
   3   (0.047) 0.012 0.012 0.143 0.011 
   4   (0.045) 0.009 0.012 0.174 0.011 
   5   (0.036) 0.006 0.010 0.034 0.009 
   6   (0.041) 0.117 0.011 0.008 0.010 
   7   (0.052) 0.284 0.014 0.012 0.013 
   8   (0.047) 0.203 0.012 0.008 0.011 
   9   (0.034) 0.034 0.009 0.005 0.008 
  10   (0.042) 0.089 0.011 0.009 0.010 
  11   (0.041) 0.059 0.011 0.010 0.010 
  12   (0.044) 0.084 0.011 0.014 0.011 
  13   (0.036) 0.006 0.046 0.005 0.009 
  14   (0.064) 0.011 0.202 0.010 0.053 
  15   (0.041) 0.007 0.122 0.006 0.010 
  16   (0.040) 0.007 0.121 0.006 0.010 
  17   (0.044) 0.007 0.233 0.007 0.011 
  18   (0.040) 0.007 0.047 0.006 0.010 
  19   (0.039) 0.007 0.047 0.006 0.009 
  20   (0.043) 0.007 0.011 0.006 0.124 
  21   (0.044) 0.007 0.011 0.007 0.315 
  22   (0.039) 0.007 0.010 0.006 0.085 
  23   (0.045) 0.008 0.012 0.007 0.238 

Values of parameters used in structure:
DATAFILE=parentandhybrid6.str,	OUTFILE=parentandhybrid4Deme_3,	NUMINDS=50,	NUMLOCI=100,	MISSING=0,	LABEL=1,	POPDATA=0,	POPFLAG=0,	PHENOTYPE=0,	EXTRACOLS=0,	MAXPOPS=4,	BURNIN=200000,	NUMREPS=200000,	USEPOPINFO=0,	INFERALPHA=1,	INFERLAMBDA=0,	POPSPECIFICLAMBDA=0,	POPALPHAS=0,	COMPUTEPROB=1,	NOADMIX=0,	ADMBURNIN=500,	UPDATEFREQ=100,	PRINTLIKES=0,	INTERMEDSAVE=0,	PRINTKLD=0,	PRINTNET=1,	PRINTLAMBDA=1,	ANCESTDIST=0,	NUMBOXES=1000,	ANCESTPINT=0.90000,	GENSBACK=2,	MIGRPRIOR=0.01000,	PRINTQHAT=0,	PRINTQSUM=1,	ALPHA=1.0000,	FREQSCORR=1,	FPRIORMEAN=0.0100,	FPRIORSD=0.0500,	ONEFST=0,	LAMBDA=1.0000,	UNIFPRIORALPHA=1,	ALPHAMAX=10.0000,	ALPHAPRIORA=1.0000,	ALPHAPRIORB=2.0000,	ALPHAPROPSD=0.0250,	STARTATPOPINFO=0,	RANDOMIZE=1,	LINKAGE=0,	METROFREQ=10,	REPORTHITRATE=0,	MARKOVPHASE=0,	PHASED=0,	PLOIDY=2,	PHASEINFO=0	LOCPRIOR=0, 	LOCPRIORINIT=1.000000, 	LOCDATA=0, 	LOCISPOP=0, 	LOCPRIORSTEP=0.100000, 	MAXLOCPRIOR=20.000000, 	SEED=1658869928,	
[STRAT parameters]:    NUMSIMSTATS=1000,	PHENOTYPECOL=-9,	POOLFREQ=10,	LOCUSxONLY=0,	EMERROR=0.00100,	MISSINGPHENO=-9,	