

----------------------------------------------------
STRUCTURE by Pritchard, Stephens and Donnelly (2000)
     and Falush, Stephens and Pritchard (2003)
       Code by Pritchard, Falush and Hubisz
             Version 2.3.4 (Jul 2012)
----------------------------------------------------



Command line arguments:   bin\structure -m C:\Users\CHendrikse\Documents\fsc26_win64\4Demes\simulation4deme2\hybridandparent4_2set\mainparams -e C:\Users\CHendrikse\Documents\fsc26_win64\4Demes\simulation4deme2\hybridandparent4_2set\extraparams 
Input File:    C:\Users\CHendrikse\Documents\fsc26_win64\4Demes\simulation4deme2\project_data

Run parameters:
   50 individuals
   100 loci
   4 populations assumed
   50000 Burn-in period
   50000 Reps


--------------------------------------------
Overall proportion of membership of the
sample in each of the 4 clusters

Inferred Clusters
  1      2      3      4    
0.440  0.110  0.218  0.232  

--------------------------------------------

Allele-freq. divergence among pops (Net nucleotide distance),
computed using point estimates of P.

      1       2       3       4      
 1      -    0.0049  0.0029  0.0027  
 2   0.0049     -    0.0015  0.0015  
 3   0.0029  0.0015     -    0.0000  
 4   0.0027  0.0015  0.0000     -    

Average distances (expected heterozygosity) between individuals in same cluster:
cluster  1  : 0.9094 
cluster  2  : 0.9146 
cluster  3  : 0.9190 
cluster  4  : 0.9192 

--------------------------------------------
Estimated Ln Prob of Data   = -27925.5
Mean value of ln likelihood = -25927.8
Variance of ln likelihood   = 3995.4
Mean value of alpha         = 0.0440

Mean value of Fst_1         = 0.0189
Mean value of Fst_2         = 0.0262
Mean value of Fst_3         = 0.0037
Mean value of Fst_4         = 0.0025


Inferred ancestry of individuals:
        Label (%Miss) :  Inferred clusters
  1        1    (0)   :  0.942 0.024 0.020 0.015 
  2        2    (0)   :  0.939 0.011 0.023 0.027 
  3        3    (0)   :  0.167 0.020 0.342 0.472 
  4        4    (0)   :  0.629 0.105 0.148 0.118 
  5        5    (0)   :  0.638 0.062 0.116 0.184 
  6        6    (0)   :  0.918 0.006 0.043 0.032 
  7        7    (0)   :  0.589 0.013 0.158 0.240 
  8        8    (0)   :  0.949 0.005 0.018 0.028 
  9        9    (0)   :  0.027 0.923 0.018 0.033 
 10       10    (0)   :  0.901 0.005 0.041 0.053 
 11       11    (0)   :  0.945 0.010 0.025 0.019 
 12       12    (0)   :  0.674 0.043 0.122 0.161 
 13       13    (0)   :  0.010 0.533 0.166 0.291 
 14       14    (0)   :  0.204 0.157 0.326 0.312 
 15       15    (0)   :  0.949 0.011 0.020 0.021 
 16       16    (0)   :  0.922 0.007 0.038 0.034 
 17       17    (0)   :  0.034 0.540 0.229 0.197 
 18       18    (0)   :  0.011 0.311 0.282 0.395 
 19       19    (0)   :  0.958 0.005 0.022 0.016 
 20       20    (0)   :  0.813 0.005 0.115 0.066 
 21      h01    (0)   :  0.940 0.032 0.014 0.014 
 22      h02    (0)   :  0.982 0.006 0.004 0.007 
 23      h03    (0)   :  0.980 0.009 0.006 0.006 
 24      h04    (0)   :  0.858 0.115 0.011 0.016 
 25      h05    (0)   :  0.971 0.016 0.007 0.006 
 26      h06    (0)   :  0.965 0.013 0.009 0.012 
 27      h07    (0)   :  0.983 0.008 0.004 0.005 
 28      h08    (0)   :  0.982 0.007 0.006 0.006 
 29      h09    (0)   :  0.970 0.015 0.008 0.007 
 30      h10    (0)   :  0.972 0.015 0.006 0.007 
 31       21    (0)   :  0.006 0.161 0.412 0.422 
 32       22    (0)   :  0.018 0.140 0.533 0.309 
 33       23    (0)   :  0.053 0.017 0.490 0.441 
 34       24    (0)   :  0.003 0.010 0.517 0.471 
 35       25    (0)   :  0.003 0.115 0.559 0.322 
 36       26    (0)   :  0.005 0.006 0.630 0.360 
 37       27    (0)   :  0.006 0.032 0.506 0.456 
 38       28    (0)   :  0.006 0.130 0.502 0.362 
 39       29    (0)   :  0.013 0.009 0.659 0.319 
 40       30    (0)   :  0.003 0.011 0.605 0.380 
 41       31    (0)   :  0.007 0.006 0.394 0.592 
 42       32    (0)   :  0.005 0.683 0.077 0.235 
 43       33    (0)   :  0.006 0.071 0.423 0.500 
 44       34    (0)   :  0.008 0.013 0.449 0.530 
 45       35    (0)   :  0.003 0.984 0.007 0.006 
 46       36    (0)   :  0.005 0.012 0.270 0.713 
 47       37    (0)   :  0.006 0.018 0.335 0.640 
 48       38    (0)   :  0.008 0.021 0.313 0.658 
 49       39    (0)   :  0.009 0.007 0.427 0.556 
 50       40    (0)   :  0.009 0.015 0.428 0.547 


Estimated Allele Frequencies in each cluster
First column gives estimated ancestral frequencies


Locus 1 : locus1 
15 alleles
0.0% missing data
   1   (0.076) 0.086 0.070 0.075 0.077 
   2   (0.036) 0.038 0.029 0.035 0.035 
   3   (0.038) 0.030 0.030 0.039 0.037 
   4   (0.152) 0.152 0.183 0.151 0.152 
   5   (0.037) 0.032 0.030 0.037 0.037 
   6   (0.056) 0.049 0.046 0.056 0.057 
   7   (0.070) 0.072 0.061 0.071 0.070 
   8   (0.124) 0.141 0.181 0.121 0.123 
   9   (0.048) 0.062 0.039 0.046 0.047 
  10   (0.020) 0.020 0.016 0.019 0.019 
  11   (0.075) 0.061 0.063 0.079 0.076 
  12   (0.110) 0.121 0.106 0.109 0.111 
  13   (0.065) 0.054 0.064 0.067 0.065 
  14   (0.056) 0.043 0.054 0.058 0.057 
  15   (0.037) 0.040 0.030 0.036 0.036 

Locus 2 : locus2 
15 alleles
0.0% missing data
   1   (0.043) 0.081 0.038 0.041 0.041 
   2   (0.086) 0.098 0.089 0.084 0.085 
   3   (0.110) 0.120 0.103 0.112 0.109 
   4   (0.157) 0.183 0.144 0.157 0.157 
   5   (0.057) 0.042 0.063 0.058 0.057 
   6   (0.111) 0.117 0.129 0.110 0.110 
   7   (0.027) 0.034 0.021 0.025 0.025 
   8   (0.093) 0.080 0.076 0.095 0.095 
   9   (0.143) 0.129 0.177 0.144 0.143 
  10   (0.067) 0.056 0.063 0.067 0.067 
  11   (0.019) 0.011 0.025 0.019 0.019 
  12   (0.030) 0.016 0.024 0.031 0.030 
  13   (0.020) 0.011 0.016 0.021 0.020 
  14   (0.020) 0.011 0.016 0.019 0.020 
  15   (0.020) 0.011 0.016 0.020 0.020 

Locus 3 : locus3 
18 alleles
0.0% missing data
   1   (0.080) 0.072 0.065 0.082 0.083 
   2   (0.020) 0.020 0.016 0.018 0.019 
   3   (0.068) 0.093 0.057 0.065 0.068 
   4   (0.132) 0.146 0.111 0.136 0.134 
   5   (0.084) 0.106 0.084 0.082 0.083 
   6   (0.144) 0.136 0.157 0.147 0.146 
   7   (0.053) 0.088 0.043 0.051 0.052 
   8   (0.035) 0.039 0.028 0.035 0.034 
   9   (0.114) 0.092 0.169 0.115 0.114 
  10   (0.039) 0.023 0.055 0.038 0.039 
  11   (0.025) 0.033 0.020 0.023 0.023 
  12   (0.045) 0.045 0.046 0.044 0.044 
  13   (0.026) 0.033 0.023 0.024 0.024 
  14   (0.056) 0.031 0.065 0.059 0.057 
  15   (0.020) 0.011 0.016 0.020 0.020 
  16   (0.020) 0.011 0.016 0.021 0.020 
  17   (0.019) 0.010 0.015 0.019 0.019 
  18   (0.019) 0.010 0.016 0.019 0.019 

Locus 4 : locus4 
16 alleles
0.0% missing data
   1   (0.091) 0.107 0.088 0.090 0.090 
   2   (0.025) 0.032 0.020 0.024 0.024 
   3   (0.098) 0.120 0.086 0.098 0.098 
   4   (0.105) 0.084 0.167 0.106 0.104 
   5   (0.020) 0.012 0.016 0.019 0.020 
   6   (0.108) 0.127 0.090 0.109 0.108 
   7   (0.093) 0.081 0.096 0.095 0.094 
   8   (0.074) 0.058 0.096 0.075 0.075 
   9   (0.037) 0.071 0.030 0.035 0.035 
  10   (0.073) 0.107 0.073 0.071 0.071 
  11   (0.072) 0.070 0.072 0.070 0.073 
  12   (0.049) 0.029 0.043 0.051 0.052 
  13   (0.065) 0.045 0.053 0.068 0.067 
  14   (0.020) 0.020 0.015 0.018 0.019 
  15   (0.030) 0.017 0.025 0.031 0.031 
  16   (0.038) 0.021 0.031 0.039 0.040 

Locus 5 : locus5 
17 alleles
0.0% missing data
   1   (0.047) 0.045 0.093 0.044 0.045 
   2   (0.050) 0.075 0.053 0.047 0.048 
   3   (0.085) 0.089 0.086 0.085 0.085 
   4   (0.029) 0.025 0.024 0.029 0.029 
   5   (0.140) 0.156 0.126 0.142 0.141 
   6   (0.071) 0.070 0.058 0.071 0.071 
   7   (0.117) 0.127 0.115 0.117 0.118 
   8   (0.081) 0.099 0.070 0.082 0.080 
   9   (0.036) 0.037 0.049 0.034 0.034 
  10   (0.019) 0.019 0.015 0.018 0.018 
  11   (0.148) 0.141 0.147 0.151 0.150 
  12   (0.029) 0.026 0.033 0.027 0.028 
  13   (0.046) 0.035 0.046 0.048 0.045 
  14   (0.046) 0.025 0.037 0.048 0.048 
  15   (0.019) 0.010 0.017 0.019 0.019 
  16   (0.018) 0.010 0.015 0.018 0.019 
  17   (0.020) 0.011 0.016 0.019 0.020 

Locus 6 : locus6 
19 alleles
0.0% missing data
   1   (0.053) 0.056 0.050 0.053 0.053 
   2   (0.115) 0.201 0.100 0.112 0.113 
   3   (0.041) 0.053 0.045 0.038 0.039 
   4   (0.029) 0.025 0.024 0.029 0.029 
   5   (0.072) 0.066 0.062 0.073 0.073 
   6   (0.083) 0.047 0.080 0.086 0.088 
   7   (0.036) 0.027 0.037 0.036 0.036 
   8   (0.125) 0.112 0.206 0.124 0.124 
   9   (0.046) 0.045 0.056 0.045 0.045 
  10   (0.118) 0.162 0.100 0.119 0.118 
  11   (0.038) 0.031 0.030 0.040 0.038 
  12   (0.025) 0.032 0.022 0.024 0.024 
  13   (0.019) 0.010 0.025 0.018 0.018 
  14   (0.100) 0.072 0.083 0.106 0.105 
  15   (0.020) 0.019 0.016 0.019 0.019 
  16   (0.020) 0.011 0.016 0.021 0.020 
  17   (0.019) 0.011 0.016 0.020 0.019 
  18   (0.020) 0.011 0.016 0.019 0.020 
  19   (0.020) 0.011 0.016 0.020 0.020 

Locus 7 : locus7 
20 alleles
0.0% missing data
   1   (0.061) 0.079 0.052 0.060 0.061 
   2   (0.075) 0.099 0.061 0.075 0.076 
   3   (0.087) 0.101 0.097 0.087 0.086 
   4   (0.082) 0.065 0.140 0.082 0.082 
   5   (0.105) 0.135 0.088 0.107 0.105 
   6   (0.033) 0.040 0.027 0.032 0.033 
   7   (0.104) 0.081 0.120 0.109 0.106 
   8   (0.026) 0.031 0.021 0.024 0.025 
   9   (0.081) 0.060 0.066 0.084 0.084 
  10   (0.054) 0.030 0.064 0.057 0.055 
  11   (0.028) 0.045 0.022 0.026 0.027 
  12   (0.051) 0.051 0.044 0.051 0.051 
  13   (0.038) 0.030 0.040 0.038 0.037 
  14   (0.028) 0.024 0.036 0.026 0.027 
  15   (0.019) 0.020 0.015 0.018 0.018 
  16   (0.041) 0.052 0.037 0.039 0.039 
  17   (0.020) 0.020 0.015 0.018 0.019 
  18   (0.020) 0.011 0.016 0.020 0.020 
  19   (0.028) 0.015 0.022 0.028 0.030 
  20   (0.020) 0.011 0.016 0.020 0.020 

Locus 8 : locus8 
20 alleles
0.0% missing data
   1   (0.049) 0.057 0.060 0.047 0.048 
   2   (0.066) 0.097 0.054 0.063 0.065 
   3   (0.028) 0.025 0.022 0.027 0.028 
   4   (0.066) 0.070 0.070 0.067 0.066 
   5   (0.084) 0.057 0.076 0.089 0.086 
   6   (0.088) 0.105 0.072 0.089 0.087 
   7   (0.036) 0.025 0.047 0.036 0.036 
   8   (0.048) 0.042 0.095 0.045 0.046 
   9   (0.084) 0.095 0.071 0.083 0.085 
  10   (0.058) 0.070 0.051 0.057 0.057 
  11   (0.049) 0.117 0.041 0.046 0.047 
  12   (0.054) 0.035 0.054 0.055 0.057 
  13   (0.056) 0.036 0.064 0.057 0.057 
  14   (0.028) 0.017 0.046 0.027 0.027 
  15   (0.034) 0.039 0.028 0.033 0.034 
  16   (0.085) 0.066 0.079 0.088 0.087 
  17   (0.029) 0.017 0.023 0.031 0.030 
  18   (0.020) 0.011 0.016 0.020 0.020 
  19   (0.019) 0.010 0.015 0.019 0.018 
  20   (0.019) 0.011 0.015 0.019 0.020 

Locus 9 : locus9 
19 alleles
0.0% missing data
   1   (0.050) 0.075 0.054 0.047 0.048 
   2   (0.056) 0.088 0.055 0.053 0.054 
   3   (0.055) 0.050 0.061 0.054 0.054 
   4   (0.059) 0.063 0.070 0.058 0.059 
   5   (0.028) 0.027 0.022 0.027 0.027 
   6   (0.135) 0.156 0.118 0.134 0.139 
   7   (0.025) 0.031 0.022 0.024 0.024 
   8   (0.065) 0.058 0.110 0.063 0.063 
   9   (0.090) 0.121 0.075 0.090 0.089 
  10   (0.051) 0.056 0.043 0.052 0.050 
  11   (0.019) 0.016 0.015 0.018 0.019 
  12   (0.028) 0.025 0.041 0.026 0.026 
  13   (0.046) 0.036 0.041 0.046 0.048 
  14   (0.136) 0.094 0.118 0.147 0.141 
  15   (0.045) 0.043 0.040 0.046 0.045 
  16   (0.036) 0.020 0.032 0.038 0.038 
  17   (0.020) 0.011 0.016 0.020 0.020 
  18   (0.019) 0.010 0.017 0.019 0.019 
  19   (0.037) 0.020 0.051 0.038 0.037 

Locus 10 : locus10 
21 alleles
0.0% missing data
   1   (0.163) 0.207 0.170 0.162 0.163 
   2   (0.064) 0.094 0.060 0.062 0.062 
   3   (0.081) 0.091 0.066 0.083 0.081 
   4   (0.046) 0.037 0.057 0.045 0.046 
   5   (0.048) 0.077 0.038 0.045 0.046 
   6   (0.100) 0.090 0.145 0.099 0.101 
   7   (0.039) 0.051 0.031 0.038 0.037 
   8   (0.046) 0.061 0.057 0.043 0.044 
   9   (0.068) 0.064 0.087 0.068 0.067 
  10   (0.048) 0.035 0.039 0.050 0.048 
  11   (0.019) 0.012 0.019 0.019 0.019 
  12   (0.019) 0.020 0.015 0.018 0.018 
  13   (0.020) 0.021 0.016 0.019 0.019 
  14   (0.028) 0.025 0.024 0.028 0.028 
  15   (0.045) 0.024 0.039 0.048 0.047 
  16   (0.044) 0.024 0.037 0.048 0.046 
  17   (0.036) 0.020 0.030 0.037 0.037 
  18   (0.028) 0.015 0.022 0.029 0.029 
  19   (0.020) 0.011 0.017 0.020 0.020 
  20   (0.020) 0.011 0.016 0.020 0.020 
  21   (0.019) 0.010 0.015 0.019 0.019 

Locus 11 : locus11 
14 alleles
0.0% missing data
   1   (0.155) 0.189 0.139 0.155 0.154 
   2   (0.104) 0.112 0.089 0.103 0.106 
   3   (0.198) 0.216 0.185 0.198 0.201 
   4   (0.074) 0.090 0.062 0.075 0.073 
   5   (0.030) 0.017 0.024 0.029 0.031 
   6   (0.112) 0.095 0.122 0.117 0.111 
   7   (0.055) 0.050 0.056 0.056 0.055 
   8   (0.094) 0.090 0.134 0.092 0.092 
   9   (0.040) 0.054 0.035 0.038 0.038 
  10   (0.030) 0.026 0.028 0.028 0.029 
  11   (0.029) 0.016 0.040 0.028 0.029 
  12   (0.039) 0.021 0.033 0.042 0.040 
  13   (0.020) 0.011 0.036 0.019 0.019 
  14   (0.021) 0.011 0.017 0.021 0.021 

Locus 12 : locus12 
24 alleles
0.0% missing data
   1   (0.043) 0.043 0.057 0.041 0.042 
   2   (0.089) 0.111 0.089 0.090 0.089 
   3   (0.077) 0.126 0.068 0.076 0.076 
   4   (0.096) 0.099 0.114 0.096 0.096 
   5   (0.027) 0.027 0.022 0.026 0.027 
   6   (0.046) 0.036 0.037 0.047 0.046 
   7   (0.052) 0.034 0.043 0.056 0.054 
   8   (0.050) 0.052 0.072 0.048 0.048 
   9   (0.037) 0.030 0.042 0.037 0.037 
  10   (0.079) 0.062 0.067 0.083 0.081 
  11   (0.043) 0.029 0.037 0.045 0.045 
  12   (0.051) 0.085 0.064 0.048 0.049 
  13   (0.028) 0.024 0.024 0.028 0.027 
  14   (0.043) 0.094 0.035 0.040 0.041 
  15   (0.036) 0.026 0.030 0.035 0.038 
  16   (0.019) 0.011 0.027 0.018 0.019 
  17   (0.028) 0.016 0.027 0.028 0.030 
  18   (0.037) 0.030 0.047 0.035 0.036 
  19   (0.019) 0.010 0.016 0.019 0.019 
  20   (0.018) 0.010 0.014 0.019 0.018 
  21   (0.018) 0.010 0.015 0.019 0.018 
  22   (0.028) 0.015 0.022 0.028 0.029 
  23   (0.018) 0.010 0.015 0.018 0.018 
  24   (0.019) 0.010 0.015 0.018 0.019 

Locus 13 : locus13 
11 alleles
0.0% missing data
   1   (0.181) 0.222 0.213 0.179 0.176 
   2   (0.103) 0.138 0.090 0.101 0.103 
   3   (0.102) 0.100 0.090 0.102 0.102 
   4   (0.070) 0.040 0.094 0.070 0.071 
   5   (0.128) 0.125 0.141 0.127 0.128 
   6   (0.162) 0.169 0.145 0.167 0.162 
   7   (0.089) 0.097 0.085 0.089 0.089 
   8   (0.062) 0.043 0.060 0.063 0.063 
   9   (0.061) 0.043 0.049 0.061 0.064 
  10   (0.022) 0.012 0.017 0.022 0.021 
  11   (0.020) 0.011 0.016 0.019 0.021 

Locus 14 : locus14 
18 alleles
0.0% missing data
   1   (0.048) 0.036 0.058 0.046 0.048 
   2   (0.146) 0.145 0.122 0.151 0.149 
   3   (0.069) 0.075 0.060 0.070 0.068 
   4   (0.038) 0.032 0.030 0.038 0.038 
   5   (0.043) 0.051 0.048 0.041 0.041 
   6   (0.055) 0.069 0.047 0.055 0.054 
   7   (0.135) 0.136 0.113 0.139 0.137 
   8   (0.083) 0.079 0.113 0.081 0.083 
   9   (0.091) 0.143 0.078 0.088 0.090 
  10   (0.089) 0.085 0.097 0.089 0.089 
  11   (0.019) 0.020 0.016 0.018 0.018 
  12   (0.019) 0.011 0.027 0.019 0.019 
  13   (0.019) 0.010 0.020 0.018 0.019 
  14   (0.027) 0.015 0.039 0.026 0.027 
  15   (0.040) 0.051 0.033 0.040 0.039 
  16   (0.037) 0.020 0.032 0.039 0.037 
  17   (0.024) 0.013 0.053 0.023 0.024 
  18   (0.019) 0.010 0.015 0.018 0.020 

Locus 15 : locus15 
20 alleles
0.0% missing data
   1   (0.101) 0.123 0.108 0.102 0.100 
   2   (0.072) 0.101 0.063 0.072 0.071 
   3   (0.059) 0.096 0.048 0.057 0.058 
   4   (0.049) 0.056 0.046 0.050 0.048 
   5   (0.038) 0.022 0.031 0.039 0.040 
   6   (0.071) 0.053 0.058 0.074 0.074 
   7   (0.068) 0.063 0.089 0.067 0.067 
   8   (0.092) 0.090 0.096 0.095 0.093 
   9   (0.054) 0.045 0.046 0.055 0.055 
  10   (0.065) 0.075 0.064 0.062 0.065 
  11   (0.019) 0.011 0.035 0.018 0.018 
  12   (0.046) 0.032 0.041 0.047 0.048 
  13   (0.042) 0.046 0.037 0.042 0.042 
  14   (0.018) 0.019 0.015 0.017 0.017 
  15   (0.036) 0.020 0.041 0.037 0.037 
  16   (0.029) 0.026 0.028 0.028 0.028 
  17   (0.036) 0.029 0.048 0.035 0.036 
  18   (0.018) 0.020 0.014 0.017 0.017 
  19   (0.058) 0.059 0.072 0.059 0.057 
  20   (0.026) 0.014 0.021 0.028 0.027 

Locus 16 : locus16 
16 alleles
0.0% missing data
   1   (0.035) 0.039 0.028 0.033 0.035 
   2   (0.083) 0.094 0.071 0.083 0.084 
   3   (0.024) 0.033 0.020 0.023 0.023 
   4   (0.045) 0.046 0.039 0.044 0.044 
   5   (0.094) 0.073 0.091 0.096 0.096 
   6   (0.140) 0.088 0.140 0.150 0.145 
   7   (0.118) 0.105 0.120 0.119 0.120 
   8   (0.044) 0.049 0.036 0.043 0.043 
   9   (0.096) 0.139 0.090 0.094 0.093 
  10   (0.092) 0.124 0.075 0.091 0.092 
  11   (0.052) 0.058 0.062 0.049 0.051 
  12   (0.074) 0.087 0.084 0.073 0.072 
  13   (0.020) 0.011 0.020 0.019 0.019 
  14   (0.039) 0.029 0.032 0.041 0.038 
  15   (0.020) 0.011 0.028 0.019 0.019 
  16   (0.025) 0.014 0.061 0.023 0.024 

Locus 17 : locus17 
19 alleles
0.0% missing data
   1   (0.057) 0.062 0.088 0.055 0.055 
   2   (0.107) 0.139 0.106 0.108 0.105 
   3   (0.090) 0.102 0.078 0.091 0.091 
   4   (0.096) 0.086 0.104 0.097 0.097 
   5   (0.064) 0.036 0.053 0.067 0.067 
   6   (0.037) 0.026 0.031 0.039 0.037 
   7   (0.078) 0.102 0.081 0.077 0.076 
   8   (0.028) 0.025 0.035 0.027 0.027 
   9   (0.029) 0.021 0.023 0.028 0.029 
  10   (0.034) 0.056 0.028 0.032 0.033 
  11   (0.094) 0.135 0.078 0.091 0.094 
  12   (0.027) 0.031 0.022 0.025 0.026 
  13   (0.069) 0.055 0.099 0.069 0.069 
  14   (0.019) 0.020 0.016 0.018 0.018 
  15   (0.020) 0.011 0.020 0.019 0.020 
  16   (0.055) 0.040 0.063 0.056 0.056 
  17   (0.037) 0.021 0.032 0.040 0.039 
  18   (0.029) 0.016 0.023 0.031 0.030 
  19   (0.029) 0.016 0.023 0.028 0.030 

Locus 18 : locus18 
21 alleles
0.0% missing data
   1   (0.140) 0.204 0.120 0.140 0.140 
   2   (0.038) 0.047 0.031 0.037 0.038 
   3   (0.089) 0.066 0.099 0.093 0.091 
   4   (0.028) 0.016 0.022 0.029 0.028 
   5   (0.086) 0.073 0.083 0.087 0.088 
   6   (0.034) 0.036 0.041 0.033 0.033 
   7   (0.056) 0.067 0.068 0.054 0.054 
   8   (0.019) 0.020 0.015 0.018 0.018 
   9   (0.094) 0.089 0.082 0.098 0.096 
  10   (0.027) 0.045 0.022 0.025 0.026 
  11   (0.037) 0.030 0.049 0.035 0.036 
  12   (0.062) 0.081 0.050 0.060 0.062 
  13   (0.045) 0.043 0.048 0.044 0.044 
  14   (0.043) 0.031 0.075 0.041 0.042 
  15   (0.030) 0.047 0.024 0.028 0.029 
  16   (0.036) 0.030 0.041 0.036 0.036 
  17   (0.043) 0.024 0.052 0.045 0.044 
  18   (0.028) 0.015 0.024 0.028 0.029 
  19   (0.019) 0.010 0.015 0.019 0.019 
  20   (0.027) 0.015 0.023 0.029 0.027 
  21   (0.019) 0.010 0.017 0.019 0.019 

Locus 19 : locus19 
11 alleles
0.0% missing data
   1   (0.066) 0.063 0.069 0.066 0.065 
   2   (0.129) 0.129 0.136 0.128 0.130 
   3   (0.140) 0.198 0.116 0.139 0.138 
   4   (0.218) 0.195 0.268 0.220 0.219 
   5   (0.137) 0.111 0.124 0.141 0.140 
   6   (0.077) 0.068 0.083 0.077 0.076 
   7   (0.061) 0.070 0.050 0.059 0.062 
   8   (0.070) 0.101 0.059 0.067 0.068 
   9   (0.020) 0.020 0.016 0.019 0.019 
  10   (0.060) 0.033 0.050 0.064 0.062 
  11   (0.021) 0.011 0.029 0.020 0.020 

Locus 20 : locus20 
17 alleles
0.0% missing data
   1   (0.069) 0.088 0.097 0.067 0.066 
   2   (0.093) 0.060 0.079 0.101 0.096 
   3   (0.080) 0.097 0.068 0.079 0.080 
   4   (0.146) 0.148 0.141 0.147 0.149 
   5   (0.073) 0.090 0.068 0.070 0.072 
   6   (0.065) 0.051 0.076 0.067 0.065 
   7   (0.091) 0.066 0.120 0.094 0.090 
   8   (0.062) 0.061 0.066 0.062 0.062 
   9   (0.078) 0.085 0.066 0.077 0.079 
  10   (0.020) 0.020 0.016 0.019 0.019 
  11   (0.041) 0.052 0.033 0.039 0.040 
  12   (0.068) 0.110 0.065 0.065 0.066 
  13   (0.020) 0.020 0.016 0.018 0.019 
  14   (0.020) 0.011 0.028 0.019 0.020 
  15   (0.027) 0.015 0.023 0.028 0.028 
  16   (0.019) 0.011 0.015 0.019 0.019 
  17   (0.028) 0.015 0.023 0.028 0.030 

Locus 21 : locus21 
14 alleles
0.0% missing data
   1   (0.117) 0.130 0.099 0.118 0.118 
   2   (0.044) 0.045 0.037 0.043 0.043 
   3   (0.041) 0.052 0.045 0.038 0.039 
   4   (0.118) 0.103 0.133 0.118 0.119 
   5   (0.083) 0.072 0.079 0.082 0.086 
   6   (0.196) 0.227 0.221 0.195 0.195 
   7   (0.122) 0.125 0.141 0.122 0.121 
   8   (0.065) 0.055 0.065 0.067 0.065 
   9   (0.053) 0.055 0.043 0.053 0.053 
  10   (0.020) 0.020 0.016 0.019 0.019 
  11   (0.038) 0.040 0.031 0.037 0.037 
  12   (0.036) 0.039 0.033 0.036 0.035 
  13   (0.047) 0.026 0.041 0.051 0.049 
  14   (0.021) 0.011 0.016 0.020 0.021 

Locus 22 : locus22 
20 alleles
0.0% missing data
   1   (0.095) 0.090 0.101 0.097 0.095 
   2   (0.054) 0.049 0.046 0.057 0.054 
   3   (0.098) 0.110 0.082 0.098 0.100 
   4   (0.063) 0.096 0.074 0.059 0.061 
   5   (0.029) 0.021 0.027 0.029 0.028 
   6   (0.040) 0.066 0.033 0.038 0.038 
   7   (0.081) 0.072 0.079 0.085 0.082 
   8   (0.077) 0.077 0.063 0.078 0.078 
   9   (0.019) 0.016 0.015 0.018 0.018 
  10   (0.079) 0.146 0.066 0.076 0.077 
  11   (0.043) 0.024 0.078 0.043 0.043 
  12   (0.073) 0.050 0.103 0.073 0.074 
  13   (0.025) 0.033 0.020 0.023 0.024 
  14   (0.029) 0.016 0.032 0.028 0.029 
  15   (0.028) 0.025 0.023 0.028 0.028 
  16   (0.029) 0.025 0.023 0.028 0.029 
  17   (0.038) 0.031 0.038 0.038 0.038 
  18   (0.063) 0.035 0.066 0.065 0.066 
  19   (0.020) 0.011 0.017 0.020 0.019 
  20   (0.019) 0.010 0.015 0.019 0.020 

Locus 23 : locus23 
23 alleles
0.0% missing data
   1   (0.097) 0.119 0.089 0.098 0.099 
   2   (0.093) 0.101 0.117 0.094 0.093 
   3   (0.061) 0.044 0.087 0.061 0.062 
   4   (0.018) 0.011 0.015 0.018 0.019 
   5   (0.027) 0.026 0.022 0.026 0.026 
   6   (0.024) 0.030 0.021 0.023 0.023 
   7   (0.034) 0.056 0.028 0.032 0.032 
   8   (0.053) 0.083 0.043 0.051 0.053 
   9   (0.042) 0.043 0.046 0.042 0.042 
  10   (0.073) 0.077 0.064 0.074 0.074 
  11   (0.059) 0.058 0.050 0.060 0.060 
  12   (0.037) 0.050 0.030 0.037 0.037 
  13   (0.053) 0.029 0.066 0.055 0.055 
  14   (0.048) 0.057 0.052 0.047 0.047 
  15   (0.028) 0.021 0.023 0.028 0.027 
  16   (0.055) 0.067 0.045 0.056 0.054 
  17   (0.036) 0.019 0.038 0.035 0.038 
  18   (0.042) 0.044 0.037 0.043 0.042 
  19   (0.035) 0.019 0.046 0.036 0.036 
  20   (0.019) 0.011 0.017 0.020 0.019 
  21   (0.027) 0.015 0.023 0.029 0.028 
  22   (0.019) 0.010 0.015 0.018 0.019 
  23   (0.018) 0.010 0.027 0.017 0.018 

Locus 24 : locus24 
17 alleles
0.0% missing data
   1   (0.061) 0.056 0.053 0.062 0.062 
   2   (0.126) 0.150 0.147 0.126 0.124 
   3   (0.099) 0.085 0.102 0.097 0.102 
   4   (0.038) 0.053 0.031 0.036 0.037 
   5   (0.147) 0.144 0.143 0.153 0.148 
   6   (0.042) 0.049 0.038 0.041 0.041 
   7   (0.042) 0.066 0.036 0.040 0.041 
   8   (0.031) 0.045 0.024 0.029 0.029 
   9   (0.101) 0.107 0.087 0.102 0.103 
  10   (0.028) 0.025 0.023 0.028 0.028 
  11   (0.102) 0.098 0.117 0.102 0.103 
  12   (0.047) 0.037 0.054 0.048 0.046 
  13   (0.019) 0.020 0.015 0.018 0.018 
  14   (0.057) 0.031 0.060 0.060 0.058 
  15   (0.020) 0.011 0.016 0.021 0.020 
  16   (0.019) 0.010 0.017 0.019 0.019 
  17   (0.020) 0.011 0.036 0.018 0.019 

Locus 25 : locus25 
17 alleles
0.0% missing data
   1   (0.098) 0.095 0.099 0.098 0.099 
   2   (0.077) 0.102 0.079 0.076 0.075 
   3   (0.075) 0.105 0.086 0.072 0.073 
   4   (0.110) 0.093 0.108 0.113 0.112 
   5   (0.070) 0.064 0.085 0.071 0.069 
   6   (0.083) 0.113 0.077 0.081 0.082 
   7   (0.130) 0.137 0.133 0.130 0.130 
   8   (0.055) 0.046 0.044 0.057 0.056 
   9   (0.050) 0.056 0.056 0.049 0.050 
  10   (0.037) 0.020 0.051 0.037 0.037 
  11   (0.030) 0.026 0.024 0.031 0.029 
  12   (0.029) 0.018 0.027 0.031 0.029 
  13   (0.033) 0.058 0.026 0.031 0.031 
  14   (0.045) 0.025 0.041 0.047 0.048 
  15   (0.038) 0.021 0.032 0.040 0.040 
  16   (0.019) 0.010 0.015 0.019 0.020 
  17   (0.020) 0.011 0.016 0.020 0.021 

Locus 26 : locus26 
17 alleles
0.0% missing data
   1   (0.066) 0.056 0.057 0.068 0.067 
   2   (0.054) 0.078 0.056 0.051 0.052 
   3   (0.088) 0.105 0.107 0.086 0.086 
   4   (0.050) 0.059 0.041 0.049 0.050 
   5   (0.030) 0.018 0.026 0.031 0.030 
   6   (0.090) 0.087 0.138 0.088 0.089 
   7   (0.045) 0.082 0.037 0.042 0.043 
   8   (0.048) 0.042 0.040 0.047 0.048 
   9   (0.093) 0.076 0.090 0.095 0.095 
  10   (0.166) 0.226 0.147 0.165 0.166 
  11   (0.048) 0.041 0.046 0.048 0.048 
  12   (0.049) 0.036 0.052 0.049 0.050 
  13   (0.029) 0.016 0.028 0.029 0.029 
  14   (0.086) 0.047 0.074 0.091 0.090 
  15   (0.020) 0.011 0.018 0.020 0.020 
  16   (0.020) 0.011 0.016 0.021 0.020 
  17   (0.019) 0.010 0.028 0.018 0.019 

Locus 27 : locus27 
25 alleles
0.0% missing data
   1   (0.155) 0.191 0.147 0.158 0.157 
   2   (0.018) 0.019 0.015 0.017 0.017 
   3   (0.026) 0.044 0.021 0.025 0.025 
   4   (0.026) 0.044 0.021 0.024 0.025 
   5   (0.058) 0.052 0.054 0.058 0.059 
   6   (0.053) 0.036 0.045 0.056 0.055 
   7   (0.043) 0.029 0.036 0.045 0.044 
   8   (0.040) 0.048 0.034 0.039 0.039 
   9   (0.049) 0.049 0.041 0.049 0.050 
  10   (0.055) 0.063 0.060 0.055 0.054 
  11   (0.037) 0.050 0.031 0.036 0.036 
  12   (0.059) 0.042 0.096 0.059 0.059 
  13   (0.048) 0.047 0.072 0.047 0.047 
  14   (0.053) 0.039 0.052 0.053 0.055 
  15   (0.022) 0.030 0.018 0.021 0.021 
  16   (0.049) 0.073 0.042 0.048 0.047 
  17   (0.035) 0.029 0.041 0.034 0.035 
  18   (0.032) 0.036 0.026 0.032 0.032 
  19   (0.027) 0.015 0.024 0.028 0.028 
  20   (0.018) 0.010 0.014 0.018 0.018 
  21   (0.018) 0.010 0.015 0.019 0.019 
  22   (0.019) 0.010 0.015 0.020 0.019 
  23   (0.024) 0.013 0.053 0.022 0.023 
  24   (0.017) 0.009 0.013 0.017 0.017 
  25   (0.019) 0.011 0.015 0.019 0.020 

Locus 28 : locus28 
23 alleles
0.0% missing data
   1   (0.078) 0.061 0.096 0.080 0.079 
   2   (0.160) 0.149 0.163 0.164 0.163 
   3   (0.093) 0.143 0.092 0.092 0.091 
   4   (0.033) 0.040 0.027 0.032 0.033 
   5   (0.132) 0.145 0.162 0.132 0.133 
   6   (0.066) 0.089 0.054 0.066 0.066 
   7   (0.017) 0.015 0.015 0.016 0.017 
   8   (0.025) 0.030 0.020 0.023 0.024 
   9   (0.042) 0.063 0.034 0.041 0.041 
  10   (0.033) 0.056 0.027 0.031 0.032 
  11   (0.018) 0.016 0.015 0.017 0.017 
  12   (0.046) 0.035 0.047 0.045 0.048 
  13   (0.026) 0.015 0.028 0.028 0.027 
  14   (0.025) 0.032 0.020 0.023 0.023 
  15   (0.027) 0.015 0.024 0.029 0.028 
  16   (0.028) 0.015 0.023 0.030 0.029 
  17   (0.027) 0.015 0.042 0.027 0.027 
  18   (0.026) 0.014 0.023 0.028 0.027 
  19   (0.019) 0.010 0.015 0.019 0.019 
  20   (0.018) 0.010 0.015 0.019 0.018 
  21   (0.019) 0.011 0.028 0.018 0.019 
  22   (0.020) 0.011 0.016 0.020 0.020 
  23   (0.019) 0.011 0.015 0.019 0.020 

Locus 29 : locus29 
14 alleles
0.0% missing data
   1   (0.133) 0.152 0.122 0.135 0.134 
   2   (0.131) 0.132 0.148 0.128 0.132 
   3   (0.039) 0.031 0.032 0.040 0.039 
   4   (0.069) 0.078 0.057 0.069 0.068 
   5   (0.046) 0.043 0.037 0.046 0.046 
   6   (0.029) 0.027 0.023 0.027 0.028 
   7   (0.112) 0.124 0.107 0.112 0.111 
   8   (0.074) 0.106 0.086 0.071 0.072 
   9   (0.144) 0.124 0.164 0.146 0.146 
  10   (0.094) 0.069 0.104 0.098 0.095 
  11   (0.051) 0.063 0.043 0.049 0.050 
  12   (0.031) 0.026 0.026 0.030 0.030 
  13   (0.020) 0.011 0.028 0.018 0.019 
  14   (0.029) 0.016 0.023 0.029 0.030 

Locus 30 : locus30 
16 alleles
0.0% missing data
   1   (0.041) 0.050 0.033 0.039 0.040 
   2   (0.048) 0.036 0.042 0.051 0.048 
   3   (0.060) 0.085 0.048 0.058 0.059 
   4   (0.085) 0.068 0.103 0.085 0.086 
   5   (0.074) 0.066 0.087 0.074 0.073 
   6   (0.068) 0.142 0.059 0.064 0.065 
   7   (0.101) 0.085 0.094 0.104 0.103 
   8   (0.091) 0.078 0.101 0.093 0.091 
   9   (0.088) 0.084 0.085 0.090 0.089 
  10   (0.078) 0.048 0.074 0.079 0.082 
  11   (0.037) 0.040 0.042 0.034 0.035 
  12   (0.070) 0.078 0.060 0.071 0.070 
  13   (0.035) 0.059 0.028 0.032 0.033 
  14   (0.029) 0.017 0.026 0.030 0.029 
  15   (0.039) 0.031 0.052 0.037 0.038 
  16   (0.057) 0.031 0.064 0.058 0.059 

Locus 31 : locus31 
22 alleles
0.0% missing data
   1   (0.058) 0.062 0.082 0.057 0.057 
   2   (0.044) 0.064 0.036 0.043 0.043 
   3   (0.080) 0.139 0.069 0.079 0.079 
   4   (0.060) 0.061 0.052 0.061 0.061 
   5   (0.047) 0.056 0.056 0.045 0.045 
   6   (0.019) 0.016 0.017 0.018 0.018 
   7   (0.019) 0.016 0.016 0.018 0.018 
   8   (0.036) 0.026 0.031 0.037 0.037 
   9   (0.053) 0.048 0.043 0.053 0.054 
  10   (0.036) 0.025 0.031 0.038 0.037 
  11   (0.109) 0.141 0.098 0.108 0.111 
  12   (0.078) 0.072 0.078 0.081 0.078 
  13   (0.046) 0.025 0.058 0.048 0.046 
  14   (0.034) 0.038 0.027 0.032 0.033 
  15   (0.046) 0.032 0.048 0.047 0.047 
  16   (0.028) 0.015 0.032 0.027 0.029 
  17   (0.018) 0.012 0.018 0.018 0.018 
  18   (0.035) 0.032 0.032 0.036 0.035 
  19   (0.057) 0.060 0.064 0.057 0.056 
  20   (0.018) 0.018 0.014 0.017 0.017 
  21   (0.061) 0.033 0.085 0.062 0.063 
  22   (0.018) 0.010 0.014 0.018 0.018 

Locus 32 : locus32 
16 alleles
0.0% missing data
   1   (0.202) 0.216 0.227 0.202 0.203 
   2   (0.043) 0.053 0.037 0.041 0.042 
   3   (0.116) 0.157 0.096 0.116 0.115 
   4   (0.046) 0.041 0.040 0.047 0.046 
   5   (0.084) 0.070 0.073 0.086 0.087 
   6   (0.064) 0.036 0.105 0.062 0.065 
   7   (0.046) 0.080 0.038 0.044 0.045 
   8   (0.055) 0.075 0.047 0.054 0.053 
   9   (0.047) 0.043 0.038 0.048 0.047 
  10   (0.068) 0.073 0.071 0.067 0.067 
  11   (0.081) 0.075 0.074 0.083 0.082 
  12   (0.029) 0.016 0.038 0.028 0.029 
  13   (0.050) 0.028 0.050 0.052 0.052 
  14   (0.020) 0.011 0.016 0.021 0.019 
  15   (0.030) 0.016 0.036 0.030 0.030 
  16   (0.019) 0.010 0.015 0.019 0.019 

Locus 33 : locus33 
13 alleles
0.0% missing data
   1   (0.113) 0.142 0.134 0.110 0.111 
   2   (0.106) 0.180 0.088 0.103 0.104 
   3   (0.075) 0.068 0.072 0.077 0.075 
   4   (0.077) 0.059 0.097 0.077 0.077 
   5   (0.039) 0.037 0.032 0.037 0.039 
   6   (0.071) 0.078 0.058 0.071 0.070 
   7   (0.107) 0.116 0.091 0.110 0.107 
   8   (0.109) 0.095 0.135 0.108 0.110 
   9   (0.086) 0.067 0.090 0.088 0.087 
  10   (0.030) 0.025 0.024 0.029 0.029 
  11   (0.030) 0.017 0.036 0.030 0.030 
  12   (0.135) 0.104 0.123 0.139 0.139 
  13   (0.021) 0.012 0.019 0.021 0.021 

Locus 34 : locus34 
21 alleles
0.0% missing data
   1   (0.024) 0.033 0.019 0.022 0.023 
   2   (0.076) 0.118 0.061 0.073 0.075 
   3   (0.122) 0.174 0.108 0.122 0.120 
   4   (0.028) 0.027 0.023 0.027 0.028 
   5   (0.055) 0.038 0.065 0.055 0.057 
   6   (0.059) 0.079 0.082 0.055 0.056 
   7   (0.077) 0.077 0.079 0.079 0.077 
   8   (0.101) 0.102 0.097 0.102 0.102 
   9   (0.043) 0.048 0.037 0.041 0.043 
  10   (0.055) 0.048 0.044 0.056 0.056 
  11   (0.032) 0.019 0.071 0.031 0.031 
  12   (0.035) 0.056 0.028 0.032 0.033 
  13   (0.052) 0.049 0.059 0.051 0.052 
  14   (0.027) 0.015 0.036 0.026 0.027 
  15   (0.029) 0.016 0.026 0.031 0.029 
  16   (0.019) 0.011 0.015 0.019 0.019 
  17   (0.028) 0.015 0.024 0.029 0.029 
  18   (0.038) 0.021 0.043 0.039 0.038 
  19   (0.045) 0.025 0.038 0.050 0.046 
  20   (0.029) 0.016 0.023 0.029 0.030 
  21   (0.028) 0.015 0.023 0.028 0.030 

Locus 35 : locus35 
25 alleles
0.0% missing data
   1   (0.032) 0.037 0.028 0.032 0.031 
   2   (0.085) 0.133 0.075 0.085 0.084 
   3   (0.119) 0.163 0.099 0.122 0.120 
   4   (0.051) 0.039 0.046 0.052 0.053 
   5   (0.034) 0.028 0.051 0.032 0.033 
   6   (0.043) 0.040 0.041 0.042 0.043 
   7   (0.043) 0.042 0.039 0.043 0.043 
   8   (0.040) 0.038 0.067 0.038 0.039 
   9   (0.047) 0.051 0.059 0.045 0.046 
  10   (0.023) 0.032 0.018 0.022 0.022 
  11   (0.043) 0.040 0.035 0.044 0.043 
  12   (0.043) 0.024 0.068 0.044 0.043 
  13   (0.058) 0.079 0.061 0.056 0.057 
  14   (0.052) 0.038 0.054 0.054 0.052 
  15   (0.019) 0.011 0.025 0.019 0.019 
  16   (0.043) 0.034 0.038 0.046 0.044 
  17   (0.027) 0.025 0.024 0.027 0.027 
  18   (0.018) 0.020 0.014 0.017 0.017 
  19   (0.038) 0.049 0.030 0.037 0.037 
  20   (0.027) 0.015 0.034 0.028 0.027 
  21   (0.019) 0.010 0.016 0.020 0.019 
  22   (0.026) 0.014 0.021 0.027 0.027 
  23   (0.027) 0.015 0.021 0.027 0.029 
  24   (0.026) 0.014 0.021 0.027 0.028 
  25   (0.017) 0.009 0.014 0.017 0.017 

Locus 36 : locus36 
29 alleles
0.0% missing data
   1   (0.046) 0.052 0.052 0.046 0.046 
   2   (0.024) 0.043 0.019 0.023 0.023 
   3   (0.083) 0.129 0.071 0.084 0.082 
   4   (0.035) 0.029 0.030 0.036 0.035 
   5   (0.025) 0.015 0.020 0.027 0.026 
   6   (0.033) 0.030 0.046 0.032 0.032 
   7   (0.023) 0.029 0.020 0.021 0.022 
   8   (0.038) 0.079 0.031 0.036 0.037 
   9   (0.064) 0.077 0.097 0.062 0.063 
  10   (0.039) 0.040 0.065 0.037 0.037 
  11   (0.018) 0.019 0.014 0.017 0.017 
  12   (0.046) 0.052 0.052 0.045 0.045 
  13   (0.033) 0.018 0.037 0.033 0.035 
  14   (0.041) 0.032 0.048 0.041 0.042 
  15   (0.034) 0.020 0.033 0.036 0.035 
  16   (0.042) 0.035 0.040 0.044 0.043 
  17   (0.073) 0.070 0.073 0.075 0.073 
  18   (0.019) 0.010 0.020 0.018 0.019 
  19   (0.032) 0.037 0.027 0.031 0.031 
  20   (0.026) 0.024 0.022 0.026 0.026 
  21   (0.040) 0.040 0.032 0.041 0.040 
  22   (0.031) 0.035 0.027 0.031 0.030 
  23   (0.035) 0.019 0.028 0.037 0.037 
  24   (0.016) 0.009 0.013 0.017 0.017 
  25   (0.025) 0.013 0.020 0.025 0.026 
  26   (0.017) 0.009 0.013 0.017 0.017 
  27   (0.025) 0.014 0.020 0.025 0.027 
  28   (0.018) 0.010 0.014 0.018 0.018 
  29   (0.018) 0.010 0.015 0.018 0.019 

Locus 37 : locus37 
23 alleles
0.0% missing data
   1   (0.029) 0.025 0.025 0.029 0.028 
   2   (0.070) 0.119 0.062 0.068 0.068 
   3   (0.081) 0.110 0.068 0.082 0.080 
   4   (0.048) 0.077 0.038 0.046 0.046 
   5   (0.053) 0.030 0.055 0.055 0.056 
   6   (0.060) 0.044 0.078 0.060 0.061 
   7   (0.028) 0.021 0.026 0.029 0.028 
   8   (0.077) 0.077 0.067 0.076 0.078 
   9   (0.028) 0.021 0.024 0.028 0.028 
  10   (0.045) 0.062 0.037 0.045 0.044 
  11   (0.041) 0.042 0.067 0.039 0.040 
  12   (0.131) 0.135 0.137 0.133 0.133 
  13   (0.074) 0.062 0.117 0.073 0.073 
  14   (0.028) 0.045 0.022 0.026 0.026 
  15   (0.018) 0.010 0.019 0.018 0.018 
  16   (0.044) 0.032 0.035 0.045 0.046 
  17   (0.018) 0.018 0.014 0.017 0.017 
  18   (0.018) 0.010 0.017 0.019 0.018 
  19   (0.028) 0.015 0.023 0.030 0.028 
  20   (0.018) 0.010 0.016 0.019 0.018 
  21   (0.018) 0.010 0.014 0.019 0.018 
  22   (0.018) 0.010 0.015 0.018 0.019 
  23   (0.027) 0.015 0.022 0.028 0.029 

Locus 38 : locus38 
20 alleles
0.0% missing data
   1   (0.109) 0.089 0.145 0.108 0.112 
   2   (0.079) 0.090 0.067 0.080 0.080 
   3   (0.087) 0.104 0.076 0.090 0.087 
   4   (0.045) 0.044 0.040 0.044 0.044 
   5   (0.062) 0.056 0.073 0.061 0.062 
   6   (0.046) 0.063 0.042 0.044 0.044 
   7   (0.019) 0.016 0.016 0.018 0.018 
   8   (0.035) 0.036 0.029 0.034 0.035 
   9   (0.029) 0.046 0.023 0.027 0.027 
  10   (0.045) 0.041 0.048 0.044 0.044 
  11   (0.062) 0.091 0.083 0.058 0.060 
  12   (0.130) 0.134 0.138 0.134 0.131 
  13   (0.054) 0.041 0.048 0.056 0.055 
  14   (0.062) 0.044 0.062 0.065 0.064 
  15   (0.024) 0.033 0.019 0.022 0.022 
  16   (0.028) 0.025 0.023 0.029 0.028 
  17   (0.019) 0.011 0.015 0.020 0.019 
  18   (0.027) 0.015 0.022 0.028 0.028 
  19   (0.019) 0.010 0.016 0.019 0.019 
  20   (0.020) 0.011 0.016 0.019 0.020 

Locus 39 : locus39 
14 alleles
0.0% missing data
   1   (0.073) 0.089 0.089 0.070 0.071 
   2   (0.120) 0.127 0.104 0.122 0.122 
   3   (0.136) 0.127 0.117 0.143 0.137 
   4   (0.041) 0.053 0.033 0.040 0.040 
   5   (0.147) 0.144 0.180 0.148 0.147 
   6   (0.076) 0.084 0.086 0.073 0.075 
   7   (0.069) 0.073 0.069 0.070 0.068 
   8   (0.057) 0.037 0.047 0.058 0.060 
   9   (0.046) 0.045 0.046 0.045 0.045 
  10   (0.067) 0.081 0.054 0.067 0.066 
  11   (0.062) 0.065 0.054 0.062 0.062 
  12   (0.055) 0.039 0.082 0.053 0.055 
  13   (0.021) 0.021 0.016 0.020 0.020 
  14   (0.029) 0.016 0.023 0.028 0.031 

Locus 40 : locus40 
14 alleles
0.0% missing data
   1   (0.139) 0.141 0.142 0.141 0.139 
   2   (0.073) 0.111 0.059 0.071 0.072 
   3   (0.145) 0.157 0.124 0.151 0.145 
   4   (0.130) 0.109 0.142 0.131 0.132 
   5   (0.105) 0.127 0.085 0.103 0.107 
   6   (0.109) 0.081 0.161 0.109 0.110 
   7   (0.026) 0.031 0.023 0.025 0.025 
   8   (0.038) 0.037 0.032 0.037 0.038 
   9   (0.027) 0.031 0.022 0.025 0.026 
  10   (0.020) 0.016 0.016 0.019 0.019 
  11   (0.047) 0.040 0.046 0.046 0.047 
  12   (0.066) 0.046 0.076 0.070 0.066 
  13   (0.036) 0.041 0.031 0.034 0.035 
  14   (0.040) 0.032 0.041 0.038 0.040 

Locus 41 : locus41 
21 alleles
0.0% missing data
   1   (0.050) 0.055 0.040 0.050 0.050 
   2   (0.119) 0.152 0.127 0.118 0.119 
   3   (0.092) 0.080 0.130 0.091 0.092 
   4   (0.046) 0.027 0.040 0.050 0.047 
   5   (0.049) 0.051 0.056 0.048 0.049 
   6   (0.024) 0.028 0.024 0.023 0.023 
   7   (0.036) 0.025 0.054 0.035 0.035 
   8   (0.125) 0.149 0.105 0.128 0.126 
   9   (0.045) 0.064 0.036 0.042 0.044 
  10   (0.034) 0.058 0.029 0.032 0.032 
  11   (0.061) 0.049 0.059 0.064 0.062 
  12   (0.028) 0.045 0.023 0.026 0.027 
  13   (0.063) 0.055 0.071 0.065 0.063 
  14   (0.056) 0.039 0.050 0.057 0.057 
  15   (0.051) 0.056 0.041 0.050 0.051 
  16   (0.019) 0.010 0.015 0.019 0.019 
  17   (0.028) 0.016 0.043 0.028 0.028 
  18   (0.019) 0.010 0.015 0.019 0.019 
  19   (0.019) 0.010 0.015 0.018 0.019 
  20   (0.018) 0.010 0.015 0.018 0.019 
  21   (0.018) 0.010 0.014 0.018 0.018 

Locus 42 : locus42 
16 alleles
0.0% missing data
   1   (0.102) 0.112 0.096 0.100 0.103 
   2   (0.145) 0.177 0.120 0.147 0.146 
   3   (0.072) 0.072 0.085 0.069 0.071 
   4   (0.080) 0.076 0.074 0.081 0.081 
   5   (0.046) 0.048 0.038 0.044 0.046 
   6   (0.119) 0.136 0.178 0.115 0.117 
   7   (0.056) 0.050 0.064 0.054 0.056 
   8   (0.061) 0.084 0.049 0.062 0.060 
   9   (0.047) 0.026 0.060 0.048 0.047 
  10   (0.097) 0.116 0.085 0.099 0.096 
  11   (0.066) 0.036 0.061 0.071 0.068 
  12   (0.029) 0.024 0.026 0.029 0.029 
  13   (0.019) 0.011 0.017 0.020 0.019 
  14   (0.021) 0.011 0.017 0.021 0.021 
  15   (0.021) 0.011 0.016 0.020 0.021 
  16   (0.019) 0.010 0.015 0.019 0.020 

Locus 43 : locus43 
16 alleles
0.0% missing data
   1   (0.091) 0.081 0.099 0.091 0.092 
   2   (0.131) 0.175 0.121 0.130 0.129 
   3   (0.055) 0.051 0.044 0.053 0.056 
   4   (0.056) 0.072 0.049 0.055 0.056 
   5   (0.058) 0.068 0.048 0.058 0.057 
   6   (0.039) 0.027 0.036 0.040 0.039 
   7   (0.063) 0.080 0.053 0.064 0.062 
   8   (0.092) 0.097 0.108 0.092 0.092 
   9   (0.047) 0.042 0.038 0.049 0.047 
  10   (0.070) 0.078 0.056 0.070 0.070 
  11   (0.082) 0.075 0.066 0.084 0.084 
  12   (0.088) 0.064 0.136 0.087 0.089 
  13   (0.050) 0.048 0.084 0.047 0.049 
  14   (0.039) 0.021 0.034 0.042 0.039 
  15   (0.020) 0.011 0.015 0.019 0.020 
  16   (0.020) 0.011 0.015 0.019 0.020 

Locus 44 : locus44 
23 alleles
0.0% missing data
   1   (0.051) 0.106 0.043 0.047 0.048 
   2   (0.060) 0.082 0.058 0.058 0.059 
   3   (0.035) 0.030 0.029 0.035 0.036 
   4   (0.018) 0.011 0.014 0.018 0.018 
   5   (0.047) 0.041 0.039 0.048 0.047 
   6   (0.131) 0.141 0.189 0.131 0.130 
   7   (0.115) 0.158 0.100 0.114 0.116 
   8   (0.028) 0.045 0.022 0.026 0.027 
   9   (0.070) 0.054 0.082 0.071 0.072 
  10   (0.052) 0.038 0.077 0.052 0.051 
  11   (0.035) 0.039 0.028 0.033 0.034 
  12   (0.028) 0.022 0.023 0.028 0.028 
  13   (0.073) 0.082 0.068 0.075 0.072 
  14   (0.019) 0.012 0.019 0.019 0.019 
  15   (0.037) 0.029 0.029 0.038 0.037 
  16   (0.037) 0.020 0.032 0.038 0.038 
  17   (0.029) 0.016 0.026 0.031 0.029 
  18   (0.035) 0.019 0.028 0.038 0.036 
  19   (0.018) 0.010 0.015 0.019 0.019 
  20   (0.017) 0.009 0.026 0.017 0.017 
  21   (0.027) 0.015 0.023 0.028 0.029 
  22   (0.019) 0.010 0.015 0.018 0.019 
  23   (0.020) 0.011 0.016 0.019 0.020 

Locus 45 : locus45 
20 alleles
0.0% missing data
   1   (0.078) 0.133 0.079 0.075 0.076 
   2   (0.070) 0.088 0.057 0.070 0.070 
   3   (0.055) 0.042 0.052 0.057 0.055 
   4   (0.046) 0.035 0.053 0.046 0.047 
   5   (0.037) 0.026 0.032 0.039 0.038 
   6   (0.073) 0.045 0.081 0.078 0.074 
   7   (0.061) 0.058 0.082 0.059 0.060 
   8   (0.058) 0.082 0.046 0.057 0.058 
   9   (0.145) 0.146 0.137 0.150 0.146 
  10   (0.042) 0.046 0.037 0.042 0.041 
  11   (0.044) 0.045 0.048 0.044 0.043 
  12   (0.044) 0.064 0.035 0.043 0.043 
  13   (0.067) 0.043 0.109 0.068 0.067 
  14   (0.029) 0.046 0.023 0.027 0.027 
  15   (0.037) 0.031 0.039 0.038 0.037 
  16   (0.019) 0.018 0.015 0.018 0.018 
  17   (0.037) 0.020 0.029 0.037 0.039 
  18   (0.019) 0.010 0.015 0.018 0.020 
  19   (0.019) 0.010 0.015 0.018 0.019 
  20   (0.020) 0.011 0.016 0.019 0.020 

Locus 46 : locus46 
20 alleles
0.0% missing data
   1   (0.044) 0.043 0.037 0.045 0.044 
   2   (0.103) 0.175 0.091 0.101 0.101 
   3   (0.059) 0.061 0.050 0.059 0.060 
   4   (0.029) 0.017 0.024 0.030 0.029 
   5   (0.036) 0.031 0.029 0.036 0.036 
   6   (0.088) 0.115 0.113 0.085 0.086 
   7   (0.137) 0.125 0.165 0.139 0.139 
   8   (0.082) 0.089 0.071 0.082 0.084 
   9   (0.064) 0.075 0.070 0.064 0.062 
  10   (0.029) 0.021 0.036 0.028 0.029 
  11   (0.080) 0.072 0.080 0.082 0.080 
  12   (0.019) 0.012 0.019 0.019 0.019 
  13   (0.054) 0.049 0.064 0.055 0.053 
  14   (0.036) 0.020 0.036 0.037 0.036 
  15   (0.019) 0.020 0.015 0.017 0.018 
  16   (0.020) 0.019 0.016 0.019 0.019 
  17   (0.019) 0.010 0.017 0.019 0.018 
  18   (0.045) 0.025 0.036 0.046 0.048 
  19   (0.018) 0.010 0.014 0.018 0.019 
  20   (0.020) 0.011 0.016 0.020 0.020 

Locus 47 : locus47 
21 alleles
0.0% missing data
   1   (0.081) 0.127 0.074 0.078 0.080 
   2   (0.141) 0.154 0.185 0.140 0.141 
   3   (0.091) 0.061 0.076 0.095 0.095 
   4   (0.057) 0.047 0.098 0.056 0.056 
   5   (0.038) 0.048 0.032 0.037 0.038 
   6   (0.032) 0.037 0.026 0.031 0.032 
   7   (0.077) 0.071 0.064 0.081 0.078 
   8   (0.019) 0.016 0.015 0.018 0.018 
   9   (0.049) 0.050 0.040 0.049 0.050 
  10   (0.034) 0.038 0.027 0.033 0.034 
  11   (0.037) 0.031 0.055 0.036 0.036 
  12   (0.085) 0.087 0.078 0.087 0.085 
  13   (0.018) 0.016 0.015 0.017 0.017 
  14   (0.061) 0.055 0.057 0.063 0.062 
  15   (0.038) 0.030 0.031 0.040 0.038 
  16   (0.033) 0.057 0.026 0.031 0.031 
  17   (0.034) 0.036 0.042 0.033 0.033 
  18   (0.018) 0.010 0.016 0.019 0.018 
  19   (0.017) 0.010 0.014 0.017 0.018 
  20   (0.019) 0.010 0.015 0.018 0.020 
  21   (0.020) 0.011 0.016 0.019 0.020 

Locus 48 : locus48 
21 alleles
0.0% missing data
   1   (0.034) 0.039 0.028 0.034 0.033 
   2   (0.045) 0.061 0.039 0.044 0.044 
   3   (0.028) 0.025 0.022 0.027 0.028 
   4   (0.053) 0.032 0.048 0.056 0.056 
   5   (0.027) 0.017 0.034 0.027 0.027 
   6   (0.141) 0.159 0.157 0.143 0.141 
   7   (0.109) 0.083 0.156 0.112 0.111 
   8   (0.072) 0.085 0.084 0.069 0.072 
   9   (0.054) 0.069 0.043 0.055 0.053 
  10   (0.018) 0.015 0.015 0.017 0.018 
  11   (0.089) 0.096 0.074 0.090 0.091 
  12   (0.038) 0.051 0.030 0.037 0.038 
  13   (0.028) 0.025 0.041 0.026 0.026 
  14   (0.034) 0.039 0.027 0.034 0.033 
  15   (0.029) 0.026 0.033 0.028 0.029 
  16   (0.024) 0.033 0.019 0.022 0.022 
  17   (0.034) 0.018 0.034 0.036 0.035 
  18   (0.070) 0.087 0.056 0.070 0.070 
  19   (0.027) 0.015 0.024 0.029 0.028 
  20   (0.028) 0.015 0.022 0.028 0.029 
  21   (0.018) 0.010 0.015 0.018 0.018 

Locus 49 : locus49 
18 alleles
0.0% missing data
   1   (0.088) 0.105 0.091 0.085 0.088 
   2   (0.096) 0.116 0.083 0.095 0.097 
   3   (0.087) 0.081 0.079 0.091 0.088 
   4   (0.035) 0.041 0.028 0.034 0.034 
   5   (0.020) 0.016 0.018 0.019 0.019 
   6   (0.070) 0.091 0.058 0.070 0.070 
   7   (0.094) 0.091 0.106 0.093 0.095 
   8   (0.043) 0.081 0.035 0.041 0.042 
   9   (0.034) 0.038 0.030 0.033 0.033 
  10   (0.116) 0.099 0.150 0.116 0.116 
  11   (0.029) 0.016 0.045 0.029 0.028 
  12   (0.057) 0.072 0.048 0.057 0.056 
  13   (0.035) 0.037 0.044 0.033 0.033 
  14   (0.074) 0.051 0.067 0.079 0.076 
  15   (0.046) 0.026 0.059 0.048 0.047 
  16   (0.028) 0.015 0.023 0.030 0.029 
  17   (0.028) 0.015 0.022 0.028 0.029 
  18   (0.020) 0.011 0.015 0.020 0.020 

Locus 50 : locus50 
18 alleles
0.0% missing data
   1   (0.133) 0.212 0.115 0.129 0.131 
   2   (0.031) 0.026 0.025 0.030 0.031 
   3   (0.029) 0.017 0.024 0.029 0.031 
   4   (0.031) 0.022 0.027 0.031 0.031 
   5   (0.062) 0.045 0.097 0.061 0.062 
   6   (0.105) 0.184 0.085 0.101 0.103 
   7   (0.083) 0.100 0.089 0.081 0.082 
   8   (0.070) 0.096 0.056 0.069 0.068 
   9   (0.045) 0.041 0.070 0.043 0.043 
  10   (0.049) 0.027 0.049 0.051 0.051 
  11   (0.073) 0.041 0.088 0.078 0.074 
  12   (0.058) 0.041 0.050 0.061 0.059 
  13   (0.041) 0.032 0.032 0.041 0.041 
  14   (0.036) 0.020 0.065 0.036 0.035 
  15   (0.049) 0.027 0.046 0.051 0.050 
  16   (0.048) 0.036 0.038 0.049 0.049 
  17   (0.039) 0.021 0.031 0.041 0.039 
  18   (0.019) 0.010 0.015 0.018 0.019 

Locus 51 : locus51 
18 alleles
0.0% missing data
   1   (0.065) 0.096 0.073 0.063 0.063 
   2   (0.042) 0.053 0.034 0.041 0.041 
   3   (0.071) 0.124 0.067 0.067 0.069 
   4   (0.125) 0.107 0.132 0.128 0.127 
   5   (0.050) 0.059 0.042 0.049 0.050 
   6   (0.100) 0.068 0.107 0.106 0.103 
   7   (0.075) 0.047 0.077 0.077 0.078 
   8   (0.054) 0.044 0.052 0.056 0.054 
   9   (0.053) 0.054 0.043 0.054 0.053 
  10   (0.092) 0.096 0.101 0.091 0.093 
  11   (0.039) 0.051 0.034 0.038 0.038 
  12   (0.044) 0.039 0.060 0.042 0.043 
  13   (0.027) 0.025 0.022 0.027 0.027 
  14   (0.036) 0.040 0.028 0.034 0.035 
  15   (0.050) 0.056 0.052 0.048 0.049 
  16   (0.038) 0.021 0.045 0.039 0.038 
  17   (0.019) 0.011 0.016 0.019 0.020 
  18   (0.019) 0.010 0.015 0.018 0.020 

Locus 52 : locus52 
17 alleles
0.0% missing data
   1   (0.039) 0.031 0.041 0.038 0.038 
   2   (0.124) 0.104 0.157 0.123 0.126 
   3   (0.175) 0.165 0.191 0.179 0.176 
   4   (0.039) 0.051 0.031 0.038 0.039 
   5   (0.038) 0.022 0.031 0.040 0.040 
   6   (0.059) 0.070 0.048 0.059 0.058 
   7   (0.158) 0.169 0.163 0.161 0.159 
   8   (0.121) 0.140 0.108 0.123 0.122 
   9   (0.024) 0.033 0.019 0.023 0.023 
  10   (0.019) 0.016 0.015 0.019 0.019 
  11   (0.029) 0.046 0.023 0.027 0.027 
  12   (0.060) 0.081 0.067 0.058 0.058 
  13   (0.020) 0.020 0.016 0.019 0.019 
  14   (0.028) 0.016 0.024 0.030 0.028 
  15   (0.019) 0.010 0.015 0.019 0.019 
  16   (0.019) 0.010 0.027 0.018 0.019 
  17   (0.028) 0.015 0.022 0.028 0.029 

Locus 53 : locus53 
17 alleles
0.0% missing data
   1   (0.104) 0.120 0.105 0.103 0.105 
   2   (0.050) 0.057 0.040 0.051 0.049 
   3   (0.070) 0.090 0.059 0.069 0.069 
   4   (0.099) 0.113 0.093 0.098 0.100 
   5   (0.028) 0.017 0.025 0.029 0.029 
   6   (0.070) 0.064 0.063 0.072 0.071 
   7   (0.079) 0.070 0.082 0.081 0.080 
   8   (0.063) 0.082 0.064 0.062 0.062 
   9   (0.079) 0.076 0.105 0.077 0.078 
  10   (0.060) 0.055 0.088 0.060 0.059 
  11   (0.034) 0.038 0.032 0.033 0.033 
  12   (0.055) 0.049 0.059 0.054 0.055 
  13   (0.019) 0.017 0.016 0.018 0.019 
  14   (0.059) 0.063 0.051 0.059 0.059 
  15   (0.073) 0.058 0.073 0.076 0.074 
  16   (0.019) 0.010 0.015 0.019 0.019 
  17   (0.037) 0.021 0.030 0.039 0.039 

Locus 54 : locus54 
15 alleles
0.0% missing data
   1   (0.114) 0.106 0.123 0.115 0.115 
   2   (0.051) 0.057 0.041 0.051 0.051 
   3   (0.116) 0.131 0.117 0.117 0.116 
   4   (0.093) 0.121 0.086 0.091 0.093 
   5   (0.047) 0.065 0.038 0.045 0.046 
   6   (0.065) 0.047 0.078 0.068 0.065 
   7   (0.072) 0.067 0.076 0.072 0.072 
   8   (0.056) 0.047 0.047 0.058 0.057 
   9   (0.119) 0.149 0.121 0.118 0.118 
  10   (0.030) 0.026 0.043 0.028 0.028 
  11   (0.065) 0.045 0.066 0.066 0.067 
  12   (0.030) 0.027 0.024 0.030 0.030 
  13   (0.058) 0.048 0.068 0.056 0.058 
  14   (0.046) 0.045 0.036 0.045 0.046 
  15   (0.037) 0.021 0.035 0.040 0.038 

Locus 55 : locus55 
17 alleles
0.0% missing data
   1   (0.046) 0.065 0.042 0.044 0.045 
   2   (0.044) 0.043 0.055 0.044 0.043 
   3   (0.080) 0.081 0.083 0.081 0.080 
   4   (0.073) 0.090 0.071 0.071 0.073 
   5   (0.088) 0.127 0.071 0.085 0.088 
   6   (0.095) 0.100 0.089 0.093 0.096 
   7   (0.086) 0.103 0.105 0.085 0.085 
   8   (0.068) 0.095 0.078 0.066 0.066 
   9   (0.048) 0.035 0.038 0.049 0.049 
  10   (0.081) 0.063 0.097 0.082 0.083 
  11   (0.030) 0.026 0.024 0.030 0.030 
  12   (0.103) 0.068 0.109 0.109 0.105 
  13   (0.035) 0.039 0.028 0.034 0.034 
  14   (0.028) 0.015 0.029 0.029 0.028 
  15   (0.046) 0.026 0.042 0.050 0.048 
  16   (0.028) 0.015 0.022 0.029 0.029 
  17   (0.020) 0.011 0.016 0.021 0.020 

Locus 56 : locus56 
17 alleles
0.0% missing data
   1   (0.122) 0.120 0.125 0.124 0.123 
   2   (0.070) 0.084 0.085 0.069 0.069 
   3   (0.087) 0.107 0.072 0.086 0.088 
   4   (0.067) 0.075 0.060 0.067 0.067 
   5   (0.049) 0.076 0.040 0.047 0.048 
   6   (0.101) 0.069 0.131 0.102 0.103 
   7   (0.039) 0.051 0.034 0.038 0.038 
   8   (0.056) 0.036 0.047 0.061 0.057 
   9   (0.051) 0.058 0.062 0.049 0.049 
  10   (0.019) 0.020 0.015 0.018 0.018 
  11   (0.093) 0.098 0.076 0.094 0.094 
  12   (0.049) 0.059 0.042 0.048 0.048 
  13   (0.092) 0.069 0.098 0.096 0.093 
  14   (0.037) 0.031 0.042 0.036 0.037 
  15   (0.019) 0.011 0.020 0.019 0.019 
  16   (0.020) 0.020 0.016 0.018 0.019 
  17   (0.028) 0.016 0.035 0.028 0.029 

Locus 57 : locus57 
16 alleles
0.0% missing data
   1   (0.095) 0.122 0.096 0.094 0.093 
   2   (0.020) 0.020 0.016 0.018 0.019 
   3   (0.150) 0.180 0.148 0.150 0.150 
   4   (0.069) 0.070 0.057 0.071 0.069 
   5   (0.092) 0.101 0.100 0.090 0.093 
   6   (0.117) 0.102 0.125 0.119 0.119 
   7   (0.062) 0.057 0.078 0.061 0.062 
   8   (0.083) 0.061 0.086 0.085 0.085 
   9   (0.034) 0.038 0.027 0.034 0.033 
  10   (0.056) 0.070 0.045 0.054 0.056 
  11   (0.055) 0.049 0.058 0.054 0.055 
  12   (0.079) 0.072 0.092 0.080 0.079 
  13   (0.029) 0.025 0.024 0.029 0.029 
  14   (0.020) 0.011 0.017 0.020 0.019 
  15   (0.020) 0.011 0.017 0.020 0.020 
  16   (0.019) 0.010 0.015 0.019 0.019 

Locus 58 : locus58 
18 alleles
0.0% missing data
   1   (0.112) 0.130 0.106 0.113 0.111 
   2   (0.095) 0.081 0.122 0.096 0.096 
   3   (0.019) 0.020 0.015 0.018 0.018 
   4   (0.148) 0.160 0.148 0.152 0.148 
   5   (0.041) 0.050 0.036 0.040 0.041 
   6   (0.131) 0.132 0.163 0.130 0.132 
   7   (0.070) 0.088 0.062 0.070 0.069 
   8   (0.030) 0.022 0.035 0.029 0.029 
   9   (0.024) 0.033 0.019 0.023 0.023 
  10   (0.037) 0.026 0.029 0.038 0.038 
  11   (0.098) 0.113 0.080 0.097 0.099 
  12   (0.053) 0.049 0.046 0.054 0.054 
  13   (0.036) 0.039 0.041 0.034 0.035 
  14   (0.029) 0.016 0.023 0.030 0.029 
  15   (0.019) 0.010 0.017 0.020 0.019 
  16   (0.019) 0.011 0.015 0.020 0.019 
  17   (0.020) 0.011 0.028 0.019 0.019 
  18   (0.019) 0.010 0.015 0.019 0.020 

Locus 59 : locus59 
20 alleles
0.0% missing data
   1   (0.048) 0.056 0.041 0.048 0.047 
   2   (0.049) 0.055 0.040 0.050 0.048 
   3   (0.090) 0.091 0.083 0.092 0.092 
   4   (0.069) 0.064 0.070 0.070 0.070 
   5   (0.065) 0.068 0.071 0.064 0.065 
   6   (0.087) 0.077 0.086 0.088 0.088 
   7   (0.043) 0.040 0.037 0.043 0.044 
   8   (0.064) 0.092 0.052 0.063 0.063 
   9   (0.060) 0.079 0.052 0.059 0.060 
  10   (0.033) 0.038 0.046 0.031 0.031 
  11   (0.052) 0.039 0.074 0.051 0.053 
  12   (0.044) 0.043 0.056 0.042 0.043 
  13   (0.023) 0.032 0.018 0.021 0.022 
  14   (0.018) 0.019 0.014 0.017 0.017 
  15   (0.025) 0.031 0.021 0.024 0.024 
  16   (0.044) 0.034 0.058 0.044 0.044 
  17   (0.038) 0.051 0.033 0.038 0.037 
  18   (0.039) 0.031 0.037 0.039 0.039 
  19   (0.079) 0.044 0.088 0.088 0.081 
  20   (0.029) 0.016 0.023 0.029 0.030 

Locus 60 : locus60 
16 alleles
0.0% missing data
   1   (0.086) 0.085 0.070 0.087 0.088 
   2   (0.143) 0.178 0.141 0.143 0.141 
   3   (0.083) 0.114 0.084 0.080 0.081 
   4   (0.020) 0.012 0.016 0.019 0.020 
   5   (0.083) 0.071 0.089 0.084 0.084 
   6   (0.046) 0.031 0.052 0.048 0.047 
   7   (0.031) 0.044 0.026 0.029 0.030 
   8   (0.021) 0.020 0.016 0.019 0.019 
   9   (0.050) 0.058 0.053 0.050 0.049 
  10   (0.072) 0.075 0.059 0.072 0.072 
  11   (0.052) 0.028 0.096 0.050 0.052 
  12   (0.108) 0.098 0.109 0.109 0.110 
  13   (0.077) 0.082 0.069 0.078 0.077 
  14   (0.062) 0.061 0.055 0.064 0.062 
  15   (0.047) 0.032 0.051 0.047 0.048 
  16   (0.020) 0.011 0.016 0.020 0.020 

Locus 61 : locus61 
22 alleles
0.0% missing data
   1   (0.075) 0.091 0.086 0.074 0.075 
   2   (0.048) 0.076 0.038 0.046 0.046 
   3   (0.018) 0.019 0.015 0.017 0.017 
   4   (0.018) 0.019 0.015 0.017 0.017 
   5   (0.052) 0.040 0.058 0.053 0.053 
   6   (0.029) 0.026 0.026 0.027 0.028 
   7   (0.053) 0.044 0.070 0.053 0.052 
   8   (0.192) 0.211 0.166 0.194 0.198 
   9   (0.034) 0.036 0.027 0.033 0.033 
  10   (0.040) 0.048 0.032 0.039 0.039 
  11   (0.074) 0.104 0.113 0.071 0.072 
  12   (0.019) 0.011 0.034 0.018 0.018 
  13   (0.094) 0.085 0.090 0.096 0.097 
  14   (0.027) 0.025 0.028 0.026 0.026 
  15   (0.044) 0.024 0.052 0.046 0.045 
  16   (0.054) 0.069 0.045 0.054 0.052 
  17   (0.018) 0.010 0.015 0.019 0.018 
  18   (0.028) 0.015 0.022 0.028 0.028 
  19   (0.018) 0.010 0.016 0.019 0.018 
  20   (0.029) 0.016 0.024 0.031 0.029 
  21   (0.018) 0.010 0.015 0.019 0.018 
  22   (0.019) 0.010 0.015 0.019 0.020 

Locus 62 : locus62 
17 alleles
0.0% missing data
   1   (0.048) 0.036 0.103 0.045 0.047 
   2   (0.052) 0.090 0.042 0.051 0.051 
   3   (0.060) 0.061 0.052 0.063 0.060 
   4   (0.109) 0.112 0.137 0.107 0.109 
   5   (0.107) 0.120 0.118 0.106 0.107 
   6   (0.020) 0.012 0.016 0.020 0.020 
   7   (0.057) 0.047 0.052 0.059 0.057 
   8   (0.048) 0.063 0.039 0.047 0.047 
   9   (0.153) 0.157 0.145 0.153 0.157 
  10   (0.065) 0.045 0.054 0.069 0.067 
  11   (0.019) 0.020 0.015 0.018 0.018 
  12   (0.055) 0.050 0.050 0.056 0.055 
  13   (0.055) 0.047 0.045 0.055 0.057 
  14   (0.061) 0.084 0.061 0.059 0.060 
  15   (0.049) 0.035 0.039 0.051 0.050 
  16   (0.020) 0.011 0.016 0.020 0.020 
  17   (0.020) 0.011 0.016 0.021 0.020 

Locus 63 : locus63 
25 alleles
0.0% missing data
   1   (0.077) 0.102 0.067 0.078 0.078 
   2   (0.035) 0.029 0.028 0.036 0.035 
   3   (0.018) 0.019 0.014 0.017 0.017 
   4   (0.049) 0.053 0.059 0.047 0.048 
   5   (0.026) 0.025 0.024 0.025 0.026 
   6   (0.077) 0.084 0.079 0.078 0.078 
   7   (0.078) 0.077 0.111 0.078 0.077 
   8   (0.063) 0.067 0.064 0.064 0.063 
   9   (0.024) 0.030 0.020 0.023 0.023 
  10   (0.023) 0.030 0.018 0.022 0.022 
  11   (0.024) 0.029 0.019 0.023 0.023 
  12   (0.116) 0.131 0.096 0.119 0.118 
  13   (0.038) 0.050 0.030 0.037 0.037 
  14   (0.057) 0.060 0.071 0.055 0.056 
  15   (0.034) 0.031 0.032 0.035 0.034 
  16   (0.032) 0.038 0.038 0.030 0.031 
  17   (0.018) 0.010 0.019 0.017 0.018 
  18   (0.050) 0.027 0.058 0.051 0.054 
  19   (0.022) 0.031 0.018 0.021 0.021 
  20   (0.034) 0.019 0.029 0.037 0.035 
  21   (0.025) 0.014 0.022 0.027 0.026 
  22   (0.018) 0.010 0.015 0.019 0.019 
  23   (0.026) 0.014 0.042 0.025 0.025 
  24   (0.018) 0.010 0.014 0.018 0.018 
  25   (0.018) 0.010 0.014 0.018 0.018 

Locus 64 : locus64 
17 alleles
0.0% missing data
   1   (0.173) 0.188 0.171 0.171 0.178 
   2   (0.044) 0.066 0.036 0.043 0.043 
   3   (0.038) 0.030 0.030 0.038 0.039 
   4   (0.073) 0.077 0.107 0.070 0.072 
   5   (0.019) 0.012 0.016 0.019 0.019 
   6   (0.054) 0.035 0.055 0.058 0.055 
   7   (0.080) 0.097 0.095 0.077 0.078 
   8   (0.137) 0.142 0.151 0.138 0.138 
   9   (0.098) 0.084 0.081 0.102 0.101 
  10   (0.057) 0.070 0.047 0.058 0.056 
  11   (0.067) 0.073 0.078 0.066 0.066 
  12   (0.024) 0.033 0.019 0.023 0.023 
  13   (0.028) 0.027 0.025 0.027 0.027 
  14   (0.049) 0.034 0.040 0.051 0.049 
  15   (0.018) 0.010 0.016 0.019 0.018 
  16   (0.019) 0.010 0.016 0.020 0.019 
  17   (0.019) 0.010 0.015 0.020 0.019 

Locus 65 : locus65 
16 alleles
0.0% missing data
   1   (0.081) 0.114 0.101 0.077 0.079 
   2   (0.064) 0.064 0.054 0.063 0.065 
   3   (0.090) 0.085 0.098 0.091 0.090 
   4   (0.119) 0.129 0.097 0.123 0.120 
   5   (0.065) 0.053 0.087 0.063 0.065 
   6   (0.057) 0.070 0.046 0.056 0.056 
   7   (0.044) 0.080 0.036 0.042 0.042 
   8   (0.112) 0.136 0.113 0.110 0.113 
   9   (0.063) 0.060 0.051 0.063 0.064 
  10   (0.048) 0.045 0.039 0.048 0.047 
  11   (0.045) 0.034 0.070 0.045 0.045 
  12   (0.076) 0.053 0.081 0.079 0.077 
  13   (0.020) 0.012 0.019 0.019 0.019 
  14   (0.049) 0.027 0.054 0.052 0.050 
  15   (0.038) 0.021 0.031 0.041 0.039 
  16   (0.029) 0.016 0.023 0.029 0.030 

Locus 66 : locus66 
22 alleles
0.0% missing data
   1   (0.028) 0.045 0.024 0.026 0.026 
   2   (0.072) 0.118 0.058 0.071 0.070 
   3   (0.097) 0.103 0.105 0.098 0.098 
   4   (0.027) 0.026 0.021 0.026 0.026 
   5   (0.045) 0.032 0.057 0.045 0.046 
   6   (0.040) 0.048 0.043 0.038 0.038 
   7   (0.054) 0.039 0.056 0.056 0.055 
   8   (0.026) 0.020 0.021 0.027 0.026 
   9   (0.023) 0.033 0.019 0.022 0.022 
  10   (0.063) 0.063 0.106 0.061 0.061 
  11   (0.054) 0.039 0.068 0.055 0.054 
  12   (0.024) 0.033 0.019 0.022 0.023 
  13   (0.039) 0.051 0.031 0.039 0.038 
  14   (0.059) 0.060 0.049 0.060 0.059 
  15   (0.027) 0.021 0.022 0.027 0.027 
  16   (0.045) 0.055 0.051 0.044 0.044 
  17   (0.044) 0.038 0.042 0.044 0.044 
  18   (0.063) 0.073 0.054 0.062 0.064 
  19   (0.082) 0.055 0.081 0.086 0.086 
  20   (0.027) 0.015 0.022 0.028 0.028 
  21   (0.027) 0.015 0.023 0.029 0.027 
  22   (0.034) 0.019 0.028 0.034 0.037 

Locus 67 : locus67 
19 alleles
0.0% missing data
   1   (0.124) 0.130 0.117 0.126 0.126 
   2   (0.072) 0.050 0.068 0.076 0.075 
   3   (0.024) 0.032 0.019 0.022 0.023 
   4   (0.074) 0.084 0.075 0.072 0.075 
   5   (0.053) 0.050 0.048 0.054 0.054 
   6   (0.133) 0.177 0.131 0.134 0.132 
   7   (0.038) 0.030 0.030 0.039 0.039 
   8   (0.063) 0.047 0.054 0.066 0.065 
   9   (0.070) 0.073 0.117 0.066 0.068 
  10   (0.036) 0.032 0.034 0.037 0.036 
  11   (0.030) 0.057 0.024 0.028 0.029 
  12   (0.028) 0.022 0.024 0.028 0.028 
  13   (0.045) 0.043 0.052 0.044 0.044 
  14   (0.103) 0.099 0.111 0.105 0.104 
  15   (0.029) 0.026 0.035 0.027 0.027 
  16   (0.019) 0.018 0.015 0.018 0.018 
  17   (0.020) 0.011 0.016 0.021 0.020 
  18   (0.018) 0.010 0.015 0.018 0.019 
  19   (0.019) 0.010 0.015 0.018 0.019 

Locus 68 : locus68 
19 alleles
0.0% missing data
   1   (0.019) 0.020 0.016 0.018 0.018 
   2   (0.054) 0.069 0.044 0.054 0.054 
   3   (0.044) 0.044 0.035 0.044 0.044 
   4   (0.087) 0.105 0.088 0.085 0.087 
   5   (0.105) 0.094 0.103 0.106 0.107 
   6   (0.051) 0.052 0.044 0.050 0.052 
   7   (0.129) 0.107 0.164 0.134 0.130 
   8   (0.109) 0.116 0.107 0.109 0.111 
   9   (0.050) 0.057 0.040 0.049 0.050 
  10   (0.032) 0.056 0.026 0.030 0.031 
  11   (0.087) 0.072 0.128 0.086 0.088 
  12   (0.038) 0.031 0.030 0.038 0.038 
  13   (0.038) 0.068 0.033 0.036 0.037 
  14   (0.034) 0.035 0.029 0.034 0.033 
  15   (0.028) 0.015 0.034 0.029 0.028 
  16   (0.021) 0.019 0.016 0.020 0.020 
  17   (0.028) 0.015 0.024 0.029 0.028 
  18   (0.019) 0.011 0.015 0.020 0.019 
  19   (0.027) 0.015 0.023 0.029 0.027 

Locus 69 : locus69 
21 alleles
0.0% missing data
   1   (0.171) 0.205 0.151 0.173 0.173 
   2   (0.017) 0.019 0.014 0.016 0.016 
   3   (0.048) 0.074 0.038 0.046 0.046 
   4   (0.075) 0.081 0.072 0.073 0.075 
   5   (0.115) 0.145 0.158 0.112 0.114 
   6   (0.059) 0.048 0.084 0.059 0.059 
   7   (0.033) 0.037 0.026 0.033 0.032 
   8   (0.045) 0.040 0.036 0.044 0.046 
   9   (0.042) 0.039 0.068 0.041 0.041 
  10   (0.028) 0.025 0.023 0.027 0.029 
  11   (0.047) 0.036 0.038 0.049 0.048 
  12   (0.032) 0.047 0.025 0.030 0.030 
  13   (0.037) 0.027 0.043 0.037 0.037 
  14   (0.047) 0.036 0.049 0.048 0.048 
  15   (0.045) 0.025 0.046 0.048 0.047 
  16   (0.049) 0.056 0.041 0.050 0.048 
  17   (0.028) 0.016 0.022 0.030 0.029 
  18   (0.026) 0.014 0.023 0.028 0.026 
  19   (0.018) 0.010 0.014 0.019 0.018 
  20   (0.019) 0.010 0.015 0.018 0.019 
  21   (0.018) 0.010 0.014 0.018 0.018 

Locus 70 : locus70 
17 alleles
0.0% missing data
   1   (0.065) 0.073 0.095 0.063 0.063 
   2   (0.030) 0.026 0.024 0.029 0.029 
   3   (0.029) 0.046 0.023 0.027 0.027 
   4   (0.130) 0.152 0.128 0.130 0.130 
   5   (0.159) 0.162 0.178 0.161 0.160 
   6   (0.038) 0.022 0.033 0.041 0.039 
   7   (0.048) 0.061 0.040 0.047 0.047 
   8   (0.125) 0.134 0.109 0.126 0.128 
   9   (0.068) 0.073 0.055 0.065 0.069 
  10   (0.084) 0.080 0.115 0.082 0.084 
  11   (0.036) 0.039 0.029 0.036 0.036 
  12   (0.018) 0.020 0.014 0.017 0.017 
  13   (0.056) 0.049 0.046 0.058 0.056 
  14   (0.046) 0.025 0.046 0.049 0.047 
  15   (0.029) 0.016 0.035 0.029 0.029 
  16   (0.019) 0.010 0.015 0.020 0.019 
  17   (0.020) 0.011 0.016 0.021 0.020 

Locus 71 : locus71 
13 alleles
0.0% missing data
   1   (0.184) 0.188 0.171 0.186 0.187 
   2   (0.031) 0.026 0.045 0.029 0.029 
   3   (0.090) 0.092 0.076 0.090 0.090 
   4   (0.058) 0.053 0.046 0.058 0.058 
   5   (0.110) 0.143 0.130 0.107 0.108 
   6   (0.073) 0.066 0.073 0.074 0.073 
   7   (0.076) 0.058 0.064 0.080 0.078 
   8   (0.038) 0.037 0.033 0.037 0.037 
   9   (0.105) 0.146 0.126 0.101 0.103 
  10   (0.107) 0.113 0.120 0.105 0.106 
  11   (0.069) 0.045 0.064 0.071 0.070 
  12   (0.038) 0.021 0.034 0.041 0.039 
  13   (0.021) 0.011 0.016 0.021 0.021 

Locus 72 : locus72 
15 alleles
0.0% missing data
   1   (0.172) 0.150 0.195 0.178 0.173 
   2   (0.068) 0.076 0.070 0.068 0.067 
   3   (0.043) 0.050 0.035 0.041 0.042 
   4   (0.128) 0.112 0.142 0.130 0.129 
   5   (0.068) 0.110 0.054 0.065 0.067 
   6   (0.161) 0.170 0.136 0.162 0.164 
   7   (0.083) 0.099 0.069 0.082 0.084 
   8   (0.019) 0.020 0.015 0.018 0.018 
   9   (0.047) 0.037 0.064 0.046 0.046 
  10   (0.041) 0.053 0.052 0.038 0.039 
  11   (0.029) 0.025 0.024 0.029 0.029 
  12   (0.044) 0.046 0.052 0.043 0.043 
  13   (0.048) 0.027 0.053 0.050 0.049 
  14   (0.030) 0.016 0.024 0.031 0.031 
  15   (0.019) 0.010 0.015 0.019 0.020 

Locus 73 : locus73 
17 alleles
0.0% missing data
   1   (0.083) 0.072 0.069 0.085 0.085 
   2   (0.082) 0.091 0.102 0.081 0.080 
   3   (0.075) 0.119 0.063 0.072 0.073 
   4   (0.065) 0.056 0.052 0.065 0.066 
   5   (0.158) 0.145 0.163 0.162 0.161 
   6   (0.040) 0.052 0.037 0.039 0.039 
   7   (0.067) 0.074 0.079 0.066 0.066 
   8   (0.085) 0.090 0.068 0.086 0.086 
   9   (0.048) 0.056 0.072 0.045 0.046 
  10   (0.028) 0.023 0.046 0.026 0.027 
  11   (0.054) 0.038 0.044 0.058 0.055 
  12   (0.051) 0.056 0.041 0.050 0.051 
  13   (0.062) 0.052 0.067 0.064 0.062 
  14   (0.036) 0.039 0.028 0.034 0.035 
  15   (0.028) 0.015 0.027 0.029 0.029 
  16   (0.019) 0.011 0.028 0.018 0.019 
  17   (0.019) 0.010 0.015 0.019 0.019 

Locus 74 : locus74 
16 alleles
0.0% missing data
   1   (0.163) 0.148 0.162 0.168 0.165 
   2   (0.053) 0.058 0.047 0.052 0.052 
   3   (0.098) 0.119 0.102 0.095 0.097 
   4   (0.067) 0.099 0.053 0.066 0.065 
   5   (0.039) 0.022 0.044 0.038 0.040 
   6   (0.089) 0.086 0.108 0.089 0.088 
   7   (0.057) 0.119 0.047 0.053 0.054 
   8   (0.069) 0.076 0.056 0.069 0.069 
   9   (0.065) 0.061 0.052 0.064 0.066 
  10   (0.038) 0.021 0.050 0.038 0.039 
  11   (0.053) 0.059 0.043 0.054 0.052 
  12   (0.093) 0.069 0.125 0.095 0.093 
  13   (0.021) 0.011 0.016 0.021 0.021 
  14   (0.020) 0.011 0.016 0.021 0.020 
  15   (0.047) 0.026 0.053 0.049 0.048 
  16   (0.029) 0.016 0.024 0.030 0.030 

Locus 75 : locus75 
14 alleles
0.0% missing data
   1   (0.208) 0.251 0.210 0.210 0.207 
   2   (0.111) 0.103 0.090 0.114 0.114 
   3   (0.038) 0.053 0.030 0.036 0.037 
   4   (0.047) 0.042 0.039 0.045 0.047 
   5   (0.098) 0.097 0.105 0.098 0.098 
   6   (0.160) 0.106 0.192 0.166 0.165 
   7   (0.020) 0.020 0.016 0.019 0.019 
   8   (0.069) 0.076 0.059 0.069 0.069 
   9   (0.027) 0.034 0.021 0.025 0.025 
  10   (0.053) 0.048 0.071 0.053 0.052 
  11   (0.065) 0.085 0.052 0.062 0.064 
  12   (0.046) 0.043 0.046 0.046 0.045 
  13   (0.038) 0.031 0.053 0.038 0.037 
  14   (0.020) 0.011 0.016 0.020 0.020 

Locus 76 : locus76 
9 alleles
0.0% missing data
   1   (0.153) 0.187 0.151 0.152 0.150 
   2   (0.175) 0.199 0.181 0.173 0.174 
   3   (0.144) 0.133 0.152 0.144 0.145 
   4   (0.124) 0.142 0.119 0.122 0.124 
   5   (0.097) 0.086 0.115 0.094 0.097 
   6   (0.099) 0.105 0.107 0.098 0.097 
   7   (0.097) 0.089 0.083 0.099 0.098 
   8   (0.070) 0.038 0.060 0.074 0.073 
   9   (0.041) 0.022 0.033 0.043 0.042 

Locus 77 : locus77 
20 alleles
0.0% missing data
   1   (0.068) 0.090 0.055 0.066 0.068 
   2   (0.101) 0.099 0.101 0.105 0.102 
   3   (0.060) 0.082 0.052 0.059 0.059 
   4   (0.034) 0.038 0.039 0.032 0.032 
   5   (0.042) 0.043 0.034 0.042 0.043 
   6   (0.055) 0.038 0.057 0.056 0.056 
   7   (0.066) 0.084 0.094 0.063 0.064 
   8   (0.096) 0.091 0.141 0.096 0.096 
   9   (0.045) 0.044 0.041 0.045 0.045 
  10   (0.085) 0.085 0.069 0.087 0.086 
  11   (0.046) 0.041 0.037 0.047 0.046 
  12   (0.069) 0.089 0.077 0.068 0.068 
  13   (0.025) 0.033 0.020 0.023 0.024 
  14   (0.034) 0.037 0.037 0.033 0.033 
  15   (0.080) 0.054 0.072 0.084 0.084 
  16   (0.019) 0.010 0.015 0.020 0.019 
  17   (0.018) 0.010 0.014 0.018 0.019 
  18   (0.019) 0.010 0.015 0.018 0.019 
  19   (0.019) 0.010 0.015 0.018 0.019 
  20   (0.019) 0.011 0.016 0.019 0.020 

Locus 78 : locus78 
14 alleles
0.0% missing data
   1   (0.161) 0.174 0.153 0.164 0.162 
   2   (0.049) 0.060 0.062 0.046 0.047 
   3   (0.080) 0.079 0.090 0.079 0.079 
   4   (0.078) 0.083 0.075 0.077 0.078 
   5   (0.085) 0.058 0.098 0.088 0.086 
   6   (0.047) 0.031 0.055 0.047 0.047 
   7   (0.135) 0.111 0.145 0.139 0.139 
   8   (0.027) 0.033 0.024 0.025 0.025 
   9   (0.036) 0.039 0.029 0.034 0.035 
  10   (0.097) 0.120 0.078 0.095 0.097 
  11   (0.036) 0.040 0.041 0.034 0.035 
  12   (0.072) 0.071 0.062 0.074 0.072 
  13   (0.042) 0.052 0.043 0.040 0.040 
  14   (0.057) 0.051 0.046 0.058 0.057 

Locus 79 : locus79 
12 alleles
0.0% missing data
   1   (0.213) 0.284 0.188 0.209 0.212 
   2   (0.109) 0.102 0.123 0.109 0.110 
   3   (0.053) 0.079 0.043 0.051 0.052 
   4   (0.068) 0.057 0.087 0.068 0.067 
   5   (0.068) 0.050 0.061 0.070 0.070 
   6   (0.040) 0.039 0.033 0.039 0.040 
   7   (0.164) 0.113 0.164 0.173 0.169 
   8   (0.167) 0.173 0.186 0.168 0.166 
   9   (0.022) 0.012 0.036 0.020 0.020 
  10   (0.048) 0.046 0.040 0.049 0.048 
  11   (0.026) 0.034 0.021 0.024 0.025 
  12   (0.021) 0.011 0.017 0.020 0.021 

Locus 80 : locus80 
14 alleles
0.0% missing data
   1   (0.026) 0.034 0.021 0.024 0.024 
   2   (0.145) 0.129 0.160 0.147 0.147 
   3   (0.108) 0.143 0.100 0.105 0.108 
   4   (0.090) 0.089 0.072 0.092 0.090 
   5   (0.079) 0.103 0.070 0.078 0.078 
   6   (0.079) 0.078 0.081 0.080 0.078 
   7   (0.079) 0.078 0.069 0.080 0.080 
   8   (0.048) 0.041 0.039 0.048 0.049 
   9   (0.137) 0.112 0.157 0.142 0.138 
  10   (0.065) 0.045 0.093 0.064 0.066 
  11   (0.020) 0.020 0.015 0.018 0.019 
  12   (0.076) 0.091 0.070 0.074 0.075 
  13   (0.030) 0.026 0.036 0.028 0.028 
  14   (0.019) 0.010 0.016 0.019 0.019 

Locus 81 : locus81 
17 alleles
0.0% missing data
   1   (0.087) 0.077 0.098 0.090 0.087 
   2   (0.039) 0.031 0.036 0.040 0.038 
   3   (0.059) 0.084 0.051 0.058 0.058 
   4   (0.105) 0.099 0.104 0.106 0.107 
   5   (0.033) 0.039 0.029 0.032 0.033 
   6   (0.037) 0.056 0.030 0.035 0.035 
   7   (0.149) 0.164 0.130 0.153 0.151 
   8   (0.059) 0.069 0.048 0.058 0.059 
   9   (0.019) 0.016 0.016 0.018 0.019 
  10   (0.138) 0.127 0.164 0.138 0.140 
  11   (0.076) 0.099 0.106 0.072 0.073 
  12   (0.045) 0.044 0.044 0.045 0.044 
  13   (0.076) 0.051 0.062 0.081 0.078 
  14   (0.019) 0.010 0.015 0.019 0.019 
  15   (0.020) 0.011 0.036 0.018 0.019 
  16   (0.019) 0.011 0.015 0.019 0.020 
  17   (0.019) 0.010 0.015 0.019 0.019 

Locus 82 : locus82 
16 alleles
0.0% missing data
   1   (0.140) 0.200 0.130 0.137 0.139 
   2   (0.045) 0.082 0.037 0.042 0.042 
   3   (0.030) 0.026 0.024 0.029 0.030 
   4   (0.076) 0.062 0.092 0.076 0.077 
   5   (0.019) 0.016 0.016 0.018 0.018 
   6   (0.082) 0.071 0.092 0.084 0.082 
   7   (0.080) 0.120 0.069 0.078 0.078 
   8   (0.019) 0.011 0.035 0.018 0.018 
   9   (0.030) 0.026 0.044 0.028 0.028 
  10   (0.201) 0.172 0.184 0.211 0.206 
  11   (0.099) 0.115 0.112 0.098 0.097 
  12   (0.069) 0.040 0.064 0.072 0.072 
  13   (0.049) 0.027 0.054 0.050 0.050 
  14   (0.021) 0.011 0.016 0.020 0.021 
  15   (0.019) 0.010 0.016 0.019 0.020 
  16   (0.020) 0.011 0.016 0.020 0.020 

Locus 83 : locus83 
26 alleles
0.0% missing data
   1   (0.085) 0.121 0.087 0.083 0.083 
   2   (0.045) 0.057 0.040 0.044 0.045 
   3   (0.074) 0.108 0.075 0.072 0.073 
   4   (0.074) 0.090 0.060 0.073 0.076 
   5   (0.034) 0.051 0.028 0.033 0.034 
   6   (0.026) 0.016 0.041 0.025 0.026 
   7   (0.067) 0.059 0.060 0.070 0.068 
   8   (0.085) 0.089 0.071 0.087 0.088 
   9   (0.058) 0.061 0.059 0.059 0.058 
  10   (0.034) 0.024 0.031 0.035 0.035 
  11   (0.017) 0.019 0.014 0.016 0.016 
  12   (0.039) 0.041 0.061 0.037 0.038 
  13   (0.032) 0.027 0.058 0.030 0.031 
  14   (0.028) 0.021 0.036 0.026 0.027 
  15   (0.018) 0.012 0.018 0.018 0.018 
  16   (0.027) 0.024 0.024 0.027 0.026 
  17   (0.018) 0.010 0.019 0.018 0.018 
  18   (0.025) 0.044 0.020 0.023 0.024 
  19   (0.044) 0.032 0.038 0.046 0.045 
  20   (0.019) 0.011 0.015 0.020 0.019 
  21   (0.019) 0.010 0.015 0.019 0.019 
  22   (0.018) 0.010 0.015 0.018 0.017 
  23   (0.043) 0.023 0.054 0.046 0.043 
  24   (0.035) 0.019 0.030 0.037 0.036 
  25   (0.019) 0.010 0.015 0.018 0.019 
  26   (0.018) 0.010 0.015 0.018 0.018 

Locus 84 : locus84 
15 alleles
0.0% missing data
   1   (0.065) 0.055 0.087 0.065 0.064 
   2   (0.041) 0.032 0.033 0.040 0.041 
   3   (0.092) 0.125 0.075 0.090 0.092 
   4   (0.076) 0.063 0.063 0.080 0.077 
   5   (0.123) 0.149 0.103 0.121 0.124 
   6   (0.135) 0.114 0.169 0.136 0.137 
   7   (0.114) 0.115 0.096 0.118 0.114 
   8   (0.041) 0.083 0.032 0.038 0.039 
   9   (0.047) 0.038 0.051 0.047 0.047 
  10   (0.060) 0.071 0.060 0.058 0.059 
  11   (0.065) 0.038 0.092 0.068 0.066 
  12   (0.081) 0.084 0.089 0.080 0.080 
  13   (0.020) 0.011 0.016 0.020 0.020 
  14   (0.019) 0.011 0.017 0.020 0.019 
  15   (0.021) 0.011 0.016 0.020 0.021 

Locus 85 : locus85 
18 alleles
0.0% missing data
   1   (0.089) 0.080 0.074 0.092 0.091 
   2   (0.052) 0.057 0.100 0.049 0.050 
   3   (0.095) 0.094 0.090 0.097 0.096 
   4   (0.057) 0.067 0.047 0.056 0.057 
   5   (0.073) 0.062 0.067 0.075 0.073 
   6   (0.104) 0.126 0.105 0.102 0.103 
   7   (0.068) 0.072 0.055 0.068 0.069 
   8   (0.024) 0.032 0.019 0.022 0.023 
   9   (0.019) 0.019 0.015 0.018 0.018 
  10   (0.085) 0.082 0.081 0.085 0.087 
  11   (0.054) 0.065 0.071 0.052 0.052 
  12   (0.046) 0.045 0.052 0.045 0.045 
  13   (0.043) 0.064 0.035 0.041 0.042 
  14   (0.027) 0.023 0.026 0.026 0.027 
  15   (0.035) 0.040 0.032 0.033 0.034 
  16   (0.064) 0.035 0.076 0.067 0.066 
  17   (0.046) 0.025 0.037 0.051 0.047 
  18   (0.019) 0.011 0.017 0.020 0.019 

Locus 86 : locus86 
20 alleles
0.0% missing data
   1   (0.114) 0.103 0.105 0.116 0.118 
   2   (0.087) 0.102 0.077 0.087 0.087 
   3   (0.111) 0.100 0.142 0.112 0.112 
   4   (0.019) 0.011 0.015 0.018 0.019 
   5   (0.026) 0.026 0.022 0.025 0.026 
   6   (0.093) 0.118 0.096 0.090 0.093 
   7   (0.081) 0.087 0.069 0.084 0.082 
   8   (0.067) 0.091 0.060 0.066 0.066 
   9   (0.072) 0.085 0.062 0.072 0.072 
  10   (0.049) 0.077 0.039 0.047 0.047 
  11   (0.019) 0.011 0.035 0.018 0.018 
  12   (0.056) 0.067 0.056 0.054 0.055 
  13   (0.018) 0.011 0.018 0.018 0.018 
  14   (0.038) 0.030 0.034 0.039 0.037 
  15   (0.037) 0.020 0.042 0.038 0.038 
  16   (0.019) 0.011 0.018 0.020 0.019 
  17   (0.037) 0.020 0.031 0.040 0.037 
  18   (0.020) 0.011 0.028 0.018 0.019 
  19   (0.020) 0.011 0.036 0.018 0.018 
  20   (0.019) 0.010 0.015 0.018 0.019 

Locus 87 : locus87 
15 alleles
0.0% missing data
   1   (0.105) 0.108 0.100 0.105 0.106 
   2   (0.098) 0.100 0.092 0.097 0.099 
   3   (0.143) 0.135 0.151 0.142 0.145 
   4   (0.073) 0.093 0.061 0.073 0.073 
   5   (0.097) 0.100 0.083 0.098 0.097 
   6   (0.138) 0.179 0.153 0.137 0.136 
   7   (0.048) 0.032 0.043 0.049 0.049 
   8   (0.043) 0.044 0.074 0.040 0.040 
   9   (0.025) 0.033 0.020 0.024 0.024 
  10   (0.075) 0.089 0.069 0.073 0.074 
  11   (0.039) 0.024 0.036 0.041 0.040 
  12   (0.038) 0.021 0.056 0.038 0.038 
  13   (0.030) 0.016 0.023 0.031 0.030 
  14   (0.029) 0.016 0.023 0.032 0.029 
  15   (0.019) 0.010 0.015 0.019 0.019 

Locus 88 : locus88 
13 alleles
0.0% missing data
   1   (0.061) 0.070 0.051 0.060 0.061 
   2   (0.113) 0.146 0.101 0.111 0.112 
   3   (0.113) 0.117 0.126 0.113 0.112 
   4   (0.129) 0.160 0.130 0.127 0.128 
   5   (0.094) 0.082 0.091 0.097 0.095 
   6   (0.059) 0.046 0.051 0.060 0.060 
   7   (0.050) 0.064 0.040 0.048 0.049 
   8   (0.107) 0.105 0.116 0.108 0.106 
   9   (0.089) 0.093 0.084 0.088 0.089 
  10   (0.068) 0.042 0.074 0.069 0.069 
  11   (0.050) 0.028 0.062 0.051 0.051 
  12   (0.029) 0.026 0.043 0.027 0.028 
  13   (0.038) 0.021 0.031 0.041 0.039 

Locus 89 : locus89 
13 alleles
0.0% missing data
   1   (0.040) 0.031 0.052 0.039 0.039 
   2   (0.168) 0.161 0.193 0.171 0.168 
   3   (0.148) 0.155 0.151 0.147 0.149 
   4   (0.123) 0.121 0.138 0.124 0.122 
   5   (0.119) 0.159 0.098 0.117 0.118 
   6   (0.020) 0.020 0.015 0.018 0.019 
   7   (0.086) 0.091 0.080 0.084 0.087 
   8   (0.031) 0.026 0.024 0.029 0.031 
   9   (0.089) 0.091 0.089 0.090 0.089 
  10   (0.029) 0.017 0.029 0.029 0.029 
  11   (0.042) 0.052 0.041 0.040 0.041 
  12   (0.086) 0.065 0.072 0.089 0.088 
  13   (0.020) 0.011 0.016 0.020 0.020 

Locus 90 : locus90 
16 alleles
0.0% missing data
   1   (0.097) 0.088 0.080 0.101 0.098 
   2   (0.051) 0.057 0.043 0.051 0.050 
   3   (0.051) 0.074 0.042 0.050 0.050 
   4   (0.055) 0.050 0.065 0.054 0.055 
   5   (0.139) 0.154 0.159 0.138 0.139 
   6   (0.066) 0.047 0.069 0.067 0.067 
   7   (0.025) 0.031 0.021 0.024 0.024 
   8   (0.062) 0.081 0.072 0.060 0.060 
   9   (0.103) 0.106 0.088 0.103 0.105 
  10   (0.118) 0.122 0.115 0.120 0.119 
  11   (0.030) 0.026 0.023 0.030 0.029 
  12   (0.064) 0.047 0.079 0.066 0.064 
  13   (0.027) 0.031 0.022 0.025 0.026 
  14   (0.045) 0.040 0.045 0.045 0.045 
  15   (0.048) 0.036 0.051 0.048 0.049 
  16   (0.020) 0.011 0.028 0.019 0.019 

Locus 91 : locus91 
20 alleles
0.0% missing data
   1   (0.044) 0.043 0.036 0.043 0.045 
   2   (0.065) 0.108 0.055 0.063 0.064 
   3   (0.051) 0.054 0.042 0.051 0.050 
   4   (0.088) 0.067 0.092 0.092 0.090 
   5   (0.053) 0.051 0.044 0.053 0.054 
   6   (0.048) 0.076 0.039 0.046 0.047 
   7   (0.054) 0.045 0.068 0.054 0.054 
   8   (0.029) 0.022 0.024 0.029 0.029 
   9   (0.047) 0.076 0.050 0.044 0.045 
  10   (0.089) 0.070 0.112 0.089 0.091 
  11   (0.028) 0.021 0.023 0.028 0.029 
  12   (0.075) 0.083 0.064 0.077 0.075 
  13   (0.041) 0.042 0.073 0.038 0.039 
  14   (0.086) 0.076 0.091 0.088 0.087 
  15   (0.030) 0.044 0.025 0.028 0.029 
  16   (0.087) 0.075 0.093 0.089 0.089 
  17   (0.019) 0.010 0.015 0.019 0.019 
  18   (0.028) 0.015 0.024 0.028 0.029 
  19   (0.019) 0.010 0.017 0.019 0.019 
  20   (0.019) 0.010 0.015 0.020 0.018 

Locus 92 : locus92 
17 alleles
0.0% missing data
   1   (0.063) 0.081 0.051 0.062 0.062 
   2   (0.150) 0.131 0.158 0.155 0.153 
   3   (0.060) 0.065 0.050 0.061 0.059 
   4   (0.067) 0.078 0.054 0.065 0.067 
   5   (0.101) 0.105 0.104 0.102 0.101 
   6   (0.053) 0.055 0.044 0.052 0.053 
   7   (0.042) 0.049 0.035 0.041 0.041 
   8   (0.091) 0.099 0.080 0.093 0.091 
   9   (0.038) 0.032 0.033 0.038 0.038 
  10   (0.042) 0.049 0.054 0.040 0.041 
  11   (0.101) 0.122 0.133 0.099 0.099 
  12   (0.051) 0.057 0.046 0.050 0.050 
  13   (0.046) 0.025 0.060 0.047 0.048 
  14   (0.019) 0.011 0.018 0.020 0.019 
  15   (0.029) 0.016 0.024 0.031 0.029 
  16   (0.028) 0.015 0.037 0.028 0.028 
  17   (0.019) 0.010 0.016 0.019 0.019 

Locus 93 : locus93 
16 alleles
0.0% missing data
   1   (0.060) 0.101 0.052 0.059 0.058 
   2   (0.054) 0.092 0.046 0.051 0.052 
   3   (0.114) 0.133 0.150 0.112 0.111 
   4   (0.073) 0.051 0.104 0.072 0.074 
   5   (0.083) 0.077 0.067 0.085 0.084 
   6   (0.032) 0.043 0.027 0.031 0.031 
   7   (0.094) 0.067 0.104 0.096 0.096 
   8   (0.085) 0.052 0.092 0.088 0.088 
   9   (0.093) 0.122 0.084 0.092 0.092 
  10   (0.037) 0.036 0.030 0.036 0.037 
  11   (0.020) 0.020 0.016 0.018 0.019 
  12   (0.062) 0.059 0.069 0.062 0.062 
  13   (0.059) 0.042 0.050 0.063 0.061 
  14   (0.054) 0.050 0.043 0.056 0.054 
  15   (0.030) 0.018 0.028 0.030 0.030 
  16   (0.049) 0.036 0.039 0.050 0.050 

Locus 94 : locus94 
10 alleles
0.0% missing data
   1   (0.265) 0.301 0.271 0.268 0.264 
   2   (0.032) 0.027 0.039 0.030 0.031 
   3   (0.111) 0.115 0.102 0.109 0.112 
   4   (0.111) 0.150 0.091 0.110 0.110 
   5   (0.050) 0.037 0.040 0.050 0.052 
   6   (0.094) 0.083 0.109 0.092 0.094 
   7   (0.173) 0.143 0.179 0.177 0.176 
   8   (0.106) 0.091 0.098 0.110 0.107 
   9   (0.031) 0.018 0.050 0.030 0.030 
  10   (0.026) 0.034 0.021 0.024 0.024 

Locus 95 : locus95 
21 alleles
0.0% missing data
   1   (0.088) 0.124 0.076 0.087 0.087 
   2   (0.099) 0.103 0.103 0.100 0.100 
   3   (0.084) 0.108 0.070 0.084 0.084 
   4   (0.053) 0.047 0.043 0.054 0.054 
   5   (0.029) 0.017 0.035 0.028 0.029 
   6   (0.049) 0.074 0.042 0.047 0.048 
   7   (0.050) 0.054 0.043 0.050 0.050 
   8   (0.080) 0.092 0.102 0.077 0.079 
   9   (0.051) 0.048 0.050 0.052 0.051 
  10   (0.024) 0.013 0.058 0.022 0.022 
  11   (0.024) 0.032 0.019 0.022 0.023 
  12   (0.062) 0.045 0.056 0.067 0.063 
  13   (0.052) 0.048 0.045 0.055 0.052 
  14   (0.025) 0.031 0.021 0.023 0.024 
  15   (0.043) 0.024 0.061 0.044 0.044 
  16   (0.056) 0.069 0.044 0.054 0.056 
  17   (0.036) 0.020 0.036 0.037 0.037 
  18   (0.029) 0.016 0.023 0.030 0.030 
  19   (0.028) 0.015 0.022 0.028 0.029 
  20   (0.019) 0.010 0.015 0.018 0.019 
  21   (0.020) 0.011 0.036 0.018 0.019 

Locus 96 : locus96 
12 alleles
0.0% missing data
   1   (0.142) 0.148 0.138 0.143 0.142 
   2   (0.054) 0.076 0.047 0.053 0.053 
   3   (0.063) 0.088 0.052 0.062 0.061 
   4   (0.148) 0.160 0.122 0.149 0.150 
   5   (0.027) 0.032 0.023 0.026 0.026 
   6   (0.047) 0.045 0.040 0.047 0.047 
   7   (0.173) 0.161 0.191 0.171 0.176 
   8   (0.192) 0.157 0.238 0.198 0.193 
   9   (0.037) 0.040 0.031 0.037 0.036 
  10   (0.021) 0.012 0.029 0.020 0.020 
  11   (0.074) 0.070 0.073 0.074 0.074 
  12   (0.021) 0.011 0.016 0.021 0.020 

Locus 97 : locus97 
22 alleles
0.0% missing data
   1   (0.084) 0.084 0.070 0.088 0.084 
   2   (0.092) 0.092 0.091 0.093 0.093 
   3   (0.114) 0.189 0.094 0.110 0.114 
   4   (0.043) 0.039 0.042 0.043 0.042 
   5   (0.033) 0.040 0.027 0.032 0.033 
   6   (0.034) 0.054 0.028 0.032 0.032 
   7   (0.019) 0.016 0.017 0.018 0.019 
   8   (0.057) 0.067 0.047 0.057 0.056 
   9   (0.081) 0.050 0.101 0.082 0.084 
  10   (0.059) 0.062 0.057 0.059 0.058 
  11   (0.042) 0.033 0.073 0.041 0.041 
  12   (0.033) 0.038 0.026 0.032 0.032 
  13   (0.045) 0.034 0.059 0.044 0.045 
  14   (0.052) 0.045 0.049 0.053 0.052 
  15   (0.024) 0.013 0.042 0.022 0.023 
  16   (0.027) 0.025 0.028 0.026 0.026 
  17   (0.044) 0.044 0.036 0.045 0.044 
  18   (0.019) 0.010 0.027 0.018 0.018 
  19   (0.038) 0.028 0.030 0.039 0.038 
  20   (0.019) 0.011 0.018 0.019 0.019 
  21   (0.027) 0.015 0.022 0.028 0.028 
  22   (0.018) 0.010 0.015 0.018 0.018 

Locus 98 : locus98 
13 alleles
0.0% missing data
   1   (0.064) 0.101 0.053 0.062 0.063 
   2   (0.173) 0.156 0.220 0.173 0.174 
   3   (0.052) 0.092 0.043 0.049 0.050 
   4   (0.054) 0.061 0.055 0.051 0.052 
   5   (0.145) 0.161 0.122 0.148 0.146 
   6   (0.059) 0.048 0.049 0.060 0.060 
   7   (0.069) 0.076 0.092 0.067 0.068 
   8   (0.155) 0.142 0.142 0.160 0.158 
   9   (0.031) 0.026 0.024 0.031 0.030 
  10   (0.021) 0.018 0.017 0.020 0.020 
  11   (0.126) 0.089 0.125 0.131 0.130 
  12   (0.029) 0.018 0.028 0.030 0.029 
  13   (0.021) 0.012 0.029 0.020 0.020 

Locus 99 : locus99 
20 alleles
0.0% missing data
   1   (0.055) 0.070 0.044 0.055 0.054 
   2   (0.043) 0.066 0.035 0.041 0.042 
   3   (0.045) 0.065 0.036 0.044 0.044 
   4   (0.065) 0.045 0.117 0.064 0.064 
   5   (0.051) 0.052 0.042 0.051 0.051 
   6   (0.144) 0.164 0.140 0.146 0.145 
   7   (0.025) 0.031 0.021 0.024 0.024 
   8   (0.058) 0.068 0.047 0.056 0.058 
   9   (0.028) 0.024 0.043 0.026 0.027 
  10   (0.082) 0.109 0.067 0.082 0.082 
  11   (0.105) 0.095 0.099 0.109 0.106 
  12   (0.068) 0.057 0.102 0.067 0.067 
  13   (0.020) 0.020 0.015 0.018 0.019 
  14   (0.024) 0.031 0.020 0.023 0.023 
  15   (0.037) 0.022 0.033 0.038 0.039 
  16   (0.039) 0.022 0.043 0.039 0.040 
  17   (0.019) 0.011 0.018 0.019 0.019 
  18   (0.028) 0.015 0.024 0.029 0.028 
  19   (0.019) 0.010 0.015 0.019 0.019 
  20   (0.046) 0.025 0.038 0.049 0.048 

Locus 100 : locus100 
11 alleles
0.0% missing data
   1   (0.097) 0.079 0.089 0.098 0.099 
   2   (0.137) 0.167 0.188 0.131 0.133 
   3   (0.175) 0.190 0.167 0.177 0.175 
   4   (0.054) 0.061 0.043 0.053 0.053 
   5   (0.032) 0.023 0.026 0.032 0.031 
   6   (0.109) 0.115 0.091 0.109 0.110 
   7   (0.098) 0.104 0.097 0.098 0.097 
   8   (0.075) 0.071 0.062 0.076 0.076 
   9   (0.077) 0.090 0.082 0.076 0.076 
  10   (0.078) 0.062 0.094 0.077 0.079 
  11   (0.068) 0.037 0.060 0.073 0.071 

Values of parameters used in structure:
DATAFILE=C:\Users\CHendrikse\Documents\fsc26_win64\4Demes\simulation4deme2\project_data,	OUTFILE=C:\Users\CHendrikse\Documents\fsc26_win64\4Demes\simulation4deme2\hybridandparent4_2set\Results\hybridandparent4_2set_run_1,	NUMINDS=50,	NUMLOCI=100,	MISSING=-9,	LABEL=1,	POPDATA=0,	POPFLAG=0,	PHENOTYPE=0,	EXTRACOLS=0,	MAXPOPS=4,	BURNIN=50000,	NUMREPS=50000,	USEPOPINFO=0,	INFERALPHA=1,	INFERLAMBDA=0,	POPSPECIFICLAMBDA=0,	POPALPHAS=0,	COMPUTEPROB=1,	NOADMIX=0,	ADMBURNIN=2500,	UPDATEFREQ=1,	PRINTLIKES=0,	INTERMEDSAVE=0,	PRINTKLD=0,	PRINTNET=0,	PRINTLAMBDA=0,	ANCESTDIST=0,	NUMBOXES=1000,	ANCESTPINT=0.90000,	GENSBACK=2,	MIGRPRIOR=0.05000,	PRINTQHAT=0,	PRINTQSUM=0,	ALPHA=1.0000,	FREQSCORR=1,	FPRIORMEAN=0.0100,	FPRIORSD=0.0500,	ONEFST=0,	LAMBDA=1.0000,	UNIFPRIORALPHA=1,	ALPHAMAX=10.0000,	ALPHAPRIORA=1.0000,	ALPHAPRIORB=2.0000,	ALPHAPROPSD=0.0250,	STARTATPOPINFO=0,	RANDOMIZE=1,	LINKAGE=0,	METROFREQ=10,	REPORTHITRATE=0,	MARKOVPHASE=-1,	PHASED=0,	PLOIDY=2,	PHASEINFO=0	LOCPRIOR=0, 	LOCPRIORINIT=1.000000, 	LOCDATA=0, 	LOCISPOP=0, 	LOCPRIORSTEP=0.100000, 	MAXLOCPRIOR=20.000000, 	SEED=1655842078,	
[STRAT parameters]:    NUMSIMSTATS=1000,	PHENOTYPECOL=-9,	POOLFREQ=10,	LOCUSxONLY=0,	EMERROR=0.00100,	MISSINGPHENO=-9,	