1666034508
1666034513
1666034518
1666034523
1666034528
1666034533
1666034538
1666034543
1666034548
1666034553
1666034558
1666034563
1666034568
1666034573
1666034578
1666034583
1666034588
1666034593
1666034598
1666034603
1666034608
1666034613
1666034618
1666034623
1666034628
1666034633
1666034638
1666034643
1666034648
1666034653
1666034658
1666034663
1666034668
1666034673
1666034678
1666034683
1666034688
1666034693
1666034698
1666034703
1666034708
1666034713
1666034718
1666034723
1666034729
1666034734
1666034739
1666034744
1666034749
1666034754
