

----------------------------------------------------
STRUCTURE by Pritchard, Stephens and Donnelly (2000)
     and Falush, Stephens and Pritchard (2003)
       Code by Pritchard, Falush and Hubisz
             Version 2.3.4 (Jul 2012)
----------------------------------------------------



Command line arguments:   /usr/local/bin/structure -i parentandhybrid9.str -m mainparams.txt -e extraparams.txt -K 4 -o parentandhybrid4Deme_3 
Input File:    parentandhybrid9.str

Run parameters:
   50 individuals
   100 loci
   4 populations assumed
   200000 Burn-in period
   200000 Reps


--------------------------------------------
Overall proportion of membership of the
sample in each of the 4 clusters

Inferred Clusters
  1      2      3      4    
0.200  0.299  0.200  0.301  

--------------------------------------------

Allele-freq. divergence among pops (Net nucleotide distance),
computed using point estimates of P.

      1       2       3       4      
 1      -    0.0957  0.0902  0.0995  
 2   0.0957     -    0.0969  0.1076  
 3   0.0902  0.0969     -    0.1074  
 4   0.0995  0.1076  0.1074     -    

Average distances (expected heterozygosity) between individuals in same cluster:
cluster  1  : 0.8665 
cluster  2  : 0.8469 
cluster  3  : 0.8537 
cluster  4  : 0.8402 

--------------------------------------------
Estimated Ln Prob of Data   = -22906.9
Mean value of ln likelihood = -21356.1
Variance of ln likelihood   = 3101.6
Mean value of alpha         = 0.0282

Mean value of Fst_1         = 0.1189
Mean value of Fst_2         = 0.1390
Mean value of Fst_3         = 0.1395
Mean value of Fst_4         = 0.1462


Inferred ancestry of individuals:
        Label (%Miss) :  Inferred clusters
  1       01    (0)   :  0.000 0.001 0.000 0.999 
  2       02    (0)   :  0.001 0.001 0.000 0.998 
  3       03    (0)   :  0.001 0.000 0.000 0.999 
  4       04    (0)   :  0.001 0.000 0.001 0.998 
  5       05    (0)   :  0.001 0.000 0.002 0.997 
  6       06    (0)   :  0.001 0.001 0.000 0.998 
  7       07    (0)   :  0.000 0.000 0.000 0.999 
  8       08    (0)   :  0.001 0.001 0.001 0.998 
  9       09    (0)   :  0.000 0.000 0.001 0.998 
 10       10    (0)   :  0.001 0.000 0.001 0.998 
 11       11    (0)   :  0.000 0.999 0.000 0.000 
 12       12    (0)   :  0.000 0.998 0.001 0.000 
 13       13    (0)   :  0.000 0.998 0.001 0.000 
 14       14    (0)   :  0.001 0.999 0.001 0.000 
 15       15    (0)   :  0.000 0.998 0.000 0.001 
 16       16    (0)   :  0.001 0.999 0.000 0.000 
 17       17    (0)   :  0.000 0.999 0.001 0.000 
 18       18    (0)   :  0.000 0.998 0.001 0.000 
 19       19    (0)   :  0.000 0.998 0.001 0.000 
 20       20    (0)   :  0.001 0.999 0.001 0.000 
 21      h01    (0)   :  0.000 0.464 0.000 0.536 
 22      h02    (0)   :  0.000 0.488 0.000 0.511 
 23      h03    (0)   :  0.000 0.520 0.000 0.479 
 24      h04    (0)   :  0.000 0.494 0.000 0.505 
 25      h05    (0)   :  0.000 0.476 0.001 0.523 
 26      h06    (0)   :  0.000 0.488 0.000 0.511 
 27      h07    (0)   :  0.000 0.486 0.000 0.514 
 28      h08    (0)   :  0.000 0.499 0.000 0.500 
 29      h09    (0)   :  0.000 0.508 0.000 0.491 
 30      h10    (0)   :  0.000 0.516 0.000 0.484 
 31       21    (0)   :  0.000 0.000 0.999 0.000 
 32       22    (0)   :  0.000 0.000 0.999 0.000 
 33       23    (0)   :  0.001 0.001 0.997 0.001 
 34       24    (0)   :  0.000 0.001 0.999 0.000 
 35       25    (0)   :  0.000 0.000 0.999 0.001 
 36       26    (0)   :  0.001 0.000 0.999 0.000 
 37       27    (0)   :  0.000 0.001 0.998 0.001 
 38       28    (0)   :  0.000 0.000 0.999 0.000 
 39       29    (0)   :  0.000 0.000 0.999 0.000 
 40       30    (0)   :  0.000 0.000 0.999 0.000 
 41       31    (0)   :  0.999 0.000 0.000 0.000 
 42       32    (0)   :  0.999 0.000 0.000 0.000 
 43       33    (0)   :  0.999 0.000 0.000 0.001 
 44       34    (0)   :  0.998 0.001 0.001 0.000 
 45       35    (0)   :  0.999 0.000 0.000 0.000 
 46       36    (0)   :  0.998 0.001 0.001 0.000 
 47       37    (0)   :  0.999 0.000 0.001 0.000 
 48       38    (0)   :  0.999 0.000 0.001 0.000 
 49       39    (0)   :  0.999 0.000 0.000 0.000 
 50       40    (0)   :  0.999 0.000 0.000 0.000 


Estimated Allele Frequencies in each cluster
First column gives estimated ancestral frequencies


Locus 1 : locus1 
17 alleles
0.0% missing data
   1   (0.049) 0.013 0.014 0.012 0.172 
   2   (0.079) 0.021 0.121 0.019 0.239 
   3   (0.070) 0.092 0.014 0.017 0.151 
   4   (0.080) 0.350 0.014 0.019 0.098 
   5   (0.043) 0.012 0.009 0.010 0.147 
   6   (0.052) 0.051 0.009 0.012 0.037 
   7   (0.076) 0.021 0.040 0.133 0.041 
   8   (0.087) 0.024 0.309 0.173 0.021 
   9   (0.033) 0.009 0.033 0.008 0.005 
  10   (0.055) 0.015 0.036 0.089 0.009 
  11   (0.084) 0.023 0.198 0.211 0.022 
  12   (0.070) 0.019 0.060 0.169 0.018 
  13   (0.067) 0.018 0.118 0.092 0.014 
  14   (0.035) 0.046 0.006 0.008 0.006 
  15   (0.044) 0.158 0.008 0.010 0.007 
  16   (0.036) 0.046 0.006 0.008 0.006 
  17   (0.039) 0.083 0.007 0.009 0.006 

Locus 2 : locus2 
26 alleles
0.0% missing data
   1   (0.053) 0.014 0.011 0.089 0.119 
   2   (0.058) 0.125 0.015 0.014 0.144 
   3   (0.045) 0.049 0.008 0.011 0.064 
   4   (0.031) 0.008 0.008 0.007 0.143 
   5   (0.069) 0.055 0.017 0.169 0.061 
   6   (0.046) 0.012 0.008 0.087 0.092 
   7   (0.052) 0.087 0.015 0.012 0.170 
   8   (0.043) 0.085 0.007 0.010 0.035 
   9   (0.036) 0.010 0.010 0.008 0.058 
  10   (0.034) 0.009 0.114 0.008 0.007 
  11   (0.028) 0.008 0.032 0.007 0.005 
  12   (0.032) 0.009 0.057 0.007 0.009 
  13   (0.042) 0.011 0.167 0.010 0.012 
  14   (0.028) 0.008 0.032 0.007 0.005 
  15   (0.038) 0.010 0.137 0.009 0.013 
  16   (0.030) 0.008 0.060 0.007 0.005 
  17   (0.036) 0.010 0.140 0.009 0.009 
  18   (0.025) 0.007 0.032 0.006 0.004 
  19   (0.029) 0.008 0.060 0.007 0.005 
  20   (0.027) 0.007 0.032 0.006 0.004 
  21   (0.033) 0.009 0.006 0.313 0.005 
  22   (0.043) 0.048 0.007 0.125 0.007 
  23   (0.046) 0.085 0.008 0.049 0.008 
  24   (0.036) 0.156 0.006 0.008 0.006 
  25   (0.036) 0.119 0.006 0.008 0.006 
  26   (0.026) 0.044 0.004 0.006 0.004 

Locus 3 : locus3 
22 alleles
0.0% missing data
   1   (0.048) 0.013 0.012 0.011 0.367 
   2   (0.038) 0.010 0.007 0.009 0.118 
   3   (0.034) 0.009 0.006 0.008 0.061 
   4   (0.063) 0.017 0.014 0.130 0.091 
   5   (0.059) 0.016 0.016 0.052 0.115 
   6   (0.064) 0.017 0.017 0.206 0.060 
   7   (0.037) 0.010 0.011 0.009 0.058 
   8   (0.043) 0.012 0.167 0.010 0.013 
   9   (0.040) 0.011 0.138 0.009 0.014 
  10   (0.037) 0.010 0.115 0.009 0.008 
  11   (0.037) 0.010 0.089 0.009 0.006 
  12   (0.072) 0.239 0.120 0.017 0.015 
  13   (0.038) 0.010 0.087 0.009 0.009 
  14   (0.036) 0.010 0.086 0.008 0.008 
  15   (0.031) 0.008 0.033 0.007 0.005 
  16   (0.030) 0.008 0.033 0.007 0.005 
  17   (0.036) 0.010 0.006 0.085 0.006 
  18   (0.071) 0.165 0.012 0.131 0.012 
  19   (0.054) 0.051 0.009 0.165 0.009 
  20   (0.057) 0.125 0.010 0.090 0.009 
  21   (0.038) 0.156 0.007 0.009 0.006 
  22   (0.035) 0.082 0.006 0.008 0.006 

Locus 4 : locus4 
17 alleles
0.0% missing data
   1   (0.090) 0.025 0.021 0.174 0.432 
   2   (0.067) 0.018 0.054 0.016 0.136 
   3   (0.075) 0.020 0.016 0.171 0.122 
   4   (0.065) 0.018 0.018 0.053 0.116 
   5   (0.065) 0.018 0.011 0.283 0.039 
   6   (0.058) 0.016 0.010 0.090 0.037 
   7   (0.069) 0.055 0.171 0.016 0.016 
   8   (0.064) 0.090 0.066 0.015 0.011 
   9   (0.072) 0.093 0.147 0.017 0.014 
  10   (0.054) 0.015 0.304 0.013 0.015 
  11   (0.080) 0.204 0.092 0.019 0.017 
  12   (0.040) 0.011 0.057 0.009 0.011 
  13   (0.035) 0.010 0.006 0.046 0.006 
  14   (0.035) 0.009 0.006 0.046 0.006 
  15   (0.047) 0.195 0.008 0.011 0.008 
  16   (0.043) 0.121 0.007 0.010 0.007 
  17   (0.040) 0.084 0.007 0.009 0.007 

Locus 5 : locus5 
18 alleles
0.0% missing data
   1   (0.037) 0.010 0.006 0.009 0.116 
   2   (0.087) 0.024 0.104 0.058 0.146 
   3   (0.086) 0.023 0.127 0.096 0.069 
   4   (0.072) 0.056 0.055 0.017 0.053 
   5   (0.032) 0.009 0.006 0.008 0.033 
   6   (0.065) 0.018 0.018 0.245 0.059 
   7   (0.072) 0.020 0.235 0.017 0.122 
   8   (0.071) 0.019 0.187 0.017 0.116 
   9   (0.042) 0.011 0.019 0.010 0.105 
  10   (0.041) 0.011 0.016 0.010 0.080 
  11   (0.031) 0.008 0.005 0.007 0.033 
  12   (0.103) 0.100 0.097 0.292 0.021 
  13   (0.083) 0.388 0.094 0.020 0.018 
  14   (0.037) 0.010 0.006 0.123 0.006 
  15   (0.034) 0.009 0.006 0.046 0.006 
  16   (0.038) 0.156 0.007 0.009 0.006 
  17   (0.033) 0.045 0.006 0.008 0.005 
  18   (0.038) 0.083 0.007 0.009 0.006 

Locus 6 : locus6 
17 alleles
0.0% missing data
   1   (0.077) 0.021 0.144 0.018 0.213 
   2   (0.073) 0.020 0.104 0.017 0.142 
   3   (0.046) 0.012 0.014 0.011 0.167 
   4   (0.091) 0.025 0.101 0.060 0.124 
   5   (0.072) 0.020 0.019 0.094 0.142 
   6   (0.084) 0.023 0.106 0.058 0.061 
   7   (0.084) 0.096 0.070 0.020 0.068 
   8   (0.076) 0.093 0.234 0.018 0.018 
   9   (0.063) 0.053 0.150 0.015 0.012 
  10   (0.045) 0.012 0.008 0.278 0.007 
  11   (0.040) 0.011 0.007 0.124 0.006 
  12   (0.041) 0.011 0.007 0.124 0.006 
  13   (0.041) 0.011 0.007 0.125 0.007 
  14   (0.047) 0.268 0.008 0.011 0.008 
  15   (0.044) 0.158 0.008 0.011 0.007 
  16   (0.037) 0.083 0.007 0.009 0.006 
  17   (0.039) 0.084 0.007 0.009 0.006 

Locus 7 : locus7 
20 alleles
0.0% missing data
   1   (0.076) 0.021 0.185 0.018 0.226 
   2   (0.038) 0.010 0.008 0.009 0.142 
   3   (0.044) 0.012 0.015 0.010 0.191 
   4   (0.034) 0.009 0.006 0.008 0.033 
   5   (0.037) 0.010 0.007 0.009 0.061 
   6   (0.040) 0.011 0.009 0.009 0.114 
   7   (0.033) 0.009 0.006 0.008 0.033 
   8   (0.032) 0.009 0.006 0.008 0.032 
   9   (0.041) 0.011 0.012 0.010 0.056 
  10   (0.082) 0.022 0.322 0.172 0.017 
  11   (0.072) 0.056 0.041 0.094 0.012 
  12   (0.064) 0.017 0.093 0.130 0.013 
  13   (0.088) 0.060 0.183 0.097 0.016 
  14   (0.037) 0.010 0.059 0.009 0.009 
  15   (0.067) 0.091 0.012 0.321 0.011 
  16   (0.061) 0.163 0.011 0.052 0.010 
  17   (0.040) 0.156 0.007 0.009 0.006 
  18   (0.037) 0.119 0.006 0.009 0.006 
  19   (0.037) 0.083 0.007 0.009 0.006 
  20   (0.041) 0.120 0.007 0.010 0.007 

Locus 8 : locus8 
23 alleles
0.0% missing data
   1   (0.042) 0.011 0.011 0.010 0.141 
   2   (0.043) 0.011 0.011 0.010 0.252 
   3   (0.040) 0.011 0.008 0.010 0.143 
   4   (0.036) 0.010 0.010 0.009 0.057 
   5   (0.030) 0.008 0.005 0.007 0.032 
   6   (0.037) 0.010 0.013 0.009 0.138 
   7   (0.035) 0.009 0.006 0.008 0.061 
   8   (0.031) 0.008 0.005 0.007 0.033 
   9   (0.085) 0.059 0.141 0.096 0.026 
  10   (0.039) 0.011 0.143 0.009 0.010 
  11   (0.040) 0.011 0.173 0.010 0.008 
  12   (0.040) 0.011 0.114 0.010 0.011 
  13   (0.049) 0.013 0.092 0.050 0.008 
  14   (0.054) 0.015 0.119 0.051 0.011 
  15   (0.028) 0.008 0.033 0.007 0.005 
  16   (0.036) 0.010 0.058 0.008 0.010 
  17   (0.061) 0.126 0.011 0.129 0.010 
  18   (0.028) 0.008 0.005 0.121 0.005 
  19   (0.065) 0.236 0.011 0.206 0.011 
  20   (0.063) 0.199 0.011 0.129 0.010 
  21   (0.053) 0.087 0.009 0.089 0.009 
  22   (0.030) 0.045 0.005 0.007 0.005 
  23   (0.035) 0.082 0.006 0.008 0.006 

Locus 9 : locus9 
18 alleles
0.0% missing data
   1   (0.038) 0.010 0.009 0.009 0.088 
   2   (0.056) 0.052 0.012 0.013 0.147 
   3   (0.054) 0.051 0.012 0.013 0.090 
   4   (0.040) 0.011 0.008 0.009 0.117 
   5   (0.066) 0.091 0.020 0.016 0.170 
   6   (0.057) 0.125 0.010 0.013 0.037 
   7   (0.041) 0.011 0.015 0.010 0.082 
   8   (0.093) 0.135 0.020 0.098 0.123 
   9   (0.035) 0.010 0.006 0.008 0.034 
  10   (0.070) 0.092 0.139 0.016 0.022 
  11   (0.068) 0.018 0.203 0.130 0.013 
  12   (0.076) 0.021 0.259 0.171 0.015 
  13   (0.082) 0.132 0.041 0.134 0.013 
  14   (0.034) 0.009 0.058 0.008 0.009 
  15   (0.067) 0.018 0.169 0.092 0.019 
  16   (0.037) 0.010 0.006 0.161 0.006 
  17   (0.058) 0.161 0.010 0.090 0.010 
  18   (0.029) 0.044 0.005 0.007 0.005 

Locus 10 : locus10 
17 alleles
0.0% missing data
   1   (0.062) 0.053 0.016 0.014 0.141 
   2   (0.067) 0.018 0.106 0.016 0.138 
   3   (0.072) 0.020 0.018 0.093 0.250 
   4   (0.087) 0.206 0.027 0.020 0.219 
   5   (0.077) 0.057 0.014 0.248 0.039 
   6   (0.063) 0.273 0.011 0.015 0.036 
   7   (0.082) 0.132 0.015 0.096 0.040 
   8   (0.079) 0.022 0.057 0.134 0.053 
   9   (0.036) 0.010 0.064 0.008 0.006 
  10   (0.058) 0.016 0.039 0.167 0.009 
  11   (0.065) 0.090 0.155 0.015 0.010 
  12   (0.043) 0.012 0.147 0.010 0.010 
  13   (0.036) 0.010 0.060 0.009 0.009 
  14   (0.038) 0.010 0.060 0.009 0.010 
  15   (0.061) 0.017 0.062 0.129 0.015 
  16   (0.041) 0.011 0.146 0.010 0.010 
  17   (0.033) 0.045 0.006 0.008 0.005 

Locus 11 : locus11 
24 alleles
0.0% missing data
   1   (0.036) 0.010 0.009 0.009 0.171 
   2   (0.037) 0.010 0.009 0.009 0.087 
   3   (0.032) 0.009 0.008 0.008 0.087 
   4   (0.034) 0.009 0.008 0.008 0.087 
   5   (0.035) 0.010 0.008 0.008 0.087 
   6   (0.031) 0.008 0.005 0.007 0.061 
   7   (0.031) 0.008 0.005 0.007 0.033 
   8   (0.037) 0.010 0.008 0.009 0.116 
   9   (0.029) 0.008 0.005 0.007 0.033 
  10   (0.040) 0.011 0.017 0.009 0.107 
  11   (0.109) 0.065 0.332 0.292 0.036 
  12   (0.031) 0.008 0.061 0.007 0.005 
  13   (0.077) 0.203 0.200 0.018 0.020 
  14   (0.038) 0.010 0.201 0.009 0.006 
  15   (0.052) 0.014 0.036 0.127 0.008 
  16   (0.050) 0.086 0.036 0.012 0.008 
  17   (0.038) 0.010 0.007 0.238 0.006 
  18   (0.054) 0.087 0.009 0.127 0.009 
  19   (0.045) 0.049 0.008 0.049 0.007 
  20   (0.031) 0.045 0.005 0.007 0.005 
  21   (0.039) 0.156 0.007 0.009 0.006 
  22   (0.034) 0.082 0.006 0.008 0.006 
  23   (0.029) 0.044 0.005 0.007 0.005 
  24   (0.033) 0.045 0.006 0.008 0.005 

Locus 12 : locus12 
29 alleles
0.0% missing data
   1   (0.033) 0.009 0.007 0.008 0.115 
   2   (0.034) 0.009 0.009 0.008 0.196 
   3   (0.033) 0.009 0.009 0.008 0.196 
   4   (0.037) 0.010 0.010 0.009 0.141 
   5   (0.027) 0.007 0.005 0.006 0.060 
   6   (0.033) 0.009 0.007 0.008 0.087 
   7   (0.053) 0.014 0.009 0.204 0.064 
   8   (0.060) 0.016 0.259 0.091 0.012 
   9   (0.036) 0.010 0.087 0.008 0.008 
  10   (0.057) 0.016 0.195 0.051 0.018 
  11   (0.063) 0.017 0.145 0.129 0.015 
  12   (0.027) 0.007 0.060 0.006 0.004 
  13   (0.034) 0.009 0.087 0.008 0.008 
  14   (0.028) 0.008 0.033 0.007 0.005 
  15   (0.032) 0.009 0.006 0.198 0.005 
  16   (0.030) 0.008 0.005 0.083 0.005 
  17   (0.026) 0.007 0.004 0.044 0.004 
  18   (0.030) 0.008 0.005 0.045 0.005 
  19   (0.030) 0.081 0.005 0.007 0.005 
  20   (0.028) 0.044 0.005 0.007 0.005 
  21   (0.033) 0.118 0.006 0.008 0.005 
  22   (0.030) 0.044 0.005 0.007 0.005 
  23   (0.030) 0.081 0.005 0.007 0.005 
  24   (0.027) 0.044 0.005 0.006 0.004 
  25   (0.026) 0.044 0.005 0.006 0.004 
  26   (0.031) 0.081 0.005 0.007 0.005 
  27   (0.027) 0.044 0.005 0.006 0.004 
  28   (0.038) 0.193 0.006 0.009 0.006 
  29   (0.029) 0.044 0.005 0.007 0.005 

Locus 13 : locus13 
22 alleles
0.0% missing data
   1   (0.064) 0.017 0.014 0.053 0.260 
   2   (0.072) 0.020 0.018 0.093 0.230 
   3   (0.038) 0.010 0.011 0.009 0.114 
   4   (0.036) 0.010 0.008 0.008 0.088 
   5   (0.059) 0.052 0.013 0.014 0.090 
   6   (0.035) 0.010 0.010 0.008 0.058 
   7   (0.051) 0.014 0.009 0.089 0.036 
   8   (0.047) 0.013 0.331 0.011 0.014 
   9   (0.071) 0.202 0.091 0.017 0.016 
  10   (0.068) 0.164 0.090 0.016 0.015 
  11   (0.044) 0.012 0.143 0.010 0.009 
  12   (0.044) 0.012 0.144 0.010 0.009 
  13   (0.033) 0.009 0.033 0.008 0.005 
  14   (0.048) 0.086 0.036 0.012 0.008 
  15   (0.041) 0.011 0.007 0.239 0.007 
  16   (0.036) 0.010 0.006 0.123 0.006 
  17   (0.038) 0.010 0.007 0.085 0.006 
  18   (0.035) 0.009 0.006 0.046 0.006 
  19   (0.037) 0.010 0.006 0.085 0.006 
  20   (0.033) 0.009 0.006 0.046 0.005 
  21   (0.037) 0.156 0.006 0.009 0.006 
  22   (0.033) 0.155 0.006 0.008 0.005 

Locus 14 : locus14 
17 alleles
0.0% missing data
   1   (0.092) 0.061 0.024 0.098 0.120 
   2   (0.044) 0.012 0.011 0.010 0.146 
   3   (0.046) 0.012 0.010 0.011 0.120 
   4   (0.077) 0.021 0.024 0.210 0.086 
   5   (0.060) 0.016 0.013 0.052 0.092 
   6   (0.081) 0.022 0.017 0.363 0.124 
   7   (0.032) 0.009 0.005 0.008 0.034 
   8   (0.060) 0.017 0.013 0.052 0.122 
   9   (0.035) 0.010 0.006 0.008 0.034 
  10   (0.052) 0.014 0.009 0.051 0.037 
  11   (0.075) 0.130 0.146 0.018 0.015 
  12   (0.077) 0.094 0.199 0.018 0.017 
  13   (0.052) 0.014 0.354 0.012 0.016 
  14   (0.074) 0.129 0.146 0.017 0.015 
  15   (0.064) 0.163 0.011 0.053 0.011 
  16   (0.043) 0.230 0.007 0.010 0.007 
  17   (0.036) 0.046 0.006 0.009 0.006 

Locus 15 : locus15 
21 alleles
0.0% missing data
   1   (0.040) 0.011 0.007 0.009 0.147 
   2   (0.040) 0.011 0.014 0.010 0.139 
   3   (0.065) 0.017 0.015 0.168 0.091 
   4   (0.064) 0.017 0.015 0.168 0.091 
   5   (0.066) 0.018 0.018 0.130 0.116 
   6   (0.037) 0.010 0.006 0.009 0.090 
   7   (0.060) 0.016 0.016 0.052 0.200 
   8   (0.051) 0.050 0.064 0.012 0.008 
   9   (0.059) 0.052 0.113 0.014 0.017 
  10   (0.061) 0.089 0.093 0.014 0.010 
  11   (0.078) 0.167 0.282 0.018 0.020 
  12   (0.057) 0.052 0.089 0.014 0.013 
  13   (0.042) 0.011 0.169 0.010 0.010 
  14   (0.032) 0.009 0.057 0.008 0.009 
  15   (0.039) 0.011 0.007 0.200 0.006 
  16   (0.033) 0.009 0.006 0.122 0.005 
  17   (0.036) 0.119 0.006 0.009 0.006 
  18   (0.035) 0.083 0.006 0.008 0.006 
  19   (0.038) 0.156 0.007 0.009 0.006 
  20   (0.033) 0.045 0.006 0.008 0.005 
  21   (0.033) 0.045 0.006 0.008 0.005 

Locus 16 : locus16 
17 alleles
0.0% missing data
   1   (0.103) 0.028 0.167 0.101 0.090 
   2   (0.073) 0.020 0.013 0.132 0.122 
   3   (0.085) 0.023 0.024 0.058 0.530 
   4   (0.115) 0.141 0.152 0.027 0.108 
   5   (0.067) 0.018 0.012 0.245 0.038 
   6   (0.048) 0.013 0.230 0.011 0.010 
   7   (0.040) 0.011 0.063 0.010 0.007 
   8   (0.050) 0.013 0.139 0.012 0.017 
   9   (0.058) 0.052 0.066 0.014 0.009 
  10   (0.072) 0.092 0.084 0.017 0.023 
  11   (0.046) 0.012 0.008 0.240 0.007 
  12   (0.036) 0.010 0.006 0.047 0.006 
  13   (0.035) 0.009 0.006 0.047 0.006 
  14   (0.050) 0.269 0.009 0.012 0.008 
  15   (0.045) 0.158 0.008 0.011 0.007 
  16   (0.042) 0.084 0.007 0.010 0.007 
  17   (0.035) 0.046 0.006 0.008 0.006 

Locus 17 : locus17 
25 alleles
0.0% missing data
   1   (0.036) 0.010 0.006 0.009 0.116 
   2   (0.081) 0.058 0.021 0.095 0.144 
   3   (0.041) 0.011 0.014 0.010 0.192 
   4   (0.067) 0.018 0.248 0.016 0.108 
   5   (0.034) 0.009 0.006 0.008 0.061 
   6   (0.053) 0.014 0.143 0.013 0.042 
   7   (0.057) 0.015 0.107 0.013 0.107 
   8   (0.056) 0.015 0.155 0.013 0.084 
   9   (0.037) 0.010 0.010 0.009 0.057 
  10   (0.038) 0.010 0.117 0.009 0.008 
  11   (0.036) 0.010 0.090 0.008 0.006 
  12   (0.027) 0.007 0.005 0.045 0.004 
  13   (0.038) 0.010 0.007 0.162 0.006 
  14   (0.036) 0.010 0.006 0.161 0.006 
  15   (0.031) 0.008 0.005 0.122 0.005 
  16   (0.026) 0.007 0.004 0.044 0.004 
  17   (0.054) 0.161 0.009 0.051 0.009 
  18   (0.032) 0.009 0.006 0.122 0.005 
  19   (0.030) 0.008 0.005 0.045 0.005 
  20   (0.034) 0.119 0.006 0.008 0.006 
  21   (0.039) 0.229 0.007 0.009 0.006 
  22   (0.034) 0.082 0.006 0.008 0.005 
  23   (0.030) 0.044 0.005 0.007 0.005 
  24   (0.027) 0.080 0.005 0.006 0.004 
  25   (0.027) 0.044 0.005 0.006 0.004 

Locus 18 : locus18 
20 alleles
0.0% missing data
   1   (0.039) 0.010 0.012 0.009 0.165 
   2   (0.052) 0.014 0.052 0.012 0.049 
   3   (0.037) 0.010 0.006 0.009 0.061 
   4   (0.058) 0.016 0.078 0.014 0.108 
   5   (0.096) 0.099 0.269 0.023 0.099 
   6   (0.112) 0.249 0.119 0.027 0.249 
   7   (0.069) 0.165 0.020 0.016 0.112 
   8   (0.046) 0.013 0.036 0.011 0.035 
   9   (0.060) 0.016 0.198 0.014 0.047 
  10   (0.042) 0.011 0.084 0.010 0.014 
  11   (0.031) 0.008 0.034 0.007 0.005 
  12   (0.034) 0.009 0.034 0.008 0.005 
  13   (0.036) 0.010 0.006 0.237 0.006 
  14   (0.036) 0.010 0.006 0.123 0.006 
  15   (0.060) 0.052 0.010 0.244 0.009 
  16   (0.053) 0.051 0.009 0.089 0.009 
  17   (0.034) 0.009 0.006 0.123 0.006 
  18   (0.040) 0.120 0.007 0.009 0.006 
  19   (0.035) 0.082 0.006 0.008 0.006 
  20   (0.031) 0.045 0.005 0.007 0.005 

Locus 19 : locus19 
22 alleles
0.0% missing data
   1   (0.037) 0.010 0.012 0.009 0.166 
   2   (0.075) 0.093 0.017 0.094 0.090 
   3   (0.068) 0.165 0.012 0.054 0.066 
   4   (0.034) 0.009 0.009 0.008 0.057 
   5   (0.034) 0.009 0.006 0.008 0.088 
   6   (0.035) 0.010 0.010 0.008 0.057 
   7   (0.070) 0.128 0.086 0.017 0.049 
   8   (0.085) 0.241 0.024 0.058 0.114 
   9   (0.035) 0.010 0.008 0.008 0.086 
  10   (0.072) 0.056 0.016 0.132 0.091 
  11   (0.048) 0.013 0.082 0.011 0.046 
  12   (0.036) 0.010 0.140 0.008 0.012 
  13   (0.032) 0.009 0.062 0.007 0.005 
  14   (0.030) 0.008 0.089 0.007 0.005 
  15   (0.030) 0.008 0.033 0.007 0.005 
  16   (0.088) 0.097 0.085 0.365 0.028 
  17   (0.032) 0.009 0.062 0.007 0.005 
  18   (0.033) 0.009 0.062 0.008 0.005 
  19   (0.033) 0.009 0.169 0.008 0.010 
  20   (0.033) 0.009 0.006 0.122 0.005 
  21   (0.029) 0.008 0.005 0.045 0.005 
  22   (0.031) 0.081 0.005 0.007 0.005 

Locus 20 : locus20 
17 alleles
0.0% missing data
   1   (0.103) 0.173 0.033 0.062 0.252 
   2   (0.085) 0.060 0.056 0.058 0.055 
   3   (0.112) 0.140 0.118 0.064 0.086 
   4   (0.090) 0.134 0.022 0.059 0.147 
   5   (0.043) 0.012 0.009 0.010 0.228 
   6   (0.082) 0.022 0.083 0.096 0.083 
   7   (0.029) 0.008 0.005 0.007 0.033 
   8   (0.078) 0.094 0.013 0.133 0.040 
   9   (0.041) 0.011 0.198 0.010 0.009 
  10   (0.042) 0.011 0.142 0.010 0.010 
  11   (0.036) 0.010 0.058 0.009 0.010 
  12   (0.040) 0.011 0.225 0.009 0.010 
  13   (0.033) 0.009 0.006 0.123 0.005 
  14   (0.072) 0.238 0.012 0.170 0.012 
  15   (0.032) 0.009 0.005 0.084 0.005 
  16   (0.050) 0.050 0.009 0.050 0.008 
  17   (0.032) 0.009 0.006 0.046 0.005 

Locus 21 : locus21 
13 alleles
0.0% missing data
   1   (0.065) 0.018 0.079 0.015 0.109 
   2   (0.094) 0.062 0.024 0.060 0.310 
   3   (0.068) 0.055 0.040 0.016 0.038 
   4   (0.064) 0.018 0.069 0.015 0.118 
   5   (0.042) 0.011 0.012 0.010 0.112 
   6   (0.119) 0.324 0.029 0.181 0.066 
   7   (0.087) 0.133 0.015 0.135 0.041 
   8   (0.087) 0.024 0.100 0.135 0.042 
   9   (0.168) 0.191 0.126 0.346 0.123 
  10   (0.062) 0.053 0.121 0.015 0.012 
  11   (0.052) 0.014 0.341 0.012 0.013 
  12   (0.034) 0.009 0.034 0.008 0.006 
  13   (0.056) 0.088 0.010 0.051 0.009 

Locus 22 : locus22 
18 alleles
0.0% missing data
   1   (0.103) 0.028 0.217 0.139 0.122 
   2   (0.038) 0.010 0.009 0.009 0.087 
   3   (0.060) 0.016 0.062 0.014 0.152 
   4   (0.064) 0.017 0.091 0.015 0.125 
   5   (0.071) 0.019 0.156 0.017 0.200 
   6   (0.033) 0.009 0.006 0.008 0.033 
   7   (0.056) 0.015 0.144 0.013 0.042 
   8   (0.060) 0.016 0.085 0.014 0.047 
   9   (0.040) 0.011 0.011 0.009 0.057 
  10   (0.055) 0.015 0.037 0.013 0.064 
  11   (0.059) 0.016 0.038 0.244 0.010 
  12   (0.059) 0.016 0.092 0.052 0.012 
  13   (0.054) 0.051 0.009 0.089 0.009 
  14   (0.063) 0.199 0.011 0.052 0.010 
  15   (0.069) 0.128 0.012 0.284 0.011 
  16   (0.042) 0.230 0.007 0.010 0.007 
  17   (0.038) 0.083 0.007 0.009 0.006 
  18   (0.037) 0.119 0.007 0.009 0.006 

Locus 23 : locus23 
21 alleles
0.0% missing data
   1   (0.097) 0.099 0.017 0.290 0.072 
   2   (0.076) 0.021 0.018 0.133 0.343 
   3   (0.066) 0.237 0.011 0.015 0.067 
   4   (0.066) 0.018 0.021 0.092 0.140 
   5   (0.041) 0.011 0.010 0.010 0.143 
   6   (0.056) 0.161 0.010 0.013 0.037 
   7   (0.037) 0.010 0.010 0.009 0.058 
   8   (0.047) 0.013 0.008 0.049 0.035 
   9   (0.042) 0.011 0.144 0.010 0.008 
  10   (0.038) 0.010 0.087 0.009 0.009 
  11   (0.042) 0.011 0.082 0.010 0.014 
  12   (0.039) 0.011 0.278 0.009 0.010 
  13   (0.051) 0.050 0.064 0.012 0.008 
  14   (0.036) 0.010 0.087 0.009 0.008 
  15   (0.047) 0.049 0.036 0.011 0.008 
  16   (0.038) 0.010 0.086 0.009 0.009 
  17   (0.034) 0.009 0.006 0.084 0.006 
  18   (0.031) 0.008 0.005 0.045 0.005 
  19   (0.037) 0.010 0.006 0.085 0.006 
  20   (0.035) 0.010 0.006 0.084 0.006 
  21   (0.045) 0.231 0.008 0.011 0.007 

Locus 24 : locus24 
25 alleles
0.0% missing data
   1   (0.039) 0.011 0.010 0.009 0.169 
   2   (0.040) 0.011 0.012 0.009 0.222 
   3   (0.033) 0.009 0.006 0.008 0.060 
   4   (0.032) 0.009 0.006 0.008 0.033 
   5   (0.039) 0.010 0.008 0.009 0.115 
   6   (0.032) 0.009 0.009 0.007 0.057 
   7   (0.033) 0.009 0.008 0.008 0.168 
   8   (0.031) 0.008 0.005 0.007 0.033 
   9   (0.058) 0.271 0.038 0.014 0.009 
  10   (0.058) 0.089 0.120 0.014 0.012 
  11   (0.050) 0.014 0.090 0.050 0.011 
  12   (0.065) 0.163 0.091 0.015 0.014 
  13   (0.033) 0.009 0.058 0.008 0.009 
  14   (0.071) 0.165 0.204 0.017 0.015 
  15   (0.054) 0.015 0.115 0.051 0.015 
  16   (0.032) 0.009 0.058 0.008 0.009 
  17   (0.032) 0.009 0.034 0.008 0.005 
  18   (0.038) 0.010 0.088 0.009 0.008 
  19   (0.037) 0.010 0.007 0.199 0.006 
  20   (0.035) 0.009 0.006 0.123 0.006 
  21   (0.036) 0.010 0.006 0.200 0.006 
  22   (0.029) 0.008 0.005 0.083 0.005 
  23   (0.034) 0.009 0.006 0.122 0.005 
  24   (0.031) 0.081 0.005 0.007 0.005 
  25   (0.030) 0.044 0.005 0.007 0.005 

Locus 25 : locus25 
21 alleles
0.0% missing data
   1   (0.043) 0.012 0.011 0.010 0.142 
   2   (0.049) 0.013 0.015 0.012 0.223 
   3   (0.046) 0.012 0.012 0.011 0.226 
   4   (0.041) 0.011 0.008 0.010 0.144 
   5   (0.045) 0.012 0.008 0.011 0.091 
   6   (0.036) 0.010 0.006 0.008 0.033 
   7   (0.050) 0.013 0.367 0.012 0.011 
   8   (0.049) 0.013 0.198 0.012 0.013 
   9   (0.059) 0.016 0.038 0.167 0.010 
  10   (0.074) 0.129 0.092 0.017 0.016 
  11   (0.063) 0.126 0.038 0.015 0.010 
  12   (0.068) 0.018 0.091 0.093 0.015 
  13   (0.055) 0.015 0.060 0.051 0.014 
  14   (0.041) 0.011 0.007 0.162 0.007 
  15   (0.045) 0.012 0.008 0.201 0.007 
  16   (0.034) 0.009 0.006 0.046 0.006 
  17   (0.039) 0.010 0.007 0.124 0.006 
  18   (0.042) 0.157 0.007 0.010 0.007 
  19   (0.041) 0.121 0.007 0.010 0.007 
  20   (0.050) 0.232 0.009 0.012 0.008 
  21   (0.030) 0.045 0.005 0.007 0.005 

Locus 26 : locus26 
18 alleles
0.0% missing data
   1   (0.077) 0.021 0.167 0.018 0.218 
   2   (0.138) 0.256 0.147 0.033 0.371 
   3   (0.082) 0.095 0.088 0.019 0.051 
   4   (0.084) 0.169 0.042 0.020 0.069 
   5   (0.067) 0.018 0.196 0.016 0.049 
   6   (0.096) 0.099 0.068 0.023 0.158 
   7   (0.039) 0.011 0.088 0.009 0.009 
   8   (0.040) 0.011 0.082 0.010 0.015 
   9   (0.036) 0.010 0.062 0.009 0.006 
  10   (0.038) 0.010 0.007 0.123 0.006 
  11   (0.041) 0.011 0.007 0.239 0.007 
  12   (0.036) 0.010 0.006 0.085 0.006 
  13   (0.046) 0.013 0.008 0.316 0.007 
  14   (0.035) 0.010 0.006 0.046 0.006 
  15   (0.038) 0.083 0.007 0.009 0.006 
  16   (0.034) 0.046 0.006 0.008 0.006 
  17   (0.038) 0.083 0.007 0.009 0.006 
  18   (0.033) 0.046 0.006 0.008 0.005 

Locus 27 : locus27 
14 alleles
0.0% missing data
   1   (0.094) 0.025 0.022 0.098 0.458 
   2   (0.062) 0.017 0.011 0.053 0.066 
   3   (0.074) 0.020 0.013 0.209 0.068 
   4   (0.105) 0.029 0.027 0.292 0.204 
   5   (0.077) 0.021 0.026 0.095 0.083 
   6   (0.070) 0.055 0.120 0.017 0.015 
   7   (0.050) 0.014 0.170 0.012 0.012 
   8   (0.120) 0.325 0.315 0.028 0.029 
   9   (0.062) 0.090 0.038 0.015 0.010 
  10   (0.064) 0.090 0.038 0.015 0.010 
  11   (0.102) 0.210 0.201 0.024 0.026 
  12   (0.041) 0.011 0.007 0.086 0.007 
  13   (0.037) 0.010 0.006 0.047 0.006 
  14   (0.042) 0.084 0.007 0.010 0.007 

Locus 28 : locus28 
19 alleles
0.0% missing data
   1   (0.076) 0.021 0.077 0.018 0.144 
   2   (0.072) 0.020 0.192 0.017 0.052 
   3   (0.088) 0.024 0.112 0.021 0.308 
   4   (0.064) 0.054 0.014 0.015 0.120 
   5   (0.049) 0.013 0.011 0.012 0.203 
   6   (0.082) 0.205 0.020 0.019 0.063 
   7   (0.044) 0.012 0.115 0.010 0.009 
   8   (0.048) 0.013 0.140 0.011 0.013 
   9   (0.047) 0.013 0.192 0.011 0.016 
  10   (0.041) 0.011 0.062 0.010 0.007 
  11   (0.052) 0.014 0.009 0.318 0.009 
  12   (0.046) 0.012 0.008 0.125 0.008 
  13   (0.035) 0.009 0.006 0.046 0.006 
  14   (0.042) 0.011 0.007 0.086 0.007 
  15   (0.043) 0.012 0.007 0.125 0.007 
  16   (0.035) 0.010 0.006 0.046 0.006 
  17   (0.039) 0.011 0.007 0.086 0.007 
  18   (0.057) 0.489 0.010 0.013 0.009 
  19   (0.039) 0.047 0.007 0.009 0.007 

Locus 29 : locus29 
18 alleles
0.0% missing data
   1   (0.106) 0.138 0.136 0.025 0.204 
   2   (0.073) 0.020 0.031 0.171 0.103 
   3   (0.058) 0.016 0.010 0.090 0.091 
   4   (0.065) 0.018 0.015 0.092 0.199 
   5   (0.038) 0.010 0.009 0.009 0.086 
   6   (0.096) 0.172 0.202 0.023 0.054 
   7   (0.069) 0.019 0.021 0.131 0.166 
   8   (0.083) 0.204 0.174 0.020 0.022 
   9   (0.047) 0.049 0.036 0.011 0.008 
  10   (0.041) 0.011 0.089 0.010 0.009 
  11   (0.052) 0.050 0.066 0.012 0.008 
  12   (0.066) 0.091 0.122 0.016 0.013 
  13   (0.034) 0.009 0.058 0.008 0.009 
  14   (0.038) 0.010 0.007 0.161 0.006 
  15   (0.032) 0.009 0.006 0.046 0.005 
  16   (0.038) 0.010 0.007 0.161 0.006 
  17   (0.035) 0.119 0.006 0.008 0.006 
  18   (0.031) 0.045 0.005 0.007 0.005 

Locus 30 : locus30 
26 alleles
0.0% missing data
   1   (0.050) 0.123 0.009 0.012 0.036 
   2   (0.035) 0.009 0.010 0.008 0.196 
   3   (0.056) 0.197 0.019 0.013 0.082 
   4   (0.031) 0.008 0.005 0.007 0.061 
   5   (0.034) 0.009 0.007 0.008 0.115 
   6   (0.027) 0.007 0.005 0.006 0.032 
   7   (0.034) 0.009 0.008 0.008 0.170 
   8   (0.030) 0.008 0.009 0.007 0.057 
   9   (0.049) 0.086 0.008 0.012 0.063 
  10   (0.031) 0.008 0.009 0.007 0.057 
  11   (0.053) 0.014 0.173 0.089 0.012 
  12   (0.049) 0.013 0.082 0.088 0.017 
  13   (0.056) 0.015 0.060 0.166 0.014 
  14   (0.047) 0.013 0.064 0.126 0.008 
  15   (0.031) 0.008 0.115 0.007 0.006 
  16   (0.035) 0.009 0.116 0.008 0.007 
  17   (0.048) 0.013 0.089 0.088 0.010 
  18   (0.031) 0.008 0.033 0.007 0.005 
  19   (0.043) 0.012 0.035 0.087 0.007 
  20   (0.028) 0.008 0.057 0.007 0.008 
  21   (0.031) 0.008 0.057 0.007 0.009 
  22   (0.057) 0.125 0.010 0.128 0.009 
  23   (0.030) 0.008 0.005 0.083 0.005 
  24   (0.027) 0.044 0.005 0.006 0.004 
  25   (0.028) 0.190 0.005 0.007 0.005 
  26   (0.029) 0.044 0.005 0.007 0.005 

Locus 31 : locus31 
24 alleles
0.0% missing data
   1   (0.039) 0.011 0.009 0.009 0.115 
   2   (0.047) 0.013 0.012 0.011 0.141 
   3   (0.038) 0.010 0.011 0.009 0.277 
   4   (0.039) 0.011 0.007 0.009 0.089 
   5   (0.057) 0.016 0.059 0.014 0.098 
   6   (0.070) 0.165 0.015 0.017 0.118 
   7   (0.056) 0.088 0.010 0.013 0.036 
   8   (0.045) 0.012 0.230 0.011 0.009 
   9   (0.039) 0.010 0.119 0.009 0.006 
  10   (0.040) 0.011 0.114 0.010 0.011 
  11   (0.038) 0.010 0.088 0.009 0.008 
  12   (0.040) 0.011 0.143 0.009 0.010 
  13   (0.035) 0.010 0.034 0.008 0.006 
  14   (0.042) 0.011 0.083 0.010 0.015 
  15   (0.044) 0.012 0.008 0.354 0.007 
  16   (0.035) 0.009 0.006 0.046 0.006 
  17   (0.035) 0.010 0.006 0.085 0.006 
  18   (0.034) 0.009 0.006 0.123 0.006 
  19   (0.033) 0.009 0.006 0.046 0.005 
  20   (0.041) 0.011 0.007 0.162 0.007 
  21   (0.046) 0.304 0.008 0.011 0.007 
  22   (0.032) 0.045 0.006 0.008 0.005 
  23   (0.037) 0.083 0.006 0.009 0.006 
  24   (0.038) 0.120 0.007 0.009 0.006 

Locus 32 : locus32 
16 alleles
0.0% missing data
   1   (0.144) 0.148 0.224 0.034 0.402 
   2   (0.043) 0.012 0.013 0.010 0.111 
   3   (0.098) 0.063 0.186 0.023 0.098 
   4   (0.114) 0.140 0.146 0.027 0.141 
   5   (0.038) 0.010 0.007 0.009 0.061 
   6   (0.125) 0.253 0.290 0.030 0.061 
   7   (0.075) 0.203 0.013 0.018 0.067 
   8   (0.040) 0.011 0.064 0.010 0.006 
   9   (0.044) 0.012 0.008 0.240 0.007 
  10   (0.040) 0.011 0.007 0.124 0.007 
  11   (0.037) 0.010 0.007 0.047 0.006 
  12   (0.044) 0.012 0.008 0.201 0.007 
  13   (0.044) 0.012 0.008 0.125 0.007 
  14   (0.040) 0.011 0.007 0.086 0.006 
  15   (0.039) 0.047 0.007 0.009 0.006 
  16   (0.036) 0.046 0.006 0.008 0.006 

Locus 33 : locus33 
16 alleles
0.0% missing data
   1   (0.049) 0.013 0.014 0.012 0.227 
   2   (0.107) 0.029 0.148 0.063 0.193 
   3   (0.109) 0.102 0.024 0.102 0.209 
   4   (0.045) 0.012 0.009 0.011 0.175 
   5   (0.082) 0.059 0.014 0.096 0.070 
   6   (0.076) 0.021 0.365 0.056 0.018 
   7   (0.109) 0.139 0.073 0.255 0.018 
   8   (0.036) 0.010 0.033 0.009 0.006 
   9   (0.041) 0.011 0.086 0.010 0.010 
  10   (0.069) 0.019 0.137 0.054 0.023 
  11   (0.083) 0.351 0.063 0.020 0.020 
  12   (0.037) 0.010 0.006 0.085 0.006 
  13   (0.041) 0.011 0.007 0.124 0.007 
  14   (0.037) 0.010 0.006 0.085 0.006 
  15   (0.044) 0.158 0.007 0.010 0.007 
  16   (0.036) 0.046 0.006 0.009 0.006 

Locus 34 : locus34 
20 alleles
0.0% missing data
   1   (0.070) 0.092 0.023 0.017 0.139 
   2   (0.041) 0.011 0.011 0.010 0.142 
   3   (0.036) 0.010 0.006 0.008 0.089 
   4   (0.081) 0.240 0.018 0.019 0.232 
   5   (0.038) 0.010 0.007 0.009 0.090 
   6   (0.046) 0.013 0.014 0.011 0.168 
   7   (0.039) 0.011 0.062 0.009 0.006 
   8   (0.043) 0.012 0.201 0.010 0.008 
   9   (0.039) 0.011 0.091 0.009 0.006 
  10   (0.100) 0.100 0.095 0.176 0.022 
  11   (0.044) 0.012 0.139 0.010 0.015 
  12   (0.070) 0.019 0.140 0.093 0.022 
  13   (0.043) 0.012 0.113 0.010 0.012 
  14   (0.093) 0.135 0.044 0.290 0.015 
  15   (0.039) 0.011 0.007 0.200 0.006 
  16   (0.035) 0.009 0.006 0.046 0.006 
  17   (0.030) 0.008 0.005 0.045 0.005 
  18   (0.040) 0.120 0.007 0.009 0.007 
  19   (0.039) 0.120 0.007 0.009 0.006 
  20   (0.033) 0.045 0.006 0.008 0.005 

Locus 35 : locus35 
23 alleles
0.0% missing data
   1   (0.068) 0.019 0.011 0.207 0.125 
   2   (0.031) 0.008 0.005 0.007 0.062 
   3   (0.049) 0.013 0.008 0.050 0.065 
   4   (0.084) 0.023 0.026 0.287 0.256 
   5   (0.085) 0.096 0.020 0.058 0.235 
   6   (0.035) 0.009 0.009 0.008 0.059 
   7   (0.071) 0.019 0.049 0.055 0.086 
   8   (0.034) 0.009 0.113 0.008 0.007 
   9   (0.037) 0.010 0.086 0.009 0.008 
  10   (0.041) 0.011 0.246 0.010 0.012 
  11   (0.043) 0.012 0.195 0.010 0.010 
  12   (0.035) 0.009 0.060 0.008 0.006 
  13   (0.041) 0.011 0.111 0.010 0.012 
  14   (0.030) 0.008 0.005 0.084 0.005 
  15   (0.033) 0.009 0.006 0.084 0.005 
  16   (0.047) 0.049 0.008 0.049 0.008 
  17   (0.041) 0.266 0.007 0.010 0.007 
  18   (0.037) 0.083 0.006 0.009 0.006 
  19   (0.031) 0.045 0.005 0.007 0.005 
  20   (0.034) 0.082 0.006 0.008 0.006 
  21   (0.033) 0.045 0.006 0.008 0.005 
  22   (0.034) 0.119 0.006 0.008 0.006 
  23   (0.029) 0.044 0.005 0.007 0.005 

Locus 36 : locus36 
13 alleles
0.0% missing data
   1   (0.145) 0.258 0.126 0.034 0.390 
   2   (0.091) 0.061 0.025 0.098 0.115 
   3   (0.106) 0.065 0.046 0.255 0.045 
   4   (0.088) 0.206 0.021 0.021 0.173 
   5   (0.077) 0.094 0.014 0.056 0.040 
   6   (0.127) 0.035 0.209 0.183 0.167 
   7   (0.063) 0.017 0.067 0.091 0.010 
   8   (0.044) 0.012 0.145 0.010 0.011 
   9   (0.091) 0.025 0.289 0.174 0.023 
  10   (0.037) 0.010 0.034 0.009 0.006 
  11   (0.053) 0.051 0.009 0.051 0.009 
  12   (0.040) 0.084 0.007 0.009 0.006 
  13   (0.039) 0.083 0.007 0.009 0.006 

Locus 37 : locus37 
20 alleles
0.0% missing data
   1   (0.046) 0.012 0.011 0.011 0.311 
   2   (0.061) 0.017 0.010 0.091 0.066 
   3   (0.069) 0.019 0.015 0.131 0.091 
   4   (0.060) 0.016 0.021 0.052 0.082 
   5   (0.038) 0.010 0.009 0.009 0.088 
   6   (0.064) 0.017 0.014 0.130 0.120 
   7   (0.062) 0.017 0.011 0.245 0.037 
   8   (0.036) 0.010 0.010 0.008 0.058 
   9   (0.048) 0.013 0.008 0.049 0.036 
  10   (0.075) 0.056 0.423 0.018 0.018 
  11   (0.066) 0.091 0.149 0.016 0.011 
  12   (0.033) 0.009 0.033 0.008 0.005 
  13   (0.039) 0.011 0.058 0.009 0.010 
  14   (0.061) 0.090 0.060 0.014 0.016 
  15   (0.040) 0.011 0.081 0.010 0.015 
  16   (0.038) 0.010 0.058 0.009 0.010 
  17   (0.037) 0.010 0.006 0.161 0.006 
  18   (0.046) 0.268 0.008 0.011 0.008 
  19   (0.039) 0.120 0.007 0.009 0.006 
  20   (0.042) 0.193 0.007 0.010 0.007 

Locus 38 : locus38 
23 alleles
0.0% missing data
   1   (0.084) 0.023 0.222 0.020 0.413 
   2   (0.070) 0.019 0.141 0.017 0.132 
   3   (0.043) 0.012 0.009 0.010 0.115 
   4   (0.056) 0.015 0.080 0.013 0.077 
   5   (0.042) 0.011 0.011 0.010 0.140 
   6   (0.036) 0.010 0.063 0.009 0.006 
   7   (0.054) 0.015 0.037 0.128 0.009 
   8   (0.077) 0.021 0.207 0.248 0.016 
   9   (0.041) 0.011 0.115 0.010 0.012 
  10   (0.035) 0.010 0.034 0.008 0.006 
  11   (0.029) 0.008 0.005 0.045 0.005 
  12   (0.034) 0.009 0.006 0.161 0.005 
  13   (0.037) 0.010 0.006 0.085 0.006 
  14   (0.039) 0.010 0.007 0.162 0.006 
  15   (0.037) 0.192 0.007 0.009 0.006 
  16   (0.037) 0.120 0.007 0.009 0.006 
  17   (0.041) 0.193 0.007 0.010 0.007 
  18   (0.034) 0.046 0.006 0.008 0.005 
  19   (0.035) 0.082 0.006 0.008 0.006 
  20   (0.034) 0.045 0.006 0.008 0.005 
  21   (0.032) 0.045 0.006 0.008 0.005 
  22   (0.034) 0.046 0.006 0.008 0.005 
  23   (0.036) 0.046 0.006 0.009 0.006 

Locus 39 : locus39 
26 alleles
0.0% missing data
   1   (0.037) 0.010 0.008 0.009 0.199 
   2   (0.031) 0.009 0.006 0.007 0.143 
   3   (0.040) 0.011 0.011 0.009 0.113 
   4   (0.033) 0.009 0.008 0.008 0.086 
   5   (0.070) 0.055 0.143 0.016 0.046 
   6   (0.059) 0.016 0.022 0.090 0.081 
   7   (0.042) 0.011 0.010 0.010 0.199 
   8   (0.067) 0.164 0.174 0.016 0.015 
   9   (0.053) 0.087 0.114 0.013 0.015 
  10   (0.040) 0.011 0.142 0.009 0.010 
  11   (0.037) 0.010 0.087 0.009 0.008 
  12   (0.043) 0.048 0.035 0.010 0.007 
  13   (0.032) 0.009 0.058 0.008 0.008 
  14   (0.039) 0.010 0.087 0.009 0.009 
  15   (0.029) 0.008 0.033 0.007 0.005 
  16   (0.037) 0.010 0.006 0.314 0.006 
  17   (0.037) 0.010 0.006 0.199 0.006 
  18   (0.031) 0.008 0.005 0.046 0.005 
  19   (0.034) 0.009 0.006 0.084 0.006 
  20   (0.027) 0.007 0.005 0.045 0.004 
  21   (0.031) 0.008 0.005 0.045 0.005 
  22   (0.030) 0.154 0.005 0.007 0.005 
  23   (0.027) 0.044 0.005 0.006 0.004 
  24   (0.028) 0.080 0.005 0.007 0.005 
  25   (0.033) 0.118 0.006 0.008 0.005 
  26   (0.033) 0.082 0.006 0.008 0.005 

Locus 40 : locus40 
20 alleles
0.0% missing data
   1   (0.038) 0.010 0.007 0.009 0.088 
   2   (0.049) 0.013 0.014 0.012 0.552 
   3   (0.037) 0.010 0.006 0.009 0.061 
   4   (0.041) 0.011 0.011 0.010 0.140 
   5   (0.093) 0.061 0.208 0.137 0.020 
   6   (0.073) 0.020 0.341 0.055 0.021 
   7   (0.101) 0.173 0.074 0.215 0.016 
   8   (0.078) 0.094 0.063 0.056 0.018 
   9   (0.036) 0.010 0.091 0.008 0.006 
  10   (0.055) 0.015 0.037 0.166 0.009 
  11   (0.066) 0.127 0.062 0.016 0.016 
  12   (0.059) 0.016 0.038 0.167 0.009 
  13   (0.033) 0.009 0.006 0.046 0.005 
  14   (0.031) 0.008 0.005 0.045 0.005 
  15   (0.037) 0.083 0.006 0.009 0.006 
  16   (0.033) 0.046 0.006 0.008 0.005 
  17   (0.033) 0.046 0.006 0.008 0.005 
  18   (0.040) 0.157 0.007 0.009 0.006 
  19   (0.031) 0.045 0.006 0.007 0.005 
  20   (0.036) 0.046 0.006 0.009 0.006 

Locus 41 : locus41 
22 alleles
0.0% missing data
   1   (0.060) 0.016 0.060 0.014 0.098 
   2   (0.071) 0.019 0.225 0.017 0.133 
   3   (0.070) 0.092 0.016 0.017 0.225 
   4   (0.044) 0.012 0.014 0.010 0.163 
   5   (0.063) 0.272 0.011 0.015 0.037 
   6   (0.037) 0.010 0.012 0.009 0.109 
   7   (0.040) 0.011 0.016 0.010 0.079 
   8   (0.062) 0.163 0.011 0.015 0.064 
   9   (0.051) 0.014 0.095 0.050 0.008 
  10   (0.035) 0.010 0.063 0.008 0.006 
  11   (0.071) 0.019 0.407 0.054 0.016 
  12   (0.037) 0.010 0.007 0.085 0.006 
  13   (0.035) 0.010 0.006 0.085 0.006 
  14   (0.041) 0.011 0.007 0.201 0.006 
  15   (0.036) 0.010 0.006 0.085 0.006 
  16   (0.038) 0.010 0.007 0.200 0.006 
  17   (0.032) 0.009 0.006 0.046 0.005 
  18   (0.034) 0.009 0.006 0.046 0.005 
  19   (0.039) 0.120 0.007 0.009 0.006 
  20   (0.037) 0.083 0.007 0.009 0.006 
  21   (0.033) 0.045 0.006 0.008 0.005 
  22   (0.032) 0.045 0.006 0.008 0.005 

Locus 42 : locus42 
25 alleles
0.0% missing data
   1   (0.044) 0.012 0.012 0.010 0.308 
   2   (0.042) 0.011 0.009 0.010 0.311 
   3   (0.070) 0.128 0.015 0.017 0.120 
   4   (0.032) 0.009 0.005 0.008 0.033 
   5   (0.038) 0.010 0.009 0.009 0.087 
   6   (0.041) 0.011 0.170 0.010 0.009 
   7   (0.049) 0.013 0.364 0.012 0.013 
   8   (0.038) 0.010 0.089 0.009 0.006 
   9   (0.037) 0.010 0.062 0.009 0.006 
  10   (0.065) 0.091 0.169 0.015 0.018 
  11   (0.055) 0.052 0.010 0.089 0.009 
  12   (0.035) 0.009 0.006 0.084 0.006 
  13   (0.033) 0.009 0.006 0.198 0.005 
  14   (0.036) 0.010 0.006 0.123 0.006 
  15   (0.048) 0.050 0.008 0.049 0.008 
  16   (0.031) 0.008 0.005 0.045 0.005 
  17   (0.038) 0.010 0.007 0.162 0.006 
  18   (0.031) 0.008 0.005 0.046 0.005 
  19   (0.031) 0.008 0.005 0.046 0.005 
  20   (0.038) 0.193 0.007 0.009 0.006 
  21   (0.038) 0.119 0.007 0.009 0.006 
  22   (0.035) 0.082 0.006 0.008 0.006 
  23   (0.031) 0.045 0.005 0.007 0.005 
  24   (0.031) 0.045 0.005 0.007 0.005 
  25   (0.031) 0.045 0.005 0.007 0.005 

Locus 43 : locus43 
20 alleles
0.0% missing data
   1   (0.032) 0.009 0.005 0.007 0.034 
   2   (0.065) 0.018 0.055 0.015 0.276 
   3   (0.072) 0.020 0.190 0.017 0.167 
   4   (0.055) 0.015 0.037 0.013 0.095 
   5   (0.072) 0.020 0.277 0.017 0.131 
   6   (0.055) 0.015 0.111 0.013 0.046 
   7   (0.060) 0.016 0.097 0.014 0.146 
   8   (0.028) 0.008 0.032 0.007 0.005 
   9   (0.036) 0.010 0.057 0.008 0.010 
  10   (0.057) 0.088 0.059 0.014 0.015 
  11   (0.034) 0.009 0.006 0.084 0.006 
  12   (0.067) 0.127 0.011 0.207 0.011 
  13   (0.034) 0.009 0.006 0.084 0.006 
  14   (0.065) 0.200 0.011 0.092 0.011 
  15   (0.033) 0.009 0.006 0.046 0.005 
  16   (0.054) 0.161 0.009 0.051 0.009 
  17   (0.064) 0.127 0.011 0.130 0.011 
  18   (0.046) 0.049 0.008 0.049 0.008 
  19   (0.037) 0.010 0.006 0.123 0.006 
  20   (0.035) 0.083 0.006 0.008 0.006 

Locus 44 : locus44 
16 alleles
0.0% missing data
   1   (0.096) 0.172 0.044 0.061 0.073 
   2   (0.066) 0.164 0.013 0.016 0.150 
   3   (0.071) 0.019 0.057 0.055 0.106 
   4   (0.049) 0.013 0.049 0.012 0.051 
   5   (0.110) 0.066 0.159 0.064 0.240 
   6   (0.092) 0.135 0.083 0.022 0.198 
   7   (0.116) 0.104 0.108 0.257 0.068 
   8   (0.052) 0.124 0.009 0.012 0.037 
   9   (0.030) 0.008 0.032 0.007 0.005 
  10   (0.062) 0.017 0.142 0.091 0.015 
  11   (0.034) 0.009 0.057 0.008 0.009 
  12   (0.037) 0.010 0.114 0.009 0.008 
  13   (0.084) 0.132 0.115 0.057 0.023 
  14   (0.035) 0.010 0.006 0.199 0.006 
  15   (0.034) 0.009 0.006 0.084 0.006 
  16   (0.031) 0.009 0.005 0.046 0.005 

Locus 45 : locus45 
20 alleles
0.0% missing data
   1   (0.081) 0.058 0.054 0.019 0.169 
   2   (0.072) 0.019 0.196 0.017 0.159 
   3   (0.091) 0.061 0.125 0.021 0.183 
   4   (0.075) 0.020 0.209 0.018 0.150 
   5   (0.065) 0.018 0.099 0.016 0.146 
   6   (0.032) 0.009 0.005 0.008 0.033 
   7   (0.033) 0.009 0.006 0.008 0.034 
   8   (0.053) 0.088 0.009 0.013 0.037 
   9   (0.042) 0.011 0.168 0.010 0.010 
  10   (0.041) 0.011 0.058 0.010 0.011 
  11   (0.039) 0.010 0.007 0.200 0.006 
  12   (0.055) 0.088 0.009 0.089 0.009 
  13   (0.037) 0.010 0.006 0.161 0.006 
  14   (0.034) 0.009 0.006 0.122 0.006 
  15   (0.038) 0.010 0.006 0.123 0.006 
  16   (0.075) 0.275 0.013 0.132 0.012 
  17   (0.038) 0.120 0.007 0.009 0.006 
  18   (0.034) 0.082 0.006 0.008 0.006 
  19   (0.035) 0.046 0.006 0.008 0.006 
  20   (0.031) 0.045 0.005 0.007 0.005 

Locus 46 : locus46 
22 alleles
0.0% missing data
   1   (0.039) 0.011 0.011 0.009 0.252 
   2   (0.038) 0.010 0.009 0.009 0.087 
   3   (0.030) 0.008 0.005 0.007 0.033 
   4   (0.032) 0.009 0.005 0.008 0.033 
   5   (0.038) 0.010 0.007 0.009 0.201 
   6   (0.029) 0.008 0.005 0.007 0.032 
   7   (0.033) 0.009 0.010 0.008 0.057 
   8   (0.036) 0.010 0.010 0.009 0.057 
   9   (0.036) 0.010 0.010 0.009 0.057 
  10   (0.035) 0.010 0.010 0.008 0.058 
  11   (0.063) 0.017 0.038 0.244 0.010 
  12   (0.094) 0.062 0.342 0.098 0.022 
  13   (0.071) 0.019 0.231 0.170 0.015 
  14   (0.036) 0.010 0.058 0.008 0.010 
  15   (0.074) 0.056 0.116 0.055 0.019 
  16   (0.082) 0.205 0.042 0.134 0.013 
  17   (0.058) 0.016 0.060 0.128 0.014 
  18   (0.031) 0.008 0.005 0.045 0.005 
  19   (0.041) 0.266 0.007 0.010 0.007 
  20   (0.040) 0.157 0.007 0.009 0.007 
  21   (0.033) 0.045 0.006 0.008 0.005 
  22   (0.032) 0.045 0.006 0.008 0.005 

Locus 47 : locus47 
23 alleles
0.0% missing data
   1   (0.058) 0.052 0.014 0.014 0.234 
   2   (0.056) 0.051 0.011 0.013 0.180 
   3   (0.058) 0.016 0.101 0.014 0.113 
   4   (0.038) 0.010 0.009 0.009 0.147 
   5   (0.089) 0.280 0.019 0.059 0.097 
   6   (0.034) 0.009 0.006 0.008 0.034 
   7   (0.048) 0.013 0.048 0.011 0.051 
   8   (0.030) 0.008 0.005 0.007 0.034 
   9   (0.041) 0.011 0.272 0.010 0.011 
  10   (0.030) 0.008 0.059 0.007 0.005 
  11   (0.040) 0.011 0.246 0.009 0.010 
  12   (0.038) 0.010 0.109 0.009 0.011 
  13   (0.030) 0.008 0.032 0.007 0.005 
  14   (0.056) 0.088 0.009 0.128 0.009 
  15   (0.055) 0.125 0.009 0.090 0.009 
  16   (0.051) 0.050 0.009 0.165 0.009 
  17   (0.031) 0.008 0.005 0.084 0.005 
  18   (0.056) 0.051 0.009 0.243 0.009 
  19   (0.032) 0.009 0.005 0.046 0.005 
  20   (0.032) 0.009 0.005 0.046 0.005 
  21   (0.035) 0.046 0.006 0.008 0.006 
  22   (0.033) 0.082 0.006 0.008 0.006 
  23   (0.030) 0.045 0.005 0.007 0.005 

Locus 48 : locus48 
25 alleles
0.0% missing data
   1   (0.028) 0.008 0.005 0.007 0.032 
   2   (0.038) 0.047 0.007 0.009 0.034 
   3   (0.047) 0.049 0.008 0.011 0.091 
   4   (0.037) 0.010 0.010 0.009 0.281 
   5   (0.057) 0.088 0.015 0.014 0.143 
   6   (0.041) 0.011 0.017 0.010 0.163 
   7   (0.044) 0.048 0.008 0.010 0.035 
   8   (0.029) 0.008 0.005 0.007 0.032 
   9   (0.042) 0.011 0.035 0.010 0.035 
  10   (0.044) 0.012 0.008 0.049 0.035 
  11   (0.037) 0.010 0.226 0.009 0.009 
  12   (0.050) 0.014 0.036 0.127 0.008 
  13   (0.054) 0.015 0.065 0.242 0.009 
  14   (0.058) 0.016 0.255 0.052 0.014 
  15   (0.062) 0.017 0.144 0.129 0.015 
  16   (0.030) 0.008 0.033 0.007 0.005 
  17   (0.057) 0.015 0.082 0.128 0.020 
  18   (0.026) 0.007 0.004 0.044 0.004 
  19   (0.028) 0.008 0.005 0.045 0.005 
  20   (0.028) 0.008 0.005 0.045 0.005 
  21   (0.034) 0.155 0.006 0.008 0.006 
  22   (0.034) 0.155 0.006 0.008 0.006 
  23   (0.031) 0.118 0.005 0.007 0.005 
  24   (0.036) 0.119 0.006 0.009 0.006 
  25   (0.026) 0.043 0.005 0.006 0.004 

Locus 49 : locus49 
22 alleles
0.0% missing data
   1   (0.041) 0.011 0.012 0.010 0.254 
   2   (0.065) 0.018 0.016 0.130 0.145 
   3   (0.059) 0.016 0.076 0.014 0.110 
   4   (0.059) 0.016 0.048 0.014 0.195 
   5   (0.067) 0.018 0.225 0.016 0.101 
   6   (0.087) 0.024 0.087 0.212 0.052 
   7   (0.057) 0.016 0.010 0.167 0.037 
   8   (0.045) 0.012 0.252 0.011 0.012 
   9   (0.034) 0.009 0.061 0.008 0.006 
  10   (0.036) 0.010 0.087 0.009 0.008 
  11   (0.063) 0.017 0.060 0.092 0.016 
  12   (0.033) 0.009 0.006 0.084 0.005 
  13   (0.039) 0.010 0.007 0.123 0.006 
  14   (0.034) 0.009 0.006 0.046 0.006 
  15   (0.041) 0.194 0.007 0.010 0.007 
  16   (0.039) 0.192 0.007 0.009 0.006 
  17   (0.034) 0.082 0.006 0.008 0.006 
  18   (0.036) 0.119 0.006 0.009 0.006 
  19   (0.035) 0.082 0.006 0.008 0.006 
  20   (0.030) 0.045 0.005 0.007 0.005 
  21   (0.034) 0.046 0.006 0.008 0.006 
  22   (0.031) 0.045 0.005 0.007 0.005 

Locus 50 : locus50 
18 alleles
0.0% missing data
   1   (0.086) 0.023 0.024 0.135 0.254 
   2   (0.049) 0.013 0.012 0.011 0.143 
   3   (0.056) 0.015 0.014 0.013 0.255 
   4   (0.042) 0.012 0.009 0.010 0.116 
   5   (0.065) 0.018 0.011 0.092 0.066 
   6   (0.055) 0.015 0.010 0.051 0.037 
   7   (0.089) 0.170 0.231 0.021 0.021 
   8   (0.054) 0.015 0.423 0.013 0.012 
   9   (0.070) 0.201 0.040 0.017 0.011 
  10   (0.068) 0.092 0.061 0.016 0.017 
  11   (0.045) 0.012 0.082 0.011 0.015 
  12   (0.057) 0.089 0.037 0.014 0.009 
  13   (0.045) 0.012 0.008 0.201 0.007 
  14   (0.047) 0.013 0.008 0.240 0.008 
  15   (0.043) 0.012 0.007 0.086 0.007 
  16   (0.038) 0.010 0.007 0.047 0.006 
  17   (0.048) 0.195 0.008 0.011 0.008 
  18   (0.045) 0.085 0.008 0.011 0.007 

Locus 51 : locus51 
20 alleles
0.0% missing data
   1   (0.068) 0.127 0.014 0.016 0.177 
   2   (0.070) 0.165 0.013 0.017 0.207 
   3   (0.079) 0.240 0.022 0.019 0.172 
   4   (0.046) 0.049 0.008 0.011 0.036 
   5   (0.036) 0.010 0.008 0.009 0.088 
   6   (0.035) 0.009 0.008 0.008 0.088 
   7   (0.067) 0.127 0.028 0.016 0.106 
   8   (0.068) 0.018 0.255 0.092 0.016 
   9   (0.074) 0.020 0.169 0.247 0.021 
  10   (0.036) 0.010 0.086 0.008 0.008 
  11   (0.033) 0.009 0.057 0.008 0.009 
  12   (0.061) 0.017 0.059 0.129 0.016 
  13   (0.032) 0.009 0.033 0.008 0.005 
  14   (0.033) 0.009 0.057 0.008 0.009 
  15   (0.060) 0.016 0.065 0.128 0.010 
  16   (0.051) 0.014 0.036 0.088 0.008 
  17   (0.051) 0.014 0.064 0.089 0.008 
  18   (0.035) 0.009 0.006 0.085 0.006 
  19   (0.034) 0.082 0.006 0.008 0.006 
  20   (0.033) 0.045 0.006 0.008 0.006 

Locus 52 : locus52 
15 alleles
0.0% missing data
   1   (0.065) 0.017 0.054 0.015 0.219 
   2   (0.064) 0.053 0.014 0.015 0.203 
   3   (0.115) 0.177 0.024 0.218 0.126 
   4   (0.102) 0.028 0.286 0.100 0.080 
   5   (0.108) 0.065 0.257 0.064 0.056 
   6   (0.096) 0.099 0.058 0.061 0.058 
   7   (0.039) 0.011 0.011 0.009 0.058 
   8   (0.042) 0.011 0.016 0.010 0.081 
   9   (0.036) 0.010 0.006 0.009 0.062 
  10   (0.043) 0.012 0.144 0.010 0.009 
  11   (0.059) 0.052 0.090 0.014 0.013 
  12   (0.063) 0.053 0.011 0.244 0.010 
  13   (0.072) 0.165 0.012 0.170 0.012 
  14   (0.064) 0.200 0.011 0.053 0.010 
  15   (0.033) 0.045 0.006 0.008 0.005 

Locus 53 : locus53 
19 alleles
0.0% missing data
   1   (0.078) 0.057 0.015 0.056 0.239 
   2   (0.084) 0.096 0.023 0.058 0.175 
   3   (0.037) 0.010 0.008 0.009 0.089 
   4   (0.071) 0.166 0.028 0.017 0.108 
   5   (0.057) 0.015 0.010 0.090 0.095 
   6   (0.053) 0.088 0.009 0.013 0.037 
   7   (0.036) 0.010 0.010 0.008 0.059 
   8   (0.031) 0.008 0.005 0.007 0.033 
   9   (0.034) 0.009 0.009 0.008 0.058 
  10   (0.087) 0.023 0.363 0.288 0.020 
  11   (0.074) 0.020 0.224 0.170 0.018 
  12   (0.110) 0.139 0.227 0.141 0.027 
  13   (0.033) 0.009 0.033 0.008 0.006 
  14   (0.052) 0.050 0.009 0.089 0.009 
  15   (0.032) 0.045 0.005 0.007 0.005 
  16   (0.034) 0.082 0.006 0.008 0.006 
  17   (0.035) 0.082 0.006 0.008 0.006 
  18   (0.032) 0.045 0.005 0.007 0.005 
  19   (0.031) 0.045 0.005 0.007 0.005 

Locus 54 : locus54 
21 alleles
0.0% missing data
   1   (0.046) 0.012 0.016 0.011 0.137 
   2   (0.044) 0.012 0.010 0.010 0.309 
   3   (0.048) 0.013 0.036 0.011 0.036 
   4   (0.042) 0.011 0.011 0.010 0.197 
   5   (0.038) 0.010 0.009 0.009 0.087 
   6   (0.034) 0.009 0.006 0.008 0.061 
   7   (0.066) 0.018 0.039 0.054 0.038 
   8   (0.072) 0.166 0.150 0.017 0.014 
   9   (0.088) 0.242 0.227 0.021 0.024 
  10   (0.042) 0.011 0.169 0.010 0.012 
  11   (0.036) 0.010 0.058 0.009 0.010 
  12   (0.063) 0.090 0.119 0.015 0.013 
  13   (0.073) 0.056 0.068 0.055 0.012 
  14   (0.055) 0.015 0.037 0.128 0.009 
  15   (0.040) 0.011 0.007 0.124 0.006 
  16   (0.033) 0.009 0.006 0.046 0.005 
  17   (0.037) 0.010 0.006 0.200 0.006 
  18   (0.040) 0.011 0.007 0.238 0.006 
  19   (0.037) 0.083 0.006 0.009 0.006 
  20   (0.038) 0.156 0.007 0.009 0.006 
  21   (0.031) 0.045 0.005 0.007 0.005 

Locus 55 : locus55 
24 alleles
0.0% missing data
   1   (0.042) 0.011 0.012 0.010 0.250 
   2   (0.056) 0.015 0.119 0.013 0.065 
   3   (0.036) 0.010 0.009 0.008 0.086 
   4   (0.037) 0.010 0.011 0.009 0.166 
   5   (0.060) 0.016 0.085 0.014 0.156 
   6   (0.036) 0.010 0.006 0.008 0.088 
   7   (0.027) 0.007 0.005 0.006 0.032 
   8   (0.045) 0.012 0.008 0.049 0.035 
   9   (0.043) 0.012 0.200 0.010 0.011 
  10   (0.050) 0.014 0.093 0.050 0.008 
  11   (0.063) 0.017 0.146 0.091 0.015 
  12   (0.059) 0.016 0.177 0.129 0.011 
  13   (0.063) 0.017 0.061 0.168 0.016 
  14   (0.032) 0.009 0.006 0.046 0.005 
  15   (0.032) 0.009 0.006 0.046 0.005 
  16   (0.035) 0.010 0.006 0.161 0.006 
  17   (0.031) 0.008 0.005 0.084 0.005 
  18   (0.032) 0.009 0.006 0.045 0.005 
  19   (0.040) 0.193 0.007 0.009 0.006 
  20   (0.039) 0.156 0.007 0.009 0.006 
  21   (0.039) 0.120 0.007 0.009 0.006 
  22   (0.037) 0.119 0.006 0.009 0.006 
  23   (0.038) 0.156 0.007 0.009 0.006 
  24   (0.029) 0.044 0.005 0.007 0.005 

Locus 56 : locus56 
20 alleles
0.0% missing data
   1   (0.076) 0.021 0.179 0.018 0.096 
   2   (0.090) 0.024 0.025 0.174 0.308 
   3   (0.046) 0.013 0.011 0.011 0.169 
   4   (0.064) 0.017 0.047 0.015 0.112 
   5   (0.033) 0.009 0.006 0.008 0.033 
   6   (0.074) 0.020 0.413 0.017 0.059 
   7   (0.040) 0.011 0.010 0.010 0.087 
   8   (0.086) 0.023 0.057 0.173 0.055 
   9   (0.045) 0.012 0.118 0.011 0.009 
  10   (0.039) 0.010 0.063 0.009 0.006 
  11   (0.043) 0.012 0.007 0.163 0.007 
  12   (0.040) 0.011 0.007 0.086 0.006 
  13   (0.044) 0.012 0.008 0.239 0.007 
  14   (0.041) 0.121 0.007 0.010 0.007 
  15   (0.038) 0.047 0.007 0.009 0.006 
  16   (0.048) 0.231 0.008 0.011 0.008 
  17   (0.038) 0.156 0.007 0.009 0.006 
  18   (0.044) 0.121 0.008 0.010 0.007 
  19   (0.037) 0.046 0.006 0.009 0.006 
  20   (0.036) 0.083 0.006 0.008 0.006 

Locus 57 : locus57 
26 alleles
0.0% missing data
   1   (0.031) 0.008 0.005 0.007 0.033 
   2   (0.052) 0.014 0.009 0.050 0.092 
   3   (0.062) 0.017 0.014 0.129 0.174 
   4   (0.082) 0.022 0.022 0.363 0.340 
   5   (0.055) 0.015 0.015 0.089 0.115 
   6   (0.033) 0.009 0.008 0.008 0.087 
   7   (0.045) 0.012 0.008 0.087 0.035 
   8   (0.037) 0.010 0.115 0.009 0.008 
   9   (0.037) 0.010 0.141 0.009 0.009 
  10   (0.041) 0.011 0.196 0.010 0.011 
  11   (0.032) 0.009 0.086 0.008 0.007 
  12   (0.035) 0.009 0.115 0.008 0.007 
  13   (0.033) 0.009 0.033 0.008 0.005 
  14   (0.032) 0.009 0.033 0.007 0.005 
  15   (0.036) 0.010 0.087 0.009 0.008 
  16   (0.030) 0.008 0.057 0.007 0.008 
  17   (0.033) 0.009 0.006 0.122 0.005 
  18   (0.035) 0.155 0.006 0.008 0.006 
  19   (0.036) 0.192 0.006 0.008 0.006 
  20   (0.028) 0.044 0.005 0.007 0.005 
  21   (0.029) 0.081 0.005 0.007 0.005 
  22   (0.035) 0.046 0.006 0.008 0.006 
  23   (0.032) 0.081 0.005 0.008 0.005 
  24   (0.032) 0.081 0.005 0.008 0.005 
  25   (0.037) 0.083 0.006 0.009 0.006 
  26   (0.030) 0.044 0.005 0.007 0.005 

Locus 58 : locus58 
17 alleles
0.0% missing data
   1   (0.070) 0.019 0.017 0.093 0.255 
   2   (0.062) 0.017 0.053 0.015 0.133 
   3   (0.043) 0.012 0.012 0.010 0.196 
   4   (0.034) 0.009 0.006 0.008 0.033 
   5   (0.083) 0.022 0.131 0.058 0.092 
   6   (0.093) 0.025 0.274 0.098 0.063 
   7   (0.059) 0.016 0.010 0.282 0.036 
   8   (0.090) 0.025 0.170 0.136 0.055 
   9   (0.078) 0.058 0.020 0.095 0.061 
  10   (0.122) 0.252 0.182 0.143 0.027 
  11   (0.033) 0.009 0.034 0.008 0.005 
  12   (0.064) 0.127 0.062 0.015 0.015 
  13   (0.036) 0.082 0.006 0.008 0.006 
  14   (0.031) 0.045 0.005 0.007 0.005 
  15   (0.034) 0.082 0.006 0.008 0.005 
  16   (0.036) 0.156 0.006 0.009 0.006 
  17   (0.033) 0.045 0.006 0.008 0.005 

Locus 59 : locus59 
23 alleles
0.0% missing data
   1   (0.035) 0.009 0.008 0.008 0.312 
   2   (0.036) 0.010 0.009 0.009 0.142 
   3   (0.043) 0.048 0.007 0.010 0.035 
   4   (0.046) 0.013 0.008 0.049 0.036 
   5   (0.079) 0.131 0.018 0.057 0.093 
   6   (0.052) 0.014 0.015 0.050 0.114 
   7   (0.032) 0.009 0.009 0.008 0.058 
   8   (0.030) 0.008 0.005 0.007 0.033 
   9   (0.055) 0.124 0.014 0.013 0.060 
  10   (0.056) 0.051 0.174 0.013 0.011 
  11   (0.061) 0.017 0.226 0.091 0.015 
  12   (0.042) 0.011 0.251 0.010 0.010 
  13   (0.047) 0.013 0.059 0.049 0.012 
  14   (0.036) 0.010 0.058 0.009 0.009 
  15   (0.057) 0.015 0.089 0.090 0.013 
  16   (0.030) 0.008 0.005 0.045 0.005 
  17   (0.048) 0.049 0.008 0.241 0.008 
  18   (0.031) 0.009 0.005 0.045 0.005 
  19   (0.031) 0.008 0.005 0.083 0.005 
  20   (0.052) 0.124 0.009 0.050 0.008 
  21   (0.029) 0.008 0.005 0.045 0.005 
  22   (0.038) 0.229 0.007 0.009 0.006 
  23   (0.034) 0.082 0.006 0.008 0.006 

Locus 60 : locus60 
23 alleles
0.0% missing data
   1   (0.047) 0.013 0.014 0.011 0.304 
   2   (0.058) 0.016 0.012 0.090 0.145 
   3   (0.036) 0.010 0.007 0.008 0.170 
   4   (0.035) 0.009 0.010 0.008 0.057 
   5   (0.030) 0.008 0.005 0.007 0.060 
   6   (0.037) 0.010 0.011 0.009 0.111 
   7   (0.067) 0.018 0.207 0.168 0.012 
   8   (0.082) 0.058 0.148 0.172 0.019 
   9   (0.056) 0.088 0.120 0.013 0.011 
  10   (0.040) 0.011 0.035 0.048 0.007 
  11   (0.056) 0.088 0.060 0.013 0.014 
  12   (0.063) 0.272 0.061 0.015 0.015 
  13   (0.045) 0.012 0.036 0.049 0.007 
  14   (0.037) 0.010 0.139 0.009 0.013 
  15   (0.051) 0.014 0.037 0.127 0.008 
  16   (0.036) 0.010 0.058 0.009 0.009 
  17   (0.036) 0.010 0.006 0.123 0.006 
  18   (0.032) 0.009 0.006 0.084 0.005 
  19   (0.035) 0.082 0.006 0.008 0.006 
  20   (0.029) 0.044 0.005 0.007 0.005 
  21   (0.034) 0.119 0.006 0.008 0.005 
  22   (0.029) 0.044 0.005 0.007 0.005 
  23   (0.030) 0.044 0.005 0.007 0.005 

Locus 61 : locus61 
21 alleles
0.0% missing data
   1   (0.056) 0.015 0.061 0.013 0.151 
   2   (0.036) 0.010 0.009 0.009 0.141 
   3   (0.051) 0.123 0.009 0.012 0.036 
   4   (0.064) 0.017 0.019 0.130 0.168 
   5   (0.036) 0.010 0.010 0.009 0.058 
   6   (0.044) 0.012 0.008 0.049 0.035 
   7   (0.029) 0.008 0.005 0.007 0.032 
   8   (0.050) 0.013 0.036 0.012 0.091 
   9   (0.028) 0.008 0.005 0.007 0.032 
  10   (0.034) 0.009 0.008 0.008 0.086 
  11   (0.032) 0.009 0.009 0.008 0.057 
  12   (0.103) 0.211 0.233 0.101 0.024 
  13   (0.048) 0.049 0.060 0.011 0.012 
  14   (0.077) 0.057 0.230 0.056 0.018 
  15   (0.063) 0.017 0.094 0.397 0.010 
  16   (0.075) 0.057 0.146 0.094 0.018 
  17   (0.045) 0.049 0.036 0.011 0.007 
  18   (0.032) 0.009 0.005 0.046 0.005 
  19   (0.032) 0.081 0.006 0.008 0.005 
  20   (0.031) 0.081 0.005 0.007 0.005 
  21   (0.031) 0.154 0.005 0.007 0.005 

Locus 62 : locus62 
12 alleles
0.0% missing data
   1   (0.161) 0.116 0.086 0.229 0.436 
   2   (0.087) 0.060 0.115 0.021 0.082 
   3   (0.132) 0.255 0.065 0.146 0.062 
   4   (0.088) 0.024 0.260 0.021 0.214 
   5   (0.106) 0.065 0.076 0.102 0.071 
   6   (0.103) 0.210 0.018 0.139 0.071 
   7   (0.077) 0.094 0.172 0.018 0.021 
   8   (0.038) 0.010 0.063 0.009 0.006 
   9   (0.071) 0.092 0.122 0.017 0.014 
  10   (0.062) 0.053 0.011 0.167 0.010 
  11   (0.039) 0.011 0.007 0.086 0.006 
  12   (0.035) 0.010 0.006 0.046 0.006 

Locus 63 : locus63 
19 alleles
0.0% missing data
   1   (0.041) 0.011 0.007 0.010 0.146 
   2   (0.048) 0.013 0.013 0.011 0.281 
   3   (0.033) 0.009 0.006 0.008 0.033 
   4   (0.033) 0.009 0.006 0.008 0.033 
   5   (0.088) 0.024 0.051 0.136 0.118 
   6   (0.057) 0.015 0.015 0.051 0.060 
   7   (0.081) 0.022 0.081 0.057 0.083 
   8   (0.040) 0.011 0.014 0.010 0.138 
   9   (0.118) 0.068 0.424 0.181 0.032 
  10   (0.076) 0.021 0.206 0.171 0.014 
  11   (0.060) 0.126 0.038 0.014 0.010 
  12   (0.053) 0.014 0.037 0.051 0.009 
  13   (0.033) 0.009 0.033 0.008 0.005 
  14   (0.036) 0.010 0.034 0.008 0.006 
  15   (0.039) 0.011 0.007 0.238 0.006 
  16   (0.038) 0.120 0.007 0.009 0.006 
  17   (0.047) 0.268 0.008 0.011 0.008 
  18   (0.039) 0.120 0.007 0.009 0.006 
  19   (0.040) 0.120 0.007 0.009 0.006 

Locus 64 : locus64 
15 alleles
0.0% missing data
   1   (0.062) 0.017 0.088 0.015 0.127 
   2   (0.089) 0.024 0.134 0.059 0.174 
   3   (0.061) 0.017 0.186 0.014 0.056 
   4   (0.062) 0.017 0.058 0.015 0.241 
   5   (0.049) 0.013 0.036 0.012 0.036 
   6   (0.125) 0.180 0.062 0.336 0.062 
   7   (0.126) 0.107 0.136 0.183 0.100 
   8   (0.077) 0.021 0.057 0.056 0.136 
   9   (0.057) 0.016 0.090 0.052 0.013 
  10   (0.041) 0.011 0.081 0.010 0.016 
  11   (0.032) 0.009 0.033 0.007 0.005 
  12   (0.059) 0.162 0.010 0.052 0.010 
  13   (0.061) 0.125 0.010 0.091 0.010 
  14   (0.065) 0.236 0.011 0.092 0.011 
  15   (0.032) 0.045 0.006 0.008 0.005 

Locus 65 : locus65 
14 alleles
0.0% missing data
   1   (0.041) 0.011 0.009 0.010 0.091 
   2   (0.041) 0.011 0.007 0.010 0.122 
   3   (0.061) 0.016 0.108 0.014 0.048 
   4   (0.044) 0.012 0.008 0.010 0.238 
   5   (0.039) 0.010 0.010 0.009 0.061 
   6   (0.076) 0.057 0.083 0.018 0.053 
   7   (0.098) 0.136 0.029 0.061 0.147 
   8   (0.123) 0.325 0.031 0.106 0.125 
   9   (0.098) 0.063 0.222 0.099 0.025 
  10   (0.111) 0.176 0.114 0.103 0.031 
  11   (0.093) 0.062 0.270 0.060 0.029 
  12   (0.106) 0.101 0.071 0.445 0.018 
  13   (0.034) 0.009 0.032 0.008 0.006 
  14   (0.035) 0.010 0.006 0.047 0.006 

Locus 66 : locus66 
14 alleles
0.0% missing data
   1   (0.072) 0.020 0.020 0.132 0.116 
   2   (0.045) 0.012 0.009 0.011 0.288 
   3   (0.057) 0.125 0.010 0.013 0.037 
   4   (0.059) 0.052 0.021 0.014 0.083 
   5   (0.116) 0.177 0.229 0.027 0.140 
   6   (0.097) 0.136 0.024 0.176 0.065 
   7   (0.062) 0.017 0.011 0.091 0.095 
   8   (0.034) 0.009 0.006 0.008 0.034 
   9   (0.094) 0.171 0.105 0.022 0.064 
  10   (0.119) 0.105 0.266 0.296 0.022 
  11   (0.089) 0.061 0.146 0.097 0.022 
  12   (0.038) 0.010 0.057 0.009 0.011 
  13   (0.085) 0.096 0.092 0.058 0.019 
  14   (0.033) 0.009 0.006 0.046 0.005 

Locus 67 : locus67 
22 alleles
0.0% missing data
   1   (0.046) 0.013 0.012 0.011 0.220 
   2   (0.042) 0.011 0.010 0.010 0.274 
   3   (0.070) 0.019 0.195 0.017 0.081 
   4   (0.046) 0.012 0.013 0.011 0.191 
   5   (0.076) 0.021 0.071 0.056 0.065 
   6   (0.066) 0.018 0.247 0.016 0.057 
   7   (0.041) 0.011 0.149 0.010 0.008 
   8   (0.036) 0.010 0.090 0.009 0.008 
   9   (0.057) 0.016 0.038 0.243 0.009 
  10   (0.058) 0.016 0.062 0.090 0.014 
  11   (0.058) 0.016 0.039 0.166 0.009 
  12   (0.039) 0.011 0.007 0.200 0.006 
  13   (0.035) 0.010 0.006 0.085 0.006 
  14   (0.034) 0.045 0.006 0.008 0.005 
  15   (0.041) 0.230 0.007 0.010 0.006 
  16   (0.039) 0.084 0.007 0.009 0.006 
  17   (0.037) 0.120 0.007 0.009 0.006 
  18   (0.035) 0.082 0.006 0.008 0.006 
  19   (0.033) 0.045 0.006 0.008 0.005 
  20   (0.033) 0.045 0.006 0.008 0.005 
  21   (0.036) 0.046 0.006 0.009 0.006 
  22   (0.041) 0.120 0.007 0.010 0.006 

Locus 68 : locus68 
22 alleles
0.0% missing data
   1   (0.031) 0.008 0.007 0.007 0.118 
   2   (0.057) 0.016 0.014 0.090 0.061 
   3   (0.037) 0.010 0.007 0.009 0.176 
   4   (0.037) 0.010 0.010 0.009 0.059 
   5   (0.042) 0.011 0.008 0.010 0.177 
   6   (0.062) 0.017 0.025 0.053 0.109 
   7   (0.063) 0.017 0.016 0.167 0.062 
   8   (0.101) 0.210 0.017 0.330 0.045 
   9   (0.040) 0.011 0.009 0.010 0.089 
  10   (0.042) 0.011 0.193 0.010 0.012 
  11   (0.033) 0.009 0.033 0.008 0.005 
  12   (0.036) 0.010 0.085 0.008 0.008 
  13   (0.036) 0.010 0.085 0.009 0.008 
  14   (0.043) 0.012 0.274 0.010 0.012 
  15   (0.038) 0.010 0.085 0.009 0.009 
  16   (0.034) 0.009 0.033 0.008 0.006 
  17   (0.031) 0.008 0.032 0.007 0.005 
  18   (0.033) 0.009 0.033 0.008 0.006 
  19   (0.068) 0.200 0.011 0.131 0.011 
  20   (0.064) 0.163 0.011 0.091 0.011 
  21   (0.033) 0.082 0.006 0.008 0.006 
  22   (0.039) 0.156 0.006 0.009 0.006 

Locus 69 : locus69 
19 alleles
0.0% missing data
   1   (0.056) 0.015 0.044 0.013 0.140 
   2   (0.089) 0.024 0.092 0.059 0.269 
   3   (0.066) 0.018 0.212 0.016 0.089 
   4   (0.067) 0.018 0.248 0.016 0.108 
   5   (0.044) 0.012 0.014 0.010 0.276 
   6   (0.059) 0.016 0.116 0.052 0.016 
   7   (0.034) 0.009 0.062 0.008 0.006 
   8   (0.035) 0.010 0.058 0.008 0.009 
   9   (0.054) 0.015 0.066 0.089 0.009 
  10   (0.061) 0.090 0.011 0.167 0.010 
  11   (0.064) 0.127 0.011 0.168 0.010 
  12   (0.063) 0.126 0.011 0.130 0.010 
  13   (0.033) 0.009 0.006 0.046 0.005 
  14   (0.057) 0.125 0.010 0.051 0.009 
  15   (0.047) 0.049 0.008 0.049 0.008 
  16   (0.051) 0.087 0.009 0.050 0.008 
  17   (0.052) 0.087 0.009 0.050 0.008 
  18   (0.033) 0.045 0.006 0.008 0.005 
  19   (0.034) 0.119 0.006 0.008 0.005 

Locus 70 : locus70 
18 alleles
0.0% missing data
   1   (0.041) 0.011 0.010 0.010 0.146 
   2   (0.067) 0.018 0.210 0.016 0.058 
   3   (0.038) 0.010 0.009 0.009 0.090 
   4   (0.063) 0.017 0.098 0.015 0.061 
   5   (0.052) 0.050 0.009 0.012 0.037 
   6   (0.053) 0.051 0.009 0.013 0.066 
   7   (0.063) 0.054 0.020 0.015 0.143 
   8   (0.037) 0.010 0.006 0.009 0.063 
   9   (0.068) 0.018 0.138 0.016 0.104 
  10   (0.074) 0.166 0.016 0.018 0.094 
  11   (0.056) 0.052 0.010 0.013 0.067 
  12   (0.091) 0.025 0.415 0.174 0.022 
  13   (0.057) 0.052 0.010 0.090 0.009 
  14   (0.062) 0.053 0.011 0.282 0.010 
  15   (0.037) 0.010 0.006 0.085 0.006 
  16   (0.038) 0.010 0.006 0.162 0.006 
  17   (0.061) 0.199 0.010 0.052 0.010 
  18   (0.042) 0.194 0.007 0.010 0.007 

Locus 71 : locus71 
17 alleles
0.0% missing data
   1   (0.080) 0.022 0.022 0.134 0.116 
   2   (0.091) 0.025 0.019 0.174 0.264 
   3   (0.110) 0.066 0.023 0.178 0.238 
   4   (0.086) 0.096 0.023 0.020 0.259 
   5   (0.042) 0.011 0.115 0.010 0.009 
   6   (0.054) 0.015 0.304 0.013 0.015 
   7   (0.044) 0.012 0.116 0.010 0.009 
   8   (0.083) 0.132 0.173 0.020 0.019 
   9   (0.046) 0.012 0.116 0.011 0.010 
  10   (0.053) 0.014 0.036 0.051 0.009 
  11   (0.044) 0.012 0.007 0.201 0.007 
  12   (0.062) 0.053 0.010 0.091 0.010 
  13   (0.038) 0.010 0.007 0.047 0.006 
  14   (0.050) 0.269 0.009 0.012 0.008 
  15   (0.036) 0.046 0.006 0.009 0.006 
  16   (0.040) 0.084 0.007 0.009 0.007 
  17   (0.042) 0.121 0.007 0.010 0.007 

Locus 72 : locus72 
18 alleles
0.0% missing data
   1   (0.048) 0.013 0.011 0.011 0.201 
   2   (0.083) 0.168 0.017 0.020 0.151 
   3   (0.093) 0.281 0.022 0.022 0.148 
   4   (0.048) 0.013 0.011 0.011 0.173 
   5   (0.067) 0.055 0.018 0.016 0.116 
   6   (0.073) 0.020 0.016 0.094 0.092 
   7   (0.048) 0.013 0.167 0.011 0.014 
   8   (0.043) 0.012 0.118 0.010 0.007 
   9   (0.048) 0.013 0.170 0.011 0.011 
  10   (0.046) 0.012 0.144 0.011 0.009 
  11   (0.048) 0.013 0.167 0.011 0.014 
  12   (0.042) 0.011 0.058 0.010 0.011 
  13   (0.037) 0.010 0.034 0.009 0.006 
  14   (0.050) 0.014 0.009 0.317 0.008 
  15   (0.084) 0.132 0.014 0.326 0.014 
  16   (0.061) 0.053 0.010 0.091 0.010 
  17   (0.040) 0.084 0.007 0.009 0.007 
  18   (0.042) 0.084 0.007 0.010 0.007 

Locus 73 : locus73 
19 alleles
0.0% missing data
   1   (0.041) 0.011 0.009 0.010 0.090 
   2   (0.071) 0.019 0.155 0.017 0.090 
   3   (0.097) 0.026 0.246 0.023 0.371 
   4   (0.047) 0.013 0.009 0.011 0.265 
   5   (0.068) 0.019 0.129 0.016 0.058 
   6   (0.049) 0.013 0.195 0.011 0.011 
   7   (0.042) 0.011 0.057 0.010 0.011 
   8   (0.043) 0.012 0.110 0.010 0.013 
   9   (0.081) 0.241 0.014 0.134 0.014 
  10   (0.067) 0.128 0.011 0.092 0.011 
  11   (0.067) 0.091 0.011 0.169 0.011 
  12   (0.036) 0.010 0.006 0.047 0.006 
  13   (0.044) 0.012 0.007 0.125 0.007 
  14   (0.039) 0.011 0.007 0.086 0.006 
  15   (0.040) 0.011 0.007 0.124 0.007 
  16   (0.039) 0.011 0.007 0.085 0.007 
  17   (0.045) 0.158 0.008 0.011 0.008 
  18   (0.049) 0.159 0.008 0.012 0.008 
  19   (0.035) 0.046 0.006 0.008 0.006 

Locus 74 : locus74 
17 alleles
0.0% missing data
   1   (0.042) 0.011 0.012 0.010 0.113 
   2   (0.041) 0.011 0.009 0.010 0.116 
   3   (0.083) 0.059 0.158 0.020 0.064 
   4   (0.067) 0.018 0.054 0.016 0.245 
   5   (0.076) 0.057 0.051 0.018 0.085 
   6   (0.044) 0.012 0.011 0.010 0.142 
   7   (0.063) 0.017 0.135 0.015 0.052 
   8   (0.057) 0.015 0.048 0.013 0.082 
   9   (0.087) 0.206 0.202 0.020 0.022 
  10   (0.066) 0.054 0.177 0.016 0.012 
  11   (0.061) 0.163 0.038 0.015 0.010 
  12   (0.070) 0.165 0.061 0.017 0.018 
  13   (0.045) 0.012 0.008 0.278 0.007 
  14   (0.041) 0.011 0.007 0.162 0.007 
  15   (0.062) 0.126 0.011 0.091 0.010 
  16   (0.060) 0.052 0.010 0.205 0.010 
  17   (0.035) 0.010 0.006 0.085 0.006 

Locus 75 : locus75 
17 alleles
0.0% missing data
   1   (0.055) 0.015 0.013 0.013 0.260 
   2   (0.101) 0.027 0.025 0.330 0.121 
   3   (0.101) 0.027 0.021 0.138 0.381 
   4   (0.073) 0.020 0.080 0.017 0.082 
   5   (0.067) 0.018 0.093 0.016 0.039 
   6   (0.060) 0.016 0.331 0.014 0.017 
   7   (0.052) 0.014 0.197 0.012 0.012 
   8   (0.049) 0.013 0.116 0.012 0.010 
   9   (0.049) 0.013 0.058 0.012 0.013 
  10   (0.048) 0.013 0.008 0.202 0.008 
  11   (0.045) 0.012 0.008 0.087 0.007 
  12   (0.039) 0.010 0.007 0.047 0.006 
  13   (0.069) 0.165 0.012 0.054 0.012 
  14   (0.052) 0.269 0.009 0.012 0.009 
  15   (0.044) 0.085 0.007 0.010 0.007 
  16   (0.044) 0.085 0.008 0.010 0.007 
  17   (0.051) 0.196 0.009 0.012 0.009 

Locus 76 : locus76 
17 alleles
0.0% missing data
   1   (0.107) 0.065 0.128 0.025 0.346 
   2   (0.057) 0.015 0.085 0.013 0.046 
   3   (0.136) 0.255 0.146 0.032 0.285 
   4   (0.066) 0.273 0.012 0.016 0.037 
   5   (0.056) 0.015 0.038 0.013 0.063 
   6   (0.075) 0.130 0.027 0.018 0.080 
   7   (0.078) 0.057 0.071 0.019 0.066 
   8   (0.043) 0.012 0.179 0.010 0.007 
   9   (0.046) 0.012 0.173 0.011 0.013 
  10   (0.040) 0.011 0.060 0.009 0.010 
  11   (0.035) 0.010 0.035 0.008 0.006 
  12   (0.042) 0.011 0.007 0.201 0.007 
  13   (0.037) 0.010 0.007 0.085 0.006 
  14   (0.042) 0.011 0.008 0.163 0.007 
  15   (0.042) 0.011 0.008 0.201 0.007 
  16   (0.037) 0.010 0.007 0.085 0.006 
  17   (0.061) 0.089 0.011 0.091 0.010 

Locus 77 : locus77 
19 alleles
0.0% missing data
   1   (0.039) 0.011 0.010 0.009 0.250 
   2   (0.042) 0.012 0.013 0.010 0.274 
   3   (0.035) 0.009 0.006 0.008 0.033 
   4   (0.036) 0.010 0.008 0.009 0.141 
   5   (0.032) 0.009 0.006 0.008 0.060 
   6   (0.032) 0.009 0.006 0.007 0.032 
   7   (0.034) 0.009 0.010 0.008 0.056 
   8   (0.100) 0.063 0.176 0.291 0.026 
   9   (0.070) 0.055 0.126 0.055 0.011 
  10   (0.097) 0.099 0.236 0.176 0.022 
  11   (0.075) 0.057 0.093 0.132 0.016 
  12   (0.072) 0.166 0.041 0.055 0.012 
  13   (0.087) 0.170 0.119 0.059 0.022 
  14   (0.052) 0.014 0.060 0.050 0.013 
  15   (0.030) 0.008 0.033 0.007 0.005 
  16   (0.051) 0.123 0.037 0.012 0.008 
  17   (0.032) 0.009 0.006 0.046 0.005 
  18   (0.054) 0.124 0.009 0.051 0.009 
  19   (0.031) 0.045 0.005 0.007 0.005 

Locus 78 : locus78 
20 alleles
0.0% missing data
   1   (0.067) 0.018 0.014 0.092 0.119 
   2   (0.088) 0.024 0.021 0.135 0.426 
   3   (0.069) 0.019 0.018 0.054 0.200 
   4   (0.090) 0.025 0.130 0.059 0.093 
   5   (0.059) 0.016 0.010 0.167 0.037 
   6   (0.037) 0.010 0.034 0.009 0.006 
   7   (0.047) 0.013 0.256 0.011 0.010 
   8   (0.059) 0.016 0.082 0.052 0.020 
   9   (0.038) 0.010 0.062 0.009 0.006 
  10   (0.052) 0.014 0.037 0.050 0.008 
  11   (0.050) 0.014 0.194 0.012 0.016 
  12   (0.037) 0.010 0.087 0.009 0.008 
  13   (0.041) 0.011 0.007 0.277 0.007 
  14   (0.044) 0.158 0.008 0.011 0.007 
  15   (0.042) 0.194 0.007 0.010 0.007 
  16   (0.032) 0.045 0.006 0.008 0.005 
  17   (0.036) 0.119 0.006 0.008 0.006 
  18   (0.039) 0.120 0.007 0.009 0.006 
  19   (0.037) 0.119 0.006 0.009 0.006 
  20   (0.037) 0.046 0.006 0.009 0.006 

Locus 79 : locus79 
15 alleles
0.0% missing data
   1   (0.045) 0.012 0.010 0.011 0.116 
   2   (0.045) 0.012 0.011 0.011 0.087 
   3   (0.045) 0.012 0.010 0.011 0.116 
   4   (0.050) 0.014 0.011 0.012 0.227 
   5   (0.051) 0.014 0.018 0.012 0.137 
   6   (0.048) 0.013 0.013 0.011 0.142 
   7   (0.068) 0.164 0.012 0.016 0.038 
   8   (0.094) 0.171 0.203 0.022 0.024 
   9   (0.135) 0.146 0.183 0.222 0.029 
  10   (0.128) 0.144 0.162 0.221 0.021 
  11   (0.052) 0.014 0.202 0.012 0.011 
  12   (0.046) 0.013 0.083 0.011 0.016 
  13   (0.074) 0.130 0.063 0.018 0.018 
  14   (0.081) 0.095 0.014 0.401 0.013 
  15   (0.037) 0.046 0.006 0.009 0.006 

Locus 80 : locus80 
16 alleles
0.0% missing data
   1   (0.097) 0.209 0.023 0.023 0.260 
   2   (0.157) 0.225 0.061 0.152 0.186 
   3   (0.052) 0.014 0.015 0.012 0.308 
   4   (0.114) 0.140 0.151 0.027 0.107 
   5   (0.091) 0.244 0.016 0.059 0.042 
   6   (0.072) 0.055 0.200 0.017 0.019 
   7   (0.044) 0.012 0.088 0.010 0.010 
   8   (0.047) 0.013 0.199 0.011 0.011 
   9   (0.041) 0.011 0.063 0.010 0.007 
  10   (0.048) 0.013 0.143 0.011 0.012 
  11   (0.044) 0.012 0.008 0.278 0.007 
  12   (0.043) 0.012 0.007 0.124 0.007 
  13   (0.039) 0.011 0.007 0.085 0.006 
  14   (0.037) 0.010 0.006 0.047 0.006 
  15   (0.039) 0.011 0.007 0.086 0.006 
  16   (0.035) 0.010 0.006 0.046 0.006 

Locus 81 : locus81 
19 alleles
0.0% missing data
   1   (0.062) 0.017 0.208 0.015 0.057 
   2   (0.081) 0.095 0.018 0.057 0.095 
   3   (0.112) 0.067 0.100 0.064 0.275 
   4   (0.064) 0.273 0.011 0.015 0.039 
   5   (0.061) 0.017 0.013 0.052 0.237 
   6   (0.061) 0.089 0.020 0.015 0.086 
   7   (0.064) 0.017 0.119 0.015 0.068 
   8   (0.064) 0.017 0.130 0.015 0.056 
   9   (0.066) 0.018 0.140 0.092 0.017 
  10   (0.044) 0.012 0.188 0.011 0.016 
  11   (0.044) 0.012 0.007 0.392 0.007 
  12   (0.037) 0.010 0.006 0.085 0.006 
  13   (0.033) 0.009 0.005 0.084 0.006 
  14   (0.032) 0.009 0.005 0.046 0.005 
  15   (0.033) 0.046 0.006 0.008 0.006 
  16   (0.035) 0.082 0.006 0.008 0.006 
  17   (0.038) 0.083 0.006 0.009 0.006 
  18   (0.032) 0.045 0.005 0.008 0.005 
  19   (0.036) 0.083 0.006 0.008 0.006 

Locus 82 : locus82 
24 alleles
0.0% missing data
   1   (0.067) 0.054 0.011 0.130 0.067 
   2   (0.068) 0.018 0.020 0.283 0.225 
   3   (0.031) 0.008 0.006 0.007 0.144 
   4   (0.035) 0.010 0.012 0.008 0.195 
   5   (0.085) 0.205 0.015 0.096 0.098 
   6   (0.052) 0.014 0.014 0.127 0.059 
   7   (0.032) 0.009 0.006 0.008 0.033 
   8   (0.043) 0.012 0.008 0.048 0.035 
   9   (0.052) 0.234 0.009 0.012 0.036 
  10   (0.036) 0.010 0.167 0.009 0.010 
  11   (0.035) 0.010 0.196 0.008 0.009 
  12   (0.047) 0.049 0.117 0.011 0.010 
  13   (0.056) 0.088 0.059 0.013 0.014 
  14   (0.033) 0.009 0.086 0.008 0.008 
  15   (0.048) 0.049 0.091 0.011 0.008 
  16   (0.032) 0.009 0.033 0.008 0.005 
  17   (0.042) 0.048 0.035 0.010 0.007 
  18   (0.033) 0.009 0.057 0.008 0.009 
  19   (0.030) 0.008 0.033 0.007 0.005 
  20   (0.033) 0.009 0.006 0.122 0.005 
  21   (0.027) 0.007 0.005 0.045 0.004 
  22   (0.028) 0.044 0.005 0.007 0.005 
  23   (0.028) 0.044 0.005 0.007 0.005 
  24   (0.027) 0.044 0.005 0.006 0.004 

Locus 83 : locus83 
19 alleles
0.0% missing data
   1   (0.104) 0.101 0.066 0.025 0.299 
   2   (0.069) 0.055 0.026 0.016 0.161 
   3   (0.065) 0.090 0.017 0.015 0.059 
   4   (0.055) 0.088 0.010 0.013 0.036 
   5   (0.080) 0.022 0.131 0.019 0.200 
   6   (0.063) 0.017 0.175 0.015 0.043 
   7   (0.057) 0.088 0.010 0.013 0.036 
   8   (0.075) 0.166 0.018 0.018 0.090 
   9   (0.042) 0.011 0.147 0.010 0.008 
  10   (0.049) 0.013 0.342 0.012 0.013 
  11   (0.041) 0.011 0.007 0.200 0.006 
  12   (0.038) 0.010 0.007 0.200 0.006 
  13   (0.042) 0.011 0.007 0.162 0.007 
  14   (0.036) 0.010 0.006 0.123 0.006 
  15   (0.036) 0.010 0.006 0.085 0.006 
  16   (0.034) 0.009 0.006 0.046 0.006 
  17   (0.044) 0.195 0.008 0.010 0.007 
  18   (0.036) 0.046 0.006 0.009 0.006 
  19   (0.035) 0.046 0.006 0.008 0.006 

Locus 84 : locus84 
22 alleles
0.0% missing data
   1   (0.038) 0.010 0.010 0.009 0.058 
   2   (0.069) 0.237 0.012 0.016 0.094 
   3   (0.042) 0.011 0.011 0.010 0.142 
   4   (0.047) 0.013 0.014 0.011 0.223 
   5   (0.034) 0.009 0.006 0.008 0.061 
   6   (0.063) 0.236 0.011 0.015 0.038 
   7   (0.033) 0.009 0.006 0.008 0.033 
   8   (0.033) 0.009 0.006 0.008 0.089 
   9   (0.046) 0.012 0.016 0.011 0.137 
  10   (0.041) 0.011 0.227 0.010 0.010 
  11   (0.038) 0.010 0.117 0.009 0.008 
  12   (0.036) 0.010 0.116 0.008 0.007 
  13   (0.073) 0.020 0.146 0.285 0.018 
  14   (0.057) 0.015 0.061 0.090 0.014 
  15   (0.068) 0.019 0.083 0.130 0.023 
  16   (0.029) 0.008 0.033 0.007 0.005 
  17   (0.053) 0.015 0.037 0.166 0.009 
  18   (0.060) 0.016 0.066 0.129 0.010 
  19   (0.034) 0.009 0.006 0.046 0.005 
  20   (0.032) 0.045 0.006 0.008 0.005 
  21   (0.031) 0.045 0.005 0.007 0.005 
  22   (0.042) 0.230 0.007 0.010 0.007 

Locus 85 : locus85 
23 alleles
0.0% missing data
   1   (0.045) 0.012 0.012 0.011 0.281 
   2   (0.036) 0.010 0.008 0.008 0.087 
   3   (0.030) 0.008 0.005 0.007 0.033 
   4   (0.060) 0.016 0.052 0.014 0.245 
   5   (0.032) 0.009 0.005 0.007 0.033 
   6   (0.057) 0.088 0.015 0.014 0.059 
   7   (0.064) 0.017 0.170 0.015 0.129 
   8   (0.040) 0.011 0.197 0.009 0.010 
   9   (0.058) 0.016 0.090 0.090 0.013 
  10   (0.037) 0.010 0.172 0.009 0.007 
  11   (0.055) 0.015 0.060 0.051 0.014 
  12   (0.054) 0.015 0.059 0.089 0.014 
  13   (0.034) 0.009 0.057 0.008 0.010 
  14   (0.048) 0.049 0.036 0.011 0.008 
  15   (0.038) 0.010 0.007 0.238 0.006 
  16   (0.035) 0.010 0.006 0.123 0.006 
  17   (0.064) 0.199 0.011 0.130 0.010 
  18   (0.062) 0.236 0.011 0.091 0.010 
  19   (0.030) 0.008 0.005 0.045 0.005 
  20   (0.032) 0.045 0.006 0.008 0.005 
  21   (0.030) 0.044 0.005 0.007 0.005 
  22   (0.029) 0.044 0.005 0.007 0.005 
  23   (0.032) 0.118 0.006 0.008 0.005 

Locus 86 : locus86 
21 alleles
0.0% missing data
   1   (0.046) 0.012 0.011 0.011 0.283 
   2   (0.046) 0.012 0.012 0.011 0.227 
   3   (0.038) 0.010 0.011 0.009 0.058 
   4   (0.033) 0.009 0.006 0.008 0.033 
   5   (0.036) 0.010 0.006 0.009 0.034 
   6   (0.047) 0.013 0.021 0.011 0.105 
   7   (0.038) 0.010 0.007 0.009 0.062 
   8   (0.053) 0.051 0.009 0.013 0.064 
   9   (0.045) 0.012 0.143 0.011 0.011 
  10   (0.073) 0.129 0.092 0.017 0.016 
  11   (0.075) 0.020 0.092 0.324 0.017 
  12   (0.081) 0.022 0.146 0.248 0.019 
  13   (0.045) 0.012 0.113 0.011 0.012 
  14   (0.062) 0.053 0.147 0.015 0.012 
  15   (0.039) 0.011 0.116 0.009 0.008 
  16   (0.054) 0.015 0.037 0.051 0.009 
  17   (0.033) 0.009 0.006 0.046 0.005 
  18   (0.038) 0.010 0.007 0.123 0.006 
  19   (0.035) 0.009 0.006 0.046 0.006 
  20   (0.047) 0.487 0.008 0.011 0.008 
  21   (0.037) 0.083 0.006 0.009 0.006 

Locus 87 : locus87 
20 alleles
0.0% missing data
   1   (0.075) 0.056 0.021 0.018 0.365 
   2   (0.072) 0.239 0.013 0.017 0.095 
   3   (0.072) 0.093 0.016 0.017 0.231 
   4   (0.042) 0.011 0.011 0.010 0.058 
   5   (0.034) 0.009 0.006 0.008 0.033 
   6   (0.037) 0.010 0.008 0.009 0.087 
   7   (0.088) 0.024 0.259 0.212 0.020 
   8   (0.040) 0.011 0.062 0.009 0.006 
   9   (0.078) 0.021 0.254 0.133 0.021 
  10   (0.046) 0.013 0.171 0.011 0.011 
  11   (0.058) 0.016 0.066 0.090 0.009 
  12   (0.057) 0.016 0.060 0.052 0.014 
  13   (0.042) 0.012 0.007 0.201 0.007 
  14   (0.035) 0.009 0.006 0.046 0.006 
  15   (0.038) 0.010 0.006 0.085 0.006 
  16   (0.033) 0.009 0.006 0.046 0.005 
  17   (0.045) 0.267 0.008 0.011 0.007 
  18   (0.034) 0.046 0.006 0.008 0.006 
  19   (0.037) 0.046 0.006 0.009 0.006 
  20   (0.036) 0.083 0.006 0.009 0.006 

Locus 88 : locus88 
22 alleles
0.0% missing data
   1   (0.061) 0.016 0.239 0.014 0.059 
   2   (0.036) 0.010 0.010 0.009 0.141 
   3   (0.086) 0.169 0.059 0.020 0.135 
   4   (0.082) 0.058 0.018 0.058 0.314 
   5   (0.037) 0.010 0.010 0.009 0.141 
   6   (0.089) 0.097 0.071 0.059 0.069 
   7   (0.032) 0.009 0.006 0.008 0.033 
   8   (0.038) 0.010 0.200 0.009 0.008 
   9   (0.057) 0.088 0.066 0.013 0.009 
  10   (0.035) 0.010 0.116 0.008 0.007 
  11   (0.050) 0.087 0.036 0.012 0.008 
  12   (0.028) 0.007 0.033 0.007 0.004 
  13   (0.073) 0.202 0.084 0.017 0.023 
  14   (0.034) 0.009 0.006 0.123 0.006 
  15   (0.032) 0.009 0.006 0.084 0.005 
  16   (0.035) 0.009 0.006 0.161 0.006 
  17   (0.036) 0.010 0.006 0.199 0.006 
  18   (0.029) 0.008 0.005 0.045 0.005 
  19   (0.032) 0.009 0.006 0.084 0.005 
  20   (0.033) 0.009 0.006 0.046 0.005 
  21   (0.033) 0.119 0.006 0.008 0.005 
  22   (0.031) 0.045 0.005 0.007 0.005 

Locus 89 : locus89 
17 alleles
0.0% missing data
   1   (0.112) 0.066 0.029 0.103 0.407 
   2   (0.119) 0.361 0.052 0.028 0.243 
   3   (0.063) 0.199 0.011 0.015 0.039 
   4   (0.060) 0.016 0.010 0.129 0.038 
   5   (0.116) 0.141 0.151 0.027 0.164 
   6   (0.044) 0.012 0.169 0.010 0.009 
   7   (0.046) 0.013 0.111 0.011 0.014 
   8   (0.050) 0.014 0.193 0.012 0.014 
   9   (0.034) 0.009 0.033 0.008 0.006 
  10   (0.036) 0.010 0.033 0.009 0.006 
  11   (0.048) 0.013 0.135 0.011 0.017 
  12   (0.034) 0.009 0.033 0.008 0.006 
  13   (0.039) 0.011 0.007 0.124 0.007 
  14   (0.041) 0.011 0.007 0.124 0.007 
  15   (0.062) 0.053 0.010 0.206 0.010 
  16   (0.061) 0.053 0.010 0.129 0.010 
  17   (0.035) 0.009 0.006 0.046 0.006 

Locus 90 : locus90 
21 alleles
0.0% missing data
   1   (0.053) 0.014 0.047 0.012 0.081 
   2   (0.041) 0.011 0.011 0.010 0.140 
   3   (0.041) 0.011 0.010 0.010 0.141 
   4   (0.059) 0.016 0.057 0.014 0.183 
   5   (0.036) 0.010 0.011 0.009 0.112 
   6   (0.090) 0.024 0.050 0.251 0.146 
   7   (0.064) 0.017 0.054 0.053 0.051 
   8   (0.032) 0.009 0.006 0.008 0.033 
   9   (0.063) 0.090 0.149 0.015 0.012 
  10   (0.045) 0.012 0.036 0.049 0.007 
  11   (0.039) 0.011 0.255 0.009 0.011 
  12   (0.028) 0.008 0.033 0.007 0.004 
  13   (0.034) 0.009 0.058 0.008 0.009 
  14   (0.037) 0.010 0.088 0.009 0.008 
  15   (0.032) 0.009 0.033 0.008 0.005 
  16   (0.102) 0.173 0.066 0.254 0.023 
  17   (0.076) 0.421 0.013 0.132 0.012 
  18   (0.035) 0.010 0.006 0.085 0.006 
  19   (0.032) 0.009 0.006 0.046 0.005 
  20   (0.032) 0.045 0.006 0.008 0.005 
  21   (0.031) 0.081 0.005 0.007 0.005 

Locus 91 : locus91 
27 alleles
0.0% missing data
   1   (0.032) 0.009 0.005 0.007 0.061 
   2   (0.059) 0.125 0.018 0.014 0.224 
   3   (0.037) 0.010 0.008 0.009 0.115 
   4   (0.034) 0.009 0.012 0.008 0.194 
   5   (0.045) 0.048 0.010 0.011 0.116 
   6   (0.031) 0.009 0.005 0.007 0.033 
   7   (0.046) 0.159 0.008 0.011 0.035 
   8   (0.041) 0.048 0.007 0.010 0.034 
   9   (0.037) 0.047 0.006 0.009 0.034 
  10   (0.027) 0.007 0.005 0.007 0.032 
  11   (0.058) 0.016 0.225 0.052 0.017 
  12   (0.065) 0.018 0.173 0.321 0.015 
  13   (0.030) 0.008 0.058 0.007 0.008 
  14   (0.032) 0.009 0.058 0.008 0.009 
  15   (0.033) 0.009 0.087 0.008 0.007 
  16   (0.031) 0.009 0.089 0.007 0.005 
  17   (0.028) 0.007 0.033 0.007 0.005 
  18   (0.044) 0.012 0.035 0.087 0.007 
  19   (0.052) 0.014 0.117 0.127 0.011 
  20   (0.032) 0.009 0.006 0.199 0.005 
  21   (0.026) 0.007 0.005 0.045 0.004 
  22   (0.028) 0.044 0.005 0.006 0.004 
  23   (0.034) 0.119 0.006 0.008 0.006 
  24   (0.034) 0.119 0.006 0.008 0.006 
  25   (0.030) 0.045 0.005 0.007 0.005 
  26   (0.024) 0.043 0.004 0.006 0.004 
  27   (0.031) 0.045 0.005 0.007 0.005 

Locus 92 : locus92 
18 alleles
0.0% missing data
   1   (0.053) 0.015 0.037 0.013 0.065 
   2   (0.102) 0.028 0.116 0.253 0.085 
   3   (0.085) 0.023 0.350 0.020 0.259 
   4   (0.044) 0.012 0.013 0.010 0.113 
   5   (0.117) 0.032 0.245 0.295 0.100 
   6   (0.072) 0.165 0.015 0.017 0.120 
   7   (0.063) 0.017 0.081 0.015 0.078 
   8   (0.084) 0.023 0.049 0.135 0.117 
   9   (0.056) 0.015 0.037 0.128 0.009 
  10   (0.034) 0.009 0.006 0.046 0.006 
  11   (0.042) 0.157 0.007 0.010 0.007 
  12   (0.039) 0.156 0.007 0.009 0.006 
  13   (0.036) 0.083 0.006 0.008 0.006 
  14   (0.034) 0.046 0.006 0.008 0.006 
  15   (0.035) 0.046 0.006 0.008 0.006 
  16   (0.033) 0.045 0.006 0.008 0.005 
  17   (0.033) 0.045 0.006 0.008 0.005 
  18   (0.038) 0.083 0.007 0.009 0.006 

Locus 93 : locus93 
19 alleles
0.0% missing data
   1   (0.032) 0.009 0.008 0.008 0.060 
   2   (0.035) 0.010 0.008 0.008 0.090 
   3   (0.075) 0.093 0.013 0.094 0.099 
   4   (0.035) 0.010 0.009 0.008 0.147 
   5   (0.088) 0.024 0.104 0.136 0.207 
   6   (0.116) 0.104 0.111 0.218 0.121 
   7   (0.029) 0.008 0.005 0.007 0.034 
   8   (0.048) 0.086 0.008 0.011 0.037 
   9   (0.029) 0.008 0.005 0.007 0.034 
  10   (0.030) 0.008 0.005 0.007 0.034 
  11   (0.048) 0.123 0.008 0.012 0.037 
  12   (0.082) 0.059 0.172 0.172 0.016 
  13   (0.099) 0.173 0.329 0.099 0.027 
  14   (0.083) 0.059 0.112 0.172 0.024 
  15   (0.050) 0.050 0.057 0.012 0.014 
  16   (0.029) 0.008 0.032 0.007 0.005 
  17   (0.032) 0.081 0.005 0.007 0.005 
  18   (0.027) 0.044 0.005 0.007 0.005 
  19   (0.032) 0.045 0.005 0.008 0.005 

Locus 94 : locus94 
13 alleles
0.0% missing data
   1   (0.101) 0.173 0.120 0.024 0.052 
   2   (0.138) 0.183 0.122 0.033 0.396 
   3   (0.169) 0.082 0.277 0.154 0.278 
   4   (0.037) 0.010 0.006 0.009 0.034 
   5   (0.111) 0.066 0.369 0.026 0.111 
   6   (0.037) 0.010 0.006 0.009 0.034 
   7   (0.089) 0.097 0.015 0.136 0.042 
   8   (0.060) 0.016 0.038 0.090 0.010 
   9   (0.045) 0.012 0.008 0.201 0.007 
  10   (0.071) 0.092 0.012 0.169 0.012 
  11   (0.064) 0.054 0.011 0.130 0.010 
  12   (0.037) 0.046 0.006 0.009 0.006 
  13   (0.043) 0.158 0.008 0.010 0.007 

Locus 95 : locus95 
17 alleles
0.0% missing data
   1   (0.038) 0.010 0.010 0.009 0.058 
   2   (0.069) 0.019 0.081 0.016 0.220 
   3   (0.062) 0.017 0.134 0.015 0.053 
   4   (0.042) 0.011 0.011 0.010 0.143 
   5   (0.033) 0.009 0.006 0.008 0.033 
   6   (0.038) 0.010 0.011 0.009 0.113 
   7   (0.043) 0.012 0.010 0.010 0.172 
   8   (0.059) 0.016 0.078 0.014 0.080 
   9   (0.083) 0.023 0.162 0.211 0.031 
  10   (0.107) 0.175 0.178 0.102 0.024 
  11   (0.075) 0.020 0.231 0.132 0.016 
  12   (0.051) 0.014 0.036 0.050 0.008 
  13   (0.060) 0.089 0.010 0.091 0.010 
  14   (0.054) 0.088 0.009 0.051 0.009 
  15   (0.065) 0.273 0.011 0.053 0.011 
  16   (0.049) 0.050 0.008 0.050 0.008 
  17   (0.072) 0.165 0.012 0.170 0.012 

Locus 96 : locus96 
20 alleles
0.0% missing data
   1   (0.039) 0.011 0.011 0.009 0.195 
   2   (0.041) 0.011 0.009 0.010 0.115 
   3   (0.040) 0.011 0.011 0.010 0.223 
   4   (0.039) 0.011 0.009 0.009 0.197 
   5   (0.032) 0.009 0.009 0.008 0.057 
   6   (0.031) 0.009 0.005 0.007 0.032 
   7   (0.031) 0.008 0.006 0.008 0.032 
   8   (0.081) 0.058 0.232 0.095 0.019 
   9   (0.115) 0.250 0.175 0.180 0.031 
  10   (0.062) 0.017 0.121 0.167 0.013 
  11   (0.052) 0.050 0.090 0.012 0.011 
  12   (0.044) 0.012 0.035 0.049 0.007 
  13   (0.078) 0.094 0.070 0.095 0.013 
  14   (0.034) 0.009 0.058 0.008 0.009 
  15   (0.037) 0.010 0.088 0.009 0.008 
  16   (0.061) 0.053 0.039 0.052 0.010 
  17   (0.050) 0.050 0.009 0.089 0.008 
  18   (0.028) 0.008 0.005 0.045 0.005 
  19   (0.060) 0.126 0.010 0.129 0.010 
  20   (0.041) 0.194 0.007 0.010 0.007 

Locus 97 : locus97 
19 alleles
0.0% missing data
   1   (0.076) 0.057 0.116 0.018 0.048 
   2   (0.075) 0.203 0.018 0.018 0.175 
   3   (0.043) 0.012 0.011 0.010 0.226 
   4   (0.102) 0.064 0.057 0.062 0.200 
   5   (0.041) 0.011 0.012 0.010 0.113 
   6   (0.033) 0.009 0.006 0.008 0.033 
   7   (0.042) 0.011 0.010 0.010 0.088 
   8   (0.045) 0.012 0.280 0.010 0.012 
   9   (0.085) 0.059 0.070 0.287 0.014 
  10   (0.056) 0.015 0.037 0.166 0.009 
  11   (0.041) 0.011 0.113 0.010 0.012 
  12   (0.072) 0.166 0.115 0.017 0.019 
  13   (0.060) 0.016 0.060 0.129 0.015 
  14   (0.056) 0.088 0.065 0.013 0.009 
  15   (0.035) 0.009 0.006 0.085 0.006 
  16   (0.036) 0.010 0.006 0.123 0.006 
  17   (0.038) 0.119 0.007 0.009 0.006 
  18   (0.032) 0.045 0.006 0.008 0.005 
  19   (0.035) 0.082 0.006 0.008 0.006 

Locus 98 : locus98 
20 alleles
0.0% missing data
   1   (0.058) 0.089 0.015 0.014 0.060 
   2   (0.034) 0.009 0.006 0.008 0.090 
   3   (0.044) 0.012 0.014 0.010 0.308 
   4   (0.098) 0.099 0.022 0.253 0.095 
   5   (0.050) 0.050 0.009 0.012 0.064 
   6   (0.053) 0.051 0.011 0.013 0.119 
   7   (0.034) 0.009 0.006 0.008 0.034 
   8   (0.033) 0.009 0.009 0.008 0.058 
   9   (0.032) 0.009 0.005 0.008 0.033 
  10   (0.032) 0.009 0.005 0.007 0.033 
  11   (0.089) 0.133 0.502 0.021 0.023 
  12   (0.058) 0.016 0.146 0.052 0.011 
  13   (0.029) 0.008 0.032 0.007 0.005 
  14   (0.062) 0.017 0.089 0.130 0.014 
  15   (0.074) 0.056 0.092 0.056 0.016 
  16   (0.052) 0.050 0.009 0.088 0.009 
  17   (0.061) 0.235 0.010 0.052 0.010 
  18   (0.037) 0.010 0.006 0.123 0.006 
  19   (0.035) 0.010 0.006 0.123 0.006 
  20   (0.034) 0.119 0.006 0.008 0.006 

Locus 99 : locus99 
21 alleles
0.0% missing data
   1   (0.071) 0.019 0.017 0.093 0.200 
   2   (0.043) 0.012 0.012 0.010 0.278 
   3   (0.070) 0.092 0.021 0.017 0.223 
   4   (0.061) 0.017 0.011 0.244 0.037 
   5   (0.052) 0.014 0.009 0.165 0.035 
   6   (0.054) 0.124 0.010 0.013 0.036 
   7   (0.054) 0.015 0.084 0.013 0.046 
   8   (0.031) 0.009 0.005 0.007 0.033 
   9   (0.045) 0.012 0.229 0.011 0.011 
  10   (0.037) 0.010 0.117 0.009 0.008 
  11   (0.038) 0.010 0.088 0.009 0.008 
  12   (0.069) 0.164 0.121 0.016 0.014 
  13   (0.055) 0.051 0.060 0.013 0.014 
  14   (0.037) 0.010 0.058 0.009 0.010 
  15   (0.066) 0.018 0.092 0.168 0.014 
  16   (0.032) 0.009 0.034 0.007 0.005 
  17   (0.039) 0.011 0.007 0.162 0.006 
  18   (0.037) 0.155 0.006 0.009 0.006 
  19   (0.038) 0.119 0.007 0.009 0.006 
  20   (0.035) 0.046 0.006 0.008 0.006 
  21   (0.036) 0.083 0.006 0.008 0.006 

Locus 100 : locus100 
19 alleles
0.0% missing data
   1   (0.052) 0.014 0.013 0.012 0.336 
   2   (0.045) 0.012 0.009 0.011 0.144 
   3   (0.046) 0.013 0.016 0.011 0.137 
   4   (0.040) 0.011 0.007 0.010 0.090 
   5   (0.045) 0.012 0.011 0.011 0.142 
   6   (0.064) 0.017 0.149 0.053 0.012 
   7   (0.040) 0.011 0.117 0.010 0.008 
   8   (0.050) 0.014 0.256 0.012 0.012 
   9   (0.071) 0.019 0.146 0.093 0.017 
  10   (0.037) 0.010 0.062 0.009 0.006 
  11   (0.033) 0.009 0.034 0.008 0.005 
  12   (0.049) 0.013 0.105 0.012 0.021 
  13   (0.081) 0.204 0.014 0.210 0.013 
  14   (0.077) 0.203 0.013 0.171 0.013 
  15   (0.076) 0.203 0.013 0.132 0.012 
  16   (0.040) 0.011 0.007 0.086 0.007 
  17   (0.050) 0.050 0.009 0.050 0.008 
  18   (0.064) 0.090 0.011 0.091 0.010 
  19   (0.038) 0.083 0.007 0.009 0.006 

Values of parameters used in structure:
DATAFILE=parentandhybrid9.str,	OUTFILE=parentandhybrid4Deme_3,	NUMINDS=50,	NUMLOCI=100,	MISSING=0,	LABEL=1,	POPDATA=0,	POPFLAG=0,	PHENOTYPE=0,	EXTRACOLS=0,	MAXPOPS=4,	BURNIN=200000,	NUMREPS=200000,	USEPOPINFO=0,	INFERALPHA=1,	INFERLAMBDA=0,	POPSPECIFICLAMBDA=0,	POPALPHAS=0,	COMPUTEPROB=1,	NOADMIX=0,	ADMBURNIN=500,	UPDATEFREQ=100,	PRINTLIKES=0,	INTERMEDSAVE=0,	PRINTKLD=0,	PRINTNET=1,	PRINTLAMBDA=1,	ANCESTDIST=0,	NUMBOXES=1000,	ANCESTPINT=0.90000,	GENSBACK=2,	MIGRPRIOR=0.01000,	PRINTQHAT=0,	PRINTQSUM=1,	ALPHA=1.0000,	FREQSCORR=1,	FPRIORMEAN=0.0100,	FPRIORSD=0.0500,	ONEFST=0,	LAMBDA=1.0000,	UNIFPRIORALPHA=1,	ALPHAMAX=10.0000,	ALPHAPRIORA=1.0000,	ALPHAPRIORB=2.0000,	ALPHAPROPSD=0.0250,	STARTATPOPINFO=0,	RANDOMIZE=1,	LINKAGE=0,	METROFREQ=10,	REPORTHITRATE=0,	MARKOVPHASE=0,	PHASED=0,	PLOIDY=2,	PHASEINFO=0	LOCPRIOR=0, 	LOCPRIORINIT=1.000000, 	LOCDATA=0, 	LOCISPOP=0, 	LOCPRIORSTEP=0.100000, 	MAXLOCPRIOR=20.000000, 	SEED=1658931099,	
[STRAT parameters]:    NUMSIMSTATS=1000,	PHENOTYPECOL=-9,	POOLFREQ=10,	LOCUSxONLY=0,	EMERROR=0.00100,	MISSINGPHENO=-9,	