

----------------------------------------------------
STRUCTURE by Pritchard, Stephens and Donnelly (2000)
     and Falush, Stephens and Pritchard (2003)
       Code by Pritchard, Falush and Hubisz
             Version 2.3.4 (Jul 2012)
----------------------------------------------------



Command line arguments:   /usr/local/bin/structure -i parentandhybrid9.str -m mainparams.txt -e extraparams.txt -K 4 -o parentandhybrid4Deme_1 
Input File:    parentandhybrid9.str

Run parameters:
   50 individuals
   100 loci
   4 populations assumed
   200000 Burn-in period
   200000 Reps


--------------------------------------------
Overall proportion of membership of the
sample in each of the 4 clusters

Inferred Clusters
  1      2      3      4    
0.301  0.299  0.200  0.200  

--------------------------------------------

Allele-freq. divergence among pops (Net nucleotide distance),
computed using point estimates of P.

      1       2       3       4      
 1      -    0.1074  0.1072  0.0994  
 2   0.1074     -    0.0968  0.0957  
 3   0.1072  0.0968     -    0.0902  
 4   0.0994  0.0957  0.0902     -    

Average distances (expected heterozygosity) between individuals in same cluster:
cluster  1  : 0.8404 
cluster  2  : 0.8469 
cluster  3  : 0.8538 
cluster  4  : 0.8665 

--------------------------------------------
Estimated Ln Prob of Data   = -22903.6
Mean value of ln likelihood = -21356.9
Variance of ln likelihood   = 3093.4
Mean value of alpha         = 0.0281

Mean value of Fst_1         = 0.1456
Mean value of Fst_2         = 0.1388
Mean value of Fst_3         = 0.1392
Mean value of Fst_4         = 0.1192


Inferred ancestry of individuals:
        Label (%Miss) :  Inferred clusters
  1       01    (0)   :  0.999 0.000 0.000 0.000 
  2       02    (0)   :  0.998 0.001 0.000 0.001 
  3       03    (0)   :  0.999 0.000 0.000 0.001 
  4       04    (0)   :  0.998 0.000 0.001 0.001 
  5       05    (0)   :  0.998 0.000 0.001 0.001 
  6       06    (0)   :  0.998 0.001 0.000 0.001 
  7       07    (0)   :  0.999 0.000 0.000 0.000 
  8       08    (0)   :  0.998 0.001 0.001 0.001 
  9       09    (0)   :  0.998 0.000 0.001 0.000 
 10       10    (0)   :  0.998 0.000 0.001 0.001 
 11       11    (0)   :  0.000 0.999 0.000 0.000 
 12       12    (0)   :  0.000 0.998 0.001 0.000 
 13       13    (0)   :  0.000 0.998 0.001 0.000 
 14       14    (0)   :  0.000 0.999 0.001 0.001 
 15       15    (0)   :  0.001 0.998 0.000 0.000 
 16       16    (0)   :  0.000 0.999 0.000 0.001 
 17       17    (0)   :  0.000 0.999 0.001 0.000 
 18       18    (0)   :  0.000 0.998 0.001 0.000 
 19       19    (0)   :  0.000 0.999 0.001 0.000 
 20       20    (0)   :  0.000 0.999 0.001 0.001 
 21      h01    (0)   :  0.536 0.463 0.000 0.000 
 22      h02    (0)   :  0.511 0.488 0.000 0.000 
 23      h03    (0)   :  0.480 0.520 0.000 0.000 
 24      h04    (0)   :  0.505 0.494 0.000 0.000 
 25      h05    (0)   :  0.522 0.477 0.001 0.000 
 26      h06    (0)   :  0.511 0.488 0.000 0.000 
 27      h07    (0)   :  0.514 0.486 0.000 0.000 
 28      h08    (0)   :  0.501 0.498 0.000 0.000 
 29      h09    (0)   :  0.492 0.507 0.000 0.000 
 30      h10    (0)   :  0.484 0.516 0.000 0.000 
 31       21    (0)   :  0.000 0.000 0.999 0.000 
 32       22    (0)   :  0.000 0.000 0.999 0.001 
 33       23    (0)   :  0.001 0.001 0.998 0.001 
 34       24    (0)   :  0.000 0.001 0.998 0.000 
 35       25    (0)   :  0.001 0.000 0.998 0.001 
 36       26    (0)   :  0.000 0.000 0.999 0.001 
 37       27    (0)   :  0.001 0.001 0.998 0.000 
 38       28    (0)   :  0.000 0.000 0.999 0.000 
 39       29    (0)   :  0.000 0.000 0.999 0.000 
 40       30    (0)   :  0.000 0.000 0.999 0.000 
 41       31    (0)   :  0.000 0.000 0.000 0.999 
 42       32    (0)   :  0.000 0.000 0.000 0.999 
 43       33    (0)   :  0.001 0.000 0.000 0.999 
 44       34    (0)   :  0.000 0.001 0.001 0.998 
 45       35    (0)   :  0.000 0.000 0.000 0.999 
 46       36    (0)   :  0.000 0.001 0.001 0.998 
 47       37    (0)   :  0.000 0.000 0.001 0.999 
 48       38    (0)   :  0.000 0.000 0.001 0.999 
 49       39    (0)   :  0.000 0.000 0.000 0.999 
 50       40    (0)   :  0.000 0.000 0.000 0.999 


Estimated Allele Frequencies in each cluster
First column gives estimated ancestral frequencies


Locus 1 : locus1 
17 alleles
0.0% missing data
   1   (0.048) 0.172 0.014 0.011 0.013 
   2   (0.077) 0.238 0.121 0.018 0.021 
   3   (0.066) 0.150 0.014 0.016 0.091 
   4   (0.085) 0.099 0.014 0.020 0.351 
   5   (0.043) 0.147 0.009 0.010 0.012 
   6   (0.054) 0.037 0.009 0.013 0.051 
   7   (0.077) 0.041 0.040 0.133 0.021 
   8   (0.087) 0.021 0.309 0.173 0.023 
   9   (0.035) 0.006 0.033 0.008 0.010 
  10   (0.056) 0.009 0.036 0.090 0.015 
  11   (0.086) 0.023 0.197 0.211 0.023 
  12   (0.070) 0.018 0.060 0.169 0.019 
  13   (0.067) 0.014 0.118 0.092 0.018 
  14   (0.036) 0.006 0.006 0.008 0.046 
  15   (0.041) 0.007 0.007 0.010 0.157 
  16   (0.034) 0.006 0.006 0.008 0.046 
  17   (0.039) 0.006 0.007 0.009 0.084 

Locus 2 : locus2 
26 alleles
0.0% missing data
   1   (0.047) 0.118 0.010 0.088 0.013 
   2   (0.058) 0.145 0.015 0.014 0.125 
   3   (0.044) 0.063 0.008 0.010 0.048 
   4   (0.031) 0.143 0.008 0.007 0.008 
   5   (0.069) 0.061 0.017 0.169 0.055 
   6   (0.048) 0.092 0.008 0.088 0.013 
   7   (0.059) 0.171 0.017 0.014 0.089 
   8   (0.047) 0.036 0.008 0.011 0.086 
   9   (0.031) 0.058 0.009 0.007 0.008 
  10   (0.033) 0.007 0.114 0.008 0.009 
  11   (0.025) 0.004 0.032 0.006 0.007 
  12   (0.031) 0.009 0.057 0.007 0.008 
  13   (0.032) 0.010 0.166 0.008 0.009 
  14   (0.027) 0.004 0.032 0.006 0.007 
  15   (0.041) 0.014 0.136 0.010 0.011 
  16   (0.036) 0.006 0.061 0.008 0.010 
  17   (0.031) 0.008 0.140 0.007 0.008 
  18   (0.029) 0.005 0.032 0.007 0.008 
  19   (0.030) 0.005 0.060 0.007 0.008 
  20   (0.028) 0.005 0.032 0.007 0.008 
  21   (0.035) 0.006 0.006 0.313 0.009 
  22   (0.045) 0.007 0.008 0.126 0.048 
  23   (0.048) 0.008 0.008 0.049 0.086 
  24   (0.031) 0.005 0.005 0.007 0.154 
  25   (0.033) 0.006 0.006 0.008 0.118 
  26   (0.032) 0.005 0.005 0.008 0.045 

Locus 3 : locus3 
22 alleles
0.0% missing data
   1   (0.044) 0.367 0.011 0.010 0.012 
   2   (0.038) 0.118 0.007 0.009 0.010 
   3   (0.038) 0.062 0.007 0.009 0.010 
   4   (0.061) 0.090 0.014 0.129 0.017 
   5   (0.056) 0.114 0.016 0.051 0.015 
   6   (0.063) 0.060 0.016 0.206 0.017 
   7   (0.040) 0.058 0.011 0.010 0.011 
   8   (0.042) 0.012 0.167 0.010 0.011 
   9   (0.043) 0.014 0.138 0.010 0.012 
  10   (0.039) 0.008 0.115 0.009 0.011 
  11   (0.032) 0.005 0.088 0.008 0.009 
  12   (0.074) 0.015 0.120 0.018 0.239 
  13   (0.039) 0.009 0.087 0.009 0.011 
  14   (0.036) 0.008 0.086 0.008 0.010 
  15   (0.033) 0.005 0.033 0.008 0.009 
  16   (0.036) 0.006 0.034 0.009 0.010 
  17   (0.035) 0.006 0.006 0.084 0.010 
  18   (0.062) 0.010 0.011 0.129 0.163 
  19   (0.056) 0.009 0.010 0.166 0.051 
  20   (0.060) 0.010 0.010 0.090 0.125 
  21   (0.036) 0.006 0.006 0.009 0.156 
  22   (0.035) 0.006 0.006 0.008 0.083 

Locus 4 : locus4 
17 alleles
0.0% missing data
   1   (0.096) 0.433 0.023 0.175 0.026 
   2   (0.066) 0.136 0.053 0.016 0.018 
   3   (0.076) 0.122 0.016 0.171 0.021 
   4   (0.065) 0.116 0.018 0.053 0.018 
   5   (0.068) 0.039 0.012 0.283 0.018 
   6   (0.057) 0.037 0.010 0.090 0.015 
   7   (0.067) 0.016 0.171 0.016 0.054 
   8   (0.064) 0.011 0.066 0.015 0.090 
   9   (0.072) 0.015 0.147 0.017 0.092 
  10   (0.052) 0.015 0.303 0.012 0.014 
  11   (0.081) 0.018 0.092 0.019 0.204 
  12   (0.039) 0.010 0.057 0.009 0.010 
  13   (0.036) 0.006 0.006 0.047 0.010 
  14   (0.035) 0.006 0.006 0.047 0.009 
  15   (0.044) 0.007 0.007 0.010 0.194 
  16   (0.043) 0.007 0.007 0.010 0.121 
  17   (0.040) 0.007 0.007 0.009 0.084 

Locus 5 : locus5 
18 alleles
0.0% missing data
   1   (0.038) 0.117 0.007 0.009 0.010 
   2   (0.087) 0.146 0.104 0.058 0.023 
   3   (0.087) 0.069 0.128 0.097 0.024 
   4   (0.073) 0.053 0.055 0.017 0.056 
   5   (0.030) 0.032 0.005 0.007 0.008 
   6   (0.067) 0.059 0.018 0.245 0.018 
   7   (0.074) 0.122 0.236 0.018 0.020 
   8   (0.066) 0.115 0.186 0.016 0.018 
   9   (0.043) 0.105 0.019 0.010 0.012 
  10   (0.042) 0.081 0.016 0.010 0.011 
  11   (0.031) 0.033 0.005 0.007 0.008 
  12   (0.105) 0.022 0.097 0.293 0.101 
  13   (0.079) 0.017 0.093 0.019 0.387 
  14   (0.038) 0.006 0.007 0.123 0.010 
  15   (0.032) 0.005 0.006 0.046 0.009 
  16   (0.039) 0.006 0.007 0.009 0.156 
  17   (0.032) 0.005 0.006 0.008 0.045 
  18   (0.036) 0.006 0.006 0.009 0.083 

Locus 6 : locus6 
17 alleles
0.0% missing data
   1   (0.080) 0.213 0.144 0.019 0.022 
   2   (0.073) 0.141 0.104 0.017 0.020 
   3   (0.046) 0.166 0.014 0.011 0.012 
   4   (0.089) 0.124 0.100 0.059 0.024 
   5   (0.072) 0.142 0.019 0.093 0.019 
   6   (0.085) 0.061 0.107 0.058 0.023 
   7   (0.086) 0.069 0.071 0.020 0.096 
   8   (0.079) 0.018 0.234 0.019 0.094 
   9   (0.065) 0.012 0.150 0.015 0.054 
  10   (0.047) 0.008 0.008 0.278 0.013 
  11   (0.040) 0.007 0.007 0.124 0.011 
  12   (0.042) 0.007 0.007 0.124 0.011 
  13   (0.039) 0.006 0.007 0.124 0.011 
  14   (0.043) 0.007 0.007 0.010 0.267 
  15   (0.040) 0.006 0.007 0.010 0.157 
  16   (0.036) 0.006 0.006 0.009 0.083 
  17   (0.039) 0.006 0.007 0.009 0.084 

Locus 7 : locus7 
20 alleles
0.0% missing data
   1   (0.075) 0.226 0.185 0.018 0.020 
   2   (0.040) 0.142 0.008 0.009 0.011 
   3   (0.048) 0.190 0.017 0.011 0.013 
   4   (0.034) 0.033 0.006 0.008 0.009 
   5   (0.034) 0.060 0.006 0.008 0.009 
   6   (0.040) 0.114 0.009 0.009 0.011 
   7   (0.034) 0.033 0.006 0.008 0.009 
   8   (0.031) 0.032 0.005 0.007 0.008 
   9   (0.036) 0.056 0.011 0.009 0.010 
  10   (0.082) 0.017 0.322 0.172 0.022 
  11   (0.070) 0.011 0.041 0.093 0.055 
  12   (0.066) 0.014 0.093 0.130 0.018 
  13   (0.082) 0.016 0.182 0.096 0.059 
  14   (0.038) 0.010 0.059 0.009 0.010 
  15   (0.069) 0.011 0.012 0.322 0.092 
  16   (0.063) 0.010 0.011 0.053 0.163 
  17   (0.037) 0.006 0.006 0.009 0.156 
  18   (0.042) 0.007 0.007 0.010 0.121 
  19   (0.039) 0.006 0.007 0.009 0.083 
  20   (0.039) 0.006 0.007 0.009 0.120 

Locus 8 : locus8 
23 alleles
0.0% missing data
   1   (0.038) 0.141 0.010 0.009 0.010 
   2   (0.041) 0.252 0.010 0.010 0.011 
   3   (0.039) 0.143 0.008 0.009 0.011 
   4   (0.033) 0.056 0.010 0.008 0.009 
   5   (0.027) 0.032 0.005 0.007 0.007 
   6   (0.041) 0.137 0.014 0.010 0.011 
   7   (0.034) 0.061 0.006 0.008 0.009 
   8   (0.031) 0.033 0.005 0.007 0.008 
   9   (0.086) 0.027 0.141 0.097 0.059 
  10   (0.035) 0.009 0.142 0.008 0.009 
  11   (0.037) 0.007 0.173 0.009 0.010 
  12   (0.040) 0.011 0.113 0.010 0.011 
  13   (0.051) 0.008 0.093 0.050 0.014 
  14   (0.053) 0.011 0.118 0.050 0.014 
  15   (0.028) 0.005 0.033 0.007 0.008 
  16   (0.037) 0.010 0.058 0.009 0.010 
  17   (0.058) 0.009 0.010 0.128 0.125 
  18   (0.037) 0.006 0.006 0.124 0.010 
  19   (0.071) 0.011 0.012 0.208 0.238 
  20   (0.066) 0.011 0.011 0.130 0.200 
  21   (0.053) 0.009 0.009 0.089 0.087 
  22   (0.032) 0.005 0.006 0.008 0.045 
  23   (0.032) 0.005 0.006 0.008 0.082 

Locus 9 : locus9 
18 alleles
0.0% missing data
   1   (0.035) 0.088 0.008 0.008 0.009 
   2   (0.054) 0.147 0.011 0.013 0.051 
   3   (0.054) 0.090 0.012 0.013 0.051 
   4   (0.041) 0.117 0.009 0.010 0.011 
   5   (0.068) 0.170 0.020 0.016 0.091 
   6   (0.058) 0.037 0.010 0.014 0.125 
   7   (0.042) 0.082 0.016 0.010 0.011 
   8   (0.095) 0.123 0.020 0.099 0.136 
   9   (0.033) 0.033 0.006 0.008 0.009 
  10   (0.069) 0.022 0.139 0.016 0.092 
  11   (0.070) 0.013 0.203 0.131 0.019 
  12   (0.076) 0.016 0.258 0.171 0.020 
  13   (0.078) 0.013 0.041 0.133 0.130 
  14   (0.036) 0.010 0.058 0.009 0.010 
  15   (0.068) 0.019 0.169 0.092 0.018 
  16   (0.035) 0.006 0.006 0.161 0.009 
  17   (0.058) 0.010 0.010 0.090 0.162 
  18   (0.030) 0.005 0.005 0.007 0.045 

Locus 10 : locus10 
17 alleles
0.0% missing data
   1   (0.061) 0.140 0.016 0.014 0.053 
   2   (0.067) 0.137 0.105 0.016 0.018 
   3   (0.071) 0.250 0.018 0.093 0.019 
   4   (0.084) 0.219 0.027 0.020 0.205 
   5   (0.079) 0.039 0.014 0.248 0.058 
   6   (0.065) 0.037 0.012 0.016 0.274 
   7   (0.080) 0.039 0.014 0.095 0.131 
   8   (0.078) 0.053 0.056 0.133 0.021 
   9   (0.038) 0.006 0.064 0.009 0.010 
  10   (0.058) 0.009 0.039 0.166 0.016 
  11   (0.068) 0.011 0.155 0.016 0.091 
  12   (0.042) 0.010 0.146 0.010 0.011 
  13   (0.037) 0.009 0.060 0.009 0.010 
  14   (0.036) 0.009 0.060 0.008 0.010 
  15   (0.062) 0.015 0.062 0.129 0.017 
  16   (0.041) 0.010 0.147 0.010 0.011 
  17   (0.033) 0.005 0.006 0.008 0.045 

Locus 11 : locus11 
24 alleles
0.0% missing data
   1   (0.039) 0.171 0.009 0.009 0.011 
   2   (0.038) 0.087 0.009 0.009 0.010 
   3   (0.033) 0.087 0.008 0.008 0.009 
   4   (0.035) 0.087 0.008 0.008 0.010 
   5   (0.036) 0.087 0.009 0.008 0.010 
   6   (0.033) 0.061 0.006 0.008 0.009 
   7   (0.032) 0.033 0.005 0.007 0.009 
   8   (0.033) 0.115 0.007 0.008 0.009 
   9   (0.029) 0.033 0.005 0.007 0.008 
  10   (0.040) 0.107 0.017 0.009 0.011 
  11   (0.105) 0.035 0.331 0.292 0.064 
  12   (0.032) 0.005 0.061 0.008 0.009 
  13   (0.071) 0.018 0.199 0.017 0.202 
  14   (0.038) 0.006 0.200 0.009 0.010 
  15   (0.052) 0.009 0.036 0.127 0.014 
  16   (0.046) 0.007 0.035 0.011 0.085 
  17   (0.042) 0.007 0.007 0.239 0.011 
  18   (0.060) 0.010 0.010 0.129 0.089 
  19   (0.044) 0.007 0.008 0.048 0.048 
  20   (0.030) 0.005 0.005 0.007 0.045 
  21   (0.036) 0.006 0.006 0.008 0.156 
  22   (0.036) 0.006 0.006 0.009 0.083 
  23   (0.028) 0.005 0.005 0.007 0.044 
  24   (0.032) 0.005 0.006 0.008 0.045 

Locus 12 : locus12 
29 alleles
0.0% missing data
   1   (0.031) 0.114 0.007 0.007 0.008 
   2   (0.035) 0.196 0.010 0.008 0.010 
   3   (0.039) 0.196 0.011 0.009 0.011 
   4   (0.033) 0.141 0.009 0.008 0.009 
   5   (0.031) 0.061 0.005 0.007 0.008 
   6   (0.035) 0.087 0.008 0.008 0.009 
   7   (0.051) 0.064 0.009 0.203 0.014 
   8   (0.059) 0.012 0.258 0.090 0.016 
   9   (0.032) 0.007 0.087 0.008 0.009 
  10   (0.055) 0.018 0.195 0.051 0.015 
  11   (0.057) 0.014 0.144 0.128 0.015 
  12   (0.029) 0.005 0.060 0.007 0.008 
  13   (0.033) 0.008 0.087 0.008 0.009 
  14   (0.027) 0.004 0.032 0.006 0.007 
  15   (0.035) 0.006 0.006 0.199 0.009 
  16   (0.032) 0.005 0.006 0.084 0.009 
  17   (0.030) 0.005 0.005 0.045 0.008 
  18   (0.026) 0.004 0.004 0.044 0.007 
  19   (0.028) 0.005 0.005 0.007 0.081 
  20   (0.030) 0.005 0.005 0.007 0.044 
  21   (0.033) 0.005 0.006 0.008 0.118 
  22   (0.027) 0.004 0.005 0.006 0.044 
  23   (0.034) 0.006 0.006 0.008 0.082 
  24   (0.027) 0.004 0.005 0.006 0.044 
  25   (0.029) 0.005 0.005 0.007 0.044 
  26   (0.030) 0.005 0.005 0.007 0.081 
  27   (0.028) 0.005 0.005 0.007 0.044 
  28   (0.034) 0.006 0.006 0.008 0.192 
  29   (0.029) 0.005 0.005 0.007 0.044 

Locus 13 : locus13 
22 alleles
0.0% missing data
   1   (0.065) 0.260 0.014 0.053 0.018 
   2   (0.068) 0.230 0.017 0.093 0.018 
   3   (0.041) 0.114 0.012 0.010 0.011 
   4   (0.036) 0.088 0.008 0.009 0.010 
   5   (0.052) 0.089 0.012 0.012 0.051 
   6   (0.035) 0.058 0.010 0.008 0.010 
   7   (0.052) 0.036 0.009 0.089 0.014 
   8   (0.051) 0.015 0.332 0.012 0.014 
   9   (0.072) 0.016 0.091 0.017 0.202 
  10   (0.067) 0.015 0.090 0.016 0.164 
  11   (0.038) 0.008 0.143 0.009 0.010 
  12   (0.039) 0.008 0.142 0.009 0.011 
  13   (0.034) 0.006 0.033 0.008 0.009 
  14   (0.057) 0.009 0.037 0.014 0.089 
  15   (0.042) 0.007 0.007 0.239 0.011 
  16   (0.036) 0.006 0.006 0.123 0.010 
  17   (0.031) 0.005 0.005 0.083 0.008 
  18   (0.034) 0.006 0.006 0.046 0.009 
  19   (0.035) 0.006 0.006 0.084 0.009 
  20   (0.033) 0.005 0.006 0.046 0.009 
  21   (0.043) 0.007 0.007 0.010 0.157 
  22   (0.039) 0.006 0.007 0.009 0.156 

Locus 14 : locus14 
17 alleles
0.0% missing data
   1   (0.090) 0.120 0.023 0.098 0.061 
   2   (0.047) 0.146 0.011 0.011 0.013 
   3   (0.041) 0.119 0.009 0.010 0.011 
   4   (0.076) 0.085 0.024 0.209 0.021 
   5   (0.060) 0.092 0.014 0.052 0.016 
   6   (0.083) 0.124 0.017 0.364 0.022 
   7   (0.033) 0.034 0.006 0.008 0.009 
   8   (0.065) 0.122 0.014 0.053 0.018 
   9   (0.033) 0.034 0.006 0.008 0.009 
  10   (0.050) 0.037 0.008 0.050 0.014 
  11   (0.074) 0.015 0.146 0.018 0.130 
  12   (0.076) 0.017 0.198 0.018 0.093 
  13   (0.051) 0.016 0.354 0.012 0.014 
  14   (0.077) 0.016 0.146 0.018 0.130 
  15   (0.062) 0.010 0.011 0.053 0.163 
  16   (0.046) 0.008 0.008 0.011 0.231 
  17   (0.036) 0.006 0.006 0.008 0.046 

Locus 15 : locus15 
21 alleles
0.0% missing data
   1   (0.038) 0.146 0.007 0.009 0.010 
   2   (0.040) 0.139 0.014 0.010 0.011 
   3   (0.066) 0.091 0.015 0.169 0.018 
   4   (0.067) 0.091 0.015 0.169 0.018 
   5   (0.064) 0.115 0.018 0.130 0.017 
   6   (0.036) 0.090 0.006 0.009 0.010 
   7   (0.063) 0.200 0.016 0.053 0.017 
   8   (0.052) 0.009 0.064 0.012 0.050 
   9   (0.059) 0.017 0.113 0.014 0.053 
  10   (0.060) 0.010 0.093 0.014 0.089 
  11   (0.081) 0.021 0.282 0.019 0.168 
  12   (0.056) 0.013 0.089 0.013 0.051 
  13   (0.041) 0.010 0.169 0.010 0.011 
  14   (0.035) 0.009 0.058 0.008 0.010 
  15   (0.041) 0.007 0.007 0.200 0.011 
  16   (0.034) 0.006 0.006 0.122 0.009 
  17   (0.033) 0.005 0.006 0.008 0.118 
  18   (0.033) 0.005 0.006 0.008 0.082 
  19   (0.036) 0.006 0.006 0.009 0.155 
  20   (0.035) 0.006 0.006 0.008 0.046 
  21   (0.030) 0.005 0.005 0.007 0.045 

Locus 16 : locus16 
17 alleles
0.0% missing data
   1   (0.106) 0.091 0.167 0.102 0.029 
   2   (0.074) 0.122 0.013 0.132 0.020 
   3   (0.080) 0.528 0.022 0.056 0.022 
   4   (0.117) 0.108 0.153 0.028 0.141 
   5   (0.067) 0.038 0.012 0.245 0.018 
   6   (0.049) 0.010 0.231 0.012 0.013 
   7   (0.040) 0.006 0.063 0.009 0.011 
   8   (0.048) 0.016 0.140 0.011 0.013 
   9   (0.062) 0.010 0.067 0.015 0.053 
  10   (0.071) 0.024 0.084 0.017 0.092 
  11   (0.048) 0.008 0.008 0.241 0.013 
  12   (0.035) 0.006 0.006 0.046 0.009 
  13   (0.035) 0.006 0.006 0.046 0.009 
  14   (0.047) 0.008 0.008 0.011 0.268 
  15   (0.045) 0.007 0.008 0.011 0.158 
  16   (0.040) 0.007 0.007 0.010 0.084 
  17   (0.036) 0.006 0.006 0.009 0.046 

Locus 17 : locus17 
25 alleles
0.0% missing data
   1   (0.035) 0.116 0.006 0.008 0.009 
   2   (0.080) 0.144 0.021 0.095 0.058 
   3   (0.041) 0.192 0.015 0.010 0.011 
   4   (0.066) 0.108 0.248 0.016 0.018 
   5   (0.034) 0.061 0.006 0.008 0.009 
   6   (0.055) 0.043 0.143 0.013 0.015 
   7   (0.057) 0.106 0.107 0.013 0.015 
   8   (0.062) 0.085 0.156 0.015 0.017 
   9   (0.032) 0.057 0.009 0.008 0.009 
  10   (0.035) 0.007 0.117 0.008 0.010 
  11   (0.033) 0.005 0.090 0.008 0.009 
  12   (0.028) 0.005 0.005 0.045 0.008 
  13   (0.035) 0.006 0.006 0.161 0.009 
  14   (0.034) 0.006 0.006 0.161 0.009 
  15   (0.030) 0.005 0.005 0.122 0.008 
  16   (0.028) 0.005 0.005 0.045 0.007 
  17   (0.052) 0.008 0.009 0.050 0.160 
  18   (0.034) 0.005 0.006 0.122 0.009 
  19   (0.030) 0.005 0.005 0.045 0.008 
  20   (0.033) 0.005 0.006 0.008 0.118 
  21   (0.036) 0.006 0.006 0.008 0.228 
  22   (0.035) 0.006 0.006 0.008 0.082 
  23   (0.033) 0.005 0.006 0.008 0.045 
  24   (0.031) 0.005 0.005 0.007 0.081 
  25   (0.031) 0.005 0.005 0.007 0.045 

Locus 18 : locus18 
20 alleles
0.0% missing data
   1   (0.043) 0.165 0.013 0.010 0.012 
   2   (0.053) 0.049 0.052 0.013 0.014 
   3   (0.033) 0.060 0.006 0.008 0.009 
   4   (0.057) 0.107 0.077 0.013 0.015 
   5   (0.094) 0.099 0.268 0.022 0.098 
   6   (0.114) 0.249 0.119 0.027 0.250 
   7   (0.071) 0.113 0.021 0.017 0.165 
   8   (0.050) 0.035 0.037 0.012 0.013 
   9   (0.058) 0.047 0.197 0.014 0.016 
  10   (0.039) 0.013 0.084 0.009 0.011 
  11   (0.033) 0.005 0.034 0.008 0.009 
  12   (0.032) 0.005 0.034 0.008 0.009 
  13   (0.039) 0.006 0.007 0.238 0.011 
  14   (0.036) 0.006 0.006 0.123 0.010 
  15   (0.055) 0.009 0.010 0.242 0.051 
  16   (0.052) 0.008 0.009 0.089 0.050 
  17   (0.036) 0.006 0.006 0.123 0.010 
  18   (0.037) 0.006 0.006 0.009 0.120 
  19   (0.036) 0.006 0.006 0.009 0.082 
  20   (0.033) 0.005 0.006 0.008 0.045 

Locus 19 : locus19 
22 alleles
0.0% missing data
   1   (0.035) 0.166 0.011 0.008 0.010 
   2   (0.077) 0.091 0.018 0.095 0.094 
   3   (0.074) 0.067 0.013 0.055 0.166 
   4   (0.030) 0.056 0.009 0.007 0.008 
   5   (0.029) 0.087 0.005 0.007 0.008 
   6   (0.032) 0.057 0.009 0.007 0.009 
   7   (0.073) 0.049 0.086 0.017 0.129 
   8   (0.084) 0.114 0.024 0.058 0.242 
   9   (0.035) 0.086 0.008 0.008 0.009 
  10   (0.074) 0.091 0.017 0.132 0.056 
  11   (0.049) 0.046 0.082 0.012 0.013 
  12   (0.037) 0.012 0.140 0.009 0.010 
  13   (0.033) 0.005 0.062 0.008 0.009 
  14   (0.034) 0.006 0.090 0.008 0.009 
  15   (0.026) 0.004 0.033 0.006 0.007 
  16   (0.086) 0.027 0.085 0.364 0.096 
  17   (0.031) 0.005 0.062 0.007 0.008 
  18   (0.028) 0.005 0.061 0.007 0.008 
  19   (0.038) 0.011 0.170 0.009 0.010 
  20   (0.034) 0.006 0.006 0.123 0.009 
  21   (0.027) 0.004 0.005 0.044 0.007 
  22   (0.033) 0.005 0.006 0.008 0.082 

Locus 20 : locus20 
17 alleles
0.0% missing data
   1   (0.104) 0.251 0.033 0.063 0.174 
   2   (0.086) 0.056 0.056 0.059 0.060 
   3   (0.110) 0.086 0.118 0.064 0.139 
   4   (0.086) 0.147 0.021 0.059 0.133 
   5   (0.039) 0.227 0.009 0.009 0.011 
   6   (0.082) 0.083 0.083 0.096 0.022 
   7   (0.033) 0.033 0.006 0.008 0.009 
   8   (0.078) 0.040 0.013 0.133 0.094 
   9   (0.042) 0.009 0.199 0.010 0.011 
  10   (0.040) 0.010 0.142 0.009 0.011 
  11   (0.037) 0.010 0.058 0.009 0.010 
  12   (0.047) 0.012 0.225 0.011 0.013 
  13   (0.035) 0.006 0.006 0.123 0.009 
  14   (0.071) 0.012 0.012 0.170 0.238 
  15   (0.032) 0.005 0.005 0.084 0.009 
  16   (0.048) 0.008 0.008 0.050 0.049 
  17   (0.030) 0.005 0.005 0.045 0.008 

Locus 21 : locus21 
13 alleles
0.0% missing data
   1   (0.066) 0.110 0.079 0.016 0.018 
   2   (0.094) 0.310 0.024 0.060 0.062 
   3   (0.069) 0.038 0.040 0.016 0.055 
   4   (0.064) 0.117 0.069 0.015 0.017 
   5   (0.044) 0.112 0.013 0.010 0.012 
   6   (0.116) 0.065 0.028 0.180 0.323 
   7   (0.089) 0.042 0.015 0.136 0.134 
   8   (0.088) 0.042 0.100 0.135 0.024 
   9   (0.167) 0.123 0.126 0.345 0.191 
  10   (0.062) 0.012 0.121 0.015 0.053 
  11   (0.050) 0.013 0.341 0.012 0.014 
  12   (0.036) 0.006 0.034 0.009 0.010 
  13   (0.057) 0.009 0.010 0.052 0.088 

Locus 22 : locus22 
18 alleles
0.0% missing data
   1   (0.104) 0.123 0.217 0.139 0.028 
   2   (0.036) 0.086 0.009 0.009 0.010 
   3   (0.063) 0.151 0.063 0.015 0.017 
   4   (0.065) 0.125 0.091 0.015 0.018 
   5   (0.073) 0.200 0.156 0.017 0.020 
   6   (0.034) 0.033 0.006 0.008 0.009 
   7   (0.062) 0.043 0.145 0.015 0.017 
   8   (0.056) 0.047 0.084 0.013 0.015 
   9   (0.038) 0.057 0.011 0.009 0.010 
  10   (0.054) 0.064 0.037 0.013 0.015 
  11   (0.058) 0.009 0.038 0.243 0.016 
  12   (0.056) 0.012 0.091 0.051 0.015 
  13   (0.055) 0.009 0.010 0.089 0.051 
  14   (0.059) 0.010 0.010 0.052 0.199 
  15   (0.072) 0.012 0.013 0.284 0.128 
  16   (0.043) 0.007 0.008 0.010 0.231 
  17   (0.033) 0.005 0.006 0.008 0.082 
  18   (0.037) 0.006 0.006 0.009 0.119 

Locus 23 : locus23 
21 alleles
0.0% missing data
   1   (0.092) 0.071 0.016 0.289 0.098 
   2   (0.075) 0.343 0.018 0.132 0.020 
   3   (0.063) 0.066 0.011 0.015 0.236 
   4   (0.070) 0.140 0.022 0.093 0.019 
   5   (0.045) 0.143 0.012 0.011 0.012 
   6   (0.059) 0.038 0.010 0.014 0.162 
   7   (0.036) 0.058 0.010 0.008 0.010 
   8   (0.050) 0.036 0.009 0.050 0.014 
   9   (0.039) 0.008 0.143 0.009 0.011 
  10   (0.038) 0.009 0.087 0.009 0.010 
  11   (0.039) 0.013 0.082 0.009 0.010 
  12   (0.044) 0.012 0.279 0.010 0.012 
  13   (0.049) 0.008 0.064 0.012 0.049 
  14   (0.039) 0.009 0.087 0.009 0.011 
  15   (0.050) 0.008 0.036 0.012 0.050 
  16   (0.037) 0.009 0.086 0.009 0.010 
  17   (0.037) 0.006 0.006 0.085 0.010 
  18   (0.033) 0.005 0.006 0.046 0.009 
  19   (0.029) 0.005 0.005 0.083 0.008 
  20   (0.034) 0.006 0.006 0.084 0.009 
  21   (0.041) 0.007 0.007 0.010 0.230 

Locus 24 : locus24 
25 alleles
0.0% missing data
   1   (0.034) 0.168 0.008 0.008 0.009 
   2   (0.041) 0.221 0.013 0.010 0.011 
   3   (0.033) 0.061 0.006 0.008 0.009 
   4   (0.032) 0.033 0.006 0.008 0.009 
   5   (0.039) 0.115 0.009 0.009 0.011 
   6   (0.035) 0.057 0.010 0.008 0.010 
   7   (0.035) 0.169 0.009 0.008 0.009 
   8   (0.031) 0.033 0.005 0.007 0.008 
   9   (0.059) 0.010 0.038 0.014 0.272 
  10   (0.054) 0.011 0.119 0.013 0.087 
  11   (0.052) 0.011 0.090 0.050 0.014 
  12   (0.061) 0.013 0.091 0.014 0.162 
  13   (0.034) 0.009 0.058 0.008 0.009 
  14   (0.070) 0.015 0.204 0.017 0.165 
  15   (0.053) 0.014 0.115 0.051 0.014 
  16   (0.036) 0.009 0.058 0.008 0.010 
  17   (0.031) 0.005 0.033 0.007 0.008 
  18   (0.033) 0.007 0.088 0.008 0.009 
  19   (0.034) 0.006 0.006 0.199 0.009 
  20   (0.034) 0.006 0.006 0.123 0.009 
  21   (0.035) 0.006 0.006 0.199 0.010 
  22   (0.033) 0.005 0.006 0.084 0.009 
  23   (0.035) 0.006 0.006 0.123 0.010 
  24   (0.034) 0.006 0.006 0.008 0.082 
  25   (0.031) 0.005 0.005 0.007 0.045 

Locus 25 : locus25 
21 alleles
0.0% missing data
   1   (0.044) 0.142 0.012 0.010 0.012 
   2   (0.053) 0.223 0.016 0.012 0.014 
   3   (0.046) 0.226 0.012 0.011 0.013 
   4   (0.042) 0.144 0.008 0.010 0.011 
   5   (0.040) 0.090 0.007 0.010 0.011 
   6   (0.037) 0.034 0.006 0.009 0.010 
   7   (0.050) 0.011 0.367 0.012 0.014 
   8   (0.048) 0.013 0.198 0.011 0.013 
   9   (0.058) 0.010 0.037 0.167 0.016 
  10   (0.074) 0.016 0.092 0.017 0.129 
  11   (0.061) 0.010 0.038 0.014 0.126 
  12   (0.068) 0.015 0.091 0.092 0.018 
  13   (0.061) 0.015 0.061 0.053 0.017 
  14   (0.041) 0.007 0.007 0.162 0.011 
  15   (0.043) 0.007 0.008 0.201 0.012 
  16   (0.035) 0.006 0.006 0.046 0.010 
  17   (0.040) 0.007 0.007 0.124 0.011 
  18   (0.043) 0.007 0.007 0.010 0.157 
  19   (0.038) 0.006 0.007 0.009 0.120 
  20   (0.042) 0.007 0.007 0.010 0.230 
  21   (0.035) 0.006 0.006 0.008 0.046 

Locus 26 : locus26 
18 alleles
0.0% missing data
   1   (0.079) 0.218 0.168 0.019 0.021 
   2   (0.136) 0.370 0.146 0.032 0.256 
   3   (0.085) 0.051 0.089 0.020 0.096 
   4   (0.085) 0.069 0.042 0.020 0.169 
   5   (0.064) 0.048 0.196 0.015 0.017 
   6   (0.095) 0.157 0.068 0.023 0.099 
   7   (0.042) 0.009 0.089 0.010 0.011 
   8   (0.045) 0.017 0.082 0.011 0.012 
   9   (0.038) 0.006 0.062 0.009 0.010 
  10   (0.036) 0.006 0.006 0.123 0.010 
  11   (0.042) 0.007 0.007 0.239 0.011 
  12   (0.034) 0.006 0.006 0.085 0.009 
  13   (0.045) 0.007 0.008 0.316 0.012 
  14   (0.033) 0.005 0.006 0.046 0.009 
  15   (0.037) 0.006 0.006 0.009 0.083 
  16   (0.037) 0.006 0.006 0.009 0.046 
  17   (0.036) 0.006 0.006 0.008 0.082 
  18   (0.032) 0.005 0.006 0.008 0.045 

Locus 27 : locus27 
14 alleles
0.0% missing data
   1   (0.094) 0.458 0.022 0.098 0.025 
   2   (0.063) 0.066 0.011 0.053 0.017 
   3   (0.075) 0.068 0.013 0.209 0.020 
   4   (0.103) 0.203 0.027 0.292 0.028 
   5   (0.078) 0.083 0.026 0.095 0.021 
   6   (0.068) 0.014 0.119 0.016 0.054 
   7   (0.050) 0.012 0.170 0.012 0.013 
   8   (0.121) 0.029 0.315 0.029 0.325 
   9   (0.064) 0.011 0.038 0.015 0.090 
  10   (0.061) 0.010 0.038 0.014 0.090 
  11   (0.100) 0.025 0.201 0.024 0.209 
  12   (0.043) 0.007 0.007 0.086 0.012 
  13   (0.039) 0.006 0.007 0.048 0.010 
  14   (0.043) 0.007 0.007 0.010 0.085 

Locus 28 : locus28 
19 alleles
0.0% missing data
   1   (0.077) 0.144 0.077 0.018 0.021 
   2   (0.074) 0.053 0.192 0.017 0.020 
   3   (0.091) 0.307 0.114 0.022 0.025 
   4   (0.065) 0.121 0.014 0.015 0.054 
   5   (0.048) 0.203 0.011 0.011 0.013 
   6   (0.076) 0.062 0.019 0.018 0.204 
   7   (0.044) 0.009 0.115 0.010 0.012 
   8   (0.052) 0.014 0.140 0.012 0.014 
   9   (0.053) 0.017 0.192 0.012 0.014 
  10   (0.038) 0.006 0.061 0.009 0.010 
  11   (0.046) 0.008 0.008 0.316 0.012 
  12   (0.043) 0.007 0.007 0.125 0.012 
  13   (0.035) 0.006 0.006 0.046 0.009 
  14   (0.042) 0.007 0.007 0.086 0.011 
  15   (0.044) 0.007 0.008 0.125 0.012 
  16   (0.036) 0.006 0.006 0.047 0.010 
  17   (0.040) 0.007 0.007 0.086 0.011 
  18   (0.058) 0.010 0.010 0.014 0.490 
  19   (0.038) 0.006 0.006 0.009 0.047 

Locus 29 : locus29 
18 alleles
0.0% missing data
   1   (0.106) 0.204 0.136 0.025 0.138 
   2   (0.071) 0.102 0.031 0.170 0.019 
   3   (0.059) 0.092 0.010 0.090 0.016 
   4   (0.065) 0.199 0.015 0.092 0.018 
   5   (0.037) 0.086 0.009 0.009 0.010 
   6   (0.096) 0.054 0.202 0.023 0.172 
   7   (0.071) 0.166 0.022 0.132 0.019 
   8   (0.079) 0.022 0.173 0.019 0.204 
   9   (0.051) 0.008 0.037 0.012 0.050 
  10   (0.038) 0.008 0.089 0.009 0.010 
  11   (0.049) 0.008 0.065 0.012 0.050 
  12   (0.062) 0.012 0.121 0.015 0.090 
  13   (0.037) 0.010 0.059 0.009 0.010 
  14   (0.039) 0.006 0.007 0.162 0.011 
  15   (0.033) 0.005 0.006 0.046 0.009 
  16   (0.038) 0.006 0.007 0.161 0.010 
  17   (0.037) 0.006 0.007 0.009 0.119 
  18   (0.032) 0.005 0.006 0.007 0.045 

Locus 30 : locus30 
26 alleles
0.0% missing data
   1   (0.047) 0.035 0.008 0.011 0.122 
   2   (0.034) 0.196 0.010 0.008 0.009 
   3   (0.061) 0.082 0.021 0.014 0.199 
   4   (0.030) 0.061 0.005 0.007 0.008 
   5   (0.034) 0.115 0.008 0.008 0.009 
   6   (0.029) 0.032 0.005 0.007 0.008 
   7   (0.033) 0.169 0.008 0.008 0.009 
   8   (0.031) 0.057 0.009 0.007 0.008 
   9   (0.050) 0.064 0.009 0.012 0.087 
  10   (0.027) 0.057 0.008 0.006 0.007 
  11   (0.057) 0.013 0.173 0.090 0.015 
  12   (0.050) 0.018 0.082 0.088 0.014 
  13   (0.047) 0.012 0.059 0.164 0.013 
  14   (0.050) 0.008 0.064 0.126 0.014 
  15   (0.032) 0.007 0.116 0.008 0.009 
  16   (0.033) 0.007 0.116 0.008 0.009 
  17   (0.048) 0.010 0.089 0.088 0.013 
  18   (0.027) 0.005 0.033 0.007 0.007 
  19   (0.045) 0.007 0.035 0.087 0.012 
  20   (0.032) 0.009 0.057 0.008 0.009 
  21   (0.034) 0.009 0.057 0.008 0.009 
  22   (0.052) 0.008 0.009 0.127 0.123 
  23   (0.029) 0.005 0.005 0.083 0.008 
  24   (0.028) 0.005 0.005 0.007 0.044 
  25   (0.032) 0.005 0.006 0.008 0.191 
  26   (0.028) 0.005 0.005 0.007 0.044 

Locus 31 : locus31 
24 alleles
0.0% missing data
   1   (0.044) 0.115 0.010 0.010 0.012 
   2   (0.039) 0.140 0.010 0.009 0.010 
   3   (0.045) 0.277 0.014 0.011 0.012 
   4   (0.040) 0.089 0.007 0.009 0.011 
   5   (0.058) 0.098 0.059 0.014 0.016 
   6   (0.073) 0.119 0.016 0.017 0.166 
   7   (0.054) 0.036 0.009 0.013 0.088 
   8   (0.046) 0.010 0.230 0.011 0.012 
   9   (0.037) 0.006 0.119 0.009 0.010 
  10   (0.041) 0.011 0.114 0.010 0.011 
  11   (0.038) 0.008 0.088 0.009 0.010 
  12   (0.037) 0.009 0.143 0.009 0.010 
  13   (0.032) 0.005 0.034 0.008 0.009 
  14   (0.039) 0.014 0.083 0.009 0.011 
  15   (0.042) 0.007 0.007 0.353 0.011 
  16   (0.031) 0.005 0.005 0.045 0.008 
  17   (0.034) 0.006 0.006 0.085 0.009 
  18   (0.043) 0.007 0.008 0.125 0.012 
  19   (0.037) 0.006 0.006 0.047 0.010 
  20   (0.038) 0.006 0.007 0.161 0.010 
  21   (0.048) 0.008 0.008 0.011 0.305 
  22   (0.031) 0.005 0.005 0.007 0.045 
  23   (0.033) 0.005 0.006 0.008 0.082 
  24   (0.040) 0.007 0.007 0.009 0.120 

Locus 32 : locus32 
16 alleles
0.0% missing data
   1   (0.146) 0.402 0.226 0.035 0.149 
   2   (0.045) 0.111 0.013 0.011 0.012 
   3   (0.102) 0.099 0.186 0.024 0.064 
   4   (0.117) 0.142 0.147 0.028 0.141 
   5   (0.039) 0.061 0.007 0.009 0.011 
   6   (0.127) 0.062 0.290 0.030 0.254 
   7   (0.073) 0.067 0.013 0.017 0.203 
   8   (0.037) 0.006 0.063 0.009 0.010 
   9   (0.046) 0.007 0.008 0.240 0.012 
  10   (0.042) 0.007 0.007 0.125 0.011 
  11   (0.036) 0.006 0.006 0.047 0.010 
  12   (0.042) 0.007 0.007 0.201 0.011 
  13   (0.040) 0.006 0.007 0.124 0.011 
  14   (0.038) 0.006 0.007 0.085 0.010 
  15   (0.035) 0.006 0.006 0.008 0.046 
  16   (0.035) 0.006 0.006 0.008 0.046 

Locus 33 : locus33 
16 alleles
0.0% missing data
   1   (0.049) 0.227 0.014 0.011 0.013 
   2   (0.106) 0.193 0.147 0.063 0.029 
   3   (0.106) 0.209 0.023 0.101 0.102 
   4   (0.045) 0.175 0.009 0.011 0.012 
   5   (0.085) 0.070 0.015 0.097 0.059 
   6   (0.076) 0.018 0.365 0.056 0.020 
   7   (0.107) 0.018 0.073 0.254 0.139 
   8   (0.037) 0.006 0.033 0.009 0.010 
   9   (0.043) 0.010 0.087 0.010 0.012 
  10   (0.071) 0.024 0.137 0.055 0.019 
  11   (0.084) 0.020 0.063 0.020 0.351 
  12   (0.039) 0.007 0.007 0.086 0.011 
  13   (0.037) 0.006 0.006 0.123 0.010 
  14   (0.038) 0.006 0.007 0.085 0.010 
  15   (0.043) 0.007 0.007 0.010 0.157 
  16   (0.035) 0.006 0.006 0.008 0.046 

Locus 34 : locus34 
20 alleles
0.0% missing data
   1   (0.071) 0.139 0.023 0.017 0.092 
   2   (0.040) 0.141 0.011 0.009 0.011 
   3   (0.040) 0.090 0.007 0.009 0.011 
   4   (0.083) 0.232 0.018 0.020 0.242 
   5   (0.035) 0.089 0.006 0.008 0.010 
   6   (0.045) 0.167 0.014 0.011 0.012 
   7   (0.033) 0.005 0.061 0.008 0.009 
   8   (0.041) 0.008 0.201 0.010 0.011 
   9   (0.038) 0.006 0.090 0.009 0.010 
  10   (0.095) 0.021 0.094 0.175 0.098 
  11   (0.045) 0.015 0.138 0.011 0.012 
  12   (0.071) 0.022 0.140 0.093 0.019 
  13   (0.042) 0.012 0.113 0.010 0.011 
  14   (0.095) 0.016 0.044 0.290 0.135 
  15   (0.043) 0.007 0.007 0.201 0.012 
  16   (0.034) 0.005 0.006 0.046 0.009 
  17   (0.036) 0.006 0.006 0.047 0.010 
  18   (0.041) 0.007 0.007 0.010 0.120 
  19   (0.041) 0.007 0.007 0.010 0.120 
  20   (0.034) 0.006 0.006 0.008 0.046 

Locus 35 : locus35 
23 alleles
0.0% missing data
   1   (0.064) 0.124 0.011 0.206 0.017 
   2   (0.031) 0.062 0.005 0.007 0.009 
   3   (0.050) 0.065 0.008 0.050 0.014 
   4   (0.076) 0.256 0.023 0.286 0.021 
   5   (0.089) 0.234 0.021 0.059 0.097 
   6   (0.034) 0.059 0.009 0.008 0.009 
   7   (0.072) 0.086 0.049 0.055 0.020 
   8   (0.039) 0.008 0.114 0.009 0.010 
   9   (0.039) 0.009 0.086 0.009 0.010 
  10   (0.040) 0.012 0.247 0.009 0.011 
  11   (0.038) 0.009 0.195 0.009 0.010 
  12   (0.034) 0.006 0.060 0.008 0.009 
  13   (0.040) 0.012 0.111 0.010 0.011 
  14   (0.032) 0.005 0.005 0.084 0.009 
  15   (0.031) 0.005 0.005 0.084 0.008 
  16   (0.045) 0.007 0.008 0.048 0.049 
  17   (0.038) 0.006 0.006 0.009 0.266 
  18   (0.037) 0.006 0.006 0.009 0.083 
  19   (0.034) 0.006 0.006 0.008 0.046 
  20   (0.034) 0.006 0.006 0.008 0.082 
  21   (0.033) 0.005 0.005 0.008 0.045 
  22   (0.038) 0.006 0.007 0.009 0.120 
  23   (0.033) 0.006 0.006 0.008 0.045 

Locus 36 : locus36 
13 alleles
0.0% missing data
   1   (0.141) 0.389 0.126 0.033 0.257 
   2   (0.094) 0.116 0.026 0.098 0.062 
   3   (0.107) 0.045 0.047 0.255 0.065 
   4   (0.089) 0.173 0.021 0.021 0.206 
   5   (0.078) 0.040 0.014 0.057 0.094 
   6   (0.126) 0.167 0.209 0.183 0.034 
   7   (0.061) 0.010 0.067 0.091 0.017 
   8   (0.045) 0.011 0.145 0.011 0.012 
   9   (0.091) 0.023 0.288 0.174 0.025 
  10   (0.036) 0.006 0.035 0.009 0.010 
  11   (0.053) 0.009 0.009 0.051 0.051 
  12   (0.040) 0.006 0.007 0.009 0.084 
  13   (0.039) 0.006 0.007 0.009 0.083 

Locus 37 : locus37 
20 alleles
0.0% missing data
   1   (0.041) 0.311 0.010 0.010 0.011 
   2   (0.056) 0.065 0.010 0.089 0.015 
   3   (0.066) 0.091 0.015 0.130 0.018 
   4   (0.061) 0.082 0.021 0.052 0.016 
   5   (0.040) 0.088 0.009 0.009 0.011 
   6   (0.068) 0.120 0.014 0.131 0.018 
   7   (0.059) 0.037 0.010 0.244 0.016 
   8   (0.038) 0.058 0.010 0.009 0.010 
   9   (0.051) 0.036 0.009 0.050 0.014 
  10   (0.070) 0.017 0.422 0.017 0.055 
  11   (0.066) 0.011 0.150 0.016 0.091 
  12   (0.037) 0.006 0.034 0.009 0.010 
  13   (0.035) 0.009 0.058 0.008 0.010 
  14   (0.065) 0.016 0.060 0.015 0.091 
  15   (0.041) 0.015 0.081 0.010 0.011 
  16   (0.040) 0.011 0.058 0.009 0.011 
  17   (0.041) 0.007 0.007 0.162 0.011 
  18   (0.047) 0.008 0.008 0.011 0.268 
  19   (0.038) 0.006 0.006 0.009 0.120 
  20   (0.041) 0.007 0.007 0.010 0.194 

Locus 38 : locus38 
23 alleles
0.0% missing data
   1   (0.086) 0.413 0.223 0.020 0.023 
   2   (0.067) 0.132 0.140 0.016 0.018 
   3   (0.040) 0.115 0.009 0.009 0.011 
   4   (0.057) 0.077 0.080 0.013 0.015 
   5   (0.039) 0.139 0.011 0.009 0.011 
   6   (0.031) 0.005 0.062 0.007 0.008 
   7   (0.055) 0.009 0.037 0.128 0.015 
   8   (0.077) 0.016 0.207 0.247 0.021 
   9   (0.047) 0.013 0.115 0.011 0.013 
  10   (0.033) 0.005 0.034 0.008 0.009 
  11   (0.034) 0.005 0.006 0.046 0.009 
  12   (0.042) 0.007 0.007 0.163 0.011 
  13   (0.038) 0.006 0.007 0.085 0.010 
  14   (0.033) 0.005 0.006 0.160 0.009 
  15   (0.042) 0.007 0.007 0.010 0.194 
  16   (0.040) 0.006 0.007 0.009 0.120 
  17   (0.039) 0.006 0.007 0.009 0.193 
  18   (0.033) 0.005 0.006 0.008 0.045 
  19   (0.038) 0.006 0.007 0.009 0.083 
  20   (0.034) 0.005 0.006 0.008 0.046 
  21   (0.033) 0.005 0.006 0.008 0.045 
  22   (0.034) 0.006 0.006 0.008 0.046 
  23   (0.030) 0.005 0.005 0.007 0.045 

Locus 39 : locus39 
26 alleles
0.0% missing data
   1   (0.036) 0.198 0.008 0.008 0.010 
   2   (0.035) 0.143 0.007 0.008 0.010 
   3   (0.038) 0.113 0.011 0.009 0.010 
   4   (0.031) 0.086 0.008 0.007 0.009 
   5   (0.068) 0.046 0.143 0.016 0.055 
   6   (0.059) 0.081 0.022 0.090 0.016 
   7   (0.037) 0.198 0.008 0.009 0.010 
   8   (0.065) 0.015 0.174 0.016 0.164 
   9   (0.055) 0.015 0.114 0.013 0.088 
  10   (0.035) 0.009 0.142 0.008 0.010 
  11   (0.034) 0.008 0.087 0.008 0.009 
  12   (0.046) 0.007 0.036 0.011 0.049 
  13   (0.031) 0.008 0.058 0.007 0.008 
  14   (0.035) 0.008 0.087 0.008 0.009 
  15   (0.029) 0.005 0.033 0.007 0.008 
  16   (0.041) 0.007 0.007 0.315 0.011 
  17   (0.034) 0.006 0.006 0.199 0.009 
  18   (0.032) 0.005 0.006 0.046 0.009 
  19   (0.033) 0.006 0.006 0.084 0.009 
  20   (0.030) 0.005 0.005 0.045 0.008 
  21   (0.029) 0.005 0.005 0.045 0.008 
  22   (0.038) 0.006 0.007 0.009 0.156 
  23   (0.028) 0.005 0.005 0.007 0.044 
  24   (0.030) 0.005 0.005 0.007 0.081 
  25   (0.040) 0.006 0.007 0.009 0.120 
  26   (0.029) 0.005 0.005 0.007 0.081 

Locus 40 : locus40 
20 alleles
0.0% missing data
   1   (0.037) 0.088 0.007 0.009 0.010 
   2   (0.048) 0.550 0.013 0.011 0.013 
   3   (0.036) 0.061 0.006 0.009 0.010 
   4   (0.039) 0.140 0.010 0.009 0.011 
   5   (0.097) 0.020 0.209 0.138 0.062 
   6   (0.071) 0.020 0.341 0.054 0.019 
   7   (0.102) 0.016 0.074 0.215 0.173 
   8   (0.082) 0.019 0.064 0.058 0.095 
   9   (0.036) 0.006 0.091 0.009 0.010 
  10   (0.057) 0.009 0.038 0.166 0.016 
  11   (0.062) 0.015 0.061 0.015 0.126 
  12   (0.052) 0.008 0.037 0.165 0.014 
  13   (0.037) 0.006 0.006 0.047 0.010 
  14   (0.036) 0.006 0.006 0.046 0.010 
  15   (0.035) 0.006 0.006 0.008 0.082 
  16   (0.033) 0.005 0.006 0.008 0.046 
  17   (0.032) 0.005 0.006 0.008 0.045 
  18   (0.044) 0.007 0.008 0.010 0.158 
  19   (0.033) 0.005 0.006 0.008 0.045 
  20   (0.032) 0.005 0.006 0.008 0.045 

Locus 41 : locus41 
22 alleles
0.0% missing data
   1   (0.059) 0.098 0.059 0.014 0.016 
   2   (0.072) 0.133 0.225 0.017 0.019 
   3   (0.070) 0.224 0.016 0.017 0.092 
   4   (0.044) 0.163 0.014 0.011 0.012 
   5   (0.063) 0.037 0.011 0.015 0.273 
   6   (0.041) 0.110 0.013 0.010 0.011 
   7   (0.041) 0.079 0.016 0.010 0.011 
   8   (0.059) 0.063 0.011 0.014 0.162 
   9   (0.056) 0.009 0.095 0.051 0.015 
  10   (0.038) 0.006 0.064 0.009 0.010 
  11   (0.072) 0.017 0.407 0.054 0.019 
  12   (0.033) 0.005 0.006 0.084 0.009 
  13   (0.037) 0.006 0.007 0.085 0.010 
  14   (0.037) 0.006 0.007 0.200 0.010 
  15   (0.035) 0.006 0.006 0.085 0.009 
  16   (0.039) 0.006 0.007 0.200 0.010 
  17   (0.037) 0.006 0.007 0.047 0.010 
  18   (0.031) 0.005 0.006 0.045 0.008 
  19   (0.035) 0.006 0.006 0.008 0.119 
  20   (0.034) 0.006 0.006 0.008 0.082 
  21   (0.033) 0.005 0.006 0.008 0.045 
  22   (0.034) 0.005 0.006 0.008 0.046 

Locus 42 : locus42 
25 alleles
0.0% missing data
   1   (0.049) 0.308 0.014 0.012 0.013 
   2   (0.039) 0.310 0.009 0.009 0.011 
   3   (0.064) 0.119 0.014 0.015 0.127 
   4   (0.033) 0.033 0.006 0.008 0.009 
   5   (0.034) 0.087 0.008 0.008 0.009 
   6   (0.044) 0.010 0.171 0.010 0.012 
   7   (0.048) 0.012 0.364 0.011 0.013 
   8   (0.038) 0.006 0.090 0.009 0.010 
   9   (0.034) 0.006 0.061 0.008 0.009 
  10   (0.064) 0.018 0.169 0.015 0.090 
  11   (0.051) 0.008 0.009 0.088 0.050 
  12   (0.034) 0.006 0.006 0.084 0.009 
  13   (0.037) 0.006 0.006 0.199 0.010 
  14   (0.043) 0.007 0.007 0.125 0.012 
  15   (0.048) 0.008 0.008 0.049 0.050 
  16   (0.030) 0.005 0.005 0.045 0.008 
  17   (0.039) 0.006 0.007 0.162 0.010 
  18   (0.032) 0.005 0.005 0.046 0.009 
  19   (0.032) 0.005 0.006 0.046 0.009 
  20   (0.037) 0.006 0.006 0.009 0.192 
  21   (0.039) 0.006 0.007 0.009 0.120 
  22   (0.038) 0.006 0.007 0.009 0.083 
  23   (0.030) 0.005 0.005 0.007 0.045 
  24   (0.032) 0.005 0.006 0.008 0.045 
  25   (0.031) 0.005 0.005 0.007 0.045 

Locus 43 : locus43 
20 alleles
0.0% missing data
   1   (0.033) 0.034 0.006 0.008 0.009 
   2   (0.063) 0.276 0.055 0.015 0.017 
   3   (0.074) 0.166 0.191 0.018 0.020 
   4   (0.052) 0.094 0.036 0.012 0.014 
   5   (0.071) 0.130 0.277 0.017 0.019 
   6   (0.059) 0.046 0.111 0.014 0.016 
   7   (0.062) 0.146 0.097 0.015 0.017 
   8   (0.032) 0.005 0.033 0.008 0.009 
   9   (0.036) 0.010 0.057 0.008 0.010 
  10   (0.060) 0.016 0.059 0.014 0.089 
  11   (0.032) 0.005 0.006 0.084 0.009 
  12   (0.063) 0.010 0.011 0.206 0.126 
  13   (0.033) 0.006 0.006 0.084 0.009 
  14   (0.062) 0.010 0.011 0.091 0.199 
  15   (0.029) 0.005 0.005 0.045 0.008 
  16   (0.057) 0.010 0.010 0.051 0.162 
  17   (0.064) 0.011 0.011 0.130 0.126 
  18   (0.047) 0.008 0.008 0.049 0.049 
  19   (0.036) 0.006 0.006 0.123 0.010 
  20   (0.034) 0.006 0.006 0.008 0.082 

Locus 44 : locus44 
16 alleles
0.0% missing data
   1   (0.095) 0.072 0.043 0.061 0.172 
   2   (0.065) 0.150 0.013 0.016 0.164 
   3   (0.072) 0.106 0.058 0.055 0.020 
   4   (0.051) 0.051 0.049 0.012 0.014 
   5   (0.109) 0.240 0.160 0.064 0.066 
   6   (0.091) 0.199 0.082 0.022 0.134 
   7   (0.114) 0.068 0.108 0.257 0.104 
   8   (0.052) 0.036 0.009 0.012 0.124 
   9   (0.032) 0.005 0.033 0.008 0.009 
  10   (0.063) 0.016 0.143 0.091 0.017 
  11   (0.034) 0.009 0.057 0.008 0.009 
  12   (0.038) 0.008 0.114 0.009 0.010 
  13   (0.085) 0.023 0.115 0.058 0.132 
  14   (0.036) 0.006 0.006 0.199 0.010 
  15   (0.034) 0.006 0.006 0.084 0.009 
  16   (0.029) 0.005 0.005 0.045 0.008 

Locus 45 : locus45 
20 alleles
0.0% missing data
   1   (0.082) 0.170 0.054 0.019 0.058 
   2   (0.074) 0.159 0.197 0.018 0.020 
   3   (0.090) 0.182 0.125 0.021 0.061 
   4   (0.071) 0.148 0.209 0.017 0.019 
   5   (0.066) 0.146 0.098 0.016 0.018 
   6   (0.032) 0.034 0.006 0.008 0.009 
   7   (0.031) 0.033 0.005 0.007 0.008 
   8   (0.054) 0.037 0.009 0.013 0.088 
   9   (0.041) 0.010 0.168 0.010 0.011 
  10   (0.037) 0.010 0.057 0.009 0.010 
  11   (0.037) 0.006 0.006 0.200 0.010 
  12   (0.059) 0.010 0.010 0.090 0.089 
  13   (0.038) 0.006 0.006 0.162 0.010 
  14   (0.038) 0.006 0.006 0.123 0.010 
  15   (0.039) 0.007 0.007 0.124 0.011 
  16   (0.071) 0.012 0.012 0.131 0.275 
  17   (0.038) 0.006 0.006 0.009 0.119 
  18   (0.035) 0.006 0.006 0.008 0.083 
  19   (0.034) 0.006 0.006 0.008 0.046 
  20   (0.032) 0.005 0.006 0.008 0.045 

Locus 46 : locus46 
22 alleles
0.0% missing data
   1   (0.038) 0.252 0.011 0.009 0.010 
   2   (0.036) 0.087 0.009 0.009 0.010 
   3   (0.031) 0.033 0.005 0.007 0.008 
   4   (0.031) 0.033 0.005 0.007 0.008 
   5   (0.036) 0.200 0.007 0.008 0.010 
   6   (0.035) 0.033 0.006 0.008 0.009 
   7   (0.038) 0.057 0.011 0.009 0.010 
   8   (0.035) 0.057 0.010 0.008 0.010 
   9   (0.033) 0.057 0.009 0.008 0.009 
  10   (0.033) 0.057 0.009 0.008 0.009 
  11   (0.059) 0.010 0.038 0.243 0.016 
  12   (0.094) 0.022 0.343 0.098 0.062 
  13   (0.074) 0.016 0.231 0.170 0.020 
  14   (0.036) 0.009 0.058 0.008 0.010 
  15   (0.077) 0.020 0.116 0.056 0.057 
  16   (0.087) 0.014 0.043 0.135 0.206 
  17   (0.060) 0.015 0.060 0.129 0.016 
  18   (0.030) 0.005 0.005 0.045 0.008 
  19   (0.040) 0.006 0.007 0.009 0.266 
  20   (0.038) 0.006 0.007 0.009 0.156 
  21   (0.029) 0.005 0.005 0.007 0.044 
  22   (0.030) 0.005 0.005 0.007 0.044 

Locus 47 : locus47 
23 alleles
0.0% missing data
   1   (0.062) 0.234 0.015 0.015 0.053 
   2   (0.054) 0.179 0.011 0.013 0.051 
   3   (0.063) 0.113 0.101 0.015 0.017 
   4   (0.042) 0.147 0.010 0.010 0.011 
   5   (0.086) 0.096 0.018 0.058 0.280 
   6   (0.030) 0.034 0.005 0.007 0.008 
   7   (0.046) 0.051 0.048 0.011 0.013 
   8   (0.027) 0.033 0.005 0.006 0.007 
   9   (0.042) 0.012 0.272 0.010 0.011 
  10   (0.032) 0.005 0.059 0.008 0.009 
  11   (0.039) 0.010 0.246 0.009 0.011 
  12   (0.038) 0.012 0.109 0.009 0.010 
  13   (0.033) 0.006 0.032 0.008 0.009 
  14   (0.059) 0.010 0.010 0.128 0.089 
  15   (0.055) 0.009 0.009 0.090 0.125 
  16   (0.050) 0.008 0.008 0.164 0.049 
  17   (0.034) 0.006 0.006 0.084 0.009 
  18   (0.052) 0.009 0.009 0.241 0.050 
  19   (0.028) 0.005 0.005 0.045 0.007 
  20   (0.030) 0.005 0.005 0.045 0.008 
  21   (0.033) 0.006 0.006 0.008 0.045 
  22   (0.033) 0.006 0.005 0.008 0.082 
  23   (0.032) 0.005 0.005 0.008 0.045 

Locus 48 : locus48 
25 alleles
0.0% missing data
   1   (0.032) 0.033 0.006 0.008 0.009 
   2   (0.045) 0.035 0.008 0.011 0.049 
   3   (0.049) 0.091 0.009 0.012 0.050 
   4   (0.036) 0.280 0.009 0.008 0.010 
   5   (0.057) 0.143 0.015 0.014 0.089 
   6   (0.037) 0.163 0.015 0.009 0.010 
   7   (0.044) 0.035 0.008 0.011 0.048 
   8   (0.027) 0.032 0.005 0.007 0.007 
   9   (0.042) 0.035 0.035 0.010 0.011 
  10   (0.045) 0.035 0.008 0.049 0.012 
  11   (0.034) 0.008 0.225 0.008 0.009 
  12   (0.050) 0.008 0.036 0.127 0.013 
  13   (0.052) 0.008 0.064 0.241 0.014 
  14   (0.059) 0.014 0.256 0.052 0.016 
  15   (0.058) 0.014 0.144 0.128 0.016 
  16   (0.031) 0.005 0.033 0.007 0.008 
  17   (0.057) 0.019 0.083 0.128 0.015 
  18   (0.030) 0.005 0.005 0.045 0.008 
  19   (0.027) 0.004 0.005 0.045 0.007 
  20   (0.027) 0.004 0.005 0.045 0.007 
  21   (0.032) 0.005 0.005 0.007 0.154 
  22   (0.035) 0.006 0.006 0.008 0.155 
  23   (0.032) 0.005 0.006 0.008 0.118 
  24   (0.033) 0.005 0.006 0.008 0.118 
  25   (0.030) 0.005 0.005 0.007 0.045 

Locus 49 : locus49 
22 alleles
0.0% missing data
   1   (0.040) 0.253 0.011 0.009 0.011 
   2   (0.067) 0.145 0.017 0.130 0.018 
   3   (0.061) 0.110 0.077 0.014 0.016 
   4   (0.056) 0.194 0.048 0.013 0.015 
   5   (0.069) 0.102 0.225 0.016 0.019 
   6   (0.086) 0.053 0.087 0.212 0.023 
   7   (0.056) 0.037 0.010 0.166 0.015 
   8   (0.045) 0.012 0.251 0.011 0.012 
   9   (0.036) 0.006 0.061 0.009 0.010 
  10   (0.035) 0.008 0.087 0.008 0.010 
  11   (0.063) 0.016 0.060 0.091 0.017 
  12   (0.034) 0.006 0.006 0.085 0.009 
  13   (0.035) 0.006 0.006 0.122 0.009 
  14   (0.034) 0.006 0.006 0.046 0.009 
  15   (0.038) 0.006 0.006 0.009 0.193 
  16   (0.042) 0.007 0.007 0.010 0.194 
  17   (0.036) 0.006 0.006 0.008 0.083 
  18   (0.034) 0.006 0.006 0.008 0.119 
  19   (0.037) 0.006 0.006 0.009 0.083 
  20   (0.031) 0.005 0.005 0.007 0.045 
  21   (0.032) 0.005 0.006 0.008 0.045 
  22   (0.032) 0.005 0.005 0.008 0.045 

Locus 50 : locus50 
18 alleles
0.0% missing data
   1   (0.088) 0.254 0.025 0.136 0.024 
   2   (0.045) 0.142 0.011 0.011 0.012 
   3   (0.052) 0.255 0.012 0.012 0.014 
   4   (0.045) 0.116 0.010 0.011 0.012 
   5   (0.064) 0.066 0.011 0.092 0.017 
   6   (0.056) 0.037 0.010 0.052 0.015 
   7   (0.094) 0.022 0.232 0.022 0.172 
   8   (0.058) 0.013 0.424 0.014 0.016 
   9   (0.070) 0.011 0.040 0.016 0.201 
  10   (0.069) 0.017 0.062 0.016 0.092 
  11   (0.045) 0.016 0.082 0.011 0.012 
  12   (0.060) 0.010 0.038 0.014 0.089 
  13   (0.046) 0.008 0.008 0.201 0.012 
  14   (0.048) 0.008 0.008 0.240 0.013 
  15   (0.040) 0.007 0.007 0.086 0.011 
  16   (0.035) 0.006 0.006 0.046 0.009 
  17   (0.045) 0.007 0.008 0.011 0.194 
  18   (0.039) 0.006 0.007 0.009 0.084 

Locus 51 : locus51 
20 alleles
0.0% missing data
   1   (0.064) 0.177 0.013 0.015 0.127 
   2   (0.067) 0.206 0.013 0.016 0.164 
   3   (0.077) 0.172 0.022 0.018 0.240 
   4   (0.046) 0.036 0.008 0.011 0.049 
   5   (0.036) 0.087 0.008 0.008 0.010 
   6   (0.037) 0.088 0.009 0.009 0.010 
   7   (0.067) 0.106 0.028 0.016 0.128 
   8   (0.072) 0.017 0.255 0.093 0.020 
   9   (0.077) 0.022 0.169 0.247 0.021 
  10   (0.036) 0.008 0.087 0.009 0.010 
  11   (0.035) 0.010 0.057 0.008 0.009 
  12   (0.056) 0.015 0.059 0.128 0.015 
  13   (0.031) 0.005 0.033 0.007 0.008 
  14   (0.037) 0.010 0.058 0.009 0.010 
  15   (0.056) 0.009 0.065 0.128 0.015 
  16   (0.050) 0.008 0.036 0.088 0.013 
  17   (0.054) 0.009 0.064 0.089 0.015 
  18   (0.034) 0.006 0.006 0.085 0.009 
  19   (0.034) 0.006 0.006 0.008 0.082 
  20   (0.032) 0.005 0.005 0.008 0.045 

Locus 52 : locus52 
15 alleles
0.0% missing data
   1   (0.066) 0.219 0.054 0.016 0.018 
   2   (0.063) 0.202 0.014 0.015 0.053 
   3   (0.114) 0.126 0.024 0.218 0.177 
   4   (0.100) 0.079 0.285 0.100 0.027 
   5   (0.107) 0.056 0.258 0.063 0.065 
   6   (0.098) 0.058 0.058 0.061 0.100 
   7   (0.038) 0.058 0.011 0.009 0.010 
   8   (0.043) 0.081 0.017 0.010 0.012 
   9   (0.036) 0.062 0.006 0.008 0.010 
  10   (0.042) 0.008 0.144 0.010 0.011 
  11   (0.060) 0.013 0.090 0.014 0.053 
  12   (0.062) 0.010 0.011 0.244 0.053 
  13   (0.074) 0.012 0.013 0.171 0.166 
  14   (0.064) 0.010 0.011 0.053 0.200 
  15   (0.032) 0.005 0.006 0.008 0.045 

Locus 53 : locus53 
19 alleles
0.0% missing data
   1   (0.078) 0.239 0.015 0.056 0.057 
   2   (0.086) 0.175 0.023 0.059 0.096 
   3   (0.036) 0.089 0.008 0.009 0.010 
   4   (0.072) 0.108 0.028 0.017 0.165 
   5   (0.059) 0.095 0.010 0.090 0.016 
   6   (0.052) 0.037 0.009 0.012 0.087 
   7   (0.036) 0.059 0.010 0.009 0.010 
   8   (0.030) 0.033 0.005 0.007 0.008 
   9   (0.035) 0.058 0.010 0.008 0.009 
  10   (0.091) 0.021 0.363 0.289 0.025 
  11   (0.076) 0.019 0.224 0.171 0.021 
  12   (0.108) 0.027 0.227 0.140 0.139 
  13   (0.031) 0.005 0.033 0.007 0.008 
  14   (0.051) 0.009 0.009 0.088 0.050 
  15   (0.029) 0.005 0.005 0.007 0.044 
  16   (0.035) 0.006 0.006 0.008 0.083 
  17   (0.036) 0.006 0.006 0.009 0.083 
  18   (0.030) 0.005 0.005 0.007 0.044 
  19   (0.029) 0.005 0.005 0.007 0.044 

Locus 54 : locus54 
21 alleles
0.0% missing data
   1   (0.042) 0.137 0.015 0.010 0.011 
   2   (0.048) 0.310 0.011 0.011 0.013 
   3   (0.045) 0.035 0.035 0.011 0.012 
   4   (0.044) 0.197 0.012 0.010 0.012 
   5   (0.036) 0.087 0.008 0.009 0.010 
   6   (0.036) 0.061 0.006 0.008 0.010 
   7   (0.066) 0.038 0.039 0.054 0.018 
   8   (0.072) 0.014 0.149 0.017 0.165 
   9   (0.084) 0.023 0.227 0.020 0.242 
  10   (0.044) 0.013 0.169 0.010 0.012 
  11   (0.042) 0.011 0.059 0.010 0.011 
  12   (0.063) 0.013 0.119 0.015 0.090 
  13   (0.070) 0.011 0.068 0.055 0.055 
  14   (0.056) 0.009 0.037 0.128 0.015 
  15   (0.037) 0.006 0.006 0.123 0.010 
  16   (0.031) 0.005 0.005 0.046 0.008 
  17   (0.039) 0.006 0.007 0.200 0.011 
  18   (0.039) 0.006 0.007 0.238 0.011 
  19   (0.033) 0.005 0.006 0.008 0.082 
  20   (0.039) 0.006 0.007 0.009 0.156 
  21   (0.034) 0.005 0.006 0.008 0.046 

Locus 55 : locus55 
24 alleles
0.0% missing data
   1   (0.039) 0.250 0.011 0.009 0.011 
   2   (0.056) 0.065 0.120 0.013 0.015 
   3   (0.035) 0.085 0.009 0.008 0.009 
   4   (0.043) 0.166 0.013 0.010 0.012 
   5   (0.059) 0.156 0.085 0.014 0.016 
   6   (0.033) 0.088 0.006 0.008 0.009 
   7   (0.033) 0.033 0.006 0.008 0.009 
   8   (0.044) 0.034 0.008 0.049 0.012 
   9   (0.042) 0.011 0.199 0.010 0.011 
  10   (0.048) 0.008 0.093 0.049 0.013 
  11   (0.060) 0.015 0.146 0.090 0.016 
  12   (0.061) 0.011 0.177 0.129 0.017 
  13   (0.064) 0.016 0.061 0.168 0.017 
  14   (0.032) 0.005 0.005 0.046 0.009 
  15   (0.031) 0.005 0.005 0.045 0.008 
  16   (0.037) 0.006 0.006 0.162 0.010 
  17   (0.033) 0.005 0.006 0.084 0.009 
  18   (0.031) 0.005 0.005 0.045 0.008 
  19   (0.040) 0.007 0.007 0.010 0.193 
  20   (0.036) 0.006 0.006 0.008 0.156 
  21   (0.034) 0.006 0.006 0.008 0.118 
  22   (0.037) 0.006 0.007 0.009 0.120 
  23   (0.037) 0.006 0.007 0.009 0.156 
  24   (0.034) 0.006 0.006 0.008 0.046 

Locus 56 : locus56 
20 alleles
0.0% missing data
   1   (0.071) 0.095 0.179 0.017 0.019 
   2   (0.093) 0.307 0.026 0.175 0.025 
   3   (0.045) 0.169 0.011 0.011 0.012 
   4   (0.064) 0.113 0.047 0.015 0.017 
   5   (0.036) 0.033 0.006 0.008 0.010 
   6   (0.081) 0.061 0.413 0.019 0.022 
   7   (0.042) 0.087 0.010 0.010 0.011 
   8   (0.088) 0.055 0.057 0.174 0.024 
   9   (0.040) 0.008 0.117 0.009 0.011 
  10   (0.038) 0.006 0.063 0.009 0.010 
  11   (0.043) 0.007 0.007 0.163 0.012 
  12   (0.036) 0.006 0.006 0.085 0.010 
  13   (0.045) 0.007 0.008 0.239 0.012 
  14   (0.040) 0.006 0.007 0.009 0.120 
  15   (0.034) 0.005 0.006 0.008 0.046 
  16   (0.047) 0.008 0.008 0.011 0.231 
  17   (0.045) 0.007 0.008 0.011 0.158 
  18   (0.041) 0.007 0.007 0.010 0.120 
  19   (0.035) 0.006 0.006 0.008 0.046 
  20   (0.038) 0.006 0.007 0.009 0.083 

Locus 57 : locus57 
26 alleles
0.0% missing data
   1   (0.027) 0.032 0.005 0.006 0.007 
   2   (0.047) 0.092 0.008 0.049 0.013 
   3   (0.059) 0.173 0.014 0.128 0.016 
   4   (0.083) 0.340 0.023 0.363 0.022 
   5   (0.057) 0.115 0.016 0.089 0.015 
   6   (0.035) 0.088 0.008 0.008 0.009 
   7   (0.052) 0.036 0.009 0.089 0.014 
   8   (0.038) 0.008 0.115 0.009 0.010 
   9   (0.042) 0.011 0.141 0.010 0.011 
  10   (0.038) 0.010 0.196 0.009 0.010 
  11   (0.031) 0.007 0.086 0.007 0.008 
  12   (0.034) 0.007 0.115 0.008 0.009 
  13   (0.030) 0.005 0.033 0.007 0.008 
  14   (0.030) 0.005 0.033 0.007 0.008 
  15   (0.033) 0.007 0.086 0.008 0.009 
  16   (0.036) 0.010 0.058 0.009 0.010 
  17   (0.036) 0.006 0.006 0.123 0.010 
  18   (0.035) 0.006 0.006 0.008 0.155 
  19   (0.036) 0.006 0.006 0.009 0.192 
  20   (0.031) 0.005 0.005 0.007 0.045 
  21   (0.033) 0.005 0.006 0.008 0.082 
  22   (0.028) 0.005 0.005 0.007 0.044 
  23   (0.034) 0.006 0.006 0.008 0.082 
  24   (0.036) 0.006 0.006 0.009 0.083 
  25   (0.030) 0.005 0.005 0.007 0.081 
  26   (0.033) 0.005 0.006 0.008 0.045 

Locus 58 : locus58 
17 alleles
0.0% missing data
   1   (0.069) 0.255 0.017 0.092 0.018 
   2   (0.059) 0.133 0.053 0.014 0.016 
   3   (0.045) 0.196 0.013 0.011 0.012 
   4   (0.032) 0.033 0.006 0.008 0.009 
   5   (0.082) 0.092 0.130 0.057 0.022 
   6   (0.096) 0.064 0.274 0.099 0.026 
   7   (0.059) 0.037 0.010 0.282 0.016 
   8   (0.093) 0.056 0.170 0.136 0.025 
   9   (0.078) 0.061 0.020 0.095 0.058 
  10   (0.120) 0.026 0.182 0.143 0.251 
  11   (0.032) 0.005 0.034 0.008 0.009 
  12   (0.061) 0.015 0.061 0.014 0.126 
  13   (0.036) 0.006 0.006 0.009 0.083 
  14   (0.034) 0.005 0.006 0.008 0.045 
  15   (0.034) 0.006 0.006 0.008 0.082 
  16   (0.040) 0.007 0.007 0.010 0.157 
  17   (0.032) 0.005 0.006 0.008 0.045 

Locus 59 : locus59 
23 alleles
0.0% missing data
   1   (0.040) 0.312 0.009 0.009 0.011 
   2   (0.034) 0.142 0.009 0.008 0.009 
   3   (0.044) 0.035 0.008 0.010 0.048 
   4   (0.043) 0.035 0.007 0.048 0.012 
   5   (0.077) 0.092 0.017 0.056 0.131 
   6   (0.054) 0.114 0.016 0.051 0.014 
   7   (0.033) 0.058 0.009 0.008 0.009 
   8   (0.034) 0.034 0.006 0.008 0.009 
   9   (0.057) 0.060 0.015 0.013 0.125 
  10   (0.053) 0.010 0.173 0.013 0.050 
  11   (0.064) 0.016 0.226 0.091 0.017 
  12   (0.035) 0.008 0.251 0.008 0.009 
  13   (0.049) 0.013 0.059 0.050 0.013 
  14   (0.034) 0.009 0.057 0.008 0.009 
  15   (0.055) 0.012 0.088 0.089 0.015 
  16   (0.029) 0.005 0.005 0.045 0.008 
  17   (0.049) 0.008 0.008 0.241 0.050 
  18   (0.032) 0.005 0.006 0.046 0.009 
  19   (0.032) 0.005 0.005 0.084 0.009 
  20   (0.051) 0.008 0.009 0.050 0.124 
  21   (0.031) 0.005 0.005 0.046 0.008 
  22   (0.039) 0.006 0.007 0.009 0.229 
  23   (0.032) 0.005 0.005 0.008 0.082 

Locus 60 : locus60 
23 alleles
0.0% missing data
   1   (0.042) 0.303 0.012 0.010 0.011 
   2   (0.058) 0.145 0.012 0.090 0.016 
   3   (0.035) 0.170 0.007 0.008 0.010 
   4   (0.037) 0.057 0.010 0.009 0.010 
   5   (0.031) 0.060 0.005 0.007 0.008 
   6   (0.036) 0.111 0.011 0.009 0.010 
   7   (0.063) 0.012 0.206 0.167 0.017 
   8   (0.085) 0.020 0.149 0.173 0.059 
   9   (0.059) 0.012 0.121 0.014 0.089 
  10   (0.045) 0.007 0.036 0.049 0.012 
  11   (0.058) 0.015 0.061 0.014 0.089 
  12   (0.063) 0.015 0.062 0.015 0.272 
  13   (0.044) 0.007 0.036 0.048 0.012 
  14   (0.044) 0.015 0.140 0.010 0.012 
  15   (0.047) 0.008 0.036 0.126 0.013 
  16   (0.034) 0.009 0.059 0.008 0.009 
  17   (0.031) 0.005 0.005 0.122 0.008 
  18   (0.033) 0.005 0.006 0.084 0.009 
  19   (0.033) 0.005 0.006 0.008 0.082 
  20   (0.030) 0.005 0.005 0.007 0.045 
  21   (0.034) 0.005 0.006 0.008 0.119 
  22   (0.029) 0.005 0.005 0.007 0.044 
  23   (0.029) 0.005 0.005 0.007 0.044 

Locus 61 : locus61 
21 alleles
0.0% missing data
   1   (0.052) 0.151 0.060 0.012 0.014 
   2   (0.035) 0.141 0.009 0.008 0.009 
   3   (0.054) 0.036 0.009 0.013 0.124 
   4   (0.066) 0.168 0.020 0.130 0.018 
   5   (0.037) 0.058 0.010 0.009 0.010 
   6   (0.041) 0.034 0.007 0.048 0.011 
   7   (0.033) 0.033 0.006 0.008 0.009 
   8   (0.051) 0.092 0.036 0.012 0.014 
   9   (0.029) 0.032 0.005 0.007 0.008 
  10   (0.037) 0.087 0.009 0.009 0.010 
  11   (0.031) 0.057 0.009 0.007 0.009 
  12   (0.098) 0.023 0.232 0.099 0.209 
  13   (0.050) 0.013 0.060 0.012 0.050 
  14   (0.074) 0.018 0.230 0.055 0.056 
  15   (0.059) 0.010 0.093 0.396 0.016 
  16   (0.080) 0.020 0.146 0.095 0.058 
  17   (0.045) 0.007 0.036 0.011 0.049 
  18   (0.031) 0.005 0.005 0.045 0.008 
  19   (0.033) 0.005 0.006 0.008 0.082 
  20   (0.031) 0.005 0.005 0.007 0.081 
  21   (0.033) 0.005 0.006 0.008 0.155 

Locus 62 : locus62 
12 alleles
0.0% missing data
   1   (0.166) 0.437 0.088 0.230 0.118 
   2   (0.088) 0.082 0.115 0.021 0.060 
   3   (0.130) 0.062 0.065 0.145 0.255 
   4   (0.087) 0.214 0.259 0.021 0.024 
   5   (0.106) 0.071 0.075 0.102 0.065 
   6   (0.107) 0.072 0.019 0.140 0.211 
   7   (0.076) 0.021 0.172 0.018 0.093 
   8   (0.037) 0.006 0.063 0.009 0.010 
   9   (0.070) 0.014 0.121 0.017 0.092 
  10   (0.061) 0.010 0.011 0.167 0.053 
  11   (0.037) 0.006 0.007 0.085 0.010 
  12   (0.035) 0.006 0.006 0.046 0.009 

Locus 63 : locus63 
19 alleles
0.0% missing data
   1   (0.041) 0.145 0.007 0.010 0.011 
   2   (0.045) 0.280 0.012 0.011 0.012 
   3   (0.035) 0.033 0.006 0.008 0.010 
   4   (0.035) 0.034 0.006 0.008 0.009 
   5   (0.093) 0.118 0.052 0.137 0.025 
   6   (0.058) 0.060 0.015 0.052 0.016 
   7   (0.083) 0.084 0.082 0.058 0.022 
   8   (0.044) 0.138 0.015 0.010 0.012 
   9   (0.117) 0.032 0.424 0.180 0.067 
  10   (0.075) 0.014 0.206 0.171 0.020 
  11   (0.057) 0.009 0.037 0.014 0.125 
  12   (0.047) 0.008 0.036 0.049 0.013 
  13   (0.032) 0.005 0.033 0.008 0.009 
  14   (0.036) 0.006 0.034 0.009 0.010 
  15   (0.042) 0.007 0.007 0.239 0.011 
  16   (0.042) 0.007 0.007 0.010 0.120 
  17   (0.043) 0.007 0.008 0.010 0.267 
  18   (0.037) 0.006 0.006 0.009 0.119 
  19   (0.038) 0.006 0.007 0.009 0.120 

Locus 64 : locus64 
15 alleles
0.0% missing data
   1   (0.062) 0.127 0.089 0.015 0.017 
   2   (0.090) 0.174 0.134 0.059 0.024 
   3   (0.061) 0.056 0.186 0.014 0.016 
   4   (0.064) 0.241 0.058 0.015 0.017 
   5   (0.049) 0.036 0.036 0.012 0.013 
   6   (0.124) 0.062 0.062 0.335 0.179 
   7   (0.124) 0.100 0.136 0.182 0.107 
   8   (0.076) 0.136 0.057 0.056 0.021 
   9   (0.058) 0.013 0.090 0.052 0.016 
  10   (0.040) 0.015 0.081 0.009 0.011 
  11   (0.032) 0.005 0.033 0.008 0.009 
  12   (0.058) 0.010 0.010 0.052 0.162 
  13   (0.062) 0.010 0.011 0.091 0.126 
  14   (0.067) 0.011 0.012 0.092 0.237 
  15   (0.033) 0.005 0.006 0.008 0.045 

Locus 65 : locus65 
14 alleles
0.0% missing data
   1   (0.039) 0.091 0.009 0.009 0.011 
   2   (0.039) 0.123 0.007 0.009 0.011 
   3   (0.061) 0.048 0.109 0.015 0.017 
   4   (0.046) 0.238 0.008 0.011 0.012 
   5   (0.038) 0.061 0.010 0.009 0.010 
   6   (0.077) 0.053 0.082 0.018 0.058 
   7   (0.101) 0.147 0.030 0.062 0.137 
   8   (0.122) 0.124 0.031 0.105 0.325 
   9   (0.097) 0.025 0.222 0.099 0.062 
  10   (0.110) 0.031 0.113 0.103 0.176 
  11   (0.095) 0.029 0.271 0.061 0.062 
  12   (0.105) 0.018 0.071 0.445 0.101 
  13   (0.034) 0.006 0.032 0.008 0.009 
  14   (0.034) 0.006 0.006 0.046 0.009 

Locus 66 : locus66 
14 alleles
0.0% missing data
   1   (0.068) 0.116 0.019 0.131 0.018 
   2   (0.044) 0.288 0.009 0.010 0.012 
   3   (0.059) 0.038 0.010 0.014 0.126 
   4   (0.061) 0.083 0.021 0.014 0.053 
   5   (0.119) 0.141 0.230 0.028 0.178 
   6   (0.097) 0.065 0.024 0.176 0.136 
   7   (0.060) 0.095 0.010 0.091 0.016 
   8   (0.033) 0.034 0.006 0.008 0.009 
   9   (0.094) 0.064 0.105 0.022 0.172 
  10   (0.120) 0.022 0.266 0.296 0.105 
  11   (0.089) 0.022 0.146 0.097 0.060 
  12   (0.039) 0.011 0.057 0.009 0.011 
  13   (0.084) 0.019 0.092 0.058 0.096 
  14   (0.033) 0.005 0.006 0.046 0.009 

Locus 67 : locus67 
22 alleles
0.0% missing data
   1   (0.039) 0.219 0.011 0.009 0.010 
   2   (0.047) 0.274 0.011 0.011 0.013 
   3   (0.071) 0.081 0.196 0.017 0.019 
   4   (0.041) 0.191 0.012 0.010 0.011 
   5   (0.078) 0.065 0.072 0.057 0.021 
   6   (0.066) 0.057 0.248 0.016 0.018 
   7   (0.043) 0.008 0.149 0.010 0.012 
   8   (0.038) 0.008 0.090 0.009 0.010 
   9   (0.061) 0.010 0.039 0.244 0.017 
  10   (0.058) 0.014 0.062 0.090 0.016 
  11   (0.058) 0.009 0.039 0.166 0.016 
  12   (0.039) 0.006 0.007 0.200 0.011 
  13   (0.035) 0.006 0.006 0.084 0.009 
  14   (0.035) 0.006 0.006 0.008 0.046 
  15   (0.040) 0.006 0.007 0.009 0.230 
  16   (0.033) 0.005 0.006 0.008 0.082 
  17   (0.041) 0.006 0.007 0.010 0.120 
  18   (0.036) 0.006 0.006 0.009 0.083 
  19   (0.032) 0.005 0.006 0.008 0.045 
  20   (0.034) 0.005 0.006 0.008 0.046 
  21   (0.032) 0.005 0.006 0.008 0.045 
  22   (0.042) 0.007 0.008 0.010 0.121 

Locus 68 : locus68 
22 alleles
0.0% missing data
   1   (0.042) 0.119 0.009 0.010 0.011 
   2   (0.055) 0.061 0.014 0.089 0.015 
   3   (0.038) 0.176 0.007 0.009 0.010 
   4   (0.037) 0.059 0.010 0.009 0.010 
   5   (0.040) 0.176 0.008 0.009 0.011 
   6   (0.061) 0.108 0.024 0.053 0.017 
   7   (0.062) 0.062 0.016 0.168 0.017 
   8   (0.098) 0.044 0.017 0.328 0.209 
   9   (0.040) 0.089 0.009 0.010 0.011 
  10   (0.045) 0.013 0.192 0.011 0.012 
  11   (0.033) 0.006 0.033 0.008 0.009 
  12   (0.034) 0.008 0.085 0.008 0.009 
  13   (0.040) 0.009 0.086 0.009 0.011 
  14   (0.041) 0.011 0.274 0.010 0.011 
  15   (0.040) 0.009 0.085 0.009 0.011 
  16   (0.035) 0.006 0.033 0.008 0.009 
  17   (0.031) 0.005 0.032 0.007 0.008 
  18   (0.033) 0.006 0.033 0.008 0.009 
  19   (0.067) 0.011 0.011 0.130 0.200 
  20   (0.055) 0.009 0.009 0.089 0.161 
  21   (0.034) 0.006 0.006 0.008 0.082 
  22   (0.038) 0.006 0.006 0.009 0.156 

Locus 69 : locus69 
19 alleles
0.0% missing data
   1   (0.059) 0.140 0.045 0.014 0.016 
   2   (0.084) 0.268 0.091 0.058 0.023 
   3   (0.067) 0.089 0.212 0.016 0.018 
   4   (0.071) 0.108 0.249 0.017 0.019 
   5   (0.046) 0.276 0.015 0.011 0.013 
   6   (0.060) 0.016 0.116 0.052 0.016 
   7   (0.037) 0.006 0.063 0.009 0.010 
   8   (0.037) 0.010 0.059 0.009 0.010 
   9   (0.054) 0.009 0.066 0.089 0.015 
  10   (0.060) 0.010 0.011 0.167 0.089 
  11   (0.065) 0.010 0.011 0.168 0.127 
  12   (0.061) 0.010 0.011 0.129 0.126 
  13   (0.030) 0.005 0.005 0.045 0.008 
  14   (0.053) 0.008 0.009 0.050 0.124 
  15   (0.047) 0.008 0.008 0.049 0.049 
  16   (0.050) 0.008 0.009 0.050 0.087 
  17   (0.049) 0.008 0.009 0.050 0.086 
  18   (0.032) 0.005 0.006 0.007 0.045 
  19   (0.040) 0.006 0.007 0.009 0.120 

Locus 70 : locus70 
18 alleles
0.0% missing data
   1   (0.043) 0.146 0.011 0.010 0.012 
   2   (0.065) 0.058 0.210 0.016 0.018 
   3   (0.039) 0.090 0.009 0.009 0.011 
   4   (0.061) 0.061 0.097 0.015 0.017 
   5   (0.050) 0.037 0.008 0.012 0.050 
   6   (0.055) 0.066 0.009 0.013 0.051 
   7   (0.064) 0.143 0.020 0.015 0.054 
   8   (0.037) 0.063 0.006 0.009 0.010 
   9   (0.070) 0.105 0.139 0.017 0.019 
  10   (0.068) 0.093 0.015 0.016 0.164 
  11   (0.054) 0.066 0.009 0.013 0.051 
  12   (0.088) 0.021 0.415 0.174 0.024 
  13   (0.057) 0.010 0.010 0.090 0.051 
  14   (0.065) 0.011 0.011 0.283 0.054 
  15   (0.038) 0.006 0.006 0.085 0.010 
  16   (0.040) 0.007 0.007 0.162 0.011 
  17   (0.059) 0.010 0.010 0.052 0.199 
  18   (0.047) 0.008 0.008 0.011 0.195 

Locus 71 : locus71 
17 alleles
0.0% missing data
   1   (0.081) 0.117 0.022 0.134 0.022 
   2   (0.090) 0.264 0.019 0.174 0.024 
   3   (0.114) 0.238 0.024 0.179 0.067 
   4   (0.083) 0.258 0.022 0.020 0.095 
   5   (0.044) 0.009 0.116 0.011 0.012 
   6   (0.052) 0.015 0.304 0.012 0.014 
   7   (0.041) 0.009 0.115 0.010 0.011 
   8   (0.088) 0.020 0.174 0.021 0.133 
   9   (0.043) 0.009 0.115 0.010 0.012 
  10   (0.052) 0.009 0.036 0.051 0.014 
  11   (0.047) 0.008 0.008 0.202 0.013 
  12   (0.058) 0.010 0.010 0.090 0.052 
  13   (0.037) 0.006 0.006 0.047 0.010 
  14   (0.051) 0.008 0.009 0.012 0.269 
  15   (0.036) 0.006 0.006 0.009 0.046 
  16   (0.040) 0.007 0.007 0.010 0.084 
  17   (0.042) 0.007 0.007 0.010 0.121 

Locus 72 : locus72 
18 alleles
0.0% missing data
   1   (0.052) 0.202 0.012 0.012 0.014 
   2   (0.083) 0.151 0.017 0.019 0.168 
   3   (0.091) 0.148 0.022 0.022 0.280 
   4   (0.046) 0.172 0.011 0.011 0.013 
   5   (0.073) 0.116 0.020 0.017 0.056 
   6   (0.070) 0.092 0.016 0.093 0.019 
   7   (0.050) 0.015 0.167 0.012 0.014 
   8   (0.042) 0.007 0.117 0.010 0.011 
   9   (0.044) 0.010 0.169 0.010 0.012 
  10   (0.048) 0.009 0.144 0.011 0.013 
  11   (0.050) 0.015 0.167 0.012 0.013 
  12   (0.040) 0.011 0.058 0.010 0.011 
  13   (0.037) 0.006 0.034 0.009 0.010 
  14   (0.047) 0.008 0.008 0.316 0.013 
  15   (0.089) 0.015 0.015 0.327 0.134 
  16   (0.059) 0.010 0.010 0.090 0.052 
  17   (0.040) 0.007 0.007 0.009 0.084 
  18   (0.040) 0.007 0.007 0.009 0.084 

Locus 73 : locus73 
19 alleles
0.0% missing data
   1   (0.040) 0.090 0.009 0.010 0.011 
   2   (0.071) 0.090 0.154 0.017 0.019 
   3   (0.096) 0.370 0.246 0.023 0.026 
   4   (0.049) 0.265 0.009 0.012 0.013 
   5   (0.065) 0.057 0.129 0.015 0.018 
   6   (0.047) 0.011 0.195 0.011 0.013 
   7   (0.038) 0.010 0.057 0.009 0.010 
   8   (0.049) 0.015 0.110 0.012 0.013 
   9   (0.080) 0.013 0.013 0.133 0.240 
  10   (0.069) 0.012 0.012 0.092 0.128 
  11   (0.068) 0.011 0.011 0.169 0.091 
  12   (0.037) 0.006 0.006 0.047 0.010 
  13   (0.043) 0.007 0.007 0.125 0.012 
  14   (0.039) 0.007 0.007 0.086 0.011 
  15   (0.042) 0.007 0.007 0.124 0.011 
  16   (0.038) 0.006 0.006 0.085 0.010 
  17   (0.045) 0.008 0.008 0.011 0.158 
  18   (0.047) 0.008 0.008 0.011 0.159 
  19   (0.036) 0.006 0.006 0.009 0.046 

Locus 74 : locus74 
17 alleles
0.0% missing data
   1   (0.040) 0.113 0.012 0.009 0.011 
   2   (0.041) 0.116 0.009 0.010 0.011 
   3   (0.084) 0.065 0.157 0.020 0.059 
   4   (0.069) 0.245 0.054 0.016 0.019 
   5   (0.079) 0.086 0.051 0.019 0.058 
   6   (0.043) 0.141 0.011 0.010 0.012 
   7   (0.063) 0.052 0.135 0.015 0.017 
   8   (0.057) 0.082 0.048 0.014 0.016 
   9   (0.084) 0.021 0.203 0.020 0.206 
  10   (0.063) 0.012 0.177 0.015 0.053 
  11   (0.062) 0.010 0.039 0.015 0.163 
  12   (0.072) 0.018 0.062 0.017 0.166 
  13   (0.044) 0.007 0.008 0.277 0.012 
  14   (0.038) 0.006 0.007 0.162 0.010 
  15   (0.063) 0.010 0.011 0.091 0.126 
  16   (0.061) 0.010 0.011 0.205 0.053 
  17   (0.037) 0.006 0.006 0.085 0.010 

Locus 75 : locus75 
17 alleles
0.0% missing data
   1   (0.055) 0.260 0.013 0.013 0.015 
   2   (0.098) 0.120 0.025 0.329 0.027 
   3   (0.102) 0.381 0.021 0.139 0.028 
   4   (0.073) 0.081 0.080 0.017 0.020 
   5   (0.066) 0.039 0.093 0.016 0.018 
   6   (0.062) 0.017 0.331 0.015 0.017 
   7   (0.054) 0.012 0.197 0.013 0.015 
   8   (0.047) 0.010 0.115 0.011 0.013 
   9   (0.045) 0.012 0.058 0.011 0.012 
  10   (0.050) 0.008 0.009 0.203 0.014 
  11   (0.044) 0.007 0.007 0.087 0.012 
  12   (0.040) 0.007 0.007 0.048 0.011 
  13   (0.070) 0.012 0.012 0.055 0.165 
  14   (0.055) 0.009 0.009 0.013 0.270 
  15   (0.044) 0.007 0.007 0.010 0.085 
  16   (0.044) 0.007 0.007 0.010 0.085 
  17   (0.049) 0.008 0.008 0.012 0.195 

Locus 76 : locus76 
17 alleles
0.0% missing data
   1   (0.104) 0.345 0.127 0.025 0.064 
   2   (0.060) 0.046 0.086 0.014 0.016 
   3   (0.136) 0.285 0.146 0.032 0.256 
   4   (0.066) 0.037 0.012 0.016 0.273 
   5   (0.055) 0.063 0.038 0.013 0.015 
   6   (0.073) 0.080 0.026 0.017 0.129 
   7   (0.076) 0.065 0.071 0.018 0.057 
   8   (0.044) 0.007 0.179 0.010 0.012 
   9   (0.049) 0.013 0.174 0.012 0.013 
  10   (0.040) 0.010 0.060 0.009 0.011 
  11   (0.037) 0.006 0.035 0.009 0.010 
  12   (0.042) 0.007 0.007 0.201 0.011 
  13   (0.038) 0.006 0.007 0.085 0.010 
  14   (0.038) 0.006 0.007 0.161 0.010 
  15   (0.041) 0.006 0.007 0.201 0.011 
  16   (0.039) 0.006 0.007 0.085 0.011 
  17   (0.063) 0.010 0.011 0.091 0.090 

Locus 77 : locus77 
19 alleles
0.0% missing data
   1   (0.042) 0.250 0.010 0.010 0.011 
   2   (0.045) 0.274 0.014 0.011 0.012 
   3   (0.032) 0.032 0.006 0.008 0.009 
   4   (0.037) 0.141 0.008 0.009 0.010 
   5   (0.032) 0.060 0.006 0.008 0.009 
   6   (0.032) 0.033 0.006 0.008 0.009 
   7   (0.034) 0.056 0.010 0.008 0.009 
   8   (0.099) 0.026 0.176 0.291 0.063 
   9   (0.068) 0.011 0.125 0.055 0.055 
  10   (0.098) 0.022 0.236 0.176 0.099 
  11   (0.075) 0.016 0.093 0.132 0.057 
  12   (0.074) 0.012 0.041 0.056 0.166 
  13   (0.083) 0.021 0.119 0.058 0.169 
  14   (0.050) 0.013 0.060 0.050 0.014 
  15   (0.031) 0.005 0.034 0.007 0.008 
  16   (0.054) 0.009 0.037 0.013 0.124 
  17   (0.031) 0.005 0.006 0.046 0.009 
  18   (0.051) 0.008 0.009 0.050 0.123 
  19   (0.031) 0.005 0.005 0.007 0.045 

Locus 78 : locus78 
20 alleles
0.0% missing data
   1   (0.070) 0.120 0.015 0.093 0.019 
   2   (0.085) 0.425 0.020 0.135 0.023 
   3   (0.069) 0.200 0.018 0.054 0.019 
   4   (0.089) 0.093 0.130 0.059 0.024 
   5   (0.061) 0.037 0.011 0.167 0.017 
   6   (0.034) 0.006 0.034 0.008 0.009 
   7   (0.045) 0.009 0.255 0.011 0.012 
   8   (0.061) 0.021 0.082 0.053 0.016 
   9   (0.039) 0.006 0.062 0.009 0.010 
  10   (0.052) 0.008 0.037 0.050 0.014 
  11   (0.041) 0.014 0.194 0.010 0.011 
  12   (0.041) 0.009 0.088 0.010 0.011 
  13   (0.044) 0.007 0.008 0.278 0.012 
  14   (0.044) 0.007 0.008 0.010 0.158 
  15   (0.041) 0.007 0.007 0.010 0.193 
  16   (0.034) 0.006 0.006 0.008 0.046 
  17   (0.039) 0.006 0.007 0.009 0.120 
  18   (0.039) 0.006 0.007 0.009 0.120 
  19   (0.039) 0.006 0.007 0.009 0.120 
  20   (0.034) 0.006 0.006 0.008 0.046 

Locus 79 : locus79 
15 alleles
0.0% missing data
   1   (0.047) 0.116 0.010 0.011 0.013 
   2   (0.046) 0.087 0.011 0.011 0.012 
   3   (0.044) 0.115 0.010 0.010 0.012 
   4   (0.051) 0.227 0.011 0.012 0.014 
   5   (0.048) 0.137 0.017 0.011 0.013 
   6   (0.047) 0.141 0.012 0.011 0.013 
   7   (0.067) 0.038 0.012 0.016 0.164 
   8   (0.092) 0.024 0.202 0.022 0.171 
   9   (0.135) 0.029 0.183 0.223 0.146 
  10   (0.128) 0.021 0.162 0.221 0.144 
  11   (0.052) 0.011 0.202 0.012 0.014 
  12   (0.049) 0.017 0.083 0.012 0.013 
  13   (0.074) 0.017 0.063 0.017 0.129 
  14   (0.084) 0.014 0.015 0.402 0.095 
  15   (0.037) 0.006 0.007 0.009 0.047 

Locus 80 : locus80 
16 alleles
0.0% missing data
   1   (0.097) 0.259 0.023 0.023 0.209 
   2   (0.150) 0.185 0.060 0.151 0.223 
   3   (0.051) 0.308 0.015 0.012 0.014 
   4   (0.114) 0.108 0.151 0.027 0.140 
   5   (0.093) 0.043 0.016 0.060 0.245 
   6   (0.075) 0.019 0.200 0.018 0.056 
   7   (0.042) 0.009 0.088 0.010 0.011 
   8   (0.049) 0.011 0.200 0.012 0.013 
   9   (0.040) 0.006 0.062 0.009 0.011 
  10   (0.048) 0.012 0.143 0.011 0.013 
  11   (0.045) 0.007 0.008 0.278 0.012 
  12   (0.041) 0.007 0.007 0.124 0.011 
  13   (0.040) 0.007 0.007 0.086 0.011 
  14   (0.036) 0.006 0.006 0.047 0.010 
  15   (0.040) 0.007 0.007 0.086 0.011 
  16   (0.038) 0.006 0.007 0.047 0.010 

Locus 81 : locus81 
19 alleles
0.0% missing data
   1   (0.067) 0.058 0.209 0.016 0.018 
   2   (0.081) 0.095 0.018 0.057 0.095 
   3   (0.113) 0.275 0.101 0.065 0.067 
   4   (0.061) 0.038 0.010 0.014 0.272 
   5   (0.063) 0.238 0.013 0.053 0.017 
   6   (0.064) 0.086 0.020 0.015 0.090 
   7   (0.062) 0.068 0.118 0.015 0.017 
   8   (0.060) 0.055 0.129 0.014 0.016 
   9   (0.065) 0.017 0.140 0.092 0.018 
  10   (0.045) 0.016 0.188 0.010 0.012 
  11   (0.043) 0.007 0.007 0.392 0.012 
  12   (0.036) 0.006 0.006 0.085 0.010 
  13   (0.035) 0.006 0.006 0.085 0.010 
  14   (0.030) 0.005 0.005 0.045 0.008 
  15   (0.033) 0.006 0.006 0.008 0.045 
  16   (0.037) 0.006 0.006 0.009 0.083 
  17   (0.035) 0.006 0.006 0.008 0.082 
  18   (0.032) 0.005 0.005 0.008 0.045 
  19   (0.038) 0.006 0.006 0.009 0.083 

Locus 82 : locus82 
24 alleles
0.0% missing data
   1   (0.062) 0.066 0.011 0.129 0.053 
   2   (0.071) 0.225 0.021 0.284 0.019 
   3   (0.032) 0.144 0.007 0.008 0.009 
   4   (0.039) 0.195 0.013 0.009 0.011 
   5   (0.080) 0.097 0.014 0.095 0.204 
   6   (0.052) 0.059 0.014 0.127 0.014 
   7   (0.029) 0.033 0.005 0.007 0.008 
   8   (0.044) 0.035 0.008 0.048 0.012 
   9   (0.052) 0.036 0.009 0.012 0.233 
  10   (0.037) 0.011 0.167 0.009 0.010 
  11   (0.038) 0.010 0.196 0.009 0.010 
  12   (0.052) 0.011 0.118 0.012 0.050 
  13   (0.051) 0.014 0.059 0.012 0.087 
  14   (0.034) 0.008 0.086 0.008 0.009 
  15   (0.049) 0.008 0.091 0.012 0.050 
  16   (0.027) 0.005 0.032 0.006 0.007 
  17   (0.044) 0.007 0.035 0.010 0.048 
  18   (0.033) 0.009 0.057 0.008 0.009 
  19   (0.030) 0.005 0.033 0.007 0.008 
  20   (0.031) 0.005 0.005 0.122 0.008 
  21   (0.028) 0.005 0.005 0.045 0.008 
  22   (0.030) 0.005 0.005 0.007 0.044 
  23   (0.027) 0.005 0.005 0.007 0.044 
  24   (0.028) 0.005 0.005 0.007 0.044 

Locus 83 : locus83 
19 alleles
0.0% missing data
   1   (0.101) 0.298 0.065 0.024 0.100 
   2   (0.070) 0.161 0.026 0.017 0.056 
   3   (0.062) 0.059 0.017 0.015 0.090 
   4   (0.056) 0.036 0.010 0.013 0.088 
   5   (0.075) 0.199 0.130 0.018 0.020 
   6   (0.065) 0.043 0.175 0.016 0.018 
   7   (0.055) 0.036 0.010 0.013 0.088 
   8   (0.072) 0.089 0.017 0.017 0.166 
   9   (0.042) 0.008 0.147 0.010 0.011 
  10   (0.050) 0.013 0.342 0.012 0.013 
  11   (0.045) 0.007 0.008 0.201 0.012 
  12   (0.042) 0.007 0.007 0.201 0.011 
  13   (0.041) 0.007 0.007 0.162 0.011 
  14   (0.039) 0.006 0.007 0.124 0.011 
  15   (0.040) 0.006 0.007 0.086 0.011 
  16   (0.034) 0.005 0.006 0.046 0.009 
  17   (0.044) 0.007 0.008 0.011 0.195 
  18   (0.034) 0.006 0.006 0.008 0.046 
  19   (0.034) 0.005 0.006 0.008 0.045 

Locus 84 : locus84 
22 alleles
0.0% missing data
   1   (0.036) 0.057 0.010 0.008 0.010 
   2   (0.068) 0.094 0.012 0.016 0.237 
   3   (0.040) 0.141 0.010 0.009 0.011 
   4   (0.041) 0.222 0.013 0.010 0.011 
   5   (0.035) 0.061 0.006 0.008 0.009 
   6   (0.062) 0.037 0.011 0.015 0.236 
   7   (0.032) 0.033 0.006 0.008 0.009 
   8   (0.039) 0.089 0.007 0.009 0.011 
   9   (0.041) 0.137 0.015 0.010 0.011 
  10   (0.046) 0.011 0.227 0.011 0.013 
  11   (0.039) 0.008 0.117 0.009 0.010 
  12   (0.038) 0.008 0.117 0.009 0.010 
  13   (0.074) 0.018 0.146 0.285 0.020 
  14   (0.060) 0.015 0.061 0.090 0.016 
  15   (0.067) 0.023 0.083 0.131 0.018 
  16   (0.031) 0.005 0.033 0.007 0.008 
  17   (0.055) 0.009 0.037 0.166 0.015 
  18   (0.055) 0.009 0.065 0.128 0.015 
  19   (0.035) 0.006 0.006 0.046 0.010 
  20   (0.035) 0.006 0.006 0.008 0.046 
  21   (0.032) 0.005 0.006 0.007 0.045 
  22   (0.039) 0.006 0.007 0.009 0.229 

Locus 85 : locus85 
23 alleles
0.0% missing data
   1   (0.039) 0.280 0.011 0.009 0.011 
   2   (0.035) 0.087 0.008 0.008 0.010 
   3   (0.028) 0.032 0.005 0.007 0.008 
   4   (0.062) 0.246 0.053 0.015 0.017 
   5   (0.032) 0.033 0.006 0.008 0.009 
   6   (0.059) 0.060 0.016 0.014 0.089 
   7   (0.065) 0.128 0.170 0.015 0.018 
   8   (0.037) 0.010 0.197 0.009 0.010 
   9   (0.058) 0.013 0.090 0.090 0.016 
  10   (0.039) 0.007 0.172 0.009 0.010 
  11   (0.056) 0.014 0.060 0.051 0.015 
  12   (0.054) 0.014 0.059 0.089 0.015 
  13   (0.035) 0.010 0.057 0.008 0.010 
  14   (0.047) 0.008 0.036 0.011 0.049 
  15   (0.035) 0.006 0.006 0.237 0.009 
  16   (0.035) 0.006 0.006 0.123 0.010 
  17   (0.065) 0.011 0.011 0.130 0.200 
  18   (0.063) 0.010 0.011 0.091 0.236 
  19   (0.030) 0.005 0.005 0.045 0.008 
  20   (0.029) 0.005 0.005 0.007 0.044 
  21   (0.031) 0.005 0.005 0.007 0.045 
  22   (0.032) 0.005 0.006 0.008 0.045 
  23   (0.031) 0.005 0.005 0.007 0.118 

Locus 86 : locus86 
21 alleles
0.0% missing data
   1   (0.042) 0.282 0.010 0.010 0.011 
   2   (0.050) 0.227 0.013 0.012 0.014 
   3   (0.039) 0.058 0.011 0.009 0.011 
   4   (0.033) 0.033 0.006 0.008 0.009 
   5   (0.033) 0.033 0.006 0.008 0.009 
   6   (0.050) 0.105 0.022 0.012 0.014 
   7   (0.036) 0.061 0.006 0.009 0.010 
   8   (0.056) 0.065 0.010 0.013 0.052 
   9   (0.046) 0.011 0.143 0.011 0.013 
  10   (0.069) 0.015 0.091 0.016 0.128 
  11   (0.079) 0.017 0.092 0.324 0.022 
  12   (0.076) 0.018 0.145 0.247 0.021 
  13   (0.041) 0.011 0.113 0.010 0.011 
  14   (0.062) 0.012 0.147 0.014 0.053 
  15   (0.040) 0.008 0.116 0.010 0.011 
  16   (0.052) 0.009 0.037 0.050 0.014 
  17   (0.033) 0.005 0.006 0.046 0.009 
  18   (0.040) 0.007 0.007 0.124 0.011 
  19   (0.033) 0.005 0.006 0.046 0.009 
  20   (0.048) 0.008 0.008 0.011 0.487 
  21   (0.038) 0.006 0.007 0.009 0.083 

Locus 87 : locus87 
20 alleles
0.0% missing data
   1   (0.073) 0.364 0.021 0.017 0.056 
   2   (0.073) 0.095 0.013 0.017 0.239 
   3   (0.073) 0.231 0.016 0.017 0.093 
   4   (0.038) 0.058 0.010 0.009 0.010 
   5   (0.034) 0.033 0.006 0.008 0.009 
   6   (0.039) 0.087 0.009 0.009 0.011 
   7   (0.083) 0.019 0.259 0.211 0.022 
   8   (0.038) 0.006 0.062 0.009 0.010 
   9   (0.081) 0.022 0.255 0.134 0.022 
  10   (0.048) 0.011 0.171 0.011 0.013 
  11   (0.060) 0.010 0.066 0.090 0.016 
  12   (0.058) 0.015 0.060 0.052 0.016 
  13   (0.042) 0.007 0.007 0.201 0.011 
  14   (0.033) 0.005 0.006 0.046 0.009 
  15   (0.036) 0.006 0.006 0.085 0.010 
  16   (0.036) 0.006 0.006 0.047 0.010 
  17   (0.050) 0.008 0.009 0.012 0.269 
  18   (0.035) 0.006 0.006 0.008 0.046 
  19   (0.032) 0.005 0.005 0.007 0.045 
  20   (0.038) 0.006 0.007 0.009 0.083 

Locus 88 : locus88 
22 alleles
0.0% missing data
   1   (0.056) 0.058 0.238 0.013 0.015 
   2   (0.038) 0.141 0.010 0.009 0.010 
   3   (0.088) 0.136 0.060 0.021 0.170 
   4   (0.080) 0.313 0.018 0.057 0.058 
   5   (0.040) 0.141 0.011 0.009 0.011 
   6   (0.090) 0.069 0.071 0.059 0.098 
   7   (0.030) 0.032 0.005 0.007 0.008 
   8   (0.039) 0.009 0.199 0.009 0.011 
   9   (0.055) 0.009 0.065 0.013 0.088 
  10   (0.038) 0.008 0.117 0.009 0.010 
  11   (0.048) 0.008 0.036 0.011 0.086 
  12   (0.029) 0.005 0.033 0.007 0.008 
  13   (0.066) 0.021 0.084 0.016 0.200 
  14   (0.035) 0.006 0.006 0.123 0.009 
  15   (0.030) 0.005 0.005 0.084 0.008 
  16   (0.036) 0.006 0.006 0.161 0.010 
  17   (0.037) 0.006 0.006 0.200 0.010 
  18   (0.034) 0.006 0.006 0.046 0.009 
  19   (0.034) 0.005 0.006 0.084 0.009 
  20   (0.029) 0.005 0.005 0.045 0.008 
  21   (0.038) 0.006 0.007 0.009 0.120 
  22   (0.032) 0.005 0.006 0.008 0.045 

Locus 89 : locus89 
17 alleles
0.0% missing data
   1   (0.113) 0.407 0.029 0.103 0.067 
   2   (0.123) 0.243 0.052 0.029 0.362 
   3   (0.066) 0.039 0.011 0.015 0.200 
   4   (0.059) 0.038 0.010 0.129 0.016 
   5   (0.118) 0.164 0.152 0.028 0.141 
   6   (0.045) 0.009 0.169 0.011 0.012 
   7   (0.046) 0.014 0.110 0.011 0.013 
   8   (0.047) 0.013 0.192 0.011 0.013 
   9   (0.036) 0.006 0.033 0.008 0.010 
  10   (0.035) 0.006 0.033 0.008 0.009 
  11   (0.048) 0.017 0.135 0.011 0.013 
  12   (0.033) 0.006 0.033 0.008 0.009 
  13   (0.038) 0.006 0.006 0.124 0.010 
  14   (0.042) 0.007 0.007 0.124 0.011 
  15   (0.062) 0.010 0.011 0.206 0.053 
  16   (0.056) 0.009 0.009 0.128 0.051 
  17   (0.032) 0.005 0.005 0.046 0.009 

Locus 90 : locus90 
21 alleles
0.0% missing data
   1   (0.053) 0.081 0.047 0.013 0.014 
   2   (0.039) 0.140 0.011 0.009 0.011 
   3   (0.039) 0.140 0.010 0.009 0.010 
   4   (0.057) 0.182 0.057 0.013 0.015 
   5   (0.038) 0.111 0.011 0.009 0.010 
   6   (0.089) 0.146 0.049 0.251 0.024 
   7   (0.067) 0.051 0.054 0.054 0.018 
   8   (0.032) 0.033 0.006 0.008 0.009 
   9   (0.063) 0.012 0.149 0.015 0.090 
  10   (0.047) 0.008 0.036 0.049 0.013 
  11   (0.043) 0.012 0.255 0.010 0.012 
  12   (0.032) 0.005 0.033 0.008 0.009 
  13   (0.038) 0.010 0.059 0.009 0.010 
  14   (0.033) 0.007 0.088 0.008 0.009 
  15   (0.034) 0.006 0.034 0.008 0.009 
  16   (0.100) 0.023 0.066 0.253 0.173 
  17   (0.071) 0.011 0.012 0.131 0.420 
  18   (0.031) 0.005 0.005 0.083 0.008 
  19   (0.030) 0.005 0.005 0.045 0.008 
  20   (0.030) 0.005 0.005 0.007 0.044 
  21   (0.035) 0.006 0.006 0.008 0.082 

Locus 91 : locus91 
27 alleles
0.0% missing data
   1   (0.029) 0.060 0.005 0.007 0.008 
   2   (0.062) 0.224 0.018 0.015 0.126 
   3   (0.036) 0.115 0.008 0.009 0.010 
   4   (0.037) 0.194 0.013 0.009 0.010 
   5   (0.049) 0.117 0.010 0.012 0.050 
   6   (0.026) 0.032 0.004 0.006 0.007 
   7   (0.048) 0.035 0.008 0.011 0.159 
   8   (0.042) 0.034 0.007 0.010 0.048 
   9   (0.044) 0.035 0.008 0.010 0.048 
  10   (0.032) 0.033 0.006 0.008 0.009 
  11   (0.056) 0.016 0.224 0.051 0.015 
  12   (0.066) 0.016 0.173 0.322 0.018 
  13   (0.031) 0.008 0.057 0.007 0.008 
  14   (0.030) 0.008 0.057 0.007 0.008 
  15   (0.031) 0.007 0.087 0.007 0.008 
  16   (0.032) 0.005 0.089 0.008 0.009 
  17   (0.027) 0.004 0.032 0.006 0.007 
  18   (0.048) 0.008 0.036 0.087 0.013 
  19   (0.052) 0.011 0.117 0.127 0.014 
  20   (0.031) 0.005 0.005 0.198 0.008 
  21   (0.028) 0.004 0.005 0.045 0.007 
  22   (0.026) 0.004 0.005 0.006 0.044 
  23   (0.032) 0.005 0.005 0.008 0.118 
  24   (0.027) 0.004 0.005 0.006 0.116 
  25   (0.026) 0.004 0.005 0.006 0.044 
  26   (0.027) 0.004 0.005 0.006 0.044 
  27   (0.026) 0.004 0.005 0.006 0.044 

Locus 92 : locus92 
18 alleles
0.0% missing data
   1   (0.055) 0.065 0.037 0.013 0.015 
   2   (0.103) 0.085 0.117 0.254 0.028 
   3   (0.089) 0.260 0.350 0.021 0.024 
   4   (0.042) 0.113 0.013 0.010 0.011 
   5   (0.115) 0.099 0.244 0.294 0.031 
   6   (0.070) 0.120 0.015 0.017 0.165 
   7   (0.060) 0.078 0.080 0.014 0.016 
   8   (0.087) 0.118 0.050 0.135 0.024 
   9   (0.056) 0.009 0.037 0.128 0.015 
  10   (0.032) 0.005 0.006 0.046 0.009 
  11   (0.039) 0.006 0.007 0.009 0.156 
  12   (0.042) 0.007 0.007 0.010 0.157 
  13   (0.039) 0.006 0.007 0.009 0.083 
  14   (0.035) 0.006 0.006 0.008 0.046 
  15   (0.031) 0.005 0.005 0.007 0.045 
  16   (0.033) 0.005 0.006 0.008 0.045 
  17   (0.033) 0.005 0.006 0.008 0.045 
  18   (0.039) 0.006 0.007 0.009 0.083 

Locus 93 : locus93 
19 alleles
0.0% missing data
   1   (0.034) 0.060 0.009 0.008 0.009 
   2   (0.032) 0.090 0.007 0.008 0.009 
   3   (0.075) 0.099 0.013 0.094 0.093 
   4   (0.036) 0.147 0.009 0.008 0.010 
   5   (0.089) 0.207 0.104 0.136 0.024 
   6   (0.117) 0.122 0.111 0.219 0.105 
   7   (0.029) 0.034 0.005 0.007 0.008 
   8   (0.048) 0.037 0.008 0.011 0.086 
   9   (0.030) 0.034 0.005 0.007 0.008 
  10   (0.027) 0.033 0.005 0.007 0.007 
  11   (0.050) 0.037 0.008 0.012 0.123 
  12   (0.082) 0.016 0.172 0.172 0.058 
  13   (0.101) 0.028 0.329 0.100 0.173 
  14   (0.079) 0.023 0.111 0.172 0.058 
  15   (0.048) 0.014 0.057 0.011 0.049 
  16   (0.032) 0.005 0.032 0.007 0.009 
  17   (0.034) 0.006 0.006 0.008 0.082 
  18   (0.029) 0.005 0.005 0.007 0.044 
  19   (0.029) 0.005 0.005 0.007 0.044 

Locus 94 : locus94 
13 alleles
0.0% missing data
   1   (0.105) 0.053 0.121 0.025 0.174 
   2   (0.138) 0.396 0.122 0.033 0.183 
   3   (0.173) 0.279 0.278 0.155 0.083 
   4   (0.036) 0.034 0.006 0.009 0.010 
   5   (0.111) 0.111 0.369 0.026 0.066 
   6   (0.036) 0.034 0.006 0.009 0.010 
   7   (0.088) 0.042 0.015 0.136 0.097 
   8   (0.059) 0.010 0.038 0.090 0.016 
   9   (0.043) 0.007 0.008 0.201 0.012 
  10   (0.070) 0.012 0.012 0.169 0.092 
  11   (0.060) 0.010 0.010 0.129 0.053 
  12   (0.036) 0.006 0.006 0.009 0.046 
  13   (0.044) 0.007 0.008 0.010 0.158 

Locus 95 : locus95 
17 alleles
0.0% missing data
   1   (0.038) 0.058 0.010 0.009 0.010 
   2   (0.072) 0.221 0.082 0.017 0.020 
   3   (0.063) 0.053 0.134 0.015 0.017 
   4   (0.041) 0.143 0.011 0.010 0.011 
   5   (0.034) 0.033 0.006 0.008 0.009 
   6   (0.042) 0.113 0.012 0.010 0.011 
   7   (0.042) 0.171 0.010 0.010 0.011 
   8   (0.059) 0.081 0.078 0.014 0.016 
   9   (0.082) 0.031 0.162 0.210 0.022 
  10   (0.108) 0.024 0.178 0.102 0.175 
  11   (0.072) 0.015 0.230 0.132 0.019 
  12   (0.050) 0.008 0.036 0.050 0.014 
  13   (0.059) 0.010 0.010 0.090 0.089 
  14   (0.054) 0.009 0.009 0.051 0.088 
  15   (0.062) 0.010 0.011 0.053 0.272 
  16   (0.051) 0.008 0.009 0.050 0.050 
  17   (0.071) 0.012 0.012 0.170 0.165 

Locus 96 : locus96 
20 alleles
0.0% missing data
   1   (0.038) 0.194 0.011 0.009 0.010 
   2   (0.039) 0.114 0.009 0.009 0.010 
   3   (0.040) 0.223 0.011 0.010 0.011 
   4   (0.038) 0.196 0.009 0.009 0.010 
   5   (0.035) 0.057 0.010 0.008 0.009 
   6   (0.029) 0.032 0.005 0.007 0.008 
   7   (0.030) 0.032 0.005 0.007 0.008 
   8   (0.084) 0.020 0.233 0.096 0.059 
   9   (0.119) 0.032 0.176 0.181 0.251 
  10   (0.064) 0.013 0.121 0.168 0.017 
  11   (0.052) 0.011 0.091 0.012 0.050 
  12   (0.046) 0.007 0.036 0.049 0.013 
  13   (0.078) 0.013 0.070 0.095 0.094 
  14   (0.034) 0.009 0.058 0.008 0.009 
  15   (0.035) 0.008 0.088 0.008 0.010 
  16   (0.060) 0.010 0.039 0.052 0.053 
  17   (0.050) 0.008 0.009 0.088 0.050 
  18   (0.033) 0.005 0.006 0.046 0.009 
  19   (0.057) 0.009 0.010 0.128 0.125 
  20   (0.039) 0.006 0.007 0.009 0.193 

Locus 97 : locus97 
19 alleles
0.0% missing data
   1   (0.078) 0.048 0.117 0.018 0.058 
   2   (0.074) 0.175 0.017 0.017 0.202 
   3   (0.041) 0.226 0.011 0.010 0.011 
   4   (0.100) 0.199 0.056 0.062 0.063 
   5   (0.041) 0.112 0.012 0.010 0.011 
   6   (0.034) 0.033 0.006 0.008 0.009 
   7   (0.038) 0.087 0.009 0.009 0.010 
   8   (0.047) 0.012 0.281 0.011 0.013 
   9   (0.083) 0.014 0.070 0.287 0.058 
  10   (0.059) 0.010 0.037 0.167 0.016 
  11   (0.040) 0.011 0.113 0.009 0.011 
  12   (0.071) 0.019 0.115 0.017 0.165 
  13   (0.062) 0.016 0.060 0.129 0.017 
  14   (0.058) 0.010 0.066 0.014 0.089 
  15   (0.037) 0.006 0.007 0.085 0.010 
  16   (0.035) 0.006 0.006 0.122 0.010 
  17   (0.037) 0.006 0.006 0.009 0.119 
  18   (0.032) 0.005 0.006 0.008 0.045 
  19   (0.034) 0.005 0.006 0.008 0.082 

Locus 98 : locus98 
20 alleles
0.0% missing data
   1   (0.059) 0.060 0.015 0.014 0.089 
   2   (0.035) 0.090 0.006 0.008 0.009 
   3   (0.047) 0.309 0.015 0.011 0.013 
   4   (0.093) 0.095 0.020 0.252 0.098 
   5   (0.053) 0.065 0.009 0.013 0.051 
   6   (0.055) 0.119 0.012 0.013 0.051 
   7   (0.032) 0.033 0.005 0.008 0.009 
   8   (0.038) 0.059 0.010 0.009 0.010 
   9   (0.033) 0.034 0.006 0.008 0.009 
  10   (0.031) 0.033 0.005 0.007 0.008 
  11   (0.087) 0.022 0.501 0.021 0.133 
  12   (0.056) 0.011 0.145 0.051 0.015 
  13   (0.031) 0.005 0.033 0.007 0.009 
  14   (0.060) 0.014 0.089 0.129 0.016 
  15   (0.072) 0.016 0.091 0.055 0.056 
  16   (0.051) 0.008 0.009 0.088 0.050 
  17   (0.058) 0.010 0.010 0.052 0.235 
  18   (0.037) 0.006 0.006 0.123 0.010 
  19   (0.036) 0.006 0.006 0.123 0.010 
  20   (0.036) 0.006 0.006 0.008 0.119 

Locus 99 : locus99 
21 alleles
0.0% missing data
   1   (0.069) 0.199 0.016 0.093 0.019 
   2   (0.044) 0.278 0.012 0.010 0.012 
   3   (0.069) 0.222 0.021 0.016 0.092 
   4   (0.062) 0.037 0.011 0.244 0.017 
   5   (0.057) 0.036 0.010 0.167 0.016 
   6   (0.056) 0.036 0.010 0.013 0.125 
   7   (0.052) 0.045 0.083 0.012 0.014 
   8   (0.033) 0.033 0.006 0.008 0.009 
   9   (0.045) 0.011 0.229 0.011 0.012 
  10   (0.041) 0.008 0.118 0.010 0.011 
  11   (0.035) 0.008 0.088 0.008 0.010 
  12   (0.070) 0.014 0.122 0.017 0.165 
  13   (0.057) 0.015 0.060 0.014 0.052 
  14   (0.036) 0.010 0.058 0.008 0.010 
  15   (0.066) 0.014 0.092 0.168 0.018 
  16   (0.030) 0.005 0.033 0.007 0.008 
  17   (0.034) 0.005 0.006 0.160 0.009 
  18   (0.038) 0.006 0.007 0.009 0.156 
  19   (0.037) 0.006 0.006 0.009 0.119 
  20   (0.031) 0.005 0.005 0.007 0.045 
  21   (0.037) 0.006 0.006 0.009 0.083 

Locus 100 : locus100 
19 alleles
0.0% missing data
   1   (0.050) 0.336 0.013 0.012 0.014 
   2   (0.045) 0.144 0.009 0.011 0.012 
   3   (0.044) 0.136 0.016 0.010 0.012 
   4   (0.041) 0.090 0.007 0.010 0.011 
   5   (0.044) 0.142 0.011 0.010 0.012 
   6   (0.065) 0.013 0.149 0.053 0.017 
   7   (0.041) 0.008 0.117 0.010 0.011 
   8   (0.044) 0.010 0.256 0.010 0.012 
   9   (0.073) 0.018 0.146 0.093 0.020 
  10   (0.038) 0.006 0.062 0.009 0.010 
  11   (0.035) 0.006 0.034 0.008 0.010 
  12   (0.048) 0.021 0.105 0.012 0.013 
  13   (0.081) 0.013 0.014 0.210 0.204 
  14   (0.076) 0.012 0.013 0.171 0.203 
  15   (0.077) 0.013 0.013 0.133 0.203 
  16   (0.039) 0.006 0.007 0.086 0.010 
  17   (0.056) 0.009 0.010 0.051 0.051 
  18   (0.061) 0.010 0.011 0.091 0.089 
  19   (0.041) 0.007 0.007 0.010 0.084 

Values of parameters used in structure:
DATAFILE=parentandhybrid9.str,	OUTFILE=parentandhybrid4Deme_1,	NUMINDS=50,	NUMLOCI=100,	MISSING=0,	LABEL=1,	POPDATA=0,	POPFLAG=0,	PHENOTYPE=0,	EXTRACOLS=0,	MAXPOPS=4,	BURNIN=200000,	NUMREPS=200000,	USEPOPINFO=0,	INFERALPHA=1,	INFERLAMBDA=0,	POPSPECIFICLAMBDA=0,	POPALPHAS=0,	COMPUTEPROB=1,	NOADMIX=0,	ADMBURNIN=500,	UPDATEFREQ=100,	PRINTLIKES=0,	INTERMEDSAVE=0,	PRINTKLD=0,	PRINTNET=1,	PRINTLAMBDA=1,	ANCESTDIST=0,	NUMBOXES=1000,	ANCESTPINT=0.90000,	GENSBACK=2,	MIGRPRIOR=0.01000,	PRINTQHAT=0,	PRINTQSUM=1,	ALPHA=1.0000,	FREQSCORR=1,	FPRIORMEAN=0.0100,	FPRIORSD=0.0500,	ONEFST=0,	LAMBDA=1.0000,	UNIFPRIORALPHA=1,	ALPHAMAX=10.0000,	ALPHAPRIORA=1.0000,	ALPHAPRIORB=2.0000,	ALPHAPROPSD=0.0250,	STARTATPOPINFO=0,	RANDOMIZE=1,	LINKAGE=0,	METROFREQ=10,	REPORTHITRATE=0,	MARKOVPHASE=0,	PHASED=0,	PLOIDY=2,	PHASEINFO=0	LOCPRIOR=0, 	LOCPRIORINIT=1.000000, 	LOCDATA=0, 	LOCISPOP=0, 	LOCPRIORSTEP=0.100000, 	MAXLOCPRIOR=20.000000, 	SEED=1658931093,	
[STRAT parameters]:    NUMSIMSTATS=1000,	PHENOTYPECOL=-9,	POOLFREQ=10,	LOCUSxONLY=0,	EMERROR=0.00100,	MISSINGPHENO=-9,	