1666579382
1666579387
1666579392
1666579397
1666579402
1666579407
1666579412
1666579417
1666579422
1666579427
1666579432
1666579437
1666579442
1666579447
1666579452
1666579457
1666579462
1666579467
1666579472
1666579477
1666579482
1666579487
1666579492
1666579497
1666579502
1666579507
1666579512
1666579517
1666579522
1666579527
1666579532
1666579537
1666579542
1666579547
1666579552
1666579557
1666579562
1666579567
1666579572
1666579578
1666579583
1666579588
1666579593
1666579598
1666579603
1666579608
1666579613
1666579618
1666579623
1666579628
