

----------------------------------------------------
STRUCTURE by Pritchard, Stephens and Donnelly (2000)
     and Falush, Stephens and Pritchard (2003)
       Code by Pritchard, Falush and Hubisz
             Version 2.3.4 (Jul 2012)
----------------------------------------------------



Command line arguments:   /usr/local/bin/structure -i parentandhybrid3.str -m mainparams.txt -e extraparams.txt -K 4 -o parentandhybrid4Deme_1 
Input File:    parentandhybrid3.str

Run parameters:
   50 individuals
   100 loci
   4 populations assumed
   200000 Burn-in period
   200000 Reps


--------------------------------------------
Overall proportion of membership of the
sample in each of the 4 clusters

Inferred Clusters
  1      2      3      4    
0.200  0.300  0.300  0.200  

--------------------------------------------

Allele-freq. divergence among pops (Net nucleotide distance),
computed using point estimates of P.

      1       2       3       4      
 1      -    0.0979  0.0966  0.0885  
 2   0.0979     -    0.1063  0.0963  
 3   0.0966  0.1063     -    0.0993  
 4   0.0885  0.0963  0.0993     -    

Average distances (expected heterozygosity) between individuals in same cluster:
cluster  1  : 0.8664 
cluster  2  : 0.8472 
cluster  3  : 0.8508 
cluster  4  : 0.8626 

--------------------------------------------
Estimated Ln Prob of Data   = -23257.4
Mean value of ln likelihood = -21657.7
Variance of ln likelihood   = 3199.4
Mean value of alpha         = 0.0283

Mean value of Fst_1         = 0.1208
Mean value of Fst_2         = 0.1438
Mean value of Fst_3         = 0.1406
Mean value of Fst_4         = 0.1233


Inferred ancestry of individuals:
        Label (%Miss) :  Inferred clusters
  1       01    (0)   :  0.001 0.000 0.999 0.000 
  2       02    (0)   :  0.001 0.000 0.998 0.001 
  3       03    (0)   :  0.000 0.000 0.999 0.001 
  4       04    (0)   :  0.000 0.000 0.999 0.000 
  5       05    (0)   :  0.001 0.001 0.998 0.000 
  6       06    (0)   :  0.000 0.000 0.999 0.000 
  7       07    (0)   :  0.001 0.000 0.999 0.000 
  8       08    (0)   :  0.001 0.000 0.998 0.001 
  9       09    (0)   :  0.000 0.000 0.999 0.001 
 10       10    (0)   :  0.000 0.000 0.998 0.001 
 11       11    (0)   :  0.000 0.999 0.000 0.000 
 12       12    (0)   :  0.000 0.999 0.000 0.001 
 13       13    (0)   :  0.005 0.993 0.000 0.001 
 14       14    (0)   :  0.001 0.999 0.000 0.000 
 15       15    (0)   :  0.000 0.999 0.000 0.000 
 16       16    (0)   :  0.000 0.999 0.000 0.001 
 17       17    (0)   :  0.001 0.995 0.000 0.004 
 18       18    (0)   :  0.001 0.998 0.000 0.001 
 19       19    (0)   :  0.000 0.998 0.000 0.001 
 20       20    (0)   :  0.000 0.999 0.000 0.000 
 21      h01    (0)   :  0.000 0.518 0.481 0.000 
 22      h02    (0)   :  0.000 0.508 0.492 0.000 
 23      h03    (0)   :  0.000 0.450 0.549 0.000 
 24      h04    (0)   :  0.000 0.497 0.503 0.000 
 25      h05    (0)   :  0.000 0.493 0.506 0.000 
 26      h06    (0)   :  0.000 0.517 0.482 0.000 
 27      h07    (0)   :  0.000 0.501 0.499 0.000 
 28      h08    (0)   :  0.000 0.513 0.487 0.000 
 29      h09    (0)   :  0.000 0.473 0.526 0.000 
 30      h10    (0)   :  0.000 0.521 0.478 0.000 
 31       21    (0)   :  0.999 0.000 0.000 0.000 
 32       22    (0)   :  0.999 0.000 0.001 0.000 
 33       23    (0)   :  0.997 0.001 0.001 0.002 
 34       24    (0)   :  0.998 0.001 0.000 0.000 
 35       25    (0)   :  0.999 0.000 0.000 0.000 
 36       26    (0)   :  0.999 0.000 0.000 0.000 
 37       27    (0)   :  0.999 0.000 0.000 0.000 
 38       28    (0)   :  0.999 0.000 0.000 0.001 
 39       29    (0)   :  0.999 0.000 0.000 0.000 
 40       30    (0)   :  0.999 0.000 0.001 0.000 
 41       31    (0)   :  0.001 0.000 0.000 0.999 
 42       32    (0)   :  0.001 0.003 0.001 0.996 
 43       33    (0)   :  0.000 0.001 0.000 0.999 
 44       34    (0)   :  0.000 0.000 0.001 0.999 
 45       35    (0)   :  0.001 0.000 0.001 0.998 
 46       36    (0)   :  0.000 0.000 0.000 0.999 
 47       37    (0)   :  0.000 0.001 0.000 0.999 
 48       38    (0)   :  0.001 0.000 0.001 0.998 
 49       39    (0)   :  0.001 0.001 0.000 0.999 
 50       40    (0)   :  0.000 0.000 0.000 0.999 


Estimated Allele Frequencies in each cluster
First column gives estimated ancestral frequencies


Locus 1 : locus1 
20 alleles
0.0% missing data
   1   (0.039) 0.010 0.011 0.113 0.010 
   2   (0.058) 0.052 0.014 0.228 0.015 
   3   (0.066) 0.127 0.013 0.149 0.017 
   4   (0.048) 0.013 0.008 0.064 0.049 
   5   (0.036) 0.010 0.008 0.088 0.010 
   6   (0.030) 0.008 0.005 0.033 0.008 
   7   (0.035) 0.009 0.009 0.058 0.009 
   8   (0.034) 0.009 0.006 0.062 0.009 
   9   (0.068) 0.165 0.023 0.083 0.018 
  10   (0.057) 0.015 0.228 0.012 0.052 
  11   (0.072) 0.056 0.095 0.012 0.093 
  12   (0.076) 0.057 0.061 0.019 0.094 
  13   (0.085) 0.059 0.363 0.025 0.059 
  14   (0.034) 0.009 0.086 0.008 0.009 
  15   (0.084) 0.132 0.041 0.014 0.243 
  16   (0.034) 0.119 0.006 0.006 0.009 
  17   (0.032) 0.082 0.005 0.006 0.008 
  18   (0.049) 0.049 0.008 0.008 0.087 
  19   (0.033) 0.009 0.005 0.006 0.119 
  20   (0.032) 0.008 0.005 0.005 0.082 

Locus 2 : locus2 
23 alleles
0.0% missing data
   1   (0.071) 0.019 0.238 0.121 0.019 
   2   (0.043) 0.011 0.011 0.276 0.011 
   3   (0.060) 0.016 0.092 0.094 0.016 
   4   (0.071) 0.019 0.200 0.182 0.019 
   5   (0.060) 0.016 0.112 0.075 0.016 
   6   (0.049) 0.013 0.036 0.063 0.013 
   7   (0.035) 0.009 0.010 0.057 0.009 
   8   (0.031) 0.008 0.005 0.032 0.008 
   9   (0.042) 0.011 0.203 0.009 0.011 
  10   (0.061) 0.163 0.010 0.010 0.089 
  11   (0.034) 0.046 0.006 0.006 0.009 
  12   (0.033) 0.082 0.006 0.006 0.009 
  13   (0.039) 0.157 0.007 0.007 0.010 
  14   (0.036) 0.083 0.006 0.006 0.009 
  15   (0.038) 0.083 0.006 0.006 0.010 
  16   (0.033) 0.082 0.006 0.005 0.009 
  17   (0.030) 0.045 0.005 0.005 0.008 
  18   (0.061) 0.090 0.010 0.010 0.090 
  19   (0.034) 0.009 0.006 0.006 0.120 
  20   (0.037) 0.010 0.006 0.006 0.194 
  21   (0.038) 0.010 0.006 0.006 0.231 
  22   (0.033) 0.009 0.006 0.006 0.045 
  23   (0.033) 0.009 0.006 0.006 0.046 

Locus 3 : locus3 
23 alleles
0.0% missing data
   1   (0.049) 0.013 0.010 0.370 0.013 
   2   (0.072) 0.092 0.019 0.256 0.019 
   3   (0.057) 0.015 0.012 0.091 0.052 
   4   (0.061) 0.090 0.016 0.060 0.016 
   5   (0.058) 0.016 0.015 0.060 0.052 
   6   (0.060) 0.016 0.010 0.038 0.164 
   7   (0.038) 0.010 0.089 0.007 0.010 
   8   (0.033) 0.009 0.033 0.006 0.009 
   9   (0.052) 0.014 0.335 0.013 0.014 
  10   (0.043) 0.012 0.141 0.011 0.011 
  11   (0.046) 0.012 0.193 0.016 0.012 
  12   (0.036) 0.010 0.034 0.006 0.010 
  13   (0.036) 0.010 0.034 0.006 0.010 
  14   (0.032) 0.045 0.005 0.006 0.008 
  15   (0.043) 0.341 0.007 0.007 0.011 
  16   (0.037) 0.120 0.006 0.006 0.010 
  17   (0.036) 0.083 0.006 0.006 0.010 
  18   (0.032) 0.045 0.005 0.005 0.008 
  19   (0.040) 0.011 0.007 0.007 0.121 
  20   (0.033) 0.009 0.005 0.006 0.045 
  21   (0.038) 0.010 0.006 0.006 0.268 
  22   (0.035) 0.009 0.006 0.006 0.083 
  23   (0.033) 0.009 0.005 0.006 0.045 

Locus 4 : locus4 
22 alleles
0.0% missing data
   1   (0.079) 0.168 0.019 0.146 0.021 
   2   (0.043) 0.012 0.009 0.200 0.011 
   3   (0.058) 0.052 0.010 0.093 0.015 
   4   (0.044) 0.012 0.013 0.224 0.011 
   5   (0.036) 0.010 0.006 0.034 0.010 
   6   (0.066) 0.348 0.011 0.039 0.017 
   7   (0.075) 0.130 0.019 0.146 0.020 
   8   (0.048) 0.013 0.280 0.013 0.013 
   9   (0.050) 0.013 0.282 0.012 0.013 
  10   (0.045) 0.012 0.116 0.010 0.012 
  11   (0.065) 0.018 0.144 0.016 0.054 
  12   (0.034) 0.009 0.033 0.006 0.009 
  13   (0.036) 0.083 0.006 0.006 0.009 
  14   (0.032) 0.045 0.005 0.006 0.008 
  15   (0.036) 0.010 0.006 0.006 0.046 
  16   (0.044) 0.012 0.007 0.007 0.269 
  17   (0.032) 0.008 0.005 0.005 0.045 
  18   (0.036) 0.010 0.006 0.006 0.083 
  19   (0.041) 0.011 0.007 0.007 0.121 
  20   (0.035) 0.009 0.006 0.006 0.083 
  21   (0.030) 0.008 0.005 0.005 0.045 
  22   (0.034) 0.009 0.006 0.006 0.083 

Locus 5 : locus5 
11 alleles
0.0% missing data
   1   (0.108) 0.139 0.028 0.201 0.065 
   2   (0.089) 0.024 0.251 0.195 0.023 
   3   (0.199) 0.163 0.243 0.320 0.200 
   4   (0.130) 0.108 0.207 0.061 0.108 
   5   (0.083) 0.095 0.014 0.069 0.059 
   6   (0.065) 0.017 0.146 0.044 0.017 
   7   (0.087) 0.207 0.043 0.042 0.023 
   8   (0.035) 0.009 0.006 0.033 0.009 
   9   (0.068) 0.018 0.039 0.012 0.276 
  10   (0.068) 0.091 0.011 0.011 0.128 
  11   (0.068) 0.128 0.012 0.011 0.092 

Locus 6 : locus6 
23 alleles
0.0% missing data
   1   (0.063) 0.053 0.015 0.360 0.016 
   2   (0.069) 0.055 0.019 0.330 0.018 
   3   (0.048) 0.050 0.008 0.035 0.013 
   4   (0.035) 0.009 0.006 0.060 0.009 
   5   (0.037) 0.010 0.010 0.057 0.010 
   6   (0.033) 0.009 0.062 0.006 0.009 
   7   (0.042) 0.011 0.204 0.009 0.011 
   8   (0.037) 0.010 0.089 0.008 0.010 
   9   (0.056) 0.052 0.084 0.019 0.015 
  10   (0.040) 0.011 0.147 0.008 0.011 
  11   (0.065) 0.091 0.117 0.018 0.017 
  12   (0.031) 0.008 0.033 0.005 0.008 
  13   (0.069) 0.312 0.068 0.012 0.018 
  14   (0.063) 0.090 0.083 0.022 0.017 
  15   (0.033) 0.119 0.006 0.005 0.009 
  16   (0.031) 0.045 0.005 0.005 0.008 
  17   (0.039) 0.010 0.007 0.006 0.157 
  18   (0.038) 0.010 0.006 0.006 0.231 
  19   (0.038) 0.010 0.006 0.006 0.194 
  20   (0.035) 0.009 0.006 0.006 0.083 
  21   (0.035) 0.009 0.006 0.006 0.046 
  22   (0.031) 0.008 0.005 0.005 0.045 
  23   (0.032) 0.009 0.005 0.005 0.045 

Locus 7 : locus7 
22 alleles
0.0% missing data
   1   (0.054) 0.015 0.015 0.441 0.014 
   2   (0.042) 0.011 0.009 0.224 0.011 
   3   (0.042) 0.011 0.010 0.087 0.011 
   4   (0.042) 0.011 0.007 0.089 0.011 
   5   (0.035) 0.009 0.062 0.006 0.009 
   6   (0.042) 0.011 0.063 0.007 0.011 
   7   (0.048) 0.013 0.253 0.015 0.013 
   8   (0.036) 0.010 0.117 0.008 0.010 
   9   (0.047) 0.013 0.231 0.010 0.012 
  10   (0.039) 0.010 0.058 0.011 0.010 
  11   (0.065) 0.091 0.061 0.016 0.017 
  12   (0.052) 0.051 0.037 0.009 0.014 
  13   (0.065) 0.054 0.011 0.011 0.275 
  14   (0.039) 0.084 0.007 0.007 0.010 
  15   (0.070) 0.239 0.012 0.012 0.092 
  16   (0.063) 0.053 0.011 0.011 0.202 
  17   (0.038) 0.083 0.006 0.006 0.010 
  18   (0.037) 0.120 0.006 0.006 0.010 
  19   (0.035) 0.046 0.006 0.006 0.009 
  20   (0.034) 0.046 0.006 0.006 0.009 
  21   (0.041) 0.011 0.007 0.007 0.158 
  22   (0.034) 0.009 0.006 0.006 0.083 

Locus 8 : locus8 
18 alleles
0.0% missing data
   1   (0.046) 0.012 0.009 0.145 0.012 
   2   (0.062) 0.017 0.010 0.038 0.201 
   3   (0.119) 0.105 0.028 0.150 0.289 
   4   (0.087) 0.023 0.023 0.340 0.133 
   5   (0.060) 0.016 0.083 0.048 0.016 
   6   (0.074) 0.020 0.016 0.091 0.167 
   7   (0.060) 0.016 0.082 0.049 0.016 
   8   (0.060) 0.016 0.083 0.048 0.016 
   9   (0.047) 0.013 0.310 0.012 0.012 
  10   (0.044) 0.012 0.082 0.016 0.012 
  11   (0.046) 0.012 0.173 0.009 0.012 
  12   (0.038) 0.010 0.058 0.010 0.010 
  13   (0.046) 0.195 0.008 0.008 0.012 
  14   (0.060) 0.089 0.010 0.010 0.052 
  15   (0.038) 0.120 0.006 0.006 0.010 
  16   (0.043) 0.231 0.007 0.007 0.011 
  17   (0.035) 0.046 0.006 0.006 0.009 
  18   (0.035) 0.046 0.006 0.006 0.009 

Locus 9 : locus9 
18 alleles
0.0% missing data
   1   (0.069) 0.092 0.016 0.174 0.018 
   2   (0.110) 0.029 0.119 0.223 0.102 
   3   (0.063) 0.054 0.017 0.115 0.017 
   4   (0.039) 0.011 0.006 0.090 0.010 
   5   (0.068) 0.055 0.022 0.196 0.018 
   6   (0.056) 0.089 0.009 0.037 0.015 
   7   (0.067) 0.164 0.017 0.061 0.017 
   8   (0.046) 0.012 0.251 0.013 0.012 
   9   (0.059) 0.016 0.037 0.010 0.126 
  10   (0.065) 0.017 0.094 0.011 0.091 
  11   (0.076) 0.020 0.309 0.021 0.093 
  12   (0.075) 0.020 0.067 0.013 0.388 
  13   (0.043) 0.194 0.007 0.007 0.011 
  14   (0.037) 0.083 0.006 0.006 0.010 
  15   (0.031) 0.045 0.005 0.005 0.008 
  16   (0.034) 0.045 0.006 0.006 0.009 
  17   (0.032) 0.045 0.005 0.005 0.008 
  18   (0.031) 0.008 0.005 0.005 0.045 

Locus 10 : locus10 
17 alleles
0.0% missing data
   1   (0.048) 0.013 0.010 0.225 0.013 
   2   (0.056) 0.015 0.009 0.037 0.089 
   3   (0.085) 0.023 0.021 0.227 0.170 
   4   (0.087) 0.023 0.023 0.253 0.134 
   5   (0.071) 0.019 0.012 0.039 0.351 
   6   (0.041) 0.011 0.011 0.057 0.011 
   7   (0.058) 0.016 0.010 0.037 0.089 
   8   (0.081) 0.131 0.232 0.020 0.021 
   9   (0.063) 0.090 0.095 0.011 0.016 
  10   (0.044) 0.012 0.118 0.009 0.011 
  11   (0.034) 0.009 0.034 0.006 0.009 
  12   (0.086) 0.170 0.233 0.021 0.022 
  13   (0.071) 0.092 0.106 0.029 0.019 
  14   (0.056) 0.051 0.066 0.009 0.015 
  15   (0.046) 0.195 0.008 0.008 0.012 
  16   (0.040) 0.084 0.007 0.007 0.011 
  17   (0.033) 0.045 0.006 0.006 0.009 

Locus 11 : locus11 
21 alleles
0.0% missing data
   1   (0.047) 0.013 0.010 0.225 0.012 
   2   (0.043) 0.012 0.013 0.221 0.011 
   3   (0.046) 0.012 0.013 0.167 0.012 
   4   (0.032) 0.009 0.005 0.033 0.008 
   5   (0.037) 0.010 0.006 0.061 0.010 
   6   (0.038) 0.010 0.008 0.142 0.010 
   7   (0.070) 0.019 0.150 0.014 0.129 
   8   (0.109) 0.065 0.180 0.025 0.361 
   9   (0.046) 0.012 0.255 0.013 0.012 
  10   (0.065) 0.091 0.121 0.014 0.017 
  11   (0.072) 0.129 0.117 0.019 0.019 
  12   (0.057) 0.125 0.037 0.010 0.015 
  13   (0.051) 0.087 0.036 0.009 0.014 
  14   (0.045) 0.195 0.008 0.008 0.012 
  15   (0.036) 0.083 0.006 0.006 0.009 
  16   (0.032) 0.045 0.005 0.005 0.009 
  17   (0.032) 0.045 0.005 0.006 0.009 
  18   (0.035) 0.009 0.006 0.006 0.083 
  19   (0.034) 0.009 0.006 0.006 0.083 
  20   (0.037) 0.010 0.006 0.006 0.120 
  21   (0.035) 0.009 0.006 0.006 0.046 

Locus 12 : locus12 
15 alleles
0.0% missing data
   1   (0.042) 0.011 0.014 0.162 0.011 
   2   (0.126) 0.144 0.105 0.130 0.107 
   3   (0.040) 0.011 0.008 0.139 0.010 
   4   (0.038) 0.010 0.010 0.057 0.010 
   5   (0.071) 0.019 0.105 0.300 0.019 
   6   (0.127) 0.144 0.128 0.056 0.255 
   7   (0.104) 0.211 0.026 0.063 0.175 
   8   (0.051) 0.014 0.066 0.008 0.050 
   9   (0.037) 0.010 0.060 0.009 0.010 
  10   (0.033) 0.009 0.034 0.005 0.009 
  11   (0.067) 0.054 0.040 0.011 0.054 
  12   (0.102) 0.211 0.123 0.025 0.101 
  13   (0.098) 0.062 0.270 0.022 0.136 
  14   (0.034) 0.082 0.006 0.006 0.009 
  15   (0.030) 0.008 0.005 0.005 0.045 

Locus 13 : locus13 
18 alleles
0.0% missing data
   1   (0.068) 0.018 0.163 0.109 0.018 
   2   (0.094) 0.172 0.056 0.196 0.025 
   3   (0.066) 0.018 0.138 0.133 0.017 
   4   (0.040) 0.011 0.009 0.115 0.011 
   5   (0.068) 0.018 0.077 0.192 0.018 
   6   (0.090) 0.061 0.128 0.124 0.024 
   7   (0.031) 0.008 0.005 0.033 0.008 
   8   (0.059) 0.052 0.149 0.012 0.016 
   9   (0.062) 0.017 0.120 0.013 0.090 
  10   (0.040) 0.011 0.089 0.009 0.011 
  11   (0.056) 0.162 0.009 0.010 0.051 
  12   (0.037) 0.120 0.006 0.006 0.010 
  13   (0.053) 0.051 0.009 0.009 0.125 
  14   (0.075) 0.130 0.013 0.013 0.388 
  15   (0.061) 0.090 0.010 0.010 0.090 
  16   (0.035) 0.046 0.006 0.006 0.009 
  17   (0.031) 0.008 0.005 0.005 0.045 
  18   (0.032) 0.009 0.005 0.005 0.045 

Locus 14 : locus14 
16 alleles
0.0% missing data
   1   (0.098) 0.026 0.028 0.170 0.284 
   2   (0.079) 0.094 0.018 0.202 0.021 
   3   (0.068) 0.018 0.014 0.120 0.055 
   4   (0.088) 0.060 0.018 0.122 0.060 
   5   (0.074) 0.020 0.272 0.059 0.019 
   6   (0.087) 0.023 0.019 0.093 0.318 
   7   (0.046) 0.012 0.012 0.141 0.012 
   8   (0.071) 0.092 0.152 0.012 0.019 
   9   (0.048) 0.013 0.201 0.011 0.013 
  10   (0.059) 0.090 0.038 0.010 0.016 
  11   (0.076) 0.057 0.195 0.025 0.020 
  12   (0.043) 0.159 0.007 0.007 0.011 
  13   (0.037) 0.047 0.006 0.006 0.010 
  14   (0.048) 0.233 0.008 0.008 0.013 
  15   (0.036) 0.046 0.006 0.006 0.010 
  16   (0.041) 0.011 0.007 0.007 0.122 

Locus 15 : locus15 
22 alleles
0.0% missing data
   1   (0.044) 0.012 0.013 0.414 0.012 
   2   (0.038) 0.010 0.009 0.086 0.010 
   3   (0.070) 0.055 0.012 0.067 0.055 
   4   (0.060) 0.053 0.013 0.117 0.016 
   5   (0.036) 0.010 0.006 0.061 0.010 
   6   (0.039) 0.010 0.009 0.086 0.010 
   7   (0.032) 0.009 0.005 0.033 0.008 
   8   (0.042) 0.011 0.228 0.011 0.011 
   9   (0.065) 0.017 0.092 0.014 0.164 
  10   (0.074) 0.020 0.231 0.018 0.130 
  11   (0.036) 0.010 0.058 0.010 0.009 
  12   (0.066) 0.018 0.150 0.013 0.091 
  13   (0.072) 0.019 0.092 0.016 0.278 
  14   (0.034) 0.009 0.034 0.006 0.009 
  15   (0.043) 0.121 0.007 0.007 0.011 
  16   (0.042) 0.268 0.007 0.007 0.011 
  17   (0.039) 0.120 0.007 0.007 0.010 
  18   (0.031) 0.045 0.005 0.005 0.008 
  19   (0.035) 0.119 0.006 0.006 0.009 
  20   (0.035) 0.046 0.006 0.006 0.009 
  21   (0.031) 0.008 0.005 0.005 0.045 
  22   (0.034) 0.009 0.006 0.006 0.083 

Locus 16 : locus16 
21 alleles
0.0% missing data
   1   (0.099) 0.137 0.055 0.285 0.026 
   2   (0.040) 0.011 0.009 0.088 0.010 
   3   (0.035) 0.009 0.006 0.062 0.009 
   4   (0.101) 0.063 0.161 0.261 0.027 
   5   (0.039) 0.010 0.008 0.117 0.010 
   6   (0.062) 0.126 0.016 0.061 0.016 
   7   (0.047) 0.013 0.141 0.012 0.012 
   8   (0.037) 0.010 0.057 0.010 0.010 
   9   (0.040) 0.011 0.081 0.015 0.011 
  10   (0.044) 0.012 0.281 0.010 0.012 
  11   (0.032) 0.009 0.033 0.006 0.008 
  12   (0.034) 0.009 0.061 0.006 0.009 
  13   (0.033) 0.009 0.033 0.006 0.009 
  14   (0.038) 0.157 0.006 0.007 0.010 
  15   (0.075) 0.277 0.012 0.013 0.130 
  16   (0.035) 0.046 0.006 0.006 0.009 
  17   (0.049) 0.050 0.008 0.008 0.050 
  18   (0.038) 0.010 0.006 0.006 0.084 
  19   (0.044) 0.012 0.007 0.008 0.270 
  20   (0.038) 0.010 0.006 0.007 0.084 
  21   (0.038) 0.010 0.006 0.006 0.194 

Locus 17 : locus17 
22 alleles
0.0% missing data
   1   (0.036) 0.010 0.008 0.170 0.009 
   2   (0.033) 0.009 0.009 0.057 0.009 
   3   (0.040) 0.011 0.008 0.116 0.011 
   4   (0.077) 0.021 0.018 0.174 0.278 
   5   (0.061) 0.016 0.014 0.172 0.090 
   6   (0.060) 0.016 0.012 0.118 0.089 
   7   (0.058) 0.016 0.015 0.059 0.163 
   8   (0.034) 0.009 0.062 0.006 0.009 
   9   (0.064) 0.128 0.114 0.018 0.017 
  10   (0.058) 0.089 0.119 0.012 0.015 
  11   (0.038) 0.010 0.142 0.010 0.010 
  12   (0.035) 0.009 0.087 0.008 0.009 
  13   (0.061) 0.090 0.145 0.015 0.016 
  14   (0.063) 0.127 0.115 0.017 0.016 
  15   (0.034) 0.009 0.061 0.006 0.009 
  16   (0.047) 0.049 0.036 0.008 0.012 
  17   (0.036) 0.156 0.006 0.006 0.010 
  18   (0.031) 0.082 0.005 0.005 0.008 
  19   (0.031) 0.081 0.005 0.005 0.008 
  20   (0.031) 0.045 0.005 0.005 0.008 
  21   (0.036) 0.010 0.006 0.006 0.083 
  22   (0.037) 0.010 0.006 0.006 0.120 

Locus 18 : locus18 
16 alleles
0.0% missing data
   1   (0.101) 0.247 0.053 0.092 0.027 
   2   (0.121) 0.032 0.360 0.204 0.069 
   3   (0.075) 0.167 0.012 0.126 0.020 
   4   (0.102) 0.063 0.105 0.238 0.027 
   5   (0.078) 0.021 0.235 0.093 0.020 
   6   (0.084) 0.023 0.060 0.108 0.059 
   7   (0.071) 0.019 0.115 0.074 0.019 
   8   (0.043) 0.121 0.007 0.007 0.011 
   9   (0.038) 0.083 0.006 0.007 0.010 
  10   (0.043) 0.158 0.007 0.007 0.011 
  11   (0.047) 0.013 0.008 0.008 0.307 
  12   (0.043) 0.012 0.007 0.007 0.122 
  13   (0.043) 0.011 0.007 0.007 0.122 
  14   (0.036) 0.010 0.006 0.006 0.046 
  15   (0.039) 0.010 0.006 0.007 0.084 
  16   (0.036) 0.010 0.006 0.006 0.046 

Locus 19 : locus19 
14 alleles
0.0% missing data
   1   (0.050) 0.013 0.013 0.221 0.013 
   2   (0.045) 0.012 0.012 0.139 0.012 
   3   (0.043) 0.011 0.009 0.114 0.011 
   4   (0.070) 0.019 0.110 0.106 0.018 
   5   (0.123) 0.328 0.048 0.048 0.106 
   6   (0.150) 0.113 0.301 0.060 0.187 
   7   (0.044) 0.012 0.013 0.111 0.011 
   8   (0.044) 0.012 0.009 0.115 0.012 
   9   (0.050) 0.013 0.200 0.015 0.013 
  10   (0.143) 0.148 0.216 0.031 0.332 
  11   (0.084) 0.169 0.042 0.014 0.059 
  12   (0.052) 0.050 0.009 0.009 0.050 
  13   (0.066) 0.090 0.011 0.011 0.128 
  14   (0.036) 0.010 0.006 0.006 0.046 

Locus 20 : locus20 
20 alleles
0.0% missing data
   1   (0.046) 0.013 0.007 0.122 0.012 
   2   (0.061) 0.016 0.015 0.347 0.016 
   3   (0.079) 0.021 0.126 0.094 0.021 
   4   (0.052) 0.014 0.011 0.235 0.014 
   5   (0.078) 0.021 0.261 0.064 0.021 
   6   (0.053) 0.014 0.139 0.014 0.014 
   7   (0.047) 0.013 0.089 0.008 0.013 
   8   (0.051) 0.014 0.164 0.016 0.013 
   9   (0.044) 0.012 0.109 0.014 0.012 
  10   (0.045) 0.158 0.007 0.008 0.012 
  11   (0.053) 0.271 0.009 0.009 0.014 
  12   (0.043) 0.085 0.007 0.008 0.011 
  13   (0.051) 0.197 0.008 0.009 0.014 
  14   (0.037) 0.047 0.006 0.007 0.010 
  15   (0.037) 0.046 0.006 0.006 0.010 
  16   (0.045) 0.012 0.007 0.008 0.196 
  17   (0.041) 0.011 0.007 0.007 0.121 
  18   (0.053) 0.014 0.009 0.009 0.198 
  19   (0.049) 0.013 0.008 0.009 0.234 
  20   (0.035) 0.009 0.006 0.006 0.046 

Locus 21 : locus21 
20 alleles
0.0% missing data
   1   (0.069) 0.055 0.016 0.255 0.018 
   2   (0.056) 0.015 0.015 0.059 0.051 
   3   (0.047) 0.012 0.012 0.141 0.012 
   4   (0.084) 0.169 0.021 0.283 0.022 
   5   (0.052) 0.014 0.009 0.064 0.050 
   6   (0.058) 0.089 0.010 0.065 0.015 
   7   (0.066) 0.018 0.317 0.014 0.054 
   8   (0.038) 0.010 0.059 0.010 0.010 
   9   (0.081) 0.022 0.171 0.023 0.206 
  10   (0.033) 0.009 0.033 0.006 0.009 
  11   (0.038) 0.010 0.062 0.006 0.010 
  12   (0.073) 0.020 0.115 0.021 0.130 
  13   (0.032) 0.009 0.033 0.005 0.009 
  14   (0.037) 0.010 0.088 0.008 0.010 
  15   (0.035) 0.119 0.006 0.006 0.009 
  16   (0.035) 0.083 0.006 0.006 0.009 
  17   (0.041) 0.157 0.007 0.007 0.011 
  18   (0.039) 0.157 0.007 0.007 0.010 
  19   (0.047) 0.013 0.008 0.008 0.271 
  20   (0.039) 0.011 0.007 0.007 0.084 

Locus 22 : locus22 
21 alleles
0.0% missing data
   1   (0.040) 0.011 0.008 0.116 0.010 
   2   (0.042) 0.011 0.008 0.144 0.011 
   3   (0.038) 0.010 0.006 0.062 0.010 
   4   (0.053) 0.014 0.014 0.198 0.014 
   5   (0.047) 0.013 0.014 0.112 0.012 
   6   (0.046) 0.012 0.016 0.138 0.012 
   7   (0.042) 0.011 0.007 0.090 0.011 
   8   (0.047) 0.013 0.312 0.010 0.012 
   9   (0.075) 0.020 0.201 0.020 0.056 
  10   (0.048) 0.013 0.142 0.013 0.012 
  11   (0.056) 0.015 0.037 0.010 0.052 
  12   (0.041) 0.011 0.034 0.007 0.011 
  13   (0.087) 0.023 0.117 0.023 0.281 
  14   (0.034) 0.009 0.034 0.006 0.009 
  15   (0.048) 0.269 0.008 0.008 0.013 
  16   (0.045) 0.122 0.007 0.008 0.012 
  17   (0.044) 0.195 0.007 0.007 0.012 
  18   (0.047) 0.195 0.008 0.008 0.012 
  19   (0.046) 0.012 0.008 0.008 0.270 
  20   (0.041) 0.011 0.007 0.007 0.121 
  21   (0.034) 0.009 0.006 0.006 0.046 

Locus 23 : locus23 
19 alleles
0.0% missing data
   1   (0.048) 0.013 0.011 0.197 0.013 
   2   (0.046) 0.012 0.012 0.195 0.012 
   3   (0.042) 0.011 0.009 0.087 0.011 
   4   (0.042) 0.011 0.010 0.087 0.011 
   5   (0.049) 0.013 0.012 0.251 0.013 
   6   (0.035) 0.009 0.006 0.033 0.009 
   7   (0.048) 0.013 0.287 0.011 0.013 
   8   (0.076) 0.020 0.117 0.020 0.130 
   9   (0.100) 0.174 0.043 0.017 0.174 
  10   (0.071) 0.092 0.117 0.019 0.019 
  11   (0.069) 0.092 0.092 0.015 0.018 
  12   (0.058) 0.015 0.066 0.010 0.052 
  13   (0.046) 0.012 0.144 0.012 0.012 
  14   (0.069) 0.018 0.039 0.012 0.240 
  15   (0.044) 0.158 0.007 0.007 0.011 
  16   (0.046) 0.268 0.008 0.008 0.012 
  17   (0.033) 0.045 0.006 0.006 0.009 
  18   (0.043) 0.012 0.007 0.007 0.196 
  19   (0.036) 0.010 0.006 0.006 0.046 

Locus 24 : locus24 
22 alleles
0.0% missing data
   1   (0.057) 0.015 0.107 0.105 0.015 
   2   (0.082) 0.058 0.128 0.232 0.022 
   3   (0.058) 0.016 0.095 0.173 0.015 
   4   (0.053) 0.014 0.045 0.111 0.014 
   5   (0.055) 0.125 0.012 0.089 0.014 
   6   (0.059) 0.089 0.019 0.083 0.016 
   7   (0.081) 0.058 0.230 0.103 0.021 
   8   (0.052) 0.051 0.090 0.012 0.014 
   9   (0.052) 0.088 0.089 0.012 0.014 
  10   (0.048) 0.049 0.089 0.011 0.013 
  11   (0.031) 0.008 0.033 0.005 0.008 
  12   (0.032) 0.082 0.005 0.005 0.008 
  13   (0.031) 0.118 0.005 0.005 0.008 
  14   (0.052) 0.087 0.009 0.009 0.124 
  15   (0.033) 0.082 0.005 0.006 0.009 
  16   (0.034) 0.009 0.006 0.006 0.120 
  17   (0.033) 0.009 0.005 0.005 0.156 
  18   (0.037) 0.010 0.006 0.006 0.157 
  19   (0.033) 0.009 0.006 0.006 0.119 
  20   (0.031) 0.008 0.005 0.005 0.045 
  21   (0.028) 0.008 0.005 0.005 0.044 
  22   (0.028) 0.008 0.005 0.005 0.044 

Locus 25 : locus25 
21 alleles
0.0% missing data
   1   (0.073) 0.056 0.016 0.176 0.056 
   2   (0.081) 0.095 0.013 0.070 0.242 
   3   (0.053) 0.051 0.015 0.170 0.014 
   4   (0.066) 0.054 0.011 0.067 0.091 
   5   (0.089) 0.170 0.023 0.118 0.171 
   6   (0.055) 0.125 0.012 0.090 0.015 
   7   (0.028) 0.007 0.005 0.033 0.007 
   8   (0.042) 0.048 0.007 0.035 0.011 
   9   (0.052) 0.050 0.013 0.144 0.014 
  10   (0.066) 0.018 0.282 0.016 0.165 
  11   (0.038) 0.010 0.167 0.011 0.010 
  12   (0.029) 0.008 0.032 0.005 0.008 
  13   (0.028) 0.008 0.032 0.005 0.007 
  14   (0.037) 0.010 0.086 0.009 0.010 
  15   (0.058) 0.052 0.037 0.010 0.089 
  16   (0.034) 0.009 0.112 0.010 0.009 
  17   (0.031) 0.008 0.033 0.005 0.008 
  18   (0.035) 0.009 0.086 0.008 0.009 
  19   (0.031) 0.082 0.005 0.005 0.008 
  20   (0.046) 0.086 0.008 0.008 0.049 
  21   (0.029) 0.044 0.005 0.005 0.008 

Locus 26 : locus26 
23 alleles
0.0% missing data
   1   (0.046) 0.012 0.011 0.309 0.012 
   2   (0.037) 0.010 0.008 0.115 0.010 
   3   (0.045) 0.012 0.012 0.196 0.012 
   4   (0.032) 0.008 0.005 0.033 0.008 
   5   (0.043) 0.011 0.010 0.171 0.011 
   6   (0.031) 0.008 0.005 0.033 0.008 
   7   (0.048) 0.013 0.364 0.014 0.013 
   8   (0.067) 0.018 0.174 0.016 0.091 
   9   (0.036) 0.010 0.034 0.006 0.009 
  10   (0.057) 0.016 0.037 0.010 0.126 
  11   (0.037) 0.010 0.171 0.009 0.010 
  12   (0.084) 0.169 0.041 0.014 0.096 
  13   (0.068) 0.054 0.039 0.012 0.092 
  14   (0.033) 0.009 0.033 0.006 0.009 
  15   (0.040) 0.157 0.007 0.007 0.011 
  16   (0.030) 0.045 0.005 0.005 0.008 
  17   (0.040) 0.084 0.007 0.007 0.010 
  18   (0.043) 0.194 0.007 0.007 0.011 
  19   (0.036) 0.083 0.006 0.006 0.009 
  20   (0.035) 0.046 0.006 0.006 0.009 
  21   (0.044) 0.012 0.007 0.007 0.343 
  22   (0.036) 0.010 0.006 0.006 0.046 
  23   (0.033) 0.009 0.006 0.006 0.045 

Locus 27 : locus27 
21 alleles
0.0% missing data
   1   (0.058) 0.199 0.013 0.090 0.015 
   2   (0.032) 0.008 0.007 0.087 0.008 
   3   (0.026) 0.007 0.004 0.033 0.007 
   4   (0.043) 0.048 0.007 0.063 0.011 
   5   (0.033) 0.009 0.008 0.059 0.009 
   6   (0.048) 0.049 0.012 0.060 0.013 
   7   (0.056) 0.015 0.012 0.090 0.125 
   8   (0.059) 0.126 0.015 0.145 0.016 
   9   (0.030) 0.008 0.005 0.061 0.008 
  10   (0.033) 0.009 0.010 0.113 0.009 
  11   (0.091) 0.098 0.070 0.043 0.135 
  12   (0.048) 0.013 0.098 0.056 0.013 
  13   (0.097) 0.136 0.283 0.025 0.173 
  14   (0.054) 0.014 0.117 0.011 0.125 
  15   (0.029) 0.008 0.032 0.005 0.008 
  16   (0.034) 0.009 0.086 0.009 0.009 
  17   (0.081) 0.095 0.145 0.020 0.095 
  18   (0.033) 0.009 0.057 0.009 0.009 
  19   (0.028) 0.044 0.005 0.005 0.007 
  20   (0.049) 0.086 0.008 0.008 0.086 
  21   (0.036) 0.010 0.006 0.006 0.120 

Locus 28 : locus28 
18 alleles
0.0% missing data
   1   (0.093) 0.135 0.052 0.255 0.024 
   2   (0.089) 0.024 0.127 0.178 0.060 
   3   (0.053) 0.014 0.009 0.036 0.088 
   4   (0.071) 0.165 0.020 0.114 0.019 
   5   (0.081) 0.022 0.065 0.238 0.058 
   6   (0.031) 0.008 0.005 0.033 0.008 
   7   (0.082) 0.095 0.148 0.048 0.022 
   8   (0.066) 0.054 0.257 0.018 0.017 
   9   (0.030) 0.008 0.033 0.005 0.008 
  10   (0.055) 0.015 0.037 0.009 0.125 
  11   (0.039) 0.010 0.088 0.009 0.010 
  12   (0.051) 0.014 0.035 0.009 0.125 
  13   (0.052) 0.014 0.036 0.009 0.087 
  14   (0.054) 0.014 0.060 0.014 0.051 
  15   (0.035) 0.083 0.006 0.006 0.009 
  16   (0.039) 0.194 0.007 0.007 0.010 
  17   (0.037) 0.120 0.006 0.006 0.010 
  18   (0.041) 0.011 0.007 0.007 0.268 

Locus 29 : locus29 
22 alleles
0.0% missing data
   1   (0.051) 0.014 0.051 0.133 0.013 
   2   (0.085) 0.023 0.203 0.130 0.059 
   3   (0.074) 0.020 0.022 0.170 0.204 
   4   (0.091) 0.024 0.102 0.234 0.171 
   5   (0.077) 0.021 0.068 0.069 0.131 
   6   (0.029) 0.008 0.005 0.033 0.008 
   7   (0.062) 0.017 0.014 0.090 0.164 
   8   (0.044) 0.012 0.035 0.035 0.012 
   9   (0.053) 0.014 0.139 0.018 0.051 
  10   (0.029) 0.008 0.032 0.005 0.008 
  11   (0.041) 0.011 0.129 0.022 0.011 
  12   (0.049) 0.013 0.064 0.008 0.050 
  13   (0.029) 0.008 0.033 0.005 0.008 
  14   (0.028) 0.007 0.032 0.005 0.007 
  15   (0.030) 0.008 0.033 0.005 0.008 
  16   (0.034) 0.119 0.006 0.006 0.009 
  17   (0.034) 0.192 0.006 0.006 0.009 
  18   (0.035) 0.156 0.006 0.006 0.009 
  19   (0.035) 0.156 0.006 0.006 0.009 
  20   (0.032) 0.082 0.005 0.005 0.008 
  21   (0.033) 0.082 0.006 0.006 0.009 
  22   (0.025) 0.007 0.004 0.004 0.043 

Locus 30 : locus30 
22 alleles
0.0% missing data
   1   (0.034) 0.009 0.005 0.095 0.009 
   2   (0.087) 0.097 0.018 0.189 0.096 
   3   (0.030) 0.008 0.005 0.035 0.008 
   4   (0.063) 0.017 0.012 0.097 0.238 
   5   (0.030) 0.008 0.005 0.035 0.008 
   6   (0.054) 0.014 0.008 0.039 0.125 
   7   (0.078) 0.021 0.204 0.239 0.020 
   8   (0.033) 0.009 0.005 0.036 0.009 
   9   (0.058) 0.015 0.092 0.064 0.015 
  10   (0.055) 0.015 0.092 0.063 0.014 
  11   (0.040) 0.011 0.187 0.010 0.010 
  12   (0.031) 0.008 0.031 0.006 0.008 
  13   (0.038) 0.010 0.076 0.016 0.010 
  14   (0.046) 0.012 0.181 0.019 0.012 
  15   (0.032) 0.009 0.031 0.006 0.009 
  16   (0.033) 0.082 0.005 0.006 0.009 
  17   (0.034) 0.082 0.005 0.006 0.009 
  18   (0.045) 0.378 0.007 0.008 0.012 
  19   (0.055) 0.051 0.009 0.010 0.162 
  20   (0.060) 0.089 0.009 0.011 0.126 
  21   (0.029) 0.044 0.005 0.005 0.008 
  22   (0.036) 0.010 0.006 0.007 0.083 

Locus 31 : locus31 
14 alleles
0.0% missing data
   1   (0.081) 0.132 0.021 0.302 0.021 
   2   (0.073) 0.129 0.015 0.144 0.019 
   3   (0.048) 0.013 0.013 0.245 0.013 
   4   (0.106) 0.175 0.121 0.109 0.028 
   5   (0.055) 0.051 0.009 0.063 0.014 
   6   (0.076) 0.204 0.128 0.013 0.020 
   7   (0.086) 0.060 0.072 0.014 0.170 
   8   (0.069) 0.019 0.093 0.016 0.129 
   9   (0.105) 0.065 0.170 0.035 0.175 
  10   (0.070) 0.019 0.124 0.014 0.129 
  11   (0.104) 0.101 0.154 0.024 0.138 
  12   (0.055) 0.015 0.038 0.009 0.088 
  13   (0.035) 0.010 0.034 0.006 0.009 
  14   (0.036) 0.009 0.006 0.006 0.046 

Locus 32 : locus32 
21 alleles
0.0% missing data
   1   (0.073) 0.020 0.207 0.177 0.019 
   2   (0.039) 0.010 0.010 0.116 0.010 
   3   (0.075) 0.020 0.219 0.192 0.020 
   4   (0.043) 0.012 0.009 0.148 0.011 
   5   (0.054) 0.015 0.045 0.085 0.014 
   6   (0.038) 0.010 0.010 0.059 0.010 
   7   (0.036) 0.010 0.006 0.035 0.009 
   8   (0.031) 0.008 0.005 0.034 0.008 
   9   (0.060) 0.016 0.110 0.047 0.016 
  10   (0.046) 0.012 0.218 0.015 0.012 
  11   (0.035) 0.009 0.056 0.010 0.009 
  12   (0.032) 0.009 0.032 0.006 0.008 
  13   (0.067) 0.237 0.011 0.012 0.091 
  14   (0.034) 0.119 0.006 0.006 0.009 
  15   (0.070) 0.202 0.011 0.012 0.129 
  16   (0.036) 0.083 0.006 0.006 0.009 
  17   (0.074) 0.130 0.012 0.013 0.241 
  18   (0.052) 0.050 0.008 0.009 0.088 
  19   (0.042) 0.011 0.007 0.007 0.195 
  20   (0.034) 0.009 0.005 0.006 0.045 
  21   (0.029) 0.008 0.005 0.005 0.045 

Locus 33 : locus33 
22 alleles
0.0% missing data
   1   (0.044) 0.012 0.009 0.254 0.012 
   2   (0.045) 0.012 0.012 0.252 0.012 
   3   (0.040) 0.011 0.007 0.062 0.010 
   4   (0.036) 0.010 0.006 0.061 0.010 
   5   (0.039) 0.010 0.009 0.087 0.010 
   6   (0.045) 0.012 0.016 0.137 0.012 
   7   (0.055) 0.088 0.037 0.009 0.014 
   8   (0.042) 0.011 0.143 0.011 0.011 
   9   (0.064) 0.054 0.145 0.016 0.017 
  10   (0.079) 0.021 0.201 0.021 0.131 
  11   (0.041) 0.011 0.198 0.011 0.011 
  12   (0.071) 0.019 0.095 0.012 0.314 
  13   (0.061) 0.016 0.038 0.010 0.238 
  14   (0.055) 0.015 0.037 0.009 0.088 
  15   (0.039) 0.230 0.006 0.006 0.010 
  16   (0.037) 0.120 0.006 0.006 0.010 
  17   (0.035) 0.083 0.006 0.006 0.009 
  18   (0.030) 0.045 0.005 0.005 0.008 
  19   (0.043) 0.121 0.007 0.007 0.011 
  20   (0.034) 0.046 0.006 0.006 0.009 
  21   (0.033) 0.045 0.005 0.006 0.009 
  22   (0.032) 0.009 0.005 0.005 0.045 

Locus 34 : locus34 
20 alleles
0.0% missing data
   1   (0.071) 0.019 0.068 0.203 0.055 
   2   (0.080) 0.057 0.020 0.143 0.132 
   3   (0.080) 0.021 0.126 0.121 0.131 
   4   (0.088) 0.097 0.239 0.125 0.023 
   5   (0.049) 0.050 0.010 0.116 0.013 
   6   (0.086) 0.023 0.092 0.158 0.133 
   7   (0.045) 0.085 0.008 0.035 0.012 
   8   (0.062) 0.127 0.178 0.012 0.016 
   9   (0.055) 0.015 0.119 0.012 0.088 
  10   (0.055) 0.088 0.083 0.019 0.015 
  11   (0.031) 0.082 0.005 0.005 0.008 
  12   (0.029) 0.045 0.005 0.005 0.008 
  13   (0.047) 0.049 0.008 0.008 0.087 
  14   (0.032) 0.082 0.005 0.005 0.009 
  15   (0.042) 0.048 0.007 0.007 0.048 
  16   (0.029) 0.045 0.005 0.005 0.008 
  17   (0.027) 0.044 0.005 0.005 0.007 
  18   (0.033) 0.009 0.006 0.006 0.119 
  19   (0.029) 0.008 0.005 0.005 0.045 
  20   (0.029) 0.008 0.005 0.005 0.044 

Locus 35 : locus35 
20 alleles
0.0% missing data
   1   (0.068) 0.018 0.220 0.165 0.018 
   2   (0.094) 0.025 0.146 0.297 0.061 
   3   (0.076) 0.094 0.050 0.113 0.020 
   4   (0.090) 0.024 0.148 0.105 0.134 
   5   (0.059) 0.272 0.010 0.037 0.016 
   6   (0.083) 0.059 0.127 0.122 0.022 
   7   (0.056) 0.015 0.080 0.077 0.015 
   8   (0.064) 0.017 0.092 0.014 0.201 
   9   (0.029) 0.008 0.033 0.005 0.008 
  10   (0.058) 0.235 0.038 0.010 0.015 
  11   (0.039) 0.156 0.007 0.007 0.010 
  12   (0.034) 0.009 0.006 0.006 0.120 
  13   (0.034) 0.009 0.006 0.006 0.046 
  14   (0.028) 0.008 0.005 0.005 0.044 
  15   (0.030) 0.008 0.005 0.005 0.045 
  16   (0.033) 0.009 0.006 0.006 0.046 
  17   (0.032) 0.009 0.005 0.005 0.045 
  18   (0.029) 0.008 0.005 0.005 0.044 
  19   (0.031) 0.008 0.005 0.005 0.045 
  20   (0.032) 0.008 0.005 0.005 0.045 

Locus 36 : locus36 
18 alleles
0.0% missing data
   1   (0.103) 0.101 0.096 0.159 0.064 
   2   (0.037) 0.010 0.011 0.111 0.010 
   3   (0.136) 0.183 0.124 0.251 0.109 
   4   (0.116) 0.178 0.067 0.137 0.104 
   5   (0.055) 0.015 0.045 0.138 0.015 
   6   (0.036) 0.010 0.010 0.056 0.009 
   7   (0.060) 0.162 0.016 0.059 0.016 
   8   (0.079) 0.058 0.293 0.018 0.057 
   9   (0.034) 0.009 0.063 0.006 0.009 
  10   (0.068) 0.018 0.149 0.016 0.165 
  11   (0.035) 0.009 0.059 0.009 0.009 
  12   (0.029) 0.008 0.033 0.005 0.008 
  13   (0.036) 0.156 0.006 0.006 0.009 
  14   (0.044) 0.048 0.007 0.007 0.048 
  15   (0.034) 0.009 0.006 0.006 0.157 
  16   (0.036) 0.010 0.006 0.006 0.120 
  17   (0.032) 0.009 0.005 0.005 0.045 
  18   (0.031) 0.008 0.005 0.005 0.045 

Locus 37 : locus37 
18 alleles
0.0% missing data
   1   (0.074) 0.093 0.020 0.195 0.019 
   2   (0.092) 0.025 0.067 0.318 0.061 
   3   (0.069) 0.019 0.120 0.150 0.018 
   4   (0.087) 0.023 0.142 0.056 0.096 
   5   (0.073) 0.202 0.016 0.117 0.019 
   6   (0.084) 0.023 0.041 0.041 0.319 
   7   (0.033) 0.009 0.006 0.033 0.009 
   8   (0.042) 0.011 0.178 0.008 0.011 
   9   (0.040) 0.011 0.090 0.009 0.011 
  10   (0.040) 0.011 0.146 0.010 0.011 
  11   (0.069) 0.019 0.123 0.015 0.092 
  12   (0.037) 0.156 0.006 0.006 0.010 
  13   (0.042) 0.121 0.007 0.007 0.011 
  14   (0.057) 0.125 0.010 0.009 0.051 
  15   (0.051) 0.050 0.009 0.008 0.050 
  16   (0.035) 0.046 0.006 0.006 0.009 
  17   (0.033) 0.045 0.006 0.005 0.009 
  18   (0.042) 0.011 0.007 0.007 0.195 

Locus 38 : locus38 
18 alleles
0.0% missing data
   1   (0.103) 0.320 0.086 0.175 0.027 
   2   (0.038) 0.010 0.008 0.123 0.010 
   3   (0.082) 0.022 0.136 0.111 0.058 
   4   (0.046) 0.049 0.007 0.038 0.012 
   5   (0.106) 0.175 0.113 0.059 0.064 
   6   (0.033) 0.009 0.005 0.094 0.009 
   7   (0.058) 0.015 0.015 0.180 0.052 
   8   (0.030) 0.008 0.005 0.035 0.008 
   9   (0.071) 0.019 0.109 0.051 0.056 
  10   (0.061) 0.053 0.036 0.040 0.016 
  11   (0.069) 0.018 0.212 0.023 0.092 
  12   (0.101) 0.174 0.237 0.036 0.063 
  13   (0.032) 0.082 0.005 0.006 0.009 
  14   (0.037) 0.010 0.006 0.007 0.157 
  15   (0.040) 0.011 0.006 0.007 0.232 
  16   (0.032) 0.009 0.005 0.006 0.046 
  17   (0.030) 0.008 0.005 0.005 0.045 
  18   (0.030) 0.008 0.005 0.005 0.045 

Locus 39 : locus39 
25 alleles
0.0% missing data
   1   (0.078) 0.057 0.018 0.148 0.131 
   2   (0.052) 0.050 0.012 0.173 0.014 
   3   (0.028) 0.008 0.008 0.058 0.007 
   4   (0.076) 0.167 0.020 0.117 0.056 
   5   (0.046) 0.012 0.008 0.064 0.086 
   6   (0.033) 0.009 0.007 0.116 0.008 
   7   (0.056) 0.015 0.009 0.065 0.236 
   8   (0.041) 0.011 0.010 0.059 0.048 
   9   (0.056) 0.052 0.009 0.038 0.051 
  10   (0.055) 0.198 0.014 0.060 0.015 
  11   (0.034) 0.009 0.194 0.010 0.009 
  12   (0.030) 0.008 0.136 0.011 0.008 
  13   (0.031) 0.008 0.114 0.007 0.008 
  14   (0.029) 0.008 0.057 0.008 0.008 
  15   (0.031) 0.008 0.088 0.005 0.008 
  16   (0.035) 0.009 0.111 0.011 0.009 
  17   (0.030) 0.008 0.032 0.005 0.008 
  18   (0.026) 0.007 0.032 0.005 0.007 
  19   (0.028) 0.008 0.032 0.005 0.008 
  20   (0.028) 0.008 0.032 0.005 0.008 
  21   (0.027) 0.007 0.032 0.005 0.007 
  22   (0.028) 0.118 0.005 0.005 0.007 
  23   (0.031) 0.118 0.005 0.005 0.008 
  24   (0.048) 0.049 0.008 0.008 0.161 
  25   (0.042) 0.048 0.007 0.007 0.085 

Locus 40 : locus40 
16 alleles
0.0% missing data
   1   (0.067) 0.054 0.018 0.200 0.018 
   2   (0.069) 0.019 0.013 0.178 0.092 
   3   (0.082) 0.095 0.018 0.094 0.058 
   4   (0.091) 0.318 0.025 0.171 0.024 
   5   (0.079) 0.094 0.013 0.097 0.057 
   6   (0.107) 0.102 0.025 0.150 0.175 
   7   (0.080) 0.021 0.234 0.015 0.169 
   8   (0.076) 0.020 0.284 0.017 0.131 
   9   (0.041) 0.011 0.087 0.010 0.011 
  10   (0.042) 0.011 0.112 0.012 0.011 
  11   (0.066) 0.018 0.138 0.022 0.054 
  12   (0.063) 0.163 0.010 0.011 0.053 
  13   (0.035) 0.046 0.006 0.006 0.009 
  14   (0.033) 0.009 0.005 0.006 0.045 
  15   (0.034) 0.009 0.006 0.006 0.046 
  16   (0.035) 0.009 0.006 0.006 0.046 

Locus 41 : locus41 
19 alleles
0.0% missing data
   1   (0.047) 0.013 0.010 0.226 0.012 
   2   (0.049) 0.013 0.013 0.332 0.013 
   3   (0.063) 0.017 0.016 0.060 0.127 
   4   (0.039) 0.010 0.009 0.086 0.010 
   5   (0.033) 0.009 0.005 0.033 0.009 
   6   (0.041) 0.011 0.009 0.114 0.011 
   7   (0.054) 0.051 0.065 0.009 0.014 
   8   (0.067) 0.054 0.228 0.019 0.018 
   9   (0.070) 0.129 0.150 0.014 0.018 
  10   (0.071) 0.019 0.060 0.019 0.277 
  11   (0.063) 0.053 0.204 0.014 0.017 
  12   (0.076) 0.057 0.093 0.016 0.057 
  13   (0.037) 0.010 0.088 0.008 0.010 
  14   (0.060) 0.199 0.010 0.010 0.052 
  15   (0.038) 0.120 0.006 0.006 0.010 
  16   (0.059) 0.089 0.010 0.010 0.089 
  17   (0.070) 0.129 0.012 0.012 0.166 
  18   (0.034) 0.009 0.006 0.006 0.046 
  19   (0.031) 0.008 0.005 0.005 0.045 

Locus 42 : locus42 
17 alleles
0.0% missing data
   1   (0.071) 0.019 0.039 0.293 0.019 
   2   (0.083) 0.022 0.245 0.113 0.022 
   3   (0.086) 0.023 0.024 0.172 0.170 
   4   (0.089) 0.024 0.024 0.286 0.134 
   5   (0.043) 0.012 0.087 0.010 0.011 
   6   (0.072) 0.019 0.039 0.012 0.277 
   7   (0.077) 0.094 0.173 0.018 0.020 
   8   (0.084) 0.022 0.145 0.021 0.169 
   9   (0.065) 0.054 0.142 0.017 0.017 
  10   (0.062) 0.126 0.038 0.011 0.016 
  11   (0.044) 0.231 0.007 0.008 0.012 
  12   (0.039) 0.084 0.007 0.007 0.010 
  13   (0.038) 0.084 0.006 0.007 0.010 
  14   (0.035) 0.046 0.006 0.006 0.009 
  15   (0.041) 0.121 0.007 0.007 0.011 
  16   (0.034) 0.009 0.006 0.006 0.046 
  17   (0.037) 0.010 0.006 0.006 0.046 

Locus 43 : locus43 
21 alleles
0.0% missing data
   1   (0.050) 0.013 0.008 0.036 0.050 
   2   (0.037) 0.010 0.006 0.089 0.010 
   3   (0.046) 0.012 0.013 0.221 0.012 
   4   (0.071) 0.019 0.020 0.196 0.093 
   5   (0.054) 0.015 0.009 0.064 0.051 
   6   (0.043) 0.011 0.010 0.251 0.011 
   7   (0.033) 0.009 0.034 0.006 0.009 
   8   (0.077) 0.021 0.176 0.017 0.168 
   9   (0.063) 0.090 0.091 0.014 0.017 
  10   (0.042) 0.011 0.286 0.009 0.011 
  11   (0.067) 0.018 0.196 0.022 0.054 
  12   (0.070) 0.019 0.092 0.015 0.166 
  13   (0.043) 0.268 0.007 0.007 0.011 
  14   (0.038) 0.120 0.006 0.006 0.010 
  15   (0.039) 0.120 0.007 0.007 0.010 
  16   (0.039) 0.120 0.007 0.007 0.010 
  17   (0.049) 0.050 0.008 0.008 0.050 
  18   (0.033) 0.045 0.006 0.006 0.009 
  19   (0.039) 0.010 0.007 0.007 0.158 
  20   (0.032) 0.009 0.005 0.005 0.045 
  21   (0.034) 0.009 0.006 0.006 0.046 

Locus 44 : locus44 
23 alleles
0.0% missing data
   1   (0.036) 0.009 0.011 0.223 0.009 
   2   (0.060) 0.163 0.013 0.090 0.016 
   3   (0.051) 0.014 0.009 0.092 0.050 
   4   (0.038) 0.010 0.010 0.113 0.010 
   5   (0.048) 0.013 0.008 0.036 0.124 
   6   (0.067) 0.054 0.013 0.148 0.054 
   7   (0.065) 0.054 0.016 0.061 0.054 
   8   (0.034) 0.009 0.009 0.057 0.009 
   9   (0.059) 0.053 0.010 0.038 0.052 
  10   (0.031) 0.008 0.005 0.033 0.008 
  11   (0.041) 0.011 0.226 0.010 0.011 
  12   (0.088) 0.170 0.117 0.023 0.134 
  13   (0.034) 0.009 0.057 0.010 0.009 
  14   (0.030) 0.008 0.033 0.005 0.008 
  15   (0.034) 0.009 0.171 0.007 0.009 
  16   (0.030) 0.008 0.033 0.005 0.008 
  17   (0.040) 0.011 0.142 0.010 0.010 
  18   (0.033) 0.009 0.087 0.008 0.009 
  19   (0.033) 0.155 0.006 0.006 0.009 
  20   (0.033) 0.119 0.005 0.006 0.009 
  21   (0.058) 0.089 0.010 0.010 0.236 
  22   (0.031) 0.008 0.005 0.005 0.119 
  23   (0.028) 0.007 0.005 0.005 0.044 

Locus 45 : locus45 
17 alleles
0.0% missing data
   1   (0.066) 0.091 0.015 0.090 0.017 
   2   (0.046) 0.012 0.011 0.226 0.012 
   3   (0.060) 0.053 0.012 0.119 0.016 
   4   (0.072) 0.092 0.023 0.196 0.019 
   5   (0.070) 0.166 0.015 0.091 0.018 
   6   (0.033) 0.009 0.005 0.033 0.009 
   7   (0.086) 0.096 0.014 0.098 0.096 
   8   (0.054) 0.088 0.009 0.037 0.014 
   9   (0.121) 0.142 0.155 0.024 0.291 
  10   (0.045) 0.012 0.170 0.011 0.012 
  11   (0.064) 0.017 0.285 0.015 0.052 
  12   (0.041) 0.011 0.113 0.012 0.011 
  13   (0.075) 0.020 0.145 0.019 0.167 
  14   (0.065) 0.127 0.011 0.011 0.128 
  15   (0.034) 0.046 0.006 0.006 0.009 
  16   (0.035) 0.009 0.006 0.006 0.083 
  17   (0.033) 0.009 0.005 0.006 0.046 

Locus 46 : locus46 
14 alleles
0.0% missing data
   1   (0.080) 0.021 0.019 0.374 0.095 
   2   (0.076) 0.020 0.014 0.209 0.131 
   3   (0.067) 0.018 0.014 0.122 0.091 
   4   (0.034) 0.009 0.006 0.034 0.009 
   5   (0.165) 0.117 0.307 0.133 0.228 
   6   (0.105) 0.175 0.139 0.033 0.064 
   7   (0.035) 0.009 0.033 0.006 0.009 
   8   (0.088) 0.135 0.041 0.015 0.134 
   9   (0.039) 0.010 0.056 0.012 0.010 
  10   (0.114) 0.177 0.208 0.022 0.104 
  11   (0.043) 0.011 0.111 0.013 0.011 
  12   (0.052) 0.051 0.036 0.009 0.014 
  13   (0.066) 0.163 0.011 0.011 0.091 
  14   (0.038) 0.083 0.006 0.007 0.010 

Locus 47 : locus47 
21 alleles
0.0% missing data
   1   (0.131) 0.291 0.119 0.257 0.108 
   2   (0.053) 0.051 0.010 0.175 0.014 
   3   (0.033) 0.009 0.007 0.115 0.009 
   4   (0.067) 0.128 0.039 0.039 0.018 
   5   (0.031) 0.008 0.005 0.033 0.008 
   6   (0.035) 0.009 0.014 0.081 0.009 
   7   (0.035) 0.009 0.008 0.087 0.009 
   8   (0.075) 0.203 0.085 0.051 0.020 
   9   (0.050) 0.050 0.013 0.059 0.013 
  10   (0.082) 0.058 0.093 0.018 0.243 
  11   (0.034) 0.009 0.086 0.008 0.009 
  12   (0.032) 0.009 0.061 0.006 0.008 
  13   (0.049) 0.013 0.118 0.010 0.048 
  14   (0.037) 0.010 0.168 0.011 0.010 
  15   (0.049) 0.013 0.114 0.014 0.050 
  16   (0.049) 0.013 0.034 0.008 0.162 
  17   (0.032) 0.082 0.005 0.005 0.008 
  18   (0.034) 0.009 0.006 0.006 0.082 
  19   (0.033) 0.009 0.005 0.006 0.082 
  20   (0.030) 0.008 0.005 0.005 0.044 
  21   (0.030) 0.008 0.005 0.005 0.045 

Locus 48 : locus48 
25 alleles
0.0% missing data
   1   (0.055) 0.015 0.112 0.212 0.015 
   2   (0.033) 0.009 0.010 0.111 0.009 
   3   (0.033) 0.009 0.009 0.057 0.009 
   4   (0.033) 0.009 0.007 0.115 0.009 
   5   (0.064) 0.053 0.119 0.069 0.017 
   6   (0.049) 0.013 0.171 0.041 0.013 
   7   (0.079) 0.057 0.139 0.137 0.021 
   8   (0.069) 0.128 0.066 0.067 0.018 
   9   (0.063) 0.054 0.096 0.092 0.017 
  10   (0.028) 0.007 0.033 0.005 0.007 
  11   (0.042) 0.049 0.034 0.007 0.011 
  12   (0.038) 0.010 0.107 0.017 0.010 
  13   (0.028) 0.008 0.033 0.005 0.007 
  14   (0.036) 0.339 0.006 0.006 0.010 
  15   (0.032) 0.118 0.005 0.005 0.008 
  16   (0.030) 0.045 0.005 0.005 0.008 
  17   (0.034) 0.009 0.006 0.006 0.119 
  18   (0.033) 0.009 0.006 0.006 0.120 
  19   (0.033) 0.009 0.006 0.006 0.083 
  20   (0.037) 0.010 0.006 0.006 0.120 
  21   (0.031) 0.008 0.005 0.005 0.156 
  22   (0.031) 0.008 0.005 0.005 0.045 
  23   (0.029) 0.008 0.005 0.005 0.045 
  24   (0.028) 0.007 0.005 0.005 0.044 
  25   (0.031) 0.008 0.005 0.005 0.082 

Locus 49 : locus49 
21 alleles
0.0% missing data
   1   (0.037) 0.010 0.008 0.115 0.010 
   2   (0.092) 0.171 0.175 0.077 0.024 
   3   (0.036) 0.010 0.007 0.171 0.010 
   4   (0.039) 0.011 0.010 0.141 0.010 
   5   (0.050) 0.050 0.013 0.059 0.013 
   6   (0.109) 0.029 0.240 0.239 0.102 
   7   (0.063) 0.164 0.014 0.089 0.016 
   8   (0.033) 0.009 0.061 0.006 0.009 
   9   (0.062) 0.126 0.091 0.014 0.016 
  10   (0.045) 0.012 0.036 0.008 0.049 
  11   (0.065) 0.201 0.123 0.011 0.017 
  12   (0.068) 0.018 0.171 0.019 0.128 
  13   (0.035) 0.082 0.006 0.006 0.009 
  14   (0.031) 0.045 0.005 0.005 0.008 
  15   (0.034) 0.009 0.006 0.006 0.120 
  16   (0.037) 0.010 0.006 0.006 0.120 
  17   (0.033) 0.009 0.005 0.006 0.119 
  18   (0.032) 0.009 0.005 0.005 0.045 
  19   (0.033) 0.009 0.006 0.006 0.082 
  20   (0.033) 0.009 0.006 0.006 0.046 
  21   (0.033) 0.009 0.005 0.006 0.045 

Locus 50 : locus50 
27 alleles
0.0% missing data
   1   (0.058) 0.016 0.014 0.257 0.089 
   2   (0.060) 0.016 0.018 0.169 0.090 
   3   (0.045) 0.012 0.007 0.035 0.086 
   4   (0.024) 0.006 0.004 0.088 0.006 
   5   (0.047) 0.013 0.008 0.036 0.197 
   6   (0.032) 0.008 0.007 0.115 0.008 
   7   (0.057) 0.015 0.019 0.083 0.052 
   8   (0.036) 0.010 0.008 0.088 0.010 
   9   (0.036) 0.010 0.196 0.010 0.009 
  10   (0.032) 0.008 0.061 0.005 0.008 
  11   (0.029) 0.008 0.057 0.008 0.008 
  12   (0.034) 0.009 0.167 0.010 0.009 
  13   (0.037) 0.010 0.172 0.006 0.010 
  14   (0.033) 0.009 0.057 0.009 0.009 
  15   (0.036) 0.010 0.111 0.011 0.010 
  16   (0.030) 0.008 0.033 0.005 0.008 
  17   (0.045) 0.085 0.007 0.008 0.086 
  18   (0.028) 0.081 0.005 0.005 0.007 
  19   (0.032) 0.118 0.005 0.006 0.009 
  20   (0.048) 0.307 0.008 0.008 0.049 
  21   (0.028) 0.044 0.005 0.005 0.007 
  22   (0.028) 0.044 0.005 0.005 0.007 
  23   (0.030) 0.044 0.005 0.005 0.008 
  24   (0.045) 0.085 0.007 0.008 0.048 
  25   (0.031) 0.008 0.005 0.005 0.082 
  26   (0.031) 0.008 0.005 0.005 0.045 
  27   (0.029) 0.008 0.005 0.005 0.045 

Locus 51 : locus51 
25 alleles
0.0% missing data
   1   (0.047) 0.012 0.010 0.289 0.012 
   2   (0.063) 0.017 0.338 0.065 0.017 
   3   (0.069) 0.018 0.204 0.095 0.018 
   4   (0.035) 0.009 0.009 0.059 0.009 
   5   (0.035) 0.009 0.009 0.059 0.009 
   6   (0.068) 0.018 0.116 0.129 0.018 
   7   (0.031) 0.008 0.005 0.034 0.008 
   8   (0.037) 0.010 0.008 0.089 0.010 
   9   (0.037) 0.010 0.006 0.035 0.010 
  10   (0.059) 0.016 0.211 0.055 0.016 
  11   (0.037) 0.193 0.006 0.006 0.010 
  12   (0.028) 0.044 0.005 0.005 0.007 
  13   (0.041) 0.121 0.007 0.007 0.011 
  14   (0.035) 0.082 0.006 0.006 0.009 
  15   (0.035) 0.192 0.006 0.006 0.009 
  16   (0.029) 0.044 0.005 0.005 0.008 
  17   (0.031) 0.045 0.005 0.005 0.008 
  18   (0.035) 0.082 0.006 0.006 0.009 
  19   (0.037) 0.010 0.006 0.006 0.157 
  20   (0.031) 0.008 0.005 0.005 0.045 
  21   (0.036) 0.010 0.006 0.006 0.120 
  22   (0.036) 0.010 0.006 0.006 0.083 
  23   (0.037) 0.010 0.006 0.006 0.157 
  24   (0.042) 0.011 0.007 0.007 0.195 
  25   (0.031) 0.008 0.005 0.005 0.045 

Locus 52 : locus52 
19 alleles
0.0% missing data
   1   (0.044) 0.012 0.013 0.169 0.012 
   2   (0.065) 0.017 0.016 0.229 0.054 
   3   (0.091) 0.097 0.015 0.099 0.172 
   4   (0.066) 0.054 0.011 0.067 0.054 
   5   (0.095) 0.098 0.020 0.096 0.210 
   6   (0.057) 0.015 0.012 0.091 0.052 
   7   (0.035) 0.009 0.009 0.058 0.009 
   8   (0.035) 0.009 0.009 0.058 0.009 
   9   (0.033) 0.009 0.005 0.034 0.009 
  10   (0.061) 0.053 0.172 0.015 0.016 
  11   (0.038) 0.010 0.086 0.009 0.010 
  12   (0.041) 0.011 0.115 0.009 0.011 
  13   (0.067) 0.128 0.118 0.015 0.018 
  14   (0.043) 0.012 0.333 0.012 0.011 
  15   (0.062) 0.273 0.038 0.011 0.016 
  16   (0.059) 0.162 0.010 0.010 0.052 
  17   (0.033) 0.009 0.005 0.006 0.045 
  18   (0.039) 0.010 0.006 0.007 0.121 
  19   (0.037) 0.010 0.006 0.006 0.120 

Locus 53 : locus53 
15 alleles
0.0% missing data
   1   (0.042) 0.011 0.010 0.148 0.011 
   2   (0.095) 0.172 0.015 0.045 0.172 
   3   (0.114) 0.067 0.110 0.208 0.067 
   4   (0.060) 0.052 0.011 0.152 0.016 
   5   (0.094) 0.098 0.091 0.136 0.025 
   6   (0.062) 0.017 0.179 0.060 0.016 
   7   (0.067) 0.091 0.014 0.094 0.018 
   8   (0.082) 0.022 0.039 0.043 0.244 
   9   (0.081) 0.095 0.013 0.043 0.131 
  10   (0.075) 0.056 0.060 0.020 0.056 
  11   (0.050) 0.013 0.354 0.014 0.013 
  12   (0.033) 0.009 0.032 0.006 0.009 
  13   (0.060) 0.016 0.058 0.016 0.089 
  14   (0.045) 0.269 0.007 0.008 0.012 
  15   (0.040) 0.011 0.006 0.007 0.121 

Locus 54 : locus54 
17 alleles
0.0% missing data
   1   (0.079) 0.021 0.016 0.259 0.131 
   2   (0.046) 0.012 0.010 0.199 0.012 
   3   (0.041) 0.011 0.008 0.144 0.011 
   4   (0.043) 0.011 0.010 0.087 0.011 
   5   (0.045) 0.012 0.017 0.163 0.012 
   6   (0.044) 0.012 0.169 0.013 0.012 
   7   (0.063) 0.090 0.095 0.011 0.017 
   8   (0.108) 0.102 0.149 0.026 0.176 
   9   (0.113) 0.104 0.372 0.029 0.103 
  10   (0.055) 0.051 0.065 0.009 0.014 
  11   (0.050) 0.014 0.036 0.009 0.050 
  12   (0.063) 0.090 0.010 0.011 0.127 
  13   (0.057) 0.126 0.010 0.010 0.052 
  14   (0.063) 0.200 0.010 0.011 0.053 
  15   (0.036) 0.083 0.006 0.006 0.010 
  16   (0.054) 0.051 0.009 0.009 0.088 
  17   (0.039) 0.010 0.006 0.007 0.121 

Locus 55 : locus55 
20 alleles
0.0% missing data
   1   (0.038) 0.010 0.008 0.116 0.010 
   2   (0.042) 0.011 0.009 0.228 0.011 
   3   (0.133) 0.182 0.034 0.261 0.256 
   4   (0.038) 0.010 0.010 0.058 0.010 
   5   (0.035) 0.009 0.006 0.062 0.009 
   6   (0.033) 0.009 0.005 0.033 0.009 
   7   (0.058) 0.089 0.015 0.060 0.015 
   8   (0.054) 0.014 0.013 0.061 0.051 
   9   (0.039) 0.011 0.145 0.007 0.010 
  10   (0.039) 0.010 0.058 0.010 0.010 
  11   (0.039) 0.010 0.169 0.010 0.010 
  12   (0.045) 0.012 0.253 0.011 0.012 
  13   (0.043) 0.011 0.112 0.012 0.011 
  14   (0.041) 0.011 0.081 0.015 0.011 
  15   (0.034) 0.009 0.033 0.006 0.009 
  16   (0.062) 0.163 0.010 0.010 0.090 
  17   (0.053) 0.087 0.009 0.009 0.051 
  18   (0.032) 0.045 0.005 0.005 0.008 
  19   (0.075) 0.166 0.012 0.013 0.204 
  20   (0.071) 0.129 0.012 0.012 0.203 

Locus 56 : locus56 
16 alleles
0.0% missing data
   1   (0.090) 0.024 0.179 0.048 0.060 
   2   (0.034) 0.009 0.006 0.033 0.009 
   3   (0.051) 0.014 0.014 0.276 0.013 
   4   (0.047) 0.012 0.012 0.140 0.012 
   5   (0.050) 0.013 0.012 0.250 0.013 
   6   (0.142) 0.038 0.380 0.116 0.222 
   7   (0.037) 0.010 0.006 0.033 0.010 
   8   (0.064) 0.054 0.177 0.015 0.017 
   9   (0.086) 0.060 0.119 0.023 0.060 
  10   (0.035) 0.009 0.034 0.006 0.009 
  11   (0.068) 0.128 0.011 0.011 0.091 
  12   (0.070) 0.128 0.012 0.012 0.129 
  13   (0.045) 0.195 0.008 0.008 0.012 
  14   (0.077) 0.167 0.013 0.013 0.168 
  15   (0.061) 0.126 0.010 0.010 0.053 
  16   (0.044) 0.012 0.007 0.007 0.122 

Locus 57 : locus57 
21 alleles
0.0% missing data
   1   (0.043) 0.012 0.011 0.141 0.011 
   2   (0.037) 0.010 0.009 0.087 0.010 
   3   (0.035) 0.009 0.006 0.061 0.009 
   4   (0.032) 0.008 0.005 0.033 0.008 
   5   (0.044) 0.012 0.012 0.196 0.012 
   6   (0.041) 0.011 0.012 0.167 0.011 
   7   (0.034) 0.009 0.006 0.033 0.009 
   8   (0.034) 0.009 0.009 0.057 0.009 
   9   (0.030) 0.008 0.005 0.060 0.008 
  10   (0.031) 0.008 0.005 0.033 0.008 
  11   (0.120) 0.288 0.263 0.028 0.142 
  12   (0.106) 0.285 0.073 0.018 0.286 
  13   (0.037) 0.010 0.116 0.008 0.010 
  14   (0.060) 0.053 0.144 0.015 0.016 
  15   (0.035) 0.009 0.058 0.010 0.009 
  16   (0.043) 0.012 0.170 0.012 0.011 
  17   (0.088) 0.133 0.042 0.015 0.208 
  18   (0.033) 0.009 0.033 0.005 0.009 
  19   (0.051) 0.087 0.009 0.009 0.050 
  20   (0.030) 0.008 0.005 0.005 0.045 
  21   (0.036) 0.010 0.006 0.006 0.120 

Locus 58 : locus58 
21 alleles
0.0% missing data
   1   (0.068) 0.054 0.021 0.142 0.018 
   2   (0.063) 0.017 0.012 0.150 0.053 
   3   (0.082) 0.058 0.013 0.070 0.132 
   4   (0.078) 0.021 0.015 0.151 0.205 
   5   (0.039) 0.010 0.008 0.146 0.010 
   6   (0.064) 0.017 0.017 0.117 0.053 
   7   (0.041) 0.011 0.015 0.083 0.011 
   8   (0.051) 0.014 0.008 0.037 0.087 
   9   (0.039) 0.011 0.114 0.009 0.010 
  10   (0.044) 0.012 0.306 0.010 0.012 
  11   (0.041) 0.011 0.115 0.009 0.011 
  12   (0.048) 0.013 0.220 0.015 0.013 
  13   (0.040) 0.011 0.086 0.009 0.010 
  14   (0.044) 0.305 0.007 0.008 0.012 
  15   (0.036) 0.083 0.006 0.006 0.010 
  16   (0.038) 0.120 0.006 0.006 0.010 
  17   (0.037) 0.083 0.006 0.006 0.010 
  18   (0.037) 0.120 0.006 0.006 0.010 
  19   (0.041) 0.011 0.007 0.007 0.121 
  20   (0.042) 0.011 0.007 0.007 0.158 
  21   (0.027) 0.007 0.004 0.005 0.044 

Locus 59 : locus59 
15 alleles
0.0% missing data
   1   (0.070) 0.202 0.012 0.039 0.018 
   2   (0.130) 0.181 0.027 0.238 0.108 
   3   (0.073) 0.056 0.019 0.199 0.019 
   4   (0.097) 0.172 0.023 0.314 0.025 
   5   (0.096) 0.136 0.021 0.094 0.062 
   6   (0.048) 0.013 0.172 0.012 0.013 
   7   (0.045) 0.012 0.145 0.009 0.012 
   8   (0.051) 0.014 0.198 0.014 0.013 
   9   (0.043) 0.012 0.091 0.007 0.011 
  10   (0.048) 0.013 0.143 0.012 0.013 
  11   (0.041) 0.011 0.058 0.011 0.011 
  12   (0.081) 0.022 0.063 0.020 0.206 
  13   (0.060) 0.089 0.010 0.010 0.053 
  14   (0.074) 0.056 0.012 0.013 0.351 
  15   (0.041) 0.011 0.007 0.007 0.085 

Locus 60 : locus60 
19 alleles
0.0% missing data
   1   (0.052) 0.014 0.015 0.304 0.014 
   2   (0.040) 0.011 0.007 0.034 0.010 
   3   (0.074) 0.020 0.115 0.158 0.019 
   4   (0.038) 0.010 0.006 0.034 0.010 
   5   (0.100) 0.173 0.067 0.104 0.026 
   6   (0.034) 0.009 0.006 0.033 0.009 
   7   (0.042) 0.011 0.009 0.115 0.011 
   8   (0.036) 0.009 0.006 0.061 0.009 
   9   (0.133) 0.512 0.144 0.068 0.035 
  10   (0.049) 0.013 0.259 0.011 0.013 
  11   (0.075) 0.130 0.122 0.016 0.020 
  12   (0.044) 0.012 0.083 0.016 0.012 
  13   (0.042) 0.011 0.120 0.007 0.011 
  14   (0.048) 0.013 0.008 0.008 0.344 
  15   (0.042) 0.011 0.007 0.007 0.122 
  16   (0.042) 0.011 0.007 0.007 0.158 
  17   (0.039) 0.010 0.007 0.006 0.084 
  18   (0.035) 0.009 0.006 0.006 0.046 
  19   (0.037) 0.010 0.006 0.006 0.047 

Locus 61 : locus61 
22 alleles
0.0% missing data
   1   (0.039) 0.011 0.007 0.091 0.010 
   2   (0.091) 0.208 0.063 0.105 0.024 
   3   (0.082) 0.168 0.041 0.098 0.022 
   4   (0.035) 0.009 0.009 0.058 0.009 
   5   (0.038) 0.010 0.011 0.113 0.010 
   6   (0.032) 0.008 0.005 0.061 0.008 
   7   (0.065) 0.091 0.018 0.115 0.017 
   8   (0.040) 0.011 0.011 0.114 0.011 
   9   (0.046) 0.049 0.008 0.036 0.012 
  10   (0.034) 0.009 0.010 0.113 0.009 
  11   (0.040) 0.011 0.116 0.009 0.011 
  12   (0.064) 0.163 0.066 0.011 0.017 
  13   (0.063) 0.090 0.113 0.018 0.017 
  14   (0.046) 0.012 0.475 0.011 0.012 
  15   (0.034) 0.082 0.006 0.006 0.009 
  16   (0.036) 0.010 0.006 0.006 0.083 
  17   (0.040) 0.011 0.007 0.007 0.195 
  18   (0.030) 0.008 0.005 0.005 0.045 
  19   (0.040) 0.011 0.007 0.007 0.195 
  20   (0.036) 0.010 0.006 0.006 0.120 
  21   (0.037) 0.010 0.006 0.006 0.120 
  22   (0.032) 0.008 0.005 0.005 0.045 

Locus 62 : locus62 
20 alleles
0.0% missing data
   1   (0.036) 0.010 0.006 0.034 0.009 
   2   (0.058) 0.199 0.010 0.038 0.015 
   3   (0.071) 0.129 0.015 0.121 0.019 
   4   (0.034) 0.009 0.006 0.034 0.009 
   5   (0.042) 0.011 0.010 0.256 0.011 
   6   (0.088) 0.243 0.022 0.203 0.023 
   7   (0.096) 0.062 0.025 0.118 0.136 
   8   (0.040) 0.011 0.009 0.088 0.010 
   9   (0.045) 0.012 0.279 0.012 0.012 
  10   (0.037) 0.010 0.089 0.006 0.010 
  11   (0.037) 0.010 0.061 0.006 0.010 
  12   (0.040) 0.011 0.081 0.015 0.011 
  13   (0.053) 0.051 0.064 0.009 0.014 
  14   (0.049) 0.013 0.251 0.014 0.013 
  15   (0.036) 0.010 0.033 0.006 0.010 
  16   (0.036) 0.046 0.006 0.006 0.009 
  17   (0.071) 0.092 0.012 0.012 0.277 
  18   (0.053) 0.051 0.009 0.009 0.088 
  19   (0.042) 0.011 0.007 0.007 0.232 
  20   (0.036) 0.010 0.006 0.006 0.083 

Locus 63 : locus63 
23 alleles
0.0% missing data
   1   (0.042) 0.011 0.011 0.223 0.011 
   2   (0.038) 0.010 0.008 0.114 0.010 
   3   (0.038) 0.010 0.015 0.080 0.010 
   4   (0.031) 0.008 0.005 0.060 0.008 
   5   (0.038) 0.010 0.008 0.142 0.010 
   6   (0.038) 0.010 0.008 0.114 0.010 
   7   (0.034) 0.009 0.009 0.057 0.009 
   8   (0.036) 0.009 0.010 0.056 0.009 
   9   (0.056) 0.052 0.116 0.015 0.015 
  10   (0.032) 0.009 0.062 0.005 0.008 
  11   (0.059) 0.089 0.206 0.011 0.016 
  12   (0.039) 0.011 0.058 0.011 0.010 
  13   (0.059) 0.090 0.060 0.015 0.015 
  14   (0.052) 0.050 0.150 0.009 0.014 
  15   (0.070) 0.128 0.166 0.026 0.018 
  16   (0.059) 0.126 0.061 0.015 0.016 
  17   (0.061) 0.163 0.010 0.010 0.127 
  18   (0.051) 0.124 0.009 0.009 0.050 
  19   (0.030) 0.045 0.005 0.005 0.008 
  20   (0.039) 0.010 0.006 0.006 0.194 
  21   (0.034) 0.009 0.006 0.006 0.193 
  22   (0.036) 0.010 0.006 0.006 0.194 
  23   (0.028) 0.007 0.005 0.005 0.044 

Locus 64 : locus64 
26 alleles
0.0% missing data
   1   (0.053) 0.051 0.009 0.065 0.014 
   2   (0.060) 0.052 0.012 0.259 0.016 
   3   (0.061) 0.199 0.016 0.060 0.016 
   4   (0.040) 0.011 0.010 0.142 0.011 
   5   (0.039) 0.011 0.011 0.197 0.010 
   6   (0.055) 0.088 0.014 0.060 0.015 
   7   (0.033) 0.009 0.009 0.058 0.009 
   8   (0.032) 0.009 0.005 0.033 0.008 
   9   (0.040) 0.011 0.282 0.009 0.011 
  10   (0.031) 0.008 0.061 0.005 0.008 
  11   (0.036) 0.010 0.087 0.008 0.010 
  12   (0.036) 0.010 0.167 0.012 0.010 
  13   (0.030) 0.008 0.032 0.005 0.008 
  14   (0.040) 0.011 0.105 0.018 0.010 
  15   (0.028) 0.007 0.032 0.005 0.007 
  16   (0.033) 0.009 0.061 0.006 0.009 
  17   (0.030) 0.008 0.033 0.005 0.008 
  18   (0.038) 0.193 0.006 0.006 0.010 
  19   (0.036) 0.156 0.006 0.006 0.009 
  20   (0.035) 0.082 0.006 0.006 0.009 
  21   (0.034) 0.009 0.006 0.006 0.230 
  22   (0.035) 0.009 0.006 0.006 0.083 
  23   (0.040) 0.011 0.007 0.007 0.232 
  24   (0.037) 0.010 0.006 0.006 0.083 
  25   (0.032) 0.009 0.005 0.006 0.082 
  26   (0.035) 0.009 0.006 0.006 0.083 

Locus 65 : locus65 
20 alleles
0.0% missing data
   1   (0.098) 0.062 0.146 0.164 0.062 
   2   (0.092) 0.025 0.213 0.101 0.098 
   3   (0.059) 0.016 0.131 0.111 0.016 
   4   (0.046) 0.012 0.017 0.288 0.012 
   5   (0.031) 0.008 0.005 0.031 0.008 
   6   (0.031) 0.008 0.005 0.031 0.008 
   7   (0.038) 0.010 0.011 0.134 0.010 
   8   (0.070) 0.093 0.090 0.046 0.019 
   9   (0.058) 0.016 0.098 0.009 0.126 
  10   (0.066) 0.091 0.041 0.011 0.054 
  11   (0.054) 0.088 0.064 0.013 0.014 
  12   (0.035) 0.009 0.123 0.007 0.009 
  13   (0.066) 0.274 0.012 0.011 0.128 
  14   (0.047) 0.086 0.008 0.008 0.049 
  15   (0.047) 0.049 0.008 0.008 0.049 
  16   (0.030) 0.044 0.005 0.005 0.008 
  17   (0.032) 0.082 0.006 0.005 0.009 
  18   (0.034) 0.009 0.006 0.005 0.156 
  19   (0.035) 0.009 0.006 0.006 0.120 
  20   (0.030) 0.008 0.005 0.005 0.045 

Locus 66 : locus66 
24 alleles
0.0% missing data
   1   (0.041) 0.011 0.009 0.281 0.011 
   2   (0.042) 0.011 0.011 0.197 0.011 
   3   (0.038) 0.010 0.007 0.172 0.010 
   4   (0.030) 0.008 0.009 0.057 0.008 
   5   (0.037) 0.010 0.010 0.057 0.010 
   6   (0.049) 0.013 0.082 0.045 0.013 
   7   (0.027) 0.007 0.005 0.032 0.007 
   8   (0.036) 0.010 0.116 0.008 0.009 
   9   (0.066) 0.018 0.083 0.022 0.201 
  10   (0.050) 0.014 0.059 0.013 0.050 
  11   (0.051) 0.014 0.064 0.009 0.087 
  12   (0.052) 0.014 0.064 0.009 0.087 
  13   (0.059) 0.016 0.194 0.020 0.089 
  14   (0.033) 0.009 0.061 0.006 0.009 
  15   (0.036) 0.009 0.087 0.008 0.009 
  16   (0.054) 0.015 0.035 0.009 0.163 
  17   (0.036) 0.010 0.058 0.010 0.009 
  18   (0.036) 0.119 0.006 0.006 0.009 
  19   (0.038) 0.266 0.006 0.006 0.010 
  20   (0.029) 0.044 0.005 0.005 0.008 
  21   (0.033) 0.082 0.005 0.006 0.009 
  22   (0.060) 0.089 0.010 0.010 0.163 
  23   (0.029) 0.081 0.005 0.005 0.008 
  24   (0.036) 0.119 0.006 0.006 0.009 

Locus 67 : locus67 
17 alleles
0.0% missing data
   1   (0.039) 0.010 0.009 0.196 0.010 
   2   (0.094) 0.098 0.025 0.198 0.098 
   3   (0.070) 0.129 0.012 0.039 0.055 
   4   (0.082) 0.168 0.014 0.041 0.132 
   5   (0.041) 0.011 0.013 0.165 0.011 
   6   (0.065) 0.017 0.015 0.089 0.165 
   7   (0.055) 0.015 0.011 0.117 0.051 
   8   (0.031) 0.008 0.005 0.033 0.008 
   9   (0.072) 0.055 0.093 0.016 0.056 
  10   (0.065) 0.017 0.233 0.014 0.091 
  11   (0.071) 0.019 0.116 0.020 0.203 
  12   (0.070) 0.092 0.068 0.012 0.055 
  13   (0.051) 0.087 0.036 0.009 0.013 
  14   (0.037) 0.010 0.083 0.014 0.010 
  15   (0.069) 0.165 0.179 0.013 0.018 
  16   (0.056) 0.051 0.084 0.019 0.015 
  17   (0.031) 0.045 0.005 0.005 0.008 

Locus 68 : locus68 
27 alleles
0.0% missing data
   1   (0.029) 0.008 0.005 0.033 0.008 
   2   (0.035) 0.009 0.016 0.105 0.009 
   3   (0.035) 0.009 0.006 0.089 0.009 
   4   (0.059) 0.016 0.010 0.037 0.200 
   5   (0.048) 0.013 0.013 0.252 0.013 
   6   (0.038) 0.010 0.008 0.171 0.010 
   7   (0.039) 0.010 0.010 0.141 0.010 
   8   (0.030) 0.008 0.005 0.033 0.008 
   9   (0.038) 0.010 0.226 0.010 0.010 
  10   (0.036) 0.010 0.144 0.007 0.009 
  11   (0.036) 0.010 0.090 0.006 0.010 
  12   (0.036) 0.010 0.057 0.011 0.009 
  13   (0.043) 0.011 0.172 0.010 0.011 
  14   (0.040) 0.011 0.088 0.009 0.010 
  15   (0.041) 0.011 0.082 0.015 0.011 
  16   (0.035) 0.156 0.006 0.006 0.009 
  17   (0.036) 0.193 0.006 0.006 0.009 
  18   (0.038) 0.157 0.006 0.006 0.010 
  19   (0.034) 0.046 0.006 0.006 0.009 
  20   (0.033) 0.119 0.005 0.006 0.009 
  21   (0.034) 0.046 0.006 0.006 0.009 
  22   (0.039) 0.083 0.006 0.007 0.010 
  23   (0.029) 0.008 0.005 0.005 0.044 
  24   (0.036) 0.010 0.006 0.006 0.378 
  25   (0.038) 0.010 0.006 0.006 0.084 
  26   (0.035) 0.009 0.006 0.006 0.046 
  27   (0.031) 0.008 0.005 0.005 0.045 

Locus 69 : locus69 
24 alleles
0.0% missing data
   1   (0.031) 0.008 0.007 0.114 0.008 
   2   (0.031) 0.008 0.005 0.060 0.008 
   3   (0.030) 0.008 0.009 0.057 0.008 
   4   (0.033) 0.009 0.010 0.111 0.009 
   5   (0.038) 0.010 0.011 0.249 0.010 
   6   (0.030) 0.008 0.007 0.085 0.008 
   7   (0.028) 0.008 0.005 0.032 0.007 
   8   (0.026) 0.007 0.004 0.059 0.007 
   9   (0.030) 0.008 0.008 0.057 0.008 
  10   (0.027) 0.007 0.005 0.032 0.007 
  11   (0.051) 0.014 0.119 0.011 0.087 
  12   (0.060) 0.053 0.038 0.010 0.053 
  13   (0.079) 0.204 0.125 0.013 0.094 
  14   (0.033) 0.009 0.114 0.009 0.009 
  15   (0.077) 0.204 0.041 0.013 0.242 
  16   (0.065) 0.054 0.230 0.016 0.054 
  17   (0.034) 0.009 0.082 0.013 0.009 
  18   (0.046) 0.012 0.059 0.012 0.049 
  19   (0.053) 0.014 0.090 0.012 0.088 
  20   (0.049) 0.086 0.008 0.008 0.087 
  21   (0.044) 0.048 0.007 0.007 0.049 
  22   (0.028) 0.081 0.005 0.005 0.007 
  23   (0.050) 0.123 0.008 0.008 0.050 
  24   (0.024) 0.007 0.004 0.004 0.043 

Locus 70 : locus70 
21 alleles
0.0% missing data
   1   (0.084) 0.059 0.059 0.193 0.022 
   2   (0.062) 0.053 0.015 0.147 0.016 
   3   (0.045) 0.012 0.035 0.036 0.012 
   4   (0.051) 0.050 0.008 0.066 0.013 
   5   (0.080) 0.315 0.015 0.181 0.021 
   6   (0.067) 0.091 0.017 0.147 0.018 
   7   (0.060) 0.237 0.010 0.039 0.016 
   8   (0.055) 0.051 0.018 0.084 0.015 
   9   (0.042) 0.011 0.167 0.010 0.011 
  10   (0.040) 0.011 0.085 0.010 0.010 
  11   (0.033) 0.009 0.056 0.010 0.009 
  12   (0.046) 0.012 0.191 0.016 0.012 
  13   (0.040) 0.011 0.170 0.008 0.010 
  14   (0.032) 0.009 0.032 0.006 0.009 
  15   (0.038) 0.010 0.086 0.009 0.010 
  16   (0.038) 0.010 0.006 0.007 0.231 
  17   (0.043) 0.012 0.007 0.008 0.196 
  18   (0.034) 0.009 0.005 0.006 0.083 
  19   (0.036) 0.010 0.006 0.006 0.083 
  20   (0.034) 0.009 0.005 0.006 0.082 
  21   (0.038) 0.010 0.006 0.007 0.120 

Locus 71 : locus71 
27 alleles
0.0% missing data
   1   (0.030) 0.008 0.005 0.060 0.008 
   2   (0.031) 0.008 0.007 0.114 0.008 
   3   (0.037) 0.010 0.013 0.137 0.010 
   4   (0.036) 0.010 0.011 0.111 0.009 
   5   (0.030) 0.008 0.005 0.060 0.008 
   6   (0.031) 0.008 0.007 0.086 0.008 
   7   (0.032) 0.009 0.005 0.088 0.008 
   8   (0.047) 0.086 0.013 0.058 0.012 
   9   (0.028) 0.008 0.008 0.057 0.007 
  10   (0.024) 0.006 0.004 0.032 0.006 
  11   (0.028) 0.008 0.007 0.057 0.007 
  12   (0.034) 0.009 0.169 0.010 0.009 
  13   (0.034) 0.009 0.142 0.009 0.009 
  14   (0.072) 0.166 0.068 0.012 0.092 
  15   (0.067) 0.091 0.061 0.017 0.054 
  16   (0.058) 0.016 0.083 0.020 0.199 
  17   (0.036) 0.010 0.090 0.006 0.010 
  18   (0.033) 0.009 0.057 0.009 0.009 
  19   (0.045) 0.048 0.092 0.008 0.012 
  20   (0.030) 0.008 0.057 0.009 0.008 
  21   (0.041) 0.011 0.035 0.007 0.048 
  22   (0.029) 0.008 0.033 0.005 0.008 
  23   (0.032) 0.301 0.005 0.005 0.008 
  24   (0.047) 0.086 0.008 0.008 0.086 
  25   (0.024) 0.043 0.004 0.004 0.006 
  26   (0.033) 0.009 0.006 0.006 0.304 
  27   (0.032) 0.009 0.005 0.005 0.045 

Locus 72 : locus72 
19 alleles
0.0% missing data
   1   (0.067) 0.091 0.013 0.177 0.018 
   2   (0.056) 0.015 0.064 0.065 0.015 
   3   (0.075) 0.240 0.021 0.115 0.020 
   4   (0.039) 0.011 0.008 0.144 0.010 
   5   (0.053) 0.051 0.012 0.089 0.014 
   6   (0.040) 0.011 0.011 0.113 0.010 
   7   (0.056) 0.052 0.015 0.114 0.015 
   8   (0.054) 0.125 0.009 0.037 0.014 
   9   (0.034) 0.009 0.006 0.033 0.009 
  10   (0.093) 0.171 0.177 0.021 0.060 
  11   (0.070) 0.019 0.231 0.015 0.129 
  12   (0.064) 0.017 0.228 0.016 0.053 
  13   (0.062) 0.017 0.059 0.017 0.127 
  14   (0.031) 0.008 0.033 0.005 0.008 
  15   (0.061) 0.016 0.090 0.014 0.127 
  16   (0.036) 0.083 0.006 0.006 0.010 
  17   (0.033) 0.046 0.005 0.006 0.009 
  18   (0.037) 0.010 0.006 0.006 0.120 
  19   (0.040) 0.011 0.007 0.007 0.232 

Locus 73 : locus73 
23 alleles
0.0% missing data
   1   (0.041) 0.011 0.008 0.198 0.011 
   2   (0.040) 0.011 0.010 0.169 0.011 
   3   (0.030) 0.008 0.005 0.032 0.008 
   4   (0.041) 0.011 0.012 0.249 0.011 
   5   (0.035) 0.010 0.008 0.086 0.009 
   6   (0.034) 0.009 0.009 0.057 0.009 
   7   (0.034) 0.009 0.009 0.057 0.009 
   8   (0.043) 0.012 0.198 0.014 0.011 
   9   (0.070) 0.019 0.121 0.014 0.239 
  10   (0.067) 0.018 0.178 0.013 0.128 
  11   (0.034) 0.009 0.062 0.006 0.009 
  12   (0.039) 0.011 0.114 0.011 0.010 
  13   (0.071) 0.092 0.040 0.012 0.093 
  14   (0.031) 0.008 0.033 0.005 0.008 
  15   (0.056) 0.015 0.083 0.020 0.051 
  16   (0.031) 0.008 0.033 0.005 0.008 
  17   (0.051) 0.014 0.035 0.009 0.125 
  18   (0.039) 0.230 0.007 0.006 0.010 
  19   (0.061) 0.163 0.010 0.010 0.089 
  20   (0.030) 0.044 0.005 0.005 0.008 
  21   (0.054) 0.087 0.009 0.009 0.088 
  22   (0.039) 0.194 0.007 0.007 0.010 
  23   (0.031) 0.008 0.005 0.005 0.045 

Locus 74 : locus74 
28 alleles
0.0% missing data
   1   (0.053) 0.014 0.012 0.090 0.051 
   2   (0.028) 0.007 0.005 0.033 0.007 
   3   (0.043) 0.012 0.010 0.285 0.011 
   4   (0.034) 0.009 0.006 0.062 0.009 
   5   (0.052) 0.014 0.010 0.119 0.050 
   6   (0.052) 0.014 0.009 0.037 0.161 
   7   (0.029) 0.008 0.005 0.033 0.007 
   8   (0.032) 0.009 0.009 0.058 0.009 
   9   (0.042) 0.011 0.019 0.106 0.011 
  10   (0.037) 0.010 0.010 0.059 0.010 
  11   (0.040) 0.011 0.226 0.008 0.011 
  12   (0.045) 0.012 0.388 0.013 0.012 
  13   (0.040) 0.011 0.081 0.015 0.010 
  14   (0.030) 0.008 0.032 0.005 0.008 
  15   (0.056) 0.015 0.117 0.012 0.200 
  16   (0.029) 0.081 0.005 0.005 0.008 
  17   (0.036) 0.156 0.006 0.006 0.009 
  18   (0.027) 0.044 0.004 0.005 0.007 
  19   (0.031) 0.045 0.005 0.005 0.008 
  20   (0.028) 0.044 0.005 0.005 0.007 
  21   (0.026) 0.044 0.004 0.004 0.007 
  22   (0.030) 0.081 0.005 0.005 0.008 
  23   (0.032) 0.155 0.005 0.006 0.009 
  24   (0.033) 0.119 0.005 0.006 0.009 
  25   (0.027) 0.044 0.004 0.005 0.007 
  26   (0.029) 0.008 0.005 0.005 0.081 
  27   (0.034) 0.009 0.006 0.006 0.230 
  28   (0.027) 0.007 0.005 0.005 0.044 

Locus 75 : locus75 
17 alleles
0.0% missing data
   1   (0.062) 0.017 0.018 0.250 0.053 
   2   (0.035) 0.009 0.006 0.061 0.009 
   3   (0.036) 0.010 0.006 0.115 0.009 
   4   (0.045) 0.012 0.014 0.220 0.012 
   5   (0.065) 0.127 0.016 0.142 0.017 
   6   (0.084) 0.059 0.042 0.041 0.096 
   7   (0.101) 0.247 0.073 0.044 0.063 
   8   (0.082) 0.058 0.149 0.020 0.095 
   9   (0.108) 0.138 0.236 0.025 0.176 
  10   (0.086) 0.096 0.123 0.018 0.096 
  11   (0.031) 0.009 0.033 0.005 0.008 
  12   (0.031) 0.008 0.033 0.005 0.008 
  13   (0.037) 0.010 0.089 0.008 0.010 
  14   (0.033) 0.009 0.034 0.006 0.009 
  15   (0.043) 0.011 0.107 0.019 0.011 
  16   (0.064) 0.127 0.011 0.011 0.164 
  17   (0.057) 0.052 0.010 0.010 0.163 

Locus 76 : locus76 
17 alleles
0.0% missing data
   1   (0.110) 0.029 0.034 0.363 0.361 
   2   (0.083) 0.059 0.014 0.069 0.133 
   3   (0.069) 0.239 0.011 0.067 0.018 
   4   (0.075) 0.020 0.015 0.149 0.167 
   5   (0.068) 0.018 0.013 0.148 0.091 
   6   (0.081) 0.095 0.019 0.063 0.058 
   7   (0.054) 0.088 0.009 0.037 0.014 
   8   (0.079) 0.131 0.200 0.021 0.021 
   9   (0.076) 0.093 0.257 0.018 0.020 
  10   (0.037) 0.010 0.117 0.006 0.010 
  11   (0.036) 0.010 0.062 0.006 0.009 
  12   (0.063) 0.053 0.139 0.020 0.017 
  13   (0.040) 0.011 0.087 0.010 0.011 
  14   (0.033) 0.045 0.005 0.006 0.009 
  15   (0.032) 0.045 0.005 0.005 0.008 
  16   (0.033) 0.045 0.005 0.006 0.009 
  17   (0.033) 0.009 0.006 0.006 0.045 

Locus 77 : locus77 
23 alleles
0.0% missing data
   1   (0.045) 0.012 0.010 0.309 0.012 
   2   (0.044) 0.012 0.009 0.117 0.011 
   3   (0.067) 0.054 0.022 0.194 0.018 
   4   (0.046) 0.012 0.010 0.227 0.012 
   5   (0.045) 0.012 0.282 0.012 0.012 
   6   (0.044) 0.012 0.088 0.010 0.012 
   7   (0.071) 0.019 0.255 0.020 0.054 
   8   (0.034) 0.009 0.061 0.006 0.009 
   9   (0.037) 0.010 0.034 0.006 0.010 
  10   (0.068) 0.018 0.091 0.015 0.129 
  11   (0.035) 0.009 0.034 0.006 0.009 
  12   (0.036) 0.010 0.033 0.006 0.010 
  13   (0.037) 0.083 0.006 0.006 0.010 
  14   (0.043) 0.268 0.007 0.007 0.011 
  15   (0.039) 0.157 0.006 0.007 0.010 
  16   (0.040) 0.121 0.007 0.007 0.010 
  17   (0.037) 0.083 0.006 0.006 0.010 
  18   (0.037) 0.046 0.006 0.006 0.010 
  19   (0.038) 0.010 0.006 0.007 0.084 
  20   (0.040) 0.011 0.007 0.007 0.121 
  21   (0.038) 0.010 0.006 0.006 0.084 
  22   (0.043) 0.011 0.007 0.007 0.233 
  23   (0.038) 0.010 0.006 0.006 0.120 

Locus 78 : locus78 
19 alleles
0.0% missing data
   1   (0.052) 0.014 0.014 0.493 0.014 
   2   (0.062) 0.053 0.014 0.088 0.016 
   3   (0.093) 0.061 0.094 0.158 0.025 
   4   (0.072) 0.312 0.012 0.039 0.019 
   5   (0.060) 0.052 0.014 0.088 0.016 
   6   (0.041) 0.011 0.119 0.009 0.011 
   7   (0.043) 0.011 0.121 0.007 0.011 
   8   (0.072) 0.093 0.093 0.016 0.019 
   9   (0.045) 0.012 0.146 0.011 0.012 
  10   (0.049) 0.013 0.167 0.018 0.013 
  11   (0.064) 0.090 0.067 0.011 0.017 
  12   (0.042) 0.011 0.059 0.011 0.011 
  13   (0.060) 0.090 0.038 0.010 0.016 
  14   (0.039) 0.084 0.007 0.006 0.010 
  15   (0.036) 0.046 0.006 0.006 0.009 
  16   (0.047) 0.013 0.008 0.008 0.418 
  17   (0.042) 0.011 0.007 0.007 0.122 
  18   (0.037) 0.010 0.006 0.006 0.046 
  19   (0.044) 0.012 0.007 0.007 0.196 

Locus 79 : locus79 
17 alleles
0.0% missing data
   1   (0.103) 0.101 0.203 0.132 0.027 
   2   (0.071) 0.129 0.016 0.153 0.019 
   3   (0.066) 0.348 0.010 0.040 0.017 
   4   (0.059) 0.016 0.009 0.039 0.163 
   5   (0.063) 0.017 0.016 0.120 0.053 
   6   (0.033) 0.009 0.005 0.035 0.009 
   7   (0.093) 0.061 0.163 0.145 0.024 
   8   (0.036) 0.010 0.006 0.035 0.009 
   9   (0.047) 0.013 0.008 0.037 0.049 
  10   (0.046) 0.012 0.007 0.037 0.049 
  11   (0.035) 0.009 0.006 0.035 0.009 
  12   (0.068) 0.018 0.014 0.096 0.128 
  13   (0.066) 0.018 0.010 0.041 0.312 
  14   (0.075) 0.093 0.242 0.023 0.020 
  15   (0.071) 0.092 0.273 0.017 0.019 
  16   (0.033) 0.045 0.005 0.006 0.009 
  17   (0.035) 0.009 0.006 0.006 0.083 

Locus 80 : locus80 
30 alleles
0.0% missing data
   1   (0.034) 0.009 0.006 0.089 0.009 
   2   (0.044) 0.012 0.014 0.361 0.012 
   3   (0.029) 0.008 0.005 0.060 0.008 
   4   (0.036) 0.009 0.007 0.115 0.009 
   5   (0.029) 0.008 0.005 0.033 0.008 
   6   (0.031) 0.008 0.009 0.057 0.008 
   7   (0.028) 0.008 0.005 0.033 0.007 
   8   (0.035) 0.009 0.010 0.057 0.009 
   9   (0.028) 0.007 0.005 0.032 0.007 
  10   (0.029) 0.008 0.005 0.033 0.008 
  11   (0.038) 0.010 0.227 0.008 0.010 
  12   (0.036) 0.010 0.144 0.007 0.010 
  13   (0.036) 0.010 0.252 0.010 0.009 
  14   (0.032) 0.009 0.112 0.010 0.008 
  15   (0.035) 0.009 0.057 0.010 0.009 
  16   (0.033) 0.009 0.033 0.006 0.009 
  17   (0.027) 0.007 0.032 0.005 0.007 
  18   (0.054) 0.198 0.009 0.009 0.051 
  19   (0.031) 0.118 0.005 0.005 0.008 
  20   (0.037) 0.193 0.006 0.006 0.010 
  21   (0.031) 0.082 0.005 0.005 0.008 
  22   (0.034) 0.156 0.006 0.006 0.009 
  23   (0.034) 0.046 0.006 0.006 0.009 
  24   (0.032) 0.008 0.005 0.005 0.082 
  25   (0.031) 0.008 0.005 0.005 0.082 
  26   (0.031) 0.008 0.005 0.005 0.119 
  27   (0.032) 0.008 0.005 0.005 0.156 
  28   (0.035) 0.009 0.006 0.006 0.194 
  29   (0.028) 0.008 0.005 0.005 0.044 
  30   (0.031) 0.008 0.005 0.005 0.082 

Locus 81 : locus81 
24 alleles
0.0% missing data
   1   (0.036) 0.010 0.017 0.105 0.009 
   2   (0.030) 0.008 0.005 0.033 0.008 
   3   (0.033) 0.009 0.008 0.141 0.009 
   4   (0.034) 0.009 0.010 0.112 0.009 
   5   (0.034) 0.009 0.006 0.116 0.009 
   6   (0.064) 0.200 0.015 0.171 0.017 
   7   (0.028) 0.008 0.005 0.032 0.007 
   8   (0.032) 0.009 0.008 0.086 0.008 
   9   (0.027) 0.007 0.005 0.032 0.007 
  10   (0.028) 0.007 0.005 0.032 0.007 
  11   (0.062) 0.017 0.144 0.016 0.201 
  12   (0.047) 0.013 0.064 0.008 0.049 
  13   (0.056) 0.015 0.083 0.019 0.088 
  14   (0.048) 0.013 0.089 0.011 0.050 
  15   (0.043) 0.012 0.035 0.007 0.049 
  16   (0.045) 0.012 0.144 0.011 0.049 
  17   (0.045) 0.012 0.120 0.008 0.048 
  18   (0.052) 0.050 0.140 0.017 0.014 
  19   (0.047) 0.013 0.064 0.008 0.049 
  20   (0.051) 0.271 0.009 0.009 0.049 
  21   (0.028) 0.044 0.005 0.005 0.007 
  22   (0.032) 0.118 0.005 0.005 0.008 
  23   (0.046) 0.086 0.008 0.008 0.049 
  24   (0.049) 0.049 0.008 0.008 0.198 

Locus 82 : locus82 
23 alleles
0.0% missing data
   1   (0.037) 0.010 0.006 0.061 0.010 
   2   (0.034) 0.009 0.010 0.056 0.009 
   3   (0.045) 0.012 0.012 0.413 0.012 
   4   (0.033) 0.009 0.008 0.085 0.009 
   5   (0.038) 0.010 0.008 0.114 0.010 
   6   (0.032) 0.009 0.005 0.033 0.008 
   7   (0.037) 0.010 0.009 0.085 0.010 
   8   (0.061) 0.016 0.317 0.015 0.051 
   9   (0.066) 0.128 0.117 0.017 0.017 
  10   (0.083) 0.243 0.062 0.021 0.059 
  11   (0.032) 0.009 0.033 0.005 0.008 
  12   (0.038) 0.010 0.117 0.008 0.010 
  13   (0.033) 0.009 0.090 0.005 0.009 
  14   (0.079) 0.094 0.117 0.022 0.058 
  15   (0.029) 0.008 0.033 0.005 0.008 
  16   (0.029) 0.044 0.005 0.005 0.008 
  17   (0.055) 0.051 0.009 0.009 0.126 
  18   (0.058) 0.162 0.010 0.010 0.089 
  19   (0.032) 0.082 0.005 0.005 0.009 
  20   (0.056) 0.051 0.009 0.009 0.236 
  21   (0.033) 0.009 0.006 0.006 0.156 
  22   (0.029) 0.008 0.005 0.005 0.045 
  23   (0.030) 0.008 0.005 0.005 0.045 

Locus 83 : locus83 
21 alleles
0.0% missing data
   1   (0.038) 0.010 0.007 0.114 0.010 
   2   (0.044) 0.012 0.012 0.192 0.011 
   3   (0.079) 0.021 0.271 0.173 0.021 
   4   (0.041) 0.011 0.009 0.113 0.011 
   5   (0.044) 0.012 0.014 0.163 0.012 
   6   (0.037) 0.010 0.011 0.056 0.010 
   7   (0.041) 0.011 0.012 0.056 0.011 
   8   (0.034) 0.009 0.034 0.006 0.009 
   9   (0.065) 0.017 0.097 0.011 0.201 
  10   (0.070) 0.019 0.094 0.016 0.166 
  11   (0.060) 0.016 0.067 0.010 0.090 
  12   (0.071) 0.019 0.086 0.023 0.129 
  13   (0.060) 0.016 0.205 0.015 0.052 
  14   (0.048) 0.013 0.036 0.008 0.050 
  15   (0.043) 0.268 0.007 0.007 0.011 
  16   (0.040) 0.157 0.007 0.007 0.011 
  17   (0.037) 0.083 0.006 0.006 0.010 
  18   (0.036) 0.083 0.006 0.006 0.009 
  19   (0.033) 0.082 0.006 0.005 0.009 
  20   (0.038) 0.120 0.006 0.006 0.010 
  21   (0.039) 0.010 0.007 0.007 0.158 

Locus 84 : locus84 
24 alleles
0.0% missing data
   1   (0.047) 0.012 0.014 0.329 0.012 
   2   (0.036) 0.010 0.006 0.088 0.009 
   3   (0.041) 0.011 0.010 0.168 0.011 
   4   (0.038) 0.010 0.008 0.169 0.010 
   5   (0.039) 0.011 0.009 0.086 0.010 
   6   (0.061) 0.053 0.229 0.017 0.016 
   7   (0.041) 0.011 0.140 0.015 0.011 
   8   (0.037) 0.010 0.091 0.006 0.010 
   9   (0.064) 0.017 0.061 0.016 0.201 
  10   (0.030) 0.008 0.033 0.005 0.008 
  11   (0.049) 0.013 0.065 0.008 0.049 
  12   (0.039) 0.010 0.089 0.009 0.010 
  13   (0.056) 0.051 0.090 0.013 0.015 
  14   (0.066) 0.018 0.068 0.011 0.386 
  15   (0.046) 0.049 0.036 0.008 0.012 
  16   (0.037) 0.156 0.006 0.006 0.010 
  17   (0.039) 0.194 0.007 0.007 0.010 
  18   (0.034) 0.045 0.006 0.006 0.009 
  19   (0.030) 0.044 0.005 0.005 0.008 
  20   (0.033) 0.082 0.006 0.006 0.009 
  21   (0.035) 0.083 0.006 0.006 0.009 
  22   (0.034) 0.082 0.006 0.006 0.009 
  23   (0.037) 0.010 0.006 0.006 0.120 
  24   (0.029) 0.008 0.005 0.005 0.044 

Locus 85 : locus85 
23 alleles
0.0% missing data
   1   (0.051) 0.014 0.011 0.091 0.050 
   2   (0.064) 0.017 0.018 0.173 0.128 
   3   (0.036) 0.010 0.008 0.089 0.009 
   4   (0.054) 0.014 0.009 0.066 0.125 
   5   (0.053) 0.014 0.011 0.261 0.050 
   6   (0.056) 0.015 0.098 0.143 0.015 
   7   (0.030) 0.008 0.005 0.034 0.008 
   8   (0.063) 0.200 0.113 0.018 0.017 
   9   (0.032) 0.009 0.085 0.008 0.009 
  10   (0.029) 0.008 0.060 0.005 0.008 
  11   (0.058) 0.126 0.141 0.015 0.015 
  12   (0.047) 0.087 0.034 0.008 0.012 
  13   (0.051) 0.050 0.140 0.014 0.013 
  14   (0.056) 0.088 0.088 0.013 0.015 
  15   (0.033) 0.009 0.085 0.008 0.009 
  16   (0.058) 0.198 0.058 0.016 0.015 
  17   (0.032) 0.045 0.005 0.006 0.008 
  18   (0.032) 0.045 0.005 0.005 0.008 
  19   (0.032) 0.008 0.005 0.005 0.045 
  20   (0.038) 0.010 0.006 0.006 0.231 
  21   (0.034) 0.009 0.006 0.006 0.082 
  22   (0.030) 0.008 0.005 0.005 0.082 
  23   (0.031) 0.008 0.005 0.005 0.045 

Locus 86 : locus86 
20 alleles
0.0% missing data
   1   (0.092) 0.025 0.066 0.184 0.172 
   2   (0.100) 0.027 0.187 0.098 0.211 
   3   (0.036) 0.010 0.006 0.060 0.009 
   4   (0.061) 0.016 0.015 0.169 0.090 
   5   (0.043) 0.012 0.015 0.190 0.011 
   6   (0.060) 0.016 0.016 0.058 0.090 
   7   (0.037) 0.010 0.006 0.088 0.010 
   8   (0.054) 0.014 0.103 0.054 0.014 
   9   (0.060) 0.016 0.208 0.012 0.051 
  10   (0.092) 0.098 0.126 0.019 0.134 
  11   (0.033) 0.009 0.059 0.009 0.009 
  12   (0.061) 0.016 0.147 0.015 0.127 
  13   (0.037) 0.157 0.006 0.006 0.010 
  14   (0.036) 0.119 0.006 0.006 0.010 
  15   (0.034) 0.082 0.006 0.006 0.009 
  16   (0.038) 0.120 0.006 0.006 0.010 
  17   (0.035) 0.119 0.006 0.006 0.009 
  18   (0.030) 0.045 0.005 0.005 0.008 
  19   (0.031) 0.045 0.005 0.005 0.008 
  20   (0.031) 0.045 0.005 0.005 0.008 

Locus 87 : locus87 
16 alleles
0.0% missing data
   1   (0.083) 0.022 0.108 0.195 0.022 
   2   (0.055) 0.015 0.013 0.284 0.014 
   3   (0.036) 0.010 0.006 0.034 0.009 
   4   (0.043) 0.012 0.010 0.088 0.011 
   5   (0.052) 0.014 0.011 0.201 0.014 
   6   (0.043) 0.011 0.011 0.058 0.011 
   7   (0.057) 0.015 0.366 0.014 0.015 
   8   (0.101) 0.137 0.072 0.017 0.100 
   9   (0.076) 0.094 0.120 0.016 0.020 
  10   (0.103) 0.357 0.148 0.025 0.027 
  11   (0.080) 0.095 0.041 0.014 0.058 
  12   (0.077) 0.021 0.061 0.020 0.205 
  13   (0.040) 0.084 0.007 0.007 0.011 
  14   (0.062) 0.090 0.010 0.011 0.053 
  15   (0.043) 0.011 0.007 0.007 0.195 
  16   (0.050) 0.013 0.008 0.008 0.234 

Locus 88 : locus88 
22 alleles
0.0% missing data
   1   (0.039) 0.011 0.010 0.223 0.010 
   2   (0.029) 0.008 0.005 0.032 0.008 
   3   (0.041) 0.011 0.010 0.223 0.011 
   4   (0.034) 0.009 0.006 0.061 0.009 
   5   (0.030) 0.008 0.005 0.032 0.008 
   6   (0.030) 0.008 0.005 0.032 0.008 
   7   (0.038) 0.010 0.010 0.140 0.010 
   8   (0.037) 0.010 0.010 0.057 0.010 
   9   (0.036) 0.010 0.010 0.057 0.009 
  10   (0.029) 0.008 0.033 0.005 0.008 
  11   (0.062) 0.016 0.257 0.017 0.053 
  12   (0.118) 0.252 0.290 0.030 0.141 
  13   (0.079) 0.095 0.126 0.013 0.057 
  14   (0.081) 0.058 0.070 0.014 0.280 
  15   (0.054) 0.051 0.083 0.019 0.014 
  16   (0.069) 0.055 0.039 0.012 0.093 
  17   (0.035) 0.119 0.006 0.006 0.009 
  18   (0.030) 0.045 0.005 0.005 0.008 
  19   (0.033) 0.082 0.006 0.006 0.009 
  20   (0.033) 0.082 0.006 0.006 0.009 
  21   (0.030) 0.045 0.005 0.005 0.008 
  22   (0.032) 0.009 0.005 0.005 0.229 

Locus 89 : locus89 
23 alleles
0.0% missing data
   1   (0.051) 0.014 0.014 0.058 0.050 
   2   (0.035) 0.009 0.010 0.057 0.009 
   3   (0.040) 0.011 0.011 0.194 0.010 
   4   (0.056) 0.125 0.009 0.064 0.015 
   5   (0.043) 0.012 0.010 0.251 0.011 
   6   (0.040) 0.011 0.009 0.223 0.010 
   7   (0.060) 0.016 0.204 0.013 0.052 
   8   (0.029) 0.008 0.033 0.005 0.008 
   9   (0.064) 0.017 0.145 0.016 0.165 
  10   (0.053) 0.014 0.060 0.013 0.051 
  11   (0.040) 0.011 0.202 0.009 0.010 
  12   (0.063) 0.017 0.120 0.013 0.090 
  13   (0.047) 0.012 0.036 0.008 0.086 
  14   (0.071) 0.019 0.084 0.023 0.203 
  15   (0.041) 0.231 0.007 0.007 0.011 
  16   (0.037) 0.193 0.006 0.006 0.010 
  17   (0.033) 0.045 0.006 0.006 0.009 
  18   (0.041) 0.120 0.007 0.007 0.011 
  19   (0.028) 0.044 0.005 0.005 0.007 
  20   (0.031) 0.045 0.005 0.005 0.008 
  21   (0.034) 0.009 0.006 0.006 0.082 
  22   (0.034) 0.009 0.006 0.006 0.046 
  23   (0.030) 0.008 0.005 0.005 0.045 

Locus 90 : locus90 
24 alleles
0.0% missing data
   1   (0.062) 0.016 0.211 0.169 0.016 
   2   (0.042) 0.048 0.007 0.036 0.011 
   3   (0.030) 0.008 0.005 0.118 0.008 
   4   (0.034) 0.009 0.009 0.059 0.009 
   5   (0.034) 0.009 0.007 0.118 0.009 
   6   (0.050) 0.013 0.149 0.061 0.013 
   7   (0.075) 0.130 0.059 0.105 0.020 
   8   (0.050) 0.013 0.052 0.105 0.013 
   9   (0.048) 0.013 0.160 0.049 0.013 
  10   (0.080) 0.388 0.085 0.052 0.021 
  11   (0.064) 0.054 0.083 0.050 0.017 
  12   (0.047) 0.086 0.062 0.008 0.013 
  13   (0.050) 0.050 0.057 0.014 0.013 
  14   (0.028) 0.044 0.005 0.005 0.007 
  15   (0.030) 0.044 0.005 0.005 0.008 
  16   (0.035) 0.009 0.006 0.006 0.194 
  17   (0.031) 0.008 0.005 0.005 0.119 
  18   (0.027) 0.007 0.004 0.005 0.044 
  19   (0.032) 0.008 0.005 0.005 0.082 
  20   (0.033) 0.009 0.005 0.006 0.119 
  21   (0.031) 0.008 0.005 0.005 0.118 
  22   (0.032) 0.009 0.005 0.006 0.045 
  23   (0.027) 0.007 0.004 0.005 0.044 
  24   (0.027) 0.007 0.005 0.005 0.044 

Locus 91 : locus91 
17 alleles
0.0% missing data
   1   (0.081) 0.022 0.313 0.103 0.022 
   2   (0.065) 0.018 0.016 0.144 0.054 
   3   (0.069) 0.019 0.017 0.256 0.054 
   4   (0.072) 0.019 0.224 0.050 0.019 
   5   (0.070) 0.019 0.079 0.111 0.018 
   6   (0.075) 0.020 0.108 0.110 0.020 
   7   (0.074) 0.020 0.018 0.062 0.167 
   8   (0.035) 0.009 0.006 0.034 0.009 
   9   (0.063) 0.017 0.016 0.060 0.090 
  10   (0.042) 0.011 0.143 0.011 0.011 
  11   (0.044) 0.122 0.007 0.007 0.011 
  12   (0.070) 0.202 0.012 0.012 0.092 
  13   (0.050) 0.270 0.008 0.008 0.013 
  14   (0.062) 0.126 0.010 0.011 0.053 
  15   (0.041) 0.084 0.007 0.007 0.011 
  16   (0.045) 0.012 0.007 0.008 0.196 
  17   (0.042) 0.011 0.007 0.007 0.159 

Locus 92 : locus92 
18 alleles
0.0% missing data
   1   (0.100) 0.027 0.117 0.305 0.063 
   2   (0.111) 0.030 0.361 0.174 0.066 
   3   (0.124) 0.033 0.076 0.188 0.402 
   4   (0.045) 0.012 0.012 0.114 0.012 
   5   (0.035) 0.010 0.006 0.062 0.009 
   6   (0.068) 0.018 0.017 0.061 0.129 
   7   (0.064) 0.017 0.119 0.013 0.053 
   8   (0.036) 0.010 0.062 0.006 0.010 
   9   (0.037) 0.010 0.087 0.009 0.010 
  10   (0.071) 0.019 0.091 0.016 0.129 
  11   (0.046) 0.232 0.008 0.008 0.012 
  12   (0.048) 0.233 0.008 0.008 0.013 
  13   (0.034) 0.046 0.006 0.006 0.009 
  14   (0.035) 0.046 0.006 0.006 0.009 
  15   (0.036) 0.083 0.006 0.006 0.010 
  16   (0.042) 0.121 0.007 0.007 0.011 
  17   (0.035) 0.046 0.006 0.006 0.009 
  18   (0.033) 0.009 0.005 0.006 0.046 

Locus 93 : locus93 
21 alleles
0.0% missing data
   1   (0.069) 0.019 0.020 0.224 0.092 
   2   (0.068) 0.018 0.220 0.136 0.018 
   3   (0.058) 0.016 0.011 0.174 0.052 
   4   (0.050) 0.013 0.008 0.036 0.087 
   5   (0.035) 0.009 0.010 0.057 0.009 
   6   (0.031) 0.008 0.005 0.033 0.008 
   7   (0.066) 0.018 0.019 0.114 0.165 
   8   (0.051) 0.014 0.008 0.036 0.124 
   9   (0.051) 0.014 0.013 0.059 0.050 
  10   (0.052) 0.014 0.009 0.036 0.161 
  11   (0.039) 0.010 0.201 0.009 0.010 
  12   (0.036) 0.010 0.088 0.008 0.009 
  13   (0.056) 0.237 0.035 0.009 0.015 
  14   (0.055) 0.051 0.171 0.016 0.014 
  15   (0.054) 0.087 0.065 0.009 0.014 
  16   (0.065) 0.200 0.060 0.018 0.017 
  17   (0.029) 0.008 0.033 0.005 0.008 
  18   (0.039) 0.120 0.007 0.007 0.010 
  19   (0.035) 0.119 0.006 0.006 0.009 
  20   (0.028) 0.007 0.005 0.005 0.044 
  21   (0.034) 0.009 0.006 0.006 0.082 

Locus 94 : locus94 
19 alleles
0.0% missing data
   1   (0.061) 0.053 0.014 0.090 0.016 
   2   (0.049) 0.013 0.010 0.230 0.013 
   3   (0.048) 0.013 0.011 0.257 0.013 
   4   (0.069) 0.348 0.011 0.039 0.018 
   5   (0.069) 0.018 0.019 0.115 0.055 
   6   (0.072) 0.129 0.015 0.093 0.019 
   7   (0.066) 0.018 0.016 0.062 0.091 
   8   (0.051) 0.014 0.309 0.012 0.013 
   9   (0.047) 0.013 0.167 0.014 0.012 
  10   (0.045) 0.012 0.112 0.013 0.012 
  11   (0.049) 0.013 0.199 0.011 0.013 
  12   (0.052) 0.014 0.036 0.009 0.050 
  13   (0.036) 0.010 0.033 0.006 0.009 
  14   (0.068) 0.054 0.011 0.012 0.277 
  15   (0.067) 0.238 0.011 0.012 0.054 
  16   (0.041) 0.011 0.007 0.007 0.158 
  17   (0.040) 0.011 0.007 0.007 0.084 
  18   (0.037) 0.010 0.006 0.006 0.046 
  19   (0.032) 0.009 0.005 0.005 0.045 

Locus 95 : locus95 
28 alleles
0.0% missing data
   1   (0.032) 0.009 0.007 0.228 0.008 
   2   (0.064) 0.053 0.016 0.145 0.054 
   3   (0.053) 0.014 0.011 0.119 0.087 
   4   (0.057) 0.161 0.013 0.090 0.015 
   5   (0.034) 0.009 0.009 0.058 0.009 
   6   (0.048) 0.013 0.012 0.059 0.160 
   7   (0.031) 0.008 0.009 0.057 0.008 
   8   (0.043) 0.085 0.007 0.035 0.011 
   9   (0.031) 0.008 0.008 0.058 0.008 
  10   (0.050) 0.087 0.008 0.036 0.013 
  11   (0.038) 0.010 0.250 0.011 0.010 
  12   (0.032) 0.009 0.169 0.008 0.009 
  13   (0.031) 0.008 0.086 0.007 0.008 
  14   (0.028) 0.007 0.060 0.005 0.007 
  15   (0.030) 0.008 0.088 0.005 0.008 
  16   (0.029) 0.008 0.057 0.008 0.008 
  17   (0.030) 0.008 0.056 0.009 0.008 
  18   (0.027) 0.007 0.032 0.005 0.007 
  19   (0.030) 0.008 0.057 0.008 0.008 
  20   (0.044) 0.085 0.007 0.007 0.048 
  21   (0.034) 0.229 0.006 0.006 0.009 
  22   (0.028) 0.044 0.005 0.005 0.007 
  23   (0.027) 0.081 0.005 0.005 0.007 
  24   (0.031) 0.008 0.005 0.005 0.156 
  25   (0.032) 0.009 0.005 0.005 0.082 
  26   (0.034) 0.009 0.006 0.006 0.156 
  27   (0.027) 0.007 0.004 0.005 0.044 
  28   (0.025) 0.007 0.004 0.004 0.043 

Locus 96 : locus96 
21 alleles
0.0% missing data
   1   (0.077) 0.130 0.024 0.143 0.020 
   2   (0.041) 0.011 0.008 0.119 0.011 
   3   (0.042) 0.011 0.008 0.148 0.011 
   4   (0.079) 0.131 0.053 0.056 0.021 
   5   (0.064) 0.017 0.014 0.263 0.053 
   6   (0.067) 0.238 0.017 0.062 0.018 
   7   (0.035) 0.010 0.006 0.063 0.009 
   8   (0.060) 0.126 0.010 0.039 0.016 
   9   (0.078) 0.021 0.251 0.019 0.131 
  10   (0.046) 0.012 0.386 0.011 0.012 
  11   (0.042) 0.011 0.163 0.014 0.011 
  12   (0.035) 0.046 0.006 0.006 0.009 
  13   (0.036) 0.046 0.006 0.006 0.009 
  14   (0.036) 0.120 0.006 0.006 0.009 
  15   (0.048) 0.013 0.008 0.008 0.307 
  16   (0.036) 0.010 0.006 0.006 0.083 
  17   (0.033) 0.009 0.005 0.006 0.046 
  18   (0.036) 0.010 0.006 0.006 0.046 
  19   (0.037) 0.010 0.006 0.006 0.084 
  20   (0.036) 0.010 0.006 0.006 0.046 
  21   (0.034) 0.009 0.006 0.006 0.046 

Locus 97 : locus97 
20 alleles
0.0% missing data
   1   (0.059) 0.126 0.012 0.092 0.016 
   2   (0.084) 0.132 0.020 0.064 0.133 
   3   (0.097) 0.099 0.025 0.176 0.247 
   4   (0.058) 0.015 0.016 0.116 0.089 
   5   (0.084) 0.132 0.014 0.071 0.169 
   6   (0.045) 0.012 0.007 0.036 0.049 
   7   (0.085) 0.133 0.017 0.125 0.096 
   8   (0.034) 0.009 0.009 0.058 0.009 
   9   (0.036) 0.010 0.007 0.118 0.010 
  10   (0.049) 0.013 0.008 0.065 0.050 
  11   (0.039) 0.010 0.277 0.009 0.010 
  12   (0.044) 0.048 0.034 0.008 0.011 
  13   (0.041) 0.011 0.245 0.014 0.011 
  14   (0.037) 0.010 0.085 0.009 0.010 
  15   (0.038) 0.010 0.114 0.008 0.010 
  16   (0.031) 0.008 0.032 0.005 0.008 
  17   (0.028) 0.008 0.032 0.005 0.007 
  18   (0.031) 0.008 0.032 0.005 0.008 
  19   (0.028) 0.044 0.005 0.005 0.007 
  20   (0.053) 0.161 0.009 0.009 0.051 

Locus 98 : locus98 
20 alleles
0.0% missing data
   1   (0.072) 0.056 0.026 0.269 0.019 
   2   (0.065) 0.017 0.181 0.065 0.017 
   3   (0.070) 0.019 0.058 0.211 0.019 
   4   (0.057) 0.015 0.010 0.036 0.126 
   5   (0.041) 0.011 0.010 0.086 0.011 
   6   (0.058) 0.052 0.010 0.118 0.015 
   7   (0.051) 0.014 0.009 0.036 0.050 
   8   (0.072) 0.019 0.390 0.086 0.019 
   9   (0.042) 0.011 0.090 0.009 0.011 
  10   (0.040) 0.011 0.060 0.010 0.011 
  11   (0.063) 0.312 0.037 0.011 0.017 
  12   (0.049) 0.049 0.037 0.008 0.013 
  13   (0.064) 0.273 0.039 0.011 0.017 
  14   (0.033) 0.082 0.006 0.006 0.009 
  15   (0.046) 0.012 0.008 0.008 0.233 
  16   (0.037) 0.010 0.006 0.006 0.120 
  17   (0.036) 0.009 0.006 0.006 0.083 
  18   (0.031) 0.008 0.005 0.005 0.045 
  19   (0.038) 0.010 0.006 0.006 0.120 
  20   (0.035) 0.009 0.006 0.006 0.046 

Locus 99 : locus99 
13 alleles
0.0% missing data
   1   (0.108) 0.029 0.317 0.140 0.064 
   2   (0.123) 0.143 0.035 0.170 0.143 
   3   (0.078) 0.021 0.200 0.131 0.021 
   4   (0.089) 0.207 0.026 0.167 0.023 
   5   (0.093) 0.098 0.016 0.042 0.210 
   6   (0.108) 0.102 0.022 0.150 0.139 
   7   (0.078) 0.021 0.018 0.090 0.205 
   8   (0.082) 0.022 0.071 0.068 0.058 
   9   (0.044) 0.012 0.149 0.009 0.012 
  10   (0.041) 0.011 0.092 0.007 0.011 
  11   (0.035) 0.010 0.034 0.006 0.009 
  12   (0.070) 0.275 0.012 0.011 0.055 
  13   (0.052) 0.051 0.009 0.009 0.051 

Locus 100 : locus100 
18 alleles
0.0% missing data
   1   (0.033) 0.009 0.009 0.059 0.009 
   2   (0.106) 0.175 0.217 0.149 0.028 
   3   (0.067) 0.055 0.011 0.098 0.054 
   4   (0.097) 0.062 0.157 0.096 0.062 
   5   (0.037) 0.010 0.008 0.119 0.010 
   6   (0.078) 0.057 0.023 0.087 0.095 
   7   (0.060) 0.016 0.018 0.086 0.127 
   8   (0.035) 0.009 0.006 0.091 0.009 
   9   (0.032) 0.009 0.005 0.034 0.008 
  10   (0.033) 0.009 0.007 0.089 0.009 
  11   (0.096) 0.136 0.331 0.027 0.061 
  12   (0.100) 0.357 0.144 0.025 0.063 
  13   (0.048) 0.013 0.035 0.008 0.087 
  14   (0.046) 0.049 0.008 0.008 0.049 
  15   (0.034) 0.009 0.006 0.006 0.083 
  16   (0.034) 0.009 0.006 0.006 0.083 
  17   (0.035) 0.009 0.006 0.006 0.120 
  18   (0.029) 0.008 0.005 0.005 0.045 

Values of parameters used in structure:
DATAFILE=parentandhybrid3.str,	OUTFILE=parentandhybrid4Deme_1,	NUMINDS=50,	NUMLOCI=100,	MISSING=0,	LABEL=1,	POPDATA=0,	POPFLAG=0,	PHENOTYPE=0,	EXTRACOLS=0,	MAXPOPS=4,	BURNIN=200000,	NUMREPS=200000,	USEPOPINFO=0,	INFERALPHA=1,	INFERLAMBDA=0,	POPSPECIFICLAMBDA=0,	POPALPHAS=0,	COMPUTEPROB=1,	NOADMIX=0,	ADMBURNIN=500,	UPDATEFREQ=100,	PRINTLIKES=0,	INTERMEDSAVE=0,	PRINTKLD=0,	PRINTNET=1,	PRINTLAMBDA=1,	ANCESTDIST=0,	NUMBOXES=1000,	ANCESTPINT=0.90000,	GENSBACK=2,	MIGRPRIOR=0.01000,	PRINTQHAT=0,	PRINTQSUM=1,	ALPHA=1.0000,	FREQSCORR=1,	FPRIORMEAN=0.0100,	FPRIORSD=0.0500,	ONEFST=0,	LAMBDA=1.0000,	UNIFPRIORALPHA=1,	ALPHAMAX=10.0000,	ALPHAPRIORA=1.0000,	ALPHAPRIORB=2.0000,	ALPHAPROPSD=0.0250,	STARTATPOPINFO=0,	RANDOMIZE=1,	LINKAGE=0,	METROFREQ=10,	REPORTHITRATE=0,	MARKOVPHASE=0,	PHASED=0,	PLOIDY=2,	PHASEINFO=0	LOCPRIOR=0, 	LOCPRIORINIT=1.000000, 	LOCDATA=0, 	LOCISPOP=0, 	LOCPRIORSTEP=0.100000, 	MAXLOCPRIOR=20.000000, 	SEED=1658863734,	
[STRAT parameters]:    NUMSIMSTATS=1000,	PHENOTYPECOL=-9,	POOLFREQ=10,	LOCUSxONLY=0,	EMERROR=0.00100,	MISSINGPHENO=-9,	