1666272993
1666272998
1666273003
1666273008
1666273013
1666273018
1666273023
1666273028
1666273033
1666273038
1666273043
1666273048
1666273053
1666273058
1666273063
1666273068
1666273073
1666273078
1666273083
1666273088
1666273093
1666273098
1666273103
1666273108
1666273113
1666273118
1666273123
1666273128
1666273133
1666273138
1666273143
1666273148
1666273153
1666273158
1666273163
1666273168
1666273173
1666273178
1666273183
1666273188
1666273193
1666273199
1666273204
1666273209
1666273214
1666273219
1666273224
1666273229
1666273234
1666273239
