

----------------------------------------------------
STRUCTURE by Pritchard, Stephens and Donnelly (2000)
     and Falush, Stephens and Pritchard (2003)
       Code by Pritchard, Falush and Hubisz
             Version 2.3.4 (Jul 2012)
----------------------------------------------------



Command line arguments:   /usr/local/bin/structure -i parentandhybrid10.str -m mainparams.txt -e extraparams.txt -K 4 -o parentandhybrid4Deme_1 
Input File:    parentandhybrid10.str

Run parameters:
   50 individuals
   100 loci
   4 populations assumed
   200000 Burn-in period
   200000 Reps


--------------------------------------------
Overall proportion of membership of the
sample in each of the 4 clusters

Inferred Clusters
  1      2      3      4    
0.301  0.200  0.200  0.298  

--------------------------------------------

Allele-freq. divergence among pops (Net nucleotide distance),
computed using point estimates of P.

      1       2       3       4      
 1      -    0.0997  0.0961  0.0989  
 2   0.0997     -    0.0918  0.1018  
 3   0.0961  0.0918     -    0.1046  
 4   0.0989  0.1018  0.1046     -    

Average distances (expected heterozygosity) between individuals in same cluster:
cluster  1  : 0.8540 
cluster  2  : 0.8563 
cluster  3  : 0.8525 
cluster  4  : 0.8458 

--------------------------------------------
Estimated Ln Prob of Data   = -22938.5
Mean value of ln likelihood = -21401.4
Variance of ln likelihood   = 3074.2
Mean value of alpha         = 0.0284

Mean value of Fst_1         = 0.1321
Mean value of Fst_2         = 0.1311
Mean value of Fst_3         = 0.1310
Mean value of Fst_4         = 0.1389


Inferred ancestry of individuals:
        Label (%Miss) :  Inferred clusters
  1       01    (0)   :  0.998 0.001 0.000 0.001 
  2       02    (0)   :  0.998 0.001 0.001 0.000 
  3       03    (0)   :  0.998 0.001 0.000 0.001 
  4       04    (0)   :  0.998 0.001 0.001 0.001 
  5       05    (0)   :  0.998 0.001 0.001 0.000 
  6       06    (0)   :  0.998 0.001 0.001 0.000 
  7       07    (0)   :  0.999 0.000 0.001 0.000 
  8       08    (0)   :  0.999 0.001 0.000 0.000 
  9       09    (0)   :  0.997 0.001 0.001 0.002 
 10       10    (0)   :  0.998 0.000 0.001 0.000 
 11       11    (0)   :  0.000 0.000 0.000 0.999 
 12       12    (0)   :  0.000 0.001 0.000 0.999 
 13       13    (0)   :  0.000 0.001 0.001 0.998 
 14       14    (0)   :  0.001 0.001 0.001 0.997 
 15       15    (0)   :  0.000 0.001 0.001 0.998 
 16       16    (0)   :  0.001 0.001 0.001 0.997 
 17       17    (0)   :  0.001 0.001 0.001 0.997 
 18       18    (0)   :  0.000 0.000 0.000 0.999 
 19       19    (0)   :  0.001 0.000 0.000 0.999 
 20       20    (0)   :  0.001 0.001 0.001 0.998 
 21      h01    (0)   :  0.500 0.000 0.000 0.499 
 22      h02    (0)   :  0.552 0.000 0.000 0.448 
 23      h03    (0)   :  0.498 0.000 0.000 0.502 
 24      h04    (0)   :  0.489 0.000 0.000 0.510 
 25      h05    (0)   :  0.506 0.000 0.000 0.494 
 26      h06    (0)   :  0.489 0.000 0.000 0.510 
 27      h07    (0)   :  0.498 0.000 0.000 0.502 
 28      h08    (0)   :  0.506 0.000 0.000 0.493 
 29      h09    (0)   :  0.500 0.000 0.000 0.499 
 30      h10    (0)   :  0.528 0.000 0.000 0.471 
 31       21    (0)   :  0.001 0.998 0.001 0.000 
 32       22    (0)   :  0.000 0.999 0.000 0.000 
 33       23    (0)   :  0.000 0.998 0.001 0.000 
 34       24    (0)   :  0.000 0.999 0.000 0.000 
 35       25    (0)   :  0.000 0.998 0.001 0.000 
 36       26    (0)   :  0.000 0.998 0.001 0.000 
 37       27    (0)   :  0.001 0.998 0.001 0.001 
 38       28    (0)   :  0.000 0.999 0.000 0.000 
 39       29    (0)   :  0.000 0.999 0.001 0.000 
 40       30    (0)   :  0.001 0.998 0.000 0.001 
 41       31    (0)   :  0.000 0.000 0.999 0.000 
 42       32    (0)   :  0.000 0.001 0.998 0.000 
 43       33    (0)   :  0.000 0.000 0.999 0.000 
 44       34    (0)   :  0.000 0.001 0.998 0.001 
 45       35    (0)   :  0.000 0.000 0.999 0.000 
 46       36    (0)   :  0.000 0.002 0.997 0.000 
 47       37    (0)   :  0.000 0.000 0.999 0.000 
 48       38    (0)   :  0.001 0.001 0.998 0.000 
 49       39    (0)   :  0.000 0.000 0.999 0.000 
 50       40    (0)   :  0.000 0.000 0.999 0.000 


Estimated Allele Frequencies in each cluster
First column gives estimated ancestral frequencies


Locus 1 : locus1 
13 alleles
0.0% missing data
   1   (0.086) 0.198 0.021 0.022 0.162 
   2   (0.086) 0.166 0.021 0.021 0.166 
   3   (0.080) 0.115 0.020 0.020 0.216 
   4   (0.080) 0.207 0.020 0.020 0.096 
   5   (0.076) 0.123 0.019 0.019 0.122 
   6   (0.063) 0.049 0.016 0.016 0.084 
   7   (0.110) 0.067 0.253 0.103 0.026 
   8   (0.090) 0.016 0.060 0.136 0.071 
   9   (0.078) 0.014 0.207 0.131 0.014 
  10   (0.073) 0.013 0.131 0.131 0.013 
  11   (0.077) 0.014 0.169 0.169 0.013 
  12   (0.064) 0.012 0.053 0.166 0.011 
  13   (0.037) 0.007 0.009 0.047 0.006 

Locus 2 : locus2 
16 alleles
0.0% missing data
   1   (0.098) 0.164 0.062 0.062 0.035 
   2   (0.114) 0.131 0.104 0.216 0.020 
   3   (0.043) 0.063 0.011 0.011 0.007 
   4   (0.094) 0.202 0.211 0.023 0.024 
   5   (0.121) 0.156 0.067 0.331 0.024 
   6   (0.049) 0.171 0.012 0.012 0.012 
   7   (0.046) 0.010 0.011 0.011 0.226 
   8   (0.048) 0.014 0.012 0.012 0.140 
   9   (0.044) 0.012 0.011 0.011 0.058 
  10   (0.046) 0.011 0.012 0.012 0.116 
  11   (0.052) 0.017 0.013 0.013 0.221 
  12   (0.072) 0.018 0.018 0.093 0.089 
  13   (0.049) 0.009 0.237 0.012 0.008 
  14   (0.043) 0.008 0.161 0.011 0.007 
  15   (0.035) 0.006 0.046 0.009 0.006 
  16   (0.044) 0.008 0.011 0.161 0.007 

Locus 3 : locus3 
19 alleles
0.0% missing data
   1   (0.066) 0.145 0.129 0.016 0.016 
   2   (0.051) 0.061 0.050 0.013 0.013 
   3   (0.088) 0.152 0.097 0.097 0.018 
   4   (0.069) 0.145 0.017 0.167 0.017 
   5   (0.057) 0.066 0.202 0.014 0.010 
   6   (0.083) 0.122 0.058 0.133 0.017 
   7   (0.031) 0.033 0.008 0.008 0.005 
   8   (0.035) 0.058 0.009 0.009 0.009 
   9   (0.096) 0.065 0.174 0.212 0.023 
  10   (0.036) 0.058 0.009 0.009 0.010 
  11   (0.036) 0.010 0.009 0.009 0.085 
  12   (0.043) 0.011 0.011 0.011 0.250 
  13   (0.039) 0.011 0.010 0.010 0.140 
  14   (0.033) 0.006 0.008 0.008 0.088 
  15   (0.039) 0.013 0.010 0.010 0.164 
  16   (0.051) 0.009 0.050 0.013 0.063 
  17   (0.079) 0.021 0.095 0.095 0.061 
  18   (0.030) 0.006 0.045 0.008 0.005 
  19   (0.038) 0.007 0.010 0.160 0.007 

Locus 4 : locus4 
25 alleles
0.0% missing data
   1   (0.054) 0.059 0.014 0.088 0.014 
   2   (0.031) 0.060 0.008 0.008 0.005 
   3   (0.042) 0.387 0.010 0.010 0.011 
   4   (0.034) 0.057 0.009 0.009 0.010 
   5   (0.035) 0.114 0.009 0.009 0.008 
   6   (0.031) 0.033 0.008 0.008 0.005 
   7   (0.034) 0.057 0.009 0.009 0.009 
   8   (0.027) 0.032 0.007 0.007 0.005 
   9   (0.048) 0.045 0.012 0.012 0.082 
  10   (0.060) 0.013 0.165 0.015 0.118 
  11   (0.057) 0.014 0.164 0.014 0.089 
  12   (0.053) 0.010 0.276 0.013 0.036 
  13   (0.061) 0.022 0.090 0.015 0.137 
  14   (0.055) 0.016 0.089 0.014 0.113 
  15   (0.030) 0.005 0.008 0.008 0.033 
  16   (0.031) 0.009 0.008 0.008 0.057 
  17   (0.030) 0.005 0.007 0.007 0.033 
  18   (0.055) 0.013 0.014 0.089 0.089 
  19   (0.035) 0.011 0.009 0.009 0.056 
  20   (0.029) 0.005 0.007 0.007 0.033 
  21   (0.043) 0.008 0.048 0.011 0.035 
  22   (0.036) 0.007 0.009 0.384 0.006 
  23   (0.027) 0.005 0.007 0.045 0.005 
  24   (0.029) 0.005 0.007 0.082 0.005 
  25   (0.031) 0.006 0.008 0.120 0.005 

Locus 5 : locus5 
16 alleles
0.0% missing data
   1   (0.065) 0.117 0.016 0.053 0.014 
   2   (0.038) 0.034 0.010 0.010 0.007 
   3   (0.052) 0.222 0.013 0.013 0.013 
   4   (0.070) 0.039 0.017 0.318 0.012 
   5   (0.097) 0.223 0.024 0.212 0.028 
   6   (0.048) 0.140 0.012 0.012 0.013 
   7   (0.041) 0.062 0.010 0.010 0.007 
   8   (0.062) 0.038 0.016 0.166 0.011 
   9   (0.082) 0.025 0.058 0.020 0.282 
  10   (0.046) 0.014 0.011 0.011 0.114 
  11   (0.088) 0.020 0.360 0.022 0.094 
  12   (0.071) 0.016 0.093 0.018 0.120 
  13   (0.069) 0.012 0.280 0.017 0.039 
  14   (0.041) 0.007 0.010 0.010 0.091 
  15   (0.061) 0.011 0.053 0.015 0.094 
  16   (0.068) 0.018 0.017 0.092 0.061 

Locus 6 : locus6 
22 alleles
0.0% missing data
   1   (0.063) 0.114 0.016 0.053 0.018 
   2   (0.033) 0.034 0.008 0.008 0.006 
   3   (0.050) 0.197 0.013 0.012 0.013 
   4   (0.069) 0.095 0.017 0.242 0.012 
   5   (0.041) 0.087 0.010 0.010 0.010 
   6   (0.037) 0.058 0.009 0.009 0.010 
   7   (0.054) 0.089 0.014 0.051 0.012 
   8   (0.063) 0.091 0.016 0.091 0.014 
   9   (0.038) 0.115 0.009 0.009 0.008 
  10   (0.043) 0.010 0.011 0.011 0.253 
  11   (0.043) 0.016 0.011 0.011 0.136 
  12   (0.046) 0.013 0.011 0.012 0.277 
  13   (0.032) 0.006 0.008 0.008 0.033 
  14   (0.037) 0.007 0.009 0.009 0.089 
  15   (0.037) 0.011 0.009 0.009 0.057 
  16   (0.042) 0.008 0.311 0.010 0.007 
  17   (0.059) 0.011 0.278 0.052 0.010 
  18   (0.064) 0.012 0.091 0.204 0.011 
  19   (0.030) 0.005 0.045 0.007 0.005 
  20   (0.054) 0.010 0.088 0.088 0.009 
  21   (0.033) 0.006 0.008 0.046 0.006 
  22   (0.033) 0.006 0.008 0.046 0.006 

Locus 7 : locus7 
16 alleles
0.0% missing data
   1   (0.071) 0.091 0.130 0.018 0.016 
   2   (0.044) 0.115 0.011 0.011 0.010 
   3   (0.045) 0.141 0.011 0.011 0.011 
   4   (0.043) 0.087 0.011 0.011 0.010 
   5   (0.047) 0.194 0.012 0.012 0.013 
   6   (0.042) 0.087 0.011 0.011 0.010 
   7   (0.039) 0.061 0.010 0.010 0.007 
   8   (0.063) 0.060 0.016 0.053 0.017 
   9   (0.065) 0.039 0.167 0.016 0.011 
  10   (0.114) 0.032 0.292 0.066 0.118 
  11   (0.044) 0.010 0.011 0.011 0.117 
  12   (0.096) 0.021 0.061 0.061 0.291 
  13   (0.087) 0.025 0.022 0.135 0.256 
  14   (0.081) 0.019 0.020 0.283 0.093 
  15   (0.042) 0.008 0.123 0.011 0.007 
  16   (0.077) 0.014 0.094 0.282 0.013 

Locus 8 : locus8 
21 alleles
0.0% missing data
   1   (0.078) 0.146 0.020 0.057 0.069 
   2   (0.089) 0.128 0.022 0.135 0.093 
   3   (0.097) 0.168 0.024 0.325 0.053 
   4   (0.066) 0.077 0.017 0.129 0.025 
   5   (0.056) 0.182 0.014 0.014 0.051 
   6   (0.094) 0.162 0.061 0.136 0.029 
   7   (0.053) 0.053 0.013 0.013 0.105 
   8   (0.032) 0.006 0.008 0.008 0.093 
   9   (0.041) 0.009 0.010 0.010 0.208 
  10   (0.040) 0.008 0.010 0.010 0.181 
  11   (0.030) 0.005 0.007 0.007 0.034 
  12   (0.039) 0.007 0.310 0.010 0.007 
  13   (0.036) 0.006 0.122 0.009 0.006 
  14   (0.027) 0.005 0.044 0.007 0.005 
  15   (0.032) 0.005 0.046 0.008 0.006 
  16   (0.028) 0.005 0.044 0.007 0.005 
  17   (0.029) 0.005 0.045 0.007 0.005 
  18   (0.040) 0.007 0.122 0.010 0.007 
  19   (0.032) 0.006 0.046 0.008 0.006 
  20   (0.029) 0.005 0.007 0.045 0.005 
  21   (0.030) 0.005 0.008 0.045 0.005 

Locus 9 : locus9 
22 alleles
0.0% missing data
   1   (0.047) 0.052 0.012 0.012 0.047 
   2   (0.067) 0.348 0.017 0.017 0.062 
   3   (0.058) 0.060 0.202 0.014 0.015 
   4   (0.055) 0.065 0.014 0.014 0.064 
   5   (0.087) 0.089 0.210 0.022 0.051 
   6   (0.032) 0.034 0.008 0.008 0.005 
   7   (0.061) 0.102 0.015 0.015 0.057 
   8   (0.034) 0.034 0.009 0.009 0.006 
   9   (0.056) 0.038 0.164 0.014 0.010 
  10   (0.049) 0.036 0.012 0.012 0.036 
  11   (0.064) 0.067 0.016 0.016 0.256 
  12   (0.047) 0.014 0.012 0.012 0.277 
  13   (0.036) 0.007 0.009 0.009 0.061 
  14   (0.034) 0.006 0.121 0.009 0.006 
  15   (0.039) 0.007 0.122 0.010 0.007 
  16   (0.037) 0.007 0.009 0.084 0.006 
  17   (0.032) 0.006 0.008 0.045 0.005 
  18   (0.034) 0.006 0.008 0.159 0.006 
  19   (0.032) 0.006 0.008 0.083 0.005 
  20   (0.041) 0.007 0.010 0.348 0.007 
  21   (0.031) 0.006 0.008 0.045 0.005 
  22   (0.029) 0.005 0.007 0.045 0.005 

Locus 10 : locus10 
22 alleles
0.0% missing data
   1   (0.041) 0.119 0.010 0.010 0.007 
   2   (0.071) 0.201 0.055 0.018 0.019 
   3   (0.042) 0.119 0.010 0.010 0.007 
   4   (0.092) 0.283 0.173 0.023 0.026 
   5   (0.039) 0.060 0.010 0.010 0.010 
   6   (0.035) 0.034 0.009 0.009 0.006 
   7   (0.054) 0.051 0.013 0.013 0.050 
   8   (0.045) 0.013 0.011 0.011 0.139 
   9   (0.055) 0.015 0.014 0.014 0.331 
  10   (0.042) 0.011 0.010 0.010 0.085 
  11   (0.047) 0.014 0.012 0.012 0.192 
  12   (0.035) 0.006 0.009 0.009 0.033 
  13   (0.037) 0.007 0.009 0.009 0.033 
  14   (0.046) 0.008 0.237 0.012 0.008 
  15   (0.044) 0.008 0.123 0.011 0.007 
  16   (0.042) 0.008 0.236 0.010 0.007 
  17   (0.046) 0.008 0.011 0.236 0.008 
  18   (0.034) 0.006 0.008 0.046 0.006 
  19   (0.041) 0.007 0.010 0.085 0.007 
  20   (0.033) 0.006 0.008 0.121 0.006 
  21   (0.043) 0.008 0.011 0.161 0.007 
  22   (0.038) 0.007 0.010 0.160 0.006 

Locus 11 : locus11 
22 alleles
0.0% missing data
   1   (0.070) 0.199 0.017 0.129 0.018 
   2   (0.086) 0.175 0.021 0.059 0.074 
   3   (0.070) 0.084 0.018 0.167 0.022 
   4   (0.078) 0.150 0.019 0.245 0.016 
   5   (0.031) 0.033 0.008 0.008 0.005 
   6   (0.068) 0.176 0.017 0.130 0.014 
   7   (0.058) 0.066 0.014 0.089 0.010 
   8   (0.040) 0.009 0.010 0.010 0.224 
   9   (0.034) 0.006 0.008 0.009 0.033 
  10   (0.043) 0.011 0.011 0.011 0.251 
  11   (0.040) 0.010 0.010 0.010 0.086 
  12   (0.043) 0.013 0.011 0.011 0.111 
  13   (0.032) 0.006 0.008 0.008 0.033 
  14   (0.036) 0.011 0.009 0.009 0.057 
  15   (0.037) 0.007 0.310 0.009 0.006 
  16   (0.030) 0.006 0.045 0.008 0.005 
  17   (0.034) 0.006 0.121 0.009 0.006 
  18   (0.036) 0.007 0.084 0.009 0.006 
  19   (0.034) 0.006 0.083 0.008 0.006 
  20   (0.035) 0.006 0.121 0.009 0.006 
  21   (0.033) 0.006 0.046 0.008 0.006 
  22   (0.033) 0.006 0.008 0.046 0.006 

Locus 12 : locus12 
20 alleles
0.0% missing data
   1   (0.068) 0.133 0.017 0.017 0.055 
   2   (0.089) 0.356 0.022 0.022 0.167 
   3   (0.039) 0.061 0.010 0.010 0.007 
   4   (0.083) 0.205 0.021 0.021 0.209 
   5   (0.076) 0.041 0.019 0.094 0.041 
   6   (0.057) 0.051 0.014 0.014 0.052 
   7   (0.079) 0.058 0.020 0.020 0.302 
   8   (0.045) 0.011 0.011 0.011 0.088 
   9   (0.049) 0.009 0.350 0.012 0.009 
  10   (0.040) 0.007 0.198 0.010 0.007 
  11   (0.039) 0.007 0.159 0.010 0.007 
  12   (0.037) 0.007 0.084 0.009 0.006 
  13   (0.039) 0.007 0.010 0.085 0.007 
  14   (0.042) 0.008 0.010 0.161 0.007 
  15   (0.040) 0.007 0.010 0.123 0.007 
  16   (0.042) 0.008 0.011 0.161 0.007 
  17   (0.034) 0.006 0.008 0.046 0.006 
  18   (0.039) 0.007 0.010 0.085 0.007 
  19   (0.031) 0.006 0.008 0.045 0.005 
  20   (0.032) 0.006 0.008 0.045 0.006 

Locus 13 : locus13 
28 alleles
0.0% missing data
   1   (0.044) 0.301 0.011 0.011 0.011 
   2   (0.039) 0.219 0.010 0.010 0.010 
   3   (0.055) 0.050 0.014 0.014 0.164 
   4   (0.034) 0.085 0.009 0.008 0.008 
   5   (0.047) 0.087 0.049 0.012 0.011 
   6   (0.030) 0.084 0.008 0.008 0.007 
   7   (0.047) 0.035 0.012 0.012 0.065 
   8   (0.038) 0.011 0.009 0.010 0.339 
   9   (0.035) 0.009 0.009 0.009 0.088 
  10   (0.028) 0.005 0.007 0.007 0.033 
  11   (0.032) 0.008 0.008 0.008 0.087 
  12   (0.027) 0.005 0.007 0.007 0.033 
  13   (0.052) 0.014 0.238 0.013 0.059 
  14   (0.036) 0.006 0.197 0.009 0.006 
  15   (0.035) 0.006 0.121 0.009 0.006 
  16   (0.029) 0.005 0.082 0.007 0.005 
  17   (0.049) 0.009 0.049 0.088 0.009 
  18   (0.032) 0.006 0.045 0.008 0.005 
  19   (0.028) 0.005 0.044 0.007 0.005 
  20   (0.032) 0.006 0.008 0.121 0.006 
  21   (0.032) 0.006 0.008 0.045 0.006 
  22   (0.029) 0.005 0.007 0.045 0.005 
  23   (0.031) 0.006 0.008 0.083 0.005 
  24   (0.035) 0.006 0.009 0.159 0.006 
  25   (0.029) 0.005 0.007 0.082 0.005 
  26   (0.028) 0.005 0.007 0.045 0.005 
  27   (0.034) 0.006 0.009 0.121 0.006 
  28   (0.031) 0.006 0.008 0.045 0.005 

Locus 14 : locus14 
19 alleles
0.0% missing data
   1   (0.106) 0.261 0.101 0.139 0.024 
   2   (0.040) 0.090 0.010 0.010 0.007 
   3   (0.108) 0.202 0.102 0.214 0.028 
   4   (0.085) 0.043 0.171 0.134 0.015 
   5   (0.107) 0.125 0.327 0.102 0.022 
   6   (0.040) 0.112 0.010 0.010 0.011 
   7   (0.062) 0.061 0.015 0.128 0.016 
   8   (0.034) 0.006 0.008 0.008 0.061 
   9   (0.036) 0.010 0.009 0.009 0.057 
  10   (0.035) 0.011 0.009 0.009 0.056 
  11   (0.039) 0.009 0.010 0.010 0.115 
  12   (0.037) 0.008 0.009 0.009 0.114 
  13   (0.042) 0.011 0.010 0.010 0.251 
  14   (0.042) 0.016 0.011 0.011 0.136 
  15   (0.029) 0.005 0.007 0.007 0.032 
  16   (0.054) 0.010 0.088 0.013 0.037 
  17   (0.036) 0.007 0.084 0.009 0.006 
  18   (0.037) 0.007 0.009 0.121 0.006 
  19   (0.032) 0.006 0.008 0.046 0.005 

Locus 15 : locus15 
25 alleles
0.0% missing data
   1   (0.041) 0.248 0.010 0.010 0.009 
   2   (0.043) 0.245 0.011 0.011 0.013 
   3   (0.034) 0.112 0.008 0.008 0.008 
   4   (0.037) 0.138 0.009 0.009 0.010 
   5   (0.025) 0.031 0.006 0.006 0.004 
   6   (0.033) 0.056 0.008 0.008 0.010 
   7   (0.039) 0.009 0.010 0.010 0.117 
   8   (0.036) 0.009 0.009 0.009 0.088 
   9   (0.069) 0.016 0.280 0.017 0.176 
  10   (0.059) 0.017 0.090 0.015 0.115 
  11   (0.050) 0.009 0.088 0.013 0.037 
  12   (0.046) 0.008 0.049 0.011 0.036 
  13   (0.069) 0.027 0.167 0.017 0.164 
  14   (0.032) 0.006 0.008 0.008 0.033 
  15   (0.058) 0.010 0.165 0.015 0.038 
  16   (0.030) 0.005 0.008 0.008 0.033 
  17   (0.035) 0.006 0.009 0.009 0.062 
  18   (0.037) 0.007 0.009 0.234 0.006 
  19   (0.034) 0.006 0.008 0.083 0.006 
  20   (0.030) 0.005 0.008 0.045 0.005 
  21   (0.034) 0.006 0.008 0.159 0.006 
  22   (0.033) 0.006 0.008 0.083 0.006 
  23   (0.036) 0.007 0.009 0.121 0.006 
  24   (0.030) 0.005 0.008 0.045 0.005 
  25   (0.032) 0.006 0.008 0.046 0.006 

Locus 16 : locus16 
22 alleles
0.0% missing data
   1   (0.038) 0.086 0.009 0.009 0.009 
   2   (0.061) 0.120 0.015 0.015 0.094 
   3   (0.068) 0.217 0.017 0.017 0.162 
   4   (0.061) 0.183 0.015 0.015 0.057 
   5   (0.061) 0.142 0.015 0.015 0.099 
   6   (0.056) 0.089 0.014 0.051 0.013 
   7   (0.057) 0.037 0.315 0.014 0.010 
   8   (0.071) 0.024 0.168 0.018 0.139 
   9   (0.034) 0.006 0.008 0.009 0.089 
  10   (0.037) 0.009 0.009 0.009 0.087 
  11   (0.037) 0.009 0.009 0.009 0.116 
  12   (0.035) 0.010 0.009 0.009 0.058 
  13   (0.052) 0.009 0.163 0.050 0.009 
  14   (0.038) 0.007 0.122 0.010 0.007 
  15   (0.054) 0.010 0.051 0.164 0.009 
  16   (0.032) 0.006 0.008 0.083 0.005 
  17   (0.032) 0.006 0.008 0.045 0.005 
  18   (0.035) 0.006 0.009 0.084 0.006 
  19   (0.039) 0.007 0.010 0.122 0.007 
  20   (0.032) 0.006 0.008 0.083 0.006 
  21   (0.038) 0.007 0.010 0.122 0.007 
  22   (0.031) 0.006 0.008 0.045 0.005 

Locus 17 : locus17 
13 alleles
0.0% missing data
   1   (0.092) 0.178 0.023 0.098 0.101 
   2   (0.141) 0.238 0.223 0.110 0.112 
   3   (0.093) 0.166 0.023 0.174 0.058 
   4   (0.116) 0.130 0.142 0.066 0.130 
   5   (0.119) 0.119 0.067 0.255 0.087 
   6   (0.032) 0.033 0.008 0.008 0.005 
   7   (0.100) 0.066 0.100 0.062 0.107 
   8   (0.038) 0.009 0.010 0.010 0.087 
   9   (0.032) 0.006 0.008 0.008 0.033 
  10   (0.089) 0.025 0.059 0.172 0.117 
  11   (0.070) 0.016 0.280 0.017 0.091 
  12   (0.048) 0.009 0.050 0.012 0.036 
  13   (0.032) 0.006 0.008 0.008 0.033 

Locus 18 : locus18 
27 alleles
0.0% missing data
   1   (0.037) 0.089 0.009 0.009 0.006 
   2   (0.034) 0.061 0.008 0.008 0.006 
   3   (0.049) 0.036 0.163 0.012 0.008 
   4   (0.057) 0.089 0.089 0.014 0.013 
   5   (0.029) 0.033 0.007 0.007 0.005 
   6   (0.033) 0.061 0.008 0.008 0.006 
   7   (0.030) 0.057 0.008 0.008 0.009 
   8   (0.040) 0.082 0.010 0.010 0.014 
   9   (0.041) 0.192 0.010 0.010 0.014 
  10   (0.037) 0.141 0.009 0.009 0.009 
  11   (0.029) 0.033 0.007 0.007 0.005 
  12   (0.059) 0.013 0.015 0.090 0.146 
  13   (0.042) 0.016 0.010 0.010 0.191 
  14   (0.033) 0.010 0.008 0.008 0.057 
  15   (0.038) 0.009 0.010 0.010 0.115 
  16   (0.035) 0.008 0.009 0.009 0.114 
  17   (0.039) 0.010 0.010 0.010 0.169 
  18   (0.029) 0.005 0.007 0.007 0.032 
  19   (0.047) 0.009 0.012 0.124 0.035 
  20   (0.032) 0.006 0.045 0.008 0.005 
  21   (0.036) 0.006 0.309 0.009 0.006 
  22   (0.034) 0.006 0.046 0.009 0.006 
  23   (0.030) 0.005 0.082 0.008 0.005 
  24   (0.034) 0.006 0.084 0.009 0.006 
  25   (0.037) 0.007 0.009 0.384 0.006 
  26   (0.028) 0.005 0.007 0.120 0.005 
  27   (0.032) 0.006 0.008 0.083 0.005 

Locus 19 : locus19 
16 alleles
0.0% missing data
   1   (0.117) 0.205 0.029 0.142 0.165 
   2   (0.111) 0.082 0.028 0.215 0.206 
   3   (0.036) 0.061 0.009 0.009 0.006 
   4   (0.130) 0.317 0.070 0.070 0.111 
   5   (0.070) 0.143 0.017 0.093 0.018 
   6   (0.063) 0.038 0.241 0.016 0.011 
   7   (0.038) 0.058 0.010 0.010 0.011 
   8   (0.074) 0.023 0.018 0.094 0.169 
   9   (0.045) 0.014 0.011 0.011 0.112 
  10   (0.042) 0.009 0.010 0.010 0.116 
  11   (0.061) 0.011 0.015 0.203 0.038 
  12   (0.035) 0.006 0.046 0.009 0.006 
  13   (0.067) 0.012 0.167 0.092 0.012 
  14   (0.039) 0.007 0.160 0.010 0.007 
  15   (0.039) 0.007 0.122 0.010 0.007 
  16   (0.034) 0.006 0.046 0.008 0.006 

Locus 20 : locus20 
24 alleles
0.0% missing data
   1   (0.062) 0.170 0.015 0.053 0.015 
   2   (0.048) 0.036 0.125 0.012 0.008 
   3   (0.069) 0.143 0.130 0.017 0.017 
   4   (0.034) 0.057 0.009 0.009 0.010 
   5   (0.077) 0.305 0.019 0.132 0.022 
   6   (0.066) 0.093 0.016 0.316 0.011 
   7   (0.029) 0.032 0.007 0.007 0.005 
   8   (0.048) 0.036 0.012 0.087 0.008 
   9   (0.039) 0.009 0.010 0.010 0.255 
  10   (0.036) 0.009 0.009 0.009 0.170 
  11   (0.032) 0.009 0.008 0.008 0.057 
  12   (0.038) 0.009 0.009 0.009 0.116 
  13   (0.029) 0.005 0.007 0.007 0.033 
  14   (0.039) 0.009 0.010 0.010 0.087 
  15   (0.037) 0.011 0.009 0.009 0.057 
  16   (0.043) 0.017 0.011 0.011 0.080 
  17   (0.031) 0.006 0.045 0.008 0.005 
  18   (0.035) 0.006 0.159 0.009 0.006 
  19   (0.037) 0.007 0.160 0.009 0.006 
  20   (0.037) 0.007 0.197 0.009 0.006 
  21   (0.033) 0.006 0.008 0.046 0.006 
  22   (0.033) 0.006 0.008 0.046 0.006 
  23   (0.035) 0.006 0.009 0.122 0.006 
  24   (0.032) 0.006 0.008 0.045 0.006 

Locus 21 : locus21 
11 alleles
0.0% missing data
   1   (0.148) 0.223 0.112 0.111 0.186 
   2   (0.068) 0.090 0.129 0.017 0.016 
   3   (0.065) 0.172 0.053 0.016 0.015 
   4   (0.080) 0.116 0.057 0.020 0.049 
   5   (0.128) 0.095 0.069 0.220 0.141 
   6   (0.107) 0.046 0.215 0.064 0.073 
   7   (0.076) 0.053 0.057 0.019 0.084 
   8   (0.146) 0.113 0.111 0.149 0.269 
   9   (0.039) 0.058 0.010 0.010 0.011 
  10   (0.099) 0.026 0.174 0.062 0.148 
  11   (0.046) 0.008 0.011 0.311 0.008 

Locus 22 : locus22 
21 alleles
0.0% missing data
   1   (0.042) 0.144 0.011 0.011 0.009 
   2   (0.039) 0.058 0.010 0.010 0.011 
   3   (0.082) 0.097 0.021 0.433 0.014 
   4   (0.057) 0.051 0.014 0.014 0.051 
   5   (0.062) 0.090 0.016 0.053 0.014 
   6   (0.045) 0.306 0.011 0.011 0.013 
   7   (0.064) 0.053 0.016 0.016 0.162 
   8   (0.061) 0.038 0.015 0.204 0.011 
   9   (0.040) 0.058 0.010 0.010 0.011 
  10   (0.051) 0.012 0.013 0.013 0.309 
  11   (0.034) 0.006 0.008 0.009 0.033 
  12   (0.050) 0.016 0.013 0.012 0.221 
  13   (0.034) 0.006 0.008 0.008 0.033 
  14   (0.038) 0.011 0.010 0.010 0.057 
  15   (0.040) 0.007 0.197 0.010 0.007 
  16   (0.060) 0.011 0.203 0.052 0.010 
  17   (0.058) 0.010 0.090 0.089 0.010 
  18   (0.034) 0.006 0.046 0.008 0.006 
  19   (0.036) 0.007 0.084 0.009 0.006 
  20   (0.041) 0.007 0.160 0.010 0.007 
  21   (0.031) 0.006 0.045 0.008 0.005 

Locus 23 : locus23 
16 alleles
0.0% missing data
   1   (0.078) 0.170 0.207 0.020 0.022 
   2   (0.051) 0.037 0.013 0.050 0.009 
   3   (0.120) 0.163 0.143 0.030 0.374 
   4   (0.059) 0.066 0.015 0.127 0.010 
   5   (0.102) 0.196 0.025 0.062 0.196 
   6   (0.107) 0.075 0.064 0.177 0.072 
   7   (0.090) 0.127 0.060 0.023 0.125 
   8   (0.032) 0.033 0.008 0.008 0.006 
   9   (0.065) 0.039 0.054 0.054 0.011 
  10   (0.054) 0.051 0.013 0.013 0.050 
  11   (0.055) 0.010 0.014 0.051 0.092 
  12   (0.042) 0.008 0.236 0.010 0.007 
  13   (0.033) 0.006 0.046 0.008 0.006 
  14   (0.035) 0.006 0.084 0.009 0.006 
  15   (0.041) 0.007 0.010 0.236 0.007 
  16   (0.037) 0.007 0.009 0.122 0.006 

Locus 24 : locus24 
22 alleles
0.0% missing data
   1   (0.045) 0.254 0.011 0.011 0.010 
   2   (0.037) 0.058 0.009 0.009 0.009 
   3   (0.041) 0.170 0.010 0.010 0.010 
   4   (0.054) 0.065 0.014 0.014 0.037 
   5   (0.066) 0.083 0.129 0.017 0.022 
   6   (0.032) 0.033 0.008 0.008 0.005 
   7   (0.063) 0.198 0.053 0.016 0.017 
   8   (0.058) 0.011 0.165 0.015 0.065 
   9   (0.074) 0.020 0.093 0.018 0.309 
  10   (0.042) 0.012 0.010 0.010 0.140 
  11   (0.054) 0.010 0.089 0.014 0.037 
  12   (0.039) 0.011 0.010 0.010 0.140 
  13   (0.040) 0.013 0.010 0.010 0.111 
  14   (0.052) 0.010 0.013 0.164 0.036 
  15   (0.055) 0.010 0.164 0.051 0.009 
  16   (0.035) 0.006 0.084 0.009 0.006 
  17   (0.035) 0.006 0.084 0.009 0.006 
  18   (0.035) 0.006 0.009 0.121 0.006 
  19   (0.037) 0.007 0.009 0.196 0.006 
  20   (0.030) 0.005 0.008 0.045 0.005 
  21   (0.042) 0.008 0.011 0.198 0.007 
  22   (0.033) 0.006 0.008 0.046 0.006 

Locus 25 : locus25 
14 alleles
0.0% missing data
   1   (0.069) 0.176 0.092 0.017 0.014 
   2   (0.088) 0.085 0.135 0.022 0.082 
   3   (0.119) 0.197 0.067 0.104 0.092 
   4   (0.046) 0.196 0.012 0.011 0.012 
   5   (0.084) 0.147 0.058 0.058 0.020 
   6   (0.071) 0.054 0.018 0.055 0.053 
   7   (0.073) 0.040 0.056 0.131 0.012 
   8   (0.044) 0.012 0.011 0.011 0.251 
   9   (0.100) 0.029 0.062 0.175 0.170 
  10   (0.108) 0.026 0.177 0.102 0.176 
  11   (0.060) 0.011 0.015 0.090 0.093 
  12   (0.073) 0.013 0.206 0.206 0.012 
  13   (0.032) 0.006 0.045 0.008 0.005 
  14   (0.032) 0.006 0.045 0.008 0.005 

Locus 26 : locus26 
20 alleles
0.0% missing data
   1   (0.044) 0.250 0.011 0.011 0.011 
   2   (0.058) 0.037 0.203 0.015 0.010 
   3   (0.069) 0.095 0.017 0.017 0.176 
   4   (0.046) 0.166 0.012 0.011 0.013 
   5   (0.079) 0.147 0.020 0.020 0.404 
   6   (0.042) 0.087 0.011 0.011 0.010 
   7   (0.064) 0.076 0.016 0.016 0.140 
   8   (0.033) 0.033 0.008 0.008 0.006 
   9   (0.038) 0.009 0.009 0.009 0.087 
  10   (0.042) 0.012 0.011 0.011 0.058 
  11   (0.073) 0.013 0.131 0.206 0.013 
  12   (0.038) 0.007 0.084 0.009 0.007 
  13   (0.056) 0.010 0.127 0.051 0.010 
  14   (0.035) 0.006 0.084 0.009 0.006 
  15   (0.056) 0.010 0.051 0.127 0.010 
  16   (0.066) 0.012 0.129 0.129 0.011 
  17   (0.060) 0.011 0.052 0.203 0.010 
  18   (0.033) 0.006 0.008 0.046 0.006 
  19   (0.034) 0.006 0.009 0.046 0.006 
  20   (0.034) 0.006 0.008 0.046 0.006 

Locus 27 : locus27 
21 alleles
0.0% missing data
   1   (0.039) 0.194 0.010 0.010 0.009 
   2   (0.043) 0.110 0.011 0.011 0.012 
   3   (0.048) 0.330 0.012 0.012 0.011 
   4   (0.032) 0.033 0.008 0.008 0.006 
   5   (0.033) 0.033 0.008 0.008 0.006 
   6   (0.042) 0.135 0.010 0.010 0.015 
   7   (0.067) 0.014 0.017 0.092 0.177 
   8   (0.064) 0.013 0.016 0.091 0.178 
   9   (0.048) 0.009 0.012 0.050 0.036 
  10   (0.039) 0.012 0.010 0.010 0.114 
  11   (0.043) 0.012 0.011 0.011 0.199 
  12   (0.032) 0.006 0.008 0.008 0.033 
  13   (0.037) 0.010 0.009 0.009 0.058 
  14   (0.087) 0.029 0.059 0.172 0.084 
  15   (0.036) 0.006 0.122 0.009 0.006 
  16   (0.035) 0.006 0.046 0.009 0.006 
  17   (0.063) 0.011 0.204 0.090 0.011 
  18   (0.059) 0.011 0.127 0.090 0.010 
  19   (0.040) 0.007 0.160 0.010 0.007 
  20   (0.058) 0.010 0.090 0.090 0.010 
  21   (0.055) 0.010 0.051 0.202 0.010 

Locus 28 : locus28 
22 alleles
0.0% missing data
   1   (0.084) 0.383 0.021 0.021 0.328 
   2   (0.091) 0.112 0.023 0.135 0.113 
   3   (0.095) 0.226 0.024 0.061 0.193 
   4   (0.054) 0.044 0.014 0.014 0.114 
   5   (0.038) 0.088 0.009 0.009 0.007 
   6   (0.063) 0.038 0.016 0.054 0.039 
   7   (0.033) 0.006 0.008 0.008 0.062 
   8   (0.059) 0.016 0.090 0.015 0.060 
   9   (0.034) 0.006 0.121 0.008 0.006 
  10   (0.032) 0.006 0.083 0.008 0.006 
  11   (0.038) 0.007 0.122 0.010 0.007 
  12   (0.033) 0.006 0.046 0.008 0.006 
  13   (0.035) 0.006 0.121 0.009 0.006 
  14   (0.035) 0.006 0.046 0.009 0.006 
  15   (0.037) 0.007 0.122 0.009 0.006 
  16   (0.032) 0.006 0.045 0.008 0.006 
  17   (0.031) 0.006 0.045 0.008 0.005 
  18   (0.043) 0.008 0.011 0.236 0.007 
  19   (0.036) 0.006 0.009 0.197 0.006 
  20   (0.035) 0.006 0.009 0.084 0.006 
  21   (0.031) 0.006 0.008 0.045 0.005 
  22   (0.031) 0.006 0.008 0.045 0.005 

Locus 29 : locus29 
23 alleles
0.0% missing data
   1   (0.059) 0.247 0.052 0.015 0.017 
   2   (0.030) 0.033 0.008 0.008 0.005 
   3   (0.084) 0.246 0.058 0.021 0.084 
   4   (0.054) 0.088 0.089 0.013 0.012 
   5   (0.070) 0.113 0.055 0.017 0.048 
   6   (0.081) 0.153 0.133 0.020 0.092 
   7   (0.068) 0.019 0.092 0.017 0.341 
   8   (0.036) 0.010 0.009 0.009 0.143 
   9   (0.036) 0.006 0.009 0.009 0.119 
  10   (0.042) 0.008 0.048 0.011 0.035 
  11   (0.032) 0.006 0.008 0.008 0.034 
  12   (0.033) 0.006 0.046 0.008 0.006 
  13   (0.033) 0.006 0.121 0.008 0.006 
  14   (0.031) 0.005 0.045 0.008 0.005 
  15   (0.049) 0.009 0.088 0.049 0.009 
  16   (0.033) 0.006 0.083 0.008 0.006 
  17   (0.034) 0.006 0.008 0.159 0.006 
  18   (0.029) 0.005 0.007 0.045 0.005 
  19   (0.037) 0.007 0.009 0.272 0.007 
  20   (0.032) 0.006 0.008 0.083 0.006 
  21   (0.033) 0.006 0.008 0.083 0.006 
  22   (0.034) 0.006 0.008 0.084 0.006 
  23   (0.029) 0.005 0.007 0.045 0.005 

Locus 30 : locus30 
23 alleles
0.0% missing data
   1   (0.039) 0.223 0.010 0.010 0.010 
   2   (0.050) 0.036 0.163 0.012 0.009 
   3   (0.064) 0.175 0.016 0.204 0.013 
   4   (0.055) 0.114 0.014 0.051 0.015 
   5   (0.065) 0.144 0.016 0.241 0.016 
   6   (0.047) 0.036 0.012 0.124 0.008 
   7   (0.052) 0.064 0.013 0.088 0.009 
   8   (0.052) 0.083 0.013 0.050 0.018 
   9   (0.034) 0.009 0.009 0.009 0.223 
  10   (0.028) 0.009 0.007 0.007 0.056 
  11   (0.059) 0.021 0.052 0.015 0.247 
  12   (0.027) 0.005 0.007 0.007 0.032 
  13   (0.052) 0.009 0.126 0.013 0.064 
  14   (0.047) 0.008 0.124 0.012 0.035 
  15   (0.050) 0.009 0.088 0.013 0.064 
  16   (0.029) 0.005 0.007 0.007 0.032 
  17   (0.056) 0.013 0.089 0.014 0.088 
  18   (0.045) 0.008 0.086 0.011 0.035 
  19   (0.030) 0.005 0.045 0.007 0.005 
  20   (0.031) 0.006 0.045 0.008 0.005 
  21   (0.029) 0.005 0.045 0.007 0.005 
  22   (0.029) 0.005 0.007 0.045 0.005 
  23   (0.031) 0.006 0.008 0.045 0.005 

Locus 31 : locus31 
25 alleles
0.0% missing data
   1   (0.044) 0.221 0.011 0.011 0.011 
   2   (0.038) 0.080 0.009 0.009 0.015 
   3   (0.027) 0.032 0.007 0.007 0.005 
   4   (0.043) 0.193 0.011 0.011 0.012 
   5   (0.037) 0.115 0.009 0.009 0.006 
   6   (0.038) 0.110 0.009 0.009 0.012 
   7   (0.031) 0.032 0.008 0.008 0.005 
   8   (0.033) 0.060 0.008 0.008 0.006 
   9   (0.044) 0.012 0.011 0.011 0.227 
  10   (0.054) 0.010 0.013 0.239 0.037 
  11   (0.058) 0.010 0.014 0.089 0.094 
  12   (0.068) 0.027 0.129 0.017 0.164 
  13   (0.035) 0.006 0.009 0.009 0.062 
  14   (0.049) 0.009 0.050 0.012 0.093 
  15   (0.066) 0.024 0.016 0.241 0.138 
  16   (0.055) 0.010 0.126 0.014 0.065 
  17   (0.030) 0.005 0.120 0.008 0.005 
  18   (0.036) 0.006 0.159 0.009 0.006 
  19   (0.034) 0.006 0.121 0.009 0.006 
  20   (0.028) 0.005 0.045 0.007 0.005 
  21   (0.032) 0.006 0.046 0.008 0.006 
  22   (0.032) 0.006 0.045 0.008 0.006 
  23   (0.030) 0.005 0.007 0.082 0.005 
  24   (0.029) 0.005 0.007 0.083 0.005 
  25   (0.030) 0.005 0.007 0.082 0.005 

Locus 32 : locus32 
23 alleles
0.0% missing data
   1   (0.064) 0.285 0.016 0.016 0.148 
   2   (0.093) 0.072 0.136 0.173 0.043 
   3   (0.048) 0.064 0.012 0.012 0.062 
   4   (0.034) 0.143 0.009 0.009 0.007 
   5   (0.052) 0.050 0.013 0.013 0.160 
   6   (0.047) 0.036 0.012 0.012 0.035 
   7   (0.033) 0.087 0.008 0.008 0.008 
   8   (0.033) 0.058 0.008 0.008 0.009 
   9   (0.036) 0.088 0.009 0.009 0.008 
  10   (0.053) 0.013 0.013 0.088 0.088 
  11   (0.054) 0.010 0.051 0.051 0.037 
  12   (0.061) 0.015 0.016 0.278 0.089 
  13   (0.041) 0.016 0.010 0.010 0.190 
  14   (0.043) 0.008 0.011 0.048 0.035 
  15   (0.030) 0.005 0.007 0.008 0.033 
  16   (0.031) 0.006 0.045 0.008 0.005 
  17   (0.031) 0.006 0.158 0.008 0.005 
  18   (0.034) 0.006 0.159 0.008 0.006 
  19   (0.033) 0.006 0.083 0.008 0.006 
  20   (0.053) 0.010 0.163 0.088 0.009 
  21   (0.042) 0.008 0.048 0.048 0.007 
  22   (0.026) 0.005 0.006 0.044 0.004 
  23   (0.027) 0.005 0.007 0.044 0.005 

Locus 33 : locus33 
22 alleles
0.0% missing data
   1   (0.035) 0.162 0.009 0.009 0.009 
   2   (0.039) 0.136 0.010 0.010 0.011 
   3   (0.042) 0.163 0.010 0.011 0.011 
   4   (0.037) 0.083 0.009 0.009 0.009 
   5   (0.036) 0.107 0.009 0.009 0.011 
   6   (0.035) 0.083 0.009 0.009 0.009 
   7   (0.065) 0.092 0.016 0.016 0.181 
   8   (0.031) 0.032 0.008 0.008 0.006 
   9   (0.092) 0.022 0.060 0.173 0.268 
  10   (0.038) 0.007 0.009 0.009 0.064 
  11   (0.030) 0.005 0.007 0.007 0.034 
  12   (0.030) 0.005 0.008 0.008 0.034 
  13   (0.053) 0.012 0.013 0.051 0.092 
  14   (0.087) 0.015 0.322 0.172 0.044 
  15   (0.032) 0.006 0.008 0.008 0.034 
  16   (0.103) 0.032 0.138 0.251 0.145 
  17   (0.031) 0.005 0.120 0.008 0.006 
  18   (0.054) 0.009 0.164 0.051 0.010 
  19   (0.032) 0.006 0.045 0.008 0.006 
  20   (0.032) 0.006 0.008 0.045 0.006 
  21   (0.035) 0.006 0.009 0.084 0.006 
  22   (0.032) 0.006 0.008 0.045 0.006 

Locus 34 : locus34 
19 alleles
0.0% missing data
   1   (0.048) 0.460 0.012 0.012 0.015 
   2   (0.066) 0.089 0.016 0.129 0.015 
   3   (0.066) 0.092 0.016 0.129 0.012 
   4   (0.066) 0.144 0.016 0.091 0.014 
   5   (0.033) 0.033 0.008 0.008 0.006 
   6   (0.049) 0.035 0.012 0.050 0.008 
   7   (0.074) 0.018 0.131 0.019 0.176 
   8   (0.062) 0.011 0.241 0.015 0.039 
   9   (0.065) 0.018 0.053 0.016 0.201 
  10   (0.060) 0.013 0.052 0.015 0.120 
  11   (0.068) 0.020 0.092 0.017 0.116 
  12   (0.031) 0.005 0.008 0.008 0.034 
  13   (0.068) 0.016 0.130 0.017 0.092 
  14   (0.058) 0.013 0.052 0.015 0.120 
  15   (0.041) 0.007 0.123 0.010 0.007 
  16   (0.034) 0.006 0.009 0.046 0.006 
  17   (0.038) 0.007 0.009 0.122 0.007 
  18   (0.039) 0.007 0.010 0.160 0.007 
  19   (0.034) 0.006 0.009 0.121 0.006 

Locus 35 : locus35 
20 alleles
0.0% missing data
   1   (0.050) 0.291 0.013 0.013 0.016 
   2   (0.044) 0.162 0.011 0.011 0.011 
   3   (0.045) 0.111 0.011 0.011 0.010 
   4   (0.077) 0.066 0.019 0.131 0.043 
   5   (0.045) 0.135 0.011 0.011 0.013 
   6   (0.086) 0.079 0.021 0.134 0.088 
   7   (0.033) 0.032 0.008 0.008 0.006 
   8   (0.044) 0.011 0.011 0.011 0.293 
   9   (0.076) 0.018 0.019 0.207 0.095 
  10   (0.035) 0.006 0.009 0.009 0.064 
  11   (0.065) 0.011 0.016 0.242 0.040 
  12   (0.038) 0.007 0.009 0.009 0.036 
  13   (0.041) 0.007 0.010 0.010 0.123 
  14   (0.059) 0.015 0.015 0.052 0.063 
  15   (0.064) 0.016 0.016 0.091 0.063 
  16   (0.034) 0.006 0.046 0.009 0.006 
  17   (0.040) 0.007 0.273 0.010 0.007 
  18   (0.039) 0.007 0.160 0.010 0.007 
  19   (0.043) 0.007 0.161 0.011 0.008 
  20   (0.043) 0.007 0.161 0.011 0.008 

Locus 36 : locus36 
15 alleles
0.0% missing data
   1   (0.136) 0.168 0.222 0.071 0.099 
   2   (0.112) 0.255 0.065 0.215 0.030 
   3   (0.041) 0.117 0.010 0.010 0.007 
   4   (0.168) 0.288 0.230 0.193 0.097 
   5   (0.092) 0.071 0.060 0.248 0.016 
   6   (0.045) 0.012 0.011 0.011 0.170 
   7   (0.036) 0.007 0.009 0.009 0.062 
   8   (0.044) 0.012 0.011 0.011 0.142 
   9   (0.080) 0.019 0.170 0.020 0.204 
  10   (0.039) 0.011 0.010 0.010 0.058 
  11   (0.058) 0.011 0.128 0.015 0.037 
  12   (0.040) 0.012 0.010 0.010 0.058 
  13   (0.034) 0.006 0.046 0.009 0.006 
  14   (0.036) 0.006 0.009 0.084 0.006 
  15   (0.038) 0.007 0.010 0.084 0.007 

Locus 37 : locus37 
23 alleles
0.0% missing data
   1   (0.041) 0.194 0.010 0.010 0.010 
   2   (0.036) 0.061 0.009 0.009 0.006 
   3   (0.043) 0.246 0.011 0.011 0.013 
   4   (0.037) 0.057 0.009 0.009 0.011 
   5   (0.041) 0.275 0.010 0.010 0.010 
   6   (0.036) 0.006 0.009 0.009 0.062 
   7   (0.052) 0.012 0.050 0.013 0.090 
   8   (0.039) 0.009 0.010 0.010 0.117 
   9   (0.042) 0.012 0.011 0.011 0.114 
  10   (0.036) 0.009 0.009 0.009 0.088 
  11   (0.035) 0.006 0.009 0.009 0.062 
  12   (0.070) 0.024 0.093 0.018 0.195 
  13   (0.058) 0.010 0.015 0.203 0.038 
  14   (0.037) 0.008 0.009 0.009 0.116 
  15   (0.062) 0.011 0.166 0.128 0.011 
  16   (0.035) 0.006 0.121 0.009 0.006 
  17   (0.052) 0.009 0.050 0.164 0.009 
  18   (0.033) 0.006 0.046 0.008 0.006 
  19   (0.036) 0.006 0.122 0.009 0.006 
  20   (0.053) 0.009 0.126 0.051 0.009 
  21   (0.054) 0.010 0.088 0.163 0.009 
  22   (0.037) 0.007 0.009 0.084 0.006 
  23   (0.033) 0.006 0.008 0.046 0.006 

Locus 38 : locus38 
24 alleles
0.0% missing data
   1   (0.041) 0.167 0.010 0.010 0.010 
   2   (0.035) 0.061 0.009 0.009 0.006 
   3   (0.037) 0.139 0.009 0.009 0.010 
   4   (0.042) 0.249 0.011 0.010 0.010 
   5   (0.039) 0.086 0.010 0.010 0.009 
   6   (0.034) 0.057 0.008 0.008 0.009 
   7   (0.031) 0.033 0.008 0.008 0.005 
   8   (0.032) 0.056 0.008 0.008 0.009 
   9   (0.041) 0.009 0.010 0.010 0.228 
  10   (0.038) 0.008 0.009 0.009 0.117 
  11   (0.038) 0.012 0.010 0.010 0.113 
  12   (0.035) 0.006 0.009 0.009 0.034 
  13   (0.042) 0.016 0.011 0.010 0.138 
  14   (0.061) 0.013 0.090 0.015 0.119 
  15   (0.062) 0.011 0.392 0.016 0.038 
  16   (0.030) 0.005 0.008 0.008 0.033 
  17   (0.062) 0.017 0.128 0.015 0.060 
  18   (0.051) 0.009 0.050 0.088 0.009 
  19   (0.053) 0.009 0.050 0.125 0.009 
  20   (0.061) 0.011 0.128 0.128 0.011 
  21   (0.034) 0.006 0.008 0.121 0.006 
  22   (0.030) 0.005 0.008 0.045 0.005 
  23   (0.033) 0.006 0.008 0.121 0.006 
  24   (0.039) 0.007 0.010 0.197 0.007 

Locus 39 : locus39 
21 alleles
0.0% missing data
   1   (0.038) 0.170 0.010 0.010 0.008 
   2   (0.050) 0.359 0.013 0.013 0.014 
   3   (0.037) 0.061 0.009 0.009 0.006 
   4   (0.038) 0.057 0.009 0.009 0.011 
   5   (0.035) 0.061 0.009 0.009 0.006 
   6   (0.036) 0.034 0.009 0.009 0.006 
   7   (0.038) 0.057 0.010 0.009 0.011 
   8   (0.036) 0.057 0.009 0.009 0.010 
   9   (0.052) 0.013 0.013 0.013 0.336 
  10   (0.043) 0.010 0.011 0.011 0.144 
  11   (0.045) 0.011 0.011 0.011 0.170 
  12   (0.037) 0.011 0.009 0.009 0.057 
  13   (0.042) 0.013 0.011 0.011 0.112 
  14   (0.035) 0.006 0.009 0.009 0.034 
  15   (0.070) 0.013 0.130 0.205 0.012 
  16   (0.060) 0.011 0.128 0.052 0.010 
  17   (0.072) 0.013 0.130 0.168 0.012 
  18   (0.056) 0.010 0.127 0.051 0.010 
  19   (0.075) 0.014 0.244 0.244 0.013 
  20   (0.052) 0.009 0.050 0.051 0.009 
  21   (0.052) 0.009 0.050 0.088 0.009 

Locus 40 : locus40 
13 alleles
0.0% missing data
   1   (0.046) 0.156 0.011 0.012 0.020 
   2   (0.178) 0.186 0.233 0.232 0.207 
   3   (0.081) 0.093 0.057 0.095 0.015 
   4   (0.074) 0.219 0.018 0.093 0.020 
   5   (0.095) 0.142 0.024 0.061 0.195 
   6   (0.131) 0.102 0.070 0.183 0.194 
   7   (0.094) 0.043 0.174 0.211 0.017 
   8   (0.055) 0.010 0.051 0.014 0.096 
   9   (0.071) 0.019 0.130 0.018 0.120 
  10   (0.055) 0.009 0.051 0.014 0.067 
  11   (0.050) 0.009 0.050 0.013 0.038 
  12   (0.037) 0.006 0.122 0.009 0.007 
  13   (0.034) 0.006 0.008 0.046 0.006 

Locus 41 : locus41 
25 alleles
0.0% missing data
   1   (0.038) 0.088 0.009 0.009 0.007 
   2   (0.038) 0.141 0.009 0.009 0.008 
   3   (0.041) 0.165 0.010 0.010 0.012 
   4   (0.040) 0.165 0.010 0.010 0.012 
   5   (0.036) 0.061 0.009 0.009 0.006 
   6   (0.034) 0.057 0.008 0.008 0.009 
   7   (0.033) 0.139 0.008 0.008 0.009 
   8   (0.030) 0.032 0.007 0.007 0.005 
   9   (0.055) 0.019 0.014 0.051 0.139 
  10   (0.072) 0.016 0.018 0.431 0.149 
  11   (0.057) 0.014 0.051 0.014 0.172 
  12   (0.038) 0.009 0.009 0.009 0.088 
  13   (0.053) 0.009 0.013 0.089 0.036 
  14   (0.065) 0.018 0.016 0.091 0.199 
  15   (0.050) 0.009 0.012 0.050 0.064 
  16   (0.031) 0.006 0.008 0.008 0.033 
  17   (0.030) 0.005 0.045 0.008 0.005 
  18   (0.034) 0.006 0.083 0.009 0.006 
  19   (0.035) 0.006 0.121 0.009 0.006 
  20   (0.037) 0.007 0.235 0.009 0.006 
  21   (0.029) 0.005 0.045 0.007 0.005 
  22   (0.033) 0.006 0.159 0.008 0.006 
  23   (0.030) 0.005 0.045 0.008 0.005 
  24   (0.028) 0.005 0.044 0.007 0.005 
  25   (0.034) 0.006 0.008 0.121 0.006 

Locus 42 : locus42 
23 alleles
0.0% missing data
   1   (0.043) 0.140 0.011 0.011 0.011 
   2   (0.044) 0.171 0.011 0.011 0.009 
   3   (0.040) 0.112 0.010 0.010 0.011 
   4   (0.039) 0.057 0.010 0.010 0.011 
   5   (0.034) 0.033 0.008 0.008 0.006 
   6   (0.039) 0.087 0.010 0.010 0.009 
   7   (0.032) 0.033 0.008 0.008 0.005 
   8   (0.042) 0.222 0.010 0.010 0.011 
   9   (0.038) 0.007 0.010 0.010 0.090 
  10   (0.038) 0.010 0.009 0.010 0.169 
  11   (0.039) 0.008 0.010 0.010 0.171 
  12   (0.044) 0.014 0.011 0.011 0.168 
  13   (0.043) 0.013 0.011 0.011 0.196 
  14   (0.039) 0.012 0.010 0.010 0.057 
  15   (0.066) 0.012 0.167 0.167 0.011 
  16   (0.039) 0.007 0.272 0.010 0.007 
  17   (0.066) 0.012 0.167 0.129 0.011 
  18   (0.055) 0.010 0.051 0.089 0.009 
  19   (0.064) 0.012 0.129 0.091 0.011 
  20   (0.051) 0.009 0.050 0.050 0.009 
  21   (0.038) 0.007 0.009 0.159 0.006 
  22   (0.038) 0.007 0.009 0.122 0.007 
  23   (0.031) 0.006 0.008 0.045 0.005 

Locus 43 : locus43 
21 alleles
0.0% missing data
   1   (0.045) 0.169 0.011 0.011 0.013 
   2   (0.078) 0.093 0.320 0.019 0.017 
   3   (0.069) 0.068 0.017 0.317 0.012 
   4   (0.063) 0.116 0.016 0.053 0.017 
   5   (0.061) 0.091 0.015 0.090 0.014 
   6   (0.075) 0.122 0.319 0.019 0.016 
   7   (0.054) 0.061 0.013 0.051 0.013 
   8   (0.040) 0.088 0.010 0.010 0.009 
   9   (0.063) 0.095 0.016 0.091 0.011 
  10   (0.048) 0.014 0.012 0.012 0.329 
  11   (0.041) 0.010 0.010 0.010 0.223 
  12   (0.044) 0.011 0.011 0.011 0.168 
  13   (0.037) 0.007 0.009 0.009 0.033 
  14   (0.039) 0.011 0.010 0.010 0.057 
  15   (0.032) 0.006 0.008 0.008 0.033 
  16   (0.034) 0.006 0.046 0.009 0.006 
  17   (0.035) 0.006 0.083 0.009 0.006 
  18   (0.032) 0.006 0.045 0.008 0.005 
  19   (0.039) 0.007 0.010 0.122 0.007 
  20   (0.038) 0.007 0.009 0.085 0.007 
  21   (0.033) 0.006 0.008 0.046 0.006 

Locus 44 : locus44 
17 alleles
0.0% missing data
   1   (0.062) 0.207 0.016 0.016 0.057 
   2   (0.065) 0.280 0.016 0.016 0.065 
   3   (0.081) 0.048 0.095 0.020 0.149 
   4   (0.105) 0.071 0.252 0.026 0.217 
   5   (0.037) 0.056 0.009 0.009 0.010 
   6   (0.040) 0.164 0.010 0.010 0.010 
   7   (0.034) 0.059 0.009 0.008 0.006 
   8   (0.092) 0.019 0.136 0.098 0.156 
   9   (0.086) 0.020 0.059 0.097 0.180 
  10   (0.063) 0.016 0.016 0.166 0.062 
  11   (0.051) 0.009 0.013 0.088 0.037 
  12   (0.053) 0.009 0.051 0.089 0.009 
  13   (0.055) 0.010 0.127 0.051 0.010 
  14   (0.053) 0.009 0.051 0.126 0.009 
  15   (0.052) 0.009 0.126 0.050 0.009 
  16   (0.033) 0.006 0.008 0.046 0.006 
  17   (0.035) 0.006 0.009 0.084 0.006 

Locus 45 : locus45 
24 alleles
0.0% missing data
   1   (0.058) 0.052 0.052 0.015 0.051 
   2   (0.032) 0.060 0.008 0.008 0.006 
   3   (0.026) 0.032 0.007 0.006 0.004 
   4   (0.033) 0.143 0.008 0.008 0.006 
   5   (0.030) 0.056 0.007 0.008 0.009 
   6   (0.049) 0.036 0.200 0.012 0.008 
   7   (0.037) 0.104 0.009 0.009 0.017 
   8   (0.051) 0.036 0.313 0.013 0.009 
   9   (0.038) 0.168 0.009 0.010 0.009 
  10   (0.037) 0.081 0.009 0.009 0.013 
  11   (0.062) 0.113 0.128 0.016 0.018 
  12   (0.064) 0.015 0.053 0.053 0.119 
  13   (0.053) 0.014 0.013 0.050 0.143 
  14   (0.035) 0.011 0.009 0.009 0.113 
  15   (0.037) 0.016 0.009 0.009 0.163 
  16   (0.050) 0.009 0.012 0.126 0.036 
  17   (0.051) 0.009 0.013 0.050 0.092 
  18   (0.045) 0.008 0.011 0.049 0.064 
  19   (0.046) 0.008 0.012 0.124 0.035 
  20   (0.046) 0.008 0.011 0.049 0.064 
  21   (0.028) 0.005 0.082 0.007 0.005 
  22   (0.032) 0.006 0.008 0.195 0.006 
  23   (0.031) 0.006 0.008 0.120 0.005 
  24   (0.028) 0.005 0.007 0.044 0.005 

Locus 46 : locus46 
19 alleles
0.0% missing data
   1   (0.063) 0.200 0.053 0.016 0.014 
   2   (0.073) 0.172 0.018 0.168 0.017 
   3   (0.040) 0.111 0.010 0.010 0.012 
   4   (0.062) 0.089 0.015 0.091 0.014 
   5   (0.050) 0.036 0.050 0.012 0.009 
   6   (0.042) 0.140 0.010 0.010 0.011 
   7   (0.058) 0.089 0.015 0.052 0.013 
   8   (0.062) 0.038 0.015 0.241 0.011 
   9   (0.073) 0.017 0.131 0.018 0.202 
  10   (0.040) 0.010 0.010 0.010 0.088 
  11   (0.087) 0.022 0.285 0.022 0.258 
  12   (0.043) 0.013 0.011 0.011 0.112 
  13   (0.070) 0.013 0.205 0.018 0.095 
  14   (0.038) 0.011 0.009 0.009 0.058 
  15   (0.038) 0.011 0.010 0.010 0.058 
  16   (0.035) 0.006 0.084 0.009 0.006 
  17   (0.057) 0.010 0.052 0.127 0.010 
  18   (0.039) 0.007 0.010 0.122 0.007 
  19   (0.031) 0.006 0.008 0.045 0.005 

Locus 47 : locus47 
14 alleles
0.0% missing data
   1   (0.040) 0.089 0.010 0.010 0.009 
   2   (0.124) 0.059 0.144 0.143 0.121 
   3   (0.098) 0.191 0.062 0.024 0.146 
   4   (0.043) 0.114 0.011 0.011 0.012 
   5   (0.033) 0.034 0.008 0.008 0.006 
   6   (0.060) 0.067 0.015 0.090 0.010 
   7   (0.074) 0.116 0.018 0.131 0.020 
   8   (0.126) 0.147 0.032 0.369 0.143 
   9   (0.102) 0.102 0.176 0.138 0.017 
  10   (0.092) 0.032 0.285 0.023 0.191 
  11   (0.079) 0.018 0.132 0.020 0.228 
  12   (0.035) 0.006 0.009 0.009 0.033 
  13   (0.058) 0.018 0.052 0.015 0.058 
  14   (0.035) 0.006 0.046 0.009 0.006 

Locus 48 : locus48 
18 alleles
0.0% missing data
   1   (0.066) 0.061 0.017 0.017 0.183 
   2   (0.065) 0.185 0.016 0.016 0.057 
   3   (0.071) 0.136 0.018 0.018 0.136 
   4   (0.069) 0.205 0.017 0.017 0.066 
   5   (0.114) 0.218 0.103 0.029 0.152 
   6   (0.085) 0.062 0.021 0.096 0.105 
   7   (0.052) 0.037 0.013 0.013 0.036 
   8   (0.077) 0.024 0.019 0.169 0.169 
   9   (0.060) 0.011 0.015 0.166 0.038 
  10   (0.032) 0.006 0.045 0.008 0.005 
  11   (0.041) 0.007 0.198 0.010 0.007 
  12   (0.042) 0.008 0.311 0.010 0.007 
  13   (0.039) 0.007 0.085 0.010 0.007 
  14   (0.034) 0.006 0.046 0.008 0.006 
  15   (0.035) 0.006 0.046 0.009 0.006 
  16   (0.040) 0.007 0.010 0.160 0.007 
  17   (0.038) 0.007 0.010 0.122 0.007 
  18   (0.040) 0.007 0.010 0.123 0.007 

Locus 49 : locus49 
17 alleles
0.0% missing data
   1   (0.085) 0.168 0.059 0.021 0.055 
   2   (0.115) 0.397 0.104 0.103 0.030 
   3   (0.065) 0.095 0.016 0.091 0.011 
   4   (0.084) 0.176 0.059 0.058 0.019 
   5   (0.065) 0.039 0.279 0.016 0.011 
   6   (0.045) 0.012 0.011 0.011 0.168 
   7   (0.047) 0.014 0.012 0.012 0.331 
   8   (0.040) 0.009 0.010 0.010 0.114 
   9   (0.040) 0.012 0.010 0.010 0.057 
  10   (0.059) 0.013 0.015 0.052 0.117 
  11   (0.036) 0.007 0.009 0.009 0.033 
  12   (0.066) 0.012 0.054 0.242 0.011 
  13   (0.068) 0.012 0.130 0.167 0.012 
  14   (0.035) 0.006 0.046 0.009 0.006 
  15   (0.060) 0.011 0.090 0.090 0.010 
  16   (0.055) 0.010 0.051 0.089 0.009 
  17   (0.035) 0.007 0.046 0.009 0.006 

Locus 50 : locus50 
26 alleles
0.0% missing data
   1   (0.035) 0.166 0.009 0.009 0.011 
   2   (0.078) 0.364 0.019 0.132 0.020 
   3   (0.062) 0.060 0.016 0.166 0.016 
   4   (0.032) 0.033 0.008 0.008 0.005 
   5   (0.034) 0.061 0.008 0.009 0.006 
   6   (0.043) 0.035 0.011 0.048 0.007 
   7   (0.032) 0.033 0.008 0.008 0.005 
   8   (0.055) 0.065 0.014 0.126 0.009 
   9   (0.032) 0.057 0.008 0.008 0.009 
  10   (0.041) 0.013 0.010 0.010 0.166 
  11   (0.044) 0.011 0.011 0.011 0.363 
  12   (0.034) 0.007 0.008 0.009 0.142 
  13   (0.029) 0.005 0.007 0.007 0.032 
  14   (0.031) 0.006 0.008 0.008 0.060 
  15   (0.035) 0.014 0.009 0.009 0.081 
  16   (0.043) 0.008 0.198 0.011 0.007 
  17   (0.038) 0.007 0.197 0.010 0.007 
  18   (0.037) 0.007 0.197 0.009 0.006 
  19   (0.034) 0.006 0.046 0.008 0.006 
  20   (0.031) 0.006 0.083 0.008 0.005 
  21   (0.032) 0.006 0.045 0.008 0.006 
  22   (0.032) 0.006 0.046 0.008 0.006 
  23   (0.036) 0.006 0.009 0.121 0.006 
  24   (0.034) 0.006 0.009 0.121 0.006 
  25   (0.036) 0.007 0.009 0.084 0.006 
  26   (0.032) 0.006 0.008 0.045 0.005 

Locus 51 : locus51 
22 alleles
0.0% missing data
   1   (0.075) 0.205 0.169 0.019 0.016 
   2   (0.037) 0.062 0.009 0.009 0.006 
   3   (0.043) 0.257 0.011 0.011 0.009 
   4   (0.068) 0.116 0.017 0.130 0.019 
   5   (0.089) 0.149 0.060 0.097 0.022 
   6   (0.069) 0.084 0.017 0.130 0.023 
   7   (0.050) 0.014 0.013 0.013 0.465 
   8   (0.047) 0.013 0.012 0.012 0.221 
   9   (0.034) 0.006 0.009 0.009 0.060 
  10   (0.030) 0.006 0.008 0.008 0.032 
  11   (0.036) 0.011 0.009 0.009 0.056 
  12   (0.036) 0.007 0.121 0.009 0.006 
  13   (0.032) 0.006 0.045 0.008 0.005 
  14   (0.031) 0.006 0.045 0.008 0.005 
  15   (0.034) 0.006 0.046 0.008 0.006 
  16   (0.036) 0.007 0.084 0.009 0.006 
  17   (0.041) 0.007 0.123 0.010 0.007 
  18   (0.052) 0.010 0.126 0.050 0.009 
  19   (0.053) 0.010 0.051 0.088 0.009 
  20   (0.037) 0.007 0.009 0.122 0.006 
  21   (0.033) 0.006 0.008 0.083 0.006 
  22   (0.038) 0.007 0.010 0.160 0.006 

Locus 52 : locus52 
18 alleles
0.0% missing data
   1   (0.061) 0.143 0.053 0.015 0.015 
   2   (0.032) 0.033 0.008 0.008 0.006 
   3   (0.075) 0.222 0.132 0.019 0.022 
   4   (0.077) 0.222 0.094 0.019 0.023 
   5   (0.050) 0.036 0.050 0.012 0.009 
   6   (0.063) 0.093 0.166 0.016 0.011 
   7   (0.035) 0.061 0.009 0.009 0.006 
   8   (0.035) 0.061 0.009 0.009 0.006 
   9   (0.057) 0.010 0.052 0.014 0.121 
  10   (0.083) 0.023 0.171 0.021 0.367 
  11   (0.078) 0.014 0.095 0.095 0.041 
  12   (0.045) 0.013 0.011 0.011 0.141 
  13   (0.038) 0.009 0.010 0.009 0.087 
  14   (0.058) 0.016 0.015 0.089 0.060 
  15   (0.079) 0.021 0.057 0.095 0.062 
  16   (0.059) 0.011 0.051 0.240 0.010 
  17   (0.039) 0.007 0.010 0.234 0.007 
  18   (0.035) 0.006 0.009 0.084 0.006 

Locus 53 : locus53 
21 alleles
0.0% missing data
   1   (0.036) 0.062 0.009 0.009 0.006 
   2   (0.068) 0.061 0.205 0.017 0.018 
   3   (0.039) 0.141 0.010 0.010 0.010 
   4   (0.061) 0.144 0.053 0.015 0.015 
   5   (0.057) 0.065 0.089 0.014 0.010 
   6   (0.056) 0.038 0.127 0.014 0.010 
   7   (0.060) 0.118 0.052 0.015 0.012 
   8   (0.044) 0.167 0.011 0.011 0.013 
   9   (0.063) 0.090 0.091 0.016 0.014 
  10   (0.046) 0.014 0.011 0.011 0.250 
  11   (0.070) 0.015 0.055 0.018 0.367 
  12   (0.043) 0.013 0.011 0.011 0.112 
  13   (0.064) 0.019 0.054 0.016 0.113 
  14   (0.036) 0.006 0.159 0.009 0.006 
  15   (0.040) 0.007 0.010 0.123 0.007 
  16   (0.033) 0.006 0.008 0.046 0.006 
  17   (0.034) 0.006 0.009 0.084 0.006 
  18   (0.034) 0.006 0.009 0.084 0.006 
  19   (0.039) 0.007 0.010 0.122 0.007 
  20   (0.039) 0.007 0.010 0.160 0.007 
  21   (0.038) 0.007 0.009 0.197 0.006 

Locus 54 : locus54 
17 alleles
0.0% missing data
   1   (0.095) 0.167 0.061 0.024 0.082 
   2   (0.083) 0.110 0.021 0.021 0.227 
   3   (0.108) 0.180 0.140 0.027 0.072 
   4   (0.089) 0.194 0.172 0.022 0.021 
   5   (0.075) 0.248 0.019 0.019 0.071 
   6   (0.046) 0.010 0.012 0.012 0.121 
   7   (0.050) 0.012 0.012 0.012 0.265 
   8   (0.039) 0.007 0.010 0.010 0.065 
   9   (0.072) 0.013 0.318 0.055 0.013 
  10   (0.060) 0.010 0.090 0.052 0.011 
  11   (0.039) 0.007 0.085 0.010 0.007 
  12   (0.045) 0.008 0.011 0.237 0.008 
  13   (0.045) 0.008 0.011 0.199 0.008 
  14   (0.036) 0.006 0.009 0.047 0.007 
  15   (0.042) 0.007 0.011 0.123 0.008 
  16   (0.042) 0.007 0.010 0.086 0.007 
  17   (0.035) 0.006 0.009 0.046 0.006 

Locus 55 : locus55 
15 alleles
0.0% missing data
   1   (0.086) 0.148 0.059 0.096 0.021 
   2   (0.079) 0.151 0.057 0.057 0.015 
   3   (0.072) 0.149 0.018 0.168 0.015 
   4   (0.069) 0.080 0.017 0.017 0.244 
   5   (0.106) 0.139 0.139 0.027 0.173 
   6   (0.059) 0.061 0.090 0.015 0.015 
   7   (0.089) 0.108 0.060 0.022 0.142 
   8   (0.097) 0.051 0.175 0.024 0.203 
   9   (0.066) 0.061 0.017 0.167 0.017 
  10   (0.040) 0.009 0.010 0.010 0.114 
  11   (0.052) 0.010 0.088 0.050 0.009 
  12   (0.039) 0.007 0.160 0.010 0.007 
  13   (0.054) 0.010 0.051 0.088 0.009 
  14   (0.059) 0.011 0.052 0.203 0.010 
  15   (0.033) 0.006 0.008 0.045 0.006 

Locus 56 : locus56 
20 alleles
0.0% missing data
   1   (0.046) 0.215 0.011 0.011 0.013 
   2   (0.115) 0.138 0.103 0.029 0.437 
   3   (0.083) 0.076 0.058 0.021 0.149 
   4   (0.042) 0.136 0.011 0.011 0.011 
   5   (0.101) 0.101 0.138 0.025 0.155 
   6   (0.071) 0.051 0.093 0.018 0.056 
   7   (0.046) 0.131 0.012 0.012 0.018 
   8   (0.075) 0.079 0.056 0.019 0.085 
   9   (0.034) 0.006 0.084 0.009 0.006 
  10   (0.038) 0.007 0.159 0.009 0.007 
  11   (0.035) 0.006 0.084 0.009 0.006 
  12   (0.033) 0.006 0.083 0.008 0.006 
  13   (0.031) 0.005 0.045 0.008 0.006 
  14   (0.040) 0.007 0.010 0.272 0.007 
  15   (0.039) 0.007 0.010 0.197 0.007 
  16   (0.035) 0.006 0.009 0.084 0.006 
  17   (0.040) 0.007 0.010 0.123 0.007 
  18   (0.032) 0.006 0.008 0.045 0.006 
  19   (0.031) 0.005 0.008 0.045 0.006 
  20   (0.034) 0.006 0.008 0.046 0.006 

Locus 57 : locus57 
17 alleles
0.0% missing data
   1   (0.059) 0.118 0.052 0.015 0.013 
   2   (0.044) 0.081 0.011 0.011 0.016 
   3   (0.134) 0.379 0.033 0.371 0.106 
   4   (0.094) 0.132 0.023 0.098 0.093 
   5   (0.065) 0.090 0.016 0.091 0.015 
   6   (0.065) 0.061 0.129 0.016 0.017 
   7   (0.076) 0.041 0.132 0.019 0.040 
   8   (0.081) 0.019 0.020 0.133 0.313 
   9   (0.083) 0.025 0.021 0.095 0.308 
  10   (0.035) 0.006 0.009 0.009 0.034 
  11   (0.054) 0.010 0.089 0.051 0.009 
  12   (0.041) 0.007 0.198 0.010 0.007 
  13   (0.038) 0.007 0.084 0.009 0.006 
  14   (0.033) 0.006 0.046 0.008 0.006 
  15   (0.034) 0.006 0.046 0.008 0.006 
  16   (0.036) 0.006 0.084 0.009 0.006 
  17   (0.031) 0.006 0.008 0.045 0.005 

Locus 58 : locus58 
28 alleles
0.0% missing data
   1   (0.030) 0.168 0.008 0.008 0.008 
   2   (0.032) 0.086 0.008 0.008 0.008 
   3   (0.038) 0.114 0.009 0.009 0.008 
   4   (0.057) 0.060 0.127 0.014 0.014 
   5   (0.062) 0.251 0.053 0.015 0.017 
   6   (0.032) 0.060 0.008 0.008 0.005 
   7   (0.065) 0.090 0.242 0.016 0.015 
   8   (0.028) 0.032 0.007 0.007 0.005 
   9   (0.030) 0.009 0.008 0.008 0.111 
  10   (0.039) 0.010 0.010 0.010 0.363 
  11   (0.028) 0.005 0.007 0.007 0.032 
  12   (0.038) 0.007 0.010 0.010 0.117 
  13   (0.039) 0.012 0.010 0.010 0.111 
  14   (0.032) 0.009 0.008 0.008 0.057 
  15   (0.034) 0.010 0.008 0.008 0.057 
  16   (0.034) 0.006 0.159 0.008 0.006 
  17   (0.030) 0.005 0.120 0.007 0.005 
  18   (0.033) 0.006 0.083 0.008 0.006 
  19   (0.028) 0.005 0.045 0.007 0.005 
  20   (0.038) 0.007 0.010 0.272 0.007 
  21   (0.033) 0.006 0.008 0.083 0.006 
  22   (0.032) 0.006 0.008 0.083 0.005 
  23   (0.033) 0.006 0.008 0.046 0.006 
  24   (0.033) 0.006 0.008 0.083 0.006 
  25   (0.031) 0.006 0.008 0.120 0.005 
  26   (0.031) 0.006 0.008 0.045 0.005 
  27   (0.033) 0.006 0.008 0.046 0.006 
  28   (0.027) 0.005 0.007 0.044 0.005 

Locus 59 : locus59 
19 alleles
0.0% missing data
   1   (0.072) 0.040 0.131 0.130 0.012 
   2   (0.072) 0.172 0.055 0.055 0.017 
   3   (0.037) 0.168 0.009 0.009 0.009 
   4   (0.034) 0.086 0.008 0.008 0.008 
   5   (0.088) 0.111 0.022 0.097 0.250 
   6   (0.051) 0.116 0.050 0.013 0.011 
   7   (0.068) 0.039 0.054 0.168 0.012 
   8   (0.102) 0.079 0.100 0.101 0.177 
   9   (0.109) 0.072 0.064 0.215 0.242 
  10   (0.047) 0.058 0.012 0.049 0.013 
  11   (0.051) 0.009 0.126 0.013 0.064 
  12   (0.046) 0.008 0.049 0.012 0.091 
  13   (0.050) 0.009 0.125 0.012 0.036 
  14   (0.029) 0.005 0.007 0.007 0.033 
  15   (0.029) 0.005 0.045 0.007 0.005 
  16   (0.029) 0.005 0.045 0.007 0.005 
  17   (0.030) 0.005 0.045 0.007 0.005 
  18   (0.029) 0.005 0.045 0.007 0.005 
  19   (0.029) 0.005 0.007 0.082 0.005 

Locus 60 : locus60 
15 alleles
0.0% missing data
   1   (0.101) 0.371 0.063 0.063 0.023 
   2   (0.119) 0.104 0.180 0.180 0.020 
   3   (0.135) 0.144 0.221 0.183 0.040 
   4   (0.059) 0.038 0.128 0.015 0.010 
   5   (0.065) 0.119 0.054 0.016 0.014 
   6   (0.066) 0.123 0.017 0.017 0.064 
   7   (0.039) 0.007 0.010 0.010 0.089 
   8   (0.052) 0.013 0.013 0.013 0.335 
   9   (0.052) 0.009 0.050 0.013 0.036 
  10   (0.049) 0.016 0.012 0.012 0.165 
  11   (0.044) 0.010 0.011 0.011 0.115 
  12   (0.041) 0.012 0.010 0.010 0.057 
  13   (0.082) 0.015 0.133 0.358 0.014 
  14   (0.058) 0.010 0.051 0.090 0.010 
  15   (0.037) 0.007 0.047 0.009 0.006 

Locus 61 : locus61 
21 alleles
0.0% missing data
   1   (0.057) 0.056 0.014 0.014 0.128 
   2   (0.075) 0.136 0.019 0.019 0.246 
   3   (0.039) 0.144 0.010 0.010 0.008 
   4   (0.038) 0.058 0.009 0.010 0.010 
   5   (0.063) 0.218 0.016 0.016 0.053 
   6   (0.101) 0.102 0.288 0.025 0.099 
   7   (0.054) 0.065 0.013 0.014 0.036 
   8   (0.038) 0.059 0.010 0.009 0.010 
   9   (0.063) 0.065 0.016 0.016 0.203 
  10   (0.062) 0.015 0.165 0.016 0.088 
  11   (0.062) 0.017 0.016 0.128 0.059 
  12   (0.031) 0.006 0.045 0.008 0.005 
  13   (0.039) 0.007 0.197 0.010 0.007 
  14   (0.036) 0.007 0.084 0.009 0.006 
  15   (0.034) 0.006 0.046 0.008 0.006 
  16   (0.039) 0.007 0.010 0.309 0.007 
  17   (0.035) 0.006 0.009 0.121 0.006 
  18   (0.033) 0.006 0.008 0.083 0.006 
  19   (0.036) 0.007 0.009 0.084 0.006 
  20   (0.032) 0.006 0.008 0.046 0.005 
  21   (0.033) 0.006 0.008 0.046 0.006 

Locus 62 : locus62 
21 alleles
0.0% missing data
   1   (0.035) 0.116 0.009 0.009 0.007 
   2   (0.035) 0.144 0.009 0.009 0.007 
   3   (0.043) 0.254 0.011 0.011 0.010 
   4   (0.032) 0.034 0.008 0.008 0.006 
   5   (0.035) 0.116 0.009 0.009 0.008 
   6   (0.078) 0.042 0.207 0.095 0.013 
   7   (0.101) 0.103 0.063 0.100 0.095 
   8   (0.035) 0.058 0.009 0.009 0.009 
   9   (0.030) 0.005 0.007 0.007 0.032 
  10   (0.043) 0.013 0.011 0.011 0.193 
  11   (0.084) 0.023 0.058 0.096 0.225 
  12   (0.058) 0.016 0.015 0.052 0.141 
  13   (0.053) 0.010 0.126 0.013 0.036 
  14   (0.028) 0.005 0.007 0.007 0.032 
  15   (0.037) 0.011 0.009 0.009 0.057 
  16   (0.095) 0.017 0.174 0.249 0.098 
  17   (0.030) 0.006 0.120 0.008 0.005 
  18   (0.049) 0.009 0.125 0.049 0.008 
  19   (0.037) 0.007 0.009 0.159 0.006 
  20   (0.031) 0.006 0.008 0.045 0.005 
  21   (0.030) 0.005 0.007 0.045 0.005 

Locus 63 : locus63 
26 alleles
0.0% missing data
   1   (0.059) 0.069 0.015 0.015 0.116 
   2   (0.039) 0.115 0.010 0.010 0.008 
   3   (0.041) 0.224 0.010 0.010 0.010 
   4   (0.034) 0.087 0.009 0.009 0.008 
   5   (0.058) 0.162 0.014 0.015 0.050 
   6   (0.057) 0.055 0.014 0.014 0.295 
   7   (0.051) 0.046 0.013 0.013 0.081 
   8   (0.035) 0.087 0.009 0.009 0.008 
   9   (0.029) 0.033 0.007 0.007 0.005 
  10   (0.033) 0.013 0.008 0.008 0.081 
  11   (0.033) 0.006 0.008 0.008 0.061 
  12   (0.045) 0.008 0.049 0.011 0.035 
  13   (0.061) 0.014 0.015 0.166 0.117 
  14   (0.033) 0.010 0.008 0.008 0.057 
  15   (0.030) 0.005 0.120 0.008 0.005 
  16   (0.030) 0.005 0.120 0.007 0.005 
  17   (0.035) 0.006 0.197 0.009 0.006 
  18   (0.034) 0.006 0.196 0.009 0.006 
  19   (0.033) 0.006 0.121 0.008 0.006 
  20   (0.037) 0.007 0.009 0.121 0.006 
  21   (0.039) 0.007 0.010 0.160 0.007 
  22   (0.034) 0.006 0.009 0.159 0.006 
  23   (0.028) 0.005 0.007 0.045 0.005 
  24   (0.030) 0.005 0.008 0.083 0.005 
  25   (0.031) 0.006 0.008 0.045 0.005 
  26   (0.031) 0.006 0.008 0.045 0.005 

Locus 64 : locus64 
19 alleles
0.0% missing data
   1   (0.048) 0.297 0.012 0.012 0.014 
   2   (0.091) 0.143 0.173 0.060 0.024 
   3   (0.079) 0.060 0.020 0.057 0.190 
   4   (0.066) 0.118 0.017 0.016 0.125 
   5   (0.031) 0.032 0.008 0.008 0.005 
   6   (0.071) 0.155 0.018 0.018 0.200 
   7   (0.050) 0.036 0.013 0.088 0.009 
   8   (0.085) 0.062 0.096 0.134 0.022 
   9   (0.054) 0.013 0.014 0.051 0.091 
  10   (0.039) 0.012 0.010 0.010 0.114 
  11   (0.063) 0.011 0.016 0.241 0.068 
  12   (0.035) 0.006 0.009 0.009 0.034 
  13   (0.038) 0.011 0.009 0.009 0.059 
  14   (0.037) 0.007 0.234 0.009 0.006 
  15   (0.065) 0.011 0.241 0.091 0.011 
  16   (0.053) 0.009 0.088 0.051 0.009 
  17   (0.034) 0.006 0.009 0.046 0.006 
  18   (0.030) 0.005 0.007 0.045 0.005 
  19   (0.033) 0.006 0.008 0.046 0.006 

Locus 65 : locus65 
16 alleles
0.0% missing data
   1   (0.047) 0.112 0.012 0.012 0.014 
   2   (0.053) 0.277 0.013 0.013 0.014 
   3   (0.046) 0.143 0.011 0.011 0.010 
   4   (0.061) 0.060 0.015 0.053 0.016 
   5   (0.041) 0.062 0.010 0.010 0.007 
   6   (0.046) 0.143 0.012 0.012 0.009 
   7   (0.071) 0.061 0.018 0.168 0.018 
   8   (0.074) 0.020 0.093 0.018 0.145 
   9   (0.072) 0.013 0.130 0.018 0.124 
  10   (0.086) 0.023 0.134 0.021 0.201 
  11   (0.093) 0.027 0.173 0.023 0.255 
  12   (0.086) 0.019 0.022 0.247 0.122 
  13   (0.062) 0.011 0.166 0.015 0.038 
  14   (0.082) 0.015 0.170 0.208 0.014 
  15   (0.039) 0.007 0.010 0.085 0.007 
  16   (0.041) 0.007 0.010 0.085 0.007 

Locus 66 : locus66 
14 alleles
0.0% missing data
   1   (0.166) 0.209 0.116 0.304 0.123 
   2   (0.044) 0.168 0.011 0.011 0.013 
   3   (0.040) 0.090 0.010 0.010 0.007 
   4   (0.035) 0.034 0.009 0.009 0.006 
   5   (0.124) 0.105 0.144 0.181 0.049 
   6   (0.122) 0.143 0.105 0.106 0.065 
   7   (0.041) 0.059 0.010 0.010 0.011 
   8   (0.034) 0.034 0.008 0.009 0.006 
   9   (0.119) 0.088 0.292 0.142 0.035 
  10   (0.044) 0.008 0.011 0.011 0.228 
  11   (0.093) 0.030 0.023 0.173 0.388 
  12   (0.070) 0.020 0.168 0.017 0.059 
  13   (0.035) 0.006 0.046 0.009 0.006 
  14   (0.033) 0.006 0.046 0.008 0.006 

Locus 67 : locus67 
14 alleles
0.0% missing data
   1   (0.073) 0.092 0.018 0.168 0.016 
   2   (0.043) 0.116 0.011 0.011 0.009 
   3   (0.043) 0.145 0.011 0.011 0.009 
   4   (0.120) 0.049 0.293 0.143 0.048 
   5   (0.088) 0.281 0.022 0.172 0.026 
   6   (0.077) 0.121 0.019 0.207 0.016 
   7   (0.124) 0.059 0.181 0.106 0.122 
   8   (0.034) 0.034 0.009 0.008 0.006 
   9   (0.058) 0.011 0.014 0.052 0.092 
  10   (0.082) 0.015 0.096 0.057 0.096 
  11   (0.091) 0.033 0.173 0.023 0.271 
  12   (0.064) 0.015 0.053 0.016 0.118 
  13   (0.070) 0.023 0.055 0.018 0.166 
  14   (0.034) 0.006 0.046 0.009 0.006 

Locus 68 : locus68 
16 alleles
0.0% missing data
   1   (0.100) 0.182 0.025 0.175 0.153 
   2   (0.099) 0.144 0.062 0.138 0.053 
   3   (0.039) 0.163 0.010 0.010 0.012 
   4   (0.061) 0.037 0.015 0.053 0.039 
   5   (0.068) 0.220 0.129 0.017 0.018 
   6   (0.125) 0.080 0.181 0.181 0.129 
   7   (0.030) 0.032 0.008 0.008 0.005 
   8   (0.108) 0.059 0.177 0.177 0.060 
   9   (0.035) 0.010 0.009 0.009 0.059 
  10   (0.069) 0.012 0.093 0.054 0.069 
  11   (0.061) 0.017 0.090 0.015 0.117 
  12   (0.036) 0.008 0.009 0.009 0.118 
  13   (0.049) 0.009 0.012 0.087 0.037 
  14   (0.033) 0.006 0.008 0.008 0.063 
  15   (0.036) 0.010 0.009 0.009 0.059 
  16   (0.053) 0.009 0.163 0.050 0.009 

Locus 69 : locus69 
21 alleles
0.0% missing data
   1   (0.060) 0.204 0.015 0.052 0.015 
   2   (0.061) 0.151 0.015 0.052 0.012 
   3   (0.049) 0.052 0.012 0.012 0.047 
   4   (0.059) 0.054 0.015 0.015 0.236 
   5   (0.056) 0.087 0.014 0.051 0.017 
   6   (0.059) 0.096 0.015 0.090 0.010 
   7   (0.056) 0.038 0.014 0.127 0.009 
   8   (0.048) 0.037 0.049 0.012 0.008 
   9   (0.066) 0.063 0.017 0.242 0.016 
  10   (0.052) 0.066 0.013 0.013 0.062 
  11   (0.064) 0.070 0.016 0.016 0.248 
  12   (0.040) 0.012 0.010 0.010 0.136 
  13   (0.033) 0.006 0.008 0.008 0.032 
  14   (0.040) 0.013 0.010 0.010 0.108 
  15   (0.037) 0.007 0.197 0.009 0.006 
  16   (0.041) 0.008 0.235 0.010 0.007 
  17   (0.037) 0.007 0.234 0.009 0.006 
  18   (0.036) 0.007 0.084 0.009 0.006 
  19   (0.036) 0.007 0.009 0.084 0.006 
  20   (0.034) 0.006 0.009 0.083 0.006 
  21   (0.035) 0.007 0.009 0.084 0.006 

Locus 70 : locus70 
12 alleles
0.0% missing data
   1   (0.153) 0.281 0.039 0.264 0.091 
   2   (0.122) 0.143 0.067 0.143 0.032 
   3   (0.098) 0.268 0.099 0.025 0.028 
   4   (0.083) 0.047 0.021 0.021 0.299 
   5   (0.101) 0.176 0.025 0.025 0.248 
   6   (0.047) 0.013 0.012 0.012 0.061 
   7   (0.048) 0.008 0.012 0.012 0.096 
   8   (0.047) 0.012 0.012 0.012 0.062 
   9   (0.121) 0.021 0.218 0.218 0.050 
  10   (0.049) 0.008 0.162 0.012 0.009 
  11   (0.080) 0.014 0.321 0.057 0.015 
  12   (0.051) 0.009 0.013 0.200 0.009 

Locus 71 : locus71 
27 alleles
0.0% missing data
   1   (0.049) 0.060 0.087 0.012 0.012 
   2   (0.048) 0.090 0.050 0.012 0.011 
   3   (0.064) 0.092 0.053 0.129 0.014 
   4   (0.053) 0.037 0.351 0.013 0.009 
   5   (0.035) 0.082 0.009 0.009 0.013 
   6   (0.026) 0.033 0.006 0.006 0.004 
   7   (0.059) 0.067 0.052 0.052 0.010 
   8   (0.029) 0.087 0.007 0.007 0.007 
   9   (0.033) 0.142 0.008 0.008 0.008 
  10   (0.027) 0.033 0.007 0.007 0.005 
  11   (0.030) 0.058 0.007 0.007 0.008 
  12   (0.052) 0.090 0.013 0.088 0.012 
  13   (0.027) 0.033 0.007 0.007 0.005 
  14   (0.039) 0.011 0.010 0.010 0.329 
  15   (0.036) 0.013 0.009 0.009 0.298 
  16   (0.027) 0.005 0.007 0.007 0.032 
  17   (0.032) 0.006 0.008 0.008 0.087 
  18   (0.026) 0.005 0.007 0.007 0.031 
  19   (0.029) 0.005 0.007 0.007 0.032 
  20   (0.027) 0.005 0.007 0.007 0.032 
  21   (0.025) 0.005 0.044 0.006 0.004 
  22   (0.054) 0.010 0.126 0.126 0.009 
  23   (0.042) 0.008 0.048 0.048 0.007 
  24   (0.046) 0.008 0.049 0.124 0.008 
  25   (0.028) 0.005 0.007 0.044 0.005 
  26   (0.028) 0.005 0.007 0.119 0.005 
  27   (0.031) 0.006 0.008 0.120 0.005 

Locus 72 : locus72 
24 alleles
0.0% missing data
   1   (0.028) 0.032 0.007 0.007 0.005 
   2   (0.033) 0.060 0.008 0.008 0.006 
   3   (0.071) 0.040 0.055 0.205 0.012 
   4   (0.028) 0.032 0.007 0.007 0.005 
   5   (0.029) 0.032 0.007 0.007 0.005 
   6   (0.044) 0.245 0.011 0.011 0.015 
   7   (0.037) 0.141 0.009 0.009 0.008 
   8   (0.053) 0.058 0.013 0.088 0.014 
   9   (0.037) 0.114 0.009 0.009 0.008 
  10   (0.036) 0.111 0.009 0.009 0.011 
  11   (0.033) 0.006 0.008 0.008 0.145 
  12   (0.038) 0.012 0.010 0.010 0.113 
  13   (0.030) 0.005 0.008 0.008 0.033 
  14   (0.035) 0.010 0.009 0.009 0.058 
  15   (0.036) 0.009 0.009 0.009 0.171 
  16   (0.053) 0.013 0.088 0.013 0.088 
  17   (0.060) 0.016 0.015 0.090 0.143 
  18   (0.053) 0.016 0.013 0.051 0.114 
  19   (0.057) 0.010 0.127 0.202 0.010 
  20   (0.045) 0.008 0.049 0.086 0.008 
  21   (0.033) 0.006 0.083 0.008 0.006 
  22   (0.034) 0.006 0.121 0.009 0.006 
  23   (0.067) 0.012 0.280 0.129 0.012 
  24   (0.029) 0.005 0.045 0.007 0.005 

Locus 73 : locus73 
18 alleles
0.0% missing data
   1   (0.060) 0.060 0.015 0.015 0.099 
   2   (0.063) 0.143 0.053 0.016 0.016 
   3   (0.088) 0.118 0.135 0.022 0.049 
   4   (0.060) 0.093 0.090 0.015 0.010 
   5   (0.062) 0.151 0.015 0.016 0.061 
   6   (0.109) 0.180 0.290 0.027 0.104 
   7   (0.083) 0.084 0.096 0.058 0.027 
   8   (0.065) 0.039 0.054 0.016 0.039 
   9   (0.055) 0.059 0.051 0.014 0.015 
  10   (0.049) 0.016 0.012 0.012 0.223 
  11   (0.046) 0.010 0.011 0.011 0.312 
  12   (0.037) 0.007 0.121 0.009 0.006 
  13   (0.039) 0.007 0.010 0.160 0.007 
  14   (0.040) 0.007 0.010 0.197 0.007 
  15   (0.035) 0.006 0.009 0.046 0.006 
  16   (0.035) 0.006 0.009 0.084 0.006 
  17   (0.039) 0.007 0.010 0.160 0.007 
  18   (0.037) 0.007 0.009 0.122 0.006 

Locus 74 : locus74 
26 alleles
0.0% missing data
   1   (0.033) 0.163 0.008 0.008 0.010 
   2   (0.033) 0.056 0.008 0.008 0.010 
   3   (0.035) 0.164 0.009 0.009 0.010 
   4   (0.043) 0.034 0.011 0.011 0.064 
   5   (0.032) 0.112 0.008 0.008 0.007 
   6   (0.026) 0.032 0.007 0.007 0.005 
   7   (0.029) 0.055 0.007 0.007 0.009 
   8   (0.030) 0.056 0.008 0.007 0.009 
   9   (0.027) 0.032 0.007 0.007 0.005 
  10   (0.054) 0.063 0.013 0.164 0.009 
  11   (0.027) 0.032 0.007 0.007 0.005 
  12   (0.024) 0.031 0.006 0.006 0.004 
  13   (0.042) 0.048 0.011 0.011 0.049 
  14   (0.078) 0.019 0.094 0.094 0.346 
  15   (0.039) 0.007 0.047 0.010 0.035 
  16   (0.056) 0.020 0.126 0.014 0.139 
  17   (0.069) 0.012 0.130 0.318 0.039 
  18   (0.033) 0.008 0.008 0.008 0.088 
  19   (0.046) 0.008 0.162 0.011 0.035 
  20   (0.046) 0.013 0.087 0.012 0.059 
  21   (0.041) 0.007 0.048 0.010 0.035 
  22   (0.028) 0.005 0.044 0.007 0.005 
  23   (0.043) 0.008 0.048 0.048 0.008 
  24   (0.031) 0.005 0.083 0.008 0.005 
  25   (0.028) 0.005 0.007 0.119 0.005 
  26   (0.027) 0.005 0.007 0.082 0.005 

Locus 75 : locus75 
22 alleles
0.0% missing data
   1   (0.039) 0.141 0.010 0.010 0.008 
   2   (0.037) 0.085 0.009 0.009 0.009 
   3   (0.044) 0.247 0.011 0.011 0.012 
   4   (0.037) 0.141 0.009 0.009 0.008 
   5   (0.030) 0.032 0.007 0.007 0.005 
   6   (0.034) 0.056 0.009 0.009 0.010 
   7   (0.033) 0.060 0.008 0.008 0.006 
   8   (0.040) 0.079 0.010 0.010 0.016 
   9   (0.083) 0.020 0.058 0.058 0.205 
  10   (0.062) 0.014 0.090 0.016 0.120 
  11   (0.066) 0.019 0.129 0.016 0.115 
  12   (0.062) 0.017 0.203 0.015 0.060 
  13   (0.036) 0.010 0.009 0.009 0.058 
  14   (0.036) 0.009 0.009 0.009 0.088 
  15   (0.092) 0.016 0.286 0.173 0.043 
  16   (0.066) 0.017 0.091 0.017 0.174 
  17   (0.029) 0.005 0.007 0.007 0.033 
  18   (0.037) 0.007 0.009 0.159 0.006 
  19   (0.034) 0.006 0.008 0.121 0.006 
  20   (0.033) 0.006 0.008 0.158 0.006 
  21   (0.036) 0.006 0.009 0.084 0.006 
  22   (0.034) 0.006 0.008 0.083 0.006 

Locus 76 : locus76 
17 alleles
0.0% missing data
   1   (0.057) 0.195 0.014 0.014 0.047 
   2   (0.031) 0.033 0.008 0.008 0.005 
   3   (0.061) 0.084 0.015 0.015 0.185 
   4   (0.065) 0.171 0.091 0.016 0.019 
   5   (0.127) 0.171 0.069 0.182 0.202 
   6   (0.116) 0.083 0.066 0.292 0.121 
   7   (0.075) 0.041 0.319 0.056 0.013 
   8   (0.031) 0.033 0.008 0.008 0.005 
   9   (0.082) 0.043 0.208 0.133 0.014 
  10   (0.046) 0.036 0.049 0.011 0.008 
  11   (0.081) 0.053 0.020 0.133 0.085 
  12   (0.059) 0.015 0.090 0.015 0.088 
  13   (0.036) 0.009 0.009 0.009 0.086 
  14   (0.030) 0.006 0.008 0.008 0.032 
  15   (0.039) 0.016 0.010 0.010 0.079 
  16   (0.032) 0.006 0.008 0.045 0.005 
  17   (0.031) 0.006 0.008 0.045 0.005 

Locus 77 : locus77 
11 alleles
0.0% missing data
   1   (0.113) 0.210 0.028 0.179 0.075 
   2   (0.078) 0.094 0.020 0.019 0.210 
   3   (0.090) 0.196 0.060 0.022 0.054 
   4   (0.129) 0.100 0.069 0.145 0.138 
   5   (0.047) 0.169 0.012 0.012 0.011 
   6   (0.162) 0.147 0.341 0.190 0.074 
   7   (0.057) 0.010 0.089 0.014 0.037 
   8   (0.114) 0.024 0.103 0.216 0.155 
   9   (0.110) 0.032 0.140 0.065 0.229 
  10   (0.061) 0.011 0.052 0.128 0.011 
  11   (0.039) 0.007 0.085 0.010 0.007 

Locus 78 : locus78 
20 alleles
0.0% missing data
   1   (0.030) 0.032 0.007 0.007 0.005 
   2   (0.064) 0.090 0.016 0.241 0.014 
   3   (0.048) 0.035 0.012 0.087 0.008 
   4   (0.038) 0.103 0.009 0.010 0.019 
   5   (0.050) 0.091 0.013 0.050 0.009 
   6   (0.066) 0.089 0.054 0.054 0.015 
   7   (0.033) 0.085 0.008 0.008 0.008 
   8   (0.036) 0.113 0.009 0.009 0.008 
   9   (0.070) 0.067 0.055 0.167 0.012 
  10   (0.074) 0.054 0.207 0.019 0.054 
  11   (0.038) 0.135 0.009 0.009 0.013 
  12   (0.092) 0.021 0.173 0.098 0.235 
  13   (0.038) 0.015 0.009 0.009 0.082 
  14   (0.091) 0.026 0.173 0.098 0.201 
  15   (0.083) 0.018 0.096 0.058 0.262 
  16   (0.030) 0.005 0.008 0.007 0.033 
  17   (0.029) 0.005 0.045 0.007 0.005 
  18   (0.031) 0.006 0.045 0.008 0.005 
  19   (0.029) 0.005 0.045 0.007 0.005 
  20   (0.029) 0.005 0.007 0.045 0.005 

Locus 79 : locus79 
20 alleles
0.0% missing data
   1   (0.056) 0.039 0.089 0.014 0.009 
   2   (0.057) 0.093 0.014 0.052 0.013 
   3   (0.069) 0.107 0.017 0.017 0.295 
   4   (0.037) 0.120 0.009 0.009 0.008 
   5   (0.058) 0.068 0.014 0.127 0.010 
   6   (0.066) 0.063 0.016 0.017 0.255 
   7   (0.090) 0.164 0.098 0.023 0.063 
   8   (0.033) 0.060 0.008 0.008 0.009 
   9   (0.050) 0.038 0.012 0.088 0.008 
  10   (0.038) 0.120 0.010 0.010 0.008 
  11   (0.029) 0.034 0.007 0.007 0.005 
  12   (0.095) 0.029 0.099 0.061 0.192 
  13   (0.033) 0.006 0.008 0.008 0.032 
  14   (0.059) 0.017 0.015 0.052 0.057 
  15   (0.042) 0.008 0.386 0.011 0.007 
  16   (0.041) 0.008 0.160 0.010 0.007 
  17   (0.036) 0.007 0.009 0.121 0.006 
  18   (0.034) 0.006 0.008 0.158 0.006 
  19   (0.040) 0.007 0.010 0.123 0.007 
  20   (0.039) 0.007 0.010 0.085 0.006 

Locus 80 : locus80 
21 alleles
0.0% missing data
   1   (0.033) 0.086 0.008 0.008 0.008 
   2   (0.059) 0.083 0.165 0.015 0.019 
   3   (0.064) 0.118 0.016 0.166 0.014 
   4   (0.109) 0.220 0.064 0.140 0.065 
   5   (0.069) 0.094 0.055 0.017 0.067 
   6   (0.059) 0.060 0.015 0.315 0.015 
   7   (0.064) 0.128 0.016 0.016 0.169 
   8   (0.057) 0.054 0.014 0.014 0.298 
   9   (0.050) 0.059 0.050 0.012 0.014 
  10   (0.028) 0.005 0.007 0.007 0.032 
  11   (0.038) 0.016 0.010 0.010 0.080 
  12   (0.030) 0.005 0.008 0.008 0.033 
  13   (0.055) 0.020 0.014 0.051 0.082 
  14   (0.068) 0.012 0.130 0.054 0.039 
  15   (0.026) 0.005 0.007 0.006 0.032 
  16   (0.033) 0.006 0.121 0.008 0.006 
  17   (0.031) 0.006 0.083 0.008 0.005 
  18   (0.029) 0.005 0.045 0.007 0.005 
  19   (0.037) 0.007 0.159 0.009 0.006 
  20   (0.031) 0.006 0.008 0.083 0.005 
  21   (0.030) 0.005 0.007 0.045 0.005 

Locus 81 : locus81 
22 alleles
0.0% missing data
   1   (0.058) 0.168 0.052 0.014 0.014 
   2   (0.062) 0.115 0.128 0.015 0.014 
   3   (0.040) 0.245 0.010 0.010 0.010 
   4   (0.041) 0.243 0.010 0.010 0.013 
   5   (0.033) 0.059 0.008 0.008 0.006 
   6   (0.049) 0.009 0.050 0.012 0.065 
   7   (0.072) 0.018 0.018 0.281 0.148 
   8   (0.055) 0.016 0.014 0.051 0.116 
   9   (0.057) 0.024 0.052 0.014 0.107 
  10   (0.034) 0.009 0.009 0.009 0.088 
  11   (0.059) 0.010 0.015 0.127 0.067 
  12   (0.037) 0.009 0.009 0.009 0.088 
  13   (0.031) 0.005 0.008 0.008 0.034 
  14   (0.084) 0.018 0.209 0.058 0.124 
  15   (0.046) 0.008 0.049 0.012 0.036 
  16   (0.051) 0.009 0.013 0.126 0.037 
  17   (0.032) 0.006 0.121 0.008 0.006 
  18   (0.032) 0.006 0.158 0.008 0.006 
  19   (0.032) 0.006 0.045 0.008 0.006 
  20   (0.035) 0.006 0.009 0.121 0.006 
  21   (0.028) 0.005 0.007 0.045 0.005 
  22   (0.031) 0.005 0.008 0.045 0.005 

Locus 82 : locus82 
13 alleles
0.0% missing data
   1   (0.137) 0.258 0.147 0.034 0.258 
   2   (0.190) 0.336 0.198 0.385 0.088 
   3   (0.110) 0.157 0.065 0.027 0.320 
   4   (0.040) 0.058 0.010 0.010 0.011 
   5   (0.052) 0.037 0.051 0.013 0.009 
   6   (0.128) 0.061 0.220 0.107 0.094 
   7   (0.034) 0.034 0.009 0.009 0.006 
   8   (0.106) 0.019 0.101 0.327 0.073 
   9   (0.043) 0.011 0.011 0.011 0.087 
  10   (0.035) 0.006 0.009 0.009 0.034 
  11   (0.038) 0.007 0.085 0.010 0.007 
  12   (0.035) 0.006 0.046 0.009 0.006 
  13   (0.052) 0.009 0.050 0.050 0.009 

Locus 83 : locus83 
17 alleles
0.0% missing data
   1   (0.086) 0.361 0.134 0.022 0.021 
   2   (0.067) 0.066 0.167 0.017 0.012 
   3   (0.048) 0.192 0.012 0.012 0.014 
   4   (0.035) 0.033 0.009 0.009 0.006 
   5   (0.036) 0.060 0.009 0.009 0.006 
   6   (0.067) 0.136 0.054 0.017 0.022 
   7   (0.084) 0.020 0.208 0.021 0.177 
   8   (0.086) 0.024 0.059 0.059 0.118 
   9   (0.067) 0.017 0.054 0.017 0.146 
  10   (0.067) 0.016 0.017 0.092 0.091 
  11   (0.064) 0.011 0.016 0.241 0.038 
  12   (0.067) 0.017 0.017 0.054 0.146 
  13   (0.039) 0.007 0.010 0.010 0.063 
  14   (0.073) 0.013 0.018 0.318 0.068 
  15   (0.038) 0.011 0.010 0.010 0.058 
  16   (0.041) 0.007 0.198 0.010 0.007 
  17   (0.037) 0.006 0.009 0.084 0.006 

Locus 84 : locus84 
18 alleles
0.0% missing data
   1   (0.073) 0.173 0.093 0.018 0.017 
   2   (0.038) 0.087 0.009 0.009 0.009 
   3   (0.066) 0.200 0.054 0.017 0.015 
   4   (0.034) 0.034 0.008 0.008 0.006 
   5   (0.037) 0.087 0.009 0.009 0.009 
   6   (0.040) 0.115 0.010 0.010 0.009 
   7   (0.066) 0.091 0.091 0.016 0.014 
   8   (0.060) 0.082 0.052 0.015 0.021 
   9   (0.066) 0.016 0.017 0.091 0.089 
  10   (0.039) 0.007 0.010 0.010 0.062 
  11   (0.082) 0.022 0.021 0.095 0.365 
  12   (0.049) 0.009 0.012 0.050 0.036 
  13   (0.042) 0.016 0.010 0.011 0.081 
  14   (0.064) 0.016 0.016 0.053 0.172 
  15   (0.072) 0.013 0.018 0.281 0.067 
  16   (0.066) 0.012 0.242 0.092 0.011 
  17   (0.048) 0.009 0.275 0.012 0.008 
  18   (0.057) 0.010 0.051 0.202 0.010 

Locus 85 : locus85 
22 alleles
0.0% missing data
   1   (0.067) 0.210 0.017 0.017 0.168 
   2   (0.037) 0.057 0.009 0.009 0.010 
   3   (0.044) 0.221 0.011 0.011 0.012 
   4   (0.039) 0.114 0.010 0.010 0.009 
   5   (0.098) 0.101 0.099 0.024 0.265 
   6   (0.061) 0.092 0.165 0.015 0.011 
   7   (0.063) 0.093 0.016 0.016 0.093 
   8   (0.040) 0.010 0.010 0.010 0.172 
   9   (0.033) 0.006 0.008 0.008 0.062 
  10   (0.068) 0.015 0.167 0.017 0.121 
  11   (0.061) 0.011 0.166 0.090 0.011 
  12   (0.036) 0.006 0.084 0.009 0.006 
  13   (0.046) 0.008 0.049 0.049 0.008 
  14   (0.049) 0.009 0.087 0.050 0.008 
  15   (0.029) 0.005 0.045 0.007 0.005 
  16   (0.031) 0.006 0.008 0.083 0.005 
  17   (0.039) 0.007 0.010 0.272 0.007 
  18   (0.032) 0.006 0.008 0.046 0.006 
  19   (0.030) 0.005 0.008 0.045 0.005 
  20   (0.030) 0.005 0.008 0.045 0.005 
  21   (0.037) 0.007 0.009 0.122 0.006 
  22   (0.030) 0.005 0.008 0.045 0.005 

Locus 86 : locus86 
22 alleles
0.0% missing data
   1   (0.040) 0.168 0.010 0.010 0.010 
   2   (0.041) 0.137 0.010 0.010 0.014 
   3   (0.039) 0.142 0.010 0.010 0.008 
   4   (0.032) 0.033 0.008 0.008 0.006 
   5   (0.042) 0.169 0.010 0.010 0.010 
   6   (0.040) 0.087 0.010 0.010 0.009 
   7   (0.079) 0.069 0.020 0.095 0.069 
   8   (0.038) 0.057 0.009 0.009 0.011 
   9   (0.043) 0.010 0.011 0.011 0.116 
  10   (0.046) 0.017 0.012 0.012 0.193 
  11   (0.073) 0.020 0.018 0.093 0.310 
  12   (0.036) 0.010 0.009 0.009 0.058 
  13   (0.087) 0.016 0.096 0.397 0.042 
  14   (0.046) 0.008 0.012 0.049 0.035 
  15   (0.030) 0.005 0.007 0.007 0.033 
  16   (0.056) 0.010 0.014 0.164 0.037 
  17   (0.038) 0.007 0.197 0.009 0.007 
  18   (0.041) 0.007 0.235 0.010 0.007 
  19   (0.049) 0.009 0.050 0.050 0.008 
  20   (0.033) 0.006 0.083 0.008 0.006 
  21   (0.034) 0.006 0.083 0.008 0.006 
  22   (0.036) 0.007 0.084 0.009 0.006 

Locus 87 : locus87 
21 alleles
0.0% missing data
   1   (0.041) 0.138 0.010 0.010 0.011 
   2   (0.031) 0.032 0.008 0.008 0.005 
   3   (0.043) 0.246 0.011 0.011 0.013 
   4   (0.032) 0.060 0.008 0.008 0.006 
   5   (0.038) 0.085 0.009 0.009 0.009 
   6   (0.037) 0.140 0.009 0.009 0.008 
   7   (0.039) 0.109 0.010 0.010 0.012 
   8   (0.029) 0.032 0.007 0.007 0.005 
   9   (0.064) 0.016 0.166 0.016 0.175 
  10   (0.063) 0.015 0.016 0.091 0.203 
  11   (0.061) 0.013 0.166 0.015 0.120 
  12   (0.079) 0.027 0.057 0.057 0.140 
  13   (0.064) 0.011 0.054 0.054 0.067 
  14   (0.064) 0.018 0.016 0.091 0.116 
  15   (0.079) 0.014 0.094 0.283 0.041 
  16   (0.046) 0.008 0.049 0.011 0.036 
  17   (0.032) 0.006 0.083 0.008 0.006 
  18   (0.036) 0.006 0.159 0.009 0.006 
  19   (0.053) 0.009 0.051 0.088 0.009 
  20   (0.033) 0.006 0.008 0.046 0.006 
  21   (0.035) 0.006 0.009 0.159 0.006 

Locus 88 : locus88 
17 alleles
0.0% missing data
   1   (0.081) 0.202 0.095 0.020 0.018 
   2   (0.070) 0.045 0.018 0.017 0.172 
   3   (0.080) 0.174 0.095 0.020 0.019 
   4   (0.085) 0.093 0.246 0.021 0.019 
   5   (0.053) 0.224 0.013 0.013 0.013 
   6   (0.069) 0.059 0.017 0.017 0.102 
   7   (0.043) 0.087 0.011 0.011 0.010 
   8   (0.049) 0.015 0.012 0.012 0.113 
   9   (0.045) 0.012 0.011 0.011 0.142 
  10   (0.048) 0.010 0.012 0.012 0.144 
  11   (0.043) 0.011 0.011 0.011 0.087 
  12   (0.048) 0.015 0.012 0.012 0.112 
  13   (0.070) 0.013 0.243 0.054 0.012 
  14   (0.041) 0.007 0.085 0.010 0.007 
  15   (0.081) 0.015 0.057 0.584 0.014 
  16   (0.054) 0.010 0.051 0.051 0.009 
  17   (0.040) 0.007 0.010 0.122 0.007 

Locus 89 : locus89 
18 alleles
0.0% missing data
   1   (0.070) 0.201 0.018 0.055 0.016 
   2   (0.037) 0.034 0.009 0.009 0.006 
   3   (0.081) 0.216 0.020 0.020 0.139 
   4   (0.057) 0.052 0.014 0.014 0.051 
   5   (0.065) 0.142 0.016 0.016 0.045 
   6   (0.096) 0.119 0.024 0.099 0.052 
   7   (0.111) 0.065 0.028 0.103 0.415 
   8   (0.043) 0.087 0.011 0.011 0.010 
   9   (0.049) 0.012 0.012 0.012 0.171 
  10   (0.063) 0.011 0.016 0.166 0.038 
  11   (0.042) 0.008 0.161 0.010 0.007 
  12   (0.050) 0.009 0.462 0.013 0.009 
  13   (0.040) 0.007 0.122 0.010 0.007 
  14   (0.037) 0.007 0.047 0.009 0.006 
  15   (0.041) 0.007 0.010 0.123 0.007 
  16   (0.044) 0.008 0.011 0.199 0.008 
  17   (0.035) 0.006 0.009 0.046 0.006 
  18   (0.040) 0.007 0.010 0.085 0.007 

Locus 90 : locus90 
22 alleles
0.0% missing data
   1   (0.050) 0.251 0.012 0.012 0.012 
   2   (0.048) 0.249 0.012 0.012 0.013 
   3   (0.037) 0.116 0.009 0.009 0.006 
   4   (0.032) 0.033 0.008 0.008 0.005 
   5   (0.038) 0.057 0.009 0.009 0.010 
   6   (0.036) 0.034 0.009 0.009 0.006 
   7   (0.043) 0.112 0.011 0.011 0.012 
   8   (0.082) 0.026 0.020 0.133 0.279 
   9   (0.040) 0.009 0.010 0.010 0.116 
  10   (0.062) 0.011 0.015 0.090 0.066 
  11   (0.081) 0.021 0.020 0.095 0.312 
  12   (0.063) 0.011 0.016 0.241 0.038 
  13   (0.066) 0.012 0.016 0.129 0.067 
  14   (0.043) 0.008 0.235 0.011 0.007 
  15   (0.036) 0.006 0.159 0.009 0.006 
  16   (0.037) 0.007 0.084 0.009 0.006 
  17   (0.033) 0.006 0.046 0.008 0.006 
  18   (0.038) 0.007 0.160 0.010 0.007 
  19   (0.032) 0.006 0.045 0.008 0.005 
  20   (0.034) 0.006 0.083 0.009 0.006 
  21   (0.035) 0.006 0.009 0.084 0.006 
  22   (0.036) 0.006 0.009 0.084 0.006 

Locus 91 : locus91 
23 alleles
0.0% missing data
   1   (0.037) 0.138 0.009 0.009 0.007 
   2   (0.073) 0.078 0.018 0.056 0.086 
   3   (0.074) 0.223 0.019 0.019 0.157 
   4   (0.063) 0.095 0.016 0.016 0.149 
   5   (0.045) 0.237 0.011 0.011 0.017 
   6   (0.057) 0.078 0.014 0.090 0.022 
   7   (0.047) 0.034 0.049 0.012 0.008 
   8   (0.053) 0.009 0.013 0.239 0.038 
   9   (0.053) 0.009 0.013 0.088 0.096 
  10   (0.037) 0.014 0.009 0.009 0.084 
  11   (0.061) 0.011 0.015 0.165 0.097 
  12   (0.052) 0.012 0.013 0.050 0.093 
  13   (0.035) 0.008 0.009 0.009 0.090 
  14   (0.041) 0.007 0.347 0.010 0.007 
  15   (0.030) 0.005 0.045 0.008 0.006 
  16   (0.032) 0.006 0.121 0.008 0.006 
  17   (0.028) 0.005 0.044 0.007 0.005 
  18   (0.032) 0.006 0.083 0.008 0.006 
  19   (0.032) 0.006 0.083 0.008 0.006 
  20   (0.028) 0.005 0.044 0.007 0.005 
  21   (0.032) 0.006 0.008 0.083 0.006 
  22   (0.030) 0.005 0.007 0.045 0.005 
  23   (0.029) 0.005 0.007 0.045 0.005 

Locus 92 : locus92 
18 alleles
0.0% missing data
   1   (0.100) 0.237 0.025 0.025 0.375 
   2   (0.076) 0.172 0.094 0.019 0.018 
   3   (0.062) 0.049 0.016 0.016 0.084 
   4   (0.071) 0.196 0.018 0.055 0.019 
   5   (0.061) 0.065 0.015 0.015 0.038 
   6   (0.047) 0.168 0.012 0.012 0.011 
   7   (0.048) 0.012 0.012 0.012 0.172 
   8   (0.039) 0.011 0.010 0.010 0.058 
   9   (0.044) 0.009 0.011 0.011 0.146 
  10   (0.090) 0.016 0.210 0.323 0.016 
  11   (0.050) 0.009 0.238 0.012 0.009 
  12   (0.087) 0.016 0.209 0.209 0.015 
  13   (0.035) 0.006 0.046 0.009 0.006 
  14   (0.036) 0.006 0.047 0.009 0.006 
  15   (0.043) 0.008 0.011 0.123 0.007 
  16   (0.038) 0.007 0.009 0.047 0.007 
  17   (0.038) 0.007 0.009 0.047 0.007 
  18   (0.034) 0.006 0.009 0.046 0.006 

Locus 93 : locus93 
30 alleles
0.0% missing data
   1   (0.034) 0.223 0.009 0.009 0.008 
   2   (0.036) 0.166 0.009 0.009 0.011 
   3   (0.026) 0.032 0.006 0.007 0.004 
   4   (0.052) 0.250 0.013 0.050 0.015 
   5   (0.027) 0.032 0.007 0.007 0.005 
   6   (0.042) 0.035 0.010 0.086 0.007 
   7   (0.043) 0.048 0.011 0.011 0.049 
   8   (0.045) 0.034 0.011 0.275 0.008 
   9   (0.047) 0.035 0.200 0.012 0.008 
  10   (0.034) 0.010 0.008 0.008 0.057 
  11   (0.028) 0.005 0.007 0.007 0.032 
  12   (0.037) 0.009 0.009 0.009 0.087 
  13   (0.030) 0.006 0.008 0.008 0.171 
  14   (0.030) 0.006 0.008 0.008 0.033 
  15   (0.030) 0.007 0.008 0.007 0.115 
  16   (0.047) 0.018 0.012 0.012 0.137 
  17   (0.029) 0.012 0.007 0.007 0.081 
  18   (0.028) 0.005 0.007 0.007 0.032 
  19   (0.029) 0.009 0.007 0.007 0.057 
  20   (0.028) 0.005 0.007 0.007 0.032 
  21   (0.028) 0.005 0.044 0.007 0.005 
  22   (0.033) 0.006 0.233 0.008 0.006 
  23   (0.032) 0.006 0.120 0.008 0.005 
  24   (0.028) 0.005 0.044 0.007 0.005 
  25   (0.023) 0.004 0.043 0.006 0.004 
  26   (0.038) 0.007 0.047 0.047 0.007 
  27   (0.027) 0.005 0.044 0.007 0.005 
  28   (0.025) 0.005 0.044 0.006 0.004 
  29   (0.029) 0.005 0.007 0.082 0.005 
  30   (0.034) 0.006 0.009 0.271 0.006 

Locus 94 : locus94 
13 alleles
0.0% missing data
   1   (0.095) 0.199 0.024 0.024 0.219 
   2   (0.098) 0.312 0.024 0.024 0.157 
   3   (0.156) 0.223 0.039 0.301 0.159 
   4   (0.124) 0.062 0.031 0.256 0.178 
   5   (0.065) 0.088 0.016 0.053 0.015 
   6   (0.113) 0.053 0.028 0.179 0.155 
   7   (0.062) 0.011 0.090 0.015 0.039 
   8   (0.075) 0.013 0.282 0.019 0.041 
   9   (0.047) 0.008 0.162 0.012 0.008 
  10   (0.048) 0.008 0.199 0.012 0.008 
  11   (0.039) 0.007 0.047 0.010 0.007 
  12   (0.038) 0.007 0.047 0.009 0.007 
  13   (0.042) 0.007 0.010 0.085 0.007 

Locus 95 : locus95 
18 alleles
0.0% missing data
   1   (0.098) 0.155 0.137 0.062 0.017 
   2   (0.068) 0.144 0.054 0.017 0.017 
   3   (0.050) 0.279 0.012 0.012 0.013 
   4   (0.078) 0.092 0.245 0.019 0.017 
   5   (0.088) 0.064 0.135 0.059 0.021 
   6   (0.045) 0.141 0.011 0.011 0.012 
   7   (0.044) 0.010 0.011 0.011 0.116 
   8   (0.042) 0.008 0.010 0.010 0.090 
   9   (0.039) 0.010 0.010 0.010 0.086 
  10   (0.051) 0.015 0.013 0.013 0.196 
  11   (0.046) 0.013 0.012 0.012 0.141 
  12   (0.047) 0.013 0.012 0.012 0.141 
  13   (0.041) 0.011 0.010 0.010 0.086 
  14   (0.073) 0.013 0.244 0.093 0.013 
  15   (0.074) 0.013 0.055 0.432 0.013 
  16   (0.043) 0.008 0.011 0.123 0.007 
  17   (0.036) 0.007 0.009 0.046 0.006 
  18   (0.037) 0.007 0.009 0.047 0.006 

Locus 96 : locus96 
18 alleles
0.0% missing data
   1   (0.064) 0.091 0.016 0.053 0.015 
   2   (0.064) 0.144 0.016 0.016 0.044 
   3   (0.045) 0.117 0.011 0.011 0.009 
   4   (0.048) 0.225 0.012 0.012 0.014 
   5   (0.047) 0.200 0.012 0.012 0.011 
   6   (0.068) 0.055 0.017 0.017 0.242 
   7   (0.035) 0.034 0.009 0.009 0.006 
   8   (0.064) 0.014 0.053 0.016 0.173 
   9   (0.048) 0.019 0.012 0.012 0.215 
  10   (0.067) 0.019 0.054 0.017 0.141 
  11   (0.085) 0.016 0.172 0.059 0.069 
  12   (0.073) 0.013 0.168 0.131 0.012 
  13   (0.061) 0.011 0.241 0.052 0.010 
  14   (0.034) 0.006 0.046 0.009 0.006 
  15   (0.057) 0.010 0.089 0.052 0.010 
  16   (0.051) 0.009 0.050 0.050 0.009 
  17   (0.047) 0.009 0.012 0.350 0.008 
  18   (0.041) 0.008 0.010 0.123 0.007 

Locus 97 : locus97 
24 alleles
0.0% missing data
   1   (0.041) 0.170 0.010 0.010 0.008 
   2   (0.045) 0.275 0.011 0.011 0.012 
   3   (0.053) 0.303 0.013 0.013 0.013 
   4   (0.038) 0.086 0.010 0.010 0.009 
   5   (0.040) 0.010 0.010 0.010 0.088 
   6   (0.039) 0.010 0.010 0.010 0.171 
   7   (0.049) 0.017 0.012 0.012 0.194 
   8   (0.045) 0.010 0.011 0.011 0.145 
   9   (0.037) 0.008 0.009 0.009 0.116 
  10   (0.039) 0.007 0.010 0.010 0.035 
  11   (0.030) 0.005 0.007 0.007 0.033 
  12   (0.040) 0.010 0.010 0.010 0.088 
  13   (0.047) 0.008 0.274 0.012 0.008 
  14   (0.064) 0.011 0.129 0.091 0.011 
  15   (0.040) 0.007 0.160 0.010 0.007 
  16   (0.035) 0.006 0.084 0.009 0.006 
  17   (0.040) 0.007 0.122 0.010 0.007 
  18   (0.056) 0.010 0.051 0.127 0.010 
  19   (0.036) 0.006 0.009 0.159 0.006 
  20   (0.038) 0.007 0.009 0.122 0.007 
  21   (0.036) 0.006 0.009 0.046 0.006 
  22   (0.035) 0.006 0.009 0.046 0.006 
  23   (0.041) 0.007 0.010 0.197 0.007 
  24   (0.036) 0.006 0.009 0.046 0.006 

Locus 98 : locus98 
23 alleles
0.0% missing data
   1   (0.062) 0.093 0.015 0.090 0.011 
   2   (0.047) 0.304 0.012 0.012 0.014 
   3   (0.042) 0.143 0.011 0.011 0.009 
   4   (0.035) 0.034 0.009 0.009 0.006 
   5   (0.063) 0.060 0.016 0.091 0.016 
   6   (0.069) 0.039 0.017 0.355 0.012 
   7   (0.042) 0.141 0.010 0.010 0.011 
   8   (0.039) 0.057 0.010 0.010 0.011 
   9   (0.032) 0.006 0.008 0.008 0.033 
  10   (0.039) 0.007 0.010 0.010 0.089 
  11   (0.049) 0.012 0.012 0.012 0.171 
  12   (0.044) 0.012 0.011 0.011 0.142 
  13   (0.051) 0.013 0.013 0.013 0.336 
  14   (0.046) 0.017 0.012 0.012 0.081 
  15   (0.043) 0.008 0.273 0.011 0.007 
  16   (0.044) 0.008 0.198 0.011 0.008 
  17   (0.035) 0.006 0.046 0.009 0.006 
  18   (0.040) 0.007 0.123 0.010 0.007 
  19   (0.041) 0.007 0.160 0.010 0.007 
  20   (0.036) 0.006 0.009 0.084 0.006 
  21   (0.039) 0.007 0.010 0.122 0.007 
  22   (0.031) 0.006 0.008 0.045 0.005 
  23   (0.033) 0.006 0.008 0.046 0.006 

Locus 99 : locus99 
20 alleles
0.0% missing data
   1   (0.064) 0.083 0.016 0.016 0.049 
   2   (0.059) 0.385 0.015 0.015 0.016 
   3   (0.049) 0.224 0.012 0.012 0.011 
   4   (0.036) 0.034 0.009 0.009 0.006 
   5   (0.069) 0.071 0.017 0.017 0.118 
   6   (0.034) 0.033 0.009 0.009 0.006 
   7   (0.061) 0.047 0.015 0.015 0.084 
   8   (0.046) 0.012 0.011 0.012 0.171 
   9   (0.052) 0.013 0.013 0.013 0.367 
  10   (0.043) 0.010 0.011 0.011 0.088 
  11   (0.090) 0.016 0.173 0.360 0.016 
  12   (0.033) 0.006 0.046 0.008 0.006 
  13   (0.070) 0.013 0.205 0.093 0.012 
  14   (0.076) 0.014 0.282 0.094 0.013 
  15   (0.036) 0.006 0.046 0.009 0.006 
  16   (0.038) 0.007 0.047 0.010 0.007 
  17   (0.033) 0.006 0.046 0.008 0.006 
  18   (0.041) 0.007 0.010 0.198 0.007 
  19   (0.035) 0.006 0.009 0.046 0.006 
  20   (0.035) 0.006 0.009 0.046 0.006 

Locus 100 : locus100 
17 alleles
0.0% missing data
   1   (0.051) 0.280 0.013 0.013 0.014 
   2   (0.120) 0.262 0.067 0.218 0.028 
   3   (0.047) 0.172 0.012 0.012 0.009 
   4   (0.094) 0.086 0.061 0.136 0.030 
   5   (0.121) 0.049 0.443 0.293 0.021 
   6   (0.079) 0.042 0.133 0.057 0.014 
   7   (0.046) 0.012 0.012 0.012 0.170 
   8   (0.048) 0.015 0.012 0.012 0.111 
   9   (0.039) 0.007 0.010 0.010 0.089 
  10   (0.041) 0.010 0.010 0.010 0.086 
  11   (0.052) 0.014 0.013 0.013 0.307 
  12   (0.036) 0.007 0.009 0.009 0.034 
  13   (0.041) 0.012 0.010 0.010 0.057 
  14   (0.059) 0.011 0.128 0.052 0.010 
  15   (0.053) 0.010 0.050 0.051 0.009 
  16   (0.036) 0.007 0.009 0.046 0.006 
  17   (0.036) 0.006 0.009 0.046 0.006 

Values of parameters used in structure:
DATAFILE=parentandhybrid10.str,	OUTFILE=parentandhybrid4Deme_1,	NUMINDS=50,	NUMLOCI=100,	MISSING=0,	LABEL=1,	POPDATA=0,	POPFLAG=0,	PHENOTYPE=0,	EXTRACOLS=0,	MAXPOPS=4,	BURNIN=200000,	NUMREPS=200000,	USEPOPINFO=0,	INFERALPHA=1,	INFERLAMBDA=0,	POPSPECIFICLAMBDA=0,	POPALPHAS=0,	COMPUTEPROB=1,	NOADMIX=0,	ADMBURNIN=500,	UPDATEFREQ=100,	PRINTLIKES=0,	INTERMEDSAVE=0,	PRINTKLD=0,	PRINTNET=1,	PRINTLAMBDA=1,	ANCESTDIST=0,	NUMBOXES=1000,	ANCESTPINT=0.90000,	GENSBACK=2,	MIGRPRIOR=0.01000,	PRINTQHAT=0,	PRINTQSUM=1,	ALPHA=1.0000,	FREQSCORR=1,	FPRIORMEAN=0.0100,	FPRIORSD=0.0500,	ONEFST=0,	LAMBDA=1.0000,	UNIFPRIORALPHA=1,	ALPHAMAX=10.0000,	ALPHAPRIORA=1.0000,	ALPHAPRIORB=2.0000,	ALPHAPROPSD=0.0250,	STARTATPOPINFO=0,	RANDOMIZE=1,	LINKAGE=0,	METROFREQ=10,	REPORTHITRATE=0,	MARKOVPHASE=0,	PHASED=0,	PLOIDY=2,	PHASEINFO=0	LOCPRIOR=0, 	LOCPRIORINIT=1.000000, 	LOCDATA=0, 	LOCISPOP=0, 	LOCPRIORSTEP=0.100000, 	MAXLOCPRIOR=20.000000, 	SEED=1658934661,	
[STRAT parameters]:    NUMSIMSTATS=1000,	PHENOTYPECOL=-9,	POOLFREQ=10,	LOCUSxONLY=0,	EMERROR=0.00100,	MISSINGPHENO=-9,	