

----------------------------------------------------
STRUCTURE by Pritchard, Stephens and Donnelly (2000)
     and Falush, Stephens and Pritchard (2003)
       Code by Pritchard, Falush and Hubisz
             Version 2.3.4 (Jul 2012)
----------------------------------------------------



Command line arguments:   /usr/local/bin/structure -i parentandhybrid10.str -m mainparams.txt -e extraparams.txt -K 4 -o parentandhybrid4Deme_2 
Input File:    parentandhybrid10.str

Run parameters:
   50 individuals
   100 loci
   4 populations assumed
   200000 Burn-in period
   200000 Reps


--------------------------------------------
Overall proportion of membership of the
sample in each of the 4 clusters

Inferred Clusters
  1      2      3      4    
0.298  0.200  0.200  0.301  

--------------------------------------------

Allele-freq. divergence among pops (Net nucleotide distance),
computed using point estimates of P.

      1       2       3       4      
 1      -    0.1048  0.1018  0.0991  
 2   0.1048     -    0.0917  0.0961  
 3   0.1018  0.0917     -    0.0996  
 4   0.0991  0.0961  0.0996     -    

Average distances (expected heterozygosity) between individuals in same cluster:
cluster  1  : 0.8455 
cluster  2  : 0.8524 
cluster  3  : 0.8565 
cluster  4  : 0.8539 

--------------------------------------------
Estimated Ln Prob of Data   = -22947.4
Mean value of ln likelihood = -21400.3
Variance of ln likelihood   = 3094.2
Mean value of alpha         = 0.0285

Mean value of Fst_1         = 0.1399
Mean value of Fst_2         = 0.1313
Mean value of Fst_3         = 0.1301
Mean value of Fst_4         = 0.1322


Inferred ancestry of individuals:
        Label (%Miss) :  Inferred clusters
  1       01    (0)   :  0.001 0.000 0.001 0.998 
  2       02    (0)   :  0.000 0.001 0.001 0.998 
  3       03    (0)   :  0.001 0.000 0.001 0.998 
  4       04    (0)   :  0.001 0.001 0.001 0.998 
  5       05    (0)   :  0.000 0.001 0.001 0.998 
  6       06    (0)   :  0.000 0.001 0.001 0.998 
  7       07    (0)   :  0.000 0.001 0.000 0.999 
  8       08    (0)   :  0.000 0.000 0.001 0.999 
  9       09    (0)   :  0.001 0.001 0.001 0.998 
 10       10    (0)   :  0.000 0.001 0.000 0.998 
 11       11    (0)   :  0.999 0.000 0.000 0.000 
 12       12    (0)   :  0.999 0.000 0.001 0.000 
 13       13    (0)   :  0.998 0.001 0.001 0.000 
 14       14    (0)   :  0.997 0.001 0.001 0.001 
 15       15    (0)   :  0.998 0.001 0.001 0.000 
 16       16    (0)   :  0.997 0.001 0.002 0.001 
 17       17    (0)   :  0.997 0.001 0.001 0.001 
 18       18    (0)   :  0.999 0.000 0.000 0.000 
 19       19    (0)   :  0.999 0.000 0.000 0.000 
 20       20    (0)   :  0.998 0.001 0.001 0.001 
 21      h01    (0)   :  0.500 0.000 0.000 0.499 
 22      h02    (0)   :  0.448 0.000 0.000 0.551 
 23      h03    (0)   :  0.501 0.000 0.000 0.498 
 24      h04    (0)   :  0.510 0.000 0.000 0.490 
 25      h05    (0)   :  0.494 0.000 0.000 0.505 
 26      h06    (0)   :  0.510 0.000 0.000 0.489 
 27      h07    (0)   :  0.502 0.000 0.000 0.498 
 28      h08    (0)   :  0.494 0.000 0.000 0.505 
 29      h09    (0)   :  0.499 0.000 0.000 0.501 
 30      h10    (0)   :  0.472 0.000 0.000 0.528 
 31       21    (0)   :  0.000 0.001 0.998 0.001 
 32       22    (0)   :  0.000 0.000 0.999 0.000 
 33       23    (0)   :  0.001 0.001 0.998 0.001 
 34       24    (0)   :  0.000 0.000 0.999 0.000 
 35       25    (0)   :  0.000 0.001 0.998 0.000 
 36       26    (0)   :  0.000 0.001 0.998 0.000 
 37       27    (0)   :  0.001 0.001 0.998 0.001 
 38       28    (0)   :  0.000 0.000 0.999 0.000 
 39       29    (0)   :  0.001 0.001 0.999 0.000 
 40       30    (0)   :  0.001 0.000 0.998 0.001 
 41       31    (0)   :  0.000 0.999 0.000 0.001 
 42       32    (0)   :  0.000 0.998 0.001 0.000 
 43       33    (0)   :  0.000 0.999 0.000 0.000 
 44       34    (0)   :  0.001 0.998 0.001 0.000 
 45       35    (0)   :  0.000 0.999 0.000 0.000 
 46       36    (0)   :  0.000 0.997 0.002 0.000 
 47       37    (0)   :  0.000 0.999 0.000 0.000 
 48       38    (0)   :  0.000 0.998 0.001 0.001 
 49       39    (0)   :  0.000 0.999 0.000 0.000 
 50       40    (0)   :  0.000 0.999 0.000 0.000 


Estimated Allele Frequencies in each cluster
First column gives estimated ancestral frequencies


Locus 1 : locus1 
13 alleles
0.0% missing data
   1   (0.087) 0.162 0.022 0.022 0.198 
   2   (0.085) 0.166 0.021 0.021 0.166 
   3   (0.082) 0.216 0.021 0.021 0.115 
   4   (0.081) 0.096 0.020 0.020 0.207 
   5   (0.075) 0.122 0.019 0.019 0.123 
   6   (0.063) 0.084 0.016 0.016 0.049 
   7   (0.109) 0.026 0.102 0.253 0.067 
   8   (0.089) 0.071 0.135 0.060 0.016 
   9   (0.076) 0.013 0.131 0.206 0.014 
  10   (0.071) 0.012 0.130 0.130 0.013 
  11   (0.079) 0.013 0.170 0.169 0.014 
  12   (0.066) 0.011 0.166 0.054 0.012 
  13   (0.037) 0.006 0.047 0.009 0.007 

Locus 2 : locus2 
16 alleles
0.0% missing data
   1   (0.102) 0.036 0.063 0.063 0.164 
   2   (0.117) 0.020 0.217 0.104 0.132 
   3   (0.042) 0.007 0.011 0.011 0.063 
   4   (0.091) 0.023 0.023 0.210 0.202 
   5   (0.117) 0.023 0.330 0.066 0.156 
   6   (0.048) 0.011 0.012 0.012 0.171 
   7   (0.049) 0.226 0.012 0.012 0.010 
   8   (0.046) 0.140 0.011 0.012 0.013 
   9   (0.043) 0.057 0.011 0.011 0.012 
  10   (0.046) 0.115 0.011 0.011 0.010 
  11   (0.053) 0.221 0.013 0.013 0.017 
  12   (0.071) 0.089 0.093 0.018 0.018 
  13   (0.050) 0.008 0.012 0.238 0.009 
  14   (0.045) 0.008 0.011 0.162 0.008 
  15   (0.034) 0.006 0.008 0.046 0.006 
  16   (0.046) 0.008 0.161 0.012 0.008 

Locus 3 : locus3 
19 alleles
0.0% missing data
   1   (0.067) 0.017 0.017 0.129 0.145 
   2   (0.051) 0.013 0.013 0.050 0.061 
   3   (0.087) 0.017 0.097 0.097 0.152 
   4   (0.067) 0.017 0.167 0.017 0.145 
   5   (0.062) 0.010 0.015 0.203 0.067 
   6   (0.079) 0.016 0.133 0.057 0.122 
   7   (0.030) 0.005 0.007 0.008 0.033 
   8   (0.035) 0.009 0.009 0.009 0.058 
   9   (0.100) 0.024 0.212 0.175 0.066 
  10   (0.034) 0.009 0.008 0.008 0.058 
  11   (0.036) 0.085 0.009 0.009 0.009 
  12   (0.042) 0.250 0.010 0.010 0.011 
  13   (0.037) 0.139 0.009 0.009 0.010 
  14   (0.036) 0.088 0.009 0.009 0.007 
  15   (0.038) 0.164 0.010 0.010 0.013 
  16   (0.050) 0.063 0.013 0.050 0.009 
  17   (0.080) 0.061 0.095 0.095 0.022 
  18   (0.033) 0.006 0.008 0.046 0.006 
  19   (0.037) 0.006 0.159 0.009 0.007 

Locus 4 : locus4 
25 alleles
0.0% missing data
   1   (0.051) 0.014 0.088 0.013 0.059 
   2   (0.031) 0.005 0.008 0.008 0.060 
   3   (0.044) 0.011 0.011 0.011 0.387 
   4   (0.029) 0.008 0.007 0.007 0.056 
   5   (0.035) 0.008 0.009 0.009 0.114 
   6   (0.027) 0.005 0.007 0.007 0.032 
   7   (0.032) 0.009 0.008 0.008 0.057 
   8   (0.029) 0.005 0.007 0.007 0.032 
   9   (0.051) 0.082 0.013 0.013 0.046 
  10   (0.060) 0.118 0.015 0.165 0.013 
  11   (0.061) 0.090 0.015 0.165 0.015 
  12   (0.055) 0.037 0.014 0.276 0.010 
  13   (0.060) 0.138 0.015 0.090 0.022 
  14   (0.060) 0.114 0.015 0.090 0.018 
  15   (0.031) 0.033 0.008 0.008 0.006 
  16   (0.034) 0.057 0.008 0.009 0.010 
  17   (0.027) 0.032 0.007 0.007 0.005 
  18   (0.054) 0.089 0.089 0.014 0.013 
  19   (0.031) 0.056 0.008 0.008 0.010 
  20   (0.028) 0.033 0.007 0.007 0.005 
  21   (0.042) 0.035 0.010 0.048 0.008 
  22   (0.040) 0.007 0.385 0.010 0.007 
  23   (0.031) 0.005 0.045 0.008 0.006 
  24   (0.027) 0.005 0.082 0.007 0.005 
  25   (0.031) 0.005 0.120 0.008 0.006 

Locus 5 : locus5 
16 alleles
0.0% missing data
   1   (0.066) 0.014 0.054 0.017 0.117 
   2   (0.037) 0.006 0.009 0.009 0.034 
   3   (0.049) 0.013 0.012 0.012 0.222 
   4   (0.070) 0.012 0.318 0.018 0.039 
   5   (0.101) 0.029 0.213 0.025 0.224 
   6   (0.050) 0.013 0.012 0.013 0.141 
   7   (0.041) 0.007 0.010 0.010 0.062 
   8   (0.062) 0.011 0.166 0.016 0.038 
   9   (0.078) 0.282 0.020 0.057 0.024 
  10   (0.047) 0.114 0.012 0.012 0.014 
  11   (0.086) 0.094 0.021 0.359 0.020 
  12   (0.072) 0.120 0.018 0.093 0.016 
  13   (0.071) 0.040 0.018 0.280 0.013 
  14   (0.040) 0.091 0.010 0.010 0.007 
  15   (0.062) 0.094 0.016 0.053 0.011 
  16   (0.067) 0.061 0.092 0.017 0.018 

Locus 6 : locus6 
22 alleles
0.0% missing data
   1   (0.056) 0.016 0.051 0.014 0.113 
   2   (0.034) 0.006 0.008 0.009 0.034 
   3   (0.044) 0.012 0.011 0.011 0.196 
   4   (0.071) 0.012 0.243 0.018 0.096 
   5   (0.039) 0.009 0.010 0.010 0.087 
   6   (0.038) 0.010 0.009 0.010 0.058 
   7   (0.059) 0.013 0.052 0.015 0.090 
   8   (0.060) 0.013 0.090 0.015 0.090 
   9   (0.040) 0.009 0.010 0.010 0.115 
  10   (0.042) 0.253 0.011 0.011 0.010 
  11   (0.040) 0.136 0.010 0.010 0.015 
  12   (0.046) 0.278 0.011 0.012 0.013 
  13   (0.035) 0.033 0.009 0.009 0.006 
  14   (0.039) 0.089 0.010 0.010 0.007 
  15   (0.038) 0.057 0.009 0.009 0.011 
  16   (0.044) 0.007 0.011 0.311 0.008 
  17   (0.058) 0.010 0.052 0.277 0.011 
  18   (0.066) 0.011 0.205 0.091 0.012 
  19   (0.034) 0.006 0.009 0.046 0.006 
  20   (0.057) 0.010 0.089 0.089 0.010 
  21   (0.030) 0.005 0.045 0.008 0.006 
  22   (0.030) 0.005 0.045 0.008 0.005 

Locus 7 : locus7 
16 alleles
0.0% missing data
   1   (0.072) 0.016 0.018 0.130 0.091 
   2   (0.043) 0.009 0.011 0.011 0.115 
   3   (0.047) 0.012 0.012 0.012 0.141 
   4   (0.044) 0.010 0.011 0.011 0.087 
   5   (0.048) 0.013 0.012 0.012 0.193 
   6   (0.043) 0.010 0.011 0.011 0.086 
   7   (0.037) 0.006 0.009 0.009 0.061 
   8   (0.059) 0.016 0.052 0.015 0.059 
   9   (0.064) 0.011 0.016 0.166 0.038 
  10   (0.115) 0.118 0.066 0.292 0.033 
  11   (0.044) 0.117 0.011 0.011 0.010 
  12   (0.096) 0.291 0.062 0.061 0.021 
  13   (0.088) 0.256 0.135 0.022 0.025 
  14   (0.081) 0.093 0.283 0.020 0.019 
  15   (0.042) 0.007 0.010 0.123 0.008 
  16   (0.075) 0.013 0.282 0.093 0.014 

Locus 8 : locus8 
21 alleles
0.0% missing data
   1   (0.078) 0.069 0.057 0.020 0.146 
   2   (0.088) 0.092 0.134 0.022 0.128 
   3   (0.093) 0.052 0.324 0.024 0.167 
   4   (0.065) 0.025 0.129 0.016 0.077 
   5   (0.059) 0.052 0.015 0.015 0.182 
   6   (0.088) 0.027 0.135 0.059 0.162 
   7   (0.055) 0.106 0.014 0.014 0.054 
   8   (0.034) 0.094 0.009 0.009 0.006 
   9   (0.037) 0.209 0.009 0.009 0.008 
  10   (0.039) 0.181 0.010 0.010 0.008 
  11   (0.030) 0.035 0.008 0.008 0.005 
  12   (0.037) 0.007 0.009 0.308 0.006 
  13   (0.036) 0.006 0.009 0.122 0.006 
  14   (0.032) 0.006 0.008 0.045 0.005 
  15   (0.034) 0.006 0.009 0.046 0.006 
  16   (0.033) 0.006 0.008 0.046 0.006 
  17   (0.030) 0.005 0.008 0.045 0.005 
  18   (0.035) 0.006 0.009 0.121 0.006 
  19   (0.031) 0.006 0.008 0.045 0.005 
  20   (0.031) 0.006 0.045 0.008 0.005 
  21   (0.034) 0.006 0.046 0.009 0.006 

Locus 9 : locus9 
22 alleles
0.0% missing data
   1   (0.048) 0.047 0.012 0.012 0.052 
   2   (0.065) 0.061 0.016 0.016 0.348 
   3   (0.070) 0.018 0.017 0.205 0.062 
   4   (0.054) 0.064 0.013 0.013 0.065 
   5   (0.084) 0.051 0.021 0.209 0.088 
   6   (0.035) 0.006 0.009 0.009 0.034 
   7   (0.057) 0.056 0.014 0.014 0.101 
   8   (0.036) 0.006 0.009 0.009 0.034 
   9   (0.053) 0.009 0.013 0.163 0.037 
  10   (0.049) 0.036 0.012 0.012 0.036 
  11   (0.065) 0.256 0.016 0.016 0.067 
  12   (0.047) 0.277 0.012 0.012 0.013 
  13   (0.032) 0.061 0.008 0.008 0.006 
  14   (0.035) 0.006 0.009 0.121 0.006 
  15   (0.035) 0.006 0.009 0.121 0.006 
  16   (0.034) 0.006 0.083 0.009 0.006 
  17   (0.030) 0.005 0.045 0.008 0.006 
  18   (0.036) 0.006 0.159 0.009 0.007 
  19   (0.033) 0.006 0.083 0.008 0.006 
  20   (0.042) 0.007 0.348 0.010 0.008 
  21   (0.032) 0.005 0.045 0.008 0.006 
  22   (0.029) 0.005 0.045 0.007 0.005 

Locus 10 : locus10 
22 alleles
0.0% missing data
   1   (0.043) 0.007 0.011 0.011 0.119 
   2   (0.071) 0.019 0.018 0.055 0.201 
   3   (0.042) 0.007 0.011 0.011 0.119 
   4   (0.083) 0.024 0.021 0.170 0.283 
   5   (0.042) 0.010 0.011 0.010 0.060 
   6   (0.032) 0.005 0.008 0.008 0.034 
   7   (0.062) 0.051 0.015 0.016 0.053 
   8   (0.046) 0.139 0.011 0.011 0.013 
   9   (0.048) 0.330 0.012 0.012 0.013 
  10   (0.039) 0.086 0.010 0.010 0.010 
  11   (0.045) 0.193 0.011 0.011 0.013 
  12   (0.036) 0.033 0.009 0.009 0.007 
  13   (0.035) 0.033 0.009 0.009 0.006 
  14   (0.044) 0.007 0.011 0.236 0.008 
  15   (0.041) 0.007 0.010 0.123 0.008 
  16   (0.050) 0.008 0.012 0.237 0.009 
  17   (0.045) 0.008 0.236 0.011 0.008 
  18   (0.036) 0.006 0.047 0.009 0.007 
  19   (0.037) 0.006 0.085 0.009 0.007 
  20   (0.040) 0.007 0.123 0.010 0.007 
  21   (0.041) 0.007 0.160 0.010 0.007 
  22   (0.041) 0.007 0.160 0.010 0.008 

Locus 11 : locus11 
22 alleles
0.0% missing data
   1   (0.077) 0.020 0.132 0.019 0.200 
   2   (0.085) 0.073 0.059 0.021 0.176 
   3   (0.069) 0.022 0.167 0.017 0.084 
   4   (0.073) 0.015 0.244 0.018 0.149 
   5   (0.030) 0.005 0.008 0.008 0.033 
   6   (0.071) 0.014 0.130 0.018 0.177 
   7   (0.057) 0.010 0.089 0.014 0.065 
   8   (0.042) 0.225 0.010 0.010 0.010 
   9   (0.031) 0.033 0.008 0.008 0.006 
  10   (0.042) 0.251 0.010 0.010 0.011 
  11   (0.035) 0.085 0.009 0.009 0.009 
  12   (0.040) 0.111 0.010 0.010 0.012 
  13   (0.032) 0.033 0.008 0.008 0.006 
  14   (0.036) 0.056 0.009 0.009 0.011 
  15   (0.039) 0.007 0.010 0.309 0.007 
  16   (0.031) 0.005 0.008 0.045 0.006 
  17   (0.039) 0.007 0.010 0.122 0.007 
  18   (0.037) 0.006 0.009 0.084 0.007 
  19   (0.035) 0.006 0.009 0.084 0.006 
  20   (0.034) 0.006 0.008 0.121 0.006 
  21   (0.033) 0.006 0.008 0.046 0.006 
  22   (0.032) 0.005 0.045 0.008 0.006 

Locus 12 : locus12 
20 alleles
0.0% missing data
   1   (0.066) 0.054 0.016 0.017 0.133 
   2   (0.092) 0.167 0.023 0.023 0.357 
   3   (0.039) 0.007 0.010 0.010 0.061 
   4   (0.086) 0.210 0.021 0.022 0.205 
   5   (0.077) 0.041 0.095 0.019 0.041 
   6   (0.058) 0.052 0.015 0.015 0.051 
   7   (0.069) 0.301 0.017 0.017 0.056 
   8   (0.044) 0.088 0.011 0.011 0.011 
   9   (0.044) 0.008 0.011 0.348 0.008 
  10   (0.048) 0.008 0.012 0.199 0.009 
  11   (0.042) 0.007 0.010 0.160 0.007 
  12   (0.037) 0.006 0.009 0.084 0.007 
  13   (0.037) 0.006 0.084 0.009 0.007 
  14   (0.040) 0.007 0.160 0.010 0.007 
  15   (0.037) 0.006 0.122 0.009 0.007 
  16   (0.041) 0.007 0.160 0.010 0.007 
  17   (0.034) 0.006 0.046 0.008 0.006 
  18   (0.040) 0.007 0.085 0.010 0.007 
  19   (0.037) 0.006 0.047 0.009 0.007 
  20   (0.034) 0.006 0.046 0.009 0.006 

Locus 13 : locus13 
28 alleles
0.0% missing data
   1   (0.042) 0.011 0.011 0.011 0.301 
   2   (0.039) 0.010 0.010 0.010 0.220 
   3   (0.056) 0.164 0.014 0.014 0.050 
   4   (0.037) 0.009 0.009 0.009 0.085 
   5   (0.048) 0.011 0.012 0.049 0.086 
   6   (0.031) 0.008 0.008 0.008 0.084 
   7   (0.047) 0.064 0.012 0.012 0.035 
   8   (0.042) 0.339 0.011 0.011 0.012 
   9   (0.034) 0.088 0.009 0.009 0.008 
  10   (0.031) 0.033 0.008 0.008 0.006 
  11   (0.032) 0.087 0.008 0.008 0.008 
  12   (0.030) 0.033 0.007 0.008 0.005 
  13   (0.056) 0.060 0.014 0.239 0.015 
  14   (0.035) 0.006 0.009 0.196 0.006 
  15   (0.033) 0.006 0.008 0.121 0.006 
  16   (0.031) 0.005 0.008 0.082 0.005 
  17   (0.042) 0.007 0.086 0.048 0.007 
  18   (0.031) 0.005 0.008 0.045 0.005 
  19   (0.030) 0.005 0.007 0.045 0.005 
  20   (0.033) 0.006 0.121 0.008 0.006 
  21   (0.024) 0.004 0.044 0.006 0.004 
  22   (0.030) 0.005 0.045 0.007 0.005 
  23   (0.030) 0.005 0.082 0.007 0.005 
  24   (0.033) 0.006 0.158 0.008 0.006 
  25   (0.032) 0.006 0.083 0.008 0.006 
  26   (0.029) 0.005 0.045 0.007 0.005 
  27   (0.035) 0.006 0.121 0.009 0.006 
  28   (0.026) 0.004 0.044 0.006 0.005 

Locus 14 : locus14 
19 alleles
0.0% missing data
   1   (0.105) 0.024 0.139 0.101 0.260 
   2   (0.036) 0.006 0.009 0.009 0.089 
   3   (0.108) 0.028 0.215 0.102 0.202 
   4   (0.082) 0.014 0.133 0.170 0.042 
   5   (0.105) 0.022 0.101 0.326 0.125 
   6   (0.042) 0.012 0.010 0.010 0.112 
   7   (0.059) 0.015 0.128 0.015 0.061 
   8   (0.035) 0.061 0.009 0.009 0.006 
   9   (0.037) 0.057 0.009 0.009 0.011 
  10   (0.038) 0.056 0.009 0.010 0.012 
  11   (0.037) 0.115 0.009 0.009 0.009 
  12   (0.037) 0.115 0.009 0.009 0.009 
  13   (0.046) 0.252 0.012 0.012 0.012 
  14   (0.043) 0.136 0.011 0.011 0.016 
  15   (0.032) 0.033 0.008 0.008 0.006 
  16   (0.052) 0.036 0.013 0.088 0.010 
  17   (0.038) 0.006 0.009 0.084 0.007 
  18   (0.034) 0.006 0.121 0.009 0.006 
  19   (0.032) 0.005 0.045 0.008 0.006 

Locus 15 : locus15 
25 alleles
0.0% missing data
   1   (0.039) 0.008 0.010 0.010 0.248 
   2   (0.042) 0.012 0.011 0.011 0.245 
   3   (0.040) 0.009 0.010 0.010 0.113 
   4   (0.041) 0.011 0.010 0.010 0.138 
   5   (0.030) 0.005 0.007 0.007 0.032 
   6   (0.036) 0.010 0.009 0.009 0.056 
   7   (0.035) 0.117 0.009 0.009 0.008 
   8   (0.038) 0.089 0.009 0.009 0.009 
   9   (0.071) 0.177 0.018 0.280 0.017 
  10   (0.065) 0.116 0.016 0.091 0.019 
  11   (0.050) 0.036 0.013 0.088 0.009 
  12   (0.045) 0.036 0.011 0.049 0.008 
  13   (0.073) 0.164 0.018 0.168 0.029 
  14   (0.031) 0.033 0.008 0.008 0.005 
  15   (0.051) 0.036 0.013 0.163 0.009 
  16   (0.028) 0.033 0.007 0.007 0.005 
  17   (0.029) 0.061 0.007 0.007 0.005 
  18   (0.039) 0.007 0.235 0.010 0.007 
  19   (0.030) 0.005 0.083 0.008 0.005 
  20   (0.034) 0.006 0.046 0.008 0.006 
  21   (0.036) 0.006 0.159 0.009 0.006 
  22   (0.029) 0.005 0.082 0.007 0.005 
  23   (0.032) 0.006 0.121 0.008 0.006 
  24   (0.027) 0.005 0.044 0.007 0.005 
  25   (0.030) 0.005 0.045 0.007 0.005 

Locus 16 : locus16 
22 alleles
0.0% missing data
   1   (0.039) 0.009 0.010 0.010 0.087 
   2   (0.061) 0.094 0.015 0.015 0.120 
   3   (0.070) 0.164 0.018 0.018 0.217 
   4   (0.060) 0.057 0.015 0.015 0.182 
   5   (0.059) 0.099 0.015 0.015 0.141 
   6   (0.052) 0.012 0.050 0.013 0.088 
   7   (0.059) 0.010 0.015 0.315 0.037 
   8   (0.070) 0.138 0.018 0.167 0.024 
   9   (0.036) 0.090 0.009 0.009 0.006 
  10   (0.038) 0.087 0.009 0.009 0.009 
  11   (0.037) 0.116 0.009 0.009 0.008 
  12   (0.033) 0.058 0.008 0.008 0.010 
  13   (0.051) 0.009 0.049 0.163 0.009 
  14   (0.040) 0.007 0.010 0.122 0.007 
  15   (0.057) 0.010 0.165 0.051 0.010 
  16   (0.036) 0.006 0.084 0.009 0.006 
  17   (0.029) 0.005 0.045 0.007 0.005 
  18   (0.031) 0.005 0.083 0.008 0.006 
  19   (0.037) 0.006 0.122 0.009 0.007 
  20   (0.035) 0.006 0.084 0.009 0.006 
  21   (0.038) 0.007 0.122 0.010 0.007 
  22   (0.031) 0.005 0.045 0.008 0.006 

Locus 17 : locus17 
13 alleles
0.0% missing data
   1   (0.093) 0.101 0.098 0.023 0.178 
   2   (0.141) 0.113 0.110 0.223 0.238 
   3   (0.093) 0.058 0.174 0.023 0.166 
   4   (0.116) 0.130 0.066 0.141 0.130 
   5   (0.117) 0.087 0.255 0.067 0.119 
   6   (0.032) 0.006 0.008 0.008 0.033 
   7   (0.100) 0.107 0.062 0.100 0.066 
   8   (0.037) 0.087 0.009 0.009 0.009 
   9   (0.032) 0.033 0.008 0.008 0.006 
  10   (0.090) 0.117 0.172 0.060 0.026 
  11   (0.070) 0.091 0.017 0.280 0.016 
  12   (0.048) 0.036 0.012 0.050 0.009 
  13   (0.031) 0.033 0.008 0.008 0.006 

Locus 18 : locus18 
27 alleles
0.0% missing data
   1   (0.033) 0.006 0.008 0.008 0.088 
   2   (0.030) 0.005 0.007 0.008 0.060 
   3   (0.049) 0.008 0.012 0.162 0.036 
   4   (0.060) 0.014 0.015 0.090 0.090 
   5   (0.031) 0.005 0.008 0.008 0.033 
   6   (0.032) 0.006 0.008 0.008 0.061 
   7   (0.033) 0.009 0.008 0.008 0.057 
   8   (0.032) 0.012 0.008 0.008 0.081 
   9   (0.041) 0.014 0.010 0.010 0.192 
  10   (0.036) 0.009 0.009 0.009 0.141 
  11   (0.030) 0.005 0.007 0.007 0.033 
  12   (0.061) 0.146 0.090 0.015 0.013 
  13   (0.041) 0.191 0.010 0.010 0.016 
  14   (0.034) 0.057 0.009 0.009 0.010 
  15   (0.035) 0.115 0.009 0.009 0.008 
  16   (0.034) 0.115 0.009 0.009 0.008 
  17   (0.036) 0.169 0.009 0.009 0.009 
  18   (0.030) 0.033 0.008 0.008 0.006 
  19   (0.054) 0.037 0.126 0.014 0.010 
  20   (0.029) 0.005 0.007 0.045 0.005 
  21   (0.041) 0.007 0.010 0.310 0.007 
  22   (0.032) 0.005 0.008 0.046 0.006 
  23   (0.030) 0.005 0.008 0.083 0.006 
  24   (0.032) 0.005 0.008 0.083 0.006 
  25   (0.039) 0.007 0.385 0.010 0.007 
  26   (0.033) 0.006 0.121 0.008 0.006 
  27   (0.030) 0.005 0.083 0.008 0.005 

Locus 19 : locus19 
16 alleles
0.0% missing data
   1   (0.118) 0.165 0.142 0.030 0.205 
   2   (0.110) 0.206 0.216 0.028 0.082 
   3   (0.039) 0.007 0.010 0.010 0.062 
   4   (0.124) 0.110 0.068 0.068 0.316 
   5   (0.069) 0.018 0.092 0.017 0.143 
   6   (0.063) 0.011 0.016 0.241 0.038 
   7   (0.038) 0.010 0.009 0.010 0.058 
   8   (0.075) 0.170 0.094 0.019 0.023 
   9   (0.044) 0.112 0.011 0.011 0.014 
  10   (0.043) 0.117 0.011 0.011 0.010 
  11   (0.062) 0.038 0.204 0.015 0.011 
  12   (0.034) 0.006 0.009 0.046 0.006 
  13   (0.066) 0.011 0.091 0.166 0.012 
  14   (0.041) 0.007 0.010 0.160 0.007 
  15   (0.040) 0.007 0.010 0.122 0.007 
  16   (0.033) 0.006 0.008 0.046 0.006 

Locus 20 : locus20 
24 alleles
0.0% missing data
   1   (0.058) 0.014 0.052 0.014 0.170 
   2   (0.051) 0.009 0.013 0.126 0.036 
   3   (0.067) 0.017 0.017 0.129 0.143 
   4   (0.035) 0.010 0.009 0.009 0.057 
   5   (0.075) 0.021 0.131 0.019 0.305 
   6   (0.071) 0.012 0.318 0.018 0.094 
   7   (0.033) 0.006 0.008 0.008 0.033 
   8   (0.055) 0.009 0.089 0.014 0.037 
   9   (0.040) 0.255 0.010 0.010 0.009 
  10   (0.041) 0.171 0.010 0.010 0.010 
  11   (0.034) 0.058 0.008 0.009 0.010 
  12   (0.037) 0.116 0.009 0.009 0.008 
  13   (0.028) 0.033 0.007 0.007 0.005 
  14   (0.036) 0.087 0.009 0.009 0.009 
  15   (0.035) 0.057 0.009 0.009 0.010 
  16   (0.036) 0.081 0.009 0.009 0.015 
  17   (0.032) 0.005 0.008 0.045 0.006 
  18   (0.032) 0.006 0.008 0.158 0.006 
  19   (0.036) 0.006 0.009 0.159 0.007 
  20   (0.039) 0.007 0.010 0.197 0.007 
  21   (0.031) 0.005 0.045 0.008 0.006 
  22   (0.032) 0.005 0.045 0.008 0.006 
  23   (0.037) 0.006 0.122 0.009 0.007 
  24   (0.028) 0.005 0.044 0.007 0.005 

Locus 21 : locus21 
11 alleles
0.0% missing data
   1   (0.148) 0.186 0.112 0.112 0.223 
   2   (0.068) 0.016 0.017 0.129 0.090 
   3   (0.066) 0.015 0.016 0.054 0.172 
   4   (0.077) 0.049 0.019 0.057 0.116 
   5   (0.128) 0.141 0.220 0.069 0.095 
   6   (0.108) 0.073 0.064 0.215 0.047 
   7   (0.077) 0.084 0.019 0.057 0.053 
   8   (0.145) 0.269 0.149 0.111 0.113 
   9   (0.039) 0.010 0.010 0.010 0.058 
  10   (0.099) 0.148 0.062 0.175 0.025 
  11   (0.046) 0.008 0.311 0.011 0.008 

Locus 22 : locus22 
21 alleles
0.0% missing data
   1   (0.041) 0.008 0.010 0.010 0.143 
   2   (0.039) 0.011 0.010 0.010 0.058 
   3   (0.076) 0.013 0.432 0.019 0.096 
   4   (0.053) 0.050 0.013 0.013 0.051 
   5   (0.061) 0.014 0.053 0.015 0.090 
   6   (0.051) 0.014 0.013 0.013 0.306 
   7   (0.066) 0.162 0.016 0.016 0.053 
   8   (0.060) 0.010 0.204 0.015 0.038 
   9   (0.040) 0.011 0.010 0.010 0.058 
  10   (0.049) 0.308 0.012 0.012 0.012 
  11   (0.032) 0.033 0.008 0.008 0.006 
  12   (0.046) 0.222 0.012 0.012 0.015 
  13   (0.035) 0.033 0.009 0.009 0.006 
  14   (0.040) 0.058 0.010 0.010 0.012 
  15   (0.043) 0.007 0.011 0.198 0.008 
  16   (0.060) 0.010 0.052 0.203 0.011 
  17   (0.061) 0.010 0.090 0.090 0.011 
  18   (0.035) 0.006 0.009 0.046 0.006 
  19   (0.036) 0.006 0.009 0.084 0.007 
  20   (0.042) 0.007 0.010 0.160 0.008 
  21   (0.034) 0.006 0.008 0.046 0.006 

Locus 23 : locus23 
16 alleles
0.0% missing data
   1   (0.081) 0.023 0.020 0.207 0.171 
   2   (0.050) 0.008 0.050 0.013 0.036 
   3   (0.119) 0.375 0.030 0.142 0.162 
   4   (0.060) 0.010 0.128 0.015 0.066 
   5   (0.100) 0.195 0.062 0.025 0.197 
   6   (0.106) 0.072 0.176 0.064 0.074 
   7   (0.092) 0.125 0.023 0.060 0.127 
   8   (0.034) 0.006 0.008 0.009 0.033 
   9   (0.066) 0.011 0.054 0.054 0.039 
  10   (0.053) 0.050 0.013 0.013 0.051 
  11   (0.055) 0.092 0.051 0.014 0.010 
  12   (0.040) 0.007 0.010 0.235 0.007 
  13   (0.033) 0.006 0.008 0.046 0.006 
  14   (0.035) 0.006 0.009 0.084 0.006 
  15   (0.040) 0.007 0.235 0.010 0.007 
  16   (0.036) 0.006 0.122 0.009 0.007 

Locus 24 : locus24 
22 alleles
0.0% missing data
   1   (0.044) 0.009 0.011 0.011 0.253 
   2   (0.037) 0.009 0.009 0.009 0.058 
   3   (0.041) 0.010 0.010 0.010 0.170 
   4   (0.051) 0.036 0.013 0.013 0.064 
   5   (0.065) 0.022 0.016 0.128 0.083 
   6   (0.033) 0.006 0.008 0.008 0.033 
   7   (0.066) 0.017 0.017 0.054 0.198 
   8   (0.061) 0.065 0.015 0.165 0.011 
   9   (0.073) 0.309 0.018 0.093 0.019 
  10   (0.043) 0.141 0.011 0.011 0.012 
  11   (0.049) 0.036 0.012 0.087 0.009 
  12   (0.037) 0.140 0.009 0.009 0.010 
  13   (0.037) 0.111 0.009 0.009 0.012 
  14   (0.055) 0.036 0.164 0.014 0.010 
  15   (0.059) 0.010 0.052 0.164 0.011 
  16   (0.035) 0.006 0.009 0.084 0.006 
  17   (0.038) 0.006 0.009 0.084 0.007 
  18   (0.037) 0.006 0.122 0.009 0.007 
  19   (0.040) 0.007 0.198 0.010 0.007 
  20   (0.032) 0.005 0.045 0.008 0.006 
  21   (0.036) 0.006 0.196 0.009 0.007 
  22   (0.031) 0.005 0.045 0.008 0.006 

Locus 25 : locus25 
14 alleles
0.0% missing data
   1   (0.068) 0.013 0.017 0.092 0.176 
   2   (0.088) 0.082 0.022 0.135 0.084 
   3   (0.119) 0.092 0.105 0.067 0.197 
   4   (0.045) 0.012 0.011 0.011 0.197 
   5   (0.082) 0.020 0.058 0.058 0.147 
   6   (0.070) 0.053 0.055 0.018 0.054 
   7   (0.076) 0.013 0.132 0.057 0.041 
   8   (0.045) 0.252 0.011 0.011 0.012 
   9   (0.099) 0.170 0.175 0.062 0.029 
  10   (0.108) 0.177 0.102 0.177 0.026 
  11   (0.059) 0.093 0.090 0.015 0.011 
  12   (0.073) 0.012 0.206 0.206 0.013 
  13   (0.035) 0.006 0.009 0.046 0.006 
  14   (0.033) 0.006 0.008 0.046 0.006 

Locus 26 : locus26 
20 alleles
0.0% missing data
   1   (0.048) 0.012 0.012 0.012 0.251 
   2   (0.058) 0.010 0.015 0.202 0.037 
   3   (0.066) 0.176 0.017 0.017 0.095 
   4   (0.045) 0.013 0.011 0.011 0.166 
   5   (0.086) 0.406 0.021 0.022 0.148 
   6   (0.038) 0.009 0.009 0.009 0.086 
   7   (0.066) 0.140 0.016 0.017 0.076 
   8   (0.031) 0.005 0.008 0.008 0.033 
   9   (0.041) 0.088 0.010 0.010 0.010 
  10   (0.039) 0.058 0.010 0.010 0.011 
  11   (0.075) 0.013 0.206 0.131 0.013 
  12   (0.036) 0.006 0.009 0.084 0.006 
  13   (0.058) 0.010 0.051 0.127 0.010 
  14   (0.036) 0.006 0.009 0.084 0.006 
  15   (0.057) 0.010 0.127 0.051 0.010 
  16   (0.066) 0.011 0.129 0.129 0.012 
  17   (0.058) 0.010 0.202 0.051 0.010 
  18   (0.033) 0.006 0.046 0.008 0.006 
  19   (0.032) 0.006 0.045 0.008 0.006 
  20   (0.032) 0.005 0.045 0.008 0.006 

Locus 27 : locus27 
21 alleles
0.0% missing data
   1   (0.042) 0.010 0.011 0.011 0.194 
   2   (0.042) 0.012 0.010 0.010 0.110 
   3   (0.043) 0.010 0.011 0.011 0.329 
   4   (0.033) 0.006 0.008 0.008 0.033 
   5   (0.031) 0.005 0.008 0.008 0.032 
   6   (0.043) 0.015 0.011 0.011 0.134 
   7   (0.066) 0.178 0.092 0.017 0.014 
   8   (0.063) 0.178 0.091 0.016 0.013 
   9   (0.047) 0.036 0.049 0.012 0.008 
  10   (0.041) 0.114 0.010 0.010 0.012 
  11   (0.043) 0.200 0.011 0.011 0.012 
  12   (0.031) 0.033 0.008 0.008 0.006 
  13   (0.035) 0.058 0.009 0.009 0.010 
  14   (0.093) 0.085 0.173 0.061 0.031 
  15   (0.036) 0.006 0.009 0.122 0.006 
  16   (0.033) 0.006 0.008 0.046 0.006 
  17   (0.066) 0.011 0.091 0.204 0.012 
  18   (0.059) 0.010 0.090 0.127 0.010 
  19   (0.038) 0.007 0.010 0.160 0.007 
  20   (0.055) 0.010 0.089 0.089 0.010 
  21   (0.059) 0.010 0.202 0.052 0.010 

Locus 28 : locus28 
22 alleles
0.0% missing data
   1   (0.091) 0.330 0.023 0.023 0.384 
   2   (0.089) 0.113 0.135 0.022 0.111 
   3   (0.097) 0.194 0.062 0.025 0.226 
   4   (0.058) 0.114 0.015 0.015 0.045 
   5   (0.033) 0.006 0.008 0.008 0.088 
   6   (0.062) 0.039 0.053 0.016 0.038 
   7   (0.036) 0.062 0.009 0.009 0.006 
   8   (0.057) 0.060 0.014 0.089 0.015 
   9   (0.036) 0.006 0.009 0.121 0.007 
  10   (0.034) 0.006 0.008 0.083 0.006 
  11   (0.036) 0.006 0.009 0.121 0.006 
  12   (0.032) 0.006 0.008 0.046 0.006 
  13   (0.036) 0.006 0.009 0.121 0.007 
  14   (0.033) 0.006 0.008 0.046 0.006 
  15   (0.036) 0.006 0.009 0.121 0.006 
  16   (0.033) 0.006 0.008 0.046 0.006 
  17   (0.031) 0.005 0.008 0.045 0.006 
  18   (0.039) 0.007 0.235 0.010 0.007 
  19   (0.037) 0.006 0.197 0.009 0.007 
  20   (0.036) 0.006 0.084 0.009 0.006 
  21   (0.030) 0.005 0.045 0.008 0.005 
  22   (0.028) 0.005 0.044 0.007 0.005 

Locus 29 : locus29 
23 alleles
0.0% missing data
   1   (0.059) 0.017 0.015 0.052 0.248 
   2   (0.029) 0.005 0.007 0.007 0.032 
   3   (0.084) 0.084 0.021 0.058 0.246 
   4   (0.053) 0.012 0.013 0.088 0.088 
   5   (0.065) 0.047 0.016 0.054 0.112 
   6   (0.090) 0.094 0.023 0.135 0.154 
   7   (0.063) 0.341 0.016 0.091 0.018 
   8   (0.038) 0.143 0.010 0.009 0.010 
   9   (0.037) 0.119 0.009 0.009 0.007 
  10   (0.047) 0.036 0.012 0.049 0.008 
  11   (0.032) 0.034 0.008 0.008 0.006 
  12   (0.028) 0.005 0.007 0.044 0.005 
  13   (0.032) 0.006 0.008 0.121 0.006 
  14   (0.033) 0.006 0.008 0.046 0.006 
  15   (0.045) 0.008 0.048 0.086 0.008 
  16   (0.030) 0.005 0.007 0.082 0.005 
  17   (0.035) 0.006 0.159 0.009 0.006 
  18   (0.032) 0.005 0.045 0.008 0.006 
  19   (0.041) 0.007 0.273 0.010 0.007 
  20   (0.033) 0.006 0.083 0.008 0.006 
  21   (0.032) 0.006 0.083 0.008 0.006 
  22   (0.032) 0.006 0.083 0.008 0.006 
  23   (0.030) 0.005 0.045 0.008 0.005 

Locus 30 : locus30 
23 alleles
0.0% missing data
   1   (0.038) 0.010 0.009 0.009 0.224 
   2   (0.053) 0.009 0.013 0.163 0.037 
   3   (0.062) 0.012 0.204 0.016 0.174 
   4   (0.057) 0.016 0.052 0.014 0.114 
   5   (0.063) 0.016 0.241 0.016 0.144 
   6   (0.050) 0.008 0.125 0.013 0.036 
   7   (0.048) 0.008 0.087 0.012 0.064 
   8   (0.056) 0.019 0.051 0.014 0.083 
   9   (0.038) 0.223 0.010 0.009 0.010 
  10   (0.029) 0.056 0.007 0.007 0.009 
  11   (0.054) 0.247 0.013 0.051 0.020 
  12   (0.027) 0.032 0.007 0.007 0.005 
  13   (0.049) 0.063 0.012 0.125 0.009 
  14   (0.047) 0.035 0.012 0.124 0.008 
  15   (0.051) 0.064 0.013 0.088 0.009 
  16   (0.029) 0.032 0.007 0.007 0.005 
  17   (0.056) 0.089 0.014 0.089 0.013 
  18   (0.045) 0.035 0.011 0.086 0.008 
  19   (0.029) 0.005 0.007 0.045 0.005 
  20   (0.030) 0.005 0.007 0.045 0.005 
  21   (0.032) 0.005 0.008 0.045 0.006 
  22   (0.029) 0.005 0.045 0.007 0.005 
  23   (0.030) 0.005 0.045 0.007 0.005 

Locus 31 : locus31 
25 alleles
0.0% missing data
   1   (0.040) 0.010 0.010 0.010 0.220 
   2   (0.036) 0.014 0.009 0.009 0.080 
   3   (0.030) 0.005 0.008 0.008 0.032 
   4   (0.042) 0.012 0.011 0.011 0.193 
   5   (0.032) 0.005 0.008 0.008 0.114 
   6   (0.043) 0.013 0.011 0.011 0.110 
   7   (0.030) 0.005 0.008 0.008 0.032 
   8   (0.031) 0.005 0.008 0.008 0.060 
   9   (0.041) 0.227 0.010 0.010 0.011 
  10   (0.052) 0.037 0.239 0.013 0.009 
  11   (0.058) 0.094 0.089 0.015 0.010 
  12   (0.069) 0.164 0.017 0.130 0.027 
  13   (0.033) 0.062 0.008 0.008 0.006 
  14   (0.050) 0.093 0.013 0.050 0.009 
  15   (0.070) 0.138 0.243 0.018 0.025 
  16   (0.053) 0.065 0.013 0.126 0.010 
  17   (0.034) 0.006 0.008 0.121 0.006 
  18   (0.032) 0.006 0.008 0.158 0.006 
  19   (0.036) 0.006 0.009 0.121 0.006 
  20   (0.031) 0.005 0.008 0.045 0.005 
  21   (0.028) 0.005 0.007 0.045 0.005 
  22   (0.032) 0.006 0.008 0.046 0.006 
  23   (0.032) 0.006 0.083 0.008 0.006 
  24   (0.031) 0.005 0.083 0.008 0.006 
  25   (0.032) 0.006 0.083 0.008 0.006 

Locus 32 : locus32 
23 alleles
0.0% missing data
   1   (0.068) 0.149 0.017 0.017 0.286 
   2   (0.092) 0.043 0.173 0.136 0.072 
   3   (0.049) 0.062 0.012 0.012 0.064 
   4   (0.036) 0.007 0.009 0.009 0.144 
   5   (0.050) 0.160 0.013 0.013 0.050 
   6   (0.043) 0.035 0.011 0.011 0.035 
   7   (0.032) 0.007 0.008 0.008 0.087 
   8   (0.032) 0.009 0.008 0.008 0.058 
   9   (0.033) 0.007 0.008 0.008 0.087 
  10   (0.056) 0.088 0.089 0.014 0.014 
  11   (0.055) 0.037 0.051 0.051 0.010 
  12   (0.062) 0.089 0.278 0.016 0.015 
  13   (0.036) 0.191 0.009 0.009 0.014 
  14   (0.043) 0.035 0.048 0.011 0.008 
  15   (0.031) 0.033 0.008 0.008 0.006 
  16   (0.027) 0.005 0.007 0.044 0.005 
  17   (0.035) 0.006 0.009 0.159 0.006 
  18   (0.036) 0.006 0.009 0.159 0.007 
  19   (0.031) 0.005 0.008 0.083 0.006 
  20   (0.056) 0.010 0.089 0.164 0.010 
  21   (0.041) 0.007 0.048 0.048 0.007 
  22   (0.026) 0.004 0.044 0.007 0.005 
  23   (0.029) 0.005 0.045 0.007 0.005 

Locus 33 : locus33 
22 alleles
0.0% missing data
   1   (0.038) 0.010 0.010 0.010 0.163 
   2   (0.040) 0.011 0.010 0.010 0.136 
   3   (0.038) 0.010 0.009 0.010 0.163 
   4   (0.037) 0.009 0.009 0.009 0.084 
   5   (0.039) 0.012 0.010 0.010 0.108 
   6   (0.037) 0.009 0.009 0.009 0.083 
   7   (0.063) 0.181 0.016 0.016 0.091 
   8   (0.031) 0.005 0.008 0.008 0.032 
   9   (0.092) 0.268 0.173 0.060 0.022 
  10   (0.032) 0.063 0.008 0.008 0.006 
  11   (0.032) 0.034 0.008 0.008 0.006 
  12   (0.031) 0.034 0.008 0.008 0.005 
  13   (0.051) 0.092 0.050 0.013 0.012 
  14   (0.089) 0.044 0.173 0.322 0.016 
  15   (0.030) 0.034 0.008 0.008 0.005 
  16   (0.103) 0.145 0.251 0.138 0.033 
  17   (0.036) 0.006 0.009 0.122 0.006 
  18   (0.054) 0.010 0.051 0.164 0.009 
  19   (0.031) 0.005 0.008 0.045 0.005 
  20   (0.032) 0.006 0.045 0.008 0.006 
  21   (0.033) 0.006 0.083 0.008 0.006 
  22   (0.030) 0.005 0.045 0.008 0.005 

Locus 34 : locus34 
19 alleles
0.0% missing data
   1   (0.051) 0.016 0.013 0.013 0.461 
   2   (0.066) 0.015 0.129 0.017 0.089 
   3   (0.064) 0.011 0.129 0.016 0.092 
   4   (0.068) 0.014 0.092 0.017 0.145 
   5   (0.033) 0.006 0.008 0.008 0.033 
   6   (0.050) 0.009 0.050 0.013 0.036 
   7   (0.075) 0.177 0.019 0.131 0.018 
   8   (0.060) 0.038 0.015 0.240 0.011 
   9   (0.062) 0.201 0.015 0.053 0.017 
  10   (0.057) 0.120 0.014 0.052 0.012 
  11   (0.068) 0.116 0.017 0.092 0.020 
  12   (0.033) 0.034 0.008 0.008 0.006 
  13   (0.070) 0.092 0.017 0.130 0.016 
  14   (0.059) 0.120 0.015 0.052 0.013 
  15   (0.036) 0.006 0.009 0.121 0.006 
  16   (0.034) 0.006 0.046 0.009 0.006 
  17   (0.036) 0.006 0.122 0.009 0.006 
  18   (0.039) 0.007 0.160 0.010 0.007 
  19   (0.039) 0.007 0.122 0.010 0.007 

Locus 35 : locus35 
20 alleles
0.0% missing data
   1   (0.046) 0.014 0.011 0.012 0.291 
   2   (0.043) 0.011 0.011 0.011 0.162 
   3   (0.044) 0.010 0.011 0.011 0.111 
   4   (0.084) 0.044 0.134 0.021 0.067 
   5   (0.046) 0.013 0.012 0.012 0.135 
   6   (0.093) 0.090 0.136 0.023 0.079 
   7   (0.033) 0.006 0.008 0.008 0.032 
   8   (0.047) 0.294 0.012 0.012 0.012 
   9   (0.072) 0.095 0.205 0.018 0.017 
  10   (0.040) 0.065 0.010 0.010 0.007 
  11   (0.064) 0.040 0.241 0.016 0.011 
  12   (0.036) 0.035 0.009 0.009 0.006 
  13   (0.039) 0.123 0.010 0.010 0.007 
  14   (0.057) 0.063 0.052 0.014 0.015 
  15   (0.060) 0.063 0.090 0.015 0.015 
  16   (0.033) 0.006 0.008 0.046 0.006 
  17   (0.041) 0.007 0.010 0.273 0.007 
  18   (0.042) 0.008 0.011 0.160 0.007 
  19   (0.038) 0.007 0.010 0.159 0.007 
  20   (0.042) 0.007 0.010 0.160 0.007 

Locus 36 : locus36 
15 alleles
0.0% missing data
   1   (0.133) 0.098 0.070 0.221 0.168 
   2   (0.113) 0.030 0.216 0.065 0.255 
   3   (0.041) 0.007 0.010 0.010 0.116 
   4   (0.173) 0.098 0.193 0.230 0.289 
   5   (0.088) 0.015 0.248 0.059 0.070 
   6   (0.046) 0.171 0.011 0.011 0.012 
   7   (0.035) 0.062 0.009 0.009 0.006 
   8   (0.044) 0.143 0.011 0.011 0.012 
   9   (0.079) 0.204 0.020 0.170 0.019 
  10   (0.040) 0.058 0.010 0.010 0.011 
  11   (0.058) 0.037 0.015 0.128 0.011 
  12   (0.040) 0.058 0.010 0.010 0.011 
  13   (0.033) 0.006 0.008 0.046 0.006 
  14   (0.040) 0.007 0.085 0.010 0.007 
  15   (0.038) 0.006 0.084 0.009 0.007 

Locus 37 : locus37 
23 alleles
0.0% missing data
   1   (0.040) 0.009 0.010 0.010 0.193 
   2   (0.033) 0.006 0.008 0.008 0.060 
   3   (0.041) 0.012 0.010 0.010 0.246 
   4   (0.035) 0.010 0.009 0.009 0.057 
   5   (0.041) 0.010 0.010 0.010 0.275 
   6   (0.037) 0.062 0.009 0.009 0.007 
   7   (0.055) 0.090 0.014 0.051 0.013 
   8   (0.035) 0.116 0.009 0.009 0.008 
   9   (0.040) 0.114 0.010 0.010 0.012 
  10   (0.036) 0.088 0.009 0.009 0.009 
  11   (0.038) 0.063 0.009 0.009 0.007 
  12   (0.069) 0.196 0.017 0.092 0.024 
  13   (0.059) 0.038 0.203 0.015 0.011 
  14   (0.036) 0.116 0.009 0.009 0.008 
  15   (0.063) 0.011 0.128 0.166 0.011 
  16   (0.037) 0.006 0.009 0.122 0.007 
  17   (0.055) 0.009 0.164 0.051 0.010 
  18   (0.032) 0.006 0.008 0.045 0.006 
  19   (0.038) 0.007 0.010 0.122 0.007 
  20   (0.053) 0.009 0.050 0.126 0.009 
  21   (0.062) 0.011 0.165 0.090 0.011 
  22   (0.034) 0.006 0.083 0.009 0.006 
  23   (0.030) 0.005 0.045 0.008 0.005 

Locus 38 : locus38 
24 alleles
0.0% missing data
   1   (0.043) 0.010 0.011 0.011 0.168 
   2   (0.032) 0.006 0.008 0.008 0.060 
   3   (0.036) 0.009 0.009 0.009 0.139 
   4   (0.044) 0.011 0.011 0.011 0.249 
   5   (0.036) 0.009 0.009 0.009 0.086 
   6   (0.037) 0.010 0.009 0.009 0.058 
   7   (0.031) 0.005 0.008 0.008 0.033 
   8   (0.034) 0.010 0.009 0.009 0.057 
   9   (0.039) 0.228 0.010 0.010 0.009 
  10   (0.037) 0.116 0.009 0.009 0.008 
  11   (0.039) 0.113 0.010 0.010 0.012 
  12   (0.031) 0.033 0.008 0.008 0.006 
  13   (0.041) 0.138 0.010 0.010 0.015 
  14   (0.064) 0.120 0.016 0.091 0.014 
  15   (0.062) 0.037 0.015 0.391 0.011 
  16   (0.028) 0.033 0.007 0.007 0.005 
  17   (0.060) 0.060 0.015 0.127 0.016 
  18   (0.052) 0.009 0.088 0.050 0.009 
  19   (0.057) 0.010 0.127 0.052 0.010 
  20   (0.059) 0.010 0.127 0.127 0.011 
  21   (0.035) 0.006 0.122 0.009 0.006 
  22   (0.030) 0.005 0.045 0.008 0.005 
  23   (0.036) 0.006 0.122 0.009 0.006 
  24   (0.037) 0.006 0.197 0.009 0.007 

Locus 39 : locus39 
21 alleles
0.0% missing data
   1   (0.044) 0.009 0.011 0.011 0.170 
   2   (0.045) 0.013 0.011 0.011 0.358 
   3   (0.038) 0.007 0.010 0.010 0.061 
   4   (0.038) 0.011 0.010 0.010 0.057 
   5   (0.036) 0.006 0.009 0.009 0.061 
   6   (0.032) 0.006 0.008 0.008 0.033 
   7   (0.038) 0.010 0.010 0.010 0.057 
   8   (0.041) 0.011 0.010 0.010 0.058 
   9   (0.049) 0.337 0.012 0.012 0.013 
  10   (0.045) 0.144 0.011 0.011 0.010 
  11   (0.045) 0.170 0.011 0.011 0.011 
  12   (0.039) 0.058 0.010 0.010 0.011 
  13   (0.043) 0.112 0.011 0.011 0.013 
  14   (0.034) 0.033 0.009 0.009 0.006 
  15   (0.073) 0.012 0.206 0.131 0.013 
  16   (0.056) 0.010 0.051 0.127 0.010 
  17   (0.070) 0.012 0.168 0.130 0.013 
  18   (0.055) 0.009 0.050 0.127 0.010 
  19   (0.079) 0.013 0.245 0.244 0.014 
  20   (0.049) 0.008 0.050 0.050 0.009 
  21   (0.051) 0.009 0.088 0.050 0.009 

Locus 40 : locus40 
13 alleles
0.0% missing data
   1   (0.046) 0.020 0.011 0.012 0.156 
   2   (0.180) 0.207 0.232 0.233 0.186 
   3   (0.080) 0.014 0.095 0.057 0.093 
   4   (0.073) 0.019 0.093 0.018 0.218 
   5   (0.098) 0.196 0.062 0.025 0.143 
   6   (0.130) 0.194 0.183 0.070 0.102 
   7   (0.094) 0.017 0.211 0.173 0.042 
   8   (0.055) 0.096 0.014 0.051 0.010 
   9   (0.070) 0.119 0.018 0.130 0.019 
  10   (0.053) 0.067 0.013 0.051 0.009 
  11   (0.049) 0.037 0.012 0.050 0.009 
  12   (0.039) 0.007 0.010 0.122 0.007 
  13   (0.033) 0.006 0.046 0.008 0.006 

Locus 41 : locus41 
25 alleles
0.0% missing data
   1   (0.034) 0.006 0.008 0.009 0.088 
   2   (0.038) 0.008 0.010 0.010 0.141 
   3   (0.039) 0.012 0.010 0.010 0.165 
   4   (0.043) 0.013 0.011 0.011 0.165 
   5   (0.035) 0.006 0.009 0.009 0.061 
   6   (0.034) 0.010 0.008 0.009 0.057 
   7   (0.038) 0.010 0.010 0.010 0.139 
   8   (0.028) 0.005 0.007 0.007 0.032 
   9   (0.055) 0.139 0.051 0.014 0.019 
  10   (0.071) 0.149 0.430 0.018 0.015 
  11   (0.060) 0.173 0.015 0.052 0.015 
  12   (0.038) 0.087 0.010 0.010 0.009 
  13   (0.050) 0.036 0.088 0.013 0.009 
  14   (0.064) 0.199 0.091 0.016 0.018 
  15   (0.048) 0.064 0.049 0.012 0.009 
  16   (0.030) 0.033 0.008 0.008 0.006 
  17   (0.031) 0.005 0.008 0.045 0.006 
  18   (0.035) 0.006 0.009 0.084 0.006 
  19   (0.033) 0.006 0.008 0.120 0.006 
  20   (0.038) 0.006 0.009 0.234 0.007 
  21   (0.028) 0.005 0.007 0.045 0.005 
  22   (0.031) 0.005 0.008 0.158 0.005 
  23   (0.029) 0.005 0.007 0.045 0.005 
  24   (0.035) 0.006 0.009 0.046 0.006 
  25   (0.034) 0.006 0.121 0.009 0.006 

Locus 42 : locus42 
23 alleles
0.0% missing data
   1   (0.041) 0.011 0.010 0.010 0.140 
   2   (0.040) 0.008 0.010 0.010 0.170 
   3   (0.040) 0.011 0.010 0.010 0.112 
   4   (0.036) 0.010 0.009 0.009 0.057 
   5   (0.034) 0.006 0.009 0.009 0.034 
   6   (0.043) 0.010 0.011 0.011 0.087 
   7   (0.032) 0.006 0.008 0.008 0.033 
   8   (0.043) 0.011 0.011 0.011 0.222 
   9   (0.040) 0.090 0.010 0.010 0.007 
  10   (0.041) 0.170 0.010 0.010 0.010 
  11   (0.036) 0.171 0.009 0.009 0.008 
  12   (0.046) 0.168 0.011 0.011 0.014 
  13   (0.043) 0.196 0.011 0.011 0.013 
  14   (0.037) 0.057 0.009 0.009 0.012 
  15   (0.065) 0.011 0.166 0.166 0.012 
  16   (0.038) 0.007 0.010 0.272 0.007 
  17   (0.067) 0.011 0.130 0.167 0.012 
  18   (0.053) 0.009 0.088 0.050 0.010 
  19   (0.058) 0.010 0.089 0.127 0.010 
  20   (0.049) 0.008 0.050 0.050 0.009 
  21   (0.042) 0.007 0.161 0.011 0.008 
  22   (0.041) 0.007 0.123 0.010 0.007 
  23   (0.035) 0.006 0.046 0.009 0.006 

Locus 43 : locus43 
21 alleles
0.0% missing data
   1   (0.043) 0.013 0.011 0.011 0.168 
   2   (0.076) 0.017 0.019 0.319 0.093 
   3   (0.069) 0.012 0.318 0.017 0.068 
   4   (0.064) 0.017 0.053 0.016 0.116 
   5   (0.062) 0.014 0.090 0.016 0.091 
   6   (0.081) 0.017 0.020 0.320 0.122 
   7   (0.055) 0.013 0.051 0.014 0.061 
   8   (0.038) 0.009 0.010 0.010 0.088 
   9   (0.062) 0.010 0.090 0.015 0.094 
  10   (0.050) 0.330 0.013 0.013 0.015 
  11   (0.045) 0.223 0.011 0.011 0.011 
  12   (0.039) 0.167 0.010 0.010 0.010 
  13   (0.033) 0.033 0.008 0.008 0.006 
  14   (0.041) 0.057 0.010 0.010 0.012 
  15   (0.035) 0.033 0.009 0.009 0.006 
  16   (0.034) 0.006 0.009 0.046 0.006 
  17   (0.033) 0.006 0.008 0.083 0.006 
  18   (0.032) 0.005 0.008 0.045 0.006 
  19   (0.039) 0.007 0.122 0.010 0.007 
  20   (0.037) 0.006 0.084 0.009 0.007 
  21   (0.032) 0.005 0.045 0.008 0.006 

Locus 44 : locus44 
17 alleles
0.0% missing data
   1   (0.065) 0.058 0.016 0.016 0.207 
   2   (0.066) 0.066 0.016 0.017 0.280 
   3   (0.085) 0.149 0.021 0.096 0.049 
   4   (0.105) 0.217 0.026 0.251 0.071 
   5   (0.036) 0.010 0.009 0.009 0.057 
   6   (0.042) 0.011 0.010 0.010 0.164 
   7   (0.035) 0.006 0.009 0.009 0.059 
   8   (0.095) 0.156 0.099 0.136 0.019 
   9   (0.084) 0.180 0.096 0.058 0.020 
  10   (0.063) 0.062 0.166 0.016 0.016 
  11   (0.051) 0.037 0.088 0.013 0.009 
  12   (0.050) 0.009 0.088 0.049 0.009 
  13   (0.054) 0.010 0.051 0.126 0.010 
  14   (0.053) 0.009 0.126 0.051 0.009 
  15   (0.052) 0.009 0.050 0.126 0.009 
  16   (0.031) 0.005 0.045 0.008 0.005 
  17   (0.034) 0.006 0.083 0.009 0.006 

Locus 45 : locus45 
24 alleles
0.0% missing data
   1   (0.059) 0.051 0.015 0.052 0.052 
   2   (0.031) 0.005 0.008 0.008 0.060 
   3   (0.030) 0.005 0.007 0.007 0.032 
   4   (0.031) 0.005 0.008 0.008 0.142 
   5   (0.033) 0.009 0.008 0.008 0.057 
   6   (0.050) 0.009 0.012 0.200 0.036 
   7   (0.036) 0.016 0.009 0.009 0.105 
   8   (0.056) 0.010 0.014 0.314 0.037 
   9   (0.039) 0.010 0.010 0.010 0.168 
  10   (0.034) 0.013 0.009 0.009 0.081 
  11   (0.057) 0.017 0.014 0.127 0.112 
  12   (0.068) 0.119 0.054 0.054 0.016 
  13   (0.053) 0.143 0.051 0.013 0.015 
  14   (0.033) 0.113 0.008 0.008 0.010 
  15   (0.035) 0.164 0.009 0.009 0.015 
  16   (0.047) 0.036 0.125 0.012 0.009 
  17   (0.047) 0.092 0.049 0.012 0.008 
  18   (0.045) 0.064 0.049 0.011 0.008 
  19   (0.046) 0.035 0.124 0.012 0.008 
  20   (0.045) 0.063 0.049 0.011 0.008 
  21   (0.032) 0.005 0.008 0.083 0.006 
  22   (0.035) 0.006 0.196 0.009 0.006 
  23   (0.030) 0.005 0.120 0.008 0.005 
  24   (0.029) 0.005 0.045 0.007 0.005 

Locus 46 : locus46 
19 alleles
0.0% missing data
   1   (0.066) 0.015 0.016 0.054 0.200 
   2   (0.074) 0.017 0.168 0.018 0.173 
   3   (0.042) 0.012 0.011 0.011 0.112 
   4   (0.064) 0.015 0.091 0.016 0.090 
   5   (0.050) 0.009 0.012 0.050 0.036 
   6   (0.046) 0.012 0.011 0.011 0.141 
   7   (0.059) 0.014 0.052 0.015 0.089 
   8   (0.060) 0.010 0.241 0.015 0.037 
   9   (0.074) 0.202 0.018 0.131 0.018 
  10   (0.039) 0.087 0.010 0.010 0.010 
  11   (0.084) 0.257 0.021 0.284 0.021 
  12   (0.040) 0.112 0.010 0.010 0.012 
  13   (0.069) 0.095 0.017 0.205 0.012 
  14   (0.037) 0.058 0.009 0.009 0.010 
  15   (0.038) 0.058 0.009 0.009 0.011 
  16   (0.037) 0.006 0.009 0.084 0.007 
  17   (0.054) 0.009 0.126 0.051 0.010 
  18   (0.036) 0.006 0.122 0.009 0.007 
  19   (0.031) 0.005 0.045 0.008 0.006 

Locus 47 : locus47 
14 alleles
0.0% missing data
   1   (0.040) 0.009 0.010 0.010 0.088 
   2   (0.125) 0.121 0.144 0.144 0.060 
   3   (0.100) 0.146 0.025 0.063 0.191 
   4   (0.043) 0.012 0.011 0.011 0.114 
   5   (0.035) 0.006 0.009 0.009 0.034 
   6   (0.059) 0.010 0.090 0.015 0.066 
   7   (0.072) 0.020 0.131 0.018 0.117 
   8   (0.128) 0.144 0.370 0.032 0.148 
   9   (0.103) 0.017 0.138 0.175 0.102 
  10   (0.091) 0.191 0.023 0.285 0.032 
  11   (0.079) 0.228 0.020 0.133 0.018 
  12   (0.033) 0.033 0.008 0.008 0.006 
  13   (0.057) 0.057 0.014 0.052 0.017 
  14   (0.034) 0.006 0.009 0.046 0.006 

Locus 48 : locus48 
18 alleles
0.0% missing data
   1   (0.064) 0.183 0.016 0.016 0.060 
   2   (0.068) 0.058 0.017 0.017 0.185 
   3   (0.073) 0.137 0.018 0.018 0.136 
   4   (0.068) 0.065 0.017 0.017 0.205 
   5   (0.108) 0.151 0.027 0.102 0.217 
   6   (0.084) 0.105 0.096 0.021 0.062 
   7   (0.051) 0.036 0.013 0.013 0.037 
   8   (0.079) 0.169 0.170 0.020 0.024 
   9   (0.059) 0.038 0.165 0.015 0.011 
  10   (0.035) 0.006 0.009 0.046 0.006 
  11   (0.043) 0.007 0.011 0.198 0.008 
  12   (0.045) 0.008 0.011 0.311 0.008 
  13   (0.038) 0.007 0.010 0.085 0.007 
  14   (0.036) 0.006 0.009 0.047 0.007 
  15   (0.033) 0.006 0.008 0.046 0.006 
  16   (0.037) 0.006 0.159 0.009 0.007 
  17   (0.038) 0.006 0.122 0.010 0.007 
  18   (0.041) 0.007 0.123 0.010 0.007 

Locus 49 : locus49 
17 alleles
0.0% missing data
   1   (0.085) 0.055 0.021 0.059 0.168 
   2   (0.117) 0.031 0.104 0.104 0.397 
   3   (0.061) 0.010 0.091 0.015 0.094 
   4   (0.085) 0.019 0.058 0.059 0.176 
   5   (0.063) 0.011 0.016 0.279 0.039 
   6   (0.045) 0.168 0.011 0.011 0.012 
   7   (0.052) 0.331 0.013 0.013 0.015 
   8   (0.040) 0.114 0.010 0.010 0.009 
   9   (0.037) 0.057 0.009 0.009 0.011 
  10   (0.061) 0.117 0.053 0.015 0.014 
  11   (0.035) 0.033 0.009 0.009 0.006 
  12   (0.063) 0.011 0.241 0.053 0.011 
  13   (0.070) 0.012 0.168 0.130 0.013 
  14   (0.034) 0.006 0.009 0.046 0.006 
  15   (0.062) 0.010 0.091 0.090 0.011 
  16   (0.053) 0.009 0.088 0.050 0.010 
  17   (0.034) 0.006 0.009 0.046 0.006 

Locus 50 : locus50 
26 alleles
0.0% missing data
   1   (0.039) 0.012 0.010 0.010 0.166 
   2   (0.076) 0.019 0.131 0.019 0.364 
   3   (0.061) 0.016 0.165 0.015 0.060 
   4   (0.029) 0.005 0.007 0.007 0.033 
   5   (0.033) 0.006 0.008 0.008 0.061 
   6   (0.046) 0.008 0.049 0.012 0.036 
   7   (0.034) 0.006 0.008 0.008 0.033 
   8   (0.056) 0.009 0.127 0.014 0.065 
   9   (0.030) 0.008 0.007 0.007 0.057 
  10   (0.042) 0.166 0.010 0.010 0.014 
  11   (0.044) 0.364 0.011 0.011 0.011 
  12   (0.044) 0.144 0.011 0.011 0.009 
  13   (0.032) 0.033 0.008 0.008 0.006 
  14   (0.034) 0.061 0.009 0.009 0.006 
  15   (0.036) 0.081 0.009 0.009 0.014 
  16   (0.038) 0.007 0.010 0.197 0.007 
  17   (0.038) 0.007 0.009 0.197 0.007 
  18   (0.038) 0.007 0.009 0.197 0.007 
  19   (0.033) 0.006 0.008 0.046 0.006 
  20   (0.034) 0.006 0.008 0.084 0.006 
  21   (0.029) 0.005 0.007 0.045 0.005 
  22   (0.031) 0.005 0.008 0.045 0.006 
  23   (0.030) 0.005 0.120 0.008 0.005 
  24   (0.034) 0.006 0.121 0.009 0.006 
  25   (0.030) 0.005 0.083 0.008 0.005 
  26   (0.030) 0.005 0.045 0.008 0.005 

Locus 51 : locus51 
22 alleles
0.0% missing data
   1   (0.075) 0.016 0.019 0.169 0.205 
   2   (0.032) 0.005 0.008 0.008 0.061 
   3   (0.041) 0.008 0.010 0.010 0.256 
   4   (0.067) 0.018 0.129 0.017 0.116 
   5   (0.088) 0.021 0.097 0.059 0.149 
   6   (0.068) 0.022 0.130 0.017 0.084 
   7   (0.052) 0.466 0.013 0.013 0.014 
   8   (0.042) 0.221 0.011 0.011 0.012 
   9   (0.036) 0.060 0.009 0.009 0.007 
  10   (0.034) 0.033 0.009 0.009 0.006 
  11   (0.041) 0.057 0.010 0.010 0.012 
  12   (0.039) 0.007 0.010 0.122 0.007 
  13   (0.032) 0.005 0.008 0.046 0.006 
  14   (0.033) 0.006 0.008 0.046 0.006 
  15   (0.033) 0.006 0.008 0.046 0.006 
  16   (0.034) 0.006 0.009 0.083 0.006 
  17   (0.034) 0.006 0.008 0.121 0.006 
  18   (0.054) 0.009 0.051 0.126 0.010 
  19   (0.053) 0.009 0.088 0.051 0.010 
  20   (0.038) 0.006 0.122 0.010 0.007 
  21   (0.035) 0.006 0.084 0.009 0.006 
  22   (0.039) 0.007 0.160 0.010 0.007 

Locus 52 : locus52 
18 alleles
0.0% missing data
   1   (0.062) 0.015 0.015 0.053 0.143 
   2   (0.033) 0.006 0.008 0.008 0.033 
   3   (0.075) 0.022 0.019 0.131 0.222 
   4   (0.076) 0.023 0.019 0.094 0.222 
   5   (0.050) 0.008 0.012 0.050 0.036 
   6   (0.063) 0.011 0.016 0.166 0.093 
   7   (0.035) 0.006 0.009 0.009 0.061 
   8   (0.035) 0.006 0.009 0.009 0.061 
   9   (0.057) 0.121 0.014 0.052 0.010 
  10   (0.083) 0.368 0.021 0.171 0.023 
  11   (0.079) 0.041 0.095 0.095 0.014 
  12   (0.041) 0.141 0.010 0.010 0.012 
  13   (0.040) 0.087 0.010 0.010 0.010 
  14   (0.058) 0.060 0.090 0.015 0.016 
  15   (0.078) 0.062 0.095 0.057 0.021 
  16   (0.059) 0.010 0.240 0.052 0.010 
  17   (0.042) 0.007 0.236 0.010 0.008 
  18   (0.035) 0.006 0.084 0.009 0.006 

Locus 53 : locus53 
21 alleles
0.0% missing data
   1   (0.035) 0.006 0.009 0.009 0.062 
   2   (0.070) 0.018 0.017 0.205 0.061 
   3   (0.043) 0.011 0.011 0.011 0.142 
   4   (0.061) 0.015 0.015 0.052 0.145 
   5   (0.061) 0.010 0.015 0.090 0.066 
   6   (0.057) 0.010 0.014 0.127 0.038 
   7   (0.059) 0.012 0.015 0.052 0.119 
   8   (0.046) 0.014 0.012 0.012 0.167 
   9   (0.068) 0.015 0.017 0.092 0.091 
  10   (0.041) 0.250 0.010 0.010 0.012 
  11   (0.066) 0.366 0.016 0.053 0.014 
  12   (0.041) 0.111 0.010 0.010 0.013 
  13   (0.061) 0.113 0.015 0.053 0.018 
  14   (0.038) 0.007 0.010 0.159 0.007 
  15   (0.034) 0.006 0.121 0.009 0.006 
  16   (0.034) 0.006 0.046 0.008 0.006 
  17   (0.036) 0.006 0.084 0.009 0.007 
  18   (0.035) 0.006 0.084 0.009 0.006 
  19   (0.037) 0.006 0.122 0.009 0.007 
  20   (0.038) 0.007 0.160 0.010 0.007 
  21   (0.039) 0.007 0.198 0.010 0.007 

Locus 54 : locus54 
17 alleles
0.0% missing data
   1   (0.097) 0.083 0.024 0.062 0.166 
   2   (0.082) 0.228 0.021 0.021 0.110 
   3   (0.107) 0.071 0.027 0.139 0.181 
   4   (0.086) 0.021 0.021 0.171 0.194 
   5   (0.078) 0.072 0.020 0.020 0.249 
   6   (0.042) 0.121 0.011 0.010 0.009 
   7   (0.051) 0.266 0.013 0.013 0.012 
   8   (0.040) 0.065 0.010 0.010 0.007 
   9   (0.072) 0.013 0.055 0.318 0.012 
  10   (0.060) 0.011 0.052 0.090 0.010 
  11   (0.040) 0.007 0.010 0.085 0.007 
  12   (0.046) 0.008 0.237 0.012 0.008 
  13   (0.045) 0.008 0.199 0.011 0.008 
  14   (0.036) 0.006 0.047 0.009 0.006 
  15   (0.045) 0.008 0.124 0.011 0.008 
  16   (0.038) 0.007 0.085 0.010 0.007 
  17   (0.034) 0.006 0.046 0.009 0.006 

Locus 55 : locus55 
15 alleles
0.0% missing data
   1   (0.087) 0.021 0.097 0.059 0.148 
   2   (0.079) 0.015 0.057 0.057 0.151 
   3   (0.073) 0.015 0.169 0.019 0.149 
   4   (0.070) 0.244 0.018 0.018 0.081 
   5   (0.106) 0.173 0.027 0.139 0.139 
   6   (0.059) 0.015 0.015 0.090 0.061 
   7   (0.088) 0.142 0.022 0.060 0.108 
   8   (0.097) 0.203 0.024 0.174 0.051 
   9   (0.067) 0.017 0.167 0.017 0.061 
  10   (0.039) 0.114 0.010 0.010 0.009 
  11   (0.052) 0.009 0.050 0.088 0.009 
  12   (0.038) 0.006 0.009 0.159 0.007 
  13   (0.052) 0.009 0.088 0.050 0.009 
  14   (0.059) 0.010 0.203 0.052 0.011 
  15   (0.033) 0.006 0.046 0.008 0.006 

Locus 56 : locus56 
20 alleles
0.0% missing data
   1   (0.048) 0.013 0.012 0.012 0.215 
   2   (0.117) 0.439 0.029 0.104 0.138 
   3   (0.090) 0.150 0.022 0.060 0.077 
   4   (0.040) 0.011 0.010 0.010 0.136 
   5   (0.098) 0.155 0.024 0.137 0.101 
   6   (0.074) 0.057 0.019 0.094 0.052 
   7   (0.042) 0.016 0.011 0.011 0.131 
   8   (0.078) 0.085 0.019 0.057 0.080 
   9   (0.035) 0.006 0.009 0.084 0.006 
  10   (0.034) 0.006 0.009 0.158 0.006 
  11   (0.036) 0.006 0.009 0.084 0.006 
  12   (0.034) 0.006 0.009 0.084 0.006 
  13   (0.033) 0.006 0.008 0.045 0.006 
  14   (0.041) 0.007 0.273 0.010 0.007 
  15   (0.038) 0.007 0.197 0.010 0.007 
  16   (0.030) 0.005 0.082 0.007 0.005 
  17   (0.037) 0.007 0.122 0.009 0.006 
  18   (0.030) 0.005 0.045 0.008 0.005 
  19   (0.034) 0.006 0.046 0.008 0.006 
  20   (0.032) 0.006 0.045 0.008 0.005 

Locus 57 : locus57 
17 alleles
0.0% missing data
   1   (0.059) 0.013 0.015 0.052 0.118 
   2   (0.041) 0.015 0.010 0.010 0.081 
   3   (0.142) 0.107 0.373 0.036 0.380 
   4   (0.092) 0.093 0.098 0.023 0.132 
   5   (0.063) 0.015 0.091 0.016 0.090 
   6   (0.066) 0.017 0.016 0.129 0.061 
   7   (0.075) 0.040 0.019 0.132 0.041 
   8   (0.083) 0.314 0.133 0.021 0.019 
   9   (0.078) 0.307 0.094 0.020 0.024 
  10   (0.033) 0.033 0.008 0.008 0.006 
  11   (0.055) 0.009 0.051 0.089 0.010 
  12   (0.040) 0.007 0.010 0.197 0.007 
  13   (0.036) 0.006 0.009 0.084 0.007 
  14   (0.034) 0.006 0.008 0.046 0.006 
  15   (0.033) 0.006 0.008 0.046 0.006 
  16   (0.037) 0.006 0.009 0.084 0.007 
  17   (0.032) 0.006 0.046 0.008 0.006 

Locus 58 : locus58 
28 alleles
0.0% missing data
   1   (0.036) 0.009 0.009 0.009 0.168 
   2   (0.034) 0.008 0.008 0.008 0.086 
   3   (0.038) 0.008 0.010 0.010 0.114 
   4   (0.053) 0.014 0.013 0.126 0.059 
   5   (0.055) 0.015 0.014 0.051 0.251 
   6   (0.030) 0.005 0.008 0.008 0.060 
   7   (0.065) 0.015 0.016 0.241 0.090 
   8   (0.029) 0.005 0.007 0.007 0.033 
   9   (0.037) 0.112 0.009 0.009 0.011 
  10   (0.045) 0.364 0.011 0.011 0.011 
  11   (0.030) 0.033 0.008 0.008 0.005 
  12   (0.032) 0.116 0.008 0.008 0.006 
  13   (0.033) 0.111 0.008 0.008 0.011 
  14   (0.031) 0.057 0.008 0.008 0.009 
  15   (0.032) 0.057 0.008 0.008 0.009 
  16   (0.037) 0.006 0.009 0.159 0.007 
  17   (0.032) 0.005 0.008 0.121 0.006 
  18   (0.029) 0.005 0.007 0.082 0.005 
  19   (0.027) 0.005 0.007 0.044 0.005 
  20   (0.042) 0.007 0.273 0.011 0.008 
  21   (0.031) 0.005 0.083 0.008 0.006 
  22   (0.033) 0.006 0.083 0.008 0.006 
  23   (0.029) 0.005 0.045 0.007 0.005 
  24   (0.033) 0.006 0.083 0.008 0.006 
  25   (0.037) 0.006 0.122 0.009 0.007 
  26   (0.027) 0.005 0.044 0.007 0.005 
  27   (0.031) 0.005 0.045 0.008 0.006 
  28   (0.030) 0.005 0.045 0.008 0.005 

Locus 59 : locus59 
19 alleles
0.0% missing data
   1   (0.072) 0.012 0.131 0.131 0.040 
   2   (0.072) 0.017 0.055 0.055 0.173 
   3   (0.036) 0.009 0.009 0.009 0.168 
   4   (0.034) 0.008 0.008 0.009 0.086 
   5   (0.086) 0.250 0.097 0.022 0.111 
   6   (0.053) 0.011 0.013 0.050 0.116 
   7   (0.064) 0.011 0.167 0.053 0.039 
   8   (0.106) 0.177 0.101 0.101 0.080 
   9   (0.110) 0.242 0.215 0.065 0.072 
  10   (0.048) 0.013 0.049 0.012 0.059 
  11   (0.052) 0.064 0.013 0.126 0.009 
  12   (0.047) 0.092 0.012 0.049 0.009 
  13   (0.050) 0.036 0.012 0.125 0.009 
  14   (0.029) 0.032 0.007 0.007 0.005 
  15   (0.029) 0.005 0.007 0.045 0.005 
  16   (0.028) 0.005 0.007 0.045 0.005 
  17   (0.028) 0.005 0.007 0.045 0.005 
  18   (0.027) 0.005 0.007 0.044 0.005 
  19   (0.029) 0.005 0.082 0.007 0.005 

Locus 60 : locus60 
15 alleles
0.0% missing data
   1   (0.098) 0.022 0.062 0.062 0.371 
   2   (0.115) 0.019 0.179 0.179 0.103 
   3   (0.138) 0.041 0.185 0.222 0.145 
   4   (0.061) 0.010 0.015 0.128 0.038 
   5   (0.064) 0.014 0.016 0.054 0.119 
   6   (0.067) 0.064 0.017 0.017 0.123 
   7   (0.042) 0.090 0.010 0.010 0.008 
   8   (0.051) 0.335 0.013 0.013 0.013 
   9   (0.054) 0.036 0.013 0.051 0.010 
  10   (0.049) 0.166 0.012 0.012 0.016 
  11   (0.045) 0.115 0.011 0.011 0.010 
  12   (0.039) 0.057 0.010 0.010 0.011 
  13   (0.085) 0.014 0.359 0.134 0.015 
  14   (0.056) 0.010 0.089 0.051 0.010 
  15   (0.036) 0.006 0.009 0.046 0.006 

Locus 61 : locus61 
21 alleles
0.0% missing data
   1   (0.058) 0.128 0.015 0.015 0.056 
   2   (0.075) 0.247 0.019 0.019 0.136 
   3   (0.038) 0.008 0.010 0.010 0.144 
   4   (0.039) 0.010 0.010 0.010 0.059 
   5   (0.063) 0.054 0.016 0.016 0.217 
   6   (0.102) 0.099 0.025 0.288 0.102 
   7   (0.052) 0.036 0.013 0.013 0.065 
   8   (0.033) 0.008 0.008 0.008 0.058 
   9   (0.060) 0.203 0.015 0.015 0.065 
  10   (0.064) 0.089 0.016 0.166 0.015 
  11   (0.062) 0.059 0.128 0.016 0.017 
  12   (0.033) 0.006 0.008 0.046 0.006 
  13   (0.038) 0.006 0.009 0.196 0.007 
  14   (0.035) 0.006 0.009 0.084 0.006 
  15   (0.031) 0.005 0.008 0.045 0.006 
  16   (0.041) 0.007 0.311 0.010 0.008 
  17   (0.037) 0.006 0.122 0.009 0.007 
  18   (0.034) 0.006 0.083 0.008 0.006 
  19   (0.037) 0.006 0.084 0.009 0.007 
  20   (0.032) 0.005 0.046 0.008 0.006 
  21   (0.034) 0.006 0.046 0.008 0.006 

Locus 62 : locus62 
21 alleles
0.0% missing data
   1   (0.036) 0.007 0.009 0.009 0.116 
   2   (0.037) 0.008 0.009 0.009 0.144 
   3   (0.042) 0.010 0.011 0.011 0.255 
   4   (0.031) 0.005 0.008 0.008 0.033 
   5   (0.038) 0.008 0.010 0.010 0.117 
   6   (0.079) 0.013 0.094 0.207 0.042 
   7   (0.096) 0.094 0.099 0.061 0.103 
   8   (0.036) 0.010 0.009 0.009 0.058 
   9   (0.028) 0.032 0.007 0.007 0.005 
  10   (0.039) 0.193 0.010 0.010 0.012 
  11   (0.084) 0.225 0.096 0.058 0.023 
  12   (0.059) 0.141 0.052 0.015 0.016 
  13   (0.052) 0.036 0.013 0.126 0.010 
  14   (0.026) 0.032 0.006 0.006 0.005 
  15   (0.035) 0.056 0.009 0.009 0.010 
  16   (0.095) 0.097 0.250 0.174 0.017 
  17   (0.035) 0.006 0.009 0.121 0.007 
  18   (0.050) 0.008 0.050 0.125 0.009 
  19   (0.036) 0.006 0.159 0.009 0.007 
  20   (0.032) 0.005 0.046 0.008 0.006 
  21   (0.033) 0.006 0.046 0.008 0.006 

Locus 63 : locus63 
26 alleles
0.0% missing data
   1   (0.053) 0.115 0.013 0.013 0.068 
   2   (0.035) 0.008 0.009 0.009 0.115 
   3   (0.033) 0.009 0.008 0.008 0.223 
   4   (0.035) 0.008 0.009 0.009 0.087 
   5   (0.057) 0.050 0.014 0.014 0.162 
   6   (0.058) 0.296 0.015 0.015 0.055 
   7   (0.051) 0.082 0.013 0.013 0.046 
   8   (0.037) 0.009 0.009 0.009 0.087 
   9   (0.028) 0.005 0.007 0.007 0.033 
  10   (0.037) 0.081 0.009 0.009 0.014 
  11   (0.032) 0.061 0.008 0.008 0.006 
  12   (0.043) 0.035 0.011 0.048 0.008 
  13   (0.064) 0.118 0.166 0.016 0.015 
  14   (0.036) 0.057 0.009 0.009 0.010 
  15   (0.032) 0.005 0.008 0.120 0.006 
  16   (0.034) 0.006 0.009 0.121 0.006 
  17   (0.038) 0.007 0.010 0.197 0.007 
  18   (0.038) 0.006 0.009 0.196 0.007 
  19   (0.036) 0.006 0.009 0.121 0.006 
  20   (0.032) 0.005 0.120 0.008 0.006 
  21   (0.032) 0.005 0.158 0.008 0.006 
  22   (0.035) 0.006 0.159 0.009 0.006 
  23   (0.034) 0.006 0.046 0.008 0.006 
  24   (0.033) 0.005 0.083 0.008 0.006 
  25   (0.027) 0.005 0.044 0.007 0.005 
  26   (0.032) 0.005 0.045 0.008 0.006 

Locus 64 : locus64 
19 alleles
0.0% missing data
   1   (0.043) 0.013 0.011 0.011 0.297 
   2   (0.094) 0.024 0.061 0.174 0.142 
   3   (0.079) 0.190 0.057 0.020 0.061 
   4   (0.063) 0.125 0.016 0.016 0.118 
   5   (0.033) 0.006 0.008 0.008 0.033 
   6   (0.079) 0.202 0.020 0.020 0.157 
   7   (0.050) 0.009 0.088 0.012 0.035 
   8   (0.084) 0.022 0.134 0.096 0.062 
   9   (0.056) 0.091 0.051 0.014 0.013 
  10   (0.041) 0.115 0.010 0.010 0.012 
  11   (0.065) 0.068 0.242 0.016 0.012 
  12   (0.031) 0.034 0.008 0.008 0.005 
  13   (0.034) 0.059 0.008 0.009 0.010 
  14   (0.039) 0.007 0.010 0.234 0.007 
  15   (0.065) 0.011 0.091 0.241 0.011 
  16   (0.050) 0.009 0.050 0.087 0.009 
  17   (0.031) 0.005 0.045 0.008 0.005 
  18   (0.032) 0.006 0.046 0.008 0.006 
  19   (0.031) 0.005 0.045 0.008 0.005 

Locus 65 : locus65 
16 alleles
0.0% missing data
   1   (0.049) 0.015 0.012 0.012 0.112 
   2   (0.052) 0.014 0.013 0.013 0.277 
   3   (0.045) 0.009 0.011 0.011 0.143 
   4   (0.061) 0.016 0.053 0.015 0.060 
   5   (0.038) 0.007 0.009 0.010 0.061 
   6   (0.044) 0.009 0.011 0.011 0.143 
   7   (0.073) 0.019 0.168 0.018 0.061 
   8   (0.078) 0.145 0.019 0.094 0.021 
   9   (0.073) 0.124 0.018 0.131 0.013 
  10   (0.084) 0.201 0.021 0.134 0.023 
  11   (0.096) 0.255 0.024 0.173 0.028 
  12   (0.085) 0.122 0.246 0.021 0.019 
  13   (0.063) 0.038 0.016 0.166 0.011 
  14   (0.080) 0.014 0.208 0.169 0.014 
  15   (0.039) 0.007 0.085 0.010 0.007 
  16   (0.040) 0.007 0.085 0.010 0.007 

Locus 66 : locus66 
14 alleles
0.0% missing data
   1   (0.163) 0.122 0.303 0.116 0.209 
   2   (0.047) 0.013 0.012 0.012 0.168 
   3   (0.041) 0.007 0.010 0.010 0.090 
   4   (0.035) 0.006 0.009 0.009 0.034 
   5   (0.125) 0.048 0.181 0.144 0.105 
   6   (0.123) 0.065 0.106 0.106 0.143 
   7   (0.043) 0.011 0.011 0.011 0.059 
   8   (0.035) 0.006 0.009 0.009 0.034 
   9   (0.117) 0.035 0.142 0.292 0.088 
  10   (0.044) 0.228 0.011 0.011 0.008 
  11   (0.095) 0.388 0.174 0.024 0.030 
  12   (0.067) 0.059 0.017 0.167 0.019 
  13   (0.032) 0.005 0.008 0.045 0.006 
  14   (0.034) 0.006 0.009 0.046 0.006 

Locus 67 : locus67 
14 alleles
0.0% missing data
   1   (0.073) 0.016 0.168 0.018 0.092 
   2   (0.043) 0.009 0.011 0.011 0.117 
   3   (0.044) 0.009 0.011 0.011 0.145 
   4   (0.120) 0.048 0.143 0.293 0.049 
   5   (0.089) 0.025 0.172 0.022 0.281 
   6   (0.079) 0.016 0.207 0.020 0.122 
   7   (0.124) 0.122 0.106 0.181 0.059 
   8   (0.034) 0.006 0.008 0.009 0.034 
   9   (0.059) 0.092 0.052 0.015 0.011 
  10   (0.081) 0.096 0.057 0.095 0.015 
  11   (0.091) 0.272 0.023 0.172 0.034 
  12   (0.062) 0.118 0.015 0.053 0.014 
  13   (0.068) 0.166 0.017 0.054 0.022 
  14   (0.034) 0.006 0.008 0.046 0.006 

Locus 68 : locus68 
16 alleles
0.0% missing data
   1   (0.103) 0.154 0.176 0.026 0.183 
   2   (0.099) 0.053 0.137 0.062 0.144 
   3   (0.040) 0.012 0.010 0.010 0.163 
   4   (0.061) 0.039 0.053 0.015 0.037 
   5   (0.071) 0.019 0.018 0.130 0.221 
   6   (0.122) 0.128 0.181 0.181 0.080 
   7   (0.030) 0.005 0.008 0.008 0.032 
   8   (0.105) 0.060 0.177 0.176 0.059 
   9   (0.036) 0.059 0.009 0.009 0.010 
  10   (0.068) 0.069 0.054 0.092 0.012 
  11   (0.062) 0.117 0.015 0.090 0.017 
  12   (0.035) 0.118 0.009 0.009 0.008 
  13   (0.048) 0.037 0.087 0.012 0.009 
  14   (0.031) 0.062 0.008 0.008 0.006 
  15   (0.035) 0.059 0.009 0.009 0.010 
  16   (0.053) 0.009 0.050 0.163 0.009 

Locus 69 : locus69 
21 alleles
0.0% missing data
   1   (0.062) 0.016 0.053 0.016 0.204 
   2   (0.058) 0.011 0.052 0.015 0.151 
   3   (0.054) 0.048 0.013 0.014 0.053 
   4   (0.063) 0.237 0.016 0.016 0.055 
   5   (0.056) 0.017 0.051 0.014 0.087 
   6   (0.060) 0.010 0.090 0.015 0.096 
   7   (0.053) 0.009 0.126 0.013 0.038 
   8   (0.048) 0.008 0.012 0.049 0.037 
   9   (0.064) 0.015 0.241 0.016 0.063 
  10   (0.055) 0.063 0.014 0.014 0.067 
  11   (0.063) 0.248 0.016 0.016 0.070 
  12   (0.040) 0.136 0.010 0.010 0.012 
  13   (0.029) 0.031 0.007 0.007 0.005 
  14   (0.039) 0.108 0.010 0.010 0.013 
  15   (0.038) 0.006 0.010 0.197 0.007 
  16   (0.040) 0.007 0.010 0.234 0.007 
  17   (0.039) 0.006 0.010 0.234 0.007 
  18   (0.035) 0.006 0.009 0.084 0.007 
  19   (0.035) 0.006 0.084 0.009 0.006 
  20   (0.035) 0.006 0.083 0.009 0.007 
  21   (0.036) 0.006 0.084 0.009 0.007 

Locus 70 : locus70 
12 alleles
0.0% missing data
   1   (0.152) 0.091 0.263 0.038 0.281 
   2   (0.119) 0.031 0.143 0.067 0.142 
   3   (0.102) 0.028 0.025 0.100 0.269 
   4   (0.082) 0.299 0.020 0.021 0.047 
   5   (0.104) 0.248 0.026 0.026 0.176 
   6   (0.046) 0.061 0.012 0.012 0.013 
   7   (0.047) 0.096 0.012 0.012 0.008 
   8   (0.047) 0.062 0.012 0.012 0.012 
   9   (0.122) 0.051 0.218 0.218 0.021 
  10   (0.050) 0.009 0.012 0.162 0.009 
  11   (0.081) 0.015 0.057 0.320 0.014 
  12   (0.049) 0.009 0.200 0.012 0.008 

Locus 71 : locus71 
27 alleles
0.0% missing data
   1   (0.047) 0.012 0.012 0.087 0.060 
   2   (0.047) 0.011 0.012 0.049 0.089 
   3   (0.074) 0.016 0.131 0.055 0.094 
   4   (0.054) 0.009 0.014 0.351 0.038 
   5   (0.034) 0.013 0.009 0.009 0.083 
   6   (0.026) 0.004 0.006 0.006 0.033 
   7   (0.059) 0.010 0.052 0.052 0.067 
   8   (0.030) 0.007 0.008 0.008 0.087 
   9   (0.033) 0.008 0.008 0.008 0.142 
  10   (0.026) 0.004 0.007 0.007 0.033 
  11   (0.032) 0.009 0.008 0.008 0.058 
  12   (0.049) 0.011 0.087 0.012 0.090 
  13   (0.027) 0.005 0.007 0.007 0.033 
  14   (0.039) 0.329 0.010 0.010 0.011 
  15   (0.039) 0.298 0.010 0.010 0.014 
  16   (0.028) 0.032 0.007 0.007 0.005 
  17   (0.032) 0.087 0.008 0.008 0.006 
  18   (0.026) 0.031 0.006 0.006 0.005 
  19   (0.025) 0.031 0.006 0.006 0.005 
  20   (0.028) 0.032 0.007 0.007 0.005 
  21   (0.025) 0.004 0.006 0.044 0.005 
  22   (0.052) 0.009 0.126 0.126 0.010 
  23   (0.043) 0.007 0.048 0.048 0.008 
  24   (0.046) 0.008 0.124 0.049 0.009 
  25   (0.025) 0.004 0.044 0.006 0.005 
  26   (0.027) 0.005 0.119 0.007 0.005 
  27   (0.028) 0.005 0.120 0.007 0.005 

Locus 72 : locus72 
24 alleles
0.0% missing data
   1   (0.031) 0.005 0.008 0.008 0.033 
   2   (0.031) 0.005 0.008 0.008 0.060 
   3   (0.073) 0.012 0.206 0.056 0.040 
   4   (0.030) 0.005 0.007 0.007 0.032 
   5   (0.031) 0.005 0.008 0.008 0.033 
   6   (0.047) 0.016 0.012 0.012 0.245 
   7   (0.035) 0.007 0.009 0.009 0.142 
   8   (0.051) 0.014 0.088 0.013 0.058 
   9   (0.036) 0.008 0.009 0.009 0.114 
  10   (0.034) 0.010 0.009 0.009 0.110 
  11   (0.031) 0.145 0.008 0.008 0.006 
  12   (0.035) 0.113 0.009 0.009 0.011 
  13   (0.030) 0.033 0.008 0.008 0.005 
  14   (0.031) 0.057 0.008 0.008 0.009 
  15   (0.035) 0.171 0.009 0.009 0.009 
  16   (0.057) 0.089 0.014 0.090 0.014 
  17   (0.054) 0.143 0.088 0.013 0.015 
  18   (0.056) 0.114 0.051 0.014 0.016 
  19   (0.060) 0.010 0.202 0.127 0.011 
  20   (0.047) 0.008 0.087 0.049 0.008 
  21   (0.032) 0.006 0.008 0.083 0.006 
  22   (0.034) 0.006 0.009 0.121 0.006 
  23   (0.070) 0.012 0.130 0.280 0.013 
  24   (0.029) 0.005 0.007 0.045 0.005 

Locus 73 : locus73 
18 alleles
0.0% missing data
   1   (0.060) 0.099 0.015 0.015 0.059 
   2   (0.063) 0.016 0.016 0.053 0.143 
   3   (0.089) 0.050 0.022 0.135 0.118 
   4   (0.059) 0.010 0.015 0.089 0.093 
   5   (0.065) 0.062 0.016 0.016 0.152 
   6   (0.114) 0.105 0.028 0.291 0.181 
   7   (0.083) 0.027 0.058 0.096 0.084 
   8   (0.065) 0.039 0.016 0.054 0.039 
   9   (0.057) 0.015 0.014 0.052 0.059 
  10   (0.045) 0.223 0.011 0.011 0.015 
  11   (0.046) 0.312 0.012 0.012 0.010 
  12   (0.036) 0.006 0.009 0.121 0.006 
  13   (0.037) 0.006 0.159 0.009 0.007 
  14   (0.040) 0.007 0.198 0.010 0.007 
  15   (0.033) 0.006 0.046 0.008 0.006 
  16   (0.034) 0.006 0.083 0.008 0.006 
  17   (0.041) 0.007 0.160 0.010 0.007 
  18   (0.036) 0.006 0.122 0.009 0.007 

Locus 74 : locus74 
26 alleles
0.0% missing data
   1   (0.037) 0.012 0.009 0.009 0.163 
   2   (0.032) 0.009 0.008 0.008 0.056 
   3   (0.031) 0.009 0.008 0.008 0.163 
   4   (0.042) 0.064 0.011 0.011 0.034 
   5   (0.034) 0.008 0.008 0.009 0.112 
   6   (0.027) 0.005 0.007 0.007 0.032 
   7   (0.029) 0.008 0.007 0.007 0.056 
   8   (0.031) 0.009 0.008 0.008 0.056 
   9   (0.028) 0.005 0.007 0.007 0.032 
  10   (0.047) 0.008 0.162 0.012 0.062 
  11   (0.028) 0.005 0.007 0.007 0.032 
  12   (0.027) 0.005 0.007 0.007 0.032 
  13   (0.045) 0.050 0.011 0.011 0.048 
  14   (0.076) 0.346 0.094 0.094 0.019 
  15   (0.040) 0.035 0.010 0.048 0.007 
  16   (0.054) 0.139 0.014 0.126 0.020 
  17   (0.069) 0.039 0.318 0.130 0.012 
  18   (0.030) 0.087 0.007 0.008 0.007 
  19   (0.049) 0.036 0.012 0.163 0.009 
  20   (0.045) 0.059 0.011 0.086 0.013 
  21   (0.041) 0.035 0.010 0.048 0.007 
  22   (0.023) 0.004 0.006 0.043 0.004 
  23   (0.041) 0.007 0.047 0.048 0.007 
  24   (0.029) 0.005 0.007 0.082 0.005 
  25   (0.033) 0.006 0.121 0.008 0.006 
  26   (0.032) 0.005 0.083 0.008 0.006 

Locus 75 : locus75 
22 alleles
0.0% missing data
   1   (0.040) 0.008 0.010 0.010 0.141 
   2   (0.036) 0.009 0.009 0.009 0.085 
   3   (0.042) 0.012 0.010 0.011 0.247 
   4   (0.039) 0.008 0.010 0.010 0.142 
   5   (0.029) 0.005 0.007 0.007 0.032 
   6   (0.036) 0.010 0.009 0.009 0.057 
   7   (0.033) 0.006 0.008 0.008 0.060 
   8   (0.039) 0.015 0.010 0.010 0.079 
   9   (0.078) 0.205 0.057 0.057 0.018 
  10   (0.061) 0.120 0.015 0.090 0.013 
  11   (0.065) 0.115 0.016 0.128 0.019 
  12   (0.065) 0.061 0.016 0.203 0.017 
  13   (0.035) 0.058 0.009 0.009 0.010 
  14   (0.038) 0.088 0.009 0.009 0.009 
  15   (0.086) 0.042 0.172 0.284 0.015 
  16   (0.066) 0.174 0.016 0.091 0.017 
  17   (0.031) 0.033 0.008 0.008 0.006 
  18   (0.039) 0.007 0.160 0.010 0.007 
  19   (0.036) 0.006 0.121 0.009 0.006 
  20   (0.038) 0.007 0.160 0.009 0.007 
  21   (0.037) 0.006 0.084 0.009 0.007 
  22   (0.033) 0.006 0.083 0.008 0.006 

Locus 76 : locus76 
17 alleles
0.0% missing data
   1   (0.060) 0.047 0.015 0.015 0.195 
   2   (0.030) 0.005 0.007 0.008 0.033 
   3   (0.062) 0.184 0.015 0.016 0.084 
   4   (0.066) 0.019 0.017 0.092 0.171 
   5   (0.127) 0.202 0.182 0.069 0.171 
   6   (0.116) 0.121 0.292 0.066 0.084 
   7   (0.077) 0.013 0.057 0.319 0.042 
   8   (0.032) 0.005 0.008 0.008 0.034 
   9   (0.082) 0.014 0.133 0.208 0.042 
  10   (0.045) 0.008 0.011 0.049 0.036 
  11   (0.078) 0.085 0.132 0.020 0.052 
  12   (0.057) 0.088 0.014 0.089 0.014 
  13   (0.036) 0.086 0.009 0.009 0.009 
  14   (0.033) 0.033 0.008 0.008 0.006 
  15   (0.037) 0.079 0.009 0.009 0.015 
  16   (0.031) 0.005 0.045 0.008 0.006 
  17   (0.030) 0.005 0.045 0.008 0.006 

Locus 77 : locus77 
11 alleles
0.0% missing data
   1   (0.113) 0.075 0.178 0.028 0.210 
   2   (0.076) 0.210 0.019 0.019 0.093 
   3   (0.090) 0.054 0.022 0.060 0.196 
   4   (0.129) 0.138 0.145 0.070 0.100 
   5   (0.046) 0.011 0.011 0.012 0.169 
   6   (0.165) 0.074 0.192 0.341 0.147 
   7   (0.057) 0.038 0.014 0.090 0.010 
   8   (0.115) 0.155 0.216 0.104 0.024 
   9   (0.109) 0.228 0.064 0.140 0.032 
  10   (0.061) 0.011 0.128 0.052 0.011 
  11   (0.039) 0.007 0.010 0.085 0.007 

Locus 78 : locus78 
20 alleles
0.0% missing data
   1   (0.029) 0.005 0.007 0.007 0.032 
   2   (0.060) 0.013 0.240 0.015 0.089 
   3   (0.047) 0.008 0.087 0.012 0.035 
   4   (0.042) 0.020 0.010 0.010 0.103 
   5   (0.050) 0.009 0.050 0.013 0.091 
   6   (0.067) 0.016 0.054 0.054 0.089 
   7   (0.034) 0.008 0.009 0.009 0.085 
   8   (0.034) 0.007 0.008 0.008 0.113 
   9   (0.071) 0.012 0.168 0.055 0.067 
  10   (0.072) 0.054 0.018 0.206 0.054 
  11   (0.039) 0.014 0.010 0.010 0.135 
  12   (0.095) 0.235 0.099 0.174 0.021 
  13   (0.039) 0.082 0.010 0.010 0.015 
  14   (0.095) 0.202 0.099 0.173 0.027 
  15   (0.078) 0.261 0.057 0.094 0.017 
  16   (0.029) 0.033 0.007 0.007 0.005 
  17   (0.031) 0.005 0.008 0.045 0.006 
  18   (0.029) 0.005 0.007 0.045 0.005 
  19   (0.031) 0.005 0.008 0.045 0.005 
  20   (0.028) 0.005 0.044 0.007 0.005 

Locus 79 : locus79 
20 alleles
0.0% missing data
   1   (0.053) 0.009 0.013 0.088 0.038 
   2   (0.055) 0.012 0.051 0.014 0.093 
   3   (0.074) 0.296 0.019 0.019 0.108 
   4   (0.038) 0.008 0.009 0.009 0.120 
   5   (0.063) 0.010 0.128 0.016 0.069 
   6   (0.065) 0.256 0.016 0.016 0.063 
   7   (0.087) 0.062 0.022 0.097 0.164 
   8   (0.037) 0.009 0.009 0.009 0.060 
   9   (0.050) 0.008 0.088 0.013 0.038 
  10   (0.041) 0.008 0.010 0.010 0.120 
  11   (0.031) 0.005 0.008 0.008 0.034 
  12   (0.092) 0.191 0.060 0.098 0.028 
  13   (0.032) 0.032 0.008 0.008 0.006 
  14   (0.059) 0.057 0.052 0.015 0.017 
  15   (0.043) 0.007 0.011 0.385 0.008 
  16   (0.040) 0.007 0.010 0.160 0.008 
  17   (0.037) 0.006 0.122 0.009 0.007 
  18   (0.035) 0.006 0.159 0.009 0.007 
  19   (0.035) 0.006 0.122 0.009 0.007 
  20   (0.033) 0.005 0.083 0.008 0.006 

Locus 80 : locus80 
21 alleles
0.0% missing data
   1   (0.033) 0.008 0.008 0.008 0.086 
   2   (0.063) 0.021 0.016 0.166 0.083 
   3   (0.062) 0.013 0.166 0.016 0.118 
   4   (0.105) 0.064 0.139 0.063 0.220 
   5   (0.068) 0.067 0.017 0.054 0.095 
   6   (0.062) 0.016 0.316 0.016 0.061 
   7   (0.062) 0.169 0.015 0.016 0.128 
   8   (0.060) 0.298 0.015 0.015 0.055 
   9   (0.050) 0.013 0.012 0.050 0.059 
  10   (0.028) 0.032 0.007 0.007 0.005 
  11   (0.034) 0.080 0.009 0.009 0.014 
  12   (0.030) 0.033 0.008 0.008 0.005 
  13   (0.054) 0.081 0.051 0.014 0.020 
  14   (0.065) 0.039 0.054 0.129 0.012 
  15   (0.027) 0.032 0.007 0.007 0.005 
  16   (0.033) 0.006 0.008 0.120 0.006 
  17   (0.034) 0.006 0.008 0.084 0.006 
  18   (0.028) 0.005 0.007 0.044 0.005 
  19   (0.036) 0.006 0.009 0.159 0.006 
  20   (0.033) 0.006 0.083 0.008 0.006 
  21   (0.032) 0.005 0.045 0.008 0.006 

Locus 81 : locus81 
22 alleles
0.0% missing data
   1   (0.055) 0.013 0.014 0.051 0.167 
   2   (0.065) 0.014 0.016 0.128 0.115 
   3   (0.041) 0.010 0.010 0.010 0.245 
   4   (0.040) 0.012 0.010 0.010 0.243 
   5   (0.034) 0.006 0.008 0.009 0.060 
   6   (0.047) 0.065 0.012 0.049 0.008 
   7   (0.070) 0.148 0.280 0.018 0.018 
   8   (0.055) 0.116 0.051 0.014 0.016 
   9   (0.058) 0.107 0.015 0.052 0.025 
  10   (0.035) 0.088 0.009 0.009 0.009 
  11   (0.058) 0.067 0.127 0.015 0.010 
  12   (0.035) 0.088 0.009 0.009 0.009 
  13   (0.031) 0.034 0.008 0.008 0.005 
  14   (0.084) 0.124 0.058 0.208 0.018 
  15   (0.043) 0.035 0.011 0.049 0.008 
  16   (0.052) 0.037 0.126 0.013 0.009 
  17   (0.032) 0.006 0.008 0.120 0.006 
  18   (0.036) 0.006 0.009 0.159 0.006 
  19   (0.032) 0.006 0.008 0.045 0.006 
  20   (0.034) 0.006 0.121 0.008 0.006 
  21   (0.034) 0.006 0.046 0.009 0.006 
  22   (0.029) 0.005 0.044 0.007 0.005 

Locus 82 : locus82 
13 alleles
0.0% missing data
   1   (0.139) 0.258 0.035 0.147 0.258 
   2   (0.195) 0.089 0.386 0.199 0.337 
   3   (0.110) 0.320 0.027 0.065 0.157 
   4   (0.041) 0.011 0.010 0.010 0.058 
   5   (0.050) 0.009 0.013 0.050 0.037 
   6   (0.126) 0.093 0.107 0.220 0.061 
   7   (0.036) 0.006 0.009 0.009 0.034 
   8   (0.105) 0.073 0.327 0.101 0.019 
   9   (0.040) 0.087 0.010 0.010 0.010 
  10   (0.034) 0.034 0.009 0.009 0.006 
  11   (0.038) 0.006 0.010 0.084 0.007 
  12   (0.035) 0.006 0.009 0.046 0.006 
  13   (0.051) 0.009 0.050 0.050 0.009 

Locus 83 : locus83 
17 alleles
0.0% missing data
   1   (0.086) 0.020 0.022 0.134 0.361 
   2   (0.067) 0.012 0.017 0.167 0.066 
   3   (0.050) 0.014 0.012 0.013 0.193 
   4   (0.034) 0.006 0.009 0.009 0.033 
   5   (0.040) 0.007 0.010 0.010 0.061 
   6   (0.068) 0.023 0.017 0.054 0.136 
   7   (0.079) 0.177 0.020 0.207 0.019 
   8   (0.085) 0.117 0.059 0.059 0.024 
   9   (0.065) 0.146 0.016 0.054 0.017 
  10   (0.067) 0.091 0.092 0.017 0.016 
  11   (0.064) 0.039 0.242 0.016 0.011 
  12   (0.066) 0.146 0.054 0.017 0.017 
  13   (0.035) 0.062 0.009 0.009 0.006 
  14   (0.073) 0.068 0.318 0.019 0.013 
  15   (0.039) 0.059 0.010 0.010 0.011 
  16   (0.043) 0.007 0.011 0.198 0.008 
  17   (0.038) 0.007 0.084 0.009 0.007 

Locus 84 : locus84 
18 alleles
0.0% missing data
   1   (0.072) 0.017 0.018 0.093 0.173 
   2   (0.039) 0.009 0.010 0.010 0.087 
   3   (0.063) 0.014 0.016 0.053 0.200 
   4   (0.035) 0.006 0.009 0.009 0.034 
   5   (0.040) 0.009 0.010 0.010 0.087 
   6   (0.039) 0.008 0.010 0.010 0.115 
   7   (0.063) 0.014 0.016 0.091 0.091 
   8   (0.061) 0.021 0.015 0.053 0.083 
   9   (0.065) 0.089 0.091 0.016 0.016 
  10   (0.036) 0.062 0.009 0.009 0.007 
  11   (0.077) 0.365 0.094 0.019 0.021 
  12   (0.051) 0.036 0.050 0.013 0.009 
  13   (0.042) 0.081 0.011 0.011 0.016 
  14   (0.066) 0.172 0.054 0.017 0.017 
  15   (0.070) 0.067 0.280 0.017 0.013 
  16   (0.073) 0.012 0.093 0.244 0.013 
  17   (0.044) 0.007 0.011 0.273 0.008 
  18   (0.063) 0.011 0.204 0.053 0.011 

Locus 85 : locus85 
22 alleles
0.0% missing data
   1   (0.071) 0.170 0.018 0.018 0.210 
   2   (0.036) 0.010 0.009 0.009 0.057 
   3   (0.037) 0.010 0.009 0.009 0.220 
   4   (0.038) 0.009 0.010 0.010 0.113 
   5   (0.096) 0.265 0.024 0.099 0.101 
   6   (0.061) 0.011 0.015 0.165 0.092 
   7   (0.061) 0.093 0.015 0.015 0.093 
   8   (0.043) 0.172 0.011 0.011 0.011 
   9   (0.033) 0.062 0.008 0.008 0.006 
  10   (0.067) 0.121 0.017 0.167 0.015 
  11   (0.062) 0.011 0.090 0.165 0.011 
  12   (0.035) 0.006 0.009 0.084 0.006 
  13   (0.046) 0.008 0.049 0.049 0.008 
  14   (0.050) 0.009 0.050 0.088 0.009 
  15   (0.031) 0.005 0.008 0.045 0.006 
  16   (0.033) 0.006 0.083 0.008 0.006 
  17   (0.039) 0.007 0.273 0.010 0.007 
  18   (0.029) 0.005 0.045 0.007 0.005 
  19   (0.029) 0.005 0.045 0.007 0.005 
  20   (0.030) 0.005 0.045 0.008 0.005 
  21   (0.038) 0.007 0.122 0.009 0.007 
  22   (0.033) 0.006 0.046 0.008 0.006 

Locus 86 : locus86 
22 alleles
0.0% missing data
   1   (0.040) 0.010 0.010 0.010 0.169 
   2   (0.046) 0.016 0.011 0.012 0.136 
   3   (0.040) 0.008 0.010 0.010 0.143 
   4   (0.036) 0.006 0.009 0.009 0.034 
   5   (0.042) 0.010 0.010 0.010 0.169 
   6   (0.036) 0.008 0.009 0.009 0.087 
   7   (0.080) 0.069 0.095 0.020 0.069 
   8   (0.037) 0.010 0.009 0.009 0.057 
   9   (0.036) 0.115 0.009 0.009 0.008 
  10   (0.043) 0.193 0.011 0.011 0.016 
  11   (0.069) 0.310 0.092 0.017 0.019 
  12   (0.035) 0.057 0.009 0.009 0.010 
  13   (0.086) 0.042 0.397 0.096 0.016 
  14   (0.049) 0.036 0.049 0.012 0.009 
  15   (0.029) 0.033 0.007 0.007 0.005 
  16   (0.055) 0.037 0.164 0.014 0.010 
  17   (0.042) 0.007 0.010 0.198 0.008 
  18   (0.041) 0.007 0.010 0.235 0.007 
  19   (0.048) 0.008 0.049 0.049 0.009 
  20   (0.035) 0.006 0.009 0.084 0.006 
  21   (0.036) 0.006 0.009 0.084 0.006 
  22   (0.038) 0.007 0.010 0.085 0.007 

Locus 87 : locus87 
21 alleles
0.0% missing data
   1   (0.036) 0.010 0.009 0.009 0.138 
   2   (0.031) 0.005 0.008 0.008 0.032 
   3   (0.038) 0.011 0.009 0.009 0.245 
   4   (0.033) 0.006 0.008 0.008 0.060 
   5   (0.039) 0.009 0.010 0.010 0.086 
   6   (0.037) 0.008 0.009 0.009 0.140 
   7   (0.036) 0.011 0.009 0.009 0.109 
   8   (0.032) 0.006 0.008 0.008 0.033 
   9   (0.070) 0.176 0.017 0.168 0.017 
  10   (0.063) 0.204 0.091 0.016 0.015 
  11   (0.063) 0.121 0.016 0.166 0.014 
  12   (0.077) 0.140 0.057 0.057 0.026 
  13   (0.067) 0.068 0.054 0.054 0.012 
  14   (0.061) 0.115 0.090 0.015 0.018 
  15   (0.084) 0.042 0.284 0.096 0.015 
  16   (0.046) 0.036 0.012 0.049 0.008 
  17   (0.036) 0.006 0.009 0.084 0.006 
  18   (0.039) 0.007 0.010 0.159 0.007 
  19   (0.049) 0.008 0.088 0.049 0.009 
  20   (0.032) 0.005 0.045 0.008 0.006 
  21   (0.034) 0.006 0.159 0.009 0.006 

Locus 88 : locus88 
17 alleles
0.0% missing data
   1   (0.081) 0.018 0.020 0.095 0.202 
   2   (0.069) 0.172 0.017 0.017 0.045 
   3   (0.083) 0.019 0.021 0.096 0.174 
   4   (0.080) 0.018 0.020 0.245 0.092 
   5   (0.051) 0.013 0.013 0.013 0.224 
   6   (0.066) 0.101 0.016 0.017 0.059 
   7   (0.044) 0.010 0.011 0.011 0.088 
   8   (0.049) 0.113 0.012 0.012 0.015 
   9   (0.048) 0.142 0.012 0.012 0.013 
  10   (0.047) 0.144 0.012 0.012 0.010 
  11   (0.045) 0.088 0.011 0.011 0.011 
  12   (0.047) 0.112 0.012 0.012 0.015 
  13   (0.072) 0.012 0.055 0.243 0.013 
  14   (0.042) 0.007 0.010 0.085 0.007 
  15   (0.080) 0.014 0.584 0.056 0.014 
  16   (0.055) 0.009 0.051 0.051 0.010 
  17   (0.040) 0.007 0.123 0.010 0.007 

Locus 89 : locus89 
18 alleles
0.0% missing data
   1   (0.069) 0.016 0.054 0.017 0.201 
   2   (0.036) 0.006 0.009 0.009 0.034 
   3   (0.084) 0.140 0.021 0.021 0.216 
   4   (0.057) 0.051 0.014 0.014 0.051 
   5   (0.067) 0.046 0.017 0.017 0.143 
   6   (0.092) 0.051 0.098 0.023 0.119 
   7   (0.112) 0.416 0.103 0.028 0.066 
   8   (0.042) 0.010 0.010 0.010 0.087 
   9   (0.045) 0.170 0.011 0.011 0.011 
  10   (0.063) 0.038 0.166 0.016 0.011 
  11   (0.042) 0.007 0.010 0.160 0.007 
  12   (0.051) 0.009 0.013 0.462 0.009 
  13   (0.042) 0.007 0.011 0.123 0.008 
  14   (0.037) 0.006 0.009 0.047 0.007 
  15   (0.043) 0.007 0.123 0.011 0.008 
  16   (0.043) 0.007 0.199 0.011 0.008 
  17   (0.037) 0.006 0.047 0.009 0.007 
  18   (0.038) 0.007 0.084 0.010 0.007 

Locus 90 : locus90 
22 alleles
0.0% missing data
   1   (0.046) 0.011 0.011 0.011 0.250 
   2   (0.049) 0.014 0.012 0.012 0.249 
   3   (0.038) 0.007 0.009 0.010 0.116 
   4   (0.034) 0.006 0.008 0.009 0.033 
   5   (0.039) 0.011 0.010 0.010 0.057 
   6   (0.032) 0.005 0.008 0.008 0.033 
   7   (0.041) 0.012 0.010 0.010 0.112 
   8   (0.081) 0.280 0.133 0.020 0.026 
   9   (0.041) 0.116 0.010 0.010 0.009 
  10   (0.057) 0.065 0.089 0.014 0.010 
  11   (0.076) 0.312 0.094 0.019 0.020 
  12   (0.060) 0.038 0.241 0.015 0.011 
  13   (0.066) 0.066 0.129 0.016 0.012 
  14   (0.046) 0.008 0.011 0.236 0.008 
  15   (0.038) 0.006 0.009 0.160 0.007 
  16   (0.034) 0.006 0.008 0.083 0.006 
  17   (0.033) 0.006 0.008 0.046 0.006 
  18   (0.041) 0.007 0.010 0.160 0.007 
  19   (0.036) 0.006 0.009 0.046 0.006 
  20   (0.038) 0.007 0.010 0.084 0.007 
  21   (0.036) 0.006 0.084 0.009 0.007 
  22   (0.037) 0.006 0.084 0.009 0.007 

Locus 91 : locus91 
23 alleles
0.0% missing data
   1   (0.034) 0.006 0.009 0.009 0.138 
   2   (0.070) 0.086 0.055 0.018 0.077 
   3   (0.066) 0.155 0.016 0.017 0.222 
   4   (0.062) 0.149 0.015 0.016 0.094 
   5   (0.045) 0.017 0.011 0.011 0.237 
   6   (0.057) 0.022 0.089 0.014 0.078 
   7   (0.046) 0.008 0.011 0.049 0.034 
   8   (0.056) 0.039 0.239 0.014 0.010 
   9   (0.052) 0.096 0.088 0.013 0.009 
  10   (0.039) 0.085 0.010 0.010 0.014 
  11   (0.062) 0.097 0.166 0.016 0.011 
  12   (0.052) 0.093 0.050 0.013 0.012 
  13   (0.032) 0.090 0.008 0.008 0.007 
  14   (0.040) 0.007 0.010 0.347 0.007 
  15   (0.034) 0.006 0.008 0.046 0.006 
  16   (0.033) 0.006 0.008 0.121 0.006 
  17   (0.029) 0.005 0.007 0.045 0.005 
  18   (0.031) 0.006 0.008 0.083 0.005 
  19   (0.034) 0.006 0.009 0.083 0.006 
  20   (0.029) 0.005 0.007 0.045 0.005 
  21   (0.035) 0.006 0.084 0.009 0.006 
  22   (0.031) 0.006 0.045 0.008 0.005 
  23   (0.030) 0.005 0.045 0.007 0.005 

Locus 92 : locus92 
18 alleles
0.0% missing data
   1   (0.100) 0.376 0.025 0.025 0.237 
   2   (0.077) 0.018 0.019 0.094 0.172 
   3   (0.065) 0.084 0.016 0.016 0.049 
   4   (0.074) 0.020 0.055 0.019 0.196 
   5   (0.059) 0.038 0.015 0.015 0.065 
   6   (0.044) 0.011 0.011 0.011 0.168 
   7   (0.048) 0.172 0.012 0.012 0.012 
   8   (0.039) 0.058 0.010 0.010 0.011 
   9   (0.046) 0.146 0.011 0.011 0.010 
  10   (0.092) 0.016 0.323 0.210 0.016 
  11   (0.051) 0.009 0.013 0.237 0.009 
  12   (0.082) 0.014 0.208 0.208 0.015 
  13   (0.034) 0.006 0.009 0.046 0.006 
  14   (0.038) 0.006 0.009 0.047 0.007 
  15   (0.043) 0.007 0.123 0.011 0.008 
  16   (0.039) 0.007 0.047 0.010 0.007 
  17   (0.033) 0.006 0.046 0.008 0.006 
  18   (0.037) 0.006 0.047 0.009 0.007 

Locus 93 : locus93 
30 alleles
0.0% missing data
   1   (0.038) 0.008 0.009 0.009 0.224 
   2   (0.038) 0.011 0.009 0.010 0.167 
   3   (0.030) 0.005 0.008 0.008 0.033 
   4   (0.057) 0.016 0.051 0.014 0.251 
   5   (0.027) 0.005 0.007 0.007 0.032 
   6   (0.044) 0.008 0.086 0.011 0.035 
   7   (0.039) 0.048 0.010 0.010 0.048 
   8   (0.048) 0.008 0.275 0.012 0.035 
   9   (0.048) 0.008 0.012 0.200 0.036 
  10   (0.028) 0.056 0.007 0.007 0.009 
  11   (0.025) 0.032 0.006 0.006 0.004 
  12   (0.025) 0.085 0.006 0.006 0.006 
  13   (0.036) 0.171 0.009 0.009 0.008 
  14   (0.030) 0.033 0.007 0.008 0.005 
  15   (0.030) 0.114 0.008 0.008 0.007 
  16   (0.032) 0.136 0.008 0.008 0.013 
  17   (0.027) 0.081 0.007 0.007 0.011 
  18   (0.027) 0.032 0.007 0.007 0.005 
  19   (0.028) 0.057 0.007 0.007 0.009 
  20   (0.026) 0.032 0.007 0.007 0.005 
  21   (0.027) 0.005 0.007 0.044 0.005 
  22   (0.035) 0.006 0.009 0.233 0.006 
  23   (0.033) 0.006 0.008 0.121 0.006 
  24   (0.030) 0.005 0.008 0.045 0.005 
  25   (0.028) 0.005 0.007 0.044 0.005 
  26   (0.041) 0.007 0.047 0.048 0.007 
  27   (0.032) 0.005 0.008 0.045 0.006 
  28   (0.028) 0.005 0.007 0.044 0.005 
  29   (0.031) 0.005 0.083 0.008 0.006 
  30   (0.032) 0.005 0.271 0.008 0.006 

Locus 94 : locus94 
13 alleles
0.0% missing data
   1   (0.098) 0.219 0.025 0.025 0.200 
   2   (0.100) 0.157 0.025 0.025 0.312 
   3   (0.153) 0.159 0.301 0.039 0.222 
   4   (0.122) 0.178 0.256 0.031 0.062 
   5   (0.067) 0.015 0.054 0.017 0.089 
   6   (0.114) 0.155 0.178 0.029 0.053 
   7   (0.062) 0.039 0.015 0.090 0.011 
   8   (0.073) 0.041 0.018 0.281 0.013 
   9   (0.045) 0.008 0.011 0.161 0.008 
  10   (0.048) 0.008 0.012 0.199 0.008 
  11   (0.038) 0.007 0.010 0.047 0.007 
  12   (0.038) 0.007 0.010 0.047 0.007 
  13   (0.041) 0.007 0.085 0.010 0.007 

Locus 95 : locus95 
18 alleles
0.0% missing data
   1   (0.097) 0.016 0.062 0.137 0.155 
   2   (0.067) 0.017 0.017 0.054 0.143 
   3   (0.046) 0.012 0.011 0.012 0.278 
   4   (0.082) 0.018 0.020 0.245 0.092 
   5   (0.092) 0.022 0.060 0.136 0.065 
   6   (0.047) 0.012 0.012 0.012 0.142 
   7   (0.042) 0.116 0.010 0.010 0.009 
   8   (0.040) 0.090 0.010 0.010 0.007 
   9   (0.042) 0.087 0.010 0.011 0.011 
  10   (0.049) 0.196 0.012 0.012 0.014 
  11   (0.046) 0.142 0.012 0.012 0.012 
  12   (0.047) 0.142 0.012 0.012 0.013 
  13   (0.045) 0.087 0.011 0.011 0.011 
  14   (0.074) 0.013 0.093 0.244 0.013 
  15   (0.074) 0.012 0.432 0.055 0.013 
  16   (0.039) 0.007 0.122 0.010 0.007 
  17   (0.035) 0.006 0.046 0.009 0.006 
  18   (0.036) 0.006 0.046 0.009 0.007 

Locus 96 : locus96 
18 alleles
0.0% missing data
   1   (0.060) 0.014 0.053 0.015 0.090 
   2   (0.062) 0.044 0.015 0.016 0.143 
   3   (0.041) 0.009 0.010 0.010 0.116 
   4   (0.049) 0.014 0.012 0.012 0.225 
   5   (0.043) 0.010 0.011 0.011 0.199 
   6   (0.071) 0.243 0.018 0.018 0.056 
   7   (0.036) 0.006 0.009 0.009 0.034 
   8   (0.066) 0.173 0.017 0.054 0.014 
   9   (0.051) 0.215 0.013 0.013 0.021 
  10   (0.066) 0.142 0.017 0.054 0.018 
  11   (0.085) 0.069 0.059 0.171 0.016 
  12   (0.070) 0.012 0.130 0.167 0.013 
  13   (0.065) 0.011 0.054 0.241 0.012 
  14   (0.034) 0.006 0.009 0.046 0.006 
  15   (0.057) 0.010 0.052 0.089 0.011 
  16   (0.056) 0.009 0.051 0.051 0.010 
  17   (0.047) 0.008 0.350 0.012 0.009 
  18   (0.039) 0.007 0.122 0.010 0.007 

Locus 97 : locus97 
24 alleles
0.0% missing data
   1   (0.045) 0.009 0.011 0.011 0.170 
   2   (0.049) 0.013 0.012 0.012 0.276 
   3   (0.052) 0.013 0.013 0.013 0.303 
   4   (0.038) 0.008 0.009 0.010 0.086 
   5   (0.034) 0.087 0.008 0.008 0.008 
   6   (0.042) 0.171 0.011 0.011 0.010 
   7   (0.044) 0.194 0.011 0.011 0.016 
   8   (0.045) 0.145 0.011 0.011 0.010 
   9   (0.042) 0.116 0.010 0.010 0.010 
  10   (0.034) 0.034 0.008 0.008 0.006 
  11   (0.033) 0.033 0.008 0.008 0.006 
  12   (0.038) 0.087 0.010 0.010 0.009 
  13   (0.043) 0.007 0.011 0.273 0.008 
  14   (0.064) 0.011 0.091 0.129 0.011 
  15   (0.041) 0.007 0.010 0.160 0.007 
  16   (0.039) 0.007 0.010 0.085 0.007 
  17   (0.040) 0.007 0.010 0.123 0.007 
  18   (0.056) 0.010 0.127 0.051 0.010 
  19   (0.041) 0.007 0.160 0.010 0.007 
  20   (0.038) 0.007 0.122 0.010 0.007 
  21   (0.034) 0.006 0.046 0.009 0.006 
  22   (0.035) 0.006 0.046 0.009 0.006 
  23   (0.044) 0.007 0.199 0.011 0.008 
  24   (0.031) 0.005 0.045 0.008 0.006 

Locus 98 : locus98 
23 alleles
0.0% missing data
   1   (0.065) 0.011 0.091 0.016 0.093 
   2   (0.053) 0.015 0.013 0.013 0.304 
   3   (0.043) 0.009 0.011 0.011 0.143 
   4   (0.031) 0.005 0.008 0.008 0.033 
   5   (0.064) 0.017 0.091 0.016 0.060 
   6   (0.063) 0.011 0.354 0.016 0.038 
   7   (0.042) 0.011 0.011 0.011 0.141 
   8   (0.035) 0.010 0.009 0.009 0.057 
   9   (0.032) 0.033 0.008 0.008 0.006 
  10   (0.039) 0.090 0.010 0.010 0.007 
  11   (0.047) 0.171 0.012 0.012 0.012 
  12   (0.044) 0.142 0.011 0.011 0.012 
  13   (0.053) 0.337 0.013 0.013 0.014 
  14   (0.043) 0.081 0.011 0.011 0.017 
  15   (0.047) 0.008 0.012 0.274 0.009 
  16   (0.043) 0.007 0.011 0.198 0.008 
  17   (0.034) 0.006 0.008 0.046 0.006 
  18   (0.035) 0.006 0.009 0.121 0.006 
  19   (0.043) 0.007 0.011 0.160 0.008 
  20   (0.037) 0.006 0.084 0.009 0.007 
  21   (0.040) 0.007 0.122 0.010 0.007 
  22   (0.030) 0.005 0.045 0.008 0.005 
  23   (0.035) 0.006 0.046 0.009 0.006 

Locus 99 : locus99 
20 alleles
0.0% missing data
   1   (0.061) 0.048 0.015 0.015 0.082 
   2   (0.052) 0.015 0.013 0.013 0.384 
   3   (0.046) 0.010 0.011 0.011 0.224 
   4   (0.038) 0.007 0.010 0.010 0.034 
   5   (0.067) 0.117 0.017 0.017 0.070 
   6   (0.034) 0.006 0.008 0.009 0.033 
   7   (0.060) 0.084 0.015 0.015 0.047 
   8   (0.049) 0.172 0.012 0.012 0.012 
   9   (0.054) 0.368 0.014 0.014 0.013 
  10   (0.044) 0.088 0.011 0.011 0.011 
  11   (0.085) 0.015 0.359 0.171 0.015 
  12   (0.036) 0.006 0.009 0.046 0.006 
  13   (0.073) 0.013 0.093 0.206 0.013 
  14   (0.075) 0.013 0.094 0.281 0.013 
  15   (0.037) 0.006 0.009 0.047 0.007 
  16   (0.038) 0.007 0.010 0.047 0.007 
  17   (0.035) 0.006 0.009 0.046 0.006 
  18   (0.046) 0.008 0.199 0.012 0.008 
  19   (0.036) 0.006 0.047 0.009 0.007 
  20   (0.034) 0.006 0.046 0.008 0.006 

Locus 100 : locus100 
17 alleles
0.0% missing data
   1   (0.049) 0.013 0.012 0.012 0.280 
   2   (0.117) 0.027 0.217 0.067 0.261 
   3   (0.044) 0.009 0.011 0.011 0.172 
   4   (0.095) 0.030 0.137 0.061 0.085 
   5   (0.128) 0.022 0.295 0.444 0.050 
   6   (0.083) 0.014 0.058 0.133 0.042 
   7   (0.046) 0.169 0.011 0.012 0.012 
   8   (0.048) 0.111 0.012 0.012 0.015 
   9   (0.039) 0.089 0.010 0.010 0.007 
  10   (0.040) 0.086 0.010 0.010 0.010 
  11   (0.052) 0.308 0.013 0.013 0.014 
  12   (0.035) 0.033 0.009 0.009 0.006 
  13   (0.041) 0.058 0.010 0.010 0.012 
  14   (0.061) 0.010 0.053 0.128 0.011 
  15   (0.053) 0.009 0.051 0.051 0.010 
  16   (0.036) 0.006 0.046 0.009 0.006 
  17   (0.033) 0.006 0.046 0.008 0.006 

Values of parameters used in structure:
DATAFILE=parentandhybrid10.str,	OUTFILE=parentandhybrid4Deme_2,	NUMINDS=50,	NUMLOCI=100,	MISSING=0,	LABEL=1,	POPDATA=0,	POPFLAG=0,	PHENOTYPE=0,	EXTRACOLS=0,	MAXPOPS=4,	BURNIN=200000,	NUMREPS=200000,	USEPOPINFO=0,	INFERALPHA=1,	INFERLAMBDA=0,	POPSPECIFICLAMBDA=0,	POPALPHAS=0,	COMPUTEPROB=1,	NOADMIX=0,	ADMBURNIN=500,	UPDATEFREQ=100,	PRINTLIKES=0,	INTERMEDSAVE=0,	PRINTKLD=0,	PRINTNET=1,	PRINTLAMBDA=1,	ANCESTDIST=0,	NUMBOXES=1000,	ANCESTPINT=0.90000,	GENSBACK=2,	MIGRPRIOR=0.01000,	PRINTQHAT=0,	PRINTQSUM=1,	ALPHA=1.0000,	FREQSCORR=1,	FPRIORMEAN=0.0100,	FPRIORSD=0.0500,	ONEFST=0,	LAMBDA=1.0000,	UNIFPRIORALPHA=1,	ALPHAMAX=10.0000,	ALPHAPRIORA=1.0000,	ALPHAPRIORB=2.0000,	ALPHAPROPSD=0.0250,	STARTATPOPINFO=0,	RANDOMIZE=1,	LINKAGE=0,	METROFREQ=10,	REPORTHITRATE=0,	MARKOVPHASE=0,	PHASED=0,	PLOIDY=2,	PHASEINFO=0	LOCPRIOR=0, 	LOCPRIORINIT=1.000000, 	LOCDATA=0, 	LOCISPOP=0, 	LOCPRIORSTEP=0.100000, 	MAXLOCPRIOR=20.000000, 	SEED=1658934664,	
[STRAT parameters]:    NUMSIMSTATS=1000,	PHENOTYPECOL=-9,	POOLFREQ=10,	LOCUSxONLY=0,	EMERROR=0.00100,	MISSINGPHENO=-9,	