1666056943
1666056948
1666056953
1666056958
1666056963
1666056968
1666056973
1666056978
1666056983
1666056988
1666056993
1666056998
1666057003
1666057008
1666057013
1666057018
1666057023
1666057028
1666057033
1666057038
1666057043
1666057048
1666057053
1666057058
1666057063
1666057068
1666057073
1666057078
1666057083
1666057088
1666057093
1666057098
1666057103
1666057108
1666057113
1666057118
1666057123
1666057128
1666057133
1666057138
1666057143
1666057149
1666057154
1666057159
1666057164
1666057169
1666057174
1666057179
1666057184
1666057189
