1667061253
1667061258
1667061263
1667061268
1667061273
1667061278
1667061283
1667061288
1667061293
1667061298
1667061303
1667061308
1667061313
1667061318
1667061323
1667061328
1667061333
1667061338
1667061343
1667061348
1667061353
1667061358
1667061363
1667061368
1667061373
1667061378
1667061383
1667061388
1667061393
1667061398
1667061403
1667061408
1667061413
1667061418
1667061423
1667061428
1667061433
1667061438
1667061443
1667061448
1667061454
1667061459
1667061464
1667061469
1667061474
1667061479
1667061484
1667061489
1667061494
1667061499
