ind	locus1	locus2	locus3	locus4	locus5	locus6	locus7	locus8	locus9	locus10	locus11	locus12	locus13	locus14	locus15	locus16	locus17	locus18	locus19	locus20	locus21	locus22	locus23	locus24	locus25	locus26	locus27	locus28	locus29	locus30	locus31	locus32	locus33	locus34	locus35	locus36	locus37	locus38	locus39	locus40	locus41	locus42	locus43	locus44	locus45	locus46	locus47	locus48	locus49	locus50	locus51	locus52	locus53	locus54	locus55	locus56	locus57	locus58	locus59	locus60	locus61	locus62	locus63	locus64	locus65	locus66	locus67	locus68	locus69	locus70	locus71	locus72	locus73	locus74	locus75	locus76	locus77	locus78	locus79	locus80	locus81	locus82	locus83	locus84	locus85	locus86	locus87	locus88	locus89	locus90	locus91	locus92	locus93	locus94	locus95	locus96	locus97	locus98	locus99	locus100
01	1	1	1	1	1	1	1	1	1	1	1	1	1	1	1	1	1	1	1	1	1	1	1	1	1	1	1	1	1	1	1	1	1	1	1	1	1	1	1	1	1	1	1	1	1	1	1	1	1	1	1	1	1	1	1	1	1	1	1	1	1	1	1	1	1	1	1	1	1	1	1	1	1	1	1	1	1	1	1	1	1	1	1	1	1	1	1	1	1	1	1	1	1	1	1	1	1	1	1	1
01	2	2	2	2	2	2	2	2	2	2	1	1	2	2	2	1	1	2	2	2	2	2	2	2	2	2	2	2	2	1	2	2	2	2	2	2	1	2	2	2	2	1	2	2	2	2	2	2	2	2	2	2	2	2	2	2	2	2	1	2	1	2	2	2	2	2	2	2	2	1	2	2	1	2	1	2	2	2	2	2	2	2	2	2	2	2	2	2	2	2	2	2	2	2	2	2	2	2	2	2
02	1	3	1	1	1	1	1	1	3	1	1	1	3	3	1	2	2	3	1	3	3	3	3	3	2	1	3	3	3	1	2	1	1	1	1	2	1	2	1	1	3	1	1	3	3	3	1	1	1	3	1	1	3	1	1	3	1	3	1	1	2	2	1	3	2	2	1	1	2	1	3	3	2	1	2	3	3	3	2	1	3	2	1	1	3	2	1	3	1	3	2	3	1	3	3	1	1	3	2	2
02	3	4	3	3	3	3	3	3	4	2	2	2	4	4	3	3	3	4	2	4	4	3	4	4	3	3	4	4	4	2	2	2	3	3	3	2	2	3	3	1	4	2	3	4	4	3	3	1	3	4	3	3	4	1	3	4	3	4	2	3	3	3	3	4	3	3	2	3	3	1	4	4	3	3	3	4	4	3	3	3	4	3	3	3	4	3	2	3	3	4	3	4	2	4	4	3	3	4	3	3
03	4	4	4	3	4	4	3	1	5	2	2	1	1	5	3	2	2	1	3	3	5	2	3	5	2	4	5	1	3	3	2	2	1	1	1	2	1	4	2	1	5	1	4	1	1	1	4	3	4	3	2	3	2	1	2	5	1	2	2	2	4	3	1	5	4	4	1	4	3	2	3	3	2	4	2	2	3	4	3	1	2	2	2	2	2	2	2	1	2	2	4	1	3	4	2	4	4	1	1	4
03	5	5	5	4	5	5	4	4	6	3	3	3	5	6	4	4	4	2	4	5	5	4	3	5	2	4	5	1	4	3	3	3	4	2	2	3	3	5	4	2	5	3	5	5	5	4	5	4	5	5	4	4	5	3	4	5	3	5	3	4	5	4	3	6	4	5	1	5	4	3	5	5	4	5	4	4	5	5	3	4	2	4	4	4	5	3	3	2	4	5	4	3	4	5	5	5	5	5	1	5
04	5	5	5	5	1	1	1	1	7	1	4	3	6	5	5	2	2	5	2	5	5	2	3	5	2	4	5	1	3	1	2	2	1	4	1	4	1	2	2	1	6	1	3	2	1	5	4	5	6	2	4	2	2	2	2	2	2	2	1	2	1	1	1	1	2	4	1	1	1	1	6	6	3	6	5	3	4	6	4	5	3	4	4	4	4	2	3	2	1	5	1	5	5	6	1	3	6	6	2	3
04	6	6	6	6	6	6	5	1	7	1	5	4	7	7	6	4	5	6	5	6	6	3	4	6	4	4	6	4	4	4	3	4	5	5	4	4	4	2	2	3	7	4	6	6	6	6	5	6	7	6	5	5	6	4	2	6	4	6	1	3	6	2	4	2	3	6	2	2	2	4	6	7	3	6	6	3	4	7	4	6	3	5	5	5	5	4	4	3	5	6	5	6	6	7	6	5	7	7	4	6
05	4	7	3	3	3	4	4	3	5	4	2	1	1	1	3	1	1	1	6	2	1	1	1	7	1	5	1	3	5	3	1	2	1	3	5	4	1	1	2	2	4	1	2	2	4	5	5	1	1	2	3	4	2	2	2	5	1	2	1	2	2	3	5	4	2	6	2	2	2	5	2	8	1	7	1	1	1	8	4	1	3	6	6	5	4	2	3	1	5	5	1	1	7	3	4	2	1	5	4	1
05	4	8	4	3	3	7	4	5	5	4	2	5	4	8	3	2	2	3	7	3	7	5	4	8	5	6	7	5	6	5	4	2	1	5	6	4	1	2	3	4	6	5	3	7	6	6	6	5	6	3	6	6	5	5	2	7	5	7	3	3	2	5	5	7	2	7	3	6	5	6	7	8	2	7	7	5	6	9	5	7	3	6	7	5	5	3	5	2	6	5	3	7	8	8	7	6	1	8	5	7
06	6	5	3	5	5	1	1	1	6	1	1	1	2	8	2	1	1	3	7	3	2	2	1	2	2	2	2	2	7	1	2	2	3	1	2	2	2	2	1	1	8	1	3	5	1	3	5	7	1	5	2	1	3	5	3	3	5	1	2	5	3	3	2	4	4	4	1	3	2	1	3	3	1	3	2	1	1	3	3	1	2	1	3	3	3	4	1	1	3	3	2	2	2	4	1	3	8	1	2	4
06	7	9	6	6	7	5	2	1	7	5	6	6	8	8	7	4	1	7	8	5	8	2	2	8	2	2	8	2	8	6	5	5	6	3	3	5	5	4	1	5	9	4	6	8	5	6	7	8	7	7	4	5	7	5	5	7	6	1	4	6	4	5	3	5	5	8	4	4	3	2	7	8	2	7	7	4	7	9	4	1	3	6	5	6	5	5	4	2	3	5	3	4	2	4	4	7	9	8	3	6
07	5	4	1	6	3	7	4	4	4	2	2	2	4	3	1	5	6	3	8	1	1	3	1	6	3	6	1	1	3	1	1	4	3	1	1	4	1	2	2	1	1	1	1	3	3	2	1	1	2	2	7	2	2	1	1	4	3	3	1	7	5	4	1	6	4	5	1	5	4	3	1	1	1	1	1	1	1	1	1	1	1	1	1	1	1	1	1	1	1	1	2	4	2	4	4	3	5	5	1	4
07	8	6	1	7	7	8	5	6	8	6	7	7	9	9	6	6	7	8	9	3	8	4	4	8	5	7	9	6	6	1	3	6	3	4	5	4	1	2	2	1	10	1	7	9	4	7	8	5	3	3	8	7	8	2	6	6	6	7	2	7	7	6	6	8	6	5	5	6	4	7	2	2	1	1	8	6	2	5	2	8	3	6	8	5	5	2	3	4	6	5	6	8	9	5	5	5	9	8	3	6
08	1	6	1	1	1	1	1	4	1	1	1	2	1	3	8	2	3	7	2	5	3	2	3	3	6	3	1	3	9	2	5	2	1	1	1	1	3	2	3	1	5	3	7	1	7	2	5	3	5	3	2	2	2	2	1	2	3	8	2	1	6	2	4	2	2	9	2	2	2	1	2	8	1	1	6	1	1	9	4	1	2	2	1	1	2	2	2	2	1	3	1	2	2	1	2	2	2	2	2	2
08	7	9	5	6	6	6	1	7	9	7	8	8	10	8	8	6	7	9	2	7	9	4	3	7	7	8	5	6	9	3	6	7	1	2	5	1	4	4	4	6	5	6	8	4	7	8	9	4	7	8	2	2	3	5	3	8	6	8	4	2	8	7	7	9	4	10	6	6	4	3	8	9	5	7	7	7	2	10	4	9	4	7	2	2	4	3	2	3	2	4	2	8	8	2	4	2	10	8	6	4
09	1	5	5	5	7	1	5	1	7	1	2	1	1	3	3	3	2	4	2	3	10	4	3	4	8	6	7	6	5	1	2	2	1	2	5	1	4	2	2	3	5	1	7	1	4	2	1	3	3	2	2	4	1	2	4	3	2	5	1	2	2	3	1	7	2	5	3	2	5	3	1	2	2	6	3	4	6	8	3	7	2	4	2	2	2	2	2	1	2	3	7	7	10	4	1	2	5	2	1	6
09	5	9	6	5	8	1	6	1	10	6	8	2	10	6	8	6	3	9	7	3	11	6	5	9	9	9	9	7	10	4	5	8	1	5	7	4	4	5	3	6	6	6	7	2	7	8	9	5	7	3	2	7	2	6	7	5	6	9	2	6	5	6	8	8	7	8	7	6	6	5	7	8	6	7	9	5	8	11	5	10	2	7	4	4	5	2	3	2	4	5	8	9	11	4	4	8	11	9	3	8
10	5	6	1	6	4	7	1	5	5	4	2	3	4	5	3	4	2	3	6	1	5	2	2	4	2	4	5	6	3	1	1	2	1	1	1	1	1	2	2	1	1	1	2	3	1	3	1	1	1	3	4	4	1	2	2	7	4	6	1	3	8	5	1	1	1	5	1	6	4	8	2	3	2	7	1	2	4	5	2	2	1	2	4	5	6	2	3	5	4	5	4	2	5	2	2	9	5	1	1	5
10	9	8	3	7	6	9	4	7	9	8	4	9	11	8	5	6	7	6	8	6	10	6	5	7	8	5	7	7	7	3	6	7	4	2	2	2	3	4	4	3	8	5	9	4	8	6	3	3	8	3	4	6	6	5	4	9	4	9	1	4	9	6	7	6	7	10	4	7	7	9	9	10	2	8	3	6	4	9	6	8	3	4	9	7	7	3	4	5	4	7	9	3	12	5	2	10	5	10	7	9
11	8	5	7	4	6	3	1	3	1	1	4	10	7	10	9	7	7	6	10	8	8	7	6	10	7	6	5	8	11	7	7	9	1	3	8	6	6	6	5	7	9	7	10	10	9	5	2	9	9	5	3	8	4	6	8	8	7	9	5	8	10	4	9	10	8	11	8	8	8	5	10	11	7	5	10	8	9	2	2	3	5	8	10	8	2	5	6	6	7	6	4	10	13	9	8	11	2	11	6	9
11	10	9	8	8	8	4	7	8	1	3	7	11	12	10	10	8	8	10	11	9	12	8	6	10	10	10	10	9	12	7	8	9	3	5	9	6	6	7	6	8	9	7	11	11	10	6	10	10	9	5	4	8	4	7	9	10	8	9	5	8	11	6	10	11	9	12	9	9	9	5	11	12	8	5	11	9	10	3	2	4	6	9	11	9	8	6	7	7	8	8	10	11	14	10	9	12	12	11	8	10
12	4	6	8	3	8	7	3	9	7	1	3	3	7	11	9	8	1	8	11	10	7	8	5	11	3	1	2	10	11	8	9	10	1	2	9	7	7	8	7	8	9	7	10	11	9	2	2	9	9	3	5	9	2	7	10	8	9	9	5	9	3	4	11	10	3	11	10	9	10	4	12	11	7	9	10	9	9	3	2	3	3	8	12	10	3	5	8	8	7	9	5	12	9	9	5	8	12	7	2	10
12	9	9	9	9	9	8	6	10	11	9	5	12	9	12	9	8	2	11	12	11	11	9	6	12	11	11	3	11	13	9	9	11	3	2	10	8	7	8	7	8	11	7	12	12	9	5	4	9	9	5	6	10	5	8	11	11	9	10	6	10	10	5	11	10	4	13	11	10	11	10	13	13	8	10	12	10	11	10	2	11	7	10	12	11	4	6	8	9	9	9	11	13	15	11	9	13	13	12	6	11
13	3	6	8	2	8	1	1	10	10	6	1	3	2	4	11	7	2	5	11	8	7	7	6	11	3	1	4	8	12	7	8	9	5	6	9	8	8	9	2	8	9	8	12	13	9	6	2	10	7	1	6	10	4	2	10	6	9	11	7	4	3	1	9	12	1	13	5	8	3	5	10	14	7	1	6	10	7	4	2	12	5	8	13	2	8	5	9	10	7	3	10	11	13	9	10	13	3	11	9	9
13	9	6	10	9	8	10	8	11	10	9	4	13	7	4	12	9	4	11	12	12	8	9	6	13	12	3	5	9	13	10	10	10	7	6	11	9	9	10	7	8	11	8	13	14	10	9	4	11	9	9	6	11	9	9	12	8	10	12	7	8	5	4	9	13	9	14	9	11	11	8	14	15	9	11	13	11	10	9	5	12	8	11	13	7	9	7	10	11	10	10	12	13	15	12	11	14	9	13	10	11
14	3	6	10	3	1	6	1	10	9	6	6	14	1	1	8	10	1	6	12	8	3	10	2	12	4	12	3	9	14	9	9	10	5	5	8	8	9	10	2	8	9	9	13	11	10	9	5	11	9	5	5	10	6	1	4	1	11	8	8	9	2	4	11	11	1	11	10	8	2	5	11	12	9	1	11	12	10	10	2	4	8	8	10	2	8	5	7	10	10	5	10	13	16	10	2	11	2	12	5	11
14	3	10	11	9	1	8	5	11	10	9	9	14	13	4	10	11	8	11	13	12	13	10	6	14	13	12	11	12	15	11	10	10	8	6	8	8	10	11	7	8	11	10	14	14	11	10	9	12	10	6	8	12	9	4	9	3	12	13	9	9	3	4	12	11	8	13	10	9	12	6	15	16	10	11	14	13	12	10	7	11	9	8	12	9	10	6	11	12	11	10	13	13	17	13	9	11	12	13	9	12
15	11	6	6	8	6	4	4	8	8	6	1	4	2	6	10	12	1	8	12	9	3	7	6	15	7	6	1	9	13	7	7	10	1	2	9	8	6	10	2	8	9	8	11	13	10	6	9	9	9	5	2	10	1	7	10	8	9	9	6	8	3	4	9	11	5	11	8	9	2	5	10	11	7	5	10	8	9	3	2	1	9	8	10	2	9	8	7	7	10	5	4	14	13	9	8	15	12	14	5	13
15	12	6	10	10	7	10	9	9	12	9	4	15	11	11	13	13	8	11	14	10	8	9	6	15	14	7	7	10	16	7	10	10	8	6	9	9	10	11	8	9	9	11	14	15	12	9	11	11	11	6	5	10	5	9	11	11	9	12	7	10	3	4	10	11	8	13	12	12	9	10	14	17	7	9	15	14	9	4	8	3	10	12	14	11	11	9	7	10	12	10	14	15	17	11	12	15	14	15	10	13
16	4	5	12	2	1	1	4	8	1	6	4	14	7	6	9	7	1	5	10	8	3	9	6	11	3	4	1	10	16	10	7	6	3	3	9	6	10	10	2	8	9	7	10	10	10	2	2	9	9	3	5	9	5	1	11	3	9	2	6	9	3	4	11	10	3	11	9	8	2	6	11	15	8	1	11	12	10	2	2	4	6	9	11	9	4	6	6	6	8	5	5	13	13	9	8	8	12	11	1	9
16	8	11	13	7	9	3	7	12	10	6	5	16	12	10	13	13	8	10	10	12	8	11	6	15	7	6	8	12	16	10	10	10	7	7	12	7	11	11	5	10	11	12	11	16	13	5	11	10	11	5	9	9	5	6	11	11	11	9	10	10	3	6	12	11	8	11	10	8	10	6	11	17	8	5	14	15	12	2	7	7	7	13	12	12	8	6	7	7	13	9	5	16	14	12	9	11	12	16	8	9
17	9	5	10	2	8	1	8	11	10	6	4	10	7	10	10	8	2	6	10	8	5	9	1	12	15	12	7	9	11	9	9	10	1	5	3	5	1	10	2	8	8	7	10	11	9	5	4	11	9	3	2	10	5	3	11	3	9	9	6	10	3	4	11	11	3	11	8	8	8	6	11	12	8	1	11	9	10	2	2	4	8	8	12	9	4	5	6	6	10	5	13	14	11	11	1	15	9	7	6	9
17	9	6	13	2	8	1	8	11	12	6	5	12	12	10	14	9	8	6	15	11	9	10	6	15	16	12	12	11	11	12	11	11	3	6	8	7	9	12	7	11	9	9	15	16	14	11	9	13	9	8	5	11	9	7	13	11	11	11	6	11	3	4	11	11	8	15	9	8	10	6	14	15	11	5	16	11	10	9	5	11	9	13	13	13	8	5	11	12	14	9	14	17	13	14	13	15	15	11	9	13
18	4	5	9	3	9	7	3	8	7	1	3	12	7	12	9	8	2	12	15	11	7	7	6	11	7	4	1	8	11	7	8	9	3	6	8	7	9	7	2	8	9	9	13	11	9	2	5	11	4	3	3	8	4	9	8	10	12	9	5	8	10	4	9	10	3	11	8	8	10	5	11	17	7	5	3	9	10	2	2	3	11	14	11	8	2	5	6	10	12	6	12	11	13	9	11	13	9	3	1	9
18	4	9	10	11	10	11	7	9	11	3	3	15	9	12	14	13	2	12	15	13	10	11	7	16	7	7	5	12	16	10	12	9	7	8	11	10	10	11	5	8	11	13	15	15	11	10	9	14	9	5	9	12	4	10	14	12	13	9	10	9	11	6	11	11	5	13	9	13	12	6	16	18	8	10	15	12	13	10	2	4	11	14	12	8	4	5	12	10	12	6	15	17	17	15	13	16	12	16	10	11
19	8	5	7	10	1	3	2	8	1	1	1	12	7	11	13	8	2	11	10	13	8	8	6	11	7	4	4	9	12	7	2	11	1	5	9	7	6	6	4	8	3	7	13	16	11	9	4	14	4	4	6	9	5	2	12	11	9	9	7	2	3	1	9	12	5	11	5	9	3	8	11	11	7	5	11	9	9	2	2	4	3	8	11	10	3	5	8	12	11	8	10	14	4	11	1	8	11	7	2	9
19	10	5	8	12	1	4	6	11	1	3	3	17	9	12	14	13	4	13	15	14	14	9	8	12	11	7	13	13	15	13	8	12	6	7	13	9	12	13	6	9	12	11	16	16	13	10	12	15	5	7	10	13	9	7	12	12	14	14	11	12	5	4	10	13	9	15	8	11	9	10	12	17	9	9	13	10	10	3	2	12	7	14	12	13	12	6	13	13	14	9	16	17	13	12	12	12	13	15	6	14
20	4	5	11	2	1	1	7	10	12	6	3	12	5	6	14	9	2	8	15	8	3	9	6	12	3	6	7	9	11	7	2	9	1	2	9	7	5	8	4	8	9	10	10	13	10	5	9	10	5	5	4	8	1	1	11	12	7	9	7	11	10	4	11	10	3	11	9	8	10	5	11	14	8	1	10	10	9	2	5	11	8	14	10	3	8	5	9	10	10	6	13	13	4	13	1	11	12	7	6	9
20	9	6	13	9	10	5	8	11	12	9	7	12	9	12	15	9	2	12	15	9	9	10	8	15	15	12	7	10	16	12	13	12	6	7	13	7	7	13	7	9	9	12	14	15	12	10	10	12	10	6	9	14	4	5	14	13	11	14	12	12	11	7	11	14	9	14	9	9	11	11	14	15	11	11	16	11	10	9	6	12	9	14	12	3	8	5	11	14	11	10	15	17	16	14	2	15	15	13	9	11
h01	4	3	1	6	7	1	5	1	1	3	1	1	9	1	6	1	2	4	1	5	5	1	3	1	2	4	1	6	7	3	2	2	1	2	2	1	5	5	2	1	5	1	7	2	4	3	5	5	6	2	3	7	6	1	3	5	4	3	1	4	2	1	5	2	2	1	6	5	3	1	2	2	1	5	3	2	4	3	2	4	3	4	3	3	5	1	2	2	2	5	2	1	6	4	1	1	3	2	2	2
h01	7	5	8	9	10	4	7	11	9	4	4	13	10	6	12	13	3	12	12	11	14	9	6	15	7	6	5	9	16	8	2	10	4	5	9	8	10	7	4	8	9	9	10	14	13	9	12	14	9	3	8	8	9	5	8	11	11	9	7	8	3	2	11	11	4	11	9	12	3	10	12	15	8	7	10	9	11	8	5	5	6	8	12	11	9	7	11	7	12	5	5	13	13	10	2	11	11	16	9	9
h02	3	6	3	7	1	1	2	1	1	1	1	1	2	3	3	2	5	3	8	3	6	3	1	8	2	3	1	7	2	3	3	2	1	5	4	4	2	2	2	6	5	6	8	8	3	5	4	6	1	2	2	1	6	1	3	5	2	8	4	2	2	3	6	5	4	2	4	1	1	1	2	2	2	1	5	1	1	2	6	5	2	1	2	1	5	2	3	2	4	5	2	3	6	5	2	3	2	5	1	6
h02	9	6	10	11	8	5	3	8	4	6	5	3	10	10	9	9	8	8	15	12	8	7	8	15	10	6	5	8	11	9	7	10	6	6	9	7	10	9	7	8	9	10	10	10	11	6	12	10	5	5	5	10	9	5	9	8	9	9	7	3	5	4	9	11	9	13	9	8	9	5	14	15	7	8	11	11	11	8	6	11	5	8	10	9	12	6	12	14	10	10	11	10	14	14	2	14	3	7	10	9
h03	4	8	3	2	3	1	5	1	7	5	1	2	7	4	1	6	3	3	9	6	2	4	1	7	5	2	7	1	3	1	2	1	1	2	1	4	3	3	4	1	9	4	3	1	4	5	7	5	4	5	1	5	2	2	1	3	5	6	3	2	2	2	2	9	5	6	2	6	5	1	7	2	6	7	6	3	4	3	2	1	3	1	6	2	4	1	3	1	1	3	2	4	5	4	4	3	10	1	5	1
h03	5	9	13	3	8	9	8	10	11	6	7	12	7	11	11	8	4	12	10	12	8	9	6	12	11	4	12	9	11	10	9	11	3	4	13	6	11	7	6	8	10	12	10	10	9	10	9	10	4	8	9	8	5	9	8	10	11	10	5	12	3	4	9	11	9	11	9	10	10	5	14	16	9	9	7	15	9	4	7	4	5	14	11	6	8	5	7	12	8	5	15	17	13	11	11	12	12	7	6	9
h04	5	3	1	6	3	4	4	4	6	1	3	1	4	6	6	1	4	4	9	3	2	5	4	2	4	1	2	1	1	1	6	4	4	1	7	4	1	2	1	6	9	1	7	4	1	2	2	4	3	2	2	4	2	5	2	7	2	8	1	3	3	2	7	4	4	4	3	2	6	5	3	8	3	1	1	1	2	2	2	7	4	4	3	1	5	2	4	1	6	7	1	3	7	2	4	3	1	8	1	6
h04	10	6	10	9	8	7	7	8	10	1	8	4	9	12	10	13	4	6	15	10	8	9	6	15	11	4	5	10	12	10	12	11	7	2	8	7	6	11	2	8	11	7	10	11	12	10	9	9	7	8	2	8	4	5	13	11	10	12	5	9	6	6	9	11	8	11	11	9	10	9	14	14	7	11	14	10	9	3	2	7	7	8	12	13	8	5	9	9	8	10	4	13	11	9	11	16	9	12	4	11
h05	3	5	5	2	1	5	1	4	6	1	1	1	1	3	1	5	5	4	2	3	2	2	4	1	2	9	1	1	4	4	6	2	1	3	3	5	1	4	2	6	5	1	3	1	3	3	1	6	8	2	2	6	8	2	4	4	3	3	4	1	3	4	3	8	4	10	2	2	2	1	1	1	2	3	7	4	3	2	5	1	3	6	1	3	4	2	3	2	2	5	7	3	5	3	1	2	2	2	1	3
h05	4	5	7	7	1	6	6	11	12	3	5	12	7	11	14	8	8	12	12	12	7	11	6	15	7	12	3	12	11	7	7	9	3	8	8	6	9	7	2	8	9	7	14	15	10	10	2	10	10	5	3	8	9	10	10	6	9	9	7	10	3	6	9	13	9	11	10	8	4	5	16	11	7	5	10	9	9	2	7	12	9	8	10	8	4	5	7	10	12	6	13	13	14	9	8	11	9	16	1	9
h06	4	5	6	3	1	4	4	4	1	2	5	3	1	3	3	4	2	3	7	1	5	2	2	5	7	4	5	3	1	1	1	7	1	1	1	2	1	2	2	3	8	5	7	2	6	2	1	5	3	3	5	2	3	2	3	6	3	7	2	6	7	4	2	5	1	3	7	3	3	3	6	8	2	1	5	5	6	2	2	4	2	4	9	1	3	2	1	4	6	5	4	9	4	3	6	2	9	2	2	4
h06	6	6	10	7	7	6	8	8	2	9	7	12	7	12	10	8	2	8	15	11	14	9	3	12	7	8	5	8	12	7	9	10	7	2	8	7	7	11	7	7	11	7	13	11	9	4	11	10	9	5	5	8	9	10	14	12	9	14	10	11	10	6	11	10	8	13	11	8	9	6	11	11	8	1	15	8	9	9	4	8	8	12	11	8	4	5	6	12	10	9	15	14	15	13	12	15	12	11	6	11
h07	2	9	6	1	1	1	1	6	5	1	2	7	3	6	3	6	1	1	2	3	3	2	1	4	7	4	1	6	3	3	5	2	1	2	4	1	1	5	2	1	8	1	7	4	1	2	4	5	1	3	4	1	2	2	2	5	6	1	1	2	4	4	5	2	2	2	2	6	1	2	8	2	2	1	1	2	5	5	2	1	1	1	9	4	2	2	2	2	2	5	4	7	12	4	1	4	11	1	1	1
h07	11	10	10	2	8	7	7	11	12	6	6	15	12	8	9	9	2	11	15	9	11	8	1	12	15	5	7	9	16	10	12	12	3	3	9	8	11	10	6	11	11	8	13	11	9	10	9	14	5	3	4	12	9	2	10	8	9	9	8	9	5	7	9	11	8	11	9	8	9	6	11	12	8	9	11	9	10	10	3	1	7	14	12	13	4	5	8	7	10	5	10	13	13	13	4	15	12	15	5	11
h08	3	5	6	5	3	3	1	2	1	3	4	1	7	2	5	6	2	1	8	2	8	2	4	2	7	1	9	2	8	2	5	7	1	3	6	1	1	2	1	2	4	4	3	7	7	6	4	1	3	1	4	3	1	1	1	7	3	8	2	4	1	1	5	5	2	6	2	3	6	1	6	7	2	1	2	5	3	2	4	1	3	7	5	2	1	4	1	2	1	1	2	9	6	8	1	4	3	2	5	4
h08	9	11	10	7	7	6	4	3	6	8	5	11	7	6	15	9	4	6	12	8	11	7	8	15	8	3	10	12	11	7	7	12	4	6	11	7	10	11	2	8	9	13	15	10	10	10	9	9	11	5	6	9	2	5	14	8	11	9	10	12	3	4	11	11	3	11	10	9	10	4	11	13	8	9	11	14	7	9	7	1	8	14	13	5	3	6	12	10	10	9	13	14	13	9	5	13	7	7	10	9
h09	9	9	6	2	1	1	1	6	7	4	2	1	1	4	6	2	1	1	2	3	2	2	4	8	9	1	1	6	3	3	1	3	1	3	5	1	4	2	2	3	6	3	2	2	1	3	2	3	3	1	5	1	2	6	2	6	3	2	2	2	3	2	1	2	4	2	1	2	2	5	7	4	2	2	7	1	2	3	2	1	3	6	2	4	3	3	3	5	1	5	7	9	2	2	2	6	1	8	2	1
h09	9	10	11	5	8	3	3	8	11	9	4	10	12	9	9	8	3	8	15	8	13	8	6	15	15	6	4	10	15	10	9	9	3	6	9	9	11	11	2	8	9	9	11	11	11	9	5	10	5	3	7	12	9	10	11	12	14	13	6	8	6	4	11	13	4	15	10	8	4	10	11	15	9	5	16	9	9	3	3	11	9	8	12	8	9	5	8	10	7	5	12	17	17	12	11	15	12	12	9	13
h10	1	5	1	1	1	1	1	4	1	1	7	3	1	9	3	3	1	3	3	1	2	4	1	9	2	3	1	6	9	3	4	1	3	3	5	4	1	2	3	6	6	4	3	2	4	5	4	2	3	3	2	6	4	2	1	7	1	3	1	2	2	2	3	8	3	10	1	4	1	3	8	7	1	1	2	4	1	3	2	4	3	2	6	6	2	2	2	2	1	3	8	6	5	6	2	8	9	5	1	2
h10	9	7	7	9	3	10	2	8	5	8	7	14	5	12	12	9	1	10	10	9	12	10	1	12	13	10	13	10	11	9	10	9	7	4	12	9	6	11	7	8	11	7	13	13	10	6	12	12	7	5	2	14	6	7	9	8	9	9	6	8	3	7	9	11	6	15	11	9	10	10	14	15	7	4	14	9	10	8	5	12	7	14	12	9	8	6	11	11	10	9	13	11	17	11	9	13	12	7	8	10
21	13	8	1	10	11	3	10	3	13	10	7	3	5	4	1	14	6	11	16	15	13	1	9	17	13	11	7	3	6	12	14	13	9	9	13	11	4	14	9	12	5	2	12	6	15	2	7	1	12	5	6	3	10	5	15	8	13	15	3	8	12	3	13	11	6	15	2	14	13	12	16	15	9	1	15	7	14	11	1	3	1	1	15	4	3	10	8	15	5	6	7	7	18	16	3	17	16	17	4	10
21	14	12	3	13	12	8	11	4	13	11	10	14	11	11	1	15	9	14	16	15	15	2	10	17	13	13	8	14	9	14	14	14	10	10	14	12	13	14	9	13	8	2	17	17	16	9	8	6	13	10	11	15	11	11	16	13	15	15	13	8	13	7	13	15	8	16	13	15	13	13	17	19	10	6	17	16	15	11	1	7	1	15	16	14	12	11	14	16	12	8	10	18	19	17	14	17	17	18	7	15
22	15	7	3	2	13	1	8	3	14	10	3	8	14	6	3	5	6	11	16	16	15	1	11	18	16	12	1	1	1	15	14	15	9	2	14	13	2	14	3	13	9	1	18	2	17	4	6	6	5	3	4	8	10	12	14	10	10	16	5	1	12	8	13	13	1	4	4	4	13	12	16	19	10	1	15	7	16	2	1	3	2	16	16	4	12	11	8	11	9	9	1	10	14	11	3	17	18	18	11	5
22	15	8	3	14	14	6	12	4	15	11	11	18	15	10	13	15	10	15	16	17	16	6	12	19	17	14	6	4	2	16	15	16	11	6	15	14	14	15	10	14	9	14	19	8	18	6	8	16	12	11	12	16	10	13	17	14	13	17	14	9	12	9	14	16	6	15	11	14	14	13	18	20	12	1	18	7	17	12	5	13	4	17	17	4	13	11	15	11	14	11	17	19	20	17	14	18	19	19	12	9
23	16	6	1	10	14	6	10	5	13	10	3	6	14	8	7	15	3	5	17	15	13	2	9	17	13	12	8	14	9	14	16	15	9	9	5	15	11	15	2	1	3	1	18	2	18	4	6	3	5	3	13	15	12	13	18	11	9	18	14	2	12	5	15	11	2	4	4	1	14	14	13	12	8	1	11	7	15	5	4	4	2	4	15	4	7	11	8	15	14	2	1	19	20	18	3	17	18	18	11	9
23	17	13	14	15	15	11	13	5	16	12	12	7	16	9	13	16	6	16	17	18	17	12	9	20	13	12	14	14	17	17	17	17	12	11	16	16	13	16	3	15	9	15	19	18	19	7	8	17	10	12	14	15	12	14	18	14	13	18	15	4	14	5	16	13	8	15	14	4	15	15	19	17	12	12	17	16	18	5	9	14	11	16	16	15	12	12	16	15	15	12	18	19	21	18	5	17	20	20	13	9
24	14	7	1	10	14	8	10	1	14	10	9	6	17	7	1	14	8	11	16	4	14	2	11	17	17	14	5	2	2	9	16	7	9	4	16	11	1	7	1	16	9	2	10	5	16	9	3	2	14	8	4	8	11	3	16	1	10	16	5	8	15	3	13	13	4	13	2	2	14	12	19	15	12	1	11	2	15	12	1	3	1	15	16	4	12	11	8	15	15	8	5	12	14	9	11	15	20	21	14	3
24	17	14	15	14	16	8	11	3	17	13	13	8	18	11	1	17	11	17	16	15	15	13	13	17	18	15	12	6	7	18	18	14	11	12	17	17	15	17	3	17	11	2	12	5	16	9	8	6	14	8	6	17	12	5	17	10	15	19	13	9	16	9	16	17	6	15	15	15	16	15	20	21	13	3	14	17	18	13	4	12	4	16	18	4	14	12	17	16	16	12	9	20	17	9	15	15	20	22	14	4
25	14	2	3	3	11	1	7	1	18	14	3	2	18	2	1	12	6	16	16	4	14	2	11	21	13	11	1	2	6	14	14	16	9	2	7	11	13	14	9	14	9	16	11	6	15	5	3	1	9	5	2	8	12	3	17	10	10	16	5	9	12	8	13	16	6	4	3	15	13	12	20	12	8	1	14	4	15	11	4	1	3	4	17	4	6	12	17	11	15	5	5	10	14	9	11	15	19	19	12	4
25	18	12	16	9	17	4	10	3	19	15	11	7	19	11	7	14	12	17	17	19	15	5	14	22	15	13	6	15	10	19	19	17	13	13	14	14	14	15	10	18	11	16	20	19	20	7	8	6	12	11	4	8	12	3	19	10	14	16	5	9	15	9	17	18	6	4	11	16	16	16	21	15	8	12	17	7	16	11	10	3	4	16	18	16	14	12	18	15	15	8	5	12	14	11	14	16	20	21	14	5
26	15	7	1	2	15	5	8	1	15	11	11	1	15	11	1	14	7	5	18	4	13	2	9	17	13	12	1	2	9	9	14	17	13	10	7	11	13	14	9	18	5	2	11	6	15	2	3	3	5	3	4	8	12	3	17	10	10	16	5	4	12	5	16	12	1	1	3	17	17	13	1	12	9	1	14	2	15	14	1	14	3	4	16	16	7	13	7	11	17	1	3	7	13	12	5	11	17	20	11	7
26	19	15	3	11	18	10	14	3	17	16	13	8	18	13	13	18	12	17	19	6	14	14	10	17	19	16	14	14	10	16	14	17	14	10	7	11	13	14	9	18	9	4	21	18	18	4	7	17	12	11	15	12	12	14	18	11	13	19	15	9	16	7	17	19	1	4	4	18	18	14	20	21	13	7	14	4	15	14	4	14	12	17	18	17	13	14	19	17	18	2	9	20	21	19	15	16	20	23	12	9
27	14	7	1	11	12	5	9	1	14	11	11	1	18	11	1	14	7	6	17	4	13	4	9	17	13	12	7	1	5	9	18	7	9	4	15	13	3	7	1	13	9	2	12	2	18	4	5	6	2	8	15	12	12	1	17	3	13	4	15	4	13	1	14	18	6	3	13	4	13	14	20	12	8	1	14	18	15	5	1	2	4	4	17	4	7	11	16	7	15	3	2	7	19	17	16	18	17	20	4	10
27	15	8	3	11	19	8	12	4	19	11	13	8	20	13	1	18	12	17	19	17	14	12	10	20	18	14	8	2	17	14	20	18	11	7	17	17	15	14	9	17	11	5	19	17	18	6	8	17	11	13	16	13	13	14	18	11	16	19	16	10	14	3	14	18	10	17	14	16	16	14	21	21	13	2	15	19	18	14	4	4	11	16	18	15	14	14	17	11	15	8	7	19	22	17	17	19	20	20	11	13
28	13	11	1	9	14	8	10	4	14	10	3	3	11	8	7	15	6	11	18	18	18	2	9	17	15	14	12	2	7	12	19	14	9	2	4	14	14	15	10	14	11	4	11	19	21	6	7	2	5	3	4	8	11	3	17	10	10	16	5	9	12	5	15	12	4	4	3	1	14	13	20	14	9	2	14	16	14	14	4	2	11	1	16	15	7	14	17	11	2	2	7	7	18	17	15	12	17	17	4	9
28	20	16	14	16	15	9	15	5	20	12	12	7	14	14	13	16	11	18	18	20	19	12	14	18	18	16	12	14	18	20	21	16	15	14	14	18	16	16	11	19	12	16	19	20	22	7	8	6	11	5	6	15	12	5	17	11	13	19	13	11	16	6	18	20	8	4	13	2	15	14	22	21	13	5	14	18	15	14	4	4	12	6	16	18	14	15	19	18	15	2	10	19	19	20	17	18	17	24	13	10
29	14	8	1	2	11	8	7	3	14	10	3	1	21	7	8	14	3	11	16	15	13	12	10	18	15	15	7	1	1	9	14	14	9	4	3	11	2	17	2	1	8	1	10	19	18	3	1	18	5	1	11	8	12	11	4	10	9	15	2	2	16	9	13	13	1	15	2	4	14	12	20	20	9	1	14	2	15	13	4	3	4	1	16	4	13	11	15	11	2	8	1	19	17	9	3	15	20	18	11	3
29	19	14	5	10	14	12	10	13	21	16	12	1	21	13	8	15	8	13	16	17	14	14	15	18	18	17	8	2	10	18	21	18	16	12	16	19	17	18	3	16	9	15	10	21	21	7	8	18	5	8	13	12	14	15	16	14	17	18	15	9	16	9	14	13	4	15	4	15	14	13	23	21	13	3	14	3	16	15	5	3	13	17	18	18	15	16	15	19	9	12	9	20	23	17	15	17	20	22	14	9
30	16	7	1	2	16	1	10	3	18	13	3	4	5	4	7	14	6	17	16	10	15	15	11	17	15	12	1	6	2	12	14	16	9	2	7	14	1	14	2	14	1	1	10	2	17	1	7	2	5	7	2	12	10	11	15	11	10	16	5	4	13	5	16	10	1	1	3	14	16	13	10	14	7	5	15	19	12	12	1	1	11	4	17	6	7	14	7	11	18	2	3	16	18	19	5	16	17	20	11	9
30	20	8	5	14	20	1	12	4	19	16	10	17	14	8	8	17	6	18	20	15	19	15	16	17	17	14	5	7	3	20	14	17	17	9	14	15	14	15	10	20	9	5	19	20	20	4	8	17	6	14	15	13	12	14	18	11	13	19	15	9	16	7	16	19	3	15	11	17	17	14	23	20	14	10	19	20	19	16	11	15	12	17	19	19	13	17	19	20	19	4	11	19	24	20	5	19	20	20	15	9
31	19	17	8	12	1	9	2	5	1	17	14	1	21	4	16	8	13	11	17	1	8	9	17	11	2	2	1	16	5	21	2	19	18	6	18	17	4	19	4	5	13	7	22	3	19	11	13	14	4	5	3	14	15	16	5	15	11	20	1	11	17	1	7	14	9	13	16	13	19	17	22	6	10	4	14	16	16	17	12	16	1	2	9	3	9	9	1	4	5	5	13	6	2	4	13	2	1	2	7	1
31	21	18	9	16	7	11	15	14	22	18	15	6	22	14	17	9	14	18	21	20	20	16	18	13	20	8	3	17	9	22	6	20	19	15	19	20	18	20	8	21	14	17	23	8	23	12	13	19	5	7	3	18	15	16	7	15	11	21	17	11	18	2	7	21	9	13	17	13	19	17	22	20	15	6	20	21	20	18	13	17	14	18	20	3	16	15	20	9	20	13	19	15	25	5	14	20	8	19	13	14
32	5	5	10	15	8	10	13	3	4	14	14	6	17	9	18	8	13	17	3	6	3	7	19	11	5	9	2	16	3	16	1	16	3	2	17	10	2	19	5	5	15	18	22	3	16	13	11	10	5	4	4	14	15	17	1	16	10	22	18	5	18	1	7	13	9	11	16	13	19	16	3	16	8	13	17	11	17	1	14	18	1	2	5	1	9	15	21	4	3	3	14	4	2	5	4	2	8	13	7	1
32	22	6	11	17	10	11	16	5	5	18	16	19	17	14	19	12	15	17	18	15	19	13	20	22	21	17	3	18	5	21	6	21	20	15	17	18	19	21	5	22	16	19	24	6	23	14	13	20	5	7	10	19	16	18	4	17	17	23	19	9	18	1	7	14	9	13	17	13	19	17	3	16	8	13	17	22	17	1	14	19	13	11	5	1	17	17	22	18	5	5	18	19	8	12	14	21	15	25	12	5
33	5	5	12	4	6	5	15	6	4	13	15	1	17	4	17	9	14	11	17	1	14	6	4	10	1	18	1	4	18	17	6	21	19	15	1	20	4	19	5	22	15	18	23	3	21	15	14	21	2	4	1	9	15	19	7	17	12	23	17	8	11	3	6	14	9	1	18	2	19	6	18	7	8	9	14	7	20	17	13	10	12	2	5	1	9	17	21	4	3	6	2	16	1	1	8	14	10	4	13	1
33	22	11	17	6	6	13	17	7	5	13	15	20	22	7	19	12	16	18	19	17	17	10	6	12	9	19	7	19	19	21	6	22	21	16	17	20	13	22	12	23	17	20	23	6	21	15	14	22	3	15	3	19	17	20	20	18	15	23	20	10	18	9	19	22	11	18	19	8	20	18	22	20	10	11	17	7	20	19	15	20	12	16	7	1	16	18	23	4	4	13	20	21	26	12	15	16	12	8	16	4
34	19	19	8	5	6	5	16	10	11	17	17	2	18	6	20	9	13	15	22	1	14	6	4	10	1	9	3	2	9	16	6	21	19	17	17	20	13	22	5	5	14	18	14	3	19	15	12	22	2	2	2	10	15	18	18	17	12	23	4	11	7	3	6	4	5	1	18	5	14	17	18	9	10	1	14	7	20	16	12	7	15	11	5	1	8	13	22	4	3	5	13	19	1	5	14	2	15	25	7	5
34	21	20	8	18	9	13	18	14	22	18	18	6	23	6	21	13	17	17	23	6	14	13	6	11	5	20	12	16	18	21	6	22	22	18	20	21	19	23	8	17	15	18	23	20	21	16	14	23	15	6	4	18	18	18	20	18	18	24	14	13	17	8	7	14	9	13	20	8	19	18	22	20	11	11	18	18	21	19	13	20	15	18	21	1	9	15	24	4	5	5	14	19	2	5	17	3	19	26	7	5
35	21	6	10	1	1	5	15	7	4	13	14	6	21	6	16	8	13	11	20	20	14	10	6	10	9	9	5	19	9	17	6	19	18	15	17	18	4	22	7	5	13	8	10	7	19	9	12	22	3	4	2	14	18	19	1	16	11	12	18	4	4	2	7	23	12	1	19	2	21	2	18	7	7	7	11	6	18	18	12	13	15	2	5	3	8	15	22	2	3	6	1	15	26	1	9	16	1	5	13	1
35	22	18	17	17	1	13	15	13	5	18	19	19	24	8	22	19	18	12	21	20	15	15	19	12	21	18	7	20	19	22	22	21	20	15	18	20	4	24	8	22	14	20	23	17	21	12	13	23	9	7	10	19	19	21	4	19	17	23	19	8	10	2	7	24	13	1	21	3	21	2	18	9	14	11	18	16	22	20	13	17	15	17	7	17	9	15	25	4	4	13	20	19	27	7	13	22	8	7	17	4
36	5	1	9	4	10	9	17	3	23	10	15	6	17	7	19	7	16	11	18	3	19	4	7	10	20	3	4	7	17	17	3	21	18	16	18	16	4	22	8	17	15	18	18	3	16	13	13	20	1	1	4	18	16	19	1	16	9	12	18	5	1	3	13	4	11	1	22	11	20	2	13	14	1	14	14	9	15	1	16	15	12	2	5	3	8	17	22	4	1	5	3	5	1	5	18	18	7	2	18	3
36	22	21	11	4	21	9	19	10	23	19	17	20	18	10	23	13	19	11	19	4	21	13	7	15	21	21	5	16	18	21	22	23	18	16	20	17	13	24	13	17	18	21	22	8	23	17	15	22	5	1	10	19	18	22	4	19	17	22	19	10	19	8	14	7	14	14	22	11	21	11	17	14	2	14	15	12	16	21	16	15	15	18	20	6	16	18	23	4	3	6	3	17	26	11	18	23	12	4	19	7
37	19	17	8	12	1	5	2	3	1	17	14	1	18	6	24	9	14	16	17	3	11	6	19	10	5	9	2	19	5	17	6	19	18	15	17	20	1	19	5	5	14	8	13	6	18	11	11	24	9	1	6	14	16	18	1	18	10	20	17	10	11	2	7	7	11	1	18	3	13	6	22	6	10	4	14	7	16	17	12	16	12	2	5	1	16	17	1	4	3	5	16	14	7	3	13	12	3	8	13	1
37	21	18	17	16	7	11	16	14	22	18	17	6	22	6	24	11	14	18	17	3	15	7	21	23	22	17	4	21	17	22	22	21	20	15	18	20	4	19	8	22	19	19	23	22	23	14	12	25	9	5	17	19	19	19	21	20	18	23	19	11	20	10	19	13	15	17	23	10	19	17	22	20	15	11	20	21	23	19	13	21	15	2	20	1	16	18	23	20	5	6	21	15	26	9	17	16	10	8	17	7
38	19	18	9	1	6	9	16	1	4	17	17	1	18	1	18	13	20	17	17	3	12	10	6	11	9	12	7	19	7	17	1	14	3	3	17	6	2	12	5	2	16	8	13	6	20	11	12	21	2	1	5	9	15	16	5	15	18	21	2	8	11	2	6	2	12	1	20	2	14	2	18	9	11	1	13	6	16	14	12	7	12	2	5	1	10	15	1	1	5	2	7	7	2	5	4	7	8	2	4	1
38	22	22	17	18	10	14	18	14	11	18	19	20	19	4	20	20	21	18	19	20	19	16	21	12	21	18	15	20	19	23	23	16	21	3	21	10	6	21	14	5	19	22	21	17	21	18	14	24	9	4	11	19	20	22	7	20	19	23	15	12	21	5	7	24	15	1	21	3	22	17	24	22	16	3	18	6	21	16	17	13	15	2	20	1	16	15	1	17	5	5	13	7	8	10	14	21	15	27	12	5
39	5	6	9	18	1	9	15	4	5	13	17	8	17	6	20	13	17	12	17	3	13	4	6	10	6	5	1	7	9	17	2	19	18	12	1	20	4	19	6	5	15	7	15	8	18	11	12	19	5	1	3	14	15	16	7	15	8	20	2	8	20	2	1	13	15	13	18	11	13	11	1	14	7	15	8	13	14	8	10	15	12	5	8	5	8	17	21	4	1	3	1	4	1	4	3	20	1	2	13	1
39	7	18	12	19	6	13	17	7	24	18	19	19	24	14	22	19	18	15	20	20	14	6	22	15	20	19	4	22	18	22	6	21	23	19	20	22	4	19	15	23	19	8	22	22	23	17	13	24	9	1	17	20	20	18	7	21	11	21	17	9	22	3	17	22	16	14	21	13	19	16	3	14	8	16	17	15	15	8	11	22	16	18	20	6	10	19	22	4	2	5	19	15	25	5	13	23	8	2	20	7
40	17	5	17	15	9	11	13	5	5	17	17	6	6	6	20	9	17	15	17	3	20	13	7	10	20	18	3	16	9	16	6	19	18	15	1	20	1	19	8	5	10	21	21	6	21	18	14	19	2	3	3	12	16	20	4	15	17	12	15	5	11	1	6	7	9	1	18	2	16	6	22	6	16	2	18	18	15	16	15	13	1	1	20	1	16	15	1	5	5	5	2	14	26	15	15	14	12	4	18	7
40	22	22	17	18	10	13	18	14	11	18	18	8	17	14	25	13	22	17	22	4	21	16	7	15	23	21	4	23	17	17	22	21	20	15	17	20	13	24	16	22	16	22	22	7	23	19	15	21	16	4	10	20	17	23	21	19	20	23	20	12	18	11	7	21	17	17	23	8	17	18	24	22	17	3	20	21	16	19	17	16	15	2	21	7	16	15	22	20	21	7	10	20	27	15	16	18	21	10	21	7
41	6	23	16	1	3	8	11	3	23	1	8	19	13	15	8	4	23	19	2	8	7	5	10	22	14	22	11	7	6	3	11	17	19	14	14	17	12	17	5	5	15	3	11	20	2	2	16	2	9	1	4	6	5	24	18	2	17	25	1	3	17	11	3	25	18	2	6	11	7	9	1	2	15	3	17	4	11	13	9	6	6	3	3	10	1	2	4	16	5	4	2	4	20	13	5	6	9	2	4	16
41	6	24	18	18	19	15	13	9	24	1	20	21	25	16	26	12	23	20	3	16	7	6	13	24	24	23	15	22	18	24	24	24	23	20	22	20	12	25	15	22	18	23	13	21	4	15	17	26	11	15	8	21	5	25	20	15	18	26	16	10	23	12	10	26	19	5	24	19	17	19	19	10	18	4	21	19	11	13	11	6	9	19	11	12	18	6	26	18	22	10	4	16	21	17	18	14	22	5	13	17
42	5	22	19	5	15	6	11	4	23	6	21	22	1	17	2	2	5	21	5	4	7	1	13	18	24	22	11	7	1	3	10	5	19	4	6	18	7	1	5	14	20	24	10	2	2	6	18	2	5	5	2	22	7	13	3	9	4	16	13	2	17	10	5	16	18	9	1	10	7	7	22	10	13	3	22	4	13	20	9	23	9	13	1	12	2	2	2	17	2	5	4	6	15	18	1	11	14	4	1	16
42	7	25	20	6	22	10	12	10	25	9	22	23	10	18	26	5	12	22	24	8	7	6	14	23	24	23	11	23	9	6	25	24	24	4	23	18	20	14	6	22	21	24	14	19	4	11	19	26	10	15	4	23	16	26	18	15	12	27	16	9	24	13	19	18	20	19	24	13	15	20	22	10	13	3	22	7	13	20	9	23	17	18	1	13	19	4	2	20	22	13	5	18	22	19	18	15	23	8	3	18
43	7	3	18	4	2	10	2	11	3	6	22	20	13	19	2	2	5	23	3	8	7	6	10	20	4	23	3	4	1	1	24	16	18	4	13	17	14	25	13	15	10	3	14	19	2	2	18	6	7	5	6	4	16	27	18	15	4	27	4	3	8	14	5	18	18	6	2	5	15	7	4	2	10	2	2	5	13	1	10	9	5	11	2	10	13	9	3	7	5	1	4	6	20	17	4	12	22	1	2	15
43	11	25	20	18	14	16	12	13	23	9	23	24	13	20	26	5	12	24	5	15	22	13	23	23	6	24	13	23	17	3	24	24	25	21	15	21	15	26	15	17	20	24	16	19	6	10	20	27	11	7	10	7	18	27	21	20	5	28	13	11	18	15	8	27	20	10	25	13	15	21	25	3	15	7	11	23	24	13	18	24	9	14	22	12	14	9	5	21	22	5	4	18	21	21	5	15	24	8	7	18
44	5	1	4	12	18	15	2	9	24	1	15	23	1	15	7	2	6	23	5	13	7	5	9	21	4	22	16	16	18	4	11	16	21	14	12	17	5	17	8	5	6	3	16	17	4	10	18	6	7	1	3	4	19	25	20	9	5	27	4	5	25	16	1	16	18	5	1	9	7	11	4	2	10	1	9	5	13	9	10	5	9	14	1	13	2	3	1	17	5	6	3	4	15	18	18	6	9	4	7	15
44	11	21	18	18	20	16	13	11	26	3	23	25	7	21	8	16	12	23	24	14	10	15	14	25	8	22	17	24	19	25	24	24	23	20	14	21	12	25	15	22	18	23	19	18	4	15	20	17	9	15	4	24	20	28	21	17	5	29	5	11	25	17	1	18	18	9	6	9	7	20	25	3	15	2	11	23	14	14	18	23	17	18	1	20	17	20	3	17	18	7	12	15	20	19	18	14	22	10	11	15
45	11	1	16	8	14	15	2	11	26	1	15	22	5	17	8	5	11	21	24	4	2	5	12	19	4	22	11	7	3	3	11	16	19	4	14	17	5	25	12	5	18	3	13	2	5	9	17	17	4	6	1	2	16	24	5	15	4	27	1	3	24	17	1	15	18	9	1	10	7	3	4	10	13	4	20	2	13	16	10	5	7	8	1	11	15	9	3	7	3	2	3	4	15	18	2	6	9	4	7	15
45	22	21	16	12	14	16	16	11	27	9	21	25	10	21	26	16	12	23	24	13	7	6	14	20	8	25	16	16	18	25	11	24	23	20	15	17	12	25	15	22	18	23	13	23	6	11	18	18	7	9	3	4	20	27	18	17	18	27	4	4	26	18	19	16	21	10	1	19	7	8	22	23	17	4	21	16	24	16	19	9	17	8	3	13	17	21	5	18	22	3	12	15	22	19	5	14	22	10	11	15
46	5	24	16	5	3	6	11	3	22	9	22	20	8	15	8	3	11	21	5	11	8	15	10	16	1	22	8	4	17	6	25	24	21	11	15	18	7	14	5	22	10	3	11	4	7	9	21	6	6	3	2	23	5	26	18	9	4	15	4	4	20	10	1	16	18	8	6	9	4	19	1	8	13	1	19	3	25	20	9	23	5	8	9	9	11	6	5	7	1	2	5	6	19	13	2	11	9	5	4	18
46	5	24	20	6	15	10	11	4	28	9	24	25	9	21	26	16	12	23	24	13	12	15	14	26	3	23	14	23	17	24	25	25	23	20	23	22	7	26	6	23	21	14	14	23	24	20	22	17	9	16	2	23	18	28	18	20	12	28	13	11	25	13	8	28	22	9	6	11	7	20	22	10	17	2	23	7	26	20	11	25	14	14	11	13	19	22	5	22	22	7	12	15	23	13	19	15	22	10	4	18
47	6	21	16	8	14	15	16	9	24	1	15	23	4	21	1	4	11	21	5	8	7	12	10	23	8	22	11	23	1	3	11	24	8	4	23	17	7	14	5	17	21	3	14	2	2	10	18	6	7	6	2	23	18	24	4	18	4	27	3	11	8	14	5	15	18	6	2	5	15	8	22	3	10	3	2	4	13	1	9	9	5	9	3	9	2	2	2	7	1	7	4	6	18	13	1	14	14	8	1	16
47	22	23	18	12	19	15	16	11	27	1	22	25	9	22	8	16	23	22	24	13	12	12	11	26	24	23	18	23	4	6	25	24	19	22	23	18	14	15	15	22	22	23	15	23	6	11	18	17	9	9	2	23	20	24	18	20	8	28	13	11	8	14	11	27	23	20	5	13	17	19	25	10	13	7	22	23	24	20	18	23	17	18	9	13	11	22	3	20	2	13	14	18	22	18	5	15	22	8	7	19
48	5	1	16	1	2	5	12	5	23	1	15	20	7	19	1	2	5	23	3	8	12	13	12	17	3	25	3	7	9	1	11	24	23	11	12	21	5	25	8	22	6	3	12	2	6	9	17	2	6	6	4	4	21	28	4	9	4	30	1	4	18	15	2	25	18	7	6	13	4	22	19	10	15	2	21	3	11	13	11	6	9	13	3	13	9	9	4	10	3	4	9	15	20	13	2	12	5	2	11	17
48	5	17	16	8	14	15	13	11	27	9	23	26	13	21	2	16	11	23	24	13	22	16	23	19	4	25	11	7	17	24	12	24	23	11	14	23	7	25	8	23	21	24	16	21	7	14	17	16	7	17	9	6	21	28	20	17	17	30	16	8	20	15	8	28	22	8	6	19	7	23	22	10	19	4	21	4	23	20	16	6	18	19	23	13	15	21	5	15	5	7	12	18	20	17	4	15	14	8	11	18
49	6	20	16	1	3	8	11	4	23	1	15	21	1	21	1	6	11	22	5	8	7	6	12	17	2	23	11	7	3	6	11	13	21	11	8	17	5	14	8	22	6	3	13	21	6	9	17	16	7	6	2	21	5	25	4	17	3	27	4	5	20	14	1	18	21	10	1	5	7	3	1	2	15	2	11	3	11	13	10	5	5	3	9	13	1	2	4	17	5	1	12	13	18	11	2	11	22	8	7	15
49	22	20	20	6	15	8	14	5	25	2	22	26	7	23	3	16	23	23	24	13	10	6	14	20	4	25	19	23	18	24	24	24	23	14	16	20	6	26	15	22	22	23	16	23	6	11	20	27	11	8	4	21	19	28	7	20	8	31	4	10	26	18	8	29	24	21	2	6	15	19	4	23	19	3	21	5	25	16	16	23	6	13	11	13	19	3	26	21	22	5	18	15	24	19	18	24	23	26	19	18
50	5	24	16	6	3	8	12	5	23	9	23	20	13	19	2	2	5	22	3	8	7	6	10	18	6	23	11	22	1	3	11	16	8	4	7	16	7	15	12	13	18	2	10	20	1	10	19	2	5	9	3	23	16	12	18	15	3	27	4	3	26	17	1	17	21	9	1	10	7	20	1	4	13	3	21	7	11	20	9	5	8	14	1	13	10	6	3	11	4	4	1	10	15	9	1	6	10	2	3	19
50	7	24	16	16	23	10	20	13	28	9	23	20	13	19	3	4	5	23	3	10	23	15	11	23	22	26	16	23	3	3	25	24	25	20	23	16	14	25	15	17	20	23	11	22	4	15	23	2	9	15	6	24	21	28	20	20	3	28	11	11	27	17	16	26	25	22	1	19	19	22	22	10	15	7	22	16	13	20	16	23	8	14	1	20	15	23	3	20	22	10	4	19	22	17	4	11	14	6	13	19
51	19	3	13	4	9	17	8	15	14	14	25	19	14	24	1	16	3	8	18	1	17	15	24	10	7	12	19	10	3	14	10	19	3	7	8	5	21	21	5	12	5	23	11	21	25	1	16	28	7	3	18	11	18	4	13	17	5	3	2	14	16	1	20	4	4	2	3	20	13	17	4	24	9	17	14	13	10	4	4	9	10	3	2	16	14	24	27	23	23	11	5	3	21	20	16	25	16	26	12	6
51	20	18	13	12	9	18	20	16	14	14	26	26	19	25	5	17	4	17	18	21	24	17	24	14	25	17	20	25	9	17	23	24	23	21	14	10	22	27	13	24	6	25	12	21	26	3	17	28	7	5	18	15	19	5	18	17	18	8	6	15	28	3	21	4	10	23	11	21	21	17	19	25	9	18	17	15	12	4	9	9	19	5	2	21	14	24	28	24	24	14	9	3	22	22	17	25	16	26	21	20
52	16	1	6	14	10	19	14	17	29	3	22	22	5	26	2	14	3	12	18	2	9	16	25	27	3	7	11	1	2	16	10	13	19	7	10	5	8	12	12	12	5	25	10	21	25	1	16	28	7	1	19	15	17	4	4	17	2	1	2	15	29	1	22	7	6	2	10	21	20	5	24	22	9	9	8	13	7	3	4	6	3	5	19	18	7	12	29	25	19	12	5	4	14	17	14	2	25	25	12	6
52	19	1	6	14	24	19	21	17	30	9	27	23	11	26	27	17	3	17	19	3	13	18	26	28	14	16	17	9	5	17	26	17	26	9	12	6	8	21	17	16	23	25	11	23	27	3	18	28	7	3	19	20	22	5	6	22	3	10	4	16	30	11	23	24	7	7	15	21	23	17	24	24	10	19	17	13	12	4	10	25	19	20	23	22	12	17	29	26	23	14	11	8	22	20	17	7	26	25	14	21
53	6	1	10	12	10	20	14	15	17	4	19	22	8	27	1	8	4	4	9	1	11	19	26	28	12	7	2	25	2	16	25	13	18	2	12	7	16	12	12	16	5	26	10	17	7	4	18	29	7	1	11	16	15	3	2	18	3	2	1	14	29	10	23	7	7	2	10	22	18	5	19	25	9	18	8	12	7	2	1	24	7	4	1	23	14	12	13	24	17	12	5	2	18	13	17	6	26	10	14	6
53	20	3	11	13	25	21	22	18	31	14	27	23	24	28	28	17	24	8	22	7	19	20	27	29	26	12	21	26	4	16	26	17	21	3	12	7	21	12	12	16	6	26	12	21	26	8	24	30	13	3	17	20	21	4	4	19	5	14	5	17	31	11	24	24	21	2	10	23	21	16	24	26	20	18	14	22	9	3	9	26	10	6	24	23	14	18	30	24	23	15	13	22	22	20	18	26	27	26	14	21
54	19	1	6	13	24	19	14	14	29	4	25	21	11	25	3	12	1	8	17	1	19	15	24	10	14	12	17	8	9	16	23	13	1	6	9	9	21	12	8	16	5	26	18	10	2	21	16	23	17	5	17	3	16	3	3	15	3	9	6	15	32	11	24	4	7	2	10	22	18	5	22	26	10	19	2	13	9	4	1	5	14	2	1	16	12	24	27	23	23	14	5	2	21	20	14	25	16	26	14	2
54	20	3	11	14	25	20	23	18	31	9	26	27	19	26	29	17	24	18	18	5	24	17	27	12	27	17	22	25	17	22	25	26	23	20	14	10	22	21	13	24	23	27	19	22	28	22	24	31	18	9	19	15	23	4	8	16	5	13	6	18	33	11	25	22	21	6	10	24	23	16	24	26	12	20	17	22	12	10	10	26	17	5	2	21	14	24	28	27	25	16	9	2	22	23	15	26	26	27	20	20
55	20	1	8	2	25	22	24	18	31	2	18	20	7	26	12	11	3	4	3	5	13	10	25	14	4	15	17	9	5	13	5	16	1	7	9	5	21	21	6	16	2	26	11	4	5	23	24	31	19	5	11	13	18	5	5	16	2	2	2	15	26	1	9	7	7	2	9	21	22	17	1	6	12	18	9	15	7	3	1	5	18	6	3	15	7	12	29	23	20	8	5	2	13	20	14	7	26	26	12	2
55	23	5	13	14	26	23	25	19	32	5	28	28	10	28	28	17	4	5	22	7	18	16	28	27	14	27	23	11	6	16	10	26	23	20	14	10	22	27	12	24	23	26	19	17	7	24	25	32	20	9	11	16	18	27	18	21	18	11	6	16	29	11	22	18	7	24	15	23	22	24	24	24	14	20	14	24	27	4	4	26	20	21	18	22	12	25	31	28	26	9	15	23	22	23	17	26	28	26	14	21
56	19	1	6	20	10	19	21	17	30	5	26	6	8	25	13	11	4	4	3	3	19	17	29	30	26	12	24	27	4	16	25	17	3	14	9	6	7	21	13	25	5	26	11	21	26	4	18	30	7	3	17	5	18	3	2	15	3	10	6	15	14	2	9	15	4	24	9	23	14	17	22	24	5	17	14	9	27	4	5	9	10	6	1	23	12	12	30	24	23	12	4	5	15	17	14	3	16	10	14	2
56	19	1	6	20	10	19	26	17	30	5	27	26	19	28	29	14	24	8	25	22	19	19	29	30	26	12	24	27	4	16	27	27	26	17	14	24	23	27	18	26	5	28	12	23	29	25	18	33	7	3	19	13	23	4	8	19	5	11	11	18	27	11	20	24	10	25	14	25	21	18	22	27	12	18	15	13	28	10	9	25	10	6	1	23	14	12	30	27	27	12	11	22	21	20	18	26	27	27	20	21
57	7	1	6	13	6	17	20	16	19	3	25	23	10	27	3	17	3	4	9	1	17	13	25	12	12	8	23	9	1	13	23	19	1	11	4	7	11	20	13	11	12	3	12	19	26	7	16	7	4	5	17	16	21	4	2	15	5	9	5	17	14	2	20	7	21	2	3	23	14	16	19	22	10	17	9	22	3	3	1	26	1	21	12	15	7	25	29	28	20	8	9	2	18	18	16	26	16	10	12	2
57	13	19	13	18	10	18	21	17	31	20	27	23	19	28	8	21	4	18	18	5	18	13	27	14	12	11	23	12	10	14	27	27	5	21	13	10	22	21	15	27	23	25	22	21	29	26	16	34	4	6	19	17	22	11	14	18	5	13	6	18	29	11	24	24	21	25	10	25	18	17	24	27	14	19	14	25	7	4	10	27	11	22	18	24	7	25	29	29	22	9	10	8	21	20	17	27	16	26	22	22
58	21	1	10	14	25	17	25	6	31	2	14	22	11	26	5	15	4	8	22	1	14	10	24	10	2	11	15	26	6	12	10	13	21	2	9	5	10	12	5	12	2	25	10	17	2	4	18	30	7	3	18	3	16	3	2	15	17	2	11	14	14	3	12	2	7	2	3	22	14	16	7	6	5	12	2	12	6	2	6	10	10	5	1	23	1	12	30	24	26	9	4	8	20	13	17	1	26	8	14	6
58	22	5	17	14	26	19	25	19	33	3	19	27	19	27	27	16	4	8	22	5	18	17	30	27	25	15	23	28	10	16	25	24	23	7	9	9	23	27	12	28	5	26	10	21	26	23	22	32	18	9	18	15	17	4	11	23	18	14	11	19	32	11	24	22	21	23	10	25	18	18	13	12	5	21	14	13	8	7	9	25	18	6	1	25	14	14	30	27	27	12	13	9	22	23	18	25	26	26	21	6
59	21	1	10	18	10	19	8	15	14	14	18	6	8	28	13	8	4	4	5	1	1	16	31	10	2	7	11	1	2	13	10	13	1	9	12	6	8	9	5	16	2	26	11	19	26	3	16	35	4	1	17	15	16	4	2	18	5	14	5	17	28	1	21	4	6	2	3	21	21	16	24	25	8	18	8	13	7	2	1	6	7	1	9	16	1	16	28	27	23	14	9	2	21	18	16	3	16	8	14	6
59	21	5	10	18	24	24	14	16	32	15	21	22	24	29	28	14	24	8	22	3	24	18	32	30	14	13	19	26	3	17	28	28	20	14	13	24	23	12	18	29	23	27	12	21	26	3	16	35	4	5	18	16	21	4	2	23	8	14	11	19	29	9	22	7	7	7	15	22	22	17	24	26	10	19	17	22	9	4	10	26	21	6	14	23	12	18	28	30	25	17	10	8	22	20	18	26	17	26	22	21
60	21	18	7	18	7	19	7	20	13	15	19	23	14	24	2	15	1	8	17	1	18	15	27	14	7	7	17	9	9	16	10	13	21	6	3	3	10	23	5	9	12	14	19	22	5	24	18	31	15	8	17	19	19	4	6	16	3	5	1	16	14	1	9	7	1	6	5	26	23	5	7	7	4	18	9	9	28	7	3	13	3	5	1	25	1	15	30	27	26	9	5	2	21	20	16	26	16	26	14	6
60	22	18	7	18	9	25	9	21	15	15	28	25	24	27	28	17	4	15	22	4	24	15	29	14	14	17	20	12	10	17	25	25	27	22	12	24	22	27	8	12	23	27	22	24	29	25	25	34	18	9	18	20	24	5	21	24	4	14	4	20	34	3	24	22	26	17	15	27	24	17	22	24	5	20	14	11	29	10	5	25	18	22	10	26	5	24	31	31	28	9	9	2	22	20	17	26	26	26	21	6
61	3	26	15	4	3	10	4	14	15	16	25	17	11	28	3	11	8	12	7	14	1	12	6	1	2	3	8	14	12	16	29	9	5	17	17	8	1	8	5	30	22	11	10	19	4	24	7	36	3	6	8	6	11	7	21	3	19	2	5	3	4	4	7	10	6	3	2	10	13	5	20	8	8	2	19	4	17	8	20	1	2	23	4	2	6	9	7	7	7	6	4	3	14	11	8	11	26	10	12	1
61	10	27	18	8	27	11	16	17	33	18	28	18	11	30	13	22	8	13	8	23	7	21	7	2	26	4	8	24	17	26	30	9	5	18	21	25	19	8	15	30	24	14	16	21	30	27	9	37	6	16	20	17	25	29	22	8	21	23	17	8	11	19	16	11	21	3	14	10	16	10	25	28	10	7	24	20	30	16	21	26	2	24	8	6	20	9	14	10	7	10	5	8	14	13	11	14	29	13	23	11
62	11	2	1	8	20	9	2	14	14	10	25	9	19	7	8	11	2	11	2	9	1	5	7	2	26	4	11	1	2	26	31	9	5	17	17	3	3	14	8	4	6	14	12	21	8	24	7	26	3	12	1	2	25	8	5	4	22	2	5	10	7	6	14	13	22	17	3	9	13	16	3	2	7	3	25	3	10	8	20	20	3	9	2	1	6	6	7	7	7	9	4	22	14	18	8	12	27	3	20	8
62	11	27	18	18	27	10	18	22	34	16	25	29	24	31	13	11	7	13	24	9	2	12	33	9	26	5	14	14	12	27	31	10	5	18	24	24	13	26	19	30	18	14	14	23	8	24	9	27	20	13	17	16	25	9	23	10	23	11	16	10	10	20	18	21	22	18	11	10	18	18	21	8	20	12	26	20	19	8	22	27	4	25	4	5	6	9	11	17	13	17	22	24	20	19	12	24	28	4	21	12
63	10	26	1	1	3	5	1	16	30	14	4	3	19	10	2	11	2	5	1	11	10	22	6	1	1	3	14	19	3	7	6	1	1	16	1	8	2	14	8	4	18	14	12	9	1	21	5	26	6	12	1	6	25	8	4	10	19	5	13	4	4	6	14	13	18	17	14	9	18	5	21	1	10	3	16	4	3	2	7	21	2	23	4	2	6	9	14	10	7	5	4	1	13	15	9	12	28	2	14	7
63	12	27	14	18	14	9	2	23	34	16	25	7	21	32	26	21	25	5	7	24	10	23	19	28	8	3	16	24	9	28	31	10	4	18	17	25	13	14	13	31	21	24	25	21	8	21	8	37	15	18	21	16	26	10	23	25	21	12	19	12	4	8	18	13	21	18	14	9	18	17	22	2	13	11	26	18	10	8	21	26	3	23	4	2	6	22	14	10	10	6	5	22	14	17	13	15	30	3	16	11
64	10	2	1	12	27	7	2	6	16	7	25	9	11	9	1	11	2	12	8	9	1	6	7	8	8	4	8	1	4	16	31	10	1	18	17	5	2	14	8	4	5	3	12	2	1	21	6	16	3	9	22	13	10	9	18	14	15	12	2	1	4	2	16	10	6	3	2	10	16	5	13	3	10	2	24	4	21	5	2	21	6	10	3	2	1	25	32	15	13	2	5	23	14	18	8	8	27	4	14	8
64	12	18	20	15	28	8	2	15	34	15	25	18	19	31	1	22	2	13	8	12	10	22	19	8	26	5	8	24	8	26	31	10	5	19	24	8	13	14	13	4	18	14	18	21	8	26	7	26	3	12	23	13	11	10	18	26	15	12	17	4	4	20	18	20	18	26	14	12	21	5	20	28	20	7	25	20	30	8	7	26	8	18	3	3	1	26	32	19	14	6	17	24	20	19	13	12	28	13	20	12
65	10	26	1	6	14	5	2	2	15	14	4	9	24	7	1	13	2	5	2	25	10	22	6	8	1	3	2	20	9	17	18	3	5	7	19	5	13	13	5	19	20	3	12	18	1	23	8	37	6	6	2	6	14	7	23	8	21	2	11	8	10	6	6	13	25	24	1	6	23	10	13	2	9	2	19	4	21	8	2	1	3	26	1	3	3	6	7	16	7	3	5	1	13	11	8	11	28	2	10	7
65	12	27	14	18	15	5	5	23	30	20	25	12	24	11	8	22	26	12	8	26	12	24	19	28	2	6	16	22	18	28	28	10	7	17	25	8	19	25	12	30	24	29	15	21	30	27	9	38	15	18	20	6	27	10	24	11	24	2	13	21	21	8	19	21	27	27	14	9	25	24	23	23	12	2	24	7	21	22	22	21	20	27	25	17	5	25	33	21	13	9	11	6	16	23	9	24	30	3	16	12
66	3	18	4	4	4	3	3	7	15	8	22	5	19	29	7	21	2	6	2	9	10	21	19	1	2	6	8	16	9	16	29	10	4	18	21	3	1	7	5	6	18	11	12	21	1	26	1	26	3	6	17	1	25	1	5	11	20	8	5	10	21	6	14	10	22	17	1	9	13	16	13	3	12	7	16	16	3	2	2	21	2	12	1	5	1	2	7	18	7	2	11	16	15	15	11	13	27	8	10	12
66	12	28	4	17	15	5	5	18	20	16	25	17	19	31	8	22	2	12	7	26	10	24	19	8	24	10	14	16	9	21	29	10	5	19	26	8	4	8	15	30	24	14	12	21	30	27	9	36	3	12	20	16	28	9	20	12	22	11	16	12	21	20	14	13	22	18	3	9	20	18	21	29	13	11	24	18	21	8	21	25	20	27	2	11	21	25	18	22	13	16	23	25	16	21	13	13	29	13	21	23
67	10	2	1	7	14	5	3	15	32	19	25	5	11	7	13	11	2	5	2	12	2	12	7	1	5	4	13	5	4	26	30	4	1	15	18	4	4	15	6	3	7	28	15	23	3	8	5	16	19	12	8	11	10	7	2	25	19	12	2	2	3	6	7	12	22	3	4	6	13	6	13	2	12	1	24	4	10	8	2	21	2	12	2	5	21	2	7	12	13	9	5	8	14	11	9	8	25	2	16	7
67	10	27	14	18	27	5	13	24	35	20	25	5	24	9	13	23	5	12	24	14	10	21	17	2	25	9	17	22	13	28	32	6	5	17	18	24	13	26	15	4	24	30	25	25	8	28	9	26	20	16	21	11	10	8	21	27	19	12	14	3	4	6	16	13	25	24	14	9	23	10	20	5	20	2	27	7	21	9	7	21	2	23	25	17	21	5	11	18	14	16	17	24	23	18	13	15	30	2	20	8
68	3	10	20	3	14	8	2	24	14	17	4	5	6	12	7	8	5	12	2	23	9	5	6	2	24	3	14	1	4	21	1	2	5	2	21	6	1	4	5	22	10	14	15	18	1	24	5	26	6	6	20	1	14	7	23	8	23	2	1	8	4	6	14	10	21	18	1	9	20	18	17	2	8	7	16	6	10	1	20	9	2	24	4	6	11	9	18	10	7	2	4	1	14	17	8	12	26	3	20	11
68	12	27	21	7	19	9	18	24	30	17	22	15	14	28	8	21	26	15	8	24	10	23	19	8	26	4	18	16	12	26	29	10	6	18	21	8	13	8	20	30	22	24	16	23	1	24	7	37	17	16	20	6	29	7	24	10	23	5	11	10	9	6	16	11	22	18	2	9	20	24	24	29	10	18	23	19	12	21	22	25	11	27	23	17	21	19	34	16	13	10	12	22	14	18	11	14	28	13	21	12
69	10	10	1	1	15	5	4	2	13	20	23	9	6	7	1	21	2	5	24	12	2	21	6	1	5	3	17	22	4	22	31	6	5	16	18	3	13	15	8	1	6	14	15	23	1	23	5	26	18	12	1	7	10	7	4	10	15	2	2	1	4	2	14	10	10	18	2	10	18	6	19	2	10	2	24	20	9	8	7	21	4	23	1	5	21	2	7	15	7	10	9	23	19	18	9	8	25	1	17	2
69	12	26	1	18	28	5	5	14	15	20	25	9	24	28	8	22	8	11	24	26	7	22	7	8	24	4	18	22	9	28	33	9	28	17	25	25	18	26	8	30	7	28	15	26	8	24	5	26	20	12	22	11	28	9	6	27	24	12	5	8	21	4	18	13	26	28	7	28	24	16	22	2	20	4	27	20	10	9	8	25	11	28	8	17	21	21	11	22	13	16	17	24	22	18	13	8	29	1	20	8
70	3	26	15	6	23	5	5	2	15	16	4	15	19	11	2	8	7	5	2	9	10	24	6	1	2	6	14	16	9	16	31	6	1	16	18	24	3	14	5	2	10	23	13	24	1	25	8	16	9	14	20	6	12	6	23	8	21	2	11	8	7	3	16	10	21	18	4	8	21	16	3	2	10	3	24	4	10	1	8	21	3	10	2	2	1	9	14	10	7	5	12	8	16	14	13	11	26	2	16	3
70	12	27	18	8	23	11	16	17	29	18	22	29	26	31	13	11	25	11	8	27	12	24	19	8	24	6	14	22	18	17	33	11	29	16	26	25	18	25	21	32	21	24	14	25	4	26	9	37	15	16	20	6	14	10	23	8	21	2	16	10	10	7	19	21	28	24	5	9	25	18	19	2	12	3	25	20	12	9	20	21	9	23	4	2	6	25	32	21	13	5	17	24	20	19	13	13	31	4	20	8
71	14	3	5	3	27	19	1	1	3	20	17	9	2	6	7	16	1	1	1	14	19	13	1	27	14	12	13	25	5	29	29	2	20	12	7	14	24	6	6	2	7	13	26	24	31	11	9	15	18	12	2	22	25	3	5	15	25	32	21	1	27	10	26	7	29	18	26	29	15	1	8	3	3	2	19	24	12	3	8	16	7	11	1	7	4	1	30	23	9	18	7	5	3	14	5	2	7	28	2	22
71	14	9	6	9	27	19	5	6	11	21	19	9	9	33	15	22	21	9	6	15	25	16	34	31	14	17	13	28	12	30	30	12	20	23	7	14	24	18	6	4	24	17	27	25	32	14	10	15	18	16	10	25	30	12	21	20	26	33	22	22	35	11	27	22	30	18	27	29	25	4	26	30	16	9	25	24	21	15	20	16	9	18	14	7	21	13	30	27	15	19	20	7	28	14	11	6	15	29	24	24
72	15	3	3	7	22	18	1	1	3	16	21	8	12	33	15	9	21	1	1	10	16	7	1	28	10	7	11	28	7	31	18	8	20	17	4	14	8	6	20	3	5	22	28	23	11	2	9	10	14	1	6	26	28	5	4	5	25	18	21	1	16	9	23	22	29	18	6	9	15	1	27	30	12	5	6	10	30	9	23	28	5	2	9	5	5	20	31	8	12	20	7	5	3	14	5	2	8	14	2	6
72	16	6	6	10	27	18	6	19	11	22	27	14	24	34	20	9	27	4	5	16	25	16	3	30	12	12	18	28	12	32	29	12	20	23	6	26	8	18	22	30	23	22	29	27	15	9	9	39	21	16	8	27	31	27	5	21	27	34	23	23	35	10	25	30	31	18	26	29	17	20	27	30	12	5	6	10	30	9	23	28	15	15	21	27	22	26	35	32	29	21	20	7	28	15	11	6	13	29	24	25
73	14	5	1	21	4	19	3	5	4	22	18	8	2	3	3	13	4	7	6	10	26	5	7	27	3	4	9	9	2	4	18	29	18	9	4	27	22	28	14	4	5	7	26	12	30	9	2	15	12	3	5	26	28	4	4	15	25	32	24	1	12	10	27	4	32	17	26	13	15	2	5	21	11	7	19	9	12	4	7	2	9	3	1	1	6	1	12	25	1	18	20	5	3	9	3	28	7	30	9	3
73	24	9	5	21	29	22	3	13	24	22	29	8	9	5	17	14	28	25	8	16	27	16	35	32	3	8	14	14	8	30	22	30	18	13	23	28	24	29	23	30	24	20	28	26	32	11	9	40	20	6	5	27	30	5	4	17	28	33	25	23	35	11	28	22	33	18	27	29	25	4	28	28	21	11	25	11	22	5	22	8	9	7	1	6	20	25	28	30	1	22	24	16	16	15	14	28	15	31	11	21
74	14	5	6	10	15	20	4	7	8	15	26	6	5	10	2	11	2	1	2	13	16	10	3	28	3	6	14	5	7	32	22	10	18	17	5	14	24	18	4	2	7	18	30	10	11	9	1	11	13	9	5	26	14	3	21	9	1	3	25	6	24	10	28	23	30	3	26	8	15	8	8	18	1	7	16	9	19	10	8	13	5	1	3	7	6	1	10	24	9	4	19	5	29	9	9	3	7	32	8	2
74	25	10	9	22	22	23	4	14	11	23	28	9	12	33	15	16	29	7	9	15	16	15	4	29	12	8	15	25	8	33	32	10	21	17	6	14	25	18	23	3	23	31	30	25	15	14	13	13	22	16	6	27	25	3	21	20	26	16	26	24	26	15	29	24	34	16	27	9	25	20	26	28	8	9	25	15	22	11	20	16	9	11	9	7	21	17	20	30	15	18	20	7	29	16	14	7	13	32	9	26
75	14	5	1	3	4	20	3	7	3	20	16	14	9	12	7	9	1	4	1	1	16	13	4	31	12	8	2	6	12	2	18	2	18	23	6	14	24	18	7	4	9	20	29	24	15	2	1	13	13	5	5	22	14	5	4	15	1	6	25	1	27	10	27	22	30	16	27	8	17	4	8	18	1	7	25	22	21	7	6	8	8	3	2	1	20	19	12	9	1	19	21	5	3	9	3	6	7	28	1	3
75	15	9	5	21	30	20	4	13	5	22	21	20	24	34	15	12	19	9	9	16	16	15	8	33	12	12	11	14	13	29	18	8	20	24	6	14	24	18	7	4	23	22	30	26	32	14	13	41	13	9	10	28	32	12	5	21	25	32	27	6	35	15	27	22	30	18	27	29	17	4	29	30	1	7	28	24	30	10	8	16	9	7	3	17	20	26	28	25	16	23	21	16	28	14	14	29	32	30	13	6
76	14	5	1	21	4	19	3	2	8	15	17	1	2	6	5	12	1	1	2	4	16	13	3	28	7	6	13	1	7	2	22	10	18	17	6	14	22	18	4	2	2	19	29	11	12	5	2	39	12	3	8	26	31	12	5	9	27	18	21	1	16	12	23	22	30	18	5	8	16	4	27	28	1	5	21	8	10	8	20	10	8	1	2	1	20	13	12	6	2	19	18	7	3	9	9	7	1	30	11	3
76	25	11	11	23	15	20	4	5	27	22	29	2	25	9	26	14	3	3	8	15	25	15	4	31	12	11	15	5	12	34	32	29	18	25	15	23	24	28	4	6	12	20	31	12	30	9	11	42	21	6	10	28	33	27	7	9	27	18	27	6	27	15	27	31	33	18	27	8	17	8	29	31	9	7	25	9	22	10	24	16	11	15	6	27	23	20	36	6	14	23	20	16	3	14	14	29	7	33	24	25
77	14	9	1	21	23	22	3	13	8	15	26	1	2	10	5	14	3	4	4	18	15	5	3	27	3	8	2	14	2	25	18	31	21	9	3	28	26	28	16	3	5	18	14	21	11	9	2	10	18	6	3	22	29	2	4	9	2	6	28	2	16	9	23	4	34	17	27	8	15	1	6	21	21	7	28	12	22	4	2	7	9	3	1	6	20	1	12	6	1	22	18	5	3	11	5	6	18	28	1	6
77	26	19	11	23	28	22	3	14	24	22	29	8	12	12	26	16	4	9	24	20	27	13	35	33	4	8	15	25	13	34	18	31	21	12	4	29	26	30	22	4	7	22	28	27	32	10	7	12	19	7	9	22	30	3	4	15	29	35	29	23	27	14	29	30	35	24	28	9	25	9	28	30	21	9	29	22	22	10	2	8	15	16	26	13	23	19	20	33	7	24	21	7	29	14	17	25	19	32	13	27
78	14	6	3	10	2	18	5	3	5	16	21	6	5	12	2	9	2	4	1	15	27	5	35	27	3	3	1	12	2	4	18	2	18	10	4	14	24	18	22	3	5	20	29	24	13	2	5	43	14	1	8	28	10	2	6	1	1	36	21	23	14	10	28	22	32	17	27	8	15	2	27	30	1	5	19	8	10	7	2	8	1	15	6	13	23	13	36	6	7	19	7	16	13	9	14	7	7	30	4	3
78	24	6	6	21	22	20	6	19	27	22	26	14	24	34	15	16	19	7	2	16	28	16	36	31	3	8	2	14	12	25	32	31	20	23	4	29	26	28	22	30	9	22	29	28	30	6	9	43	14	7	23	28	25	11	20	6	30	36	26	23	27	11	29	30	34	18	27	13	15	8	30	31	9	7	28	11	30	8	24	10	20	16	26	27	24	19	37	9	12	21	20	18	28	19	15	29	26	32	11	25
79	14	5	1	21	4	17	3	5	8	15	16	9	7	12	7	11	1	2	6	1	14	8	2	30	2	4	5	13	13	25	18	8	18	13	7	13	21	28	16	3	2	22	25	25	11	9	7	10	13	1	6	27	27	5	4	21	1	6	21	6	16	10	23	4	29	17	27	9	15	1	8	3	5	2	21	9	19	3	7	2	9	2	14	17	6	19	12	25	1	20	18	2	9	14	15	26	8	31	2	1
79	26	10	11	23	23	19	4	14	24	22	27	19	12	33	15	12	27	26	9	13	26	13	5	33	3	8	15	25	20	34	33	29	18	15	23	30	22	31	23	30	23	22	30	27	11	14	8	13	21	9	9	27	28	11	5	21	25	16	25	7	35	15	30	22	34	27	27	29	25	4	9	13	9	9	25	15	21	12	8	8	9	3	14	28	20	25	13	34	15	23	25	6	14	14	16	29	32	33	3	22
80	14	5	6	10	15	2	2	7	3	16	16	1	12	12	5	12	1	2	4	1	16	12	4	27	2	1	2	1	6	29	18	10	18	13	2	15	22	16	23	3	5	17	26	23	31	9	1	15	14	6	5	22	14	5	4	21	1	6	25	1	27	9	27	30	34	17	27	8	15	8	6	5	1	1	25	11	10	4	6	16	5	1	1	6	20	1	12	9	1	18	20	3	9	14	3	6	1	33	1	2
80	25	10	9	24	22	20	4	14	12	23	26	19	12	12	7	16	3	4	6	18	26	13	37	31	12	11	2	6	8	33	22	29	21	17	23	27	25	28	23	30	6	20	32	28	32	14	11	44	21	7	10	28	27	11	4	21	1	6	25	6	27	10	28	31	35	18	28	9	15	9	30	30	2	6	30	24	21	7	20	16	20	15	6	27	24	13	37	25	12	19	24	5	28	18	17	26	15	34	2	21
