ind	locus1	locus2	locus3	locus4	locus5	locus6	locus7	locus8	locus9	locus10	locus11	locus12	locus13	locus14	locus15	locus16	locus17	locus18	locus19	locus20	locus21	locus22	locus23	locus24	locus25	locus26	locus27	locus28	locus29	locus30	locus31	locus32	locus33	locus34	locus35	locus36	locus37	locus38	locus39	locus40	locus41	locus42	locus43	locus44	locus45	locus46	locus47	locus48	locus49	locus50	locus51	locus52	locus53	locus54	locus55	locus56	locus57	locus58	locus59	locus60	locus61	locus62	locus63	locus64	locus65	locus66	locus67	locus68	locus69	locus70	locus71	locus72	locus73	locus74	locus75	locus76	locus77	locus78	locus79	locus80	locus81	locus82	locus83	locus84	locus85	locus86	locus87	locus88	locus89	locus90	locus91	locus92	locus93	locus94	locus95	locus96	locus97	locus98	locus99	locus100
01	1	1	1	1	1	1	1	1	1	1	1	1	1	1	1	1	1	1	1	1	1	1	1	1	1	1	1	1	1	1	1	1	1	1	1	1	1	1	1	1	1	1	1	1	1	1	1	1	1	1	1	1	1	1	1	1	1	1	1	1	1	1	1	1	1	1	1	1	1	1	1	1	1	1	1	1	1	1	1	1	1	1	1	1	1	1	1	1	1	1	1	1	1	1	1	1	1	1	1	1
01	2	2	2	2	2	2	2	2	2	2	2	2	1	2	2	2	2	2	2	2	2	2	1	2	2	1	1	2	2	2	2	2	2	2	2	2	1	2	2	2	2	2	2	2	1	2	2	2	2	2	2	2	2	2	2	2	1	1	2	2	2	2	2	2	2	2	2	2	2	2	2	2	2	1	1	2	1	2	1	2	1	2	2	2	2	2	2	2	2	2	2	2	2	2	2	2	1	2	2	2
02	3	3	3	1	3	3	3	3	3	3	1	3	2	2	3	3	3	1	2	2	1	1	1	2	1	1	1	1	1	3	3	3	1	3	3	3	2	2	3	1	3	3	3	2	2	2	3	3	3	3	3	1	3	1	2	1	2	2	3	2	1	1	3	1	1	3	3	1	2	1	3	2	3	1	2	3	1	2	2	3	2	1	2	3	3	2	2	2	2	2	3	3	3	3	3	3	2	3	3	3
02	4	3	4	1	4	4	4	3	4	4	3	4	3	3	4	4	4	3	3	3	3	3	2	3	3	1	2	3	3	4	4	4	2	4	4	4	2	3	4	2	4	4	3	3	3	3	4	3	4	3	4	3	3	2	3	3	3	2	4	3	3	3	4	3	3	3	4	3	3	3	4	3	4	1	3	4	2	3	3	4	3	2	2	4	4	3	3	3	2	3	3	3	3	3	3	3	2	3	3	4
03	3	1	2	3	4	2	5	4	3	5	4	2	4	4	5	5	1	4	4	2	1	2	1	3	2	2	2	3	3	3	3	2	2	5	2	1	3	4	5	3	5	3	2	2	2	4	2	2	1	1	2	2	4	3	1	2	4	3	2	4	4	1	2	2	4	2	2	2	4	2	1	2	5	2	4	5	1	2	1	1	2	1	2	1	4	1	1	2	3	3	4	4	1	2	4	1	2	2	4	5
03	5	4	5	4	5	5	6	5	4	6	4	2	4	4	5	5	3	5	4	2	1	3	3	4	2	3	3	3	4	3	5	2	3	5	5	5	4	5	6	4	6	5	3	4	4	4	5	4	5	2	5	4	5	4	4	4	5	4	4	5	5	4	5	4	5	2	4	4	4	4	5	3	6	3	5	6	1	4	4	3	2	1	3	3	5	3	4	4	4	4	4	4	2	4	5	4	2	4	4	6
04	1	1	1	1	2	6	2	6	1	1	5	3	5	1	6	1	5	1	5	4	1	2	1	2	3	1	4	1	1	4	5	2	1	1	5	1	3	5	3	2	4	2	2	4	3	4	6	3	4	1	4	2	1	1	2	1	1	2	2	3	1	1	3	5	1	1	3	1	1	5	1	3	1	2	1	1	1	5	1	2	1	2	3	1	4	3	2	2	4	2	5	1	2	1	3	5	2	5	3	3
04	6	4	6	2	6	7	7	7	5	7	6	5	6	5	7	1	5	6	6	5	4	4	4	5	3	4	5	4	2	5	6	5	3	5	6	6	4	6	6	4	6	6	4	5	5	5	7	5	5	2	4	3	3	1	4	3	3	4	2	3	6	1	3	5	1	3	3	5	5	5	3	4	6	2	4	6	3	6	5	5	2	3	4	5	6	4	5	3	5	5	6	5	4	3	4	5	2	5	5	7
05	4	2	4	2	2	2	2	6	2	2	3	6	6	6	1	4	6	3	7	1	1	1	1	2	3	3	1	1	1	1	2	3	4	5	7	1	2	5	6	3	4	5	1	2	1	6	8	1	4	1	3	2	1	2	1	5	6	3	1	2	3	1	6	3	6	1	5	6	1	5	3	2	2	1	3	1	2	2	2	5	3	4	2	6	5	3	3	2	1	3	5	1	1	5	3	3	2	6	3	3
05	4	5	6	5	4	3	3	8	4	6	7	6	7	7	2	6	7	7	8	1	3	5	4	6	4	5	3	3	5	4	4	4	5	6	8	7	5	7	7	3	6	7	3	3	2	7	9	5	4	2	5	2	4	3	4	6	6	5	1	6	7	5	7	6	7	4	6	7	1	6	6	4	6	4	6	4	4	7	6	5	4	5	3	7	6	5	6	5	2	6	7	3	5	5	6	5	2	7	6	4
06	3	4	3	2	4	3	4	5	1	6	5	2	3	3	2	1	6	8	7	1	3	1	2	3	1	1	2	3	3	1	2	2	4	2	3	1	1	2	2	2	6	6	1	2	1	1	1	1	3	2	5	2	4	3	3	5	2	2	1	4	7	1	1	7	3	3	3	1	3	7	2	2	2	1	1	1	1	1	1	2	1	2	3	8	1	3	1	2	1	2	3	1	6	3	7	6	3	3	3	8
06	6	4	6	4	6	7	8	7	5	7	8	6	6	7	4	7	8	9	8	5	5	3	5	6	3	1	6	3	6	3	2	2	6	7	5	8	2	5	6	3	7	8	1	6	2	5	9	2	4	2	5	5	6	4	4	7	4	6	4	5	8	6	8	8	6	5	7	1	6	8	3	2	2	1	3	2	5	2	2	5	2	2	4	9	5	4	1	4	3	5	8	6	7	3	8	7	4	7	7	9
07	2	3	3	3	3	3	2	5	2	2	6	5	1	1	1	1	1	1	6	3	1	3	1	3	1	1	2	2	3	3	3	3	2	3	3	3	2	2	3	2	6	3	1	2	1	1	8	3	3	1	4	2	1	2	3	7	3	3	4	5	4	1	2	4	3	1	2	1	3	2	3	2	2	1	1	2	1	1	1	6	1	2	3	3	6	1	1	2	3	5	3	6	6	6	1	5	1	3	3	4
07	7	4	7	6	7	8	4	9	3	8	9	6	6	2	2	7	5	1	9	5	3	6	2	3	4	2	7	3	3	6	4	4	5	6	8	9	2	7	7	2	7	7	2	4	3	4	10	6	4	2	6	3	7	5	5	8	6	6	5	7	8	6	8	7	4	2	7	2	4	9	7	3	7	1	3	4	3	2	6	6	5	6	4	10	7	3	4	4	5	7	3	7	8	6	9	6	2	3	5	7
08	2	6	1	4	3	4	4	1	2	3	1	4	1	7	2	1	6	9	6	1	1	1	1	2	2	1	1	1	1	3	1	6	1	1	4	1	1	1	1	3	6	3	1	2	1	4	1	1	3	1	4	2	7	2	4	5	3	2	1	4	3	6	8	7	1	3	1	1	3	2	3	1	2	2	4	1	1	2	1	1	1	2	3	6	6	1	1	4	3	1	6	4	2	7	2	2	1	2	8	1
08	4	7	4	4	8	5	6	9	3	9	1	5	8	8	7	8	8	10	8	3	1	2	3	4	3	3	3	3	4	4	1	6	7	1	4	5	2	6	1	3	7	7	5	4	3	6	10	3	4	2	6	3	8	6	5	8	4	3	4	7	8	7	9	7	3	6	7	3	4	8	7	3	3	4	7	3	1	2	7	2	5	7	5	8	7	3	7	6	5	2	6	4	2	7	4	2	3	7	8	2
09	3	3	1	1	3	3	3	5	6	3	3	4	1	1	7	1	5	1	5	3	1	2	3	4	2	1	2	3	3	6	2	7	4	2	2	3	1	2	5	1	4	1	3	1	3	2	1	3	1	3	4	2	1	1	1	7	1	1	4	5	4	1	2	2	4	2	2	2	2	2	1	2	2	1	3	1	1	1	1	1	2	2	2	3	2	2	1	1	2	2	5	1	7	1	1	6	5	3	3	1
09	6	4	3	2	6	7	8	7	7	7	6	6	9	8	8	9	6	2	6	3	2	2	5	7	3	1	3	3	4	6	3	7	6	7	9	5	3	4	8	2	7	4	3	2	6	6	6	7	4	3	4	4	4	2	1	9	2	2	5	5	5	4	5	4	4	7	4	4	4	4	1	5	6	4	7	6	4	2	1	7	2	5	2	6	5	3	2	2	4	3	9	6	7	8	3	8	6	5	9	8
10	2	4	4	2	2	2	2	8	2	2	1	3	9	1	6	1	5	2	4	2	4	1	2	6	1	1	5	3	6	1	1	4	5	1	4	5	1	6	1	3	4	2	1	2	1	1	8	2	4	2	1	2	7	2	1	2	1	1	2	2	7	4	3	1	8	2	2	1	3	8	1	3	2	1	6	1	1	2	1	3	2	1	2	6	2	2	1	1	2	2	10	1	1	1	5	1	1	6	1	1
10	2	6	4	5	2	2	2	8	4	2	1	4	10	8	7	10	6	11	5	3	5	7	5	8	5	6	6	4	7	7	4	6	7	6	8	7	2	8	7	5	6	7	3	4	4	8	10	6	4	2	2	4	9	5	6	10	2	1	5	6	8	5	8	8	8	8	4	5	3	10	1	6	7	1	8	3	1	7	5	4	5	2	2	6	6	2	2	2	2	2	11	1	5	5	7	5	3	8	6	4
11	8	8	5	6	2	9	9	10	8	8	1	7	8	9	9	11	9	12	10	6	5	8	1	3	6	7	8	5	8	8	7	8	4	8	10	10	6	9	9	6	4	9	6	3	3	9	11	8	6	4	6	6	3	7	5	2	7	3	3	8	9	8	7	1	4	9	8	6	7	7	8	7	3	5	9	7	6	8	1	8	6	8	6	11	8	6	8	3	6	1	12	8	1	7	10	9	7	9	1	4
11	9	9	8	7	9	10	10	11	9	9	7	8	11	10	10	12	10	13	11	7	5	8	6	3	7	8	8	6	9	9	8	9	8	9	11	10	7	10	10	7	8	10	7	3	4	9	11	8	6	4	7	7	3	8	7	3	8	7	6	9	10	9	10	8	5	10	8	8	7	7	9	8	7	6	10	8	7	9	7	9	6	9	7	12	8	7	9	7	7	8	13	9	9	7	11	10	8	10	8	8
12	9	8	2	8	6	11	5	3	9	6	1	9	12	10	9	6	9	14	1	7	5	8	5	3	8	5	3	5	10	8	7	10	9	8	11	11	8	10	11	8	5	9	7	4	3	9	11	8	6	4	6	4	3	3	8	1	8	2	6	8	5	5	1	7	7	11	8	5	8	8	8	9	6	7	11	1	5	2	1	10	7	8	7	13	6	8	9	3	3	2	4	2	1	5	10	11	7	9	1	4
12	9	10	6	9	9	11	8	9	10	10	6	10	13	10	11	9	10	14	11	8	6	9	7	6	8	7	9	6	11	9	9	11	9	10	12	12	9	10	12	9	9	11	8	7	3	10	12	9	6	5	8	8	8	7	9	10	9	8	7	8	11	9	10	9	9	12	9	8	9	11	10	10	8	8	12	8	8	10	8	11	8	10	8	14	9	8	10	8	6	7	5	9	10	9	12	12	9	10	10	9
13	10	11	9	1	10	12	11	12	1	5	1	7	11	9	9	11	6	12	10	6	7	10	8	4	6	5	2	7	12	10	7	8	3	8	11	11	6	2	9	9	2	11	8	2	2	10	13	2	6	6	7	4	3	7	5	1	8	7	6	9	2	6	1	8	5	12	10	5	8	3	11	11	8	8	12	3	2	4	8	11	7	8	6	13	9	9	2	3	6	2	4	4	2	3	10	9	7	10	8	4
13	10	11	9	1	10	12	11	12	1	5	1	11	11	9	9	13	9	15	10	6	8	10	9	9	6	9	10	7	13	11	10	11	8	8	12	11	10	5	10	9	9	12	9	8	7	11	13	10	7	7	9	4	6	8	9	11	9	9	6	10	2	7	7	10	5	13	11	9	10	12	12	11	8	9	12	4	2	10	8	11	9	11	7	14	10	10	11	9	7	9	14	10	3	5	11	11	7	11	11	8
14	9	12	2	7	3	7	7	2	2	2	3	9	3	3	9	6	6	11	10	8	5	4	7	3	7	8	3	5	12	4	8	8	8	9	12	10	7	5	12	8	4	13	10	3	5	10	4	2	6	8	9	4	4	3	10	9	8	10	8	8	2	5	10	8	9	14	9	5	8	7	12	7	6	5	13	9	9	4	2	9	6	12	7	12	6	6	9	3	5	7	4	9	1	4	10	10	7	6	2	4
14	9	13	10	9	6	11	12	12	10	2	5	11	12	11	12	14	11	16	10	9	9	11	10	10	9	8	11	8	14	12	11	9	10	9	13	11	9	5	12	9	9	14	11	9	8	12	14	5	8	9	10	8	8	9	11	11	10	11	9	11	4	5	10	8	10	15	9	8	9	8	12	12	7	10	14	10	10	9	7	12	6	13	7	14	9	7	10	10	7	8	14	11	2	5	13	11	8	9	8	7
15	8	12	11	8	5	12	9	2	3	6	7	8	7	2	10	11	12	16	10	10	5	4	7	3	8	5	8	8	12	4	8	8	3	10	10	11	8	5	9	6	10	15	9	3	9	13	12	2	7	5	6	4	3	9	7	11	7	5	6	9	5	6	1	8	1	16	8	5	8	4	9	8	7	6	10	3	2	9	7	11	9	10	6	14	10	11	2	9	6	9	10	2	10	4	12	12	7	5	1	3
15	11	14	12	10	6	13	13	9	11	8	9	10	14	12	13	13	12	17	11	11	9	11	10	10	9	8	12	9	14	12	9	10	9	11	12	11	11	10	11	8	11	15	9	8	9	13	15	2	9	5	11	8	10	10	9	11	8	12	8	12	10	9	10	11	9	17	9	6	11	8	12	11	8	8	12	10	11	10	8	11	10	12	7	14	11	12	5	11	6	10	10	6	11	5	13	13	9	10	8	7
16	8	8	5	6	2	9	9	2	8	9	5	9	13	2	9	5	9	5	2	9	10	7	11	6	10	5	1	10	9	2	11	8	3	9	10	12	7	10	10	7	4	13	8	9	1	12	2	5	8	4	6	7	3	8	7	2	11	8	6	13	5	5	1	3	7	12	9	5	9	6	12	11	3	6	12	1	2	9	7	8	6	9	7	15	12	10	5	10	2	1	1	4	1	7	13	11	1	7	1	4
16	11	12	8	7	9	10	14	10	10	9	6	11	15	3	12	10	13	18	12	12	11	12	12	11	11	7	11	10	15	4	12	9	9	12	10	13	10	10	11	8	6	13	8	10	5	14	4	9	8	6	9	7	8	11	9	11	12	11	10	14	10	9	10	6	9	13	12	8	9	7	12	12	8	8	13	8	9	10	8	11	9	12	9	16	13	13	12	11	6	10	13	6	8	7	14	11	8	11	8	7
17	9	10	6	10	6	10	8	2	7	6	1	9	11	9	13	6	14	14	10	8	8	7	9	7	7	2	10	7	16	11	8	10	3	9	10	10	7	7	9	7	5	9	6	3	3	9	7	8	6	4	6	6	6	7	7	1	2	3	3	15	4	1	10	8	5	11	10	1	9	7	8	9	7	6	13	7	6	9	3	12	6	8	7	13	9	6	12	3	2	7	12	9	1	4	10	10	6	9	1	3
17	12	13	8	11	9	11	15	5	12	10	1	9	16	9	13	12	14	14	10	13	8	7	13	7	8	2	10	7	16	11	10	11	4	11	10	12	10	8	13	10	10	16	11	10	7	15	11	11	10	8	8	8	8	10	10	12	7	6	6	15	5	4	10	8	9	14	10	8	12	13	13	13	7	10	13	11	8	11	6	13	10	11	10	13	11	14	13	11	8	10	13	11	9	7	13	10	7	9	12	8
18	9	8	3	3	10	11	6	9	1	6	1	7	11	7	9	13	9	5	10	6	2	10	8	10	9	5	5	11	8	4	8	8	8	9	10	10	7	5	12	6	9	11	8	3	9	10	12	2	6	5	10	4	1	8	9	1	9	13	6	8	3	8	1	3	1	9	13	6	10	11	8	10	2	6	10	1	1	9	1	8	1	8	6	13	8	10	8	3	3	8	14	9	2	4	10	9	3	6	5	7
18	13	11	9	10	11	11	9	13	10	11	5	11	14	11	12	14	13	15	12	9	12	12	11	12	12	10	12	12	9	10	11	8	10	13	13	11	8	7	12	8	10	15	12	5	10	11	16	9	7	6	10	4	3	8	10	2	10	13	10	15	4	10	6	12	8	12	14	7	12	14	11	14	7	9	15	8	12	10	9	12	7	14	8	15	9	15	11	12	6	10	14	11	2	9	11	12	8	9	12	8
19	8	8	3	10	4	11	5	11	10	6	1	8	5	3	11	6	9	11	10	8	5	9	7	6	8	5	1	6	10	4	11	9	8	13	12	12	7	2	9	7	3	14	11	3	1	10	14	2	6	7	6	3	3	7	7	2	13	4	8	13	10	4	1	6	4	10	8	8	7	7	5	7	5	6	13	11	5	2	6	8	9	12	6	14	12	9	2	9	6	9	13	4	7	10	10	10	1	5	10	7
19	9	12	12	10	6	13	12	13	11	8	5	9	12	10	14	10	13	14	11	9	11	12	12	11	11	8	3	13	15	8	11	9	8	13	12	14	7	8	13	7	9	17	13	11	11	16	17	5	11	9	9	4	11	9	12	13	14	11	11	14	11	9	10	8	7	12	8	8	9	11	14	15	8	9	14	12	6	8	10	11	10	12	6	14	14	13	13	9	7	10	13	5	11	10	15	14	7	10	11	9
20	12	11	8	10	9	10	9	2	8	5	3	8	8	2	10	12	10	11	11	7	9	7	8	9	9	2	10	7	12	1	10	10	3	9	10	10	7	2	11	7	5	9	7	7	3	9	11	8	6	4	8	8	8	10	7	11	2	6	6	15	3	6	1	8	1	17	8	1	11	4	8	7	5	5	10	7	6	8	1	9	7	4	1	14	9	6	9	3	2	8	4	9	1	5	10	10	7	9	8	4
20	13	14	13	12	10	11	15	12	12	6	7	10	14	10	12	15	12	13	11	14	13	10	12	11	12	10	13	14	17	10	13	10	8	11	14	10	7	8	13	11	10	15	14	8	11	10	15	9	9	4	9	9	10	10	10	12	7	12	8	16	10	11	6	10	8	18	13	8	13	14	8	14	7	9	11	10	9	9	1	13	11	8	11	17	14	15	14	7	9	11	13	9	7	10	10	11	7	10	10	9
h01	2	4	4	5	3	7	4	5	1	2	1	6	1	8	3	4	5	2	7	1	3	1	1	3	3	5	1	1	1	3	4	4	3	7	4	5	3	5	5	2	6	3	3	2	2	2	5	3	3	2	4	2	8	2	4	1	1	1	1	3	5	1	8	3	4	2	7	7	1	2	1	3	2	1	4	1	1	2	2	2	1	1	3	1	2	2	2	3	2	3	3	4	1	2	6	2	4	5	6	1
h01	8	11	8	6	6	11	12	9	7	3	1	11	12	10	13	6	9	14	11	13	5	4	11	10	8	8	2	10	16	10	11	10	9	13	10	10	7	7	11	7	9	9	9	2	3	10	11	10	6	7	10	9	8	8	9	2	8	12	8	15	8	8	10	8	10	15	8	8	10	7	10	11	7	8	9	10	9	8	10	11	6	12	6	12	9	7	9	3	7	8	13	4	2	10	11	9	9	8	8	4
h02	6	2	2	5	2	2	2	7	3	2	1	6	3	2	8	1	3	6	1	5	1	2	5	3	1	3	3	3	3	3	2	2	2	1	7	9	2	2	1	2	3	8	2	4	1	4	4	3	1	3	3	3	2	4	2	3	3	1	4	5	3	1	8	1	1	3	2	2	6	5	6	2	5	1	3	1	2	2	3	4	1	1	3	9	4	1	2	5	1	3	4	6	2	7	2	4	2	3	1	4
h02	13	8	5	9	4	11	14	11	10	7	1	11	11	9	9	13	6	14	10	8	5	9	7	10	9	7	12	7	9	12	10	11	9	9	11	10	8	8	12	6	9	14	7	8	5	12	11	8	6	8	9	8	3	8	7	11	13	8	8	15	8	6	10	8	3	10	13	6	8	14	12	7	6	6	9	2	3	9	7	13	6	12	11	14	13	6	10	10	2	8	6	9	5	7	15	11	8	9	6	7
h03	2	3	2	4	2	2	2	8	2	6	1	5	6	4	2	5	6	9	6	3	5	1	1	3	2	1	1	1	2	1	3	3	2	6	3	5	2	5	5	2	6	8	3	2	1	4	1	5	2	2	3	4	4	3	4	10	2	1	4	3	4	1	1	4	7	2	3	2	2	5	3	2	2	1	1	5	1	2	2	5	1	3	3	9	4	4	1	1	5	5	3	1	2	3	6	6	1	1	2	4
h03	8	12	8	10	4	13	9	9	3	6	3	9	7	9	10	14	9	14	11	6	8	11	6	11	8	5	11	7	10	4	9	10	8	9	12	12	11	8	12	7	10	13	9	4	3	12	16	8	10	5	10	4	11	8	11	11	8	8	6	13	8	1	3	8	8	10	8	8	11	11	8	9	7	8	10	10	8	10	7	8	2	12	7	16	11	8	9	3	6	9	4	9	8	5	10	10	1	9	10	9
h04	3	7	4	2	7	5	2	8	2	7	1	5	6	3	4	1	6	3	5	3	2	1	2	3	1	2	3	3	7	6	1	2	4	4	4	7	2	2	1	2	6	7	2	4	1	6	10	5	4	1	5	2	3	2	4	3	5	2	3	1	2	6	1	5	4	3	1	1	3	4	4	2	2	4	3	1	1	4	5	2	1	5	3	3	5	3	2	2	3	2	5	3	1	1	5	6	1	1	3	7
h04	8	11	5	9	11	10	8	12	10	10	8	10	11	10	10	6	9	14	11	9	12	7	10	12	8	8	12	12	9	12	8	8	8	10	12	11	7	2	10	6	10	13	8	10	5	11	12	5	11	4	9	8	4	8	5	6	8	6	5	15	4	7	2	6	5	13	8	1	9	13	8	10	8	7	10	3	10	8	8	11	7	12	6	14	14	10	8	3	6	8	13	11	6	5	13	12	2	11	5	7
h05	3	4	4	1	4	1	6	8	3	4	1	4	4	2	8	6	7	11	4	1	1	7	1	3	4	1	5	3	1	6	2	5	2	1	1	6	1	2	5	3	2	6	1	1	1	6	8	2	5	2	2	1	8	6	5	2	4	2	1	5	5	1	1	7	7	2	3	1	4	2	1	3	6	2	1	1	1	7	7	5	1	2	2	1	4	3	2	4	3	6	6	6	1	6	2	8	1	8	5	3
h05	12	14	11	10	6	12	11	13	9	6	7	10	8	7	9	7	12	15	10	9	9	10	12	6	8	7	10	6	12	11	11	8	3	13	10	10	10	3	11	7	8	13	7	2	4	10	13	5	8	4	9	7	8	7	11	2	12	9	6	9	7	9	6	8	7	9	13	5	9	8	12	10	7	6	14	1	6	8	10	13	2	8	6	14	12	6	12	11	6	10	13	6	6	9	12	10	7	10	11	7
h06	3	4	1	2	2	2	1	1	2	6	2	2	7	8	2	6	6	1	1	4	1	3	1	3	1	1	2	4	6	7	3	4	7	2	7	5	3	2	6	5	4	6	2	3	2	1	7	3	4	1	4	3	3	2	3	2	1	1	4	3	4	1	2	4	1	3	7	1	3	4	6	2	7	4	7	1	3	2	1	2	1	2	1	1	6	3	1	3	1	5	3	4	1	1	1	6	2	2	3	7
h06	9	12	8	7	2	12	12	2	10	7	7	11	11	10	11	7	6	14	11	9	13	12	12	10	9	2	5	14	8	10	9	8	8	9	12	10	10	4	9	7	5	15	7	4	11	15	12	5	6	5	9	7	3	3	10	7	11	4	6	8	11	9	7	12	4	13	8	6	12	8	8	12	8	6	10	1	10	10	6	11	7	8	2	14	6	6	14	3	2	7	5	7	1	4	15	10	7	10	11	9
h07	2	1	1	1	1	2	4	8	1	5	1	4	6	8	6	1	5	4	5	5	1	3	3	3	2	1	1	3	1	6	5	3	7	6	4	1	1	5	5	1	4	2	3	2	1	6	6	2	4	2	6	2	3	1	1	1	6	4	2	7	3	1	3	2	1	3	4	1	3	2	1	3	1	4	7	1	5	2	6	6	1	6	2	5	3	5	1	6	5	2	5	1	2	3	9	5	3	2	5	3
h07	10	12	5	2	2	11	11	9	8	9	5	10	8	9	9	13	14	12	12	8	6	10	7	3	12	5	3	7	17	12	11	9	9	13	11	12	6	10	12	8	7	9	10	8	1	11	14	6	6	4	8	4	7	8	10	8	7	6	6	8	8	9	10	3	9	14	9	8	7	11	12	9	8	8	14	1	8	11	8	9	7	12	6	13	9	11	13	10	8	10	8	5	11	9	10	11	7	9	8	4
h08	3	3	6	2	2	2	4	2	1	5	1	4	3	2	2	1	6	1	4	4	2	1	2	1	3	1	1	3	3	3	5	3	1	5	4	5	4	7	1	3	6	2	3	1	6	6	7	2	1	2	1	3	1	2	2	8	4	1	2	5	1	1	7	6	3	3	2	7	4	4	1	2	3	1	1	4	1	2	1	5	2	4	3	6	2	2	6	2	2	3	1	2	4	1	2	5	2	7	1	1
h08	11	12	8	10	9	13	12	9	10	6	3	9	11	8	13	12	10	16	11	10	5	11	9	10	12	5	2	11	10	4	11	9	3	9	10	11	7	10	12	9	10	16	10	3	7	10	12	5	7	6	10	9	8	7	10	11	13	8	6	8	3	9	10	7	8	17	8	9	11	8	14	11	7	8	10	8	6	11	1	9	6	8	8	14	10	9	10	10	2	10	5	3	9	4	13	11	6	10	5	7
h09	2	6	4	4	6	3	3	6	3	4	1	2	1	4	1	7	1	5	6	4	5	1	1	2	3	3	1	3	1	6	1	2	3	3	2	1	1	1	8	2	6	2	3	4	2	6	7	1	1	1	4	2	3	2	4	1	1	1	2	5	3	1	6	2	2	1	3	1	1	4	1	4	2	1	4	4	1	2	1	4	1	3	4	6	4	1	1	3	2	2	3	2	2	3	2	5	5	5	2	1
h09	8	10	13	7	10	11	12	10	8	8	6	8	8	10	9	11	13	14	12	6	5	7	10	11	9	7	10	7	16	11	7	9	4	10	13	11	8	10	12	8	9	16	13	11	7	9	8	9	6	4	10	4	6	7	10	2	7	5	10	15	5	6	10	7	5	17	9	8	8	5	13	12	7	6	12	9	9	8	3	9	11	12	6	14	12	15	10	8	7	11	14	3	8	7	12	14	7	6	8	3
h10	2	4	1	1	1	4	2	2	4	7	2	6	1	3	8	6	1	3	6	1	1	1	1	3	1	1	1	1	3	6	6	6	4	6	8	9	2	7	6	2	6	5	2	2	3	1	5	3	5	1	4	1	1	1	3	1	3	1	4	2	4	1	5	1	1	1	1	1	1	1	3	3	5	4	7	1	1	2	3	2	2	2	5	10	3	2	1	3	2	7	3	4	1	5	4	3	2	7	3	4
h10	9	14	9	7	10	13	9	2	10	8	5	9	8	9	13	11	11	14	10	7	5	10	12	3	8	7	8	9	9	8	8	11	4	11	11	11	11	10	11	9	10	16	11	7	4	10	7	5	6	4	6	4	10	10	7	11	13	11	6	8	10	5	7	10	4	16	8	8	9	11	8	14	7	6	10	1	5	8	9	11	6	12	7	15	11	8	9	6	6	10	4	9	2	7	13	14	6	10	8	7
21	13	15	3	13	9	14	9	14	12	10	10	12	9	13	2	2	4	7	13	15	5	13	3	2	6	8	1	3	3	4	13	12	11	14	3	3	1	11	14	6	5	17	15	12	4	11	15	4	5	1	12	1	1	5	10	2	4	14	12	1	12	12	5	13	11	10	12	10	10	10	15	16	9	3	10	13	13	3	11	4	2	15	7	3	3	2	6	5	10	4	2	12	12	11	2	8	10	12	6	2
21	14	16	5	14	12	15	12	15	13	12	11	13	17	14	2	16	5	19	14	15	11	14	14	2	10	11	14	15	18	13	13	13	12	15	4	8	4	12	14	10	8	18	16	13	12	13	15	6	5	2	13	3	1	12	13	9	6	15	12	17	13	13	8	14	12	19	15	11	14	15	16	17	10	11	16	14	14	4	12	14	12	15	11	18	6	3	13	7	11	10	6	12	13	12	5	15	11	13	13	10
22	10	17	3	3	6	11	4	16	14	10	10	12	8	13	2	7	4	2	13	14	2	15	4	10	9	11	4	2	18	13	11	14	13	15	4	4	5	13	15	8	6	19	3	8	12	11	15	3	1	2	14	2	12	3	13	9	3	16	13	1	12	14	7	13	2	12	9	10	13	16	14	13	11	11	17	2	14	9	13	14	13	16	7	2	3	9	1	13	12	4	8	12	14	13	5	8	11	14	8	10
22	15	18	14	15	12	15	15	17	15	12	11	13	9	15	15	7	7	8	15	15	8	16	4	11	13	12	14	16	19	14	14	15	14	16	15	15	12	14	16	10	7	20	17	12	13	17	18	6	12	3	15	10	13	13	14	14	8	16	14	12	14	14	7	15	11	17	15	10	13	17	15	16	12	12	18	14	15	10	14	15	14	17	7	18	6	9	4	14	13	12	10	12	14	14	5	15	12	15	11	11
23	10	2	2	3	9	11	6	17	16	10	11	12	6	13	7	17	5	7	13	9	6	15	4	10	9	11	6	2	15	13	7	16	11	7	2	2	1	12	14	10	3	21	15	12	12	9	15	1	3	1	15	1	12	12	5	10	3	16	7	13	10	13	5	16	5	10	2	9	11	5	17	18	12	11	17	13	15	4	13	16	12	15	5	3	4	3	6	7	10	10	8	12	12	12	5	15	11	13	10	10
23	15	18	15	16	12	11	15	18	17	12	12	13	6	16	16	18	5	9	16	15	9	17	15	11	13	12	14	16	19	14	13	16	12	7	3	8	1	12	14	12	8	21	16	14	13	10	19	12	4	2	16	7	14	14	7	14	12	16	15	16	15	15	8	17	12	10	12	12	14	15	18	19	13	13	19	15	16	10	15	16	15	18	11	7	6	16	7	12	12	10	14	13	13	15	16	16	13	16	13	10
24	10	18	3	14	12	11	9	17	15	12	12	13	1	15	2	2	7	9	3	16	14	18	16	7	10	7	8	16	20	14	7	16	11	2	3	8	1	12	14	9	5	17	16	13	4	13	15	4	3	1	15	1	14	14	5	1	3	16	7	1	16	14	1	15	2	9	9	13	9	16	17	16	12	3	11	13	5	10	13	4	12	19	6	2	6	3	4	10	13	4	2	10	12	11	2	7	14	14	4	6
24	10	19	6	15	12	15	15	17	16	12	13	14	18	15	15	18	8	20	13	17	15	19	16	7	11	13	8	17	21	15	11	17	12	7	5	16	13	15	17	12	5	22	16	13	4	13	15	4	5	1	16	9	14	14	8	14	9	17	16	16	16	14	1	18	11	17	16	14	13	18	19	18	13	11	19	14	16	10	16	16	16	20	12	3	15	5	15	15	14	9	5	11	14	12	17	16	15	16	7	12
25	14	7	7	7	3	13	3	19	15	8	12	13	1	14	6	16	4	7	3	16	11	8	17	1	10	8	7	3	2	1	11	13	12	14	5	8	1	12	14	7	4	13	18	12	3	11	15	7	4	10	15	2	13	3	7	9	1	14	13	1	10	13	8	13	2	9	1	1	8	18	18	18	8	11	11	13	1	4	15	3	12	19	8	8	16	3	6	10	12	4	5	10	12	14	4	7	11	12	6	10
25	16	20	11	14	13	16	11	20	18	10	13	15	6	14	16	19	8	19	13	17	11	11	17	13	14	14	9	18	17	16	14	14	14	16	9	17	4	16	18	10	6	17	19	12	4	18	18	7	4	10	15	7	15	12	14	13	12	15	15	12	17	16	8	14	8	20	2	15	15	19	18	19	13	13	18	16	13	5	17	17	14	21	10	8	16	16	7	15	12	10	8	12	13	16	5	15	13	15	12	13
26	15	2	5	3	9	14	3	4	14	3	11	12	1	16	2	18	4	7	15	15	5	4	17	2	10	5	1	4	15	4	7	13	11	15	1	8	5	11	14	10	4	13	19	12	3	11	15	4	4	1	13	5	4	13	7	2	6	15	12	12	14	14	1	13	2	12	9	10	9	15	11	16	9	3	18	10	15	12	13	16	12	16	7	6	4	5	7	11	11	9	1	12	9	13	5	8	9	14	2	11
26	16	6	12	4	11	17	3	18	17	6	13	15	6	17	16	20	5	21	16	17	11	13	18	2	10	15	1	15	20	17	13	15	15	16	3	18	14	12	18	12	6	17	20	12	4	18	18	4	5	10	14	10	12	13	13	13	7	16	13	17	16	17	8	18	4	17	16	14	13	17	11	16	13	3	19	13	16	13	13	18	17	22	10	19	17	17	16	13	15	10	10	14	15	17	5	17	13	14	14	11
27	17	4	2	4	11	17	2	4	16	2	11	13	6	16	16	16	4	7	3	16	10	18	15	7	11	3	3	16	6	4	13	16	12	3	2	8	1	12	14	10	3	20	16	14	4	9	15	2	3	10	17	1	14	6	12	12	2	16	17	1	16	12	3	16	4	10	2	1	12	5	17	18	8	3	18	14	5	10	13	4	4	16	10	3	15	3	4	14	12	1	8	12	12	14	5	15	11	13	10	10
27	17	17	12	17	14	18	12	6	17	3	11	13	9	18	16	21	8	20	14	17	16	18	16	14	11	7	8	19	20	15	13	17	12	7	7	19	13	17	19	11	3	20	18	15	14	10	18	7	5	11	17	4	14	14	12	13	7	17	17	6	18	13	5	18	13	21	12	16	16	20	20	19	9	14	19	17	15	12	17	19	12	21	10	8	16	17	6	15	14	4	14	13	13	15	16	16	13	16	13	10
28	15	6	3	3	6	11	4	6	17	6	11	12	9	13	16	19	4	7	3	16	14	13	4	7	10	3	8	18	1	6	13	12	11	14	1	3	4	11	14	6	3	18	19	14	13	9	16	6	1	1	15	9	12	12	8	1	7	15	16	3	9	16	3	15	1	9	4	5	12	15	11	18	11	3	20	2	14	4	14	14	12	16	10	3	2	5	1	8	14	4	14	13	9	15	16	17	11	12	8	10
28	17	17	15	17	15	14	12	18	17	10	14	13	9	16	16	21	8	20	13	17	16	13	15	15	11	13	8	20	21	14	13	15	12	15	16	18	5	14	20	13	3	18	19	14	13	13	19	7	5	2	16	10	14	14	14	13	9	17	18	12	12	18	8	16	4	20	17	9	15	21	14	19	13	12	21	13	15	13	15	16	13	21	13	5	15	11	7	15	14	13	14	13	12	15	16	17	12	16	10	14
29	13	2	5	14	9	14	3	4	13	3	11	12	9	13	2	7	4	8	3	15	5	8	4	13	11	3	6	18	1	1	7	10	11	15	1	17	5	11	14	12	3	18	16	14	4	9	18	1	4	1	16	7	12	3	8	1	2	16	14	1	12	12	5	16	8	10	15	7	10	15	11	18	8	3	18	10	1	2	13	1	2	15	7	3	3	11	1	7	13	1	13	13	12	15	2	17	11	14	1	13
29	15	16	7	17	16	19	12	15	14	13	14	16	9	17	16	22	4	19	13	15	16	13	19	15	13	8	8	19	2	3	7	15	15	16	5	18	12	13	18	14	4	20	16	15	13	10	18	2	13	10	16	10	14	13	10	10	12	18	16	12	12	14	5	18	11	20	17	10	15	18	18	18	13	11	19	14	16	10	17	19	16	23	10	5	16	16	9	15	14	4	14	15	12	15	16	17	16	16	10	15
30	15	2	5	3	9	11	6	18	15	10	11	3	1	12	2	21	4	2	14	17	6	8	4	2	12	12	8	2	18	14	7	13	11	7	4	8	1	11	14	6	3	18	15	12	14	11	15	6	1	1	12	1	1	3	10	9	4	15	16	1	12	14	1	15	2	9	9	13	9	16	11	16	9	3	18	13	14	4	13	14	17	22	7	4	4	17	16	2	15	9	2	4	14	12	5	8	11	15	8	6
30	18	4	15	3	16	20	7	21	17	10	15	12	19	16	16	21	15	7	17	18	9	13	19	11	15	16	8	3	19	18	14	15	12	15	9	15	4	18	21	14	8	20	19	13	14	19	18	6	5	3	15	2	13	5	14	12	5	19	19	1	16	14	1	18	11	17	16	14	13	18	18	19	13	13	18	17	16	4	15	16	17	24	7	19	4	17	17	11	16	10	8	12	14	16	18	15	14	16	15	10
31	19	7	4	18	9	21	5	4	7	2	15	8	3	16	11	18	5	7	18	3	8	8	20	16	8	17	15	10	22	14	15	4	14	14	17	5	4	19	2	7	12	10	21	16	4	19	2	13	6	6	4	11	16	15	1	9	15	2	1	18	19	13	7	9	14	15	17	1	11	22	14	2	4	15	17	10	15	14	1	20	18	22	12	20	9	18	10	6	17	13	13	9	9	5	10	18	17	7	4	16
31	20	15	5	19	17	22	12	6	19	13	16	17	8	18	17	18	8	9	19	19	12	20	21	17	11	17	16	21	23	14	15	11	15	17	18	6	15	19	3	8	12	23	22	17	9	19	17	14	14	6	7	11	17	16	6	12	16	2	5	19	20	19	11	19	15	17	17	11	13	23	14	5	7	16	17	10	16	15	3	21	19	25	12	21	9	19	18	7	17	13	15	12	13	9	19	19	17	17	8	16
32	13	4	10	20	6	23	1	4	3	10	4	11	11	13	1	19	16	2	20	4	13	7	17	12	13	9	16	21	24	6	16	5	14	14	2	5	16	20	1	8	2	10	21	18	3	15	5	6	7	4	4	11	17	15	2	2	15	12	5	20	21	16	10	14	16	14	17	9	9	12	17	15	5	17	12	13	17	16	12	22	20	22	7	3	8	3	12	13	18	14	13	4	9	2	10	1	17	7	11	17
32	21	18	16	21	12	24	11	6	3	13	17	18	14	17	9	22	17	9	21	20	17	11	20	18	16	17	17	22	25	19	17	16	15	16	19	17	17	21	8	9	8	24	23	19	4	20	10	15	15	12	11	12	18	17	12	2	17	14	8	21	21	20	11	20	16	18	18	16	11	24	20	20	5	18	14	13	18	17	16	23	21	25	12	6	9	17	19	15	19	15	15	11	12	5	19	6	18	8	11	18
33	14	2	5	22	9	21	9	6	4	4	4	17	13	15	17	22	16	2	21	20	8	2	20	14	17	2	16	13	26	6	15	4	15	14	18	5	4	19	1	8	3	12	23	16	5	15	2	16	6	4	4	13	13	15	2	10	16	1	2	18	20	13	5	20	16	17	17	9	11	12	17	10	5	16	12	13	17	17	12	22	20	24	8	5	13	1	18	13	12	15	13	9	12	3	10	3	19	8	13	16
33	19	7	5	23	15	22	12	18	9	10	18	18	14	15	17	22	18	22	22	21	12	9	22	19	17	17	18	23	27	14	18	5	16	14	20	17	18	22	3	8	12	12	23	17	14	15	6	17	15	6	7	14	17	18	5	12	18	2	10	18	21	19	11	20	16	18	19	16	12	25	20	21	7	17	12	17	18	18	16	23	22	26	12	6	18	4	20	13	18	16	16	14	14	9	12	7	20	17	13	17
34	20	7	4	19	14	21	5	6	11	13	17	8	8	15	11	16	19	8	22	4	6	1	12	13	11	3	7	22	1	6	14	6	15	14	20	6	2	22	5	8	2	16	22	16	1	15	2	13	9	5	4	11	16	15	6	2	16	1	1	7	20	13	5	9	14	17	2	11	9	3	14	2	6	17	15	10	16	14	7	21	22	22	10	20	9	3	12	12	8	12	13	4	9	2	10	6	18	7	4	17
34	21	18	4	24	17	22	5	6	19	13	19	10	13	19	13	21	20	8	23	4	8	10	22	14	17	5	19	24	27	20	18	14	16	16	21	6	19	23	11	9	12	25	24	16	10	20	9	15	14	7	18	13	19	16	12	9	18	2	11	18	22	21	11	21	17	17	17	14	13	23	15	15	7	17	17	17	19	19	17	23	22	22	12	20	13	3	18	12	20	12	17	11	16	5	10	20	20	18	11	18
35	8	4	4	19	6	22	1	1	7	10	13	8	14	14	8	17	8	19	6	2	8	8	20	14	9	3	15	13	25	14	19	4	11	17	18	6	15	19	2	8	2	12	21	17	3	15	5	17	14	4	4	11	13	16	6	9	16	2	1	18	20	13	7	16	16	9	15	7	8	22	14	2	4	15	15	10	15	14	2	22	20	17	7	2	8	3	10	12	21	4	13	8	10	1	10	5	21	18	4	19
35	20	7	6	21	17	24	5	6	19	13	19	8	19	20	13	19	17	22	19	3	12	12	21	18	11	17	19	21	27	19	20	6	12	17	21	15	19	19	2	9	5	24	23	18	15	15	17	18	16	7	18	15	17	19	9	9	18	2	11	22	23	22	8	19	16	14	18	16	17	26	20	3	5	18	17	17	18	14	3	24	21	22	12	22	9	4	10	13	22	15	16	12	12	10	20	18	21	19	16	19
36	14	7	5	20	9	21	5	4	2	4	18	10	5	15	1	7	16	2	20	4	8	9	12	13	8	2	5	10	20	14	14	11	16	7	2	6	16	21	1	7	12	10	21	17	4	18	2	14	6	6	4	11	13	16	6	2	19	11	1	7	20	21	8	9	17	17	17	14	9	3	20	15	5	16	12	17	18	14	12	23	17	22	8	3	9	3	10	12	19	12	13	4	9	2	11	2	20	5	4	18
36	19	18	10	25	12	23	11	22	7	13	18	17	14	15	18	18	21	22	22	21	12	10	20	19	13	17	16	25	25	20	19	14	16	14	18	6	19	24	5	14	12	23	22	17	9	19	17	14	14	6	7	16	13	17	8	14	20	20	10	21	22	23	11	21	18	18	19	15	13	25	20	21	5	18	15	17	19	17	12	23	21	26	10	20	9	16	19	15	20	15	15	10	17	18	21	3	22	8	12	18
37	19	3	5	18	9	21	5	6	2	6	17	8	7	15	13	16	19	8	20	19	8	8	19	18	10	17	15	4	4	14	16	6	12	14	17	6	18	22	1	6	5	12	1	16	4	15	2	16	15	4	18	13	19	15	12	2	18	1	11	7	20	14	5	9	14	12	17	11	8	22	17	6	5	18	12	13	13	14	12	22	19	16	12	3	9	1	10	6	17	13	4	9	13	6	12	7	19	3	4	16
37	20	3	7	23	12	25	12	6	10	13	20	19	7	19	17	17	19	8	24	21	13	11	20	20	16	18	15	21	22	14	16	11	16	17	20	15	20	25	2	11	12	16	23	20	5	20	3	17	17	13	18	13	19	15	12	2	18	1	11	7	20	23	11	20	15	17	19	14	9	25	20	15	6	18	18	13	18	14	12	25	22	25	12	21	9	19	19	10	22	15	16	14	18	9	21	11	20	8	13	17
38	19	3	5	20	11	25	5	6	2	6	17	19	13	13	8	18	17	1	21	2	12	2	21	14	8	2	16	14	26	6	14	14	2	7	18	6	19	4	5	7	4	10	5	19	2	16	5	1	6	12	4	16	13	15	5	10	21	15	10	19	21	15	1	19	16	17	2	11	8	27	15	21	7	14	12	17	18	16	16	11	19	22	7	1	8	1	18	7	13	13	4	11	12	3	20	3	17	1	12	16
38	19	3	5	23	12	25	12	6	3	6	18	19	13	15	17	18	20	2	22	19	13	20	22	19	8	17	19	24	27	14	21	14	16	16	21	6	21	23	5	8	5	25	21	21	3	16	10	12	9	12	5	17	19	16	8	14	22	20	17	21	21	22	7	19	16	18	20	16	13	27	17	21	7	17	15	17	18	17	16	23	22	25	14	8	9	18	19	7	23	17	15	12	19	9	22	6	19	17	13	20
39	10	3	5	21	6	24	5	1	2	4	15	8	8	17	9	16	5	9	18	3	8	1	22	12	16	5	15	24	27	6	16	10	6	7	19	6	8	4	1	7	4	10	1	16	3	21	3	6	7	12	4	14	16	15	2	2	16	1	5	7	21	22	5	4	16	9	17	10	8	13	14	6	7	14	9	4	16	14	6	26	13	6	11	18	9	1	10	1	11	2	16	4	9	4	13	3	22	8	8	18
39	14	16	6	22	9	25	16	6	2	6	17	11	11	20	11	18	17	9	21	21	18	10	22	14	17	9	20	25	28	6	17	10	17	18	19	9	19	23	2	8	5	12	23	19	4	21	10	16	9	12	18	15	19	15	5	12	23	12	11	18	24	24	7	20	19	13	18	11	11	27	15	22	14	19	16	15	19	17	17	27	22	25	12	18	15	3	18	13	22	15	17	11	13	5	21	7	23	17	11	21
40	19	15	10	23	6	21	11	4	2	2	18	8	5	16	11	16	8	8	20	19	13	8	16	16	10	17	5	1	21	3	15	11	11	14	18	5	4	19	2	6	2	10	21	17	1	15	10	6	6	6	4	12	16	15	2	12	16	2	5	18	21	22	1	20	16	9	17	11	8	27	15	21	7	18	12	10	17	14	3	22	13	6	8	1	9	1	12	7	11	2	4	4	12	5	19	1	17	3	4	16
40	19	15	10	23	6	22	11	4	2	13	20	8	7	19	13	21	19	20	20	19	13	11	20	16	11	18	17	26	21	6	22	11	15	18	21	5	4	19	2	7	5	25	24	19	4	21	20	13	9	12	4	18	16	15	8	15	24	16	10	21	21	22	7	22	16	9	20	16	8	27	15	21	7	18	15	17	18	17	16	23	21	26	11	9	13	5	12	12	20	12	13	14	18	6	21	11	20	7	11	17
41	22	19	6	26	7	16	6	3	7	14	21	8	4	18	5	16	1	23	11	11	7	8	19	20	10	4	11	4	9	21	9	13	2	19	22	9	8	3	11	8	2	14	6	10	13	20	21	9	1	3	19	19	14	20	5	9	8	17	11	6	14	13	12	3	10	9	2	13	2	7	10	5	15	20	11	2	13	8	7	7	5	25	8	19	4	9	11	15	1	10	4	1	12	17	5	10	17	7	7	10
41	23	21	17	27	18	26	9	5	17	15	22	10	20	20	19	19	6	24	12	11	19	8	19	20	10	6	12	26	29	21	20	18	9	20	23	16	22	7	21	9	11	18	19	14	14	21	22	19	4	9	20	20	14	20	12	14	12	21	11	18	17	23	13	7	20	21	19	13	2	11	15	21	16	21	21	17	20	20	7	28	14	27	15	23	9	17	14	16	8	18	16	16	16	19	23	14	19	20	14	20
42	24	19	18	20	6	27	5	3	16	15	21	8	20	14	5	20	1	24	11	11	6	11	3	21	16	19	9	21	13	22	2	14	2	11	24	16	8	26	22	10	9	23	2	15	16	12	23	8	2	12	21	3	14	21	9	2	7	22	7	4	16	12	12	3	21	21	2	13	2	11	8	15	16	20	5	13	16	11	2	7	2	4	7	19	1	9	1	2	7	8	16	9	2	19	18	11	17	7	13	10
42	25	22	19	26	11	28	6	9	17	16	22	8	21	18	19	23	5	25	12	14	6	11	4	21	16	19	9	21	13	23	12	18	2	20	25	20	23	27	23	15	11	24	19	22	17	22	24	10	13	14	21	21	20	21	10	12	8	22	11	4	25	17	14	5	22	21	18	15	18	11	14	23	17	20	13	17	21	21	17	29	16	6	16	24	19	9	5	13	24	10	18	17	12	20	24	13	24	10	17	10
43	22	19	17	20	10	28	5	3	10	14	22	11	1	20	19	18	2	24	25	11	20	9	4	20	9	19	6	8	9	21	8	12	9	10	22	9	17	1	10	10	11	14	15	15	12	20	25	10	1	3	20	3	20	20	6	1	7	14	8	19	16	2	13	7	10	9	2	13	18	4	10	5	15	20	5	13	15	8	7	7	16	4	8	19	6	9	5	1	2	8	16	9	2	19	5	11	17	7	13	10
43	25	19	19	26	11	29	5	9	16	14	22	19	4	21	20	20	8	25	26	22	20	9	5	22	10	20	6	22	17	22	9	13	10	12	26	21	22	7	23	12	13	26	16	23	12	20	26	19	4	10	22	7	20	22	11	10	12	18	16	22	17	13	13	7	12	20	19	15	19	7	15	11	18	21	11	15	20	20	7	28	16	4	17	24	20	14	13	12	7	13	18	16	12	20	18	14	24	10	14	10
44	24	18	19	28	3	27	3	5	13	14	22	8	6	17	3	7	1	23	11	10	5	9	2	15	10	4	3	21	9	17	9	12	2	12	26	9	8	3	10	8	13	21	25	12	4	19	27	5	1	5	19	2	12	23	14	14	2	17	8	6	16	2	13	3	10	9	2	15	19	6	11	5	15	21	11	10	15	20	7	5	2	26	12	11	5	9	5	6	3	13	14	1	16	21	25	10	19	20	5	20
44	25	23	19	28	13	28	5	9	14	17	23	19	22	18	16	23	7	26	25	23	6	18	2	21	16	17	9	26	29	21	9	13	9	20	27	21	22	7	11	12	13	21	26	12	13	19	27	5	1	5	23	7	21	24	15	16	2	18	10	20	16	17	15	7	12	20	17	15	20	11	20	20	16	22	22	13	20	22	14	28	3	28	16	25	17	14	6	10	17	18	14	1	16	21	25	10	19	20	5	20
45	26	10	11	20	11	29	5	8	9	15	13	8	1	16	16	3	4	26	18	10	5	9	2	15	10	4	3	21	29	24	8	14	2	9	24	21	24	6	9	15	11	14	3	14	4	17	25	5	2	3	21	3	14	21	6	9	7	16	7	4	17	13	16	7	10	9	17	9	19	4	11	11	19	22	15	1	17	8	1	17	2	27	6	17	4	5	11	7	8	4	17	3	10	13	17	21	24	5	12	13
45	27	20	18	29	14	30	9	12	13	16	24	18	17	18	21	7	22	27	26	23	20	18	2	21	10	20	9	26	29	24	9	16	6	13	24	22	24	26	9	16	14	17	26	15	12	20	28	19	4	8	24	10	20	25	10	12	12	22	14	21	26	13	17	7	20	21	19	13	20	7	17	15	20	23	18	10	22	23	12	30	15	29	15	23	17	9	13	15	20	10	17	3	10	21	17	22	24	7	12	13
46	28	16	6	20	10	16	5	5	9	15	22	8	1	16	5	7	4	25	11	14	13	8	4	23	10	4	1	8	9	25	8	16	18	9	27	5	10	26	9	10	10	14	16	22	12	20	25	8	1	1	20	3	14	20	5	9	7	17	7	4	17	13	13	7	10	9	2	13	19	7	10	10	15	15	16	2	13	8	7	7	2	6	18	24	5	9	5	6	17	10	14	1	16	17	18	10	17	10	5	22
46	29	22	19	27	18	31	12	12	10	16	23	8	21	18	16	24	5	26	26	23	20	11	15	24	10	6	1	12	30	25	10	18	19	21	28	21	25	28	11	14	11	24	19	23	14	20	26	11	4	2	21	19	20	21	10	12	8	22	11	18	17	13	18	7	10	9	19	13	19	7	17	24	20	22	23	10	17	21	12	7	2	30	19	26	6	11	13	13	25	13	14	6	16	21	25	12	19	20	8	22
47	22	20	18	20	5	29	4	3	13	14	21	11	1	14	15	7	4	25	10	14	12	9	3	15	10	19	6	22	9	22	8	16	18	9	28	14	11	8	9	14	9	21	17	23	14	22	22	8	2	5	21	7	12	23	11	2	8	16	8	6	16	2	13	3	15	20	17	12	4	6	11	1	15	15	9	9	19	21	16	14	2	6	6	24	1	11	5	5	8	10	14	18	10	17	2	11	19	5	8	21
47	22	20	18	24	10	32	5	12	14	16	22	19	21	21	21	23	7	27	26	22	20	21	4	23	16	20	7	27	31	26	10	19	20	9	29	21	25	26	11	14	13	27	19	24	16	23	22	9	18	13	25	20	20	25	15	11	8	17	20	18	26	23	13	8	21	22	19	15	19	11	15	15	16	24	17	13	23	21	16	29	13	29	18	25	20	17	13	13	25	10	15	19	12	17	25	12	22	10	18	22
48	24	20	18	24	3	27	2	3	13	14	21	8	4	18	15	19	2	24	10	10	8	8	4	15	11	17	2	20	13	15	5	14	2	8	23	14	22	8	13	14	8	17	17	11	13	11	23	2	4	9	20	7	21	22	6	2	7	16	8	6	16	13	15	3	9	9	2	9	20	11	9	1	15	22	11	16	16	21	14	7	1	6	10	19	6	2	5	13	2	10	15	16	9	19	5	11	17	5	14	10
48	25	23	19	28	13	28	5	9	14	17	24	10	20	20	19	23	2	28	12	11	12	22	5	24	13	20	9	26	18	22	12	14	18	10	30	22	23	29	23	17	15	18	25	14	13	20	23	10	4	15	21	19	21	25	9	12	9	21	14	21	26	17	19	7	20	21	17	15	20	11	11	10	21	23	20	17	24	24	16	29	16	26	18	25	8	9	11	16	25	18	16	19	12	21	17	14	18	7	18	21
49	22	20	18	20	5	28	5	3	13	16	10	11	6	19	5	22	5	24	10	10	5	4	2	21	10	6	8	4	13	21	5	14	2	9	24	14	23	7	11	10	11	21	25	12	4	19	24	5	4	5	19	2	21	23	10	13	2	18	8	19	17	23	19	3	21	23	19	9	21	4	8	1	16	23	9	13	21	11	16	29	2	4	8	19	4	2	5	1	2	8	12	2	16	17	18	10	19	10	8	14
49	26	21	18	26	11	29	6	9	16	18	25	20	17	20	21	23	6	28	25	10	8	9	5	21	11	17	9	26	13	24	9	14	18	11	30	20	23	8	21	15	13	21	26	13	13	20	27	5	5	9	21	19	21	25	15	17	2	21	11	20	17	23	19	3	21	24	19	9	21	4	11	1	18	24	13	17	23	21	17	31	16	4	16	19	20	17	5	12	25	12	14	6	16	17	18	12	20	20	8	22
50	29	22	6	28	12	27	4	5	7	17	14	18	18	15	21	3	9	24	19	22	5	4	3	20	11	4	9	25	12	22	9	13	6	12	22	16	11	7	9	16	9	24	19	23	12	15	25	11	1	2	21	20	12	23	11	2	8	17	8	6	12	13	12	3	10	23	15	10	20	4	11	10	19	16	15	1	15	23	2	5	4	30	17	4	6	11	13	12	3	13	15	17	9	17	2	11	18	3	17	10
50	30	24	20	30	18	33	12	9	13	17	14	18	18	15	21	3	9	24	19	22	7	8	16	21	12	6	12	26	29	24	14	16	18	13	31	21	24	26	23	18	9	26	19	23	14	20	29	19	1	2	21	20	21	23	14	9	8	21	10	6	14	23	12	5	15	23	15	13	20	7	11	15	20	23	22	10	22	23	17	30	16	31	19	24	21	14	13	13	7	18	18	19	12	19	24	13	20	7	18	21
51	6	14	14	22	19	15	14	3	1	19	5	21	5	17	18	15	3	3	7	1	7	8	11	25	11	17	12	21	14	19	23	13	21	22	23	20	21	1	3	12	1	21	6	6	18	12	13	2	19	4	26	15	3	12	2	10	18	3	21	17	26	21	10	21	4	24	8	10	7	13	21	6	4	3	24	17	19	5	3	14	14	8	16	26	16	11	5	11	11	19	6	8	7	4	17	3	3	3	2	1
51	31	24	15	31	20	30	17	3	17	20	7	22	23	22	18	22	23	11	11	24	12	11	12	26	11	21	21	22	30	27	24	16	22	23	27	23	21	17	6	14	16	23	17	20	19	21	14	20	20	7	27	15	6	12	2	10	23	3	21	17	27	25	20	21	4	25	21	17	9	28	22	25	14	15	25	18	25	8	5	28	23	8	20	26	17	14	12	11	13	20	8	12	18	12	25	7	7	11	19	1
52	6	10	10	18	21	28	18	3	2	20	1	20	23	2	18	25	17	3	7	21	7	14	11	27	11	17	4	8	14	19	24	13	22	24	28	23	19	17	9	7	17	14	6	17	19	18	13	4	2	4	26	15	6	6	3	10	22	5	21	10	16	11	21	1	14	24	10	17	8	2	9	5	4	12	24	19	15	8	2	19	2	14	21	11	16	9	9	2	12	20	6	8	7	4	18	3	3	3	2	1
52	32	10	14	22	22	28	19	9	4	21	7	21	24	22	22	26	23	22	8	25	13	15	12	27	11	21	13	21	29	26	24	14	22	24	28	23	19	17	9	7	17	16	19	21	20	24	30	5	20	16	28	17	7	12	6	11	23	12	22	17	16	11	22	5	15	24	21	17	11	2	23	23	14	17	26	20	26	21	9	30	8	14	22	27	19	20	11	17	18	21	7	12	18	14	23	8	7	3	19	9
53	6	10	10	8	17	13	15	9	9	4	1	20	25	2	12	5	16	22	4	19	13	8	11	26	6	9	11	8	18	26	24	10	22	25	31	20	19	15	6	13	1	21	27	6	21	15	14	3	2	4	26	22	1	12	1	9	22	3	21	12	16	9	21	5	4	24	8	10	7	2	23	6	14	15	24	11	25	5	1	28	1	8	16	23	15	4	9	1	13	22	1	8	7	2	14	6	25	6	10	6
53	31	14	21	31	20	19	15	9	10	7	5	22	25	5	14	14	21	22	27	19	13	23	23	27	11	17	21	21	29	27	25	13	23	25	31	23	26	29	9	14	18	28	27	6	21	21	14	3	21	8	27	23	6	13	2	14	23	10	21	17	16	11	23	23	15	26	10	17	11	13	24	23	22	17	25	17	26	21	12	32	6	9	23	26	15	20	14	18	14	23	1	13	9	22	15	15	25	20	12	20
54	7	14	21	8	21	15	15	5	12	7	1	20	26	5	12	14	21	7	3	3	12	8	11	26	11	10	13	21	9	15	3	13	22	19	24	23	17	3	3	14	18	21	17	6	19	18	14	2	2	8	28	23	5	2	1	2	22	5	5	16	14	3	20	2	4	24	8	10	7	26	9	25	1	3	25	18	13	8	5	16	8	32	18	26	17	12	5	11	11	21	6	8	1	12	14	3	1	11	4	2
54	31	25	21	8	21	19	15	12	17	7	7	22	27	9	23	26	21	8	27	19	13	8	23	27	13	17	21	22	29	27	4	16	24	19	32	24	21	15	8	14	19	28	28	21	19	25	14	3	22	9	29	23	22	14	11	18	23	6	21	17	26	25	20	24	9	27	10	18	8	28	9	26	4	11	25	18	16	11	6	16	8	32	18	26	17	12	5	11	11	24	19	11	17	22	18	16	3	21	20	13
55	33	10	5	18	23	26	17	8	3	4	3	18	28	8	12	27	20	18	2	3	8	8	11	26	11	10	9	21	14	3	4	10	20	22	24	23	20	17	11	7	20	18	27	5	22	16	12	2	20	4	27	13	4	12	2	2	22	5	21	17	12	21	24	5	4	25	12	12	22	26	10	1	6	13	27	20	15	9	5	17	2	12	22	23	15	4	8	1	14	11	9	9	9	10	18	3	7	6	8	6
55	33	14	7	20	23	28	20	12	11	14	8	22	29	12	22	28	20	22	13	21	13	21	24	28	16	17	21	24	29	27	26	18	24	23	32	24	20	28	13	8	21	18	27	16	22	18	14	5	21	8	29	15	4	14	16	12	23	10	21	23	26	21	24	24	9	28	14	14	23	28	23	23	23	17	28	20	24	21	9	33	23	32	24	26	22	11	14	2	18	21	12	13	19	12	25	6	23	9	20	9
56	6	10	10	22	19	28	17	3	1	19	6	22	26	10	22	26	20	2	3	2	12	11	12	26	10	10	12	21	29	14	24	14	22	19	27	22	26	26	1	7	21	16	19	21	20	23	13	2	1	4	29	17	3	14	2	2	18	5	17	1	14	5	20	21	2	25	8	14	15	2	10	1	6	13	24	20	15	11	5	17	2	11	21	11	15	18	8	3	11	11	7	11	7	7	11	17	7	10	10	9
56	33	13	14	25	24	33	18	3	4	21	7	22	28	22	22	29	21	20	8	3	12	15	24	27	11	21	13	22	30	27	27	18	22	24	31	22	27	28	9	14	22	28	25	25	20	24	30	4	19	16	29	24	4	14	7	6	23	6	21	17	28	24	24	24	5	26	8	19	24	3	13	1	22	22	29	21	21	21	9	33	6	33	24	23	20	20	9	16	22	25	10	12	17	14	17	18	25	11	19	20
57	6	10	5	18	22	26	17	3	4	7	1	20	24	9	22	27	21	7	3	3	6	11	22	25	12	10	11	10	13	19	23	18	18	23	29	20	19	28	9	14	18	21	25	4	22	22	14	5	21	8	29	24	3	14	2	6	22	3	17	17	13	24	10	4	4	24	8	13	11	2	21	25	4	12	24	18	16	8	1	18	2	8	18	11	16	9	11	2	11	19	5	12	1	2	16	5	3	5	1	7
57	33	14	14	20	23	28	19	8	11	13	3	22	24	9	23	29	21	21	13	3	7	22	24	26	16	21	12	22	30	27	24	19	22	25	33	24	20	29	13	14	20	28	28	25	22	25	14	9	21	9	30	25	4	14	13	9	23	5	21	17	26	25	22	21	4	29	10	17	15	24	23	25	14	14	25	20	21	21	5	32	7	14	22	26	17	12	13	11	12	20	10	12	7	7	25	5	3	11	2	23
58	7	25	21	8	21	15	15	5	17	20	3	20	28	22	22	26	18	2	3	2	6	11	22	26	11	17	12	10	16	27	24	13	22	23	25	22	26	15	1	10	16	15	6	19	18	20	13	4	19	5	28	23	1	2	7	1	17	5	2	16	16	11	21	2	5	24	10	17	11	2	9	3	4	11	24	19	15	21	1	16	8	11	21	26	19	11	8	9	14	21	7	9	18	12	18	3	7	9	19	2
58	7	25	22	8	21	15	15	9	17	20	7	22	28	22	22	26	20	22	3	19	12	17	24	27	12	21	13	25	29	27	25	14	25	24	27	23	27	17	2	14	16	20	25	21	23	20	14	10	23	9	31	24	7	5	17	7	19	6	23	16	27	11	22	5	15	30	21	20	11	28	10	5	4	12	24	22	16	25	5	19	16	14	25	27	19	20	9	17	18	23	9	11	19	14	25	5	7	9	20	9
59	3	10	12	18	20	15	17	5	7	14	1	20	24	9	22	27	21	20	3	3	7	9	12	27	11	10	9	22	14	3	4	12	22	23	24	20	19	17	9	8	19	21	17	6	21	16	14	3	18	5	28	12	2	5	10	1	23	5	5	13	26	24	23	21	4	21	10	12	13	24	7	23	14	17	25	10	21	3	9	15	6	11	18	11	16	14	12	9	11	23	1	8	7	14	14	7	1	9	10	2
59	33	13	21	22	23	28	21	12	14	21	3	22	24	9	23	29	21	21	13	3	8	21	24	28	16	21	21	24	30	14	24	18	24	25	31	21	28	29	13	14	20	26	27	25	22	20	18	3	18	15	31	23	4	14	18	18	24	11	24	16	26	26	25	24	5	25	16	21	15	29	23	23	24	22	30	20	27	21	16	33	7	33	21	11	20	20	13	16	22	25	6	14	19	23	23	16	25	10	21	22
60	6	10	12	22	20	30	17	3	1	18	1	22	24	10	12	27	21	7	4	2	7	13	23	25	8	2	8	12	13	3	4	13	22	25	31	23	17	6	11	8	19	21	6	6	21	16	14	2	21	4	27	13	1	12	2	12	22	10	21	23	13	21	21	4	2	24	10	22	7	24	7	1	24	22	26	10	21	2	5	15	8	8	16	11	15	12	5	2	11	20	2	11	18	14	23	5	1	6	19	1
60	6	25	15	25	25	33	20	12	3	19	4	22	28	11	23	30	21	9	13	3	20	19	24	29	11	10	21	25	17	15	24	18	25	25	33	23	17	29	23	14	19	21	27	6	21	16	14	3	21	4	27	15	4	13	16	12	25	10	25	23	26	25	22	11	5	26	14	22	8	28	13	23	25	22	28	20	27	25	17	30	23	32	18	23	17	14	5	11	13	24	7	11	20	14	25	5	4	9	22	2
61	33	26	6	30	26	11	4	6	13	6	26	10	17	15	8	7	24	29	1	7	9	13	2	13	18	16	16	12	11	15	2	1	3	3	7	25	1	15	16	11	8	18	22	10	14	19	18	5	13	17	1	18	10	11	10	1	7	10	14	12	2	4	26	14	19	12	15	18	15	13	10	5	4	17	15	2	22	2	2	23	1	4	14	11	1	21	3	1	23	16	5	4	1	1	24	3	18	1	15	5
61	34	26	6	30	27	15	6	6	17	10	27	20	17	19	16	22	25	30	9	23	16	13	4	17	18	22	17	22	32	15	2	11	9	7	34	26	3	28	17	17	9	28	22	12	15	20	31	8	22	18	2	26	23	26	15	3	24	11	19	20	3	8	27	20	20	13	21	23	23	30	25	27	26	25	31	13	28	26	9	34	5	6	21	23	2	22	6	7	23	26	19	9	4	9	24	23	26	2	20	12
62	33	6	1	27	26	7	3	2	2	4	28	20	9	13	7	3	26	29	5	7	5	13	3	13	19	22	16	13	8	15	28	2	16	26	35	26	16	6	21	4	2	18	21	10	12	15	12	5	21	18	3	27	10	27	12	1	8	3	13	1	4	6	24	14	20	12	4	18	3	2	25	2	10	16	15	13	25	2	6	11	1	7	17	23	3	23	3	3	18	15	5	2	1	2	5	6	22	2	19	11
62	33	27	7	30	28	15	9	5	12	19	29	22	18	15	16	4	27	31	5	7	16	23	7	28	20	23	17	28	33	19	28	3	17	27	36	27	16	26	22	18	23	22	23	11	15	23	15	5	22	19	4	27	23	28	12	7	11	12	16	19	5	9	27	19	21	12	17	21	23	30	25	5	26	17	29	17	28	10	9	23	2	31	21	23	6	24	15	3	23	26	8	8	10	2	20	7	26	3	20	24
63	6	6	2	32	28	7	1	8	4	19	23	23	3	17	7	8	27	29	9	11	6	8	4	17	21	22	10	4	10	15	28	2	17	27	36	26	15	2	21	15	2	18	5	11	14	15	11	5	2	18	1	18	8	8	12	3	11	3	16	2	2	8	26	14	20	10	19	13	1	24	25	5	8	16	26	2	25	4	1	11	2	4	7	19	3	19	3	3	18	13	1	4	3	9	5	3	18	4	17	11
63	6	6	4	32	28	13	3	8	8	21	23	23	3	17	7	8	27	29	9	11	9	19	7	19	22	23	22	12	13	18	28	2	19	27	36	28	16	26	22	18	9	28	21	11	14	19	12	10	22	20	3	18	24	29	19	11	16	6	16	16	29	27	28	25	21	12	20	20	7	31	26	6	13	19	29	17	28	10	6	11	2	28	18	23	14	24	21	19	26	26	2	9	10	10	22	4	23	19	18	25
64	35	17	3	27	26	15	4	5	8	4	15	19	2	10	16	1	8	32	2	10	10	18	2	9	18	12	16	12	10	14	3	3	16	26	35	27	16	7	21	4	9	21	4	1	14	16	13	9	2	21	2	27	8	26	12	7	7	3	14	5	5	9	20	13	12	14	10	14	7	23	26	2	8	14	29	13	25	10	5	8	2	30	14	17	2	22	3	1	26	16	5	9	10	1	5	17	8	2	10	5
64	36	17	3	33	29	17	12	11	12	4	23	23	30	23	18	6	27	33	7	10	18	21	13	12	23	16	23	14	13	19	28	3	19	26	37	28	18	29	22	15	12	21	23	9	17	23	32	20	22	22	5	27	23	30	19	11	11	3	14	23	30	26	28	20	23	15	21	20	25	32	27	4	8	18	30	13	29	10	6	23	2	31	18	26	6	25	7	7	26	16	8	11	14	24	8	24	22	22	14	10
65	6	6	2	32	28	7	1	5	4	4	22	18	3	17	1	1	27	29	5	11	2	19	4	17	22	11	10	12	8	15	9	5	8	2	5	29	1	28	18	11	11	22	2	8	14	20	16	3	1	17	2	18	23	31	14	3	7	5	12	12	4	8	27	13	13	14	10	17	23	13	25	5	8	18	29	2	25	10	1	11	5	7	8	19	14	18	22	8	22	12	1	4	6	2	14	7	20	3	17	24
65	33	6	2	34	29	12	22	8	4	19	23	23	17	21	7	8	28	29	9	22	9	23	4	28	22	22	10	26	16	19	10	8	10	3	8	29	15	28	18	11	12	22	21	24	14	23	19	10	21	19	3	18	24	32	15	11	24	11	13	20	11	21	28	26	21	18	20	20	23	23	26	5	12	19	30	13	28	10	1	11	12	31	8	25	14	18	23	20	27	18	9	4	14	5	24	25	22	19	18	25
66	32	6	2	27	26	11	4	8	1	2	29	10	9	13	1	1	25	34	5	7	2	18	4	9	19	12	10	21	12	19	12	1	3	7	38	27	1	17	24	4	2	18	21	11	12	15	12	5	18	17	2	14	10	11	8	11	24	12	20	23	2	6	27	14	22	10	3	20	3	32	25	2	8	16	29	13	25	10	6	9	14	28	8	7	1	19	21	21	27	10	2	9	2	6	18	16	18	2	11	2
66	34	17	3	30	29	17	12	11	12	4	30	22	18	19	7	7	26	35	6	10	18	19	8	17	23	22	24	24	13	26	12	5	3	7	38	27	1	17	24	4	2	28	23	24	14	15	16	10	22	20	3	14	10	32	15	11	24	12	20	23	2	8	27	22	22	15	20	21	6	33	27	3	10	22	30	17	30	10	6	23	16	29	10	24	5	26	24	22	27	13	7	12	14	25	24	26	23	17	18	18
67	6	17	2	30	26	15	4	8	3	19	12	19	8	13	16	1	5	20	7	10	2	8	4	12	19	22	5	21	8	19	11	2	2	3	1	27	4	8	22	8	8	14	1	3	17	19	18	5	2	21	3	26	6	11	12	2	7	3	14	2	2	4	22	14	20	12	2	10	3	14	25	2	2	16	15	2	28	2	6	11	2	4	18	17	1	22	7	2	18	16	1	4	5	2	5	6	18	2	20	13
67	34	27	7	32	30	15	4	9	10	21	24	23	30	24	18	12	24	35	27	14	11	19	15	17	20	23	7	28	16	19	28	9	10	21	38	30	18	17	25	19	12	25	4	3	24	25	33	5	22	22	18	27	23	29	20	2	19	6	16	16	29	7	28	22	22	22	4	17	3	25	27	5	26	22	24	2	29	12	9	23	14	30	19	24	2	27	16	3	26	27	2	4	16	9	19	7	22	8	20	24
68	32	26	2	30	30	11	6	4	9	6	15	8	2	23	2	9	8	32	4	7	3	19	3	9	19	16	10	12	10	15	5	1	9	3	8	29	1	17	17	11	2	15	1	3	15	16	15	5	19	19	3	11	8	20	8	2	10	3	16	4	3	4	22	22	14	12	4	17	3	12	25	5	12	18	26	10	25	10	6	23	5	4	6	4	7	4	23	19	22	9	2	8	2	3	5	23	18	2	15	5
68	33	28	6	30	31	12	6	9	14	10	24	24	14	25	17	13	29	35	27	10	9	21	16	17	20	22	16	12	13	19	10	5	10	7	34	29	15	28	18	16	23	22	23	24	17	23	32	5	21	21	5	28	19	30	13	5	14	5	20	16	4	4	27	25	20	18	16	18	23	13	25	5	13	18	26	17	25	10	6	23	16	31	10	19	14	18	23	20	27	18	3	9	12	9	14	25	25	2	18	11
69	35	17	2	30	29	11	4	2	1	13	30	10	18	19	1	7	19	33	6	10	4	13	4	9	19	12	10	14	12	14	5	5	3	7	34	26	1	17	24	4	2	18	23	9	13	20	13	10	2	17	1	18	6	9	9	1	14	4	13	10	2	6	22	9	21	12	4	20	3	12	19	3	10	16	30	13	25	10	6	9	1	4	8	4	6	19	16	4	18	9	2	8	2	5	8	17	18	4	14	6
69	35	17	3	35	32	11	22	3	4	19	30	10	18	19	7	7	25	35	9	10	9	19	13	17	24	16	23	21	16	15	9	5	8	7	34	27	1	28	26	18	9	21	24	13	14	23	18	20	3	21	1	27	8	33	12	11	16	6	16	16	2	8	26	19	22	12	20	21	7	24	27	6	26	26	32	15	30	12	9	23	14	31	19	24	14	27	25	19	27	14	9	12	13	18	23	24	19	22	16	20
70	6	6	2	30	26	7	1	6	4	6	23	20	8	13	1	7	24	29	2	10	17	18	13	7	23	12	24	14	13	15	8	5	10	3	1	29	4	28	15	11	8	23	4	2	4	20	18	9	10	23	3	11	3	29	2	2	10	5	13	4	2	4	26	19	13	14	3	20	3	23	25	5	8	15	24	6	25	4	6	11	2	6	10	17	3	19	3	3	26	12	2	2	1	2	1	6	21	2	14	5
70	33	26	6	32	28	11	6	8	13	19	26	23	9	13	16	9	26	30	9	26	18	18	25	7	23	12	25	14	13	19	10	11	10	3	8	29	15	28	18	11	9	24	22	26	12	25	31	10	24	24	9	14	19	30	21	2	19	12	20	16	11	9	26	22	22	15	16	24	25	33	26	6	12	18	30	17	31	4	6	12	14	6	18	23	7	22	22	10	27	26	9	14	16	10	20	24	22	2	20	13
71	2	15	20	27	14	14	3	23	14	22	20	13	22	13	19	12	11	11	9	2	21	4	3	20	13	17	26	14	31	17	4	20	3	10	5	1	17	15	2	10	18	15	6	19	2	21	12	11	13	6	20	13	13	3	5	5	16	9	13	3	28	28	7	1	24	7	16	24	22	34	9	9	4	27	17	4	1	9	18	10	12	1	8	21	9	1	5	5	8	6	18	11	15	14	17	3	4	23	22	2
71	7	18	23	29	19	14	13	24	16	22	20	16	22	13	20	12	12	11	9	3	21	4	4	21	14	17	26	24	34	23	10	21	18	20	18	4	19	27	6	14	24	23	11	21	3	23	34	19	22	9	22	22	17	10	14	5	23	23	26	5	31	29	29	8	25	15	20	25	24	35	23	24	10	28	17	6	5	13	19	30	12	3	12	28	9	18	11	12	8	22	20	18	19	14	26	8	7	24	23	13
72	4	3	24	24	12	17	5	2	3	23	19	16	4	3	3	11	18	4	9	3	14	11	11	21	16	12	27	10	7	28	14	22	9	23	2	7	19	6	6	10	20	12	6	4	3	20	13	9	19	14	21	22	17	8	7	5	24	7	19	3	28	30	1	3	23	4	15	20	15	35	21	10	4	27	17	3	18	3	18	10	5	3	8	9	8	4	5	6	8	5	15	2	19	7	23	1	2	11	21	5
72	7	18	25	30	15	28	12	25	14	24	31	20	22	19	5	22	30	22	10	23	16	11	11	21	16	20	27	10	35	28	25	23	10	28	16	7	19	27	8	13	21	28	11	19	10	25	14	21	25	24	24	27	19	32	10	5	24	7	27	7	31	31	10	5	25	15	16	23	24	36	28	15	6	27	20	12	32	24	20	31	12	7	10	29	20	4	14	12	20	22	21	2	20	16	27	8	7	23	23	24
73	3	6	1	26	12	26	5	10	3	25	20	14	4	14	3	5	11	1	5	2	10	11	11	21	12	4	26	10	2	21	10	21	4	10	2	1	17	6	5	14	1	14	12	4	1	25	34	3	12	13	20	23	13	5	10	4	16	5	12	1	15	29	1	2	17	12	2	20	12	36	5	7	6	27	20	6	2	11	18	31	3	5	10	10	8	3	9	14	8	11	20	12	14	14	17	5	6	25	21	2
73	12	7	16	28	16	28	9	11	7	26	20	22	31	18	21	10	30	6	12	19	14	15	14	21	16	12	27	12	31	29	14	23	10	22	21	17	19	15	8	20	20	14	29	6	10	25	34	20	26	14	21	28	25	8	13	11	19	24	18	23	21	32	29	7	19	16	20	25	24	37	9	15	26	28	20	12	18	24	21	33	12	7	10	30	15	16	11	14	17	28	22	18	20	21	21	8	7	26	23	12
74	1	7	16	26	13	19	9	11	3	23	18	16	20	16	20	5	12	2	5	4	15	11	10	21	10	4	26	8	7	21	13	24	4	21	16	1	10	6	2	12	1	14	7	17	12	16	13	21	3	4	22	16	13	1	10	3	23	9	13	1	15	11	8	4	17	14	15	24	8	36	29	11	6	7	20	3	14	8	4	31	3	5	10	22	15	3	11	14	17	28	20	14	19	14	17	7	4	23	19	23
74	7	18	26	30	15	26	12	25	17	24	20	22	22	16	20	12	30	6	25	19	16	11	14	21	16	12	28	10	31	29	24	25	20	29	18	5	17	6	27	14	18	26	7	27	13	22	14	22	5	5	22	22	16	3	14	5	24	23	16	3	21	32	29	7	24	16	20	25	12	38	30	20	10	27	21	5	19	13	21	33	13	7	10	30	16	3	11	23	17	28	23	18	20	15	21	8	14	27	23	25
75	3	4	20	19	14	18	4	10	3	24	19	16	22	13	3	6	11	4	5	3	15	9	11	20	16	20	26	10	34	28	7	20	4	10	1	1	19	15	3	7	21	12	6	19	3	20	13	11	19	15	19	23	25	4	13	1	16	11	19	1	20	31	7	1	19	12	10	20	15	39	9	7	10	28	18	1	1	13	21	30	4	1	8	30	8	3	11	14	20	6	16	2	19	7	18	8	3	9	18	6
75	4	18	27	29	16	28	11	26	16	25	19	16	22	13	20	13	12	11	9	3	15	9	11	21	16	20	26	10	35	29	23	21	9	26	21	17	26	27	8	14	21	12	27	19	3	20	13	23	19	24	24	28	26	10	21	11	17	13	20	2	31	33	10	3	24	16	15	23	24	40	9	7	10	28	18	1	2	13	21	30	12	5	10	30	13	4	14	15	21	28	20	4	20	14	21	18	7	23	24	11
76	1	3	28	28	16	27	12	1	7	1	15	14	20	13	3	12	12	4	2	3	5	8	11	12	11	12	26	8	5	17	7	20	4	20	16	5	10	6	1	10	7	14	11	5	3	21	11	10	13	6	19	22	17	4	11	5	15	7	15	5	15	25	1	5	19	11	9	18	8	35	13	9	6	21	17	1	13	13	18	30	3	3	8	21	15	5	5	6	21	11	20	18	19	14	17	16	4	23	23	23
76	1	3	28	28	16	27	12	1	9	1	18	16	22	14	3	12	12	6	5	21	14	11	26	21	25	20	29	10	7	29	24	25	26	29	18	6	17	6	5	13	18	15	11	21	5	25	34	19	26	14	24	23	18	11	13	6	19	24	18	7	31	34	5	8	25	18	20	24	22	41	30	24	10	28	21	4	14	24	22	33	16	7	8	22	15	18	11	8	25	25	20	18	19	14	17	16	4	23	23	23
77	4	7	16	26	16	14	3	10	3	22	15	16	9	18	3	2	11	9	1	19	15	8	3	15	14	17	26	10	35	28	11	15	4	9	1	7	19	15	3	7	7	14	11	4	2	25	5	2	27	12	22	22	13	2	10	5	19	9	13	2	20	32	29	3	23	7	16	25	22	34	14	14	9	5	11	3	1	24	9	17	5	1	10	22	9	4	13	12	8	6	16	9	19	7	12	5	3	20	17	11
77	7	18	23	27	19	28	12	24	14	26	20	20	31	22	6	5	23	11	5	27	21	20	10	20	16	20	26	14	35	29	23	20	9	27	21	17	26	27	5	14	20	15	30	5	10	25	34	20	28	13	24	22	18	3	14	7	23	23	15	3	28	35	29	8	24	11	20	26	25	36	21	28	27	6	16	15	8	24	23	19	16	2	12	22	16	18	14	12	20	6	22	10	20	15	21	6	6	27	17	12
78	2	3	20	25	15	14	5	10	7	27	20	14	31	18	3	10	11	6	5	19	14	11	14	16	10	4	26	8	31	21	7	24	4	26	16	5	8	6	3	8	20	16	31	3	3	10	13	19	13	5	24	15	13	3	10	5	19	7	13	2	15	33	1	5	19	13	10	23	15	36	9	9	4	27	17	6	1	2	19	10	12	5	8	22	8	16	9	13	8	11	20	14	19	14	16	7	4	23	21	23
78	13	15	29	29	33	32	11	26	16	28	20	14	31	18	3	10	11	6	5	19	15	15	26	21	10	12	27	8	34	29	24	25	20	29	18	5	10	6	5	13	21	23	32	19	20	20	15	22	19	8	24	22	23	8	14	7	23	9	19	3	21	34	23	8	23	16	20	25	22	41	9	9	8	28	17	13	32	13	20	30	16	5	12	28	9	28	9	14	21	28	23	18	20	15	21	8	14	28	23	25
79	1	2	27	24	16	27	4	1	3	1	19	16	9	8	3	2	20	9	1	1	14	11	11	21	16	12	27	10	7	28	2	25	3	21	2	7	17	6	5	13	18	12	6	1	2	15	11	2	19	7	20	13	17	1	7	7	16	3	12	1	13	31	8	3	23	14	20	20	7	38	30	9	10	21	21	4	13	4	21	30	3	5	10	30	8	3	9	14	8	11	17	2	18	7	28	20	2	11	19	10
79	4	3	28	28	16	28	12	11	7	25	31	20	22	19	15	12	30	11	2	3	16	11	11	21	16	12	28	10	34	29	13	26	18	22	15	9	26	26	6	20	21	15	10	19	3	23	13	21	28	23	21	23	25	10	8	11	16	9	28	3	15	32	10	4	24	14	20	23	11	41	30	9	10	21	21	4	15	13	22	33	12	5	12	30	16	16	11	23	17	28	17	18	20	22	28	20	2	11	22	13
80	1	2	17	20	10	32	5	4	2	23	17	12	4	13	3	5	11	6	5	3	14	11	14	21	10	4	27	8	3	21	17	12	6	26	4	9	26	15	27	10	1	14	30	4	2	21	34	11	13	6	19	13	17	10	5	5	16	7	26	3	13	29	3	2	23	4	16	23	11	14	10	14	13	8	11	1	5	10	8	14	14	3	7	9	16	18	2	6	7	11	22	8	15	13	19	5	8	21	19	5
80	3	3	28	20	16	33	16	11	17	27	20	12	31	18	3	12	12	11	9	19	15	15	20	28	13	19	30	21	31	23	26	20	10	29	15	15	27	30	28	13	20	14	33	25	10	22	34	20	13	14	24	27	17	27	7	6	17	23	27	7	31	30	10	3	26	14	20	24	15	36	14	28	27	8	16	6	12	13	23	18	16	34	10	21	20	19	5	7	8	22	24	10	19	15	19	7	27	28	20	25
