1666010676
1666010681
1666010686
1666010691
1666010696
1666010701
1666010706
1666010711
1666010716
1666010721
1666010726
1666010731
1666010736
1666010741
1666010746
1666010751
1666010756
1666010761
1666010766
1666010771
1666010776
1666010781
1666010786
1666010791
1666010796
1666010801
1666010806
1666010811
1666010816
1666010821
1666010826
1666010831
1666010836
1666010841
1666010846
1666010851
1666010856
1666010861
1666010866
1666010871
1666010876
1666010881
1666010886
1666010891
1666010896
1666010901
1666010906
1666010911
1666010916
1666010921
