

----------------------------------------------------
STRUCTURE by Pritchard, Stephens and Donnelly (2000)
     and Falush, Stephens and Pritchard (2003)
       Code by Pritchard, Falush and Hubisz
             Version 2.3.4 (Jul 2012)
----------------------------------------------------



Command line arguments:   /usr/local/bin/structure -i parentandhybrid6.str -m mainparams.txt -e extraparams.txt -K 4 -o parentandhybrid4Deme_2 
Input File:    parentandhybrid6.str

Run parameters:
   50 individuals
   100 loci
   4 populations assumed
   200000 Burn-in period
   200000 Reps


--------------------------------------------
Overall proportion of membership of the
sample in each of the 4 clusters

Inferred Clusters
  1      2      3      4    
0.200  0.298  0.200  0.302  

--------------------------------------------

Allele-freq. divergence among pops (Net nucleotide distance),
computed using point estimates of P.

      1       2       3       4      
 1      -    0.1137  0.0955  0.1039  
 2   0.1137     -    0.1088  0.1169  
 3   0.0955  0.1088     -    0.1032  
 4   0.1039  0.1169  0.1032     -    

Average distances (expected heterozygosity) between individuals in same cluster:
cluster  1  : 0.8529 
cluster  2  : 0.8294 
cluster  3  : 0.8671 
cluster  4  : 0.8438 

--------------------------------------------
Estimated Ln Prob of Data   = -22805.4
Mean value of ln likelihood = -21254.1
Variance of ln likelihood   = 3102.7
Mean value of alpha         = 0.0281

Mean value of Fst_1         = 0.1363
Mean value of Fst_2         = 0.1574
Mean value of Fst_3         = 0.1242
Mean value of Fst_4         = 0.1432


Inferred ancestry of individuals:
        Label (%Miss) :  Inferred clusters
  1       01    (0)   :  0.000 0.999 0.001 0.001 
  2       02    (0)   :  0.001 0.998 0.000 0.001 
  3       03    (0)   :  0.001 0.998 0.000 0.000 
  4       04    (0)   :  0.000 0.998 0.001 0.000 
  5       05    (0)   :  0.000 0.999 0.000 0.000 
  6       06    (0)   :  0.001 0.996 0.002 0.001 
  7       07    (0)   :  0.001 0.997 0.002 0.001 
  8       08    (0)   :  0.000 0.999 0.000 0.000 
  9       09    (0)   :  0.000 0.999 0.000 0.000 
 10       10    (0)   :  0.000 0.999 0.000 0.000 
 11       11    (0)   :  0.000 0.000 0.000 0.999 
 12       12    (0)   :  0.001 0.000 0.000 0.998 
 13       13    (0)   :  0.000 0.001 0.000 0.999 
 14       14    (0)   :  0.000 0.000 0.001 0.998 
 15       15    (0)   :  0.001 0.001 0.001 0.997 
 16       16    (0)   :  0.000 0.000 0.000 0.999 
 17       17    (0)   :  0.000 0.000 0.001 0.998 
 18       18    (0)   :  0.001 0.001 0.000 0.998 
 19       19    (0)   :  0.001 0.000 0.000 0.998 
 20       20    (0)   :  0.000 0.001 0.001 0.998 
 21      h01    (0)   :  0.000 0.482 0.000 0.517 
 22      h02    (0)   :  0.000 0.503 0.000 0.496 
 23      h03    (0)   :  0.000 0.498 0.000 0.501 
 24      h04    (0)   :  0.000 0.487 0.000 0.512 
 25      h05    (0)   :  0.000 0.485 0.000 0.514 
 26      h06    (0)   :  0.000 0.526 0.000 0.473 
 27      h07    (0)   :  0.000 0.478 0.000 0.521 
 28      h08    (0)   :  0.000 0.486 0.000 0.513 
 29      h09    (0)   :  0.000 0.490 0.000 0.509 
 30      h10    (0)   :  0.000 0.480 0.000 0.519 
 31       21    (0)   :  0.000 0.000 0.999 0.000 
 32       22    (0)   :  0.000 0.000 0.999 0.000 
 33       23    (0)   :  0.000 0.000 0.999 0.000 
 34       24    (0)   :  0.000 0.000 0.999 0.000 
 35       25    (0)   :  0.000 0.000 0.999 0.000 
 36       26    (0)   :  0.000 0.000 0.999 0.000 
 37       27    (0)   :  0.001 0.000 0.998 0.001 
 38       28    (0)   :  0.000 0.000 0.999 0.000 
 39       29    (0)   :  0.000 0.000 0.999 0.000 
 40       30    (0)   :  0.000 0.000 0.999 0.000 
 41       31    (0)   :  0.998 0.001 0.001 0.000 
 42       32    (0)   :  0.999 0.000 0.000 0.000 
 43       33    (0)   :  0.999 0.001 0.000 0.000 
 44       34    (0)   :  0.999 0.000 0.001 0.001 
 45       35    (0)   :  0.999 0.000 0.001 0.000 
 46       36    (0)   :  0.999 0.000 0.000 0.000 
 47       37    (0)   :  0.998 0.000 0.001 0.001 
 48       38    (0)   :  0.999 0.000 0.000 0.000 
 49       39    (0)   :  0.998 0.000 0.001 0.001 
 50       40    (0)   :  0.997 0.000 0.000 0.002 


Estimated Allele Frequencies in each cluster
First column gives estimated ancestral frequencies


Locus 1 : locus1 
11 alleles
0.0% missing data
   1   (0.121) 0.029 0.109 0.142 0.238 
   2   (0.160) 0.114 0.166 0.226 0.111 
   3   (0.158) 0.190 0.278 0.078 0.137 
   4   (0.090) 0.098 0.042 0.134 0.015 
   5   (0.083) 0.020 0.143 0.022 0.217 
   6   (0.069) 0.017 0.146 0.055 0.017 
   7   (0.120) 0.029 0.086 0.291 0.120 
   8   (0.086) 0.325 0.013 0.023 0.126 
   9   (0.036) 0.047 0.006 0.010 0.006 
  10   (0.040) 0.086 0.006 0.011 0.007 
  11   (0.036) 0.047 0.005 0.009 0.006 

Locus 2 : locus2 
19 alleles
0.0% missing data
   1   (0.033) 0.008 0.062 0.009 0.006 
   2   (0.064) 0.167 0.061 0.017 0.016 
   3   (0.068) 0.168 0.177 0.018 0.016 
   4   (0.043) 0.010 0.203 0.011 0.010 
   5   (0.043) 0.010 0.140 0.011 0.015 
   6   (0.066) 0.016 0.038 0.054 0.039 
   7   (0.080) 0.019 0.065 0.058 0.210 
   8   (0.050) 0.050 0.036 0.013 0.008 
   9   (0.030) 0.007 0.033 0.008 0.005 
  10   (0.048) 0.011 0.036 0.049 0.008 
  11   (0.034) 0.008 0.058 0.009 0.009 
  12   (0.036) 0.009 0.009 0.009 0.058 
  13   (0.060) 0.015 0.009 0.089 0.149 
  14   (0.065) 0.016 0.013 0.128 0.091 
  15   (0.072) 0.017 0.022 0.167 0.084 
  16   (0.080) 0.019 0.018 0.205 0.229 
  17   (0.052) 0.013 0.008 0.088 0.036 
  18   (0.032) 0.008 0.005 0.045 0.005 
  19   (0.044) 0.428 0.007 0.011 0.007 

Locus 3 : locus3 
14 alleles
0.0% missing data
   1   (0.097) 0.023 0.375 0.210 0.022 
   2   (0.091) 0.022 0.287 0.171 0.023 
   3   (0.068) 0.016 0.066 0.128 0.011 
   4   (0.102) 0.025 0.126 0.064 0.185 
   5   (0.037) 0.009 0.034 0.010 0.006 
   6   (0.059) 0.014 0.014 0.052 0.061 
   7   (0.065) 0.054 0.012 0.017 0.121 
   8   (0.061) 0.052 0.015 0.016 0.061 
   9   (0.069) 0.054 0.015 0.018 0.147 
  10   (0.073) 0.093 0.013 0.019 0.150 
  11   (0.087) 0.287 0.015 0.023 0.180 
  12   (0.073) 0.131 0.011 0.167 0.012 
  13   (0.061) 0.129 0.009 0.053 0.010 
  14   (0.059) 0.090 0.009 0.052 0.010 

Locus 4 : locus4 
14 alleles
0.0% missing data
   1   (0.070) 0.017 0.081 0.018 0.082 
   2   (0.102) 0.025 0.273 0.063 0.067 
   3   (0.140) 0.034 0.297 0.258 0.082 
   4   (0.089) 0.021 0.100 0.023 0.408 
   5   (0.131) 0.032 0.176 0.182 0.146 
   6   (0.074) 0.360 0.011 0.019 0.041 
   7   (0.072) 0.131 0.011 0.019 0.069 
   8   (0.070) 0.092 0.015 0.018 0.063 
   9   (0.044) 0.011 0.007 0.122 0.008 
  10   (0.038) 0.009 0.006 0.047 0.006 
  11   (0.046) 0.011 0.007 0.160 0.008 
  12   (0.038) 0.009 0.006 0.047 0.007 
  13   (0.038) 0.047 0.006 0.010 0.006 
  14   (0.047) 0.201 0.007 0.012 0.008 

Locus 5 : locus5 
23 alleles
0.0% missing data
   1   (0.051) 0.012 0.065 0.087 0.008 
   2   (0.071) 0.245 0.147 0.018 0.018 
   3   (0.070) 0.321 0.121 0.018 0.014 
   4   (0.061) 0.015 0.255 0.053 0.020 
   5   (0.035) 0.008 0.058 0.009 0.010 
   6   (0.053) 0.013 0.093 0.051 0.009 
   7   (0.031) 0.007 0.033 0.008 0.005 
   8   (0.051) 0.012 0.035 0.088 0.008 
   9   (0.042) 0.010 0.034 0.048 0.007 
  10   (0.033) 0.008 0.058 0.009 0.009 
  11   (0.039) 0.009 0.010 0.010 0.113 
  12   (0.063) 0.015 0.012 0.090 0.230 
  13   (0.039) 0.009 0.007 0.010 0.283 
  14   (0.041) 0.010 0.008 0.011 0.088 
  15   (0.052) 0.013 0.017 0.050 0.082 
  16   (0.034) 0.008 0.009 0.009 0.058 
  17   (0.035) 0.009 0.005 0.120 0.006 
  18   (0.037) 0.009 0.006 0.157 0.006 
  19   (0.031) 0.007 0.005 0.045 0.005 
  20   (0.034) 0.008 0.005 0.083 0.006 
  21   (0.033) 0.046 0.005 0.009 0.005 
  22   (0.032) 0.159 0.005 0.008 0.005 
  23   (0.032) 0.046 0.005 0.008 0.005 

Locus 6 : locus6 
22 alleles
0.0% missing data
   1   (0.077) 0.171 0.143 0.020 0.024 
   2   (0.065) 0.016 0.376 0.017 0.047 
   3   (0.057) 0.052 0.067 0.015 0.009 
   4   (0.065) 0.053 0.176 0.017 0.018 
   5   (0.032) 0.008 0.034 0.008 0.005 
   6   (0.083) 0.362 0.094 0.022 0.018 
   7   (0.049) 0.012 0.013 0.013 0.385 
   8   (0.044) 0.011 0.008 0.011 0.142 
   9   (0.042) 0.010 0.008 0.011 0.142 
  10   (0.036) 0.009 0.006 0.009 0.033 
  11   (0.046) 0.011 0.012 0.012 0.111 
  12   (0.028) 0.007 0.004 0.044 0.005 
  13   (0.043) 0.010 0.007 0.196 0.007 
  14   (0.042) 0.010 0.006 0.196 0.007 
  15   (0.032) 0.008 0.005 0.045 0.005 
  16   (0.039) 0.009 0.006 0.084 0.006 
  17   (0.034) 0.008 0.005 0.083 0.006 
  18   (0.038) 0.009 0.006 0.084 0.006 
  19   (0.034) 0.008 0.005 0.046 0.006 
  20   (0.036) 0.009 0.006 0.046 0.006 
  21   (0.039) 0.123 0.006 0.010 0.006 
  22   (0.039) 0.085 0.006 0.010 0.006 

Locus 7 : locus7 
27 alleles
0.0% missing data
   1   (0.032) 0.008 0.088 0.008 0.008 
   2   (0.039) 0.009 0.115 0.010 0.011 
   3   (0.055) 0.013 0.179 0.014 0.092 
   4   (0.059) 0.128 0.150 0.015 0.012 
   5   (0.039) 0.009 0.059 0.010 0.010 
   6   (0.032) 0.008 0.089 0.008 0.007 
   7   (0.035) 0.008 0.116 0.009 0.010 
   8   (0.032) 0.008 0.033 0.008 0.005 
   9   (0.030) 0.007 0.033 0.008 0.005 
  10   (0.030) 0.007 0.033 0.008 0.005 
  11   (0.036) 0.009 0.009 0.009 0.223 
  12   (0.043) 0.010 0.007 0.048 0.035 
  13   (0.052) 0.012 0.008 0.236 0.036 
  14   (0.039) 0.009 0.009 0.010 0.279 
  15   (0.061) 0.015 0.012 0.053 0.118 
  16   (0.033) 0.008 0.007 0.009 0.086 
  17   (0.037) 0.009 0.006 0.084 0.006 
  18   (0.029) 0.007 0.004 0.118 0.005 
  19   (0.032) 0.008 0.005 0.082 0.005 
  20   (0.039) 0.009 0.006 0.195 0.006 
  21   (0.031) 0.121 0.005 0.008 0.005 
  22   (0.030) 0.045 0.005 0.008 0.005 
  23   (0.031) 0.159 0.005 0.008 0.005 
  24   (0.034) 0.198 0.005 0.009 0.006 
  25   (0.031) 0.084 0.005 0.008 0.005 
  26   (0.026) 0.044 0.004 0.007 0.004 
  27   (0.031) 0.045 0.005 0.008 0.005 

Locus 8 : locus8 
23 alleles
0.0% missing data
   1   (0.076) 0.018 0.175 0.020 0.130 
   2   (0.048) 0.012 0.290 0.013 0.012 
   3   (0.062) 0.015 0.146 0.016 0.099 
   4   (0.040) 0.010 0.119 0.010 0.008 
   5   (0.062) 0.091 0.062 0.016 0.015 
   6   (0.037) 0.009 0.034 0.010 0.006 
   7   (0.037) 0.009 0.063 0.010 0.006 
   8   (0.050) 0.012 0.013 0.013 0.387 
   9   (0.041) 0.010 0.008 0.011 0.142 
  10   (0.071) 0.283 0.016 0.019 0.061 
  11   (0.037) 0.009 0.006 0.010 0.061 
  12   (0.042) 0.010 0.006 0.196 0.007 
  13   (0.042) 0.010 0.007 0.233 0.007 
  14   (0.041) 0.010 0.006 0.158 0.007 
  15   (0.039) 0.009 0.006 0.121 0.006 
  16   (0.033) 0.008 0.005 0.046 0.005 
  17   (0.031) 0.007 0.005 0.045 0.005 
  18   (0.037) 0.085 0.006 0.010 0.006 
  19   (0.037) 0.161 0.006 0.010 0.006 
  20   (0.037) 0.085 0.006 0.010 0.006 
  21   (0.034) 0.046 0.005 0.009 0.006 
  22   (0.033) 0.046 0.005 0.009 0.005 
  23   (0.033) 0.046 0.005 0.009 0.005 

Locus 9 : locus9 
18 alleles
0.0% missing data
   1   (0.040) 0.010 0.170 0.010 0.012 
   2   (0.044) 0.011 0.175 0.012 0.009 
   3   (0.037) 0.009 0.062 0.010 0.006 
   4   (0.048) 0.012 0.257 0.013 0.012 
   5   (0.049) 0.012 0.139 0.013 0.017 
   6   (0.036) 0.009 0.034 0.010 0.006 
   7   (0.038) 0.009 0.034 0.010 0.006 
   8   (0.122) 0.409 0.022 0.106 0.128 
   9   (0.036) 0.009 0.006 0.010 0.034 
  10   (0.082) 0.020 0.018 0.058 0.399 
  11   (0.103) 0.062 0.025 0.212 0.120 
  12   (0.069) 0.054 0.014 0.018 0.175 
  13   (0.058) 0.014 0.009 0.126 0.037 
  14   (0.070) 0.131 0.011 0.129 0.012 
  15   (0.041) 0.010 0.006 0.121 0.007 
  16   (0.060) 0.204 0.009 0.052 0.010 
  17   (0.031) 0.007 0.005 0.045 0.005 
  18   (0.035) 0.008 0.005 0.046 0.006 

Locus 10 : locus10 
18 alleles
0.0% missing data
   1   (0.090) 0.022 0.071 0.135 0.125 
   2   (0.058) 0.014 0.146 0.052 0.012 
   3   (0.042) 0.010 0.112 0.011 0.013 
   4   (0.043) 0.010 0.144 0.011 0.009 
   5   (0.074) 0.018 0.039 0.094 0.041 
   6   (0.035) 0.008 0.033 0.009 0.006 
   7   (0.109) 0.026 0.100 0.324 0.103 
   8   (0.066) 0.016 0.089 0.128 0.015 
   9   (0.045) 0.011 0.187 0.012 0.021 
  10   (0.067) 0.016 0.014 0.054 0.262 
  11   (0.064) 0.053 0.016 0.017 0.174 
  12   (0.047) 0.011 0.007 0.049 0.036 
  13   (0.058) 0.014 0.011 0.052 0.121 
  14   (0.057) 0.166 0.009 0.015 0.038 
  15   (0.034) 0.084 0.005 0.009 0.006 
  16   (0.036) 0.122 0.005 0.009 0.006 
  17   (0.039) 0.199 0.006 0.010 0.007 
  18   (0.035) 0.198 0.005 0.009 0.006 

Locus 11 : locus11 
16 alleles
0.0% missing data
   1   (0.065) 0.054 0.122 0.017 0.013 
   2   (0.096) 0.099 0.043 0.173 0.016 
   3   (0.053) 0.013 0.377 0.014 0.011 
   4   (0.070) 0.017 0.116 0.055 0.019 
   5   (0.110) 0.103 0.233 0.066 0.030 
   6   (0.042) 0.010 0.007 0.011 0.090 
   7   (0.051) 0.012 0.012 0.013 0.307 
   8   (0.051) 0.012 0.011 0.013 0.225 
   9   (0.051) 0.012 0.012 0.013 0.142 
  10   (0.038) 0.009 0.006 0.010 0.034 
  11   (0.041) 0.010 0.010 0.011 0.058 
  12   (0.102) 0.290 0.016 0.322 0.017 
  13   (0.069) 0.130 0.011 0.092 0.011 
  14   (0.062) 0.053 0.010 0.127 0.010 
  15   (0.055) 0.051 0.008 0.051 0.009 
  16   (0.045) 0.125 0.007 0.012 0.007 

Locus 12 : locus12 
19 alleles
0.0% missing data
   1   (0.054) 0.051 0.124 0.014 0.011 
   2   (0.066) 0.016 0.131 0.017 0.167 
   3   (0.083) 0.287 0.090 0.022 0.050 
   4   (0.054) 0.013 0.058 0.014 0.097 
   5   (0.053) 0.051 0.093 0.014 0.012 
   6   (0.067) 0.054 0.040 0.091 0.011 
   7   (0.064) 0.129 0.211 0.017 0.014 
   8   (0.060) 0.014 0.063 0.016 0.149 
   9   (0.054) 0.165 0.037 0.014 0.009 
  10   (0.059) 0.014 0.080 0.016 0.107 
  11   (0.038) 0.009 0.007 0.010 0.167 
  12   (0.039) 0.009 0.010 0.010 0.057 
  13   (0.048) 0.050 0.008 0.013 0.035 
  14   (0.039) 0.009 0.014 0.010 0.080 
  15   (0.056) 0.051 0.009 0.163 0.009 
  16   (0.060) 0.052 0.009 0.311 0.010 
  17   (0.031) 0.007 0.005 0.045 0.005 
  18   (0.034) 0.008 0.005 0.083 0.006 
  19   (0.040) 0.010 0.006 0.121 0.006 

Locus 13 : locus13 
21 alleles
0.0% missing data
   1   (0.069) 0.054 0.288 0.018 0.018 
   2   (0.075) 0.132 0.259 0.019 0.020 
   3   (0.039) 0.009 0.118 0.010 0.008 
   4   (0.032) 0.008 0.033 0.008 0.005 
   5   (0.051) 0.050 0.065 0.013 0.008 
   6   (0.066) 0.130 0.091 0.017 0.015 
   7   (0.031) 0.008 0.033 0.008 0.005 
   8   (0.069) 0.130 0.013 0.018 0.120 
   9   (0.043) 0.010 0.010 0.011 0.335 
  10   (0.066) 0.016 0.010 0.165 0.094 
  11   (0.058) 0.128 0.014 0.015 0.060 
  12   (0.043) 0.010 0.011 0.011 0.197 
  13   (0.056) 0.013 0.009 0.126 0.036 
  14   (0.048) 0.050 0.007 0.013 0.035 
  15   (0.038) 0.009 0.006 0.120 0.006 
  16   (0.035) 0.009 0.005 0.083 0.006 
  17   (0.040) 0.010 0.006 0.121 0.007 
  18   (0.035) 0.009 0.005 0.157 0.006 
  19   (0.035) 0.008 0.005 0.046 0.006 
  20   (0.038) 0.123 0.006 0.010 0.006 
  21   (0.033) 0.084 0.005 0.009 0.006 

Locus 14 : locus14 
18 alleles
0.0% missing data
   1   (0.093) 0.022 0.510 0.098 0.026 
   2   (0.041) 0.010 0.063 0.011 0.007 
   3   (0.064) 0.130 0.037 0.017 0.011 
   4   (0.061) 0.015 0.094 0.016 0.038 
   5   (0.044) 0.011 0.118 0.012 0.009 
   6   (0.068) 0.092 0.060 0.018 0.018 
   7   (0.049) 0.012 0.009 0.013 0.315 
   8   (0.063) 0.015 0.014 0.053 0.061 
   9   (0.083) 0.020 0.020 0.244 0.118 
  10   (0.097) 0.023 0.025 0.173 0.285 
  11   (0.062) 0.015 0.009 0.090 0.066 
  12   (0.040) 0.010 0.006 0.084 0.007 
  13   (0.038) 0.009 0.006 0.084 0.006 
  14   (0.035) 0.008 0.005 0.046 0.006 
  15   (0.042) 0.200 0.006 0.011 0.007 
  16   (0.042) 0.238 0.006 0.011 0.007 
  17   (0.039) 0.085 0.006 0.010 0.007 
  18   (0.041) 0.086 0.006 0.011 0.007 

Locus 15 : locus15 
21 alleles
0.0% missing data
   1   (0.047) 0.011 0.285 0.012 0.013 
   2   (0.037) 0.009 0.088 0.009 0.008 
   3   (0.060) 0.205 0.037 0.016 0.010 
   4   (0.043) 0.010 0.174 0.011 0.010 
   5   (0.036) 0.009 0.088 0.010 0.008 
   6   (0.066) 0.091 0.150 0.017 0.013 
   7   (0.039) 0.009 0.058 0.010 0.011 
   8   (0.069) 0.017 0.020 0.055 0.196 
   9   (0.072) 0.018 0.014 0.093 0.204 
  10   (0.073) 0.017 0.015 0.092 0.287 
  11   (0.056) 0.014 0.009 0.089 0.037 
  12   (0.042) 0.010 0.008 0.011 0.117 
  13   (0.061) 0.015 0.009 0.275 0.037 
  14   (0.038) 0.009 0.006 0.121 0.006 
  15   (0.039) 0.009 0.006 0.121 0.006 
  16   (0.034) 0.046 0.005 0.009 0.006 
  17   (0.039) 0.123 0.006 0.010 0.006 
  18   (0.036) 0.084 0.005 0.009 0.006 
  19   (0.039) 0.085 0.006 0.010 0.006 
  20   (0.038) 0.123 0.006 0.010 0.006 
  21   (0.038) 0.085 0.006 0.010 0.006 

Locus 16 : locus16 
17 alleles
0.0% missing data
   1   (0.083) 0.020 0.256 0.206 0.020 
   2   (0.095) 0.289 0.086 0.025 0.056 
   3   (0.126) 0.144 0.090 0.181 0.062 
   4   (0.080) 0.019 0.255 0.168 0.019 
   5   (0.041) 0.010 0.081 0.011 0.016 
   6   (0.043) 0.010 0.111 0.011 0.013 
   7   (0.063) 0.015 0.037 0.201 0.011 
   8   (0.037) 0.009 0.005 0.010 0.063 
   9   (0.060) 0.090 0.009 0.015 0.067 
  10   (0.040) 0.010 0.010 0.011 0.117 
  11   (0.046) 0.011 0.011 0.012 0.260 
  12   (0.061) 0.053 0.011 0.016 0.151 
  13   (0.067) 0.168 0.015 0.017 0.063 
  14   (0.034) 0.008 0.005 0.009 0.034 
  15   (0.054) 0.089 0.008 0.014 0.037 
  16   (0.038) 0.009 0.006 0.084 0.006 
  17   (0.032) 0.045 0.005 0.009 0.006 

Locus 17 : locus17 
18 alleles
0.0% missing data
   1   (0.092) 0.098 0.180 0.024 0.077 
   2   (0.102) 0.101 0.214 0.027 0.156 
   3   (0.131) 0.336 0.332 0.034 0.136 
   4   (0.075) 0.056 0.069 0.020 0.067 
   5   (0.083) 0.058 0.083 0.022 0.191 
   6   (0.096) 0.099 0.057 0.025 0.276 
   7   (0.032) 0.008 0.005 0.008 0.033 
   8   (0.038) 0.009 0.006 0.157 0.006 
   9   (0.036) 0.009 0.006 0.046 0.006 
  10   (0.037) 0.009 0.006 0.158 0.006 
  11   (0.034) 0.008 0.005 0.083 0.006 
  12   (0.039) 0.009 0.006 0.121 0.006 
  13   (0.035) 0.008 0.005 0.120 0.006 
  14   (0.033) 0.008 0.005 0.046 0.005 
  15   (0.033) 0.008 0.005 0.045 0.005 
  16   (0.031) 0.007 0.005 0.045 0.005 
  17   (0.040) 0.123 0.006 0.011 0.007 
  18   (0.033) 0.046 0.005 0.009 0.005 

Locus 18 : locus18 
19 alleles
0.0% missing data
   1   (0.087) 0.059 0.403 0.023 0.058 
   2   (0.053) 0.013 0.037 0.088 0.009 
   3   (0.085) 0.021 0.068 0.059 0.288 
   4   (0.062) 0.129 0.063 0.016 0.015 
   5   (0.040) 0.010 0.091 0.010 0.009 
   6   (0.033) 0.008 0.034 0.009 0.005 
   7   (0.086) 0.021 0.109 0.059 0.141 
   8   (0.060) 0.014 0.055 0.016 0.211 
   9   (0.078) 0.019 0.071 0.131 0.040 
  10   (0.033) 0.008 0.005 0.009 0.032 
  11   (0.041) 0.010 0.011 0.011 0.111 
  12   (0.061) 0.015 0.010 0.275 0.036 
  13   (0.059) 0.052 0.009 0.163 0.010 
  14   (0.037) 0.009 0.006 0.084 0.006 
  15   (0.036) 0.161 0.006 0.009 0.006 
  16   (0.042) 0.200 0.007 0.011 0.007 
  17   (0.035) 0.046 0.006 0.009 0.006 
  18   (0.041) 0.162 0.006 0.011 0.007 
  19   (0.032) 0.046 0.005 0.008 0.005 

Locus 19 : locus19 
21 alleles
0.0% missing data
   1   (0.047) 0.011 0.452 0.012 0.012 
   2   (0.043) 0.010 0.229 0.011 0.009 
   3   (0.042) 0.010 0.058 0.011 0.012 
   4   (0.032) 0.008 0.033 0.009 0.005 
   5   (0.039) 0.010 0.058 0.010 0.010 
   6   (0.032) 0.008 0.033 0.008 0.005 
   7   (0.107) 0.063 0.024 0.213 0.235 
   8   (0.040) 0.010 0.009 0.010 0.059 
   9   (0.047) 0.011 0.010 0.012 0.286 
  10   (0.085) 0.096 0.013 0.133 0.070 
  11   (0.089) 0.136 0.013 0.171 0.042 
  12   (0.041) 0.010 0.008 0.011 0.089 
  13   (0.041) 0.010 0.013 0.011 0.083 
  14   (0.033) 0.008 0.005 0.009 0.033 
  15   (0.041) 0.010 0.006 0.195 0.007 
  16   (0.033) 0.008 0.005 0.046 0.006 
  17   (0.031) 0.007 0.005 0.045 0.005 
  18   (0.061) 0.128 0.009 0.053 0.010 
  19   (0.042) 0.238 0.006 0.011 0.007 
  20   (0.038) 0.161 0.006 0.010 0.006 
  21   (0.034) 0.046 0.005 0.009 0.006 

Locus 20 : locus20 
23 alleles
0.0% missing data
   1   (0.065) 0.016 0.181 0.128 0.013 
   2   (0.058) 0.052 0.177 0.015 0.014 
   3   (0.053) 0.013 0.091 0.051 0.012 
   4   (0.061) 0.319 0.037 0.016 0.010 
   5   (0.060) 0.015 0.083 0.053 0.021 
   6   (0.071) 0.017 0.178 0.203 0.016 
   7   (0.040) 0.010 0.116 0.010 0.011 
   8   (0.051) 0.012 0.036 0.088 0.008 
   9   (0.043) 0.010 0.008 0.011 0.253 
  10   (0.041) 0.010 0.010 0.011 0.195 
  11   (0.029) 0.007 0.004 0.007 0.032 
  12   (0.039) 0.010 0.011 0.010 0.112 
  13   (0.036) 0.009 0.008 0.009 0.140 
  14   (0.035) 0.008 0.009 0.009 0.057 
  15   (0.028) 0.007 0.004 0.007 0.032 
  16   (0.035) 0.008 0.005 0.009 0.033 
  17   (0.034) 0.008 0.005 0.120 0.006 
  18   (0.051) 0.050 0.008 0.124 0.008 
  19   (0.036) 0.009 0.006 0.083 0.006 
  20   (0.032) 0.046 0.005 0.008 0.005 
  21   (0.034) 0.122 0.005 0.009 0.006 
  22   (0.037) 0.198 0.006 0.010 0.006 
  23   (0.029) 0.045 0.004 0.007 0.005 

Locus 21 : locus21 
20 alleles
0.0% missing data
   1   (0.049) 0.012 0.260 0.013 0.011 
   2   (0.076) 0.018 0.151 0.168 0.015 
   3   (0.046) 0.011 0.171 0.012 0.014 
   4   (0.067) 0.016 0.176 0.054 0.016 
   5   (0.035) 0.009 0.034 0.009 0.006 
   6   (0.073) 0.018 0.092 0.130 0.016 
   7   (0.089) 0.135 0.021 0.023 0.506 
   8   (0.038) 0.009 0.006 0.010 0.062 
   9   (0.038) 0.009 0.009 0.010 0.058 
  10   (0.043) 0.010 0.008 0.011 0.116 
  11   (0.050) 0.050 0.008 0.013 0.036 
  12   (0.054) 0.051 0.008 0.014 0.037 
  13   (0.057) 0.052 0.013 0.015 0.060 
  14   (0.044) 0.011 0.007 0.196 0.007 
  15   (0.037) 0.009 0.006 0.083 0.006 
  16   (0.044) 0.011 0.007 0.196 0.007 
  17   (0.046) 0.315 0.007 0.012 0.008 
  18   (0.040) 0.124 0.006 0.011 0.007 
  19   (0.036) 0.085 0.006 0.009 0.006 
  20   (0.037) 0.047 0.006 0.010 0.006 

Locus 22 : locus22 
21 alleles
0.0% missing data
   1   (0.063) 0.015 0.283 0.053 0.020 
   2   (0.068) 0.016 0.116 0.018 0.186 
   3   (0.084) 0.020 0.125 0.059 0.126 
   4   (0.093) 0.022 0.110 0.172 0.114 
   5   (0.032) 0.008 0.117 0.008 0.007 
   6   (0.032) 0.008 0.033 0.008 0.005 
   7   (0.075) 0.018 0.039 0.168 0.069 
   8   (0.053) 0.013 0.036 0.088 0.009 
   9   (0.052) 0.013 0.064 0.014 0.064 
  10   (0.067) 0.016 0.017 0.091 0.227 
  11   (0.032) 0.008 0.005 0.008 0.033 
  12   (0.036) 0.009 0.008 0.010 0.088 
  13   (0.034) 0.008 0.005 0.083 0.006 
  14   (0.036) 0.009 0.006 0.157 0.006 
  15   (0.039) 0.199 0.006 0.010 0.006 
  16   (0.036) 0.122 0.006 0.009 0.006 
  17   (0.031) 0.083 0.005 0.008 0.005 
  18   (0.036) 0.123 0.005 0.009 0.006 
  19   (0.036) 0.084 0.005 0.009 0.006 
  20   (0.031) 0.083 0.005 0.008 0.005 
  21   (0.034) 0.122 0.005 0.009 0.006 

Locus 23 : locus23 
22 alleles
0.0% missing data
   1   (0.074) 0.018 0.457 0.093 0.020 
   2   (0.055) 0.013 0.119 0.051 0.012 
   3   (0.052) 0.013 0.093 0.051 0.009 
   4   (0.031) 0.007 0.033 0.008 0.005 
   5   (0.038) 0.009 0.082 0.010 0.014 
   6   (0.034) 0.008 0.033 0.009 0.006 
   7   (0.070) 0.017 0.067 0.314 0.012 
   8   (0.070) 0.131 0.017 0.018 0.200 
   9   (0.059) 0.090 0.009 0.015 0.149 
  10   (0.071) 0.169 0.018 0.019 0.226 
  11   (0.040) 0.010 0.009 0.010 0.198 
  12   (0.056) 0.166 0.009 0.015 0.036 
  13   (0.052) 0.089 0.008 0.014 0.036 
  14   (0.034) 0.008 0.005 0.009 0.033 
  15   (0.035) 0.008 0.005 0.120 0.006 
  16   (0.035) 0.008 0.005 0.083 0.006 
  17   (0.033) 0.008 0.005 0.083 0.006 
  18   (0.033) 0.008 0.005 0.046 0.006 
  19   (0.034) 0.046 0.005 0.009 0.006 
  20   (0.033) 0.084 0.005 0.009 0.005 
  21   (0.032) 0.046 0.005 0.008 0.005 
  22   (0.031) 0.045 0.005 0.008 0.005 

Locus 24 : locus24 
23 alleles
0.0% missing data
   1   (0.040) 0.010 0.091 0.011 0.007 
   2   (0.044) 0.011 0.200 0.011 0.012 
   3   (0.045) 0.011 0.228 0.012 0.012 
   4   (0.062) 0.015 0.133 0.016 0.054 
   5   (0.048) 0.050 0.035 0.012 0.008 
   6   (0.057) 0.166 0.037 0.015 0.010 
   7   (0.042) 0.010 0.088 0.011 0.010 
   8   (0.041) 0.010 0.081 0.011 0.015 
   9   (0.047) 0.011 0.012 0.012 0.310 
  10   (0.041) 0.010 0.011 0.011 0.114 
  11   (0.044) 0.011 0.008 0.011 0.145 
  12   (0.039) 0.009 0.008 0.010 0.088 
  13   (0.037) 0.009 0.006 0.010 0.034 
  14   (0.037) 0.009 0.006 0.010 0.090 
  15   (0.036) 0.009 0.006 0.009 0.034 
  16   (0.042) 0.010 0.006 0.343 0.007 
  17   (0.059) 0.052 0.009 0.164 0.010 
  18   (0.033) 0.008 0.005 0.046 0.006 
  19   (0.038) 0.009 0.006 0.121 0.006 
  20   (0.032) 0.008 0.005 0.045 0.005 
  21   (0.062) 0.433 0.009 0.052 0.010 
  22   (0.036) 0.009 0.005 0.046 0.006 
  23   (0.039) 0.123 0.006 0.010 0.007 

Locus 25 : locus25 
20 alleles
0.0% missing data
   1   (0.100) 0.100 0.195 0.026 0.172 
   2   (0.058) 0.014 0.146 0.015 0.066 
   3   (0.082) 0.058 0.077 0.021 0.119 
   4   (0.081) 0.058 0.051 0.021 0.174 
   5   (0.040) 0.010 0.164 0.011 0.013 
   6   (0.058) 0.014 0.047 0.015 0.171 
   7   (0.054) 0.051 0.087 0.014 0.013 
   8   (0.034) 0.008 0.032 0.009 0.006 
   9   (0.037) 0.009 0.056 0.010 0.011 
  10   (0.040) 0.010 0.080 0.010 0.015 
  11   (0.064) 0.092 0.014 0.017 0.151 
  12   (0.055) 0.089 0.008 0.015 0.038 
  13   (0.040) 0.010 0.006 0.269 0.007 
  14   (0.034) 0.008 0.005 0.119 0.006 
  15   (0.038) 0.009 0.006 0.121 0.007 
  16   (0.041) 0.010 0.006 0.195 0.007 
  17   (0.031) 0.008 0.005 0.045 0.005 
  18   (0.031) 0.008 0.005 0.045 0.005 
  19   (0.045) 0.314 0.007 0.012 0.008 
  20   (0.036) 0.122 0.005 0.009 0.006 

Locus 26 : locus26 
17 alleles
0.0% missing data
   1   (0.119) 0.257 0.108 0.031 0.237 
   2   (0.071) 0.131 0.205 0.019 0.016 
   3   (0.119) 0.370 0.254 0.031 0.092 
   4   (0.084) 0.096 0.041 0.170 0.014 
   5   (0.080) 0.019 0.080 0.058 0.114 
   6   (0.058) 0.014 0.065 0.089 0.010 
   7   (0.067) 0.016 0.100 0.018 0.228 
   8   (0.064) 0.016 0.091 0.091 0.014 
   9   (0.034) 0.008 0.005 0.009 0.034 
  10   (0.034) 0.008 0.005 0.009 0.033 
  11   (0.059) 0.014 0.009 0.200 0.037 
  12   (0.040) 0.010 0.010 0.011 0.114 
  13   (0.033) 0.008 0.005 0.009 0.033 
  14   (0.034) 0.008 0.005 0.046 0.006 
  15   (0.035) 0.008 0.005 0.083 0.006 
  16   (0.032) 0.008 0.005 0.045 0.005 
  17   (0.036) 0.009 0.005 0.083 0.006 

Locus 27 : locus27 
18 alleles
0.0% missing data
   1   (0.072) 0.093 0.267 0.019 0.016 
   2   (0.071) 0.017 0.069 0.240 0.012 
   3   (0.087) 0.325 0.238 0.023 0.021 
   4   (0.081) 0.058 0.041 0.206 0.013 
   5   (0.094) 0.099 0.072 0.210 0.015 
   6   (0.041) 0.010 0.091 0.011 0.009 
   7   (0.077) 0.019 0.049 0.057 0.113 
   8   (0.040) 0.010 0.085 0.011 0.014 
   9   (0.065) 0.053 0.016 0.017 0.195 
  10   (0.072) 0.017 0.020 0.055 0.275 
  11   (0.040) 0.010 0.006 0.011 0.115 
  12   (0.046) 0.011 0.011 0.012 0.139 
  13   (0.036) 0.009 0.006 0.009 0.033 
  14   (0.036) 0.009 0.006 0.083 0.006 
  15   (0.035) 0.047 0.005 0.009 0.006 
  16   (0.032) 0.046 0.005 0.008 0.005 
  17   (0.039) 0.085 0.006 0.010 0.006 
  18   (0.036) 0.085 0.006 0.010 0.006 

Locus 28 : locus28 
29 alleles
0.0% missing data
   1   (0.041) 0.010 0.114 0.011 0.012 
   2   (0.039) 0.009 0.144 0.010 0.010 
   3   (0.030) 0.007 0.061 0.008 0.005 
   4   (0.042) 0.010 0.315 0.011 0.011 
   5   (0.034) 0.008 0.033 0.009 0.006 
   6   (0.031) 0.008 0.033 0.008 0.005 
   7   (0.036) 0.009 0.114 0.010 0.011 
   8   (0.046) 0.011 0.035 0.049 0.008 
   9   (0.031) 0.007 0.033 0.008 0.005 
  10   (0.037) 0.009 0.007 0.010 0.171 
  11   (0.035) 0.008 0.010 0.009 0.168 
  12   (0.037) 0.009 0.008 0.010 0.087 
  13   (0.039) 0.010 0.010 0.010 0.196 
  14   (0.031) 0.008 0.005 0.008 0.061 
  15   (0.029) 0.007 0.004 0.008 0.032 
  16   (0.035) 0.008 0.008 0.009 0.142 
  17   (0.034) 0.008 0.005 0.193 0.006 
  18   (0.030) 0.007 0.005 0.082 0.005 
  19   (0.029) 0.007 0.004 0.081 0.005 
  20   (0.032) 0.008 0.005 0.119 0.005 
  21   (0.040) 0.010 0.006 0.195 0.007 
  22   (0.028) 0.007 0.004 0.044 0.005 
  23   (0.029) 0.007 0.004 0.045 0.005 
  24   (0.037) 0.275 0.006 0.010 0.006 
  25   (0.031) 0.084 0.005 0.008 0.005 
  26   (0.036) 0.160 0.006 0.009 0.006 
  27   (0.030) 0.045 0.005 0.008 0.005 
  28   (0.040) 0.161 0.006 0.011 0.007 
  29   (0.029) 0.083 0.004 0.008 0.005 

Locus 29 : locus29 
19 alleles
0.0% missing data
   1   (0.116) 0.028 0.246 0.252 0.104 
   2   (0.120) 0.029 0.311 0.142 0.154 
   3   (0.090) 0.022 0.164 0.098 0.064 
   4   (0.032) 0.008 0.035 0.008 0.005 
   5   (0.039) 0.009 0.061 0.010 0.010 
   6   (0.083) 0.020 0.086 0.059 0.081 
   7   (0.051) 0.012 0.013 0.013 0.245 
   8   (0.043) 0.011 0.013 0.011 0.163 
   9   (0.039) 0.009 0.006 0.010 0.060 
  10   (0.036) 0.009 0.009 0.010 0.056 
  11   (0.040) 0.010 0.006 0.158 0.006 
  12   (0.038) 0.009 0.006 0.084 0.006 
  13   (0.035) 0.008 0.005 0.046 0.006 
  14   (0.036) 0.009 0.006 0.046 0.006 
  15   (0.045) 0.276 0.007 0.012 0.007 
  16   (0.041) 0.199 0.006 0.011 0.007 
  17   (0.037) 0.085 0.006 0.010 0.006 
  18   (0.042) 0.162 0.007 0.011 0.007 
  19   (0.037) 0.085 0.006 0.010 0.006 

Locus 30 : locus30 
18 alleles
0.0% missing data
   1   (0.044) 0.011 0.175 0.011 0.010 
   2   (0.067) 0.054 0.286 0.017 0.020 
   3   (0.051) 0.012 0.036 0.014 0.036 
   4   (0.087) 0.097 0.149 0.023 0.049 
   5   (0.059) 0.090 0.066 0.015 0.010 
   6   (0.089) 0.021 0.041 0.135 0.126 
   7   (0.102) 0.025 0.064 0.249 0.106 
   8   (0.061) 0.015 0.102 0.016 0.058 
   9   (0.047) 0.011 0.013 0.012 0.334 
  10   (0.064) 0.015 0.016 0.090 0.114 
  11   (0.072) 0.017 0.011 0.277 0.067 
  12   (0.033) 0.008 0.005 0.009 0.033 
  13   (0.038) 0.009 0.006 0.084 0.006 
  14   (0.040) 0.238 0.006 0.010 0.007 
  15   (0.036) 0.084 0.006 0.009 0.006 
  16   (0.039) 0.123 0.006 0.010 0.006 
  17   (0.032) 0.046 0.005 0.008 0.005 
  18   (0.039) 0.123 0.006 0.010 0.007 

Locus 31 : locus31 
25 alleles
0.0% missing data
   1   (0.039) 0.009 0.311 0.010 0.009 
   2   (0.032) 0.008 0.115 0.008 0.007 
   3   (0.035) 0.008 0.144 0.009 0.007 
   4   (0.038) 0.009 0.197 0.010 0.010 
   5   (0.035) 0.009 0.081 0.009 0.014 
   6   (0.031) 0.007 0.005 0.008 0.033 
   7   (0.054) 0.013 0.012 0.088 0.061 
   8   (0.031) 0.008 0.005 0.008 0.062 
   9   (0.025) 0.006 0.004 0.007 0.032 
  10   (0.037) 0.009 0.009 0.010 0.144 
  11   (0.056) 0.014 0.008 0.126 0.122 
  12   (0.048) 0.012 0.012 0.049 0.172 
  13   (0.035) 0.008 0.012 0.009 0.083 
  14   (0.084) 0.134 0.018 0.170 0.064 
  15   (0.031) 0.008 0.005 0.008 0.033 
  16   (0.028) 0.007 0.004 0.007 0.033 
  17   (0.058) 0.014 0.013 0.200 0.061 
  18   (0.053) 0.127 0.008 0.088 0.009 
  19   (0.044) 0.048 0.007 0.086 0.007 
  20   (0.050) 0.202 0.008 0.050 0.009 
  21   (0.030) 0.045 0.005 0.008 0.005 
  22   (0.035) 0.122 0.005 0.009 0.006 
  23   (0.030) 0.083 0.005 0.008 0.005 
  24   (0.029) 0.045 0.004 0.008 0.005 
  25   (0.031) 0.046 0.005 0.008 0.005 

Locus 32 : locus32 
24 alleles
0.0% missing data
   1   (0.043) 0.010 0.168 0.011 0.013 
   2   (0.039) 0.009 0.142 0.010 0.010 
   3   (0.044) 0.011 0.284 0.012 0.009 
   4   (0.035) 0.008 0.087 0.009 0.008 
   5   (0.038) 0.009 0.142 0.010 0.010 
   6   (0.032) 0.008 0.033 0.008 0.005 
   7   (0.061) 0.015 0.012 0.053 0.204 
   8   (0.057) 0.014 0.017 0.052 0.141 
   9   (0.048) 0.012 0.007 0.049 0.064 
  10   (0.054) 0.013 0.013 0.088 0.061 
  11   (0.040) 0.010 0.006 0.011 0.119 
  12   (0.030) 0.007 0.004 0.008 0.061 
  13   (0.040) 0.010 0.010 0.010 0.115 
  14   (0.056) 0.013 0.017 0.051 0.084 
  15   (0.060) 0.015 0.009 0.238 0.038 
  16   (0.038) 0.009 0.006 0.121 0.006 
  17   (0.038) 0.009 0.006 0.158 0.006 
  18   (0.031) 0.007 0.005 0.045 0.005 
  19   (0.038) 0.123 0.006 0.010 0.006 
  20   (0.039) 0.199 0.006 0.010 0.007 
  21   (0.036) 0.161 0.005 0.009 0.006 
  22   (0.038) 0.161 0.006 0.010 0.006 
  23   (0.036) 0.085 0.005 0.009 0.006 
  24   (0.032) 0.083 0.005 0.008 0.005 

Locus 33 : locus33 
19 alleles
0.0% missing data
   1   (0.082) 0.020 0.391 0.058 0.059 
   2   (0.088) 0.021 0.092 0.060 0.243 
   3   (0.101) 0.025 0.134 0.286 0.095 
   4   (0.093) 0.023 0.213 0.135 0.097 
   5   (0.072) 0.017 0.070 0.056 0.120 
   6   (0.054) 0.051 0.011 0.014 0.090 
   7   (0.053) 0.051 0.013 0.014 0.060 
   8   (0.035) 0.008 0.007 0.009 0.115 
   9   (0.067) 0.054 0.016 0.054 0.061 
  10   (0.037) 0.009 0.006 0.120 0.006 
  11   (0.030) 0.007 0.005 0.045 0.005 
  12   (0.031) 0.008 0.005 0.045 0.005 
  13   (0.050) 0.050 0.008 0.050 0.008 
  14   (0.038) 0.237 0.006 0.010 0.006 
  15   (0.031) 0.045 0.005 0.008 0.005 
  16   (0.037) 0.123 0.006 0.010 0.006 
  17   (0.033) 0.084 0.005 0.009 0.006 
  18   (0.035) 0.122 0.005 0.009 0.006 
  19   (0.031) 0.045 0.005 0.008 0.005 

Locus 34 : locus34 
29 alleles
0.0% missing data
   1   (0.059) 0.014 0.517 0.015 0.130 
   2   (0.050) 0.012 0.192 0.013 0.052 
   3   (0.047) 0.011 0.084 0.012 0.044 
   4   (0.031) 0.007 0.034 0.008 0.005 
   5   (0.027) 0.007 0.033 0.007 0.005 
   6   (0.037) 0.009 0.008 0.010 0.085 
   7   (0.024) 0.006 0.004 0.006 0.031 
   8   (0.038) 0.009 0.013 0.010 0.136 
   9   (0.049) 0.126 0.008 0.013 0.062 
  10   (0.036) 0.009 0.012 0.009 0.136 
  11   (0.036) 0.009 0.007 0.009 0.113 
  12   (0.031) 0.008 0.007 0.008 0.113 
  13   (0.030) 0.007 0.005 0.156 0.005 
  14   (0.024) 0.006 0.004 0.043 0.004 
  15   (0.026) 0.006 0.004 0.044 0.004 
  16   (0.034) 0.008 0.005 0.157 0.005 
  17   (0.042) 0.048 0.007 0.048 0.007 
  18   (0.041) 0.048 0.006 0.048 0.007 
  19   (0.032) 0.008 0.005 0.119 0.005 
  20   (0.037) 0.047 0.006 0.046 0.006 
  21   (0.025) 0.006 0.004 0.043 0.004 
  22   (0.047) 0.049 0.007 0.086 0.008 
  23   (0.027) 0.006 0.004 0.044 0.004 
  24   (0.025) 0.044 0.004 0.007 0.004 
  25   (0.027) 0.120 0.004 0.007 0.004 
  26   (0.030) 0.121 0.005 0.008 0.005 
  27   (0.031) 0.122 0.005 0.008 0.005 
  28   (0.030) 0.083 0.005 0.008 0.005 
  29   (0.026) 0.044 0.004 0.007 0.004 

Locus 35 : locus35 
23 alleles
0.0% missing data
   1   (0.043) 0.010 0.199 0.011 0.012 
   2   (0.037) 0.009 0.090 0.010 0.006 
   3   (0.049) 0.012 0.314 0.013 0.011 
   4   (0.046) 0.011 0.226 0.012 0.014 
   5   (0.036) 0.009 0.033 0.010 0.006 
   6   (0.036) 0.009 0.006 0.010 0.090 
   7   (0.061) 0.053 0.014 0.016 0.145 
   8   (0.072) 0.132 0.018 0.019 0.172 
   9   (0.048) 0.011 0.011 0.012 0.199 
  10   (0.040) 0.010 0.008 0.010 0.117 
  11   (0.040) 0.010 0.007 0.010 0.145 
  12   (0.038) 0.009 0.006 0.084 0.006 
  13   (0.041) 0.010 0.006 0.121 0.007 
  14   (0.052) 0.050 0.008 0.125 0.009 
  15   (0.065) 0.053 0.010 0.313 0.011 
  16   (0.034) 0.008 0.005 0.046 0.006 
  17   (0.038) 0.009 0.006 0.084 0.006 
  18   (0.031) 0.007 0.005 0.045 0.005 
  19   (0.042) 0.200 0.006 0.011 0.007 
  20   (0.040) 0.124 0.006 0.010 0.007 
  21   (0.040) 0.124 0.006 0.010 0.007 
  22   (0.031) 0.045 0.005 0.008 0.005 
  23   (0.039) 0.085 0.006 0.010 0.007 

Locus 36 : locus36 
20 alleles
0.0% missing data
   1   (0.041) 0.010 0.168 0.011 0.013 
   2   (0.040) 0.010 0.116 0.010 0.009 
   3   (0.046) 0.011 0.449 0.012 0.012 
   4   (0.041) 0.010 0.090 0.011 0.007 
   5   (0.032) 0.008 0.033 0.008 0.005 
   6   (0.046) 0.011 0.015 0.012 0.168 
   7   (0.086) 0.058 0.017 0.170 0.095 
   8   (0.036) 0.009 0.005 0.009 0.091 
   9   (0.040) 0.010 0.008 0.010 0.089 
  10   (0.108) 0.368 0.021 0.065 0.210 
  11   (0.067) 0.130 0.012 0.017 0.122 
  12   (0.039) 0.010 0.010 0.010 0.059 
  13   (0.063) 0.053 0.009 0.053 0.039 
  14   (0.045) 0.049 0.007 0.012 0.036 
  15   (0.038) 0.009 0.006 0.194 0.006 
  16   (0.058) 0.128 0.009 0.089 0.010 
  17   (0.054) 0.051 0.008 0.088 0.009 
  18   (0.035) 0.008 0.005 0.083 0.006 
  19   (0.053) 0.050 0.008 0.088 0.009 
  20   (0.033) 0.008 0.005 0.045 0.006 

Locus 37 : locus37 
21 alleles
0.0% missing data
   1   (0.076) 0.094 0.626 0.020 0.018 
   2   (0.062) 0.129 0.119 0.016 0.013 
   3   (0.054) 0.013 0.059 0.051 0.014 
   4   (0.068) 0.054 0.060 0.055 0.018 
   5   (0.053) 0.013 0.008 0.051 0.065 
   6   (0.064) 0.167 0.012 0.017 0.120 
   7   (0.062) 0.091 0.014 0.016 0.145 
   8   (0.056) 0.051 0.011 0.015 0.090 
   9   (0.053) 0.089 0.008 0.014 0.065 
  10   (0.032) 0.008 0.005 0.009 0.033 
  11   (0.068) 0.130 0.016 0.018 0.201 
  12   (0.039) 0.009 0.010 0.010 0.113 
  13   (0.039) 0.009 0.009 0.010 0.059 
  14   (0.038) 0.009 0.006 0.195 0.006 
  15   (0.033) 0.008 0.005 0.046 0.006 
  16   (0.035) 0.008 0.005 0.120 0.006 
  17   (0.032) 0.008 0.005 0.045 0.005 
  18   (0.034) 0.008 0.005 0.083 0.006 
  19   (0.033) 0.008 0.005 0.120 0.006 
  20   (0.036) 0.009 0.005 0.083 0.006 
  21   (0.035) 0.084 0.005 0.009 0.006 

Locus 38 : locus38 
20 alleles
0.0% missing data
   1   (0.071) 0.093 0.147 0.018 0.018 
   2   (0.070) 0.131 0.203 0.018 0.018 
   3   (0.070) 0.017 0.376 0.055 0.016 
   4   (0.060) 0.014 0.060 0.090 0.015 
   5   (0.058) 0.090 0.094 0.015 0.010 
   6   (0.045) 0.011 0.010 0.012 0.226 
   7   (0.049) 0.050 0.007 0.013 0.036 
   8   (0.047) 0.011 0.011 0.012 0.280 
   9   (0.059) 0.052 0.012 0.015 0.090 
  10   (0.054) 0.051 0.008 0.014 0.037 
  11   (0.040) 0.010 0.009 0.010 0.087 
  12   (0.055) 0.051 0.008 0.014 0.064 
  13   (0.054) 0.051 0.013 0.014 0.060 
  14   (0.039) 0.010 0.006 0.232 0.007 
  15   (0.039) 0.009 0.006 0.158 0.006 
  16   (0.041) 0.010 0.006 0.159 0.007 
  17   (0.038) 0.009 0.006 0.120 0.006 
  18   (0.042) 0.162 0.006 0.011 0.007 
  19   (0.037) 0.123 0.006 0.010 0.006 
  20   (0.034) 0.046 0.005 0.009 0.006 

Locus 39 : locus39 
28 alleles
0.0% missing data
   1   (0.033) 0.008 0.057 0.009 0.009 
   2   (0.031) 0.008 0.061 0.008 0.005 
   3   (0.036) 0.009 0.452 0.009 0.009 
   4   (0.027) 0.007 0.060 0.007 0.005 
   5   (0.027) 0.007 0.169 0.007 0.008 
   6   (0.033) 0.008 0.057 0.009 0.009 
   7   (0.050) 0.049 0.011 0.013 0.145 
   8   (0.027) 0.007 0.004 0.007 0.061 
   9   (0.036) 0.009 0.008 0.009 0.228 
  10   (0.026) 0.006 0.004 0.007 0.032 
  11   (0.028) 0.007 0.004 0.007 0.061 
  12   (0.055) 0.051 0.014 0.014 0.116 
  13   (0.033) 0.008 0.009 0.009 0.058 
  14   (0.032) 0.008 0.005 0.008 0.033 
  15   (0.036) 0.009 0.007 0.009 0.088 
  16   (0.052) 0.203 0.012 0.014 0.060 
  17   (0.053) 0.050 0.008 0.309 0.009 
  18   (0.032) 0.008 0.005 0.082 0.005 
  19   (0.026) 0.006 0.004 0.044 0.004 
  20   (0.056) 0.127 0.008 0.088 0.009 
  21   (0.050) 0.088 0.008 0.124 0.008 
  22   (0.027) 0.007 0.004 0.044 0.005 
  23   (0.029) 0.007 0.004 0.045 0.005 
  24   (0.050) 0.088 0.007 0.050 0.008 
  25   (0.030) 0.007 0.005 0.045 0.005 
  26   (0.030) 0.121 0.004 0.008 0.005 
  27   (0.027) 0.044 0.004 0.007 0.005 
  28   (0.028) 0.045 0.004 0.007 0.005 

Locus 40 : locus40 
24 alleles
0.0% missing data
   1   (0.041) 0.010 0.172 0.011 0.010 
   2   (0.036) 0.009 0.172 0.009 0.008 
   3   (0.046) 0.011 0.284 0.012 0.012 
   4   (0.040) 0.010 0.117 0.011 0.009 
   5   (0.034) 0.008 0.062 0.009 0.006 
   6   (0.039) 0.010 0.058 0.010 0.011 
   7   (0.070) 0.207 0.015 0.018 0.175 
   8   (0.056) 0.051 0.008 0.015 0.093 
   9   (0.063) 0.091 0.014 0.017 0.230 
  10   (0.032) 0.008 0.008 0.008 0.058 
  11   (0.067) 0.130 0.015 0.018 0.145 
  12   (0.075) 0.169 0.015 0.019 0.176 
  13   (0.034) 0.008 0.005 0.156 0.006 
  14   (0.030) 0.007 0.005 0.045 0.005 
  15   (0.031) 0.007 0.005 0.082 0.005 
  16   (0.031) 0.008 0.005 0.082 0.005 
  17   (0.033) 0.008 0.005 0.046 0.006 
  18   (0.037) 0.009 0.006 0.084 0.006 
  19   (0.033) 0.008 0.005 0.045 0.005 
  20   (0.036) 0.009 0.005 0.157 0.006 
  21   (0.039) 0.009 0.006 0.121 0.006 
  22   (0.035) 0.084 0.005 0.009 0.006 
  23   (0.031) 0.083 0.005 0.008 0.005 
  24   (0.031) 0.045 0.005 0.008 0.005 

Locus 41 : locus41 
18 alleles
0.0% missing data
   1   (0.100) 0.290 0.126 0.063 0.020 
   2   (0.072) 0.017 0.178 0.093 0.016 
   3   (0.077) 0.019 0.148 0.168 0.019 
   4   (0.072) 0.245 0.062 0.019 0.018 
   5   (0.044) 0.011 0.230 0.012 0.013 
   6   (0.056) 0.089 0.037 0.015 0.009 
   7   (0.079) 0.095 0.070 0.057 0.013 
   8   (0.077) 0.056 0.040 0.131 0.013 
   9   (0.051) 0.012 0.037 0.050 0.008 
  10   (0.050) 0.012 0.010 0.013 0.308 
  11   (0.046) 0.011 0.011 0.012 0.224 
  12   (0.043) 0.010 0.009 0.011 0.087 
  13   (0.043) 0.010 0.010 0.011 0.141 
  14   (0.037) 0.009 0.009 0.010 0.058 
  15   (0.033) 0.008 0.005 0.009 0.033 
  16   (0.045) 0.011 0.007 0.270 0.007 
  17   (0.036) 0.009 0.006 0.046 0.006 
  18   (0.039) 0.085 0.006 0.010 0.006 

Locus 42 : locus42 
22 alleles
0.0% missing data
   1   (0.059) 0.014 0.117 0.052 0.016 
   2   (0.064) 0.016 0.105 0.017 0.193 
   3   (0.071) 0.017 0.084 0.166 0.023 
   4   (0.064) 0.016 0.143 0.017 0.075 
   5   (0.035) 0.009 0.091 0.009 0.006 
   6   (0.037) 0.009 0.089 0.010 0.008 
   7   (0.076) 0.018 0.226 0.020 0.301 
   8   (0.081) 0.057 0.062 0.021 0.187 
   9   (0.033) 0.008 0.005 0.009 0.033 
  10   (0.055) 0.051 0.013 0.014 0.060 
  11   (0.033) 0.008 0.005 0.009 0.033 
  12   (0.037) 0.009 0.006 0.121 0.006 
  13   (0.035) 0.008 0.005 0.083 0.006 
  14   (0.039) 0.009 0.006 0.232 0.007 
  15   (0.039) 0.009 0.006 0.121 0.006 
  16   (0.034) 0.008 0.005 0.046 0.006 
  17   (0.039) 0.199 0.006 0.010 0.006 
  18   (0.039) 0.237 0.006 0.010 0.006 
  19   (0.033) 0.084 0.005 0.009 0.005 
  20   (0.034) 0.084 0.005 0.009 0.006 
  21   (0.033) 0.046 0.005 0.009 0.006 
  22   (0.031) 0.083 0.005 0.008 0.005 

Locus 43 : locus43 
19 alleles
0.0% missing data
   1   (0.039) 0.009 0.083 0.010 0.014 
   2   (0.036) 0.009 0.175 0.010 0.007 
   3   (0.038) 0.009 0.058 0.010 0.010 
   4   (0.038) 0.009 0.117 0.010 0.008 
   5   (0.041) 0.010 0.118 0.011 0.009 
   6   (0.040) 0.010 0.173 0.010 0.009 
   7   (0.031) 0.008 0.033 0.008 0.005 
   8   (0.064) 0.167 0.060 0.017 0.017 
   9   (0.037) 0.009 0.058 0.010 0.010 
  10   (0.061) 0.015 0.012 0.090 0.119 
  11   (0.079) 0.171 0.018 0.057 0.063 
  12   (0.078) 0.247 0.017 0.020 0.258 
  13   (0.065) 0.016 0.013 0.128 0.091 
  14   (0.048) 0.012 0.007 0.050 0.036 
  15   (0.093) 0.136 0.025 0.061 0.227 
  16   (0.060) 0.015 0.009 0.238 0.037 
  17   (0.083) 0.134 0.013 0.096 0.069 
  18   (0.031) 0.008 0.005 0.045 0.005 
  19   (0.037) 0.009 0.006 0.120 0.006 

Locus 44 : locus44 
8 alleles
0.0% missing data
   1   (0.132) 0.145 0.185 0.145 0.029 
   2   (0.082) 0.020 0.165 0.022 0.114 
   3   (0.104) 0.025 0.052 0.101 0.147 
   4   (0.135) 0.109 0.305 0.036 0.162 
   5   (0.130) 0.107 0.161 0.034 0.243 
   6   (0.216) 0.356 0.090 0.353 0.172 
   7   (0.120) 0.143 0.028 0.105 0.120 
   8   (0.080) 0.095 0.012 0.205 0.013 

Locus 45 : locus45 
18 alleles
0.0% missing data
   1   (0.097) 0.023 0.055 0.136 0.197 
   2   (0.065) 0.016 0.161 0.017 0.085 
   3   (0.065) 0.016 0.191 0.017 0.057 
   4   (0.065) 0.016 0.130 0.017 0.088 
   5   (0.063) 0.053 0.177 0.017 0.015 
   6   (0.041) 0.010 0.059 0.011 0.011 
   7   (0.059) 0.014 0.066 0.015 0.065 
   8   (0.064) 0.015 0.058 0.017 0.101 
   9   (0.080) 0.019 0.031 0.168 0.105 
  10   (0.032) 0.008 0.005 0.008 0.033 
  11   (0.078) 0.019 0.015 0.279 0.120 
  12   (0.041) 0.010 0.014 0.011 0.082 
  13   (0.043) 0.010 0.007 0.159 0.007 
  14   (0.039) 0.009 0.006 0.084 0.007 
  15   (0.047) 0.315 0.007 0.012 0.008 
  16   (0.034) 0.046 0.005 0.009 0.006 
  17   (0.047) 0.277 0.007 0.012 0.008 
  18   (0.039) 0.123 0.006 0.010 0.006 

Locus 46 : locus46 
19 alleles
0.0% missing data
   1   (0.076) 0.018 0.157 0.020 0.173 
   2   (0.046) 0.011 0.304 0.012 0.009 
   3   (0.103) 0.101 0.196 0.027 0.095 
   4   (0.052) 0.013 0.068 0.014 0.035 
   5   (0.058) 0.014 0.088 0.015 0.045 
   6   (0.075) 0.246 0.064 0.019 0.018 
   7   (0.048) 0.011 0.013 0.012 0.189 
   8   (0.040) 0.010 0.006 0.010 0.059 
   9   (0.077) 0.170 0.021 0.020 0.110 
  10   (0.066) 0.053 0.016 0.017 0.138 
  11   (0.044) 0.011 0.016 0.011 0.078 
  12   (0.046) 0.011 0.007 0.307 0.007 
  13   (0.043) 0.010 0.007 0.196 0.007 
  14   (0.041) 0.010 0.007 0.158 0.006 
  15   (0.034) 0.008 0.005 0.046 0.005 
  16   (0.037) 0.009 0.006 0.084 0.006 
  17   (0.039) 0.123 0.006 0.010 0.006 
  18   (0.039) 0.123 0.006 0.010 0.006 
  19   (0.038) 0.047 0.006 0.010 0.006 

Locus 47 : locus47 
19 alleles
0.0% missing data
   1   (0.069) 0.017 0.092 0.166 0.015 
   2   (0.047) 0.011 0.258 0.012 0.013 
   3   (0.036) 0.009 0.063 0.009 0.006 
   4   (0.097) 0.099 0.118 0.099 0.026 
   5   (0.097) 0.137 0.100 0.173 0.016 
   6   (0.042) 0.010 0.115 0.011 0.012 
   7   (0.087) 0.097 0.070 0.096 0.015 
   8   (0.058) 0.014 0.091 0.052 0.013 
   9   (0.045) 0.011 0.009 0.012 0.226 
  10   (0.041) 0.010 0.007 0.011 0.227 
  11   (0.041) 0.010 0.008 0.011 0.116 
  12   (0.038) 0.009 0.009 0.010 0.058 
  13   (0.046) 0.011 0.016 0.012 0.163 
  14   (0.036) 0.009 0.009 0.009 0.058 
  15   (0.066) 0.053 0.010 0.276 0.011 
  16   (0.044) 0.239 0.007 0.012 0.007 
  17   (0.039) 0.123 0.006 0.010 0.007 
  18   (0.032) 0.046 0.005 0.008 0.005 
  19   (0.037) 0.085 0.006 0.010 0.006 

Locus 48 : locus48 
21 alleles
0.0% missing data
   1   (0.034) 0.008 0.091 0.009 0.006 
   2   (0.032) 0.008 0.058 0.009 0.009 
   3   (0.057) 0.014 0.066 0.089 0.010 
   4   (0.061) 0.015 0.066 0.201 0.010 
   5   (0.057) 0.014 0.065 0.125 0.009 
   6   (0.054) 0.013 0.036 0.125 0.009 
   7   (0.055) 0.013 0.060 0.088 0.014 
   8   (0.040) 0.010 0.314 0.010 0.012 
   9   (0.058) 0.014 0.141 0.052 0.019 
  10   (0.058) 0.051 0.011 0.015 0.229 
  11   (0.038) 0.009 0.009 0.010 0.142 
  12   (0.074) 0.245 0.018 0.019 0.254 
  13   (0.035) 0.009 0.009 0.009 0.058 
  14   (0.065) 0.168 0.014 0.017 0.090 
  15   (0.031) 0.007 0.005 0.008 0.033 
  16   (0.047) 0.049 0.007 0.013 0.036 
  17   (0.065) 0.054 0.010 0.054 0.038 
  18   (0.036) 0.009 0.005 0.120 0.006 
  19   (0.036) 0.160 0.005 0.009 0.006 
  20   (0.033) 0.084 0.005 0.009 0.006 
  21   (0.032) 0.046 0.005 0.008 0.005 

Locus 49 : locus49 
28 alleles
0.0% missing data
   1   (0.035) 0.009 0.088 0.009 0.008 
   2   (0.034) 0.008 0.091 0.009 0.006 
   3   (0.037) 0.009 0.115 0.010 0.010 
   4   (0.055) 0.051 0.175 0.014 0.013 
   5   (0.031) 0.007 0.114 0.008 0.009 
   6   (0.039) 0.009 0.144 0.010 0.010 
   7   (0.037) 0.009 0.091 0.010 0.006 
   8   (0.032) 0.008 0.058 0.008 0.009 
   9   (0.057) 0.051 0.011 0.015 0.229 
  10   (0.041) 0.010 0.009 0.011 0.418 
  11   (0.037) 0.009 0.009 0.009 0.058 
  12   (0.038) 0.009 0.010 0.010 0.058 
  13   (0.034) 0.008 0.005 0.009 0.033 
  14   (0.035) 0.008 0.009 0.009 0.058 
  15   (0.031) 0.007 0.005 0.082 0.005 
  16   (0.033) 0.008 0.005 0.120 0.005 
  17   (0.037) 0.009 0.006 0.121 0.006 
  18   (0.032) 0.008 0.005 0.082 0.005 
  19   (0.038) 0.009 0.006 0.195 0.006 
  20   (0.036) 0.009 0.005 0.120 0.006 
  21   (0.033) 0.008 0.005 0.082 0.006 
  22   (0.034) 0.198 0.005 0.009 0.006 
  23   (0.038) 0.199 0.006 0.010 0.006 
  24   (0.030) 0.045 0.005 0.008 0.005 
  25   (0.035) 0.122 0.005 0.009 0.006 
  26   (0.025) 0.044 0.004 0.007 0.004 
  27   (0.032) 0.083 0.005 0.008 0.005 
  28   (0.027) 0.044 0.004 0.007 0.004 

Locus 50 : locus50 
14 alleles
0.0% missing data
   1   (0.111) 0.216 0.324 0.066 0.027 
   2   (0.094) 0.023 0.074 0.135 0.122 
   3   (0.042) 0.010 0.116 0.011 0.012 
   4   (0.102) 0.139 0.102 0.174 0.017 
   5   (0.097) 0.061 0.120 0.062 0.052 
   6   (0.106) 0.139 0.072 0.064 0.073 
   7   (0.093) 0.023 0.042 0.321 0.070 
   8   (0.059) 0.167 0.037 0.016 0.010 
   9   (0.038) 0.009 0.059 0.010 0.010 
  10   (0.098) 0.061 0.019 0.099 0.315 
  11   (0.039) 0.009 0.008 0.010 0.115 
  12   (0.044) 0.011 0.012 0.011 0.113 
  13   (0.038) 0.009 0.010 0.010 0.058 
  14   (0.038) 0.123 0.006 0.010 0.006 

Locus 51 : locus51 
23 alleles
0.0% missing data
   1   (0.046) 0.011 0.200 0.012 0.012 
   2   (0.052) 0.013 0.259 0.014 0.012 
   3   (0.043) 0.010 0.202 0.011 0.010 
   4   (0.046) 0.011 0.114 0.012 0.013 
   5   (0.038) 0.009 0.062 0.010 0.006 
   6   (0.036) 0.009 0.034 0.009 0.006 
   7   (0.049) 0.012 0.010 0.013 0.228 
   8   (0.045) 0.011 0.008 0.012 0.117 
   9   (0.056) 0.014 0.013 0.015 0.366 
  10   (0.040) 0.010 0.006 0.011 0.034 
  11   (0.039) 0.009 0.009 0.010 0.058 
  12   (0.043) 0.010 0.010 0.011 0.059 
  13   (0.041) 0.010 0.006 0.159 0.007 
  14   (0.049) 0.012 0.007 0.345 0.008 
  15   (0.040) 0.010 0.006 0.047 0.007 
  16   (0.043) 0.010 0.006 0.122 0.007 
  17   (0.039) 0.009 0.006 0.084 0.006 
  18   (0.038) 0.009 0.006 0.047 0.006 
  19   (0.050) 0.239 0.008 0.013 0.008 
  20   (0.044) 0.314 0.007 0.012 0.007 
  21   (0.042) 0.086 0.006 0.011 0.007 
  22   (0.040) 0.047 0.006 0.010 0.007 
  23   (0.042) 0.124 0.006 0.011 0.007 

Locus 52 : locus52 
18 alleles
0.0% missing data
   1   (0.079) 0.247 0.093 0.021 0.017 
   2   (0.073) 0.055 0.262 0.019 0.017 
   3   (0.080) 0.095 0.262 0.021 0.019 
   4   (0.067) 0.092 0.060 0.017 0.017 
   5   (0.070) 0.283 0.039 0.018 0.012 
   6   (0.048) 0.012 0.115 0.013 0.014 
   7   (0.065) 0.091 0.067 0.017 0.011 
   8   (0.043) 0.010 0.007 0.011 0.118 
   9   (0.080) 0.019 0.015 0.132 0.150 
  10   (0.052) 0.012 0.011 0.013 0.283 
  11   (0.044) 0.011 0.014 0.012 0.083 
  12   (0.053) 0.013 0.014 0.014 0.168 
  13   (0.042) 0.010 0.010 0.011 0.058 
  14   (0.045) 0.011 0.007 0.196 0.007 
  15   (0.043) 0.010 0.007 0.159 0.007 
  16   (0.046) 0.011 0.007 0.234 0.008 
  17   (0.035) 0.008 0.005 0.046 0.006 
  18   (0.035) 0.008 0.005 0.046 0.006 

Locus 53 : locus53 
20 alleles
0.0% missing data
   1   (0.043) 0.010 0.178 0.011 0.010 
   2   (0.064) 0.129 0.093 0.017 0.014 
   3   (0.059) 0.014 0.138 0.015 0.051 
   4   (0.061) 0.015 0.225 0.016 0.052 
   5   (0.034) 0.008 0.034 0.009 0.006 
   6   (0.074) 0.245 0.099 0.020 0.012 
   7   (0.052) 0.089 0.037 0.014 0.008 
   8   (0.069) 0.017 0.086 0.092 0.022 
   9   (0.040) 0.010 0.008 0.010 0.141 
  10   (0.043) 0.010 0.010 0.011 0.221 
  11   (0.040) 0.010 0.009 0.010 0.085 
  12   (0.037) 0.009 0.010 0.010 0.056 
  13   (0.037) 0.009 0.006 0.010 0.087 
  14   (0.040) 0.010 0.017 0.010 0.104 
  15   (0.036) 0.009 0.008 0.009 0.085 
  16   (0.062) 0.091 0.010 0.127 0.010 
  17   (0.077) 0.170 0.012 0.242 0.013 
  18   (0.040) 0.010 0.006 0.232 0.006 
  19   (0.061) 0.128 0.009 0.090 0.010 
  20   (0.032) 0.008 0.005 0.045 0.005 

Locus 54 : locus54 
20 alleles
0.0% missing data
   1   (0.049) 0.012 0.231 0.013 0.012 
   2   (0.041) 0.010 0.091 0.011 0.007 
   3   (0.050) 0.012 0.227 0.013 0.015 
   4   (0.058) 0.090 0.037 0.015 0.010 
   5   (0.041) 0.010 0.034 0.011 0.007 
   6   (0.036) 0.009 0.034 0.010 0.006 
   7   (0.054) 0.013 0.201 0.014 0.014 
   8   (0.037) 0.009 0.034 0.010 0.006 
   9   (0.044) 0.011 0.012 0.012 0.113 
  10   (0.056) 0.014 0.012 0.015 0.394 
  11   (0.076) 0.018 0.017 0.056 0.230 
  12   (0.080) 0.019 0.012 0.317 0.040 
  13   (0.074) 0.018 0.011 0.278 0.039 
  14   (0.041) 0.010 0.006 0.011 0.062 
  15   (0.039) 0.009 0.006 0.047 0.006 
  16   (0.042) 0.010 0.006 0.085 0.007 
  17   (0.039) 0.009 0.006 0.047 0.007 
  18   (0.052) 0.316 0.008 0.013 0.009 
  19   (0.052) 0.316 0.008 0.014 0.009 
  20   (0.039) 0.085 0.006 0.010 0.006 

Locus 55 : locus55 
28 alleles
0.0% missing data
   1   (0.038) 0.009 0.284 0.010 0.010 
   2   (0.042) 0.010 0.034 0.048 0.007 
   3   (0.033) 0.008 0.087 0.009 0.008 
   4   (0.031) 0.008 0.033 0.008 0.005 
   5   (0.035) 0.008 0.058 0.009 0.010 
   6   (0.053) 0.013 0.144 0.051 0.014 
   7   (0.051) 0.012 0.089 0.050 0.012 
   8   (0.031) 0.007 0.033 0.008 0.005 
   9   (0.035) 0.009 0.117 0.009 0.007 
  10   (0.034) 0.008 0.007 0.009 0.087 
  11   (0.036) 0.009 0.007 0.009 0.116 
  12   (0.052) 0.050 0.012 0.014 0.145 
  13   (0.032) 0.008 0.006 0.008 0.144 
  14   (0.035) 0.008 0.009 0.009 0.058 
  15   (0.036) 0.009 0.007 0.009 0.116 
  16   (0.035) 0.008 0.009 0.009 0.058 
  17   (0.047) 0.049 0.010 0.012 0.088 
  18   (0.032) 0.008 0.008 0.008 0.058 
  19   (0.033) 0.008 0.005 0.119 0.005 
  20   (0.032) 0.008 0.005 0.193 0.005 
  21   (0.034) 0.008 0.005 0.120 0.006 
  22   (0.025) 0.006 0.004 0.044 0.004 
  23   (0.031) 0.008 0.005 0.193 0.005 
  24   (0.025) 0.044 0.004 0.007 0.004 
  25   (0.036) 0.312 0.005 0.009 0.006 
  26   (0.031) 0.083 0.005 0.008 0.005 
  27   (0.033) 0.198 0.005 0.009 0.006 
  28   (0.031) 0.084 0.005 0.008 0.005 

Locus 56 : locus56 
13 alleles
0.0% missing data
   1   (0.123) 0.258 0.153 0.032 0.138 
   2   (0.121) 0.257 0.417 0.032 0.059 
   3   (0.077) 0.019 0.056 0.057 0.053 
   4   (0.091) 0.098 0.144 0.024 0.057 
   5   (0.077) 0.019 0.065 0.241 0.018 
   6   (0.075) 0.018 0.041 0.094 0.039 
   7   (0.080) 0.057 0.053 0.021 0.083 
   8   (0.068) 0.017 0.016 0.129 0.059 
   9   (0.076) 0.055 0.021 0.020 0.407 
  10   (0.071) 0.055 0.011 0.055 0.038 
  11   (0.068) 0.016 0.011 0.277 0.037 
  12   (0.038) 0.085 0.006 0.010 0.006 
  13   (0.034) 0.046 0.005 0.009 0.006 

Locus 57 : locus57 
19 alleles
0.0% missing data
   1   (0.105) 0.063 0.327 0.028 0.070 
   2   (0.050) 0.012 0.258 0.013 0.010 
   3   (0.048) 0.012 0.198 0.013 0.013 
   4   (0.045) 0.011 0.088 0.012 0.010 
   5   (0.091) 0.098 0.021 0.024 0.430 
   6   (0.070) 0.054 0.016 0.018 0.062 
   7   (0.046) 0.011 0.008 0.012 0.146 
   8   (0.059) 0.052 0.009 0.015 0.038 
   9   (0.045) 0.011 0.009 0.012 0.089 
  10   (0.040) 0.010 0.006 0.011 0.063 
  11   (0.049) 0.012 0.007 0.197 0.008 
  12   (0.050) 0.012 0.008 0.272 0.008 
  13   (0.041) 0.010 0.006 0.084 0.007 
  14   (0.043) 0.010 0.006 0.122 0.007 
  15   (0.038) 0.009 0.006 0.047 0.006 
  16   (0.038) 0.009 0.006 0.084 0.006 
  17   (0.051) 0.316 0.008 0.013 0.009 
  18   (0.044) 0.125 0.007 0.012 0.007 
  19   (0.046) 0.163 0.007 0.012 0.008 

Locus 58 : locus58 
23 alleles
0.0% missing data
   1   (0.045) 0.011 0.118 0.012 0.012 
   2   (0.043) 0.010 0.148 0.011 0.011 
   3   (0.077) 0.170 0.243 0.020 0.014 
   4   (0.042) 0.010 0.118 0.011 0.011 
   5   (0.069) 0.017 0.165 0.018 0.084 
   6   (0.069) 0.168 0.094 0.018 0.015 
   7   (0.041) 0.010 0.009 0.011 0.167 
   8   (0.052) 0.012 0.014 0.014 0.354 
   9   (0.040) 0.010 0.008 0.010 0.141 
  10   (0.038) 0.009 0.008 0.010 0.113 
  11   (0.042) 0.010 0.006 0.159 0.007 
  12   (0.037) 0.009 0.006 0.121 0.006 
  13   (0.044) 0.011 0.007 0.233 0.007 
  14   (0.038) 0.009 0.006 0.084 0.006 
  15   (0.034) 0.008 0.005 0.046 0.006 
  16   (0.036) 0.009 0.006 0.083 0.006 
  17   (0.032) 0.008 0.005 0.045 0.005 
  18   (0.033) 0.008 0.005 0.046 0.005 
  19   (0.037) 0.085 0.006 0.010 0.006 
  20   (0.036) 0.085 0.006 0.009 0.006 
  21   (0.037) 0.085 0.006 0.010 0.006 
  22   (0.042) 0.162 0.007 0.011 0.007 
  23   (0.035) 0.084 0.006 0.009 0.006 

Locus 59 : locus59 
17 alleles
0.0% missing data
   1   (0.075) 0.018 0.151 0.093 0.018 
   2   (0.046) 0.011 0.153 0.012 0.007 
   3   (0.054) 0.013 0.267 0.014 0.012 
   4   (0.090) 0.022 0.115 0.024 0.326 
   5   (0.036) 0.009 0.035 0.009 0.006 
   6   (0.071) 0.017 0.054 0.019 0.162 
   7   (0.078) 0.019 0.086 0.131 0.024 
   8   (0.080) 0.019 0.066 0.021 0.314 
   9   (0.086) 0.097 0.013 0.097 0.041 
  10   (0.041) 0.010 0.006 0.011 0.034 
  11   (0.052) 0.013 0.008 0.346 0.008 
  12   (0.057) 0.051 0.009 0.052 0.009 
  13   (0.068) 0.282 0.011 0.054 0.011 
  14   (0.040) 0.010 0.006 0.084 0.006 
  15   (0.044) 0.124 0.007 0.011 0.007 
  16   (0.040) 0.086 0.006 0.010 0.006 
  17   (0.044) 0.200 0.007 0.012 0.007 

Locus 60 : locus60 
21 alleles
0.0% missing data
   1   (0.086) 0.021 0.279 0.059 0.089 
   2   (0.039) 0.010 0.146 0.010 0.010 
   3   (0.056) 0.014 0.115 0.015 0.044 
   4   (0.041) 0.010 0.176 0.011 0.010 
   5   (0.049) 0.012 0.036 0.013 0.036 
   6   (0.032) 0.008 0.033 0.008 0.005 
   7   (0.103) 0.215 0.108 0.138 0.037 
   8   (0.041) 0.010 0.012 0.011 0.221 
   9   (0.036) 0.009 0.007 0.009 0.114 
  10   (0.037) 0.009 0.008 0.010 0.086 
  11   (0.042) 0.010 0.009 0.011 0.169 
  12   (0.031) 0.007 0.005 0.008 0.032 
  13   (0.034) 0.008 0.007 0.009 0.086 
  14   (0.060) 0.090 0.009 0.126 0.010 
  15   (0.062) 0.052 0.010 0.312 0.010 
  16   (0.035) 0.008 0.005 0.083 0.006 
  17   (0.053) 0.051 0.008 0.088 0.009 
  18   (0.055) 0.127 0.008 0.051 0.009 
  19   (0.032) 0.046 0.005 0.008 0.005 
  20   (0.043) 0.200 0.007 0.011 0.007 
  21   (0.034) 0.084 0.005 0.009 0.006 

Locus 61 : locus61 
22 alleles
0.0% missing data
   1   (0.039) 0.010 0.171 0.010 0.009 
   2   (0.041) 0.010 0.200 0.011 0.009 
   3   (0.039) 0.009 0.062 0.010 0.007 
   4   (0.035) 0.008 0.033 0.009 0.006 
   5   (0.051) 0.012 0.365 0.013 0.015 
   6   (0.035) 0.008 0.033 0.009 0.006 
   7   (0.060) 0.015 0.012 0.053 0.091 
   8   (0.038) 0.009 0.008 0.010 0.088 
   9   (0.062) 0.015 0.009 0.238 0.038 
  10   (0.071) 0.017 0.014 0.166 0.093 
  11   (0.048) 0.011 0.012 0.012 0.256 
  12   (0.046) 0.011 0.012 0.012 0.115 
  13   (0.059) 0.014 0.009 0.052 0.122 
  14   (0.037) 0.009 0.009 0.010 0.058 
  15   (0.062) 0.015 0.009 0.164 0.038 
  16   (0.035) 0.009 0.005 0.046 0.006 
  17   (0.041) 0.010 0.006 0.121 0.007 
  18   (0.040) 0.161 0.006 0.011 0.007 
  19   (0.042) 0.276 0.006 0.011 0.007 
  20   (0.044) 0.162 0.007 0.011 0.008 
  21   (0.040) 0.161 0.006 0.010 0.007 
  22   (0.037) 0.047 0.006 0.010 0.006 

Locus 62 : locus62 
21 alleles
0.0% missing data
   1   (0.042) 0.010 0.088 0.011 0.010 
   2   (0.038) 0.009 0.116 0.010 0.008 
   3   (0.044) 0.011 0.169 0.012 0.013 
   4   (0.042) 0.010 0.228 0.011 0.011 
   5   (0.041) 0.010 0.174 0.011 0.008 
   6   (0.043) 0.010 0.088 0.011 0.010 
   7   (0.067) 0.016 0.013 0.091 0.121 
   8   (0.041) 0.010 0.008 0.011 0.088 
   9   (0.072) 0.132 0.018 0.019 0.117 
  10   (0.040) 0.010 0.008 0.010 0.172 
  11   (0.042) 0.010 0.011 0.011 0.114 
  12   (0.059) 0.014 0.012 0.052 0.119 
  13   (0.053) 0.013 0.008 0.051 0.037 
  14   (0.081) 0.020 0.015 0.317 0.122 
  15   (0.044) 0.011 0.007 0.270 0.007 
  16   (0.053) 0.050 0.008 0.051 0.009 
  17   (0.047) 0.239 0.007 0.012 0.008 
  18   (0.038) 0.085 0.006 0.010 0.006 
  19   (0.040) 0.161 0.006 0.010 0.007 
  20   (0.034) 0.084 0.005 0.009 0.006 
  21   (0.040) 0.085 0.006 0.010 0.007 

Locus 63 : locus63 
23 alleles
0.0% missing data
   1   (0.034) 0.008 0.034 0.009 0.006 
   2   (0.046) 0.011 0.227 0.012 0.013 
   3   (0.036) 0.009 0.090 0.009 0.006 
   4   (0.036) 0.009 0.034 0.009 0.006 
   5   (0.040) 0.010 0.144 0.010 0.010 
   6   (0.046) 0.011 0.287 0.012 0.011 
   7   (0.039) 0.009 0.058 0.010 0.011 
   8   (0.052) 0.013 0.011 0.014 0.284 
   9   (0.037) 0.009 0.006 0.010 0.034 
  10   (0.070) 0.131 0.013 0.018 0.148 
  11   (0.086) 0.248 0.020 0.023 0.340 
  12   (0.068) 0.244 0.015 0.018 0.062 
  13   (0.047) 0.011 0.007 0.271 0.008 
  14   (0.037) 0.009 0.006 0.084 0.006 
  15   (0.042) 0.010 0.006 0.195 0.007 
  16   (0.038) 0.009 0.006 0.084 0.006 
  17   (0.031) 0.007 0.005 0.045 0.005 
  18   (0.036) 0.009 0.006 0.046 0.006 
  19   (0.037) 0.009 0.006 0.083 0.006 
  20   (0.038) 0.085 0.006 0.010 0.006 
  21   (0.037) 0.047 0.006 0.010 0.006 
  22   (0.033) 0.046 0.005 0.009 0.006 
  23   (0.033) 0.046 0.005 0.009 0.006 

Locus 64 : locus64 
16 alleles
0.0% missing data
   1   (0.097) 0.061 0.177 0.099 0.051 
   2   (0.057) 0.014 0.081 0.052 0.021 
   3   (0.090) 0.059 0.192 0.023 0.201 
   4   (0.102) 0.063 0.083 0.138 0.090 
   5   (0.094) 0.023 0.130 0.172 0.096 
   6   (0.093) 0.212 0.176 0.024 0.077 
   7   (0.058) 0.014 0.036 0.237 0.010 
   8   (0.031) 0.008 0.033 0.008 0.005 
   9   (0.055) 0.013 0.036 0.125 0.009 
  10   (0.052) 0.165 0.008 0.014 0.037 
  11   (0.054) 0.051 0.010 0.014 0.120 
  12   (0.060) 0.090 0.011 0.016 0.121 
  13   (0.035) 0.008 0.005 0.009 0.062 
  14   (0.035) 0.009 0.009 0.009 0.059 
  15   (0.056) 0.204 0.008 0.015 0.037 
  16   (0.032) 0.008 0.005 0.045 0.005 

Locus 65 : locus65 
22 alleles
0.0% missing data
   1   (0.033) 0.008 0.061 0.009 0.005 
   2   (0.038) 0.009 0.200 0.010 0.009 
   3   (0.035) 0.008 0.087 0.009 0.008 
   4   (0.038) 0.009 0.087 0.010 0.009 
   5   (0.036) 0.009 0.087 0.009 0.008 
   6   (0.038) 0.009 0.143 0.010 0.010 
   7   (0.056) 0.013 0.169 0.051 0.017 
   8   (0.033) 0.008 0.033 0.009 0.006 
   9   (0.055) 0.051 0.008 0.014 0.149 
  10   (0.088) 0.287 0.013 0.097 0.043 
  11   (0.063) 0.091 0.012 0.016 0.203 
  12   (0.036) 0.009 0.012 0.009 0.083 
  13   (0.085) 0.173 0.013 0.096 0.070 
  14   (0.075) 0.246 0.022 0.020 0.197 
  15   (0.055) 0.013 0.014 0.051 0.115 
  16   (0.031) 0.007 0.005 0.008 0.033 
  17   (0.039) 0.009 0.006 0.195 0.006 
  18   (0.030) 0.007 0.005 0.045 0.005 
  19   (0.038) 0.009 0.006 0.158 0.006 
  20   (0.031) 0.007 0.005 0.045 0.005 
  21   (0.038) 0.009 0.006 0.084 0.006 
  22   (0.032) 0.008 0.005 0.045 0.005 

Locus 66 : locus66 
19 alleles
0.0% missing data
   1   (0.071) 0.131 0.138 0.019 0.024 
   2   (0.087) 0.097 0.120 0.023 0.130 
   3   (0.072) 0.017 0.144 0.240 0.019 
   4   (0.072) 0.055 0.039 0.019 0.097 
   5   (0.055) 0.013 0.118 0.051 0.012 
   6   (0.042) 0.010 0.142 0.011 0.011 
   7   (0.087) 0.135 0.113 0.023 0.084 
   8   (0.065) 0.016 0.081 0.017 0.193 
   9   (0.048) 0.012 0.035 0.013 0.036 
  10   (0.042) 0.010 0.013 0.011 0.198 
  11   (0.034) 0.008 0.005 0.009 0.062 
  12   (0.054) 0.128 0.008 0.014 0.037 
  13   (0.063) 0.129 0.014 0.016 0.062 
  14   (0.038) 0.009 0.006 0.195 0.006 
  15   (0.035) 0.009 0.005 0.157 0.006 
  16   (0.036) 0.009 0.005 0.120 0.006 
  17   (0.031) 0.008 0.005 0.045 0.005 
  18   (0.032) 0.084 0.005 0.009 0.006 
  19   (0.034) 0.122 0.005 0.009 0.006 

Locus 67 : locus67 
21 alleles
0.0% missing data
   1   (0.070) 0.055 0.291 0.018 0.018 
   2   (0.065) 0.016 0.116 0.017 0.046 
   3   (0.054) 0.013 0.037 0.051 0.009 
   4   (0.045) 0.011 0.116 0.012 0.013 
   5   (0.077) 0.132 0.209 0.020 0.017 
   6   (0.067) 0.016 0.038 0.425 0.011 
   7   (0.064) 0.015 0.092 0.053 0.014 
   8   (0.047) 0.011 0.010 0.012 0.307 
   9   (0.048) 0.012 0.012 0.012 0.278 
  10   (0.039) 0.009 0.010 0.010 0.112 
  11   (0.038) 0.009 0.009 0.010 0.058 
  12   (0.036) 0.009 0.006 0.010 0.033 
  13   (0.033) 0.008 0.005 0.009 0.033 
  14   (0.042) 0.010 0.006 0.195 0.007 
  15   (0.034) 0.008 0.005 0.046 0.006 
  16   (0.033) 0.008 0.005 0.045 0.005 
  17   (0.049) 0.239 0.008 0.013 0.008 
  18   (0.037) 0.085 0.006 0.010 0.006 
  19   (0.041) 0.124 0.006 0.011 0.007 
  20   (0.043) 0.124 0.007 0.011 0.007 
  21   (0.037) 0.085 0.006 0.010 0.006 

Locus 68 : locus68 
21 alleles
0.0% missing data
   1   (0.052) 0.012 0.036 0.124 0.009 
   2   (0.051) 0.050 0.060 0.013 0.013 
   3   (0.038) 0.009 0.119 0.010 0.008 
   4   (0.051) 0.012 0.091 0.050 0.012 
   5   (0.067) 0.093 0.068 0.054 0.011 
   6   (0.059) 0.090 0.147 0.015 0.015 
   7   (0.077) 0.019 0.291 0.278 0.019 
   8   (0.046) 0.011 0.036 0.012 0.035 
   9   (0.052) 0.050 0.060 0.014 0.014 
  10   (0.043) 0.010 0.010 0.011 0.306 
  11   (0.040) 0.010 0.008 0.010 0.115 
  12   (0.042) 0.048 0.007 0.011 0.034 
  13   (0.072) 0.169 0.017 0.019 0.281 
  14   (0.052) 0.051 0.013 0.014 0.059 
  15   (0.052) 0.127 0.008 0.014 0.036 
  16   (0.036) 0.009 0.005 0.194 0.006 
  17   (0.035) 0.009 0.005 0.083 0.006 
  18   (0.032) 0.008 0.005 0.045 0.005 
  19   (0.038) 0.123 0.006 0.010 0.006 
  20   (0.033) 0.046 0.005 0.009 0.006 
  21   (0.032) 0.045 0.005 0.008 0.005 

Locus 69 : locus69 
17 alleles
0.0% missing data
   1   (0.043) 0.010 0.203 0.011 0.011 
   2   (0.085) 0.058 0.182 0.022 0.099 
   3   (0.109) 0.027 0.276 0.139 0.127 
   4   (0.090) 0.098 0.079 0.024 0.172 
   5   (0.077) 0.019 0.040 0.169 0.040 
   6   (0.084) 0.134 0.062 0.022 0.104 
   7   (0.059) 0.014 0.059 0.016 0.099 
   8   (0.066) 0.092 0.017 0.017 0.114 
   9   (0.033) 0.008 0.005 0.009 0.033 
  10   (0.071) 0.017 0.022 0.166 0.083 
  11   (0.058) 0.014 0.020 0.052 0.081 
  12   (0.037) 0.009 0.006 0.083 0.006 
  13   (0.040) 0.010 0.006 0.231 0.007 
  14   (0.039) 0.123 0.006 0.010 0.006 
  15   (0.038) 0.198 0.006 0.010 0.006 
  16   (0.039) 0.123 0.006 0.010 0.006 
  17   (0.032) 0.046 0.005 0.008 0.005 

Locus 70 : locus70 
15 alleles
0.0% missing data
   1   (0.064) 0.015 0.152 0.091 0.013 
   2   (0.055) 0.013 0.092 0.051 0.012 
   3   (0.084) 0.096 0.125 0.059 0.017 
   4   (0.091) 0.250 0.052 0.024 0.087 
   5   (0.095) 0.060 0.166 0.099 0.035 
   6   (0.077) 0.019 0.182 0.205 0.015 
   7   (0.092) 0.174 0.064 0.098 0.022 
   8   (0.057) 0.014 0.092 0.052 0.012 
   9   (0.112) 0.102 0.025 0.177 0.230 
  10   (0.038) 0.009 0.008 0.010 0.086 
  11   (0.047) 0.011 0.012 0.012 0.304 
  12   (0.036) 0.009 0.006 0.009 0.061 
  13   (0.086) 0.210 0.013 0.096 0.041 
  14   (0.033) 0.008 0.005 0.009 0.033 
  15   (0.033) 0.008 0.005 0.009 0.033 

Locus 71 : locus71 
21 alleles
0.0% missing data
   1   (0.045) 0.011 0.145 0.012 0.011 
   2   (0.050) 0.012 0.175 0.013 0.012 
   3   (0.044) 0.011 0.233 0.011 0.008 
   4   (0.048) 0.012 0.228 0.013 0.014 
   5   (0.038) 0.009 0.058 0.010 0.011 
   6   (0.037) 0.009 0.034 0.010 0.006 
   7   (0.044) 0.010 0.008 0.011 0.144 
   8   (0.049) 0.012 0.010 0.013 0.171 
   9   (0.051) 0.012 0.012 0.013 0.226 
  10   (0.048) 0.011 0.011 0.012 0.226 
  11   (0.044) 0.011 0.009 0.011 0.088 
  12   (0.074) 0.093 0.011 0.241 0.012 
  13   (0.073) 0.170 0.011 0.093 0.012 
  14   (0.040) 0.010 0.006 0.121 0.007 
  15   (0.041) 0.010 0.006 0.158 0.007 
  16   (0.075) 0.132 0.011 0.167 0.012 
  17   (0.036) 0.009 0.005 0.046 0.006 
  18   (0.040) 0.085 0.006 0.010 0.007 
  19   (0.044) 0.125 0.007 0.012 0.007 
  20   (0.044) 0.200 0.007 0.012 0.007 
  21   (0.037) 0.047 0.006 0.010 0.006 

Locus 72 : locus72 
25 alleles
0.0% missing data
   1   (0.059) 0.090 0.231 0.016 0.015 
   2   (0.045) 0.011 0.089 0.049 0.010 
   3   (0.070) 0.207 0.067 0.055 0.012 
   4   (0.027) 0.007 0.032 0.007 0.004 
   5   (0.035) 0.009 0.082 0.009 0.014 
   6   (0.061) 0.015 0.231 0.127 0.015 
   7   (0.031) 0.008 0.062 0.008 0.005 
   8   (0.063) 0.053 0.061 0.053 0.016 
   9   (0.029) 0.007 0.033 0.008 0.005 
  10   (0.032) 0.008 0.006 0.008 0.115 
  11   (0.058) 0.089 0.013 0.015 0.228 
  12   (0.033) 0.008 0.006 0.009 0.115 
  13   (0.056) 0.128 0.019 0.015 0.082 
  14   (0.034) 0.008 0.007 0.009 0.087 
  15   (0.031) 0.008 0.005 0.008 0.061 
  16   (0.033) 0.008 0.005 0.009 0.033 
  17   (0.033) 0.008 0.008 0.009 0.058 
  18   (0.056) 0.203 0.011 0.015 0.090 
  19   (0.031) 0.008 0.005 0.119 0.005 
  20   (0.029) 0.007 0.004 0.045 0.005 
  21   (0.026) 0.006 0.004 0.081 0.004 
  22   (0.034) 0.008 0.005 0.194 0.006 
  23   (0.032) 0.008 0.005 0.082 0.005 
  24   (0.029) 0.007 0.005 0.045 0.005 
  25   (0.031) 0.083 0.005 0.008 0.005 

Locus 73 : locus73 
19 alleles
0.0% missing data
   1   (0.103) 0.062 0.293 0.027 0.135 
   2   (0.033) 0.008 0.034 0.009 0.005 
   3   (0.052) 0.051 0.036 0.013 0.009 
   4   (0.035) 0.008 0.062 0.009 0.006 
   5   (0.039) 0.009 0.059 0.010 0.010 
   6   (0.102) 0.100 0.096 0.027 0.242 
   7   (0.090) 0.059 0.236 0.023 0.075 
   8   (0.061) 0.015 0.103 0.016 0.058 
   9   (0.071) 0.055 0.017 0.019 0.337 
  10   (0.058) 0.090 0.009 0.015 0.065 
  11   (0.041) 0.010 0.006 0.158 0.007 
  12   (0.032) 0.008 0.005 0.045 0.005 
  13   (0.044) 0.011 0.007 0.196 0.007 
  14   (0.042) 0.010 0.006 0.159 0.007 
  15   (0.042) 0.010 0.006 0.122 0.007 
  16   (0.038) 0.009 0.006 0.083 0.006 
  17   (0.032) 0.008 0.005 0.045 0.005 
  18   (0.041) 0.162 0.006 0.011 0.007 
  19   (0.046) 0.315 0.007 0.012 0.008 

Locus 74 : locus74 
27 alleles
0.0% missing data
   1   (0.050) 0.012 0.085 0.013 0.153 
   2   (0.042) 0.010 0.050 0.011 0.047 
   3   (0.050) 0.012 0.046 0.013 0.218 
   4   (0.028) 0.007 0.116 0.007 0.008 
   5   (0.032) 0.008 0.148 0.008 0.006 
   6   (0.061) 0.091 0.066 0.016 0.064 
   7   (0.078) 0.170 0.180 0.057 0.018 
   8   (0.043) 0.086 0.035 0.011 0.007 
   9   (0.045) 0.049 0.065 0.012 0.007 
  10   (0.048) 0.049 0.117 0.013 0.014 
  11   (0.034) 0.008 0.010 0.009 0.220 
  12   (0.029) 0.007 0.005 0.008 0.087 
  13   (0.033) 0.008 0.012 0.009 0.081 
  14   (0.032) 0.008 0.005 0.119 0.005 
  15   (0.027) 0.007 0.004 0.044 0.005 
  16   (0.026) 0.006 0.004 0.081 0.004 
  17   (0.052) 0.240 0.008 0.087 0.009 
  18   (0.030) 0.007 0.005 0.119 0.005 
  19   (0.026) 0.006 0.004 0.044 0.004 
  20   (0.029) 0.007 0.005 0.082 0.005 
  21   (0.027) 0.007 0.004 0.044 0.005 
  22   (0.032) 0.008 0.005 0.082 0.005 
  23   (0.031) 0.007 0.005 0.045 0.005 
  24   (0.029) 0.007 0.004 0.045 0.005 
  25   (0.025) 0.044 0.004 0.006 0.004 
  26   (0.031) 0.083 0.005 0.008 0.005 
  27   (0.028) 0.045 0.004 0.007 0.005 

Locus 75 : locus75 
31 alleles
0.0% missing data
   1   (0.042) 0.010 0.046 0.011 0.078 
   2   (0.050) 0.012 0.124 0.013 0.116 
   3   (0.033) 0.008 0.179 0.009 0.006 
   4   (0.068) 0.092 0.068 0.018 0.065 
   5   (0.028) 0.007 0.090 0.007 0.006 
   6   (0.053) 0.013 0.249 0.014 0.055 
   7   (0.029) 0.007 0.090 0.008 0.007 
   8   (0.028) 0.007 0.034 0.007 0.005 
   9   (0.031) 0.008 0.008 0.008 0.056 
  10   (0.033) 0.008 0.010 0.008 0.163 
  11   (0.033) 0.008 0.005 0.009 0.087 
  12   (0.034) 0.008 0.009 0.009 0.192 
  13   (0.026) 0.006 0.004 0.007 0.031 
  14   (0.031) 0.007 0.009 0.008 0.055 
  15   (0.026) 0.006 0.004 0.118 0.004 
  16   (0.029) 0.007 0.005 0.082 0.005 
  17   (0.027) 0.007 0.004 0.192 0.004 
  18   (0.029) 0.007 0.005 0.155 0.005 
  19   (0.026) 0.006 0.004 0.044 0.004 
  20   (0.024) 0.006 0.004 0.043 0.004 
  21   (0.030) 0.007 0.005 0.118 0.005 
  22   (0.026) 0.006 0.004 0.043 0.004 
  23   (0.037) 0.161 0.006 0.010 0.006 
  24   (0.031) 0.083 0.005 0.008 0.005 
  25   (0.027) 0.082 0.004 0.007 0.004 
  26   (0.029) 0.083 0.004 0.007 0.005 
  27   (0.026) 0.044 0.004 0.007 0.004 
  28   (0.028) 0.045 0.004 0.007 0.005 
  29   (0.027) 0.044 0.004 0.007 0.004 
  30   (0.031) 0.159 0.005 0.008 0.005 
  31   (0.029) 0.045 0.004 0.008 0.005 

Locus 76 : locus76 
22 alleles
0.0% missing data
   1   (0.082) 0.058 0.090 0.058 0.050 
   2   (0.036) 0.009 0.117 0.009 0.010 
   3   (0.059) 0.014 0.149 0.016 0.204 
   4   (0.033) 0.008 0.060 0.009 0.009 
   5   (0.051) 0.012 0.105 0.013 0.053 
   6   (0.039) 0.009 0.179 0.010 0.009 
   7   (0.034) 0.008 0.090 0.009 0.008 
   8   (0.053) 0.013 0.066 0.162 0.009 
   9   (0.070) 0.093 0.040 0.166 0.011 
  10   (0.069) 0.168 0.017 0.018 0.330 
  11   (0.064) 0.015 0.017 0.127 0.112 
  12   (0.043) 0.010 0.007 0.048 0.034 
  13   (0.055) 0.127 0.015 0.014 0.111 
  14   (0.047) 0.049 0.007 0.049 0.008 
  15   (0.034) 0.008 0.005 0.083 0.005 
  16   (0.033) 0.008 0.005 0.082 0.005 
  17   (0.030) 0.007 0.005 0.044 0.005 
  18   (0.049) 0.088 0.008 0.050 0.008 
  19   (0.034) 0.160 0.005 0.009 0.006 
  20   (0.029) 0.045 0.004 0.008 0.005 
  21   (0.029) 0.045 0.005 0.008 0.005 
  22   (0.028) 0.045 0.004 0.007 0.005 

Locus 77 : locus77 
16 alleles
0.0% missing data
   1   (0.045) 0.011 0.148 0.012 0.008 
   2   (0.048) 0.012 0.286 0.013 0.011 
   3   (0.043) 0.011 0.088 0.011 0.010 
   4   (0.048) 0.012 0.114 0.013 0.014 
   5   (0.051) 0.012 0.170 0.013 0.015 
   6   (0.042) 0.010 0.058 0.011 0.012 
   7   (0.082) 0.020 0.016 0.132 0.205 
   8   (0.096) 0.023 0.024 0.210 0.314 
   9   (0.062) 0.052 0.009 0.016 0.094 
  10   (0.106) 0.063 0.023 0.139 0.150 
  11   (0.102) 0.101 0.022 0.138 0.066 
  12   (0.083) 0.438 0.013 0.022 0.069 
  13   (0.041) 0.010 0.006 0.085 0.007 
  14   (0.069) 0.130 0.011 0.092 0.012 
  15   (0.040) 0.010 0.006 0.084 0.007 
  16   (0.041) 0.086 0.006 0.011 0.007 

Locus 78 : locus78 
16 alleles
0.0% missing data
   1   (0.040) 0.010 0.088 0.011 0.009 
   2   (0.046) 0.011 0.258 0.012 0.010 
   3   (0.046) 0.011 0.169 0.012 0.014 
   4   (0.045) 0.011 0.143 0.012 0.011 
   5   (0.047) 0.011 0.113 0.012 0.014 
   6   (0.041) 0.010 0.091 0.011 0.007 
   7   (0.108) 0.102 0.022 0.139 0.180 
   8   (0.102) 0.100 0.020 0.101 0.209 
   9   (0.097) 0.061 0.020 0.136 0.178 
  10   (0.083) 0.210 0.020 0.022 0.173 
  11   (0.087) 0.097 0.017 0.060 0.123 
  12   (0.052) 0.013 0.008 0.050 0.037 
  13   (0.074) 0.246 0.011 0.167 0.013 
  14   (0.064) 0.053 0.010 0.201 0.011 
  15   (0.033) 0.008 0.005 0.045 0.005 
  16   (0.035) 0.046 0.005 0.009 0.006 

Locus 79 : locus79 
24 alleles
0.0% missing data
   1   (0.034) 0.008 0.062 0.009 0.006 
   2   (0.062) 0.015 0.258 0.127 0.017 
   3   (0.031) 0.008 0.062 0.008 0.005 
   4   (0.031) 0.007 0.033 0.008 0.005 
   5   (0.039) 0.009 0.230 0.010 0.010 
   6   (0.029) 0.007 0.033 0.008 0.005 
   7   (0.030) 0.007 0.033 0.008 0.005 
   8   (0.032) 0.008 0.058 0.008 0.009 
   9   (0.032) 0.008 0.114 0.008 0.009 
  10   (0.069) 0.093 0.016 0.055 0.061 
  11   (0.059) 0.052 0.015 0.016 0.448 
  12   (0.035) 0.008 0.006 0.009 0.171 
  13   (0.071) 0.093 0.013 0.055 0.120 
  14   (0.045) 0.049 0.007 0.012 0.035 
  15   (0.048) 0.049 0.007 0.012 0.036 
  16   (0.054) 0.050 0.008 0.162 0.009 
  17   (0.031) 0.008 0.005 0.082 0.005 
  18   (0.045) 0.049 0.007 0.049 0.007 
  19   (0.027) 0.007 0.004 0.081 0.004 
  20   (0.045) 0.049 0.007 0.086 0.007 
  21   (0.057) 0.204 0.009 0.089 0.009 
  22   (0.031) 0.007 0.005 0.045 0.005 
  23   (0.031) 0.008 0.005 0.045 0.005 
  24   (0.033) 0.198 0.005 0.009 0.005 

Locus 80 : locus80 
17 alleles
0.0% missing data
   1   (0.060) 0.015 0.223 0.016 0.048 
   2   (0.042) 0.010 0.226 0.011 0.011 
   3   (0.086) 0.021 0.050 0.059 0.259 
   4   (0.062) 0.015 0.151 0.016 0.064 
   5   (0.079) 0.019 0.081 0.057 0.085 
   6   (0.091) 0.022 0.119 0.135 0.076 
   7   (0.089) 0.021 0.076 0.060 0.260 
   8   (0.059) 0.090 0.009 0.015 0.066 
   9   (0.057) 0.090 0.008 0.015 0.066 
  10   (0.042) 0.010 0.006 0.195 0.007 
  11   (0.058) 0.166 0.009 0.052 0.010 
  12   (0.059) 0.204 0.009 0.052 0.010 
  13   (0.033) 0.008 0.005 0.046 0.006 
  14   (0.057) 0.089 0.009 0.089 0.010 
  15   (0.055) 0.051 0.008 0.162 0.009 
  16   (0.036) 0.085 0.005 0.009 0.006 
  17   (0.036) 0.085 0.005 0.009 0.006 

Locus 81 : locus81 
18 alleles
0.0% missing data
   1   (0.046) 0.011 0.036 0.049 0.008 
   2   (0.035) 0.008 0.089 0.009 0.008 
   3   (0.033) 0.008 0.063 0.009 0.006 
   4   (0.067) 0.016 0.261 0.091 0.018 
   5   (0.095) 0.023 0.215 0.210 0.070 
   6   (0.050) 0.012 0.065 0.050 0.008 
   7   (0.054) 0.013 0.037 0.125 0.009 
   8   (0.074) 0.094 0.088 0.019 0.049 
   9   (0.071) 0.093 0.053 0.019 0.053 
  10   (0.054) 0.051 0.011 0.014 0.088 
  11   (0.063) 0.091 0.017 0.017 0.168 
  12   (0.049) 0.088 0.008 0.013 0.035 
  13   (0.092) 0.136 0.019 0.061 0.285 
  14   (0.058) 0.166 0.009 0.015 0.064 
  15   (0.039) 0.009 0.011 0.010 0.111 
  16   (0.057) 0.051 0.009 0.237 0.009 
  17   (0.029) 0.007 0.004 0.044 0.005 
  18   (0.033) 0.122 0.005 0.009 0.005 

Locus 82 : locus82 
18 alleles
0.0% missing data
   1   (0.036) 0.009 0.086 0.009 0.009 
   2   (0.054) 0.013 0.081 0.014 0.048 
   3   (0.033) 0.008 0.033 0.009 0.006 
   4   (0.091) 0.022 0.414 0.060 0.086 
   5   (0.076) 0.018 0.144 0.057 0.048 
   6   (0.035) 0.008 0.061 0.009 0.006 
   7   (0.031) 0.008 0.032 0.008 0.005 
   8   (0.085) 0.058 0.050 0.022 0.346 
   9   (0.040) 0.010 0.012 0.010 0.142 
  10   (0.105) 0.215 0.020 0.212 0.099 
  11   (0.082) 0.248 0.012 0.096 0.042 
  12   (0.050) 0.088 0.007 0.013 0.037 
  13   (0.085) 0.058 0.018 0.207 0.065 
  14   (0.032) 0.008 0.005 0.008 0.034 
  15   (0.065) 0.129 0.010 0.128 0.011 
  16   (0.036) 0.009 0.005 0.083 0.006 
  17   (0.032) 0.008 0.005 0.045 0.006 
  18   (0.031) 0.083 0.005 0.008 0.005 

Locus 83 : locus83 
24 alleles
0.0% missing data
   1   (0.037) 0.009 0.088 0.010 0.009 
   2   (0.031) 0.008 0.090 0.008 0.005 
   3   (0.075) 0.056 0.092 0.020 0.128 
   4   (0.082) 0.248 0.105 0.021 0.061 
   5   (0.036) 0.009 0.114 0.010 0.011 
   6   (0.039) 0.009 0.144 0.010 0.010 
   7   (0.032) 0.008 0.058 0.008 0.008 
   8   (0.031) 0.008 0.033 0.008 0.005 
   9   (0.037) 0.009 0.144 0.010 0.010 
  10   (0.031) 0.008 0.033 0.008 0.005 
  11   (0.052) 0.050 0.008 0.014 0.120 
  12   (0.061) 0.243 0.014 0.016 0.061 
  13   (0.060) 0.052 0.014 0.016 0.339 
  14   (0.060) 0.091 0.013 0.016 0.173 
  15   (0.036) 0.009 0.006 0.083 0.006 
  16   (0.037) 0.009 0.006 0.120 0.006 
  17   (0.038) 0.009 0.006 0.157 0.006 
  18   (0.033) 0.008 0.005 0.119 0.005 
  19   (0.026) 0.006 0.004 0.044 0.004 
  20   (0.036) 0.009 0.006 0.083 0.006 
  21   (0.034) 0.008 0.005 0.046 0.006 
  22   (0.031) 0.007 0.005 0.119 0.005 
  23   (0.030) 0.007 0.005 0.045 0.005 
  24   (0.033) 0.122 0.005 0.008 0.005 

Locus 84 : locus84 
28 alleles
0.0% missing data
   1   (0.047) 0.011 0.064 0.012 0.063 
   2   (0.032) 0.008 0.115 0.008 0.010 
   3   (0.046) 0.011 0.188 0.012 0.052 
   4   (0.035) 0.008 0.118 0.009 0.007 
   5   (0.034) 0.008 0.230 0.009 0.009 
   6   (0.027) 0.006 0.033 0.007 0.004 
   7   (0.030) 0.007 0.033 0.008 0.005 
   8   (0.028) 0.007 0.090 0.007 0.005 
   9   (0.031) 0.007 0.005 0.008 0.088 
  10   (0.035) 0.009 0.008 0.009 0.280 
  11   (0.027) 0.007 0.004 0.007 0.032 
  12   (0.026) 0.006 0.004 0.007 0.060 
  13   (0.036) 0.009 0.012 0.009 0.082 
  14   (0.030) 0.007 0.008 0.008 0.057 
  15   (0.031) 0.007 0.008 0.008 0.057 
  16   (0.032) 0.008 0.008 0.008 0.112 
  17   (0.028) 0.007 0.004 0.044 0.005 
  18   (0.045) 0.162 0.007 0.048 0.007 
  19   (0.043) 0.048 0.007 0.086 0.007 
  20   (0.032) 0.008 0.005 0.082 0.005 
  21   (0.054) 0.165 0.008 0.162 0.009 
  22   (0.049) 0.049 0.008 0.161 0.008 
  23   (0.029) 0.007 0.004 0.081 0.005 
  24   (0.041) 0.048 0.006 0.048 0.007 
  25   (0.048) 0.126 0.007 0.049 0.008 
  26   (0.028) 0.007 0.004 0.044 0.005 
  27   (0.044) 0.125 0.007 0.048 0.007 
  28   (0.031) 0.121 0.005 0.008 0.005 

Locus 85 : locus85 
20 alleles
0.0% missing data
   1   (0.078) 0.209 0.204 0.020 0.017 
   2   (0.053) 0.013 0.049 0.014 0.052 
   3   (0.102) 0.176 0.232 0.063 0.025 
   4   (0.039) 0.009 0.200 0.010 0.009 
   5   (0.042) 0.010 0.143 0.011 0.011 
   6   (0.066) 0.016 0.058 0.017 0.242 
   7   (0.058) 0.052 0.012 0.015 0.091 
   8   (0.035) 0.009 0.009 0.009 0.058 
   9   (0.035) 0.008 0.005 0.009 0.118 
  10   (0.055) 0.051 0.008 0.015 0.093 
  11   (0.070) 0.017 0.023 0.092 0.166 
  12   (0.057) 0.128 0.009 0.015 0.066 
  13   (0.038) 0.009 0.006 0.084 0.006 
  14   (0.037) 0.009 0.006 0.120 0.006 
  15   (0.036) 0.009 0.005 0.120 0.006 
  16   (0.038) 0.009 0.006 0.157 0.006 
  17   (0.057) 0.204 0.009 0.051 0.010 
  18   (0.040) 0.010 0.006 0.121 0.007 
  19   (0.034) 0.008 0.005 0.046 0.006 
  20   (0.030) 0.045 0.005 0.008 0.005 

Locus 86 : locus86 
26 alleles
0.0% missing data
   1   (0.033) 0.008 0.063 0.009 0.005 
   2   (0.032) 0.008 0.063 0.008 0.005 
   3   (0.077) 0.019 0.056 0.241 0.053 
   4   (0.063) 0.015 0.185 0.016 0.172 
   5   (0.034) 0.008 0.176 0.009 0.010 
   6   (0.063) 0.015 0.113 0.016 0.292 
   7   (0.055) 0.013 0.036 0.274 0.009 
   8   (0.046) 0.011 0.066 0.012 0.060 
   9   (0.030) 0.007 0.034 0.008 0.005 
  10   (0.032) 0.008 0.034 0.008 0.005 
  11   (0.029) 0.007 0.034 0.008 0.005 
  12   (0.033) 0.008 0.059 0.009 0.009 
  13   (0.050) 0.012 0.008 0.050 0.063 
  14   (0.029) 0.007 0.005 0.008 0.032 
  15   (0.032) 0.008 0.008 0.008 0.138 
  16   (0.030) 0.007 0.005 0.008 0.032 
  17   (0.029) 0.007 0.008 0.007 0.056 
  18   (0.035) 0.009 0.005 0.157 0.006 
  19   (0.053) 0.203 0.008 0.088 0.009 
  20   (0.033) 0.084 0.005 0.009 0.005 
  21   (0.030) 0.083 0.005 0.008 0.005 
  22   (0.032) 0.235 0.005 0.008 0.005 
  23   (0.025) 0.044 0.004 0.007 0.004 
  24   (0.027) 0.044 0.004 0.007 0.005 
  25   (0.028) 0.045 0.004 0.007 0.005 
  26   (0.038) 0.085 0.006 0.010 0.006 

Locus 87 : locus87 
21 alleles
0.0% missing data
   1   (0.056) 0.014 0.054 0.015 0.131 
   2   (0.051) 0.012 0.046 0.014 0.082 
   3   (0.076) 0.018 0.098 0.131 0.040 
   4   (0.046) 0.011 0.036 0.012 0.035 
   5   (0.068) 0.016 0.332 0.018 0.138 
   6   (0.034) 0.008 0.091 0.009 0.006 
   7   (0.038) 0.009 0.175 0.010 0.009 
   8   (0.046) 0.011 0.036 0.012 0.035 
   9   (0.032) 0.008 0.033 0.008 0.005 
  10   (0.054) 0.013 0.010 0.051 0.145 
  11   (0.067) 0.016 0.020 0.091 0.194 
  12   (0.052) 0.012 0.011 0.050 0.089 
  13   (0.073) 0.055 0.011 0.205 0.039 
  14   (0.068) 0.168 0.010 0.239 0.011 
  15   (0.031) 0.007 0.005 0.045 0.005 
  16   (0.033) 0.008 0.005 0.045 0.006 
  17   (0.038) 0.161 0.006 0.010 0.006 
  18   (0.031) 0.045 0.005 0.008 0.005 
  19   (0.038) 0.199 0.006 0.010 0.006 
  20   (0.032) 0.084 0.005 0.008 0.005 
  21   (0.035) 0.122 0.005 0.009 0.006 

Locus 88 : locus88 
14 alleles
0.0% missing data
   1   (0.089) 0.097 0.100 0.060 0.015 
   2   (0.116) 0.180 0.240 0.067 0.027 
   3   (0.063) 0.015 0.118 0.016 0.044 
   4   (0.079) 0.019 0.090 0.021 0.266 
   5   (0.093) 0.022 0.264 0.172 0.024 
   6   (0.078) 0.019 0.066 0.020 0.289 
   7   (0.066) 0.016 0.047 0.017 0.113 
   8   (0.047) 0.011 0.012 0.012 0.112 
   9   (0.062) 0.015 0.015 0.053 0.059 
  10   (0.043) 0.010 0.007 0.122 0.007 
  11   (0.077) 0.094 0.012 0.205 0.013 
  12   (0.055) 0.051 0.009 0.052 0.009 
  13   (0.089) 0.325 0.014 0.170 0.015 
  14   (0.044) 0.124 0.007 0.011 0.007 

Locus 89 : locus89 
31 alleles
0.0% missing data
   1   (0.036) 0.009 0.058 0.009 0.010 
   2   (0.051) 0.050 0.114 0.013 0.015 
   3   (0.027) 0.007 0.032 0.007 0.004 
   4   (0.037) 0.009 0.284 0.010 0.010 
   5   (0.026) 0.006 0.061 0.007 0.004 
   6   (0.025) 0.006 0.032 0.006 0.004 
   7   (0.036) 0.009 0.170 0.009 0.010 
   8   (0.028) 0.007 0.089 0.007 0.005 
   9   (0.027) 0.007 0.032 0.007 0.005 
  10   (0.037) 0.009 0.008 0.010 0.255 
  11   (0.046) 0.011 0.009 0.049 0.089 
  12   (0.030) 0.007 0.006 0.008 0.198 
  13   (0.049) 0.012 0.016 0.050 0.083 
  14   (0.043) 0.010 0.006 0.048 0.091 
  15   (0.030) 0.007 0.008 0.008 0.057 
  16   (0.025) 0.006 0.006 0.007 0.057 
  17   (0.024) 0.006 0.004 0.006 0.032 
  18   (0.029) 0.007 0.004 0.119 0.005 
  19   (0.035) 0.009 0.005 0.120 0.006 
  20   (0.028) 0.007 0.004 0.081 0.005 
  21   (0.034) 0.008 0.005 0.120 0.006 
  22   (0.031) 0.008 0.005 0.045 0.005 
  23   (0.031) 0.007 0.005 0.082 0.005 
  24   (0.027) 0.007 0.004 0.044 0.005 
  25   (0.026) 0.006 0.004 0.081 0.004 
  26   (0.037) 0.275 0.006 0.010 0.006 
  27   (0.028) 0.045 0.004 0.007 0.005 
  28   (0.033) 0.084 0.005 0.009 0.006 
  29   (0.031) 0.197 0.005 0.008 0.005 
  30   (0.030) 0.121 0.004 0.008 0.005 
  31   (0.025) 0.044 0.004 0.006 0.004 

Locus 90 : locus90 
26 alleles
0.0% missing data
   1   (0.051) 0.013 0.090 0.050 0.011 
   2   (0.038) 0.009 0.114 0.010 0.011 
   3   (0.039) 0.009 0.203 0.010 0.009 
   4   (0.038) 0.009 0.230 0.010 0.009 
   5   (0.034) 0.008 0.091 0.009 0.006 
   6   (0.044) 0.011 0.035 0.049 0.007 
   7   (0.053) 0.013 0.115 0.051 0.015 
   8   (0.038) 0.009 0.010 0.010 0.112 
   9   (0.039) 0.009 0.008 0.010 0.198 
  10   (0.049) 0.049 0.009 0.013 0.145 
  11   (0.039) 0.009 0.010 0.010 0.251 
  12   (0.056) 0.090 0.011 0.015 0.118 
  13   (0.056) 0.166 0.009 0.015 0.037 
  14   (0.032) 0.008 0.005 0.082 0.005 
  15   (0.032) 0.008 0.005 0.083 0.005 
  16   (0.040) 0.010 0.006 0.158 0.007 
  17   (0.034) 0.008 0.005 0.083 0.006 
  18   (0.032) 0.008 0.005 0.045 0.005 
  19   (0.032) 0.008 0.005 0.082 0.005 
  20   (0.033) 0.008 0.005 0.119 0.006 
  21   (0.027) 0.007 0.004 0.044 0.005 
  22   (0.035) 0.123 0.005 0.009 0.006 
  23   (0.034) 0.084 0.005 0.009 0.006 
  24   (0.027) 0.082 0.004 0.007 0.004 
  25   (0.033) 0.122 0.005 0.009 0.006 
  26   (0.032) 0.122 0.005 0.008 0.005 

Locus 91 : locus91 
29 alleles
0.0% missing data
   1   (0.036) 0.009 0.117 0.010 0.008 
   2   (0.056) 0.051 0.373 0.015 0.014 
   3   (0.052) 0.050 0.204 0.014 0.012 
   4   (0.034) 0.008 0.058 0.009 0.009 
   5   (0.051) 0.126 0.059 0.013 0.013 
   6   (0.056) 0.204 0.037 0.015 0.009 
   7   (0.042) 0.048 0.035 0.011 0.007 
   8   (0.034) 0.008 0.008 0.009 0.141 
   9   (0.036) 0.009 0.009 0.009 0.168 
  10   (0.033) 0.008 0.007 0.009 0.086 
  11   (0.029) 0.007 0.004 0.008 0.032 
  12   (0.030) 0.007 0.005 0.008 0.060 
  13   (0.031) 0.007 0.007 0.008 0.224 
  14   (0.033) 0.008 0.008 0.009 0.058 
  15   (0.031) 0.007 0.005 0.008 0.060 
  16   (0.029) 0.007 0.004 0.008 0.033 
  17   (0.029) 0.007 0.004 0.081 0.005 
  18   (0.029) 0.007 0.004 0.081 0.005 
  19   (0.035) 0.008 0.005 0.157 0.006 
  20   (0.030) 0.007 0.005 0.045 0.005 
  21   (0.034) 0.008 0.005 0.157 0.006 
  22   (0.030) 0.007 0.005 0.045 0.005 
  23   (0.028) 0.007 0.004 0.118 0.005 
  24   (0.028) 0.007 0.004 0.044 0.005 
  25   (0.025) 0.006 0.004 0.043 0.004 
  26   (0.027) 0.007 0.004 0.044 0.005 
  27   (0.032) 0.160 0.005 0.008 0.005 
  28   (0.031) 0.121 0.005 0.008 0.005 
  29   (0.032) 0.084 0.005 0.008 0.005 

Locus 92 : locus92 
16 alleles
0.0% missing data
   1   (0.098) 0.251 0.053 0.026 0.118 
   2   (0.088) 0.097 0.063 0.023 0.104 
   3   (0.045) 0.011 0.205 0.012 0.010 
   4   (0.116) 0.180 0.168 0.031 0.231 
   5   (0.109) 0.140 0.115 0.028 0.198 
   6   (0.041) 0.010 0.119 0.011 0.009 
   7   (0.037) 0.009 0.034 0.010 0.006 
   8   (0.056) 0.013 0.037 0.089 0.009 
   9   (0.040) 0.010 0.083 0.010 0.015 
  10   (0.038) 0.009 0.059 0.010 0.011 
  11   (0.068) 0.130 0.014 0.018 0.091 
  12   (0.065) 0.054 0.020 0.017 0.139 
  13   (0.072) 0.056 0.011 0.093 0.039 
  14   (0.042) 0.010 0.006 0.232 0.007 
  15   (0.046) 0.011 0.007 0.233 0.008 
  16   (0.039) 0.009 0.006 0.158 0.007 

Locus 93 : locus93 
22 alleles
0.0% missing data
   1   (0.034) 0.008 0.033 0.009 0.006 
   2   (0.071) 0.017 0.459 0.092 0.017 
   3   (0.129) 0.221 0.230 0.255 0.036 
   4   (0.032) 0.008 0.033 0.008 0.005 
   5   (0.059) 0.014 0.090 0.126 0.013 
   6   (0.031) 0.007 0.033 0.008 0.005 
   7   (0.035) 0.008 0.008 0.009 0.058 
   8   (0.035) 0.009 0.005 0.009 0.061 
   9   (0.041) 0.010 0.007 0.011 0.145 
  10   (0.034) 0.008 0.005 0.009 0.033 
  11   (0.032) 0.008 0.005 0.008 0.089 
  12   (0.032) 0.008 0.005 0.008 0.033 
  13   (0.037) 0.009 0.012 0.010 0.083 
  14   (0.042) 0.010 0.012 0.011 0.169 
  15   (0.038) 0.009 0.010 0.010 0.113 
  16   (0.038) 0.009 0.009 0.010 0.058 
  17   (0.031) 0.007 0.005 0.008 0.033 
  18   (0.068) 0.244 0.010 0.128 0.011 
  19   (0.030) 0.007 0.005 0.045 0.005 
  20   (0.063) 0.129 0.010 0.127 0.010 
  21   (0.055) 0.089 0.008 0.088 0.009 
  22   (0.035) 0.160 0.005 0.009 0.006 

Locus 94 : locus94 
16 alleles
0.0% missing data
   1   (0.093) 0.022 0.318 0.024 0.216 
   2   (0.080) 0.019 0.309 0.021 0.112 
   3   (0.080) 0.019 0.127 0.021 0.178 
   4   (0.079) 0.019 0.140 0.021 0.221 
   5   (0.041) 0.010 0.006 0.011 0.062 
   6   (0.041) 0.010 0.010 0.011 0.059 
   7   (0.040) 0.010 0.006 0.010 0.062 
   8   (0.061) 0.091 0.009 0.090 0.010 
   9   (0.068) 0.130 0.010 0.091 0.011 
  10   (0.066) 0.053 0.010 0.202 0.011 
  11   (0.065) 0.053 0.010 0.128 0.011 
  12   (0.080) 0.171 0.012 0.168 0.013 
  13   (0.074) 0.131 0.011 0.130 0.012 
  14   (0.054) 0.051 0.008 0.051 0.009 
  15   (0.039) 0.085 0.006 0.010 0.007 
  16   (0.039) 0.123 0.006 0.010 0.007 

Locus 95 : locus95 
16 alleles
0.0% missing data
   1   (0.034) 0.008 0.034 0.009 0.006 
   2   (0.129) 0.069 0.133 0.145 0.132 
   3   (0.066) 0.016 0.306 0.017 0.056 
   4   (0.069) 0.017 0.062 0.018 0.292 
   5   (0.150) 0.302 0.098 0.113 0.201 
   6   (0.064) 0.015 0.212 0.017 0.063 
   7   (0.032) 0.008 0.033 0.008 0.005 
   8   (0.061) 0.015 0.058 0.016 0.101 
   9   (0.091) 0.060 0.018 0.172 0.094 
  10   (0.055) 0.051 0.008 0.088 0.009 
  11   (0.073) 0.169 0.011 0.240 0.012 
  12   (0.039) 0.009 0.006 0.121 0.006 
  13   (0.035) 0.085 0.005 0.009 0.006 
  14   (0.036) 0.085 0.006 0.010 0.006 
  15   (0.033) 0.046 0.005 0.009 0.006 
  16   (0.032) 0.046 0.005 0.008 0.005 

Locus 96 : locus96 
24 alleles
0.0% missing data
   1   (0.043) 0.010 0.392 0.011 0.012 
   2   (0.036) 0.009 0.057 0.009 0.010 
   3   (0.033) 0.008 0.057 0.009 0.009 
   4   (0.036) 0.009 0.087 0.009 0.009 
   5   (0.033) 0.008 0.033 0.009 0.006 
   6   (0.034) 0.008 0.061 0.009 0.006 
   7   (0.037) 0.009 0.087 0.010 0.009 
   8   (0.029) 0.007 0.060 0.008 0.005 
   9   (0.032) 0.008 0.033 0.008 0.005 
  10   (0.056) 0.014 0.010 0.089 0.120 
  11   (0.037) 0.009 0.008 0.010 0.145 
  12   (0.061) 0.015 0.009 0.201 0.067 
  13   (0.065) 0.016 0.019 0.239 0.085 
  14   (0.086) 0.058 0.017 0.207 0.095 
  15   (0.030) 0.007 0.005 0.008 0.033 
  16   (0.028) 0.007 0.004 0.007 0.033 
  17   (0.036) 0.009 0.007 0.009 0.117 
  18   (0.038) 0.009 0.008 0.010 0.089 
  19   (0.089) 0.439 0.020 0.097 0.064 
  20   (0.031) 0.007 0.007 0.008 0.059 
  21   (0.032) 0.083 0.005 0.008 0.005 
  22   (0.034) 0.122 0.005 0.009 0.006 
  23   (0.031) 0.045 0.005 0.008 0.005 
  24   (0.034) 0.084 0.005 0.009 0.006 

Locus 97 : locus97 
15 alleles
0.0% missing data
   1   (0.055) 0.013 0.037 0.052 0.009 
   2   (0.069) 0.017 0.167 0.018 0.052 
   3   (0.121) 0.067 0.374 0.032 0.198 
   4   (0.045) 0.011 0.114 0.012 0.013 
   5   (0.056) 0.090 0.037 0.015 0.009 
   6   (0.141) 0.034 0.160 0.222 0.247 
   7   (0.063) 0.015 0.038 0.016 0.094 
   8   (0.053) 0.013 0.012 0.014 0.310 
   9   (0.056) 0.051 0.009 0.052 0.009 
  10   (0.044) 0.011 0.007 0.159 0.007 
  11   (0.091) 0.363 0.014 0.171 0.015 
  12   (0.037) 0.009 0.006 0.046 0.006 
  13   (0.071) 0.169 0.011 0.092 0.012 
  14   (0.062) 0.129 0.010 0.053 0.010 
  15   (0.035) 0.009 0.005 0.046 0.006 

Locus 98 : locus98 
18 alleles
0.0% missing data
   1   (0.086) 0.097 0.261 0.023 0.020 
   2   (0.085) 0.058 0.430 0.022 0.020 
   3   (0.106) 0.595 0.148 0.028 0.026 
   4   (0.056) 0.051 0.037 0.015 0.009 
   5   (0.053) 0.013 0.011 0.014 0.257 
   6   (0.048) 0.012 0.010 0.013 0.089 
   7   (0.042) 0.010 0.006 0.011 0.063 
   8   (0.050) 0.012 0.011 0.013 0.144 
   9   (0.046) 0.011 0.009 0.012 0.118 
  10   (0.039) 0.009 0.006 0.010 0.034 
  11   (0.040) 0.010 0.006 0.010 0.034 
  12   (0.043) 0.010 0.010 0.011 0.059 
  13   (0.047) 0.011 0.016 0.012 0.082 
  14   (0.042) 0.010 0.006 0.085 0.007 
  15   (0.053) 0.013 0.008 0.199 0.009 
  16   (0.050) 0.012 0.008 0.198 0.008 
  17   (0.049) 0.012 0.007 0.234 0.008 
  18   (0.065) 0.054 0.010 0.091 0.011 

Locus 99 : locus99 
13 alleles
0.0% missing data
   1   (0.140) 0.110 0.119 0.185 0.121 
   2   (0.114) 0.141 0.179 0.141 0.026 
   3   (0.044) 0.011 0.201 0.011 0.010 
   4   (0.064) 0.053 0.175 0.016 0.015 
   5   (0.085) 0.058 0.169 0.022 0.055 
   6   (0.069) 0.017 0.060 0.129 0.018 
   7   (0.041) 0.010 0.006 0.011 0.091 
   8   (0.086) 0.210 0.019 0.022 0.232 
   9   (0.111) 0.102 0.023 0.140 0.180 
  10   (0.059) 0.052 0.014 0.015 0.061 
  11   (0.041) 0.010 0.008 0.011 0.088 
  12   (0.040) 0.010 0.010 0.010 0.059 
  13   (0.109) 0.216 0.017 0.287 0.046 

Locus 100 : locus100 
23 alleles
0.0% missing data
   1   (0.045) 0.011 0.089 0.012 0.010 
   2   (0.056) 0.014 0.424 0.015 0.015 
   3   (0.046) 0.011 0.143 0.012 0.012 
   4   (0.043) 0.010 0.174 0.011 0.009 
   5   (0.036) 0.009 0.034 0.010 0.006 
   6   (0.046) 0.011 0.009 0.012 0.118 
   7   (0.049) 0.012 0.011 0.013 0.284 
   8   (0.045) 0.011 0.008 0.012 0.202 
   9   (0.036) 0.009 0.006 0.010 0.034 
  10   (0.039) 0.009 0.008 0.010 0.088 
  11   (0.042) 0.010 0.010 0.011 0.059 
  12   (0.040) 0.010 0.013 0.011 0.083 
  13   (0.032) 0.008 0.005 0.045 0.005 
  14   (0.068) 0.054 0.010 0.202 0.011 
  15   (0.046) 0.011 0.007 0.123 0.008 
  16   (0.042) 0.010 0.006 0.121 0.007 
  17   (0.046) 0.011 0.007 0.234 0.008 
  18   (0.035) 0.009 0.005 0.046 0.006 
  19   (0.036) 0.009 0.005 0.046 0.006 
  20   (0.039) 0.123 0.006 0.010 0.007 
  21   (0.046) 0.314 0.007 0.012 0.008 
  22   (0.040) 0.085 0.006 0.010 0.007 
  23   (0.046) 0.239 0.007 0.012 0.008 

Values of parameters used in structure:
DATAFILE=parentandhybrid6.str,	OUTFILE=parentandhybrid4Deme_2,	NUMINDS=50,	NUMLOCI=100,	MISSING=0,	LABEL=1,	POPDATA=0,	POPFLAG=0,	PHENOTYPE=0,	EXTRACOLS=0,	MAXPOPS=4,	BURNIN=200000,	NUMREPS=200000,	USEPOPINFO=0,	INFERALPHA=1,	INFERLAMBDA=0,	POPSPECIFICLAMBDA=0,	POPALPHAS=0,	COMPUTEPROB=1,	NOADMIX=0,	ADMBURNIN=500,	UPDATEFREQ=100,	PRINTLIKES=0,	INTERMEDSAVE=0,	PRINTKLD=0,	PRINTNET=1,	PRINTLAMBDA=1,	ANCESTDIST=0,	NUMBOXES=1000,	ANCESTPINT=0.90000,	GENSBACK=2,	MIGRPRIOR=0.01000,	PRINTQHAT=0,	PRINTQSUM=1,	ALPHA=1.0000,	FREQSCORR=1,	FPRIORMEAN=0.0100,	FPRIORSD=0.0500,	ONEFST=0,	LAMBDA=1.0000,	UNIFPRIORALPHA=1,	ALPHAMAX=10.0000,	ALPHAPRIORA=1.0000,	ALPHAPRIORB=2.0000,	ALPHAPROPSD=0.0250,	STARTATPOPINFO=0,	RANDOMIZE=1,	LINKAGE=0,	METROFREQ=10,	REPORTHITRATE=0,	MARKOVPHASE=0,	PHASED=0,	PLOIDY=2,	PHASEINFO=0	LOCPRIOR=0, 	LOCPRIORINIT=1.000000, 	LOCDATA=0, 	LOCISPOP=0, 	LOCPRIORSTEP=0.100000, 	MAXLOCPRIOR=20.000000, 	SEED=1658869925,	
[STRAT parameters]:    NUMSIMSTATS=1000,	PHENOTYPECOL=-9,	POOLFREQ=10,	LOCUSxONLY=0,	EMERROR=0.00100,	MISSINGPHENO=-9,	