

----------------------------------------------------
STRUCTURE by Pritchard, Stephens and Donnelly (2000)
     and Falush, Stephens and Pritchard (2003)
       Code by Pritchard, Falush and Hubisz
             Version 2.3.4 (Jul 2012)
----------------------------------------------------



Command line arguments:   /usr/local/bin/structure -i parentandhybrid6.str -m mainparams.txt -e extraparams.txt -K 4 -o parentandhybrid4Deme_1 
Input File:    parentandhybrid6.str

Run parameters:
   50 individuals
   100 loci
   4 populations assumed
   200000 Burn-in period
   200000 Reps


--------------------------------------------
Overall proportion of membership of the
sample in each of the 4 clusters

Inferred Clusters
  1      2      3      4    
0.010  0.301  0.292  0.397  

--------------------------------------------

Allele-freq. divergence among pops (Net nucleotide distance),
computed using point estimates of P.

      1       2       3       4      
 1      -    0.0480  0.0574  0.0091  
 2   0.0480     -    0.1220  0.0745  
 3   0.0574  0.1220     -    0.0848  
 4   0.0091  0.0745  0.0848     -    

Average distances (expected heterozygosity) between individuals in same cluster:
cluster  1  : 0.9411 
cluster  2  : 0.8424 
cluster  3  : 0.8228 
cluster  4  : 0.9144 

--------------------------------------------
Estimated Ln Prob of Data   = -24568.9
Mean value of ln likelihood = -23200.8
Variance of ln likelihood   = 2736.2
Mean value of alpha         = 0.0328

Mean value of Fst_1         = 0.0098
Mean value of Fst_2         = 0.1483
Mean value of Fst_3         = 0.1721
Mean value of Fst_4         = 0.0417


Inferred ancestry of individuals:
        Label (%Miss) :  Inferred clusters
  1       01    (0)   :  0.003 0.001 0.996 0.001 
  2       02    (0)   :  0.002 0.001 0.996 0.001 
  3       03    (0)   :  0.003 0.001 0.995 0.001 
  4       04    (0)   :  0.058 0.001 0.941 0.001 
  5       05    (0)   :  0.004 0.000 0.995 0.000 
  6       06    (0)   :  0.014 0.002 0.982 0.001 
  7       07    (0)   :  0.188 0.000 0.811 0.001 
  8       08    (0)   :  0.002 0.001 0.996 0.001 
  9       09    (0)   :  0.000 0.000 0.999 0.000 
 10       10    (0)   :  0.001 0.000 0.999 0.000 
 11       11    (0)   :  0.001 0.998 0.000 0.001 
 12       12    (0)   :  0.002 0.997 0.001 0.001 
 13       13    (0)   :  0.002 0.997 0.001 0.001 
 14       14    (0)   :  0.002 0.996 0.000 0.001 
 15       15    (0)   :  0.026 0.971 0.001 0.002 
 16       16    (0)   :  0.001 0.998 0.001 0.000 
 17       17    (0)   :  0.007 0.991 0.000 0.001 
 18       18    (0)   :  0.005 0.992 0.002 0.001 
 19       19    (0)   :  0.003 0.996 0.001 0.001 
 20       20    (0)   :  0.002 0.997 0.001 0.001 
 21      h01    (0)   :  0.001 0.518 0.481 0.000 
 22      h02    (0)   :  0.001 0.501 0.498 0.000 
 23      h03    (0)   :  0.001 0.502 0.497 0.000 
 24      h04    (0)   :  0.001 0.516 0.483 0.000 
 25      h05    (0)   :  0.001 0.515 0.484 0.000 
 26      h06    (0)   :  0.001 0.476 0.523 0.000 
 27      h07    (0)   :  0.001 0.524 0.475 0.000 
 28      h08    (0)   :  0.001 0.516 0.483 0.000 
 29      h09    (0)   :  0.001 0.510 0.489 0.000 
 30      h10    (0)   :  0.001 0.521 0.478 0.000 
 31       21    (0)   :  0.005 0.000 0.000 0.994 
 32       22    (0)   :  0.004 0.000 0.000 0.995 
 33       23    (0)   :  0.002 0.000 0.000 0.997 
 34       24    (0)   :  0.004 0.000 0.001 0.995 
 35       25    (0)   :  0.013 0.000 0.001 0.986 
 36       26    (0)   :  0.003 0.000 0.000 0.996 
 37       27    (0)   :  0.055 0.001 0.000 0.944 
 38       28    (0)   :  0.004 0.000 0.000 0.995 
 39       29    (0)   :  0.014 0.000 0.000 0.985 
 40       30    (0)   :  0.006 0.000 0.000 0.994 
 41       31    (0)   :  0.011 0.001 0.001 0.988 
 42       32    (0)   :  0.003 0.000 0.000 0.996 
 43       33    (0)   :  0.002 0.000 0.001 0.997 
 44       34    (0)   :  0.001 0.001 0.000 0.998 
 45       35    (0)   :  0.002 0.001 0.000 0.997 
 46       36    (0)   :  0.004 0.001 0.000 0.995 
 47       37    (0)   :  0.005 0.001 0.000 0.994 
 48       38    (0)   :  0.002 0.000 0.000 0.998 
 49       39    (0)   :  0.014 0.001 0.000 0.984 
 50       40    (0)   :  0.006 0.002 0.000 0.992 


Estimated Allele Frequencies in each cluster
First column gives estimated ancestral frequencies


Locus 1 : locus1 
11 alleles
0.0% missing data
   1   (0.122) 0.123 0.241 0.107 0.091 
   2   (0.151) 0.150 0.109 0.166 0.167 
   3   (0.147) 0.147 0.135 0.280 0.133 
   4   (0.079) 0.079 0.013 0.040 0.109 
   5   (0.073) 0.072 0.215 0.147 0.027 
   6   (0.060) 0.060 0.014 0.150 0.038 
   7   (0.146) 0.149 0.125 0.078 0.164 
   8   (0.113) 0.113 0.130 0.016 0.169 
   9   (0.034) 0.033 0.005 0.005 0.028 
  10   (0.041) 0.040 0.007 0.006 0.047 
  11   (0.034) 0.034 0.006 0.005 0.029 

Locus 2 : locus2 
19 alleles
0.0% missing data
   1   (0.032) 0.032 0.005 0.063 0.012 
   2   (0.070) 0.069 0.017 0.064 0.089 
   3   (0.075) 0.074 0.017 0.186 0.091 
   4   (0.035) 0.034 0.008 0.213 0.013 
   5   (0.037) 0.037 0.013 0.148 0.014 
   6   (0.060) 0.060 0.037 0.038 0.038 
   7   (0.073) 0.072 0.211 0.064 0.043 
   8   (0.045) 0.050 0.007 0.018 0.032 
   9   (0.029) 0.034 0.005 0.016 0.011 
  10   (0.044) 0.044 0.007 0.036 0.032 
  11   (0.032) 0.031 0.008 0.061 0.012 
  12   (0.033) 0.032 0.058 0.008 0.012 
  13   (0.061) 0.061 0.149 0.009 0.053 
  14   (0.065) 0.064 0.091 0.013 0.071 
  15   (0.075) 0.074 0.085 0.022 0.091 
  16   (0.090) 0.090 0.232 0.020 0.112 
  17   (0.051) 0.050 0.035 0.007 0.051 
  18   (0.028) 0.028 0.005 0.004 0.026 
  19   (0.066) 0.065 0.011 0.010 0.199 

Locus 3 : locus3 
14 alleles
0.0% missing data
   1   (0.111) 0.111 0.025 0.384 0.119 
   2   (0.100) 0.101 0.025 0.293 0.100 
   3   (0.072) 0.072 0.012 0.068 0.074 
   4   (0.092) 0.092 0.184 0.124 0.050 
   5   (0.033) 0.035 0.005 0.027 0.012 
   6   (0.057) 0.057 0.061 0.012 0.037 
   7   (0.059) 0.059 0.120 0.010 0.037 
   8   (0.057) 0.057 0.061 0.013 0.037 
   9   (0.064) 0.063 0.146 0.013 0.039 
  10   (0.073) 0.073 0.150 0.012 0.058 
  11   (0.115) 0.114 0.184 0.019 0.154 
  12   (0.067) 0.066 0.011 0.009 0.136 
  13   (0.052) 0.052 0.008 0.007 0.083 
  14   (0.048) 0.048 0.008 0.007 0.065 

Locus 4 : locus4 
14 alleles
0.0% missing data
   1   (0.063) 0.065 0.081 0.074 0.023 
   2   (0.085) 0.085 0.062 0.279 0.047 
   3   (0.147) 0.147 0.083 0.302 0.148 
   4   (0.078) 0.079 0.411 0.092 0.029 
   5   (0.129) 0.128 0.144 0.179 0.111 
   6   (0.100) 0.100 0.045 0.014 0.180 
   7   (0.072) 0.072 0.069 0.010 0.074 
   8   (0.066) 0.066 0.063 0.014 0.056 
   9   (0.047) 0.047 0.008 0.007 0.065 
  10   (0.033) 0.033 0.005 0.005 0.028 
  11   (0.052) 0.052 0.009 0.007 0.083 
  12   (0.034) 0.035 0.006 0.005 0.027 
  13   (0.033) 0.033 0.005 0.005 0.028 
  14   (0.059) 0.059 0.010 0.008 0.101 

Locus 5 : locus5 
23 alleles
0.0% missing data
   1   (0.054) 0.054 0.009 0.066 0.051 
   2   (0.082) 0.081 0.020 0.154 0.126 
   3   (0.089) 0.088 0.018 0.129 0.160 
   4   (0.052) 0.052 0.016 0.269 0.035 
   5   (0.032) 0.033 0.009 0.057 0.012 
   6   (0.046) 0.046 0.007 0.096 0.031 
   7   (0.027) 0.027 0.004 0.033 0.010 
   8   (0.048) 0.048 0.008 0.035 0.048 
   9   (0.043) 0.048 0.007 0.018 0.031 
  10   (0.035) 0.037 0.012 0.050 0.013 
  11   (0.034) 0.033 0.113 0.009 0.012 
  12   (0.064) 0.063 0.230 0.012 0.055 
  13   (0.038) 0.037 0.283 0.007 0.014 
  14   (0.032) 0.032 0.087 0.006 0.012 
  15   (0.049) 0.049 0.082 0.017 0.034 
  16   (0.031) 0.031 0.057 0.008 0.012 
  17   (0.040) 0.039 0.006 0.006 0.062 
  18   (0.042) 0.041 0.007 0.006 0.079 
  19   (0.028) 0.028 0.004 0.004 0.026 
  20   (0.033) 0.033 0.005 0.005 0.044 
  21   (0.028) 0.028 0.005 0.004 0.026 
  22   (0.042) 0.042 0.007 0.006 0.079 
  23   (0.029) 0.029 0.005 0.004 0.027 

Locus 6 : locus6 
22 alleles
0.0% missing data
   1   (0.082) 0.082 0.025 0.146 0.094 
   2   (0.060) 0.060 0.045 0.387 0.022 
   3   (0.054) 0.058 0.009 0.055 0.035 
   4   (0.061) 0.061 0.016 0.180 0.038 
   5   (0.031) 0.031 0.005 0.034 0.011 
   6   (0.104) 0.104 0.021 0.099 0.182 
   7   (0.045) 0.044 0.387 0.011 0.016 
   8   (0.038) 0.038 0.142 0.007 0.014 
   9   (0.039) 0.039 0.141 0.007 0.014 
  10   (0.032) 0.032 0.032 0.005 0.012 
  11   (0.037) 0.037 0.111 0.010 0.014 
  12   (0.031) 0.031 0.005 0.004 0.027 
  13   (0.051) 0.051 0.008 0.007 0.098 
  14   (0.051) 0.051 0.008 0.007 0.097 
  15   (0.030) 0.030 0.005 0.004 0.027 
  16   (0.037) 0.036 0.006 0.005 0.045 
  17   (0.037) 0.037 0.006 0.005 0.045 
  18   (0.038) 0.038 0.006 0.006 0.046 
  19   (0.030) 0.030 0.005 0.004 0.026 
  20   (0.031) 0.031 0.005 0.005 0.027 
  21   (0.042) 0.042 0.007 0.006 0.063 
  22   (0.039) 0.038 0.006 0.006 0.046 

Locus 7 : locus7 
27 alleles
0.0% missing data
   1   (0.033) 0.033 0.007 0.089 0.012 
   2   (0.035) 0.034 0.010 0.119 0.013 
   3   (0.052) 0.051 0.090 0.187 0.019 
   4   (0.061) 0.060 0.012 0.156 0.070 
   5   (0.030) 0.030 0.009 0.057 0.011 
   6   (0.029) 0.029 0.006 0.091 0.011 
   7   (0.035) 0.034 0.009 0.120 0.013 
   8   (0.027) 0.027 0.004 0.032 0.010 
   9   (0.029) 0.029 0.005 0.032 0.011 
  10   (0.029) 0.035 0.005 0.016 0.011 
  11   (0.037) 0.037 0.225 0.008 0.014 
  12   (0.040) 0.040 0.034 0.006 0.029 
  13   (0.065) 0.065 0.038 0.009 0.120 
  14   (0.037) 0.037 0.281 0.008 0.014 
  15   (0.047) 0.048 0.117 0.009 0.031 
  16   (0.033) 0.032 0.087 0.007 0.012 
  17   (0.033) 0.033 0.005 0.005 0.044 
  18   (0.039) 0.038 0.006 0.006 0.062 
  19   (0.035) 0.035 0.006 0.005 0.045 
  20   (0.045) 0.045 0.007 0.006 0.096 
  21   (0.036) 0.036 0.006 0.005 0.061 
  22   (0.027) 0.027 0.004 0.004 0.026 
  23   (0.040) 0.040 0.006 0.006 0.079 
  24   (0.041) 0.041 0.007 0.006 0.095 
  25   (0.033) 0.033 0.005 0.005 0.044 
  26   (0.026) 0.026 0.004 0.004 0.025 
  27   (0.027) 0.027 0.004 0.004 0.026 

Locus 8 : locus8 
23 alleles
0.0% missing data
   1   (0.065) 0.065 0.127 0.177 0.024 
   2   (0.038) 0.037 0.009 0.298 0.014 
   3   (0.063) 0.064 0.099 0.145 0.023 
   4   (0.038) 0.039 0.008 0.118 0.014 
   5   (0.062) 0.063 0.016 0.058 0.055 
   6   (0.032) 0.032 0.005 0.033 0.012 
   7   (0.035) 0.035 0.006 0.064 0.013 
   8   (0.043) 0.043 0.390 0.010 0.016 
   9   (0.038) 0.038 0.143 0.007 0.014 
  10   (0.087) 0.087 0.063 0.019 0.143 
  11   (0.031) 0.031 0.060 0.004 0.011 
  12   (0.049) 0.049 0.008 0.007 0.097 
  13   (0.058) 0.057 0.009 0.008 0.116 
  14   (0.048) 0.048 0.008 0.007 0.080 
  15   (0.041) 0.041 0.007 0.006 0.062 
  16   (0.031) 0.030 0.005 0.004 0.027 
  17   (0.032) 0.031 0.005 0.005 0.027 
  18   (0.037) 0.037 0.006 0.005 0.045 
  19   (0.047) 0.047 0.007 0.007 0.081 
  20   (0.035) 0.035 0.006 0.005 0.045 
  21   (0.031) 0.031 0.005 0.004 0.027 
  22   (0.029) 0.029 0.005 0.004 0.027 
  23   (0.030) 0.030 0.005 0.004 0.026 

Locus 9 : locus9 
18 alleles
0.0% missing data
   1   (0.042) 0.042 0.012 0.173 0.015 
   2   (0.043) 0.043 0.008 0.176 0.016 
   3   (0.038) 0.038 0.006 0.063 0.014 
   4   (0.043) 0.043 0.010 0.262 0.016 
   5   (0.044) 0.045 0.015 0.138 0.016 
   6   (0.034) 0.034 0.006 0.033 0.013 
   7   (0.034) 0.034 0.006 0.034 0.013 
   8   (0.142) 0.142 0.131 0.024 0.244 
   9   (0.034) 0.034 0.033 0.005 0.013 
  10   (0.068) 0.067 0.400 0.014 0.041 
  11   (0.110) 0.110 0.121 0.024 0.135 
  12   (0.061) 0.061 0.175 0.012 0.038 
  13   (0.067) 0.067 0.038 0.009 0.072 
  14   (0.062) 0.062 0.010 0.009 0.118 
  15   (0.046) 0.046 0.008 0.006 0.065 
  16   (0.063) 0.063 0.010 0.009 0.119 
  17   (0.034) 0.035 0.006 0.005 0.027 
  18   (0.033) 0.034 0.005 0.005 0.026 

Locus 10 : locus10 
18 alleles
0.0% missing data
   1   (0.090) 0.089 0.126 0.072 0.081 
   2   (0.053) 0.053 0.011 0.147 0.035 
   3   (0.036) 0.035 0.011 0.115 0.013 
   4   (0.036) 0.036 0.007 0.148 0.013 
   5   (0.069) 0.071 0.037 0.031 0.057 
   6   (0.030) 0.032 0.005 0.026 0.011 
   7   (0.126) 0.126 0.107 0.103 0.174 
   8   (0.067) 0.066 0.015 0.091 0.072 
   9   (0.041) 0.041 0.019 0.192 0.015 
  10   (0.057) 0.058 0.264 0.011 0.035 
  11   (0.057) 0.057 0.175 0.014 0.036 
  12   (0.045) 0.046 0.036 0.006 0.031 
  13   (0.053) 0.052 0.121 0.009 0.035 
  14   (0.064) 0.063 0.038 0.009 0.087 
  15   (0.037) 0.037 0.006 0.005 0.045 
  16   (0.041) 0.041 0.007 0.006 0.063 
  17   (0.050) 0.049 0.008 0.007 0.098 
  18   (0.049) 0.049 0.008 0.007 0.098 

Locus 11 : locus11 
16 alleles
0.0% missing data
   1   (0.067) 0.066 0.013 0.124 0.040 
   2   (0.097) 0.097 0.015 0.042 0.130 
   3   (0.052) 0.052 0.011 0.384 0.019 
   4   (0.071) 0.072 0.020 0.113 0.042 
   5   (0.100) 0.100 0.027 0.235 0.084 
   6   (0.042) 0.042 0.089 0.006 0.015 
   7   (0.052) 0.052 0.309 0.011 0.019 
   8   (0.050) 0.049 0.226 0.010 0.018 
   9   (0.048) 0.048 0.143 0.010 0.018 
  10   (0.037) 0.037 0.033 0.005 0.014 
  11   (0.042) 0.042 0.058 0.010 0.015 
  12   (0.116) 0.116 0.019 0.016 0.281 
  13   (0.067) 0.067 0.011 0.010 0.104 
  14   (0.060) 0.060 0.010 0.009 0.086 
  15   (0.045) 0.045 0.007 0.006 0.048 
  16   (0.053) 0.053 0.008 0.008 0.067 

Locus 12 : locus12 
19 alleles
0.0% missing data
   1   (0.052) 0.052 0.010 0.127 0.034 
   2   (0.063) 0.064 0.169 0.129 0.023 
   3   (0.107) 0.107 0.054 0.092 0.151 
   4   (0.052) 0.052 0.097 0.059 0.019 
   5   (0.054) 0.056 0.012 0.090 0.035 
   6   (0.058) 0.058 0.009 0.038 0.069 
   7   (0.072) 0.072 0.015 0.218 0.074 
   8   (0.053) 0.053 0.149 0.062 0.019 
   9   (0.064) 0.064 0.010 0.037 0.087 
  10   (0.054) 0.054 0.106 0.081 0.020 
  11   (0.037) 0.036 0.168 0.006 0.013 
  12   (0.033) 0.033 0.056 0.008 0.012 
  13   (0.044) 0.045 0.031 0.007 0.032 
  14   (0.037) 0.036 0.080 0.012 0.013 
  15   (0.049) 0.049 0.008 0.007 0.098 
  16   (0.062) 0.062 0.010 0.009 0.166 
  17   (0.030) 0.030 0.005 0.004 0.027 
  18   (0.037) 0.036 0.006 0.005 0.045 
  19   (0.041) 0.041 0.006 0.006 0.062 

Locus 13 : locus13 
21 alleles
0.0% missing data
   1   (0.058) 0.057 0.014 0.299 0.037 
   2   (0.076) 0.075 0.020 0.267 0.075 
   3   (0.035) 0.034 0.007 0.122 0.013 
   4   (0.029) 0.031 0.005 0.027 0.011 
   5   (0.045) 0.045 0.007 0.066 0.032 
   6   (0.068) 0.067 0.015 0.094 0.073 
   7   (0.029) 0.034 0.005 0.016 0.011 
   8   (0.069) 0.068 0.121 0.012 0.073 
   9   (0.040) 0.040 0.339 0.009 0.015 
  10   (0.073) 0.072 0.094 0.010 0.090 
  11   (0.066) 0.065 0.061 0.015 0.072 
  12   (0.038) 0.038 0.198 0.009 0.014 
  13   (0.060) 0.061 0.037 0.009 0.069 
  14   (0.045) 0.045 0.034 0.007 0.032 
  15   (0.039) 0.039 0.006 0.006 0.062 
  16   (0.037) 0.037 0.006 0.005 0.045 
  17   (0.039) 0.038 0.006 0.006 0.062 
  18   (0.046) 0.046 0.007 0.007 0.080 
  19   (0.031) 0.030 0.005 0.004 0.027 
  20   (0.041) 0.041 0.007 0.006 0.063 
  21   (0.036) 0.036 0.006 0.005 0.045 

Locus 14 : locus14 
18 alleles
0.0% missing data
   1   (0.080) 0.080 0.022 0.517 0.061 
   2   (0.034) 0.034 0.006 0.062 0.013 
   3   (0.066) 0.066 0.011 0.037 0.072 
   4   (0.055) 0.056 0.034 0.094 0.020 
   5   (0.038) 0.039 0.008 0.116 0.014 
   6   (0.062) 0.062 0.017 0.058 0.054 
   7   (0.042) 0.042 0.317 0.007 0.015 
   8   (0.055) 0.055 0.061 0.012 0.036 
   9   (0.101) 0.101 0.121 0.022 0.131 
  10   (0.097) 0.097 0.288 0.023 0.098 
  11   (0.064) 0.064 0.066 0.009 0.055 
  12   (0.040) 0.040 0.006 0.005 0.046 
  13   (0.041) 0.041 0.007 0.006 0.047 
  14   (0.032) 0.032 0.005 0.004 0.027 
  15   (0.055) 0.054 0.009 0.008 0.100 
  16   (0.059) 0.059 0.010 0.008 0.117 
  17   (0.040) 0.040 0.007 0.006 0.046 
  18   (0.040) 0.040 0.007 0.006 0.046 

Locus 15 : locus15 
21 alleles
0.0% missing data
   1   (0.041) 0.040 0.010 0.294 0.015 
   2   (0.036) 0.036 0.008 0.087 0.013 
   3   (0.070) 0.070 0.011 0.038 0.105 
   4   (0.039) 0.038 0.008 0.178 0.014 
   5   (0.035) 0.035 0.008 0.090 0.013 
   6   (0.063) 0.062 0.012 0.153 0.055 
   7   (0.037) 0.040 0.012 0.048 0.014 
   8   (0.059) 0.059 0.197 0.016 0.036 
   9   (0.068) 0.068 0.204 0.013 0.057 
  10   (0.072) 0.071 0.287 0.014 0.058 
  11   (0.055) 0.054 0.036 0.008 0.052 
  12   (0.036) 0.036 0.115 0.007 0.013 
  13   (0.078) 0.078 0.039 0.011 0.139 
  14   (0.041) 0.041 0.007 0.006 0.063 
  15   (0.044) 0.044 0.007 0.006 0.064 
  16   (0.030) 0.030 0.005 0.004 0.027 
  17   (0.044) 0.044 0.007 0.006 0.064 
  18   (0.035) 0.035 0.006 0.005 0.045 
  19   (0.038) 0.038 0.006 0.005 0.046 
  20   (0.043) 0.043 0.007 0.006 0.063 
  21   (0.036) 0.036 0.006 0.005 0.045 

Locus 16 : locus16 
17 alleles
0.0% missing data
   1   (0.095) 0.096 0.022 0.261 0.113 
   2   (0.109) 0.109 0.058 0.089 0.152 
   3   (0.115) 0.117 0.060 0.080 0.154 
   4   (0.088) 0.089 0.021 0.261 0.095 
   5   (0.037) 0.037 0.014 0.082 0.014 
   6   (0.038) 0.038 0.012 0.114 0.014 
   7   (0.071) 0.070 0.012 0.038 0.105 
   8   (0.034) 0.033 0.063 0.005 0.012 
   9   (0.059) 0.059 0.067 0.008 0.053 
  10   (0.037) 0.037 0.117 0.009 0.014 
  11   (0.040) 0.040 0.261 0.009 0.015 
  12   (0.054) 0.053 0.151 0.009 0.035 
  13   (0.072) 0.072 0.063 0.015 0.090 
  14   (0.031) 0.031 0.033 0.004 0.011 
  15   (0.053) 0.053 0.037 0.007 0.051 
  16   (0.037) 0.037 0.006 0.005 0.045 
  17   (0.031) 0.030 0.005 0.004 0.027 

Locus 17 : locus17 
18 alleles
0.0% missing data
   1   (0.087) 0.088 0.075 0.179 0.064 
   2   (0.094) 0.094 0.155 0.216 0.066 
   3   (0.152) 0.153 0.139 0.338 0.184 
   4   (0.067) 0.067 0.066 0.068 0.040 
   5   (0.077) 0.076 0.192 0.082 0.044 
   6   (0.088) 0.088 0.277 0.053 0.064 
   7   (0.032) 0.032 0.032 0.005 0.012 
   8   (0.044) 0.044 0.007 0.006 0.080 
   9   (0.031) 0.030 0.005 0.004 0.027 
  10   (0.045) 0.045 0.007 0.007 0.081 
  11   (0.039) 0.039 0.006 0.006 0.045 
  12   (0.041) 0.040 0.006 0.006 0.063 
  13   (0.042) 0.042 0.007 0.006 0.063 
  14   (0.030) 0.030 0.005 0.004 0.027 
  15   (0.030) 0.031 0.005 0.004 0.025 
  16   (0.029) 0.029 0.005 0.004 0.026 
  17   (0.041) 0.041 0.007 0.006 0.063 
  18   (0.030) 0.029 0.005 0.004 0.027 

Locus 18 : locus18 
19 alleles
0.0% missing data
   1   (0.078) 0.078 0.055 0.417 0.045 
   2   (0.054) 0.053 0.008 0.038 0.051 
   3   (0.080) 0.080 0.288 0.068 0.043 
   4   (0.067) 0.066 0.015 0.064 0.072 
   5   (0.035) 0.036 0.008 0.090 0.013 
   6   (0.030) 0.032 0.005 0.028 0.011 
   7   (0.083) 0.084 0.142 0.103 0.046 
   8   (0.056) 0.056 0.212 0.053 0.021 
   9   (0.078) 0.077 0.039 0.072 0.076 
  10   (0.031) 0.031 0.032 0.005 0.012 
  11   (0.037) 0.037 0.111 0.010 0.014 
  12   (0.081) 0.081 0.039 0.012 0.140 
  13   (0.052) 0.051 0.008 0.008 0.098 
  14   (0.037) 0.036 0.006 0.005 0.045 
  15   (0.046) 0.046 0.007 0.007 0.080 
  16   (0.048) 0.048 0.008 0.007 0.097 
  17   (0.030) 0.030 0.005 0.004 0.027 
  18   (0.047) 0.047 0.007 0.007 0.081 
  19   (0.030) 0.030 0.005 0.004 0.027 

Locus 19 : locus19 
21 alleles
0.0% missing data
   1   (0.043) 0.044 0.011 0.459 0.016 
   2   (0.040) 0.040 0.009 0.231 0.015 
   3   (0.035) 0.035 0.010 0.057 0.013 
   4   (0.031) 0.031 0.005 0.032 0.012 
   5   (0.035) 0.035 0.009 0.058 0.013 
   6   (0.034) 0.033 0.006 0.033 0.012 
   7   (0.110) 0.110 0.238 0.022 0.135 
   8   (0.036) 0.036 0.059 0.008 0.013 
   9   (0.044) 0.044 0.288 0.008 0.016 
  10   (0.082) 0.082 0.070 0.011 0.109 
  11   (0.088) 0.089 0.039 0.012 0.143 
  12   (0.036) 0.036 0.089 0.007 0.013 
  13   (0.040) 0.040 0.084 0.012 0.015 
  14   (0.033) 0.033 0.033 0.005 0.012 
  15   (0.054) 0.054 0.009 0.008 0.099 
  16   (0.033) 0.033 0.005 0.005 0.028 
  17   (0.033) 0.033 0.005 0.005 0.028 
  18   (0.051) 0.051 0.008 0.007 0.082 
  19   (0.061) 0.060 0.010 0.008 0.118 
  20   (0.049) 0.049 0.008 0.007 0.082 
  21   (0.031) 0.031 0.005 0.004 0.027 

Locus 20 : locus20 
23 alleles
0.0% missing data
   1   (0.071) 0.070 0.013 0.185 0.074 
   2   (0.055) 0.054 0.012 0.183 0.036 
   3   (0.050) 0.050 0.011 0.093 0.034 
   4   (0.077) 0.076 0.012 0.040 0.155 
   5   (0.050) 0.051 0.017 0.086 0.033 
   6   (0.082) 0.082 0.018 0.185 0.110 
   7   (0.035) 0.036 0.010 0.117 0.013 
   8   (0.051) 0.056 0.008 0.019 0.050 
   9   (0.038) 0.038 0.254 0.007 0.014 
  10   (0.038) 0.038 0.196 0.009 0.014 
  11   (0.030) 0.029 0.032 0.004 0.011 
  12   (0.035) 0.034 0.112 0.009 0.013 
  13   (0.035) 0.035 0.141 0.008 0.013 
  14   (0.031) 0.031 0.057 0.008 0.012 
  15   (0.029) 0.029 0.032 0.004 0.011 
  16   (0.029) 0.029 0.032 0.004 0.011 
  17   (0.041) 0.040 0.006 0.006 0.063 
  18   (0.046) 0.046 0.007 0.007 0.080 
  19   (0.035) 0.034 0.005 0.005 0.044 
  20   (0.029) 0.029 0.005 0.004 0.026 
  21   (0.038) 0.038 0.006 0.006 0.062 
  22   (0.045) 0.045 0.007 0.007 0.096 
  23   (0.029) 0.029 0.005 0.004 0.027 

Locus 21 : locus21 
20 alleles
0.0% missing data
   1   (0.042) 0.042 0.010 0.265 0.015 
   2   (0.081) 0.081 0.016 0.155 0.093 
   3   (0.041) 0.041 0.012 0.175 0.015 
   4   (0.058) 0.059 0.013 0.176 0.037 
   5   (0.032) 0.032 0.005 0.031 0.012 
   6   (0.075) 0.077 0.016 0.087 0.075 
   7   (0.091) 0.091 0.511 0.020 0.081 
   8   (0.034) 0.034 0.061 0.005 0.013 
   9   (0.037) 0.037 0.057 0.009 0.014 
  10   (0.037) 0.037 0.116 0.007 0.014 
  11   (0.046) 0.046 0.035 0.007 0.033 
  12   (0.050) 0.049 0.035 0.007 0.034 
  13   (0.050) 0.050 0.060 0.011 0.034 
  14   (0.055) 0.056 0.009 0.008 0.099 
  15   (0.037) 0.037 0.006 0.005 0.045 
  16   (0.055) 0.055 0.009 0.008 0.100 
  17   (0.065) 0.065 0.011 0.009 0.151 
  18   (0.042) 0.042 0.007 0.006 0.063 
  19   (0.038) 0.038 0.006 0.005 0.046 
  20   (0.032) 0.032 0.005 0.004 0.027 

Locus 22 : locus22 
21 alleles
0.0% missing data
   1   (0.055) 0.055 0.017 0.294 0.036 
   2   (0.057) 0.057 0.185 0.118 0.021 
   3   (0.072) 0.072 0.124 0.127 0.042 
   4   (0.095) 0.095 0.116 0.111 0.098 
   5   (0.035) 0.036 0.007 0.118 0.013 
   6   (0.030) 0.030 0.005 0.033 0.011 
   7   (0.081) 0.081 0.070 0.038 0.093 
   8   (0.051) 0.056 0.008 0.019 0.051 
   9   (0.048) 0.048 0.063 0.065 0.018 
  10   (0.068) 0.068 0.230 0.017 0.056 
  11   (0.029) 0.030 0.030 0.004 0.011 
  12   (0.033) 0.033 0.088 0.007 0.012 
  13   (0.035) 0.035 0.006 0.005 0.044 
  14   (0.043) 0.043 0.007 0.006 0.079 
  15   (0.047) 0.046 0.008 0.007 0.097 
  16   (0.039) 0.038 0.006 0.005 0.062 
  17   (0.035) 0.034 0.006 0.005 0.045 
  18   (0.038) 0.038 0.006 0.005 0.062 
  19   (0.035) 0.035 0.006 0.005 0.045 
  20   (0.034) 0.034 0.006 0.005 0.044 
  21   (0.039) 0.039 0.006 0.006 0.062 

Locus 23 : locus23 
22 alleles
0.0% missing data
   1   (0.066) 0.065 0.018 0.477 0.056 
   2   (0.050) 0.050 0.010 0.123 0.034 
   3   (0.052) 0.054 0.008 0.090 0.033 
   4   (0.030) 0.032 0.005 0.027 0.011 
   5   (0.036) 0.035 0.014 0.084 0.013 
   6   (0.028) 0.034 0.005 0.016 0.010 
   7   (0.080) 0.079 0.013 0.071 0.157 
   8   (0.072) 0.071 0.203 0.017 0.074 
   9   (0.060) 0.059 0.151 0.009 0.054 
  10   (0.081) 0.080 0.230 0.020 0.093 
  11   (0.037) 0.037 0.200 0.009 0.014 
  12   (0.061) 0.061 0.035 0.009 0.086 
  13   (0.052) 0.052 0.033 0.007 0.051 
  14   (0.031) 0.031 0.033 0.004 0.011 
  15   (0.040) 0.039 0.006 0.006 0.062 
  16   (0.036) 0.035 0.006 0.005 0.045 
  17   (0.035) 0.034 0.006 0.005 0.045 
  18   (0.029) 0.029 0.005 0.004 0.025 
  19   (0.030) 0.030 0.005 0.004 0.027 
  20   (0.034) 0.034 0.006 0.005 0.044 
  21   (0.030) 0.030 0.005 0.004 0.027 
  22   (0.029) 0.029 0.005 0.004 0.026 

Locus 24 : locus24 
23 alleles
0.0% missing data
   1   (0.033) 0.033 0.005 0.092 0.012 
   2   (0.041) 0.041 0.011 0.205 0.015 
   3   (0.042) 0.042 0.010 0.234 0.015 
   4   (0.058) 0.059 0.050 0.136 0.021 
   5   (0.048) 0.048 0.008 0.035 0.033 
   6   (0.066) 0.067 0.011 0.036 0.088 
   7   (0.041) 0.044 0.010 0.079 0.015 
   8   (0.039) 0.039 0.015 0.083 0.014 
   9   (0.045) 0.044 0.313 0.011 0.016 
  10   (0.039) 0.038 0.115 0.009 0.014 
  11   (0.037) 0.037 0.146 0.006 0.014 
  12   (0.037) 0.037 0.089 0.007 0.014 
  13   (0.033) 0.033 0.034 0.005 0.012 
  14   (0.034) 0.034 0.090 0.005 0.013 
  15   (0.031) 0.031 0.032 0.004 0.011 
  16   (0.068) 0.068 0.011 0.010 0.167 
  17   (0.053) 0.053 0.009 0.008 0.099 
  18   (0.032) 0.032 0.005 0.005 0.028 
  19   (0.042) 0.042 0.007 0.006 0.063 
  20   (0.033) 0.033 0.005 0.005 0.027 
  21   (0.075) 0.074 0.012 0.010 0.217 
  22   (0.032) 0.031 0.005 0.004 0.027 
  23   (0.042) 0.042 0.007 0.006 0.063 

Locus 25 : locus25 
20 alleles
0.0% missing data
   1   (0.091) 0.091 0.171 0.201 0.065 
   2   (0.054) 0.054 0.064 0.152 0.020 
   3   (0.071) 0.071 0.117 0.077 0.042 
   4   (0.071) 0.071 0.173 0.050 0.042 
   5   (0.038) 0.039 0.012 0.167 0.014 
   6   (0.056) 0.058 0.173 0.040 0.021 
   7   (0.050) 0.050 0.012 0.089 0.034 
   8   (0.029) 0.030 0.005 0.030 0.011 
   9   (0.037) 0.039 0.014 0.046 0.013 
  10   (0.039) 0.039 0.015 0.082 0.014 
  11   (0.063) 0.063 0.151 0.013 0.055 
  12   (0.051) 0.052 0.034 0.007 0.051 
  13   (0.057) 0.056 0.010 0.008 0.132 
  14   (0.041) 0.040 0.007 0.006 0.062 
  15   (0.041) 0.041 0.007 0.006 0.063 
  16   (0.051) 0.051 0.009 0.007 0.098 
  17   (0.030) 0.030 0.005 0.004 0.027 
  18   (0.030) 0.030 0.005 0.004 0.027 
  19   (0.059) 0.059 0.010 0.008 0.149 
  20   (0.039) 0.039 0.007 0.005 0.062 

Locus 26 : locus26 
17 alleles
0.0% missing data
   1   (0.127) 0.126 0.240 0.111 0.142 
   2   (0.074) 0.074 0.016 0.211 0.075 
   3   (0.143) 0.144 0.097 0.257 0.196 
   4   (0.074) 0.074 0.012 0.039 0.123 
   5   (0.072) 0.072 0.113 0.081 0.042 
   6   (0.057) 0.058 0.009 0.064 0.053 
   7   (0.061) 0.060 0.230 0.100 0.022 
   8   (0.064) 0.066 0.014 0.087 0.054 
   9   (0.030) 0.030 0.033 0.004 0.011 
  10   (0.030) 0.030 0.030 0.004 0.011 
  11   (0.069) 0.069 0.036 0.010 0.105 
  12   (0.037) 0.037 0.116 0.009 0.014 
  13   (0.030) 0.030 0.033 0.004 0.011 
  14   (0.030) 0.029 0.005 0.004 0.027 
  15   (0.036) 0.036 0.006 0.005 0.045 
  16   (0.030) 0.030 0.005 0.004 0.025 
  17   (0.036) 0.036 0.006 0.005 0.045 

Locus 27 : locus27 
18 alleles
0.0% missing data
   1   (0.074) 0.075 0.016 0.273 0.058 
   2   (0.085) 0.085 0.013 0.072 0.126 
   3   (0.113) 0.112 0.025 0.247 0.168 
   4   (0.076) 0.076 0.012 0.040 0.123 
   5   (0.090) 0.091 0.014 0.068 0.144 
   6   (0.038) 0.039 0.008 0.088 0.014 
   7   (0.072) 0.072 0.113 0.048 0.042 
   8   (0.038) 0.038 0.013 0.087 0.014 
   9   (0.059) 0.059 0.195 0.014 0.037 
  10   (0.064) 0.063 0.276 0.017 0.039 
  11   (0.039) 0.039 0.115 0.006 0.014 
  12   (0.040) 0.039 0.139 0.009 0.015 
  13   (0.032) 0.033 0.031 0.005 0.012 
  14   (0.041) 0.041 0.006 0.006 0.046 
  15   (0.032) 0.032 0.005 0.005 0.028 
  16   (0.031) 0.031 0.005 0.004 0.027 
  17   (0.039) 0.038 0.006 0.006 0.046 
  18   (0.040) 0.039 0.006 0.006 0.046 

Locus 28 : locus28 
29 alleles
0.0% missing data
   1   (0.034) 0.034 0.010 0.118 0.013 
   2   (0.034) 0.034 0.008 0.148 0.013 
   3   (0.032) 0.034 0.005 0.058 0.012 
   4   (0.037) 0.037 0.009 0.325 0.014 
   5   (0.024) 0.026 0.004 0.026 0.009 
   6   (0.026) 0.026 0.004 0.032 0.009 
   7   (0.036) 0.036 0.010 0.114 0.013 
   8   (0.043) 0.044 0.007 0.033 0.030 
   9   (0.028) 0.028 0.004 0.033 0.010 
  10   (0.036) 0.036 0.172 0.006 0.013 
  11   (0.035) 0.035 0.169 0.009 0.013 
  12   (0.029) 0.029 0.087 0.006 0.011 
  13   (0.032) 0.032 0.197 0.008 0.012 
  14   (0.026) 0.025 0.060 0.004 0.009 
  15   (0.026) 0.026 0.032 0.004 0.010 
  16   (0.038) 0.038 0.143 0.008 0.014 
  17   (0.044) 0.044 0.007 0.006 0.096 
  18   (0.035) 0.035 0.006 0.005 0.044 
  19   (0.035) 0.034 0.006 0.005 0.045 
  20   (0.040) 0.040 0.006 0.006 0.062 
  21   (0.043) 0.043 0.007 0.006 0.095 
  22   (0.031) 0.031 0.005 0.004 0.027 
  23   (0.027) 0.027 0.004 0.004 0.026 
  24   (0.054) 0.054 0.009 0.008 0.131 
  25   (0.032) 0.032 0.005 0.005 0.044 
  26   (0.040) 0.040 0.006 0.006 0.078 
  27   (0.026) 0.026 0.004 0.004 0.025 
  28   (0.042) 0.041 0.007 0.006 0.079 
  29   (0.034) 0.034 0.005 0.005 0.044 

Locus 29 : locus29 
19 alleles
0.0% missing data
   1   (0.130) 0.131 0.107 0.251 0.143 
   2   (0.113) 0.113 0.153 0.318 0.089 
   3   (0.087) 0.088 0.061 0.168 0.064 
   4   (0.032) 0.032 0.005 0.034 0.012 
   5   (0.034) 0.034 0.009 0.061 0.013 
   6   (0.076) 0.079 0.080 0.079 0.042 
   7   (0.042) 0.042 0.247 0.011 0.016 
   8   (0.039) 0.039 0.164 0.011 0.015 
   9   (0.035) 0.035 0.059 0.005 0.013 
  10   (0.034) 0.034 0.056 0.009 0.013 
  11   (0.046) 0.046 0.007 0.007 0.080 
  12   (0.038) 0.039 0.006 0.006 0.045 
  13   (0.031) 0.030 0.005 0.004 0.027 
  14   (0.032) 0.031 0.005 0.005 0.027 
  15   (0.058) 0.058 0.009 0.008 0.133 
  16   (0.050) 0.050 0.008 0.007 0.098 
  17   (0.037) 0.037 0.006 0.005 0.045 
  18   (0.047) 0.047 0.007 0.007 0.081 
  19   (0.037) 0.037 0.006 0.005 0.046 

Locus 30 : locus30 
18 alleles
0.0% missing data
   1   (0.035) 0.035 0.008 0.182 0.013 
   2   (0.059) 0.058 0.017 0.299 0.037 
   3   (0.045) 0.045 0.035 0.036 0.017 
   4   (0.081) 0.082 0.045 0.152 0.061 
   5   (0.059) 0.061 0.009 0.060 0.053 
   6   (0.087) 0.087 0.126 0.040 0.080 
   7   (0.114) 0.118 0.113 0.048 0.137 
   8   (0.052) 0.052 0.055 0.105 0.019 
   9   (0.041) 0.040 0.337 0.011 0.015 
  10   (0.065) 0.064 0.115 0.016 0.056 
  11   (0.088) 0.087 0.070 0.013 0.142 
  12   (0.031) 0.030 0.032 0.004 0.011 
  13   (0.037) 0.037 0.006 0.005 0.045 
  14   (0.054) 0.053 0.009 0.008 0.115 
  15   (0.037) 0.037 0.006 0.005 0.045 
  16   (0.042) 0.041 0.007 0.006 0.063 
  17   (0.030) 0.030 0.005 0.004 0.027 
  18   (0.042) 0.042 0.007 0.006 0.063 

Locus 31 : locus31 
25 alleles
0.0% missing data
   1   (0.037) 0.038 0.008 0.316 0.014 
   2   (0.030) 0.030 0.006 0.117 0.011 
   3   (0.035) 0.035 0.007 0.145 0.013 
   4   (0.034) 0.034 0.009 0.198 0.012 
   5   (0.035) 0.035 0.014 0.082 0.013 
   6   (0.028) 0.028 0.033 0.004 0.010 
   7   (0.054) 0.054 0.061 0.012 0.051 
   8   (0.030) 0.030 0.062 0.004 0.011 
   9   (0.029) 0.029 0.033 0.004 0.011 
  10   (0.037) 0.037 0.145 0.008 0.014 
  11   (0.066) 0.066 0.124 0.009 0.071 
  12   (0.050) 0.051 0.173 0.012 0.034 
  13   (0.035) 0.035 0.083 0.011 0.013 
  14   (0.085) 0.085 0.065 0.017 0.142 
  15   (0.026) 0.027 0.032 0.004 0.010 
  16   (0.029) 0.029 0.033 0.004 0.011 
  17   (0.072) 0.072 0.063 0.015 0.106 
  18   (0.047) 0.047 0.008 0.006 0.097 
  19   (0.037) 0.037 0.006 0.005 0.061 
  20   (0.049) 0.049 0.008 0.007 0.113 
  21   (0.026) 0.026 0.004 0.004 0.025 
  22   (0.038) 0.038 0.006 0.005 0.062 
  23   (0.033) 0.033 0.005 0.005 0.044 
  24   (0.028) 0.028 0.005 0.004 0.026 
  25   (0.030) 0.030 0.005 0.004 0.026 

Locus 32 : locus32 
24 alleles
0.0% missing data
   1   (0.034) 0.034 0.010 0.172 0.013 
   2   (0.032) 0.032 0.008 0.145 0.012 
   3   (0.037) 0.038 0.008 0.288 0.014 
   4   (0.033) 0.033 0.008 0.088 0.012 
   5   (0.035) 0.035 0.009 0.145 0.013 
   6   (0.031) 0.033 0.005 0.026 0.011 
   7   (0.056) 0.056 0.205 0.010 0.036 
   8   (0.054) 0.053 0.143 0.015 0.036 
   9   (0.047) 0.047 0.064 0.007 0.033 
  10   (0.058) 0.058 0.062 0.012 0.053 
  11   (0.034) 0.034 0.119 0.005 0.012 
  12   (0.032) 0.032 0.062 0.004 0.012 
  13   (0.037) 0.036 0.115 0.009 0.013 
  14   (0.050) 0.051 0.084 0.015 0.033 
  15   (0.073) 0.073 0.040 0.010 0.122 
  16   (0.039) 0.039 0.006 0.005 0.062 
  17   (0.045) 0.045 0.007 0.006 0.080 
  18   (0.031) 0.031 0.005 0.004 0.027 
  19   (0.041) 0.040 0.007 0.006 0.063 
  20   (0.050) 0.049 0.008 0.007 0.098 
  21   (0.042) 0.042 0.007 0.006 0.079 
  22   (0.043) 0.043 0.007 0.006 0.079 
  23   (0.034) 0.033 0.006 0.005 0.044 
  24   (0.033) 0.033 0.005 0.005 0.044 

Locus 33 : locus33 
19 alleles
0.0% missing data
   1   (0.077) 0.077 0.057 0.398 0.044 
   2   (0.077) 0.077 0.242 0.090 0.044 
   3   (0.120) 0.121 0.098 0.136 0.155 
   4   (0.098) 0.099 0.098 0.214 0.084 
   5   (0.070) 0.070 0.120 0.070 0.042 
   6   (0.049) 0.049 0.090 0.009 0.034 
   7   (0.049) 0.049 0.060 0.011 0.034 
   8   (0.035) 0.035 0.116 0.006 0.013 
   9   (0.058) 0.057 0.061 0.013 0.053 
  10   (0.042) 0.043 0.007 0.006 0.063 
  11   (0.030) 0.030 0.005 0.004 0.027 
  12   (0.030) 0.030 0.005 0.004 0.027 
  13   (0.035) 0.035 0.006 0.005 0.045 
  14   (0.052) 0.051 0.008 0.007 0.115 
  15   (0.029) 0.029 0.005 0.004 0.026 
  16   (0.041) 0.040 0.007 0.006 0.063 
  17   (0.037) 0.037 0.006 0.005 0.045 
  18   (0.039) 0.039 0.006 0.005 0.062 
  19   (0.030) 0.030 0.005 0.004 0.027 

Locus 34 : locus34 
29 alleles
0.0% missing data
   1   (0.058) 0.058 0.129 0.537 0.021 
   2   (0.049) 0.049 0.051 0.198 0.018 
   3   (0.050) 0.049 0.045 0.087 0.018 
   4   (0.027) 0.028 0.004 0.032 0.010 
   5   (0.025) 0.031 0.004 0.016 0.009 
   6   (0.030) 0.030 0.085 0.006 0.011 
   7   (0.025) 0.025 0.031 0.004 0.009 
   8   (0.030) 0.030 0.136 0.010 0.011 
   9   (0.053) 0.053 0.063 0.008 0.067 
  10   (0.034) 0.034 0.137 0.011 0.013 
  11   (0.029) 0.029 0.113 0.005 0.011 
  12   (0.034) 0.034 0.113 0.007 0.012 
  13   (0.041) 0.041 0.006 0.006 0.078 
  14   (0.024) 0.024 0.004 0.003 0.025 
  15   (0.028) 0.028 0.004 0.004 0.026 
  16   (0.040) 0.040 0.006 0.006 0.079 
  17   (0.030) 0.030 0.005 0.004 0.043 
  18   (0.033) 0.033 0.005 0.005 0.044 
  19   (0.036) 0.036 0.006 0.005 0.060 
  20   (0.033) 0.033 0.005 0.005 0.043 
  21   (0.026) 0.026 0.004 0.004 0.025 
  22   (0.039) 0.038 0.006 0.006 0.062 
  23   (0.027) 0.028 0.004 0.004 0.024 
  24   (0.028) 0.028 0.004 0.004 0.026 
  25   (0.034) 0.034 0.005 0.005 0.060 
  26   (0.040) 0.039 0.006 0.006 0.062 
  27   (0.037) 0.037 0.006 0.005 0.061 
  28   (0.033) 0.032 0.005 0.005 0.044 
  29   (0.026) 0.026 0.004 0.004 0.025 

Locus 35 : locus35 
23 alleles
0.0% missing data
   1   (0.041) 0.042 0.011 0.201 0.015 
   2   (0.035) 0.035 0.006 0.091 0.013 
   3   (0.041) 0.041 0.009 0.318 0.015 
   4   (0.042) 0.042 0.012 0.229 0.015 
   5   (0.031) 0.032 0.005 0.031 0.011 
   6   (0.035) 0.035 0.090 0.005 0.013 
   7   (0.059) 0.059 0.146 0.012 0.037 
   8   (0.080) 0.080 0.174 0.018 0.077 
   9   (0.041) 0.041 0.200 0.009 0.015 
  10   (0.038) 0.038 0.117 0.007 0.014 
  11   (0.039) 0.039 0.146 0.007 0.014 
  12   (0.038) 0.038 0.006 0.005 0.046 
  13   (0.044) 0.044 0.007 0.006 0.063 
  14   (0.049) 0.049 0.008 0.007 0.081 
  15   (0.069) 0.070 0.011 0.010 0.168 
  16   (0.033) 0.033 0.005 0.004 0.028 
  17   (0.038) 0.038 0.006 0.005 0.046 
  18   (0.032) 0.032 0.005 0.004 0.027 
  19   (0.053) 0.053 0.009 0.007 0.099 
  20   (0.043) 0.043 0.007 0.006 0.063 
  21   (0.043) 0.043 0.007 0.006 0.063 
  22   (0.033) 0.033 0.005 0.005 0.028 
  23   (0.041) 0.041 0.007 0.006 0.047 

Locus 36 : locus36 
20 alleles
0.0% missing data
   1   (0.042) 0.041 0.012 0.173 0.015 
   2   (0.040) 0.039 0.008 0.119 0.015 
   3   (0.043) 0.043 0.011 0.463 0.016 
   4   (0.037) 0.037 0.006 0.092 0.014 
   5   (0.031) 0.037 0.005 0.016 0.012 
   6   (0.043) 0.043 0.169 0.014 0.016 
   7   (0.087) 0.087 0.096 0.016 0.111 
   8   (0.035) 0.034 0.091 0.005 0.013 
   9   (0.039) 0.039 0.090 0.008 0.014 
  10   (0.125) 0.125 0.214 0.023 0.205 
  11   (0.074) 0.074 0.123 0.013 0.075 
  12   (0.037) 0.037 0.059 0.009 0.014 
  13   (0.055) 0.055 0.037 0.008 0.052 
  14   (0.048) 0.048 0.036 0.007 0.033 
  15   (0.053) 0.052 0.009 0.007 0.099 
  16   (0.055) 0.055 0.009 0.008 0.100 
  17   (0.044) 0.044 0.007 0.006 0.063 
  18   (0.037) 0.038 0.006 0.005 0.044 
  19   (0.043) 0.042 0.007 0.006 0.063 
  20   (0.031) 0.031 0.005 0.004 0.027 

Locus 37 : locus37 
21 alleles
0.0% missing data
   1   (0.070) 0.070 0.016 0.640 0.057 
   2   (0.069) 0.070 0.014 0.118 0.073 
   3   (0.051) 0.052 0.015 0.054 0.034 
   4   (0.056) 0.056 0.015 0.060 0.052 
   5   (0.048) 0.048 0.063 0.007 0.033 
   6   (0.076) 0.076 0.122 0.014 0.092 
   7   (0.062) 0.062 0.146 0.013 0.054 
   8   (0.048) 0.048 0.090 0.009 0.034 
   9   (0.055) 0.054 0.065 0.008 0.052 
  10   (0.028) 0.028 0.033 0.004 0.010 
  11   (0.073) 0.073 0.203 0.016 0.074 
  12   (0.035) 0.035 0.114 0.008 0.013 
  13   (0.033) 0.033 0.058 0.008 0.012 
  14   (0.048) 0.048 0.008 0.007 0.097 
  15   (0.029) 0.029 0.005 0.004 0.026 
  16   (0.040) 0.040 0.006 0.006 0.062 
  17   (0.029) 0.029 0.005 0.004 0.027 
  18   (0.036) 0.036 0.006 0.005 0.045 
  19   (0.041) 0.040 0.007 0.006 0.062 
  20   (0.036) 0.036 0.006 0.005 0.044 
  21   (0.036) 0.036 0.006 0.005 0.045 

Locus 38 : locus38 
20 alleles
0.0% missing data
   1   (0.065) 0.066 0.016 0.148 0.056 
   2   (0.075) 0.075 0.019 0.208 0.075 
   3   (0.062) 0.063 0.014 0.380 0.039 
   4   (0.060) 0.060 0.016 0.059 0.054 
   5   (0.060) 0.060 0.010 0.095 0.053 
   6   (0.039) 0.038 0.226 0.008 0.014 
   7   (0.046) 0.046 0.035 0.006 0.032 
   8   (0.041) 0.040 0.282 0.009 0.015 
   9   (0.050) 0.050 0.088 0.010 0.034 
  10   (0.048) 0.047 0.035 0.007 0.033 
  11   (0.037) 0.036 0.087 0.007 0.013 
  12   (0.050) 0.050 0.063 0.007 0.034 
  13   (0.052) 0.052 0.059 0.012 0.035 
  14   (0.058) 0.058 0.009 0.008 0.116 
  15   (0.047) 0.047 0.008 0.007 0.080 
  16   (0.048) 0.048 0.008 0.007 0.081 
  17   (0.042) 0.042 0.007 0.006 0.063 
  18   (0.047) 0.047 0.008 0.007 0.081 
  19   (0.043) 0.043 0.007 0.006 0.064 
  20   (0.031) 0.031 0.005 0.004 0.027 

Locus 39 : locus39 
28 alleles
0.0% missing data
   1   (0.031) 0.031 0.009 0.058 0.012 
   2   (0.029) 0.029 0.005 0.062 0.011 
   3   (0.036) 0.036 0.008 0.465 0.013 
   4   (0.030) 0.030 0.005 0.061 0.011 
   5   (0.035) 0.035 0.010 0.174 0.013 
   6   (0.034) 0.037 0.012 0.047 0.013 
   7   (0.051) 0.051 0.145 0.011 0.034 
   8   (0.031) 0.031 0.061 0.004 0.012 
   9   (0.033) 0.033 0.228 0.007 0.012 
  10   (0.028) 0.028 0.032 0.004 0.010 
  11   (0.029) 0.029 0.060 0.004 0.011 
  12   (0.048) 0.048 0.115 0.012 0.033 
  13   (0.030) 0.030 0.058 0.008 0.011 
  14   (0.027) 0.027 0.032 0.004 0.010 
  15   (0.029) 0.029 0.087 0.006 0.011 
  16   (0.070) 0.070 0.062 0.015 0.105 
  17   (0.063) 0.063 0.010 0.009 0.166 
  18   (0.037) 0.036 0.006 0.005 0.045 
  19   (0.030) 0.029 0.005 0.004 0.027 
  20   (0.042) 0.042 0.007 0.006 0.095 
  21   (0.048) 0.048 0.008 0.007 0.097 
  22   (0.025) 0.025 0.004 0.004 0.025 
  23   (0.028) 0.029 0.004 0.004 0.024 
  24   (0.039) 0.039 0.006 0.005 0.062 
  25   (0.027) 0.027 0.004 0.004 0.026 
  26   (0.035) 0.035 0.006 0.005 0.061 
  27   (0.027) 0.027 0.004 0.004 0.026 
  28   (0.027) 0.027 0.004 0.004 0.025 

Locus 40 : locus40 
24 alleles
0.0% missing data
   1   (0.035) 0.035 0.008 0.174 0.013 
   2   (0.033) 0.033 0.008 0.174 0.012 
   3   (0.038) 0.039 0.010 0.286 0.014 
   4   (0.033) 0.033 0.007 0.117 0.012 
   5   (0.029) 0.029 0.005 0.061 0.011 
   6   (0.034) 0.034 0.009 0.057 0.012 
   7   (0.085) 0.085 0.178 0.016 0.111 
   8   (0.050) 0.050 0.093 0.007 0.034 
   9   (0.064) 0.063 0.232 0.013 0.055 
  10   (0.034) 0.033 0.059 0.008 0.012 
  11   (0.069) 0.069 0.147 0.015 0.073 
  12   (0.076) 0.076 0.177 0.014 0.091 
  13   (0.045) 0.044 0.007 0.006 0.080 
  14   (0.031) 0.031 0.005 0.004 0.027 
  15   (0.032) 0.032 0.005 0.004 0.044 
  16   (0.035) 0.035 0.006 0.005 0.045 
  17   (0.030) 0.030 0.005 0.004 0.027 
  18   (0.035) 0.035 0.006 0.005 0.045 
  19   (0.031) 0.031 0.005 0.004 0.027 
  20   (0.045) 0.045 0.007 0.006 0.079 
  21   (0.039) 0.039 0.006 0.005 0.061 
  22   (0.034) 0.034 0.006 0.005 0.044 
  23   (0.035) 0.035 0.006 0.005 0.045 
  24   (0.029) 0.029 0.005 0.004 0.026 

Locus 41 : locus41 
18 alleles
0.0% missing data
   1   (0.107) 0.106 0.021 0.131 0.166 
   2   (0.070) 0.069 0.015 0.186 0.057 
   3   (0.087) 0.087 0.021 0.152 0.095 
   4   (0.088) 0.087 0.020 0.065 0.127 
   5   (0.042) 0.041 0.011 0.241 0.015 
   6   (0.057) 0.059 0.009 0.031 0.053 
   7   (0.069) 0.069 0.011 0.067 0.073 
   8   (0.070) 0.075 0.011 0.022 0.089 
   9   (0.047) 0.046 0.007 0.037 0.033 
  10   (0.043) 0.042 0.309 0.008 0.016 
  11   (0.043) 0.042 0.224 0.009 0.016 
  12   (0.037) 0.037 0.087 0.008 0.014 
  13   (0.040) 0.040 0.141 0.009 0.015 
  14   (0.036) 0.036 0.057 0.009 0.013 
  15   (0.032) 0.032 0.032 0.005 0.012 
  16   (0.062) 0.061 0.010 0.009 0.133 
  17   (0.032) 0.032 0.005 0.005 0.027 
  18   (0.039) 0.039 0.006 0.006 0.046 

Locus 42 : locus42 
22 alleles
0.0% missing data
   1   (0.052) 0.051 0.014 0.120 0.035 
   2   (0.062) 0.061 0.192 0.109 0.023 
   3   (0.075) 0.075 0.024 0.086 0.090 
   4   (0.055) 0.055 0.073 0.144 0.020 
   5   (0.032) 0.032 0.005 0.093 0.012 
   6   (0.035) 0.035 0.008 0.091 0.013 
   7   (0.069) 0.068 0.300 0.233 0.025 
   8   (0.076) 0.080 0.193 0.040 0.043 
   9   (0.029) 0.029 0.032 0.004 0.011 
  10   (0.049) 0.049 0.058 0.012 0.034 
  11   (0.030) 0.029 0.032 0.004 0.011 
  12   (0.040) 0.040 0.006 0.006 0.062 
  13   (0.037) 0.037 0.006 0.005 0.045 
  14   (0.053) 0.053 0.008 0.008 0.114 
  15   (0.041) 0.041 0.007 0.006 0.062 
  16   (0.031) 0.031 0.005 0.004 0.027 
  17   (0.049) 0.048 0.008 0.007 0.097 
  18   (0.052) 0.051 0.008 0.007 0.115 
  19   (0.035) 0.035 0.006 0.005 0.045 
  20   (0.035) 0.035 0.006 0.005 0.045 
  21   (0.030) 0.030 0.005 0.004 0.027 
  22   (0.034) 0.034 0.005 0.005 0.044 

Locus 43 : locus43 
19 alleles
0.0% missing data
   1   (0.035) 0.035 0.013 0.084 0.013 
   2   (0.036) 0.037 0.007 0.176 0.013 
   3   (0.034) 0.034 0.009 0.059 0.013 
   4   (0.037) 0.037 0.008 0.117 0.014 
   5   (0.035) 0.035 0.007 0.119 0.013 
   6   (0.037) 0.037 0.008 0.177 0.014 
   7   (0.030) 0.030 0.005 0.033 0.011 
   8   (0.071) 0.071 0.018 0.061 0.090 
   9   (0.034) 0.034 0.009 0.058 0.012 
  10   (0.062) 0.061 0.120 0.011 0.054 
  11   (0.076) 0.076 0.063 0.016 0.107 
  12   (0.098) 0.098 0.262 0.019 0.131 
  13   (0.068) 0.068 0.092 0.013 0.071 
  14   (0.044) 0.044 0.035 0.006 0.032 
  15   (0.086) 0.086 0.228 0.021 0.094 
  16   (0.071) 0.071 0.039 0.010 0.121 
  17   (0.075) 0.075 0.067 0.011 0.107 
  18   (0.030) 0.030 0.005 0.004 0.027 
  19   (0.042) 0.042 0.007 0.006 0.063 

Locus 44 : locus44 
8 alleles
0.0% missing data
   1   (0.124) 0.124 0.026 0.190 0.141 
   2   (0.080) 0.081 0.113 0.167 0.030 
   3   (0.105) 0.104 0.147 0.053 0.070 
   4   (0.135) 0.134 0.160 0.316 0.081 
   5   (0.130) 0.129 0.242 0.164 0.079 
   6   (0.237) 0.241 0.179 0.074 0.340 
   7   (0.112) 0.111 0.120 0.026 0.120 
   8   (0.076) 0.076 0.012 0.011 0.139 

Locus 45 : locus45 
18 alleles
0.0% missing data
   1   (0.095) 0.095 0.197 0.056 0.082 
   2   (0.060) 0.060 0.084 0.167 0.022 
   3   (0.056) 0.055 0.054 0.198 0.020 
   4   (0.059) 0.059 0.085 0.133 0.022 
   5   (0.056) 0.056 0.013 0.183 0.036 
   6   (0.034) 0.034 0.009 0.060 0.013 
   7   (0.054) 0.056 0.064 0.059 0.020 
   8   (0.057) 0.060 0.107 0.037 0.021 
   9   (0.086) 0.086 0.106 0.031 0.093 
  10   (0.030) 0.030 0.032 0.004 0.011 
  11   (0.096) 0.096 0.123 0.017 0.146 
  12   (0.037) 0.037 0.082 0.013 0.014 
  13   (0.046) 0.046 0.007 0.007 0.081 
  14   (0.038) 0.037 0.006 0.005 0.045 
  15   (0.062) 0.062 0.010 0.009 0.150 
  16   (0.031) 0.031 0.005 0.004 0.027 
  17   (0.060) 0.060 0.010 0.009 0.133 
  18   (0.042) 0.041 0.007 0.006 0.063 

Locus 46 : locus46 
19 alleles
0.0% missing data
   1   (0.065) 0.064 0.171 0.162 0.024 
   2   (0.038) 0.038 0.007 0.314 0.014 
   3   (0.095) 0.096 0.093 0.195 0.067 
   4   (0.051) 0.051 0.034 0.070 0.019 
   5   (0.052) 0.052 0.043 0.090 0.019 
   6   (0.091) 0.094 0.023 0.051 0.129 
   7   (0.041) 0.041 0.189 0.010 0.015 
   8   (0.033) 0.033 0.058 0.005 0.012 
   9   (0.085) 0.084 0.111 0.022 0.094 
  10   (0.058) 0.058 0.138 0.014 0.037 
  11   (0.039) 0.039 0.078 0.014 0.014 
  12   (0.064) 0.064 0.010 0.010 0.151 
  13   (0.050) 0.050 0.008 0.008 0.097 
  14   (0.048) 0.048 0.007 0.007 0.081 
  15   (0.032) 0.031 0.005 0.005 0.027 
  16   (0.039) 0.039 0.006 0.006 0.046 
  17   (0.045) 0.044 0.007 0.007 0.064 
  18   (0.045) 0.044 0.007 0.007 0.064 
  19   (0.030) 0.030 0.005 0.005 0.027 

Locus 47 : locus47 
19 alleles
0.0% missing data
   1   (0.083) 0.083 0.017 0.095 0.093 
   2   (0.043) 0.043 0.011 0.263 0.016 
   3   (0.035) 0.035 0.006 0.063 0.013 
   4   (0.088) 0.088 0.023 0.118 0.095 
   5   (0.095) 0.095 0.015 0.101 0.146 
   6   (0.041) 0.042 0.012 0.112 0.015 
   7   (0.075) 0.075 0.012 0.068 0.090 
   8   (0.056) 0.056 0.012 0.092 0.036 
   9   (0.041) 0.040 0.227 0.007 0.015 
  10   (0.042) 0.042 0.228 0.007 0.015 
  11   (0.038) 0.038 0.116 0.007 0.014 
  12   (0.038) 0.037 0.058 0.009 0.014 
  13   (0.043) 0.043 0.164 0.015 0.016 
  14   (0.036) 0.035 0.058 0.008 0.013 
  15   (0.069) 0.068 0.011 0.010 0.152 
  16   (0.060) 0.060 0.010 0.008 0.117 
  17   (0.047) 0.047 0.008 0.007 0.065 
  18   (0.032) 0.032 0.005 0.005 0.028 
  19   (0.040) 0.040 0.007 0.006 0.046 

Locus 48 : locus48 
21 alleles
0.0% missing data
   1   (0.032) 0.031 0.005 0.093 0.012 
   2   (0.033) 0.032 0.009 0.060 0.012 
   3   (0.056) 0.058 0.009 0.060 0.052 
   4   (0.073) 0.075 0.012 0.061 0.106 
   5   (0.061) 0.063 0.010 0.060 0.070 
   6   (0.055) 0.055 0.009 0.037 0.067 
   7   (0.056) 0.056 0.014 0.062 0.052 
   8   (0.036) 0.036 0.010 0.325 0.013 
   9   (0.051) 0.052 0.017 0.145 0.033 
  10   (0.053) 0.052 0.231 0.010 0.035 
  11   (0.036) 0.035 0.143 0.008 0.013 
  12   (0.091) 0.091 0.258 0.021 0.129 
  13   (0.033) 0.032 0.058 0.008 0.012 
  14   (0.068) 0.068 0.091 0.013 0.088 
  15   (0.027) 0.027 0.032 0.004 0.010 
  16   (0.044) 0.044 0.034 0.006 0.032 
  17   (0.050) 0.050 0.036 0.007 0.050 
  18   (0.040) 0.039 0.006 0.006 0.063 
  19   (0.043) 0.043 0.007 0.006 0.079 
  20   (0.034) 0.033 0.005 0.005 0.044 
  21   (0.029) 0.028 0.005 0.004 0.026 

Locus 49 : locus49 
28 alleles
0.0% missing data
   1   (0.033) 0.032 0.007 0.091 0.012 
   2   (0.030) 0.030 0.005 0.092 0.011 
   3   (0.032) 0.033 0.009 0.115 0.012 
   4   (0.050) 0.050 0.011 0.179 0.034 
   5   (0.031) 0.031 0.009 0.117 0.011 
   6   (0.034) 0.034 0.008 0.148 0.012 
   7   (0.029) 0.029 0.005 0.092 0.011 
   8   (0.034) 0.037 0.012 0.048 0.013 
   9   (0.052) 0.052 0.229 0.009 0.034 
  10   (0.038) 0.037 0.420 0.008 0.014 
  11   (0.031) 0.030 0.057 0.007 0.011 
  12   (0.031) 0.031 0.057 0.008 0.011 
  13   (0.030) 0.030 0.031 0.004 0.011 
  14   (0.032) 0.032 0.057 0.008 0.012 
  15   (0.035) 0.034 0.006 0.005 0.044 
  16   (0.037) 0.037 0.006 0.005 0.061 
  17   (0.042) 0.042 0.007 0.006 0.063 
  18   (0.032) 0.032 0.005 0.004 0.043 
  19   (0.042) 0.042 0.007 0.006 0.095 
  20   (0.039) 0.039 0.006 0.006 0.062 
  21   (0.036) 0.036 0.006 0.005 0.045 
  22   (0.045) 0.045 0.007 0.006 0.096 
  23   (0.047) 0.047 0.008 0.007 0.097 
  24   (0.029) 0.029 0.005 0.004 0.026 
  25   (0.037) 0.037 0.006 0.005 0.061 
  26   (0.028) 0.028 0.005 0.004 0.026 
  27   (0.036) 0.035 0.006 0.005 0.045 
  28   (0.028) 0.028 0.004 0.004 0.026 

Locus 50 : locus50 
14 alleles
0.0% missing data
   1   (0.111) 0.111 0.026 0.333 0.136 
   2   (0.100) 0.099 0.123 0.077 0.084 
   3   (0.039) 0.039 0.011 0.119 0.014 
   4   (0.097) 0.097 0.015 0.101 0.146 
   5   (0.083) 0.082 0.049 0.122 0.062 
   6   (0.099) 0.099 0.072 0.072 0.100 
   7   (0.120) 0.121 0.073 0.045 0.171 
   8   (0.068) 0.073 0.011 0.022 0.088 
   9   (0.036) 0.036 0.010 0.061 0.013 
  10   (0.086) 0.085 0.316 0.016 0.079 
  11   (0.039) 0.039 0.116 0.007 0.015 
  12   (0.039) 0.039 0.113 0.010 0.014 
  13   (0.036) 0.036 0.058 0.009 0.013 
  14   (0.045) 0.045 0.007 0.007 0.064 

Locus 51 : locus51 
23 alleles
0.0% missing data
   1   (0.040) 0.039 0.010 0.205 0.015 
   2   (0.043) 0.042 0.010 0.264 0.016 
   3   (0.044) 0.044 0.009 0.207 0.016 
   4   (0.041) 0.042 0.012 0.113 0.015 
   5   (0.040) 0.041 0.006 0.058 0.014 
   6   (0.033) 0.033 0.005 0.033 0.012 
   7   (0.043) 0.042 0.229 0.008 0.016 
   8   (0.039) 0.039 0.117 0.007 0.014 
   9   (0.045) 0.045 0.368 0.010 0.017 
  10   (0.035) 0.036 0.031 0.005 0.013 
  11   (0.037) 0.036 0.059 0.009 0.014 
  12   (0.036) 0.036 0.058 0.008 0.013 
  13   (0.051) 0.051 0.008 0.007 0.083 
  14   (0.070) 0.070 0.011 0.010 0.169 
  15   (0.033) 0.033 0.005 0.005 0.028 
  16   (0.045) 0.044 0.007 0.006 0.064 
  17   (0.038) 0.039 0.006 0.005 0.045 
  18   (0.032) 0.033 0.005 0.005 0.026 
  19   (0.064) 0.064 0.010 0.009 0.119 
  20   (0.071) 0.071 0.012 0.010 0.153 
  21   (0.041) 0.040 0.007 0.006 0.047 
  22   (0.032) 0.032 0.005 0.005 0.028 
  23   (0.046) 0.046 0.007 0.007 0.065 

Locus 52 : locus52 
18 alleles
0.0% missing data
   1   (0.094) 0.094 0.020 0.096 0.130 
   2   (0.061) 0.061 0.014 0.268 0.038 
   3   (0.077) 0.078 0.018 0.266 0.060 
   4   (0.065) 0.065 0.016 0.061 0.056 
   5   (0.084) 0.084 0.014 0.040 0.143 
   6   (0.043) 0.044 0.012 0.112 0.016 
   7   (0.063) 0.064 0.010 0.065 0.055 
   8   (0.038) 0.037 0.117 0.005 0.014 
   9   (0.079) 0.080 0.150 0.013 0.076 
  10   (0.044) 0.044 0.283 0.008 0.016 
  11   (0.040) 0.040 0.083 0.012 0.015 
  12   (0.043) 0.043 0.169 0.011 0.016 
  13   (0.037) 0.037 0.058 0.009 0.014 
  14   (0.055) 0.055 0.009 0.008 0.100 
  15   (0.050) 0.049 0.008 0.007 0.082 
  16   (0.061) 0.060 0.010 0.009 0.118 
  17   (0.033) 0.032 0.005 0.005 0.028 
  18   (0.033) 0.033 0.005 0.005 0.026 

Locus 53 : locus53 
20 alleles
0.0% missing data
   1   (0.039) 0.039 0.008 0.185 0.014 
   2   (0.069) 0.069 0.014 0.097 0.073 
   3   (0.054) 0.053 0.050 0.143 0.020 
   4   (0.059) 0.059 0.052 0.233 0.022 
   5   (0.033) 0.033 0.005 0.034 0.012 
   6   (0.092) 0.094 0.015 0.097 0.129 
   7   (0.055) 0.060 0.009 0.020 0.052 
   8   (0.068) 0.068 0.021 0.088 0.057 
   9   (0.039) 0.039 0.142 0.007 0.014 
  10   (0.042) 0.041 0.223 0.009 0.015 
  11   (0.035) 0.035 0.086 0.007 0.013 
  12   (0.037) 0.037 0.056 0.010 0.014 
  13   (0.037) 0.037 0.088 0.005 0.014 
  14   (0.039) 0.039 0.105 0.017 0.014 
  15   (0.037) 0.036 0.086 0.008 0.013 
  16   (0.053) 0.052 0.008 0.008 0.099 
  17   (0.071) 0.070 0.011 0.010 0.185 
  18   (0.058) 0.058 0.009 0.008 0.116 
  19   (0.053) 0.053 0.008 0.008 0.099 
  20   (0.030) 0.030 0.005 0.004 0.026 

Locus 54 : locus54 
20 alleles
0.0% missing data
   1   (0.044) 0.043 0.010 0.239 0.016 
   2   (0.037) 0.037 0.006 0.093 0.014 
   3   (0.046) 0.045 0.013 0.237 0.017 
   4   (0.061) 0.063 0.010 0.031 0.054 
   5   (0.032) 0.032 0.005 0.033 0.012 
   6   (0.034) 0.039 0.006 0.017 0.013 
   7   (0.044) 0.044 0.012 0.207 0.016 
   8   (0.034) 0.034 0.006 0.034 0.013 
   9   (0.042) 0.042 0.114 0.011 0.016 
  10   (0.045) 0.044 0.397 0.009 0.016 
  11   (0.065) 0.065 0.231 0.014 0.039 
  12   (0.097) 0.097 0.043 0.014 0.162 
  13   (0.091) 0.091 0.039 0.013 0.144 
  14   (0.037) 0.037 0.062 0.005 0.014 
  15   (0.033) 0.033 0.005 0.005 0.028 
  16   (0.041) 0.041 0.007 0.006 0.047 
  17   (0.034) 0.033 0.006 0.005 0.028 
  18   (0.073) 0.072 0.012 0.010 0.154 
  19   (0.068) 0.068 0.011 0.010 0.152 
  20   (0.041) 0.041 0.007 0.006 0.047 

Locus 55 : locus55 
28 alleles
0.0% missing data
   1   (0.035) 0.034 0.009 0.292 0.013 
   2   (0.038) 0.038 0.006 0.034 0.030 
   3   (0.031) 0.032 0.007 0.086 0.012 
   4   (0.027) 0.027 0.004 0.032 0.010 
   5   (0.029) 0.029 0.008 0.058 0.011 
   6   (0.047) 0.047 0.012 0.147 0.033 
   7   (0.048) 0.051 0.011 0.083 0.032 
   8   (0.028) 0.028 0.005 0.032 0.010 
   9   (0.033) 0.033 0.007 0.119 0.012 
  10   (0.032) 0.032 0.087 0.006 0.012 
  11   (0.035) 0.035 0.116 0.006 0.013 
  12   (0.047) 0.047 0.145 0.010 0.033 
  13   (0.033) 0.033 0.144 0.006 0.012 
  14   (0.029) 0.029 0.058 0.007 0.011 
  15   (0.031) 0.030 0.116 0.005 0.011 
  16   (0.030) 0.029 0.058 0.007 0.011 
  17   (0.047) 0.047 0.089 0.009 0.033 
  18   (0.028) 0.028 0.058 0.007 0.010 
  19   (0.037) 0.037 0.006 0.005 0.061 
  20   (0.039) 0.039 0.006 0.005 0.094 
  21   (0.036) 0.036 0.006 0.005 0.061 
  22   (0.027) 0.027 0.004 0.004 0.026 
  23   (0.043) 0.043 0.007 0.006 0.095 
  24   (0.032) 0.031 0.005 0.004 0.027 
  25   (0.050) 0.049 0.008 0.007 0.145 
  26   (0.034) 0.033 0.005 0.005 0.044 
  27   (0.044) 0.044 0.007 0.006 0.096 
  28   (0.032) 0.032 0.005 0.005 0.044 

Locus 56 : locus56 
13 alleles
0.0% missing data
   1   (0.134) 0.133 0.141 0.156 0.145 
   2   (0.132) 0.132 0.061 0.432 0.144 
   3   (0.067) 0.067 0.051 0.055 0.040 
   4   (0.087) 0.086 0.056 0.149 0.064 
   5   (0.089) 0.088 0.020 0.067 0.127 
   6   (0.072) 0.078 0.035 0.023 0.059 
   7   (0.071) 0.070 0.082 0.052 0.042 
   8   (0.069) 0.069 0.060 0.016 0.073 
   9   (0.067) 0.066 0.410 0.018 0.040 
  10   (0.057) 0.057 0.036 0.009 0.052 
  11   (0.085) 0.085 0.037 0.013 0.143 
  12   (0.038) 0.037 0.006 0.006 0.046 
  13   (0.032) 0.031 0.005 0.005 0.027 

Locus 57 : locus57 
19 alleles
0.0% missing data
   1   (0.088) 0.088 0.062 0.333 0.048 
   2   (0.045) 0.045 0.009 0.262 0.017 
   3   (0.048) 0.049 0.013 0.199 0.018 
   4   (0.043) 0.044 0.010 0.085 0.016 
   5   (0.089) 0.089 0.434 0.019 0.064 
   6   (0.055) 0.055 0.061 0.012 0.036 
   7   (0.040) 0.040 0.147 0.007 0.015 
   8   (0.051) 0.051 0.036 0.007 0.035 
   9   (0.040) 0.040 0.090 0.007 0.015 
  10   (0.036) 0.036 0.062 0.005 0.013 
  11   (0.057) 0.057 0.009 0.008 0.100 
  12   (0.069) 0.069 0.011 0.010 0.136 
  13   (0.041) 0.041 0.007 0.006 0.047 
  14   (0.047) 0.048 0.008 0.007 0.064 
  15   (0.033) 0.033 0.005 0.005 0.028 
  16   (0.041) 0.042 0.007 0.006 0.046 
  17   (0.071) 0.071 0.012 0.010 0.153 
  18   (0.049) 0.049 0.008 0.007 0.066 
  19   (0.054) 0.054 0.009 0.007 0.083 

Locus 58 : locus58 
23 alleles
0.0% missing data
   1   (0.038) 0.037 0.010 0.120 0.014 
   2   (0.035) 0.035 0.008 0.151 0.013 
   3   (0.081) 0.082 0.014 0.246 0.093 
   4   (0.037) 0.037 0.010 0.120 0.014 
   5   (0.061) 0.061 0.081 0.166 0.022 
   6   (0.079) 0.081 0.017 0.089 0.093 
   7   (0.039) 0.038 0.168 0.008 0.014 
   8   (0.046) 0.046 0.357 0.012 0.017 
   9   (0.037) 0.037 0.141 0.007 0.014 
  10   (0.035) 0.035 0.113 0.007 0.013 
  11   (0.048) 0.048 0.008 0.007 0.081 
  12   (0.044) 0.044 0.007 0.006 0.064 
  13   (0.056) 0.055 0.009 0.008 0.116 
  14   (0.038) 0.037 0.006 0.005 0.046 
  15   (0.031) 0.031 0.005 0.004 0.027 
  16   (0.036) 0.036 0.006 0.005 0.045 
  17   (0.030) 0.031 0.005 0.004 0.025 
  18   (0.031) 0.032 0.005 0.004 0.026 
  19   (0.037) 0.037 0.006 0.005 0.045 
  20   (0.038) 0.037 0.006 0.005 0.046 
  21   (0.038) 0.038 0.006 0.005 0.046 
  22   (0.048) 0.048 0.008 0.007 0.082 
  23   (0.036) 0.036 0.006 0.005 0.045 

Locus 59 : locus59 
17 alleles
0.0% missing data
   1   (0.076) 0.075 0.017 0.158 0.059 
   2   (0.043) 0.043 0.007 0.157 0.016 
   3   (0.044) 0.044 0.010 0.278 0.016 
   4   (0.080) 0.079 0.326 0.115 0.029 
   5   (0.035) 0.036 0.005 0.029 0.013 
   6   (0.064) 0.068 0.165 0.033 0.024 
   7   (0.083) 0.082 0.025 0.090 0.078 
   8   (0.071) 0.070 0.314 0.066 0.026 
   9   (0.076) 0.077 0.036 0.011 0.092 
  10   (0.035) 0.035 0.033 0.005 0.013 
  11   (0.075) 0.074 0.012 0.011 0.170 
  12   (0.043) 0.043 0.007 0.006 0.047 
  13   (0.077) 0.076 0.012 0.011 0.155 
  14   (0.044) 0.044 0.007 0.006 0.047 
  15   (0.050) 0.049 0.008 0.007 0.066 
  16   (0.045) 0.045 0.007 0.007 0.048 
  17   (0.060) 0.060 0.009 0.009 0.102 

Locus 60 : locus60 
21 alleles
0.0% missing data
   1   (0.083) 0.082 0.088 0.290 0.046 
   2   (0.039) 0.038 0.009 0.152 0.014 
   3   (0.052) 0.052 0.040 0.119 0.019 
   4   (0.041) 0.041 0.009 0.181 0.015 
   5   (0.047) 0.048 0.035 0.030 0.017 
   6   (0.032) 0.037 0.005 0.017 0.012 
   7   (0.110) 0.109 0.039 0.111 0.167 
   8   (0.041) 0.040 0.224 0.011 0.015 
   9   (0.040) 0.040 0.116 0.007 0.015 
  10   (0.037) 0.036 0.087 0.007 0.013 
  11   (0.041) 0.040 0.171 0.008 0.015 
  12   (0.032) 0.033 0.030 0.005 0.012 
  13   (0.036) 0.035 0.087 0.007 0.013 
  14   (0.051) 0.051 0.008 0.008 0.098 
  15   (0.067) 0.067 0.011 0.010 0.167 
  16   (0.038) 0.038 0.006 0.006 0.045 
  17   (0.043) 0.043 0.007 0.006 0.063 
  18   (0.048) 0.047 0.008 0.007 0.081 
  19   (0.032) 0.032 0.005 0.005 0.027 
  20   (0.053) 0.052 0.008 0.008 0.099 
  21   (0.038) 0.038 0.006 0.006 0.046 

Locus 61 : locus61 
22 alleles
0.0% missing data
   1   (0.037) 0.037 0.008 0.177 0.014 
   2   (0.037) 0.037 0.008 0.205 0.014 
   3   (0.035) 0.034 0.006 0.063 0.013 
   4   (0.031) 0.031 0.005 0.033 0.011 
   5   (0.042) 0.042 0.012 0.377 0.015 
   6   (0.032) 0.037 0.005 0.016 0.012 
   7   (0.054) 0.054 0.091 0.010 0.035 
   8   (0.036) 0.036 0.088 0.007 0.013 
   9   (0.079) 0.078 0.041 0.011 0.124 
  10   (0.076) 0.076 0.094 0.014 0.091 
  11   (0.043) 0.043 0.258 0.010 0.016 
  12   (0.036) 0.035 0.115 0.009 0.013 
  13   (0.052) 0.052 0.121 0.007 0.035 
  14   (0.036) 0.035 0.058 0.009 0.013 
  15   (0.067) 0.066 0.039 0.009 0.087 
  16   (0.031) 0.031 0.005 0.004 0.027 
  17   (0.043) 0.043 0.007 0.006 0.062 
  18   (0.048) 0.048 0.008 0.007 0.081 
  19   (0.058) 0.058 0.010 0.008 0.133 
  20   (0.048) 0.048 0.008 0.007 0.081 
  21   (0.048) 0.048 0.008 0.007 0.081 
  22   (0.032) 0.032 0.005 0.005 0.027 

Locus 62 : locus62 
21 alleles
0.0% missing data
   1   (0.035) 0.035 0.008 0.088 0.013 
   2   (0.038) 0.038 0.008 0.116 0.014 
   3   (0.038) 0.037 0.011 0.172 0.014 
   4   (0.040) 0.040 0.010 0.231 0.015 
   5   (0.039) 0.040 0.007 0.174 0.014 
   6   (0.037) 0.037 0.008 0.089 0.014 
   7   (0.065) 0.065 0.121 0.011 0.055 
   8   (0.038) 0.038 0.088 0.007 0.014 
   9   (0.074) 0.074 0.118 0.017 0.075 
  10   (0.039) 0.039 0.174 0.008 0.014 
  11   (0.039) 0.039 0.115 0.009 0.014 
  12   (0.055) 0.055 0.119 0.010 0.036 
  13   (0.046) 0.046 0.035 0.006 0.033 
  14   (0.103) 0.104 0.126 0.018 0.164 
  15   (0.061) 0.061 0.010 0.008 0.133 
  16   (0.038) 0.038 0.006 0.005 0.046 
  17   (0.055) 0.055 0.009 0.008 0.115 
  18   (0.039) 0.039 0.006 0.005 0.046 
  19   (0.048) 0.047 0.008 0.007 0.081 
  20   (0.036) 0.036 0.006 0.005 0.045 
  21   (0.038) 0.038 0.006 0.005 0.045 

Locus 63 : locus63 
23 alleles
0.0% missing data
   1   (0.030) 0.030 0.005 0.033 0.011 
   2   (0.041) 0.041 0.012 0.230 0.015 
   3   (0.034) 0.034 0.005 0.090 0.013 
   4   (0.031) 0.031 0.005 0.033 0.011 
   5   (0.039) 0.040 0.010 0.144 0.015 
   6   (0.039) 0.039 0.009 0.291 0.014 
   7   (0.035) 0.035 0.010 0.057 0.013 
   8   (0.042) 0.042 0.286 0.008 0.016 
   9   (0.032) 0.032 0.033 0.004 0.012 
  10   (0.075) 0.075 0.150 0.013 0.075 
  11   (0.111) 0.111 0.346 0.024 0.136 
  12   (0.082) 0.082 0.064 0.017 0.126 
  13   (0.061) 0.061 0.010 0.009 0.134 
  14   (0.038) 0.037 0.006 0.005 0.046 
  15   (0.050) 0.050 0.008 0.007 0.097 
  16   (0.038) 0.038 0.006 0.005 0.046 
  17   (0.029) 0.030 0.005 0.004 0.026 
  18   (0.029) 0.030 0.005 0.004 0.025 
  19   (0.038) 0.038 0.006 0.005 0.045 
  20   (0.037) 0.037 0.006 0.005 0.045 
  21   (0.029) 0.029 0.005 0.004 0.027 
  22   (0.030) 0.030 0.005 0.004 0.026 
  23   (0.030) 0.030 0.005 0.004 0.027 

Locus 64 : locus64 
16 alleles
0.0% missing data
   1   (0.087) 0.087 0.049 0.182 0.079 
   2   (0.052) 0.052 0.019 0.084 0.035 
   3   (0.079) 0.078 0.200 0.199 0.045 
   4   (0.092) 0.090 0.087 0.084 0.097 
   5   (0.098) 0.097 0.097 0.134 0.099 
   6   (0.104) 0.103 0.079 0.186 0.118 
   7   (0.072) 0.077 0.012 0.022 0.121 
   8   (0.028) 0.034 0.005 0.016 0.011 
   9   (0.056) 0.056 0.009 0.037 0.068 
  10   (0.061) 0.060 0.038 0.009 0.086 
  11   (0.051) 0.051 0.120 0.009 0.035 
  12   (0.061) 0.060 0.122 0.011 0.054 
  13   (0.031) 0.030 0.062 0.004 0.011 
  14   (0.032) 0.032 0.059 0.008 0.012 
  15   (0.067) 0.067 0.036 0.010 0.104 
  16   (0.029) 0.028 0.005 0.004 0.026 

Locus 65 : locus65 
22 alleles
0.0% missing data
   1   (0.032) 0.033 0.005 0.061 0.012 
   2   (0.036) 0.036 0.008 0.205 0.013 
   3   (0.033) 0.033 0.008 0.089 0.012 
   4   (0.035) 0.035 0.008 0.088 0.013 
   5   (0.036) 0.037 0.008 0.085 0.013 
   6   (0.036) 0.036 0.009 0.146 0.013 
   7   (0.053) 0.054 0.016 0.170 0.035 
   8   (0.030) 0.030 0.005 0.033 0.011 
   9   (0.051) 0.051 0.150 0.007 0.034 
  10   (0.083) 0.083 0.041 0.012 0.174 
  11   (0.066) 0.066 0.205 0.012 0.056 
  12   (0.035) 0.035 0.084 0.011 0.013 
  13   (0.080) 0.081 0.068 0.011 0.124 
  14   (0.097) 0.097 0.201 0.025 0.131 
  15   (0.050) 0.050 0.116 0.012 0.034 
  16   (0.030) 0.030 0.033 0.004 0.011 
  17   (0.047) 0.047 0.008 0.007 0.097 
  18   (0.028) 0.028 0.005 0.004 0.026 
  19   (0.045) 0.045 0.007 0.006 0.079 
  20   (0.030) 0.029 0.005 0.004 0.027 
  21   (0.035) 0.035 0.006 0.005 0.044 
  22   (0.031) 0.031 0.005 0.004 0.027 

Locus 66 : locus66 
19 alleles
0.0% missing data
   1   (0.073) 0.073 0.024 0.142 0.074 
   2   (0.083) 0.082 0.129 0.124 0.062 
   3   (0.090) 0.091 0.022 0.146 0.127 
   4   (0.063) 0.063 0.096 0.037 0.039 
   5   (0.049) 0.049 0.010 0.121 0.034 
   6   (0.034) 0.034 0.009 0.146 0.013 
   7   (0.087) 0.087 0.082 0.115 0.079 
   8   (0.057) 0.056 0.193 0.082 0.021 
   9   (0.044) 0.050 0.035 0.018 0.016 
  10   (0.037) 0.037 0.200 0.011 0.014 
  11   (0.031) 0.031 0.062 0.004 0.012 
  12   (0.057) 0.056 0.037 0.008 0.069 
  13   (0.063) 0.063 0.062 0.014 0.071 
  14   (0.046) 0.046 0.008 0.006 0.096 
  15   (0.042) 0.041 0.007 0.006 0.079 
  16   (0.040) 0.040 0.007 0.006 0.062 
  17   (0.030) 0.029 0.005 0.004 0.027 
  18   (0.033) 0.033 0.005 0.005 0.044 
  19   (0.039) 0.039 0.006 0.006 0.062 

Locus 67 : locus67 
21 alleles
0.0% missing data
   1   (0.061) 0.062 0.015 0.294 0.038 
   2   (0.057) 0.057 0.044 0.117 0.021 
   3   (0.048) 0.048 0.008 0.036 0.033 
   4   (0.040) 0.041 0.011 0.115 0.015 
   5   (0.077) 0.077 0.016 0.212 0.076 
   6   (0.101) 0.102 0.016 0.041 0.212 
   7   (0.054) 0.054 0.012 0.092 0.036 
   8   (0.043) 0.043 0.309 0.008 0.016 
   9   (0.042) 0.042 0.280 0.009 0.015 
  10   (0.039) 0.039 0.113 0.010 0.014 
  11   (0.035) 0.035 0.057 0.008 0.013 
  12   (0.032) 0.032 0.032 0.005 0.012 
  13   (0.031) 0.031 0.032 0.004 0.012 
  14   (0.053) 0.053 0.009 0.008 0.098 
  15   (0.031) 0.030 0.005 0.004 0.027 
  16   (0.033) 0.032 0.005 0.005 0.027 
  17   (0.059) 0.059 0.009 0.008 0.117 
  18   (0.038) 0.037 0.006 0.005 0.045 
  19   (0.044) 0.044 0.007 0.006 0.064 
  20   (0.045) 0.044 0.007 0.006 0.064 
  21   (0.036) 0.036 0.006 0.005 0.045 

Locus 68 : locus68 
21 alleles
0.0% missing data
   1   (0.057) 0.056 0.009 0.038 0.068 
   2   (0.046) 0.046 0.012 0.061 0.033 
   3   (0.032) 0.032 0.007 0.123 0.012 
   4   (0.051) 0.051 0.011 0.093 0.035 
   5   (0.060) 0.060 0.010 0.066 0.069 
   6   (0.062) 0.062 0.015 0.149 0.054 
   7   (0.099) 0.098 0.024 0.303 0.148 
   8   (0.042) 0.047 0.034 0.018 0.015 
   9   (0.048) 0.047 0.012 0.061 0.034 
  10   (0.036) 0.036 0.308 0.008 0.013 
  11   (0.034) 0.034 0.114 0.007 0.013 
  12   (0.044) 0.043 0.034 0.006 0.032 
  13   (0.082) 0.081 0.283 0.018 0.094 
  14   (0.048) 0.047 0.059 0.011 0.033 
  15   (0.055) 0.054 0.036 0.008 0.068 
  16   (0.046) 0.046 0.007 0.007 0.096 
  17   (0.034) 0.034 0.005 0.005 0.044 
  18   (0.028) 0.028 0.005 0.004 0.026 
  19   (0.038) 0.038 0.006 0.005 0.062 
  20   (0.029) 0.028 0.005 0.004 0.026 
  21   (0.029) 0.029 0.005 0.004 0.026 

Locus 69 : locus69 
17 alleles
0.0% missing data
   1   (0.037) 0.037 0.009 0.215 0.014 
   2   (0.077) 0.076 0.096 0.192 0.044 
   3   (0.105) 0.103 0.124 0.291 0.086 
   4   (0.085) 0.084 0.170 0.082 0.063 
   5   (0.081) 0.083 0.040 0.035 0.093 
   6   (0.089) 0.093 0.108 0.045 0.080 
   7   (0.053) 0.056 0.104 0.039 0.019 
   8   (0.062) 0.061 0.114 0.016 0.054 
   9   (0.029) 0.028 0.032 0.004 0.011 
  10   (0.077) 0.076 0.081 0.024 0.092 
  11   (0.054) 0.054 0.081 0.018 0.036 
  12   (0.036) 0.036 0.006 0.005 0.045 
  13   (0.053) 0.053 0.008 0.008 0.114 
  14   (0.041) 0.040 0.006 0.006 0.063 
  15   (0.050) 0.049 0.008 0.007 0.098 
  16   (0.041) 0.041 0.007 0.006 0.063 
  17   (0.030) 0.029 0.005 0.004 0.027 

Locus 70 : locus70 
15 alleles
0.0% missing data
   1   (0.069) 0.069 0.013 0.155 0.057 
   2   (0.057) 0.058 0.012 0.089 0.036 
   3   (0.073) 0.072 0.014 0.126 0.074 
   4   (0.112) 0.111 0.090 0.056 0.136 
   5   (0.080) 0.080 0.029 0.173 0.077 
   6   (0.091) 0.091 0.017 0.190 0.112 
   7   (0.093) 0.096 0.025 0.049 0.130 
   8   (0.054) 0.053 0.011 0.094 0.035 
   9   (0.106) 0.105 0.232 0.022 0.134 
  10   (0.036) 0.036 0.087 0.007 0.013 
  11   (0.046) 0.045 0.307 0.011 0.017 
  12   (0.035) 0.035 0.060 0.005 0.013 
  13   (0.085) 0.085 0.041 0.012 0.142 
  14   (0.033) 0.033 0.030 0.005 0.012 
  15   (0.032) 0.032 0.032 0.005 0.012 

Locus 71 : locus71 
21 alleles
0.0% missing data
   1   (0.045) 0.045 0.011 0.148 0.016 
   2   (0.044) 0.043 0.010 0.179 0.016 
   3   (0.044) 0.044 0.008 0.238 0.016 
   4   (0.047) 0.047 0.013 0.234 0.017 
   5   (0.042) 0.044 0.014 0.048 0.015 
   6   (0.033) 0.033 0.005 0.034 0.012 
   7   (0.041) 0.041 0.144 0.007 0.015 
   8   (0.045) 0.045 0.171 0.009 0.016 
   9   (0.048) 0.048 0.226 0.010 0.018 
  10   (0.048) 0.047 0.226 0.010 0.017 
  11   (0.040) 0.040 0.088 0.008 0.015 
  12   (0.071) 0.071 0.011 0.010 0.153 
  13   (0.066) 0.066 0.011 0.009 0.120 
  14   (0.048) 0.047 0.008 0.007 0.065 
  15   (0.055) 0.055 0.009 0.008 0.084 
  16   (0.067) 0.067 0.011 0.010 0.136 
  17   (0.035) 0.036 0.006 0.005 0.027 
  18   (0.041) 0.041 0.007 0.006 0.047 
  19   (0.049) 0.049 0.008 0.007 0.066 
  20   (0.059) 0.058 0.009 0.008 0.101 
  21   (0.034) 0.034 0.005 0.005 0.028 

Locus 72 : locus72 
25 alleles
0.0% missing data
   1   (0.055) 0.055 0.014 0.240 0.052 
   2   (0.045) 0.045 0.010 0.093 0.032 
   3   (0.066) 0.066 0.011 0.069 0.120 
   4   (0.026) 0.026 0.004 0.033 0.010 
   5   (0.033) 0.033 0.013 0.084 0.012 
   6   (0.066) 0.066 0.016 0.242 0.071 
   7   (0.027) 0.027 0.004 0.063 0.010 
   8   (0.056) 0.058 0.016 0.049 0.052 
   9   (0.028) 0.033 0.004 0.016 0.010 
  10   (0.031) 0.031 0.116 0.006 0.011 
  11   (0.058) 0.057 0.229 0.012 0.053 
  12   (0.030) 0.030 0.115 0.006 0.011 
  13   (0.063) 0.062 0.083 0.020 0.071 
  14   (0.031) 0.030 0.087 0.006 0.011 
  15   (0.030) 0.029 0.061 0.004 0.011 
  16   (0.026) 0.026 0.031 0.004 0.010 
  17   (0.032) 0.032 0.058 0.008 0.012 
  18   (0.070) 0.069 0.091 0.014 0.105 
  19   (0.038) 0.038 0.006 0.006 0.061 
  20   (0.027) 0.027 0.004 0.004 0.026 
  21   (0.032) 0.032 0.005 0.005 0.044 
  22   (0.041) 0.040 0.007 0.006 0.094 
  23   (0.030) 0.030 0.005 0.004 0.043 
  24   (0.025) 0.025 0.004 0.004 0.025 
  25   (0.032) 0.032 0.005 0.005 0.044 

Locus 73 : locus73 
19 alleles
0.0% missing data
   1   (0.088) 0.088 0.132 0.298 0.048 
   2   (0.031) 0.031 0.005 0.033 0.011 
   3   (0.047) 0.047 0.007 0.036 0.033 
   4   (0.033) 0.032 0.005 0.064 0.012 
   5   (0.036) 0.036 0.010 0.060 0.013 
   6   (0.100) 0.101 0.243 0.093 0.068 
   7   (0.081) 0.081 0.072 0.239 0.046 
   8   (0.057) 0.058 0.057 0.098 0.021 
   9   (0.064) 0.064 0.339 0.015 0.039 
  10   (0.059) 0.058 0.065 0.008 0.053 
  11   (0.049) 0.048 0.008 0.007 0.081 
  12   (0.031) 0.031 0.005 0.004 0.027 
  13   (0.052) 0.052 0.008 0.007 0.099 
  14   (0.048) 0.049 0.008 0.007 0.081 
  15   (0.044) 0.045 0.007 0.006 0.063 
  16   (0.038) 0.038 0.006 0.005 0.046 
  17   (0.031) 0.031 0.005 0.004 0.027 
  18   (0.049) 0.048 0.008 0.007 0.081 
  19   (0.062) 0.062 0.010 0.009 0.150 

Locus 74 : locus74 
27 alleles
0.0% missing data
   1   (0.050) 0.050 0.154 0.085 0.018 
   2   (0.041) 0.041 0.044 0.051 0.015 
   3   (0.048) 0.048 0.219 0.046 0.018 
   4   (0.030) 0.030 0.008 0.120 0.011 
   5   (0.029) 0.029 0.006 0.151 0.011 
   6   (0.064) 0.065 0.067 0.061 0.055 
   7   (0.071) 0.071 0.016 0.184 0.106 
   8   (0.046) 0.047 0.007 0.034 0.049 
   9   (0.044) 0.045 0.007 0.060 0.032 
  10   (0.048) 0.047 0.013 0.120 0.033 
  11   (0.036) 0.036 0.222 0.010 0.013 
  12   (0.029) 0.029 0.087 0.004 0.010 
  13   (0.030) 0.030 0.081 0.010 0.011 
  14   (0.038) 0.038 0.006 0.005 0.061 
  15   (0.027) 0.027 0.004 0.004 0.026 
  16   (0.030) 0.030 0.005 0.004 0.043 
  17   (0.052) 0.051 0.008 0.007 0.146 
  18   (0.037) 0.037 0.006 0.005 0.061 
  19   (0.026) 0.026 0.004 0.004 0.025 
  20   (0.032) 0.031 0.005 0.005 0.043 
  21   (0.027) 0.027 0.004 0.004 0.026 
  22   (0.031) 0.031 0.005 0.004 0.042 
  23   (0.027) 0.027 0.004 0.004 0.026 
  24   (0.026) 0.026 0.004 0.004 0.025 
  25   (0.026) 0.026 0.004 0.004 0.025 
  26   (0.031) 0.030 0.005 0.004 0.043 
  27   (0.027) 0.026 0.004 0.004 0.026 

Locus 75 : locus75 
31 alleles
0.0% missing data
   1   (0.040) 0.040 0.078 0.045 0.015 
   2   (0.048) 0.048 0.116 0.126 0.018 
   3   (0.031) 0.031 0.006 0.183 0.012 
   4   (0.061) 0.061 0.064 0.067 0.054 
   5   (0.033) 0.034 0.007 0.087 0.012 
   6   (0.048) 0.048 0.053 0.253 0.018 
   7   (0.029) 0.029 0.006 0.092 0.011 
   8   (0.027) 0.026 0.004 0.034 0.010 
   9   (0.027) 0.027 0.056 0.007 0.010 
  10   (0.030) 0.030 0.164 0.008 0.011 
  11   (0.029) 0.029 0.086 0.004 0.011 
  12   (0.033) 0.032 0.193 0.008 0.012 
  13   (0.027) 0.028 0.031 0.004 0.010 
  14   (0.027) 0.027 0.055 0.007 0.010 
  15   (0.033) 0.033 0.005 0.005 0.059 
  16   (0.029) 0.029 0.005 0.004 0.042 
  17   (0.042) 0.041 0.007 0.006 0.095 
  18   (0.041) 0.040 0.006 0.006 0.079 
  19   (0.027) 0.027 0.004 0.004 0.025 
  20   (0.024) 0.024 0.004 0.004 0.025 
  21   (0.037) 0.037 0.006 0.005 0.060 
  22   (0.027) 0.027 0.004 0.004 0.026 
  23   (0.036) 0.036 0.006 0.005 0.077 
  24   (0.030) 0.030 0.005 0.004 0.043 
  25   (0.029) 0.029 0.005 0.004 0.043 
  26   (0.028) 0.027 0.004 0.004 0.042 
  27   (0.024) 0.023 0.004 0.003 0.024 
  28   (0.023) 0.023 0.004 0.003 0.024 
  29   (0.025) 0.025 0.004 0.004 0.025 
  30   (0.032) 0.032 0.005 0.005 0.075 
  31   (0.025) 0.025 0.004 0.004 0.025 

Locus 76 : locus76 
22 alleles
0.0% missing data
   1   (0.073) 0.073 0.048 0.087 0.058 
   2   (0.034) 0.034 0.010 0.120 0.013 
   3   (0.057) 0.056 0.205 0.152 0.021 
   4   (0.031) 0.031 0.008 0.061 0.012 
   5   (0.049) 0.050 0.053 0.105 0.018 
   6   (0.033) 0.034 0.007 0.181 0.012 
   7   (0.032) 0.032 0.007 0.092 0.012 
   8   (0.068) 0.071 0.011 0.062 0.088 
   9   (0.069) 0.068 0.011 0.039 0.121 
  10   (0.081) 0.080 0.335 0.019 0.093 
  11   (0.069) 0.069 0.113 0.017 0.072 
  12   (0.042) 0.042 0.033 0.006 0.031 
  13   (0.066) 0.066 0.113 0.016 0.072 
  14   (0.034) 0.034 0.005 0.005 0.044 
  15   (0.032) 0.033 0.005 0.005 0.043 
  16   (0.033) 0.033 0.005 0.005 0.044 
  17   (0.028) 0.028 0.004 0.004 0.026 
  18   (0.037) 0.037 0.006 0.005 0.061 
  19   (0.044) 0.044 0.007 0.006 0.080 
  20   (0.028) 0.028 0.004 0.004 0.026 
  21   (0.029) 0.029 0.005 0.004 0.026 
  22   (0.028) 0.028 0.005 0.004 0.026 

Locus 77 : locus77 
16 alleles
0.0% missing data
   1   (0.041) 0.042 0.007 0.149 0.015 
   2   (0.044) 0.043 0.010 0.294 0.016 
   3   (0.040) 0.040 0.009 0.090 0.015 
   4   (0.042) 0.042 0.012 0.116 0.015 
   5   (0.043) 0.043 0.012 0.174 0.016 
   6   (0.042) 0.045 0.014 0.046 0.015 
   7   (0.088) 0.087 0.207 0.016 0.080 
   8   (0.114) 0.113 0.317 0.026 0.121 
   9   (0.057) 0.056 0.093 0.008 0.036 
  10   (0.095) 0.095 0.149 0.019 0.098 
  11   (0.091) 0.091 0.065 0.019 0.113 
  12   (0.120) 0.120 0.075 0.017 0.219 
  13   (0.041) 0.041 0.007 0.006 0.047 
  14   (0.059) 0.059 0.010 0.008 0.100 
  15   (0.042) 0.042 0.007 0.006 0.046 
  16   (0.041) 0.041 0.007 0.006 0.047 

Locus 78 : locus78 
16 alleles
0.0% missing data
   1   (0.039) 0.039 0.008 0.088 0.014 
   2   (0.044) 0.044 0.009 0.264 0.016 
   3   (0.045) 0.044 0.013 0.173 0.016 
   4   (0.043) 0.044 0.011 0.144 0.016 
   5   (0.046) 0.047 0.014 0.110 0.017 
   6   (0.039) 0.039 0.006 0.092 0.014 
   7   (0.104) 0.103 0.181 0.020 0.117 
   8   (0.097) 0.097 0.210 0.018 0.099 
   9   (0.096) 0.096 0.179 0.018 0.099 
  10   (0.105) 0.105 0.176 0.023 0.118 
  11   (0.082) 0.082 0.123 0.014 0.077 
  12   (0.051) 0.052 0.036 0.007 0.033 
  13   (0.080) 0.080 0.013 0.011 0.188 
  14   (0.063) 0.063 0.010 0.009 0.119 
  15   (0.034) 0.033 0.005 0.005 0.028 
  16   (0.034) 0.034 0.005 0.005 0.028 

Locus 79 : locus79 
24 alleles
0.0% missing data
   1   (0.032) 0.032 0.005 0.064 0.012 
   2   (0.073) 0.072 0.019 0.269 0.074 
   3   (0.031) 0.031 0.005 0.063 0.011 
   4   (0.031) 0.033 0.005 0.027 0.011 
   5   (0.036) 0.036 0.008 0.238 0.013 
   6   (0.029) 0.029 0.005 0.033 0.011 
   7   (0.028) 0.034 0.005 0.016 0.010 
   8   (0.033) 0.033 0.009 0.060 0.012 
   9   (0.037) 0.037 0.011 0.119 0.014 
  10   (0.064) 0.064 0.061 0.014 0.071 
  11   (0.062) 0.061 0.450 0.015 0.038 
  12   (0.034) 0.033 0.172 0.006 0.012 
  13   (0.065) 0.065 0.119 0.012 0.071 
  14   (0.047) 0.047 0.035 0.007 0.033 
  15   (0.043) 0.042 0.035 0.006 0.032 
  16   (0.046) 0.046 0.007 0.007 0.096 
  17   (0.034) 0.034 0.005 0.005 0.044 
  18   (0.035) 0.034 0.006 0.005 0.045 
  19   (0.035) 0.035 0.006 0.005 0.045 
  20   (0.039) 0.038 0.006 0.006 0.062 
  21   (0.057) 0.057 0.009 0.008 0.132 
  22   (0.030) 0.031 0.005 0.004 0.025 
  23   (0.029) 0.029 0.005 0.004 0.026 
  24   (0.049) 0.048 0.008 0.007 0.097 

Locus 80 : locus80 
17 alleles
0.0% missing data
   1   (0.060) 0.060 0.047 0.227 0.022 
   2   (0.040) 0.040 0.010 0.232 0.015 
   3   (0.080) 0.080 0.260 0.048 0.045 
   4   (0.060) 0.060 0.063 0.154 0.022 
   5   (0.078) 0.082 0.085 0.073 0.043 
   6   (0.097) 0.097 0.077 0.122 0.083 
   7   (0.085) 0.085 0.262 0.076 0.047 
   8   (0.061) 0.060 0.067 0.008 0.054 
   9   (0.060) 0.060 0.067 0.008 0.054 
  10   (0.053) 0.053 0.009 0.007 0.099 
  11   (0.053) 0.053 0.009 0.007 0.099 
  12   (0.059) 0.059 0.010 0.008 0.117 
  13   (0.032) 0.032 0.005 0.005 0.028 
  14   (0.049) 0.049 0.008 0.007 0.082 
  15   (0.054) 0.054 0.009 0.007 0.099 
  16   (0.038) 0.037 0.006 0.005 0.046 
  17   (0.040) 0.040 0.006 0.005 0.046 

Locus 81 : locus81 
18 alleles
0.0% missing data
   1   (0.044) 0.044 0.007 0.036 0.032 
   2   (0.033) 0.033 0.007 0.092 0.012 
   3   (0.031) 0.031 0.005 0.065 0.011 
   4   (0.066) 0.066 0.017 0.274 0.056 
   5   (0.109) 0.110 0.071 0.222 0.118 
   6   (0.047) 0.047 0.007 0.067 0.033 
   7   (0.057) 0.058 0.009 0.031 0.068 
   8   (0.074) 0.073 0.048 0.091 0.059 
   9   (0.070) 0.074 0.057 0.036 0.058 
  10   (0.050) 0.049 0.088 0.010 0.034 
  11   (0.063) 0.062 0.168 0.016 0.055 
  12   (0.051) 0.050 0.035 0.007 0.051 
  13   (0.083) 0.082 0.284 0.017 0.094 
  14   (0.064) 0.064 0.065 0.009 0.087 
  15   (0.035) 0.034 0.111 0.009 0.013 
  16   (0.055) 0.054 0.009 0.008 0.131 
  17   (0.029) 0.029 0.005 0.004 0.027 
  18   (0.039) 0.039 0.006 0.006 0.062 

Locus 82 : locus82 
18 alleles
0.0% missing data
   1   (0.036) 0.035 0.008 0.089 0.013 
   2   (0.053) 0.053 0.048 0.083 0.020 
   3   (0.032) 0.032 0.005 0.033 0.012 
   4   (0.084) 0.084 0.082 0.427 0.046 
   5   (0.074) 0.073 0.047 0.148 0.043 
   6   (0.037) 0.041 0.006 0.052 0.014 
   7   (0.032) 0.034 0.005 0.026 0.012 
   8   (0.080) 0.080 0.349 0.047 0.045 
   9   (0.041) 0.040 0.144 0.012 0.015 
  10   (0.110) 0.110 0.100 0.020 0.198 
  11   (0.087) 0.086 0.043 0.012 0.159 
  12   (0.053) 0.053 0.036 0.007 0.051 
  13   (0.088) 0.088 0.066 0.018 0.127 
  14   (0.031) 0.031 0.033 0.004 0.011 
  15   (0.055) 0.055 0.009 0.008 0.116 
  16   (0.038) 0.038 0.006 0.005 0.046 
  17   (0.031) 0.031 0.005 0.004 0.027 
  18   (0.037) 0.037 0.006 0.005 0.045 

Locus 83 : locus83 
24 alleles
0.0% missing data
   1   (0.033) 0.033 0.007 0.090 0.012 
   2   (0.031) 0.031 0.005 0.093 0.011 
   3   (0.072) 0.071 0.128 0.094 0.042 
   4   (0.095) 0.094 0.063 0.109 0.130 
   5   (0.035) 0.036 0.010 0.116 0.013 
   6   (0.032) 0.032 0.008 0.149 0.012 
   7   (0.032) 0.033 0.009 0.057 0.012 
   8   (0.028) 0.027 0.004 0.033 0.010 
   9   (0.032) 0.032 0.008 0.149 0.012 
  10   (0.028) 0.033 0.005 0.016 0.010 
  11   (0.048) 0.047 0.120 0.007 0.033 
  12   (0.078) 0.077 0.063 0.017 0.124 
  13   (0.055) 0.054 0.341 0.012 0.035 
  14   (0.058) 0.058 0.174 0.012 0.053 
  15   (0.034) 0.033 0.005 0.005 0.044 
  16   (0.039) 0.039 0.006 0.006 0.061 
  17   (0.043) 0.043 0.007 0.006 0.079 
  18   (0.038) 0.038 0.006 0.005 0.062 
  19   (0.027) 0.027 0.004 0.004 0.026 
  20   (0.033) 0.034 0.005 0.005 0.043 
  21   (0.029) 0.029 0.005 0.004 0.026 
  22   (0.036) 0.036 0.006 0.005 0.061 
  23   (0.028) 0.028 0.005 0.004 0.026 
  24   (0.036) 0.036 0.006 0.005 0.061 

Locus 84 : locus84 
28 alleles
0.0% missing data
   1   (0.046) 0.046 0.062 0.064 0.017 
   2   (0.030) 0.030 0.009 0.117 0.011 
   3   (0.051) 0.051 0.053 0.194 0.019 
   4   (0.033) 0.033 0.007 0.121 0.012 
   5   (0.039) 0.039 0.009 0.236 0.014 
   6   (0.028) 0.028 0.005 0.033 0.010 
   7   (0.027) 0.030 0.004 0.026 0.010 
   8   (0.034) 0.035 0.006 0.089 0.013 
   9   (0.031) 0.030 0.088 0.004 0.011 
  10   (0.033) 0.033 0.282 0.006 0.012 
  11   (0.028) 0.028 0.032 0.004 0.010 
  12   (0.030) 0.029 0.060 0.004 0.011 
  13   (0.035) 0.035 0.083 0.011 0.013 
  14   (0.031) 0.031 0.056 0.008 0.011 
  15   (0.030) 0.030 0.057 0.008 0.011 
  16   (0.031) 0.031 0.113 0.008 0.012 
  17   (0.029) 0.029 0.005 0.004 0.027 
  18   (0.045) 0.045 0.007 0.006 0.096 
  19   (0.039) 0.038 0.006 0.006 0.062 
  20   (0.032) 0.032 0.005 0.005 0.043 
  21   (0.057) 0.057 0.009 0.008 0.148 
  22   (0.045) 0.045 0.007 0.006 0.096 
  23   (0.035) 0.035 0.006 0.005 0.044 
  24   (0.034) 0.034 0.005 0.005 0.044 
  25   (0.041) 0.041 0.007 0.006 0.078 
  26   (0.030) 0.030 0.005 0.004 0.026 
  27   (0.041) 0.041 0.007 0.006 0.078 
  28   (0.036) 0.036 0.006 0.005 0.061 

Locus 85 : locus85 
20 alleles
0.0% missing data
   1   (0.090) 0.091 0.019 0.207 0.113 
   2   (0.048) 0.047 0.051 0.048 0.018 
   3   (0.092) 0.093 0.023 0.233 0.113 
   4   (0.038) 0.038 0.008 0.204 0.014 
   5   (0.038) 0.038 0.010 0.146 0.014 
   6   (0.059) 0.059 0.243 0.054 0.022 
   7   (0.053) 0.053 0.090 0.010 0.035 
   8   (0.034) 0.034 0.059 0.008 0.012 
   9   (0.035) 0.035 0.118 0.005 0.013 
  10   (0.052) 0.052 0.093 0.007 0.035 
  11   (0.072) 0.072 0.167 0.023 0.058 
  12   (0.064) 0.064 0.066 0.009 0.071 
  13   (0.037) 0.038 0.006 0.005 0.044 
  14   (0.042) 0.042 0.007 0.006 0.063 
  15   (0.042) 0.042 0.007 0.006 0.063 
  16   (0.047) 0.047 0.008 0.007 0.080 
  17   (0.055) 0.055 0.009 0.008 0.116 
  18   (0.040) 0.040 0.007 0.006 0.062 
  19   (0.032) 0.032 0.005 0.004 0.027 
  20   (0.030) 0.030 0.005 0.004 0.027 

Locus 86 : locus86 
26 alleles
0.0% missing data
   1   (0.029) 0.029 0.005 0.066 0.011 
   2   (0.029) 0.028 0.005 0.065 0.011 
   3   (0.087) 0.087 0.054 0.059 0.127 
   4   (0.055) 0.055 0.170 0.193 0.020 
   5   (0.034) 0.033 0.009 0.184 0.012 
   6   (0.058) 0.057 0.292 0.119 0.021 
   7   (0.067) 0.067 0.011 0.038 0.136 
   8   (0.048) 0.051 0.066 0.051 0.018 
   9   (0.026) 0.031 0.004 0.016 0.010 
  10   (0.027) 0.027 0.004 0.034 0.010 
  11   (0.026) 0.026 0.004 0.035 0.010 
  12   (0.031) 0.031 0.008 0.062 0.012 
  13   (0.043) 0.042 0.061 0.006 0.031 
  14   (0.027) 0.027 0.031 0.004 0.010 
  15   (0.034) 0.034 0.139 0.008 0.013 
  16   (0.028) 0.028 0.029 0.004 0.010 
  17   (0.031) 0.030 0.057 0.008 0.011 
  18   (0.040) 0.040 0.006 0.006 0.078 
  19   (0.051) 0.051 0.008 0.008 0.130 
  20   (0.033) 0.033 0.005 0.005 0.044 
  21   (0.032) 0.031 0.005 0.005 0.043 
  22   (0.048) 0.048 0.008 0.007 0.113 
  23   (0.028) 0.027 0.004 0.004 0.026 
  24   (0.026) 0.026 0.004 0.004 0.025 
  25   (0.025) 0.025 0.004 0.004 0.025 
  26   (0.035) 0.035 0.006 0.005 0.044 

Locus 87 : locus87 
21 alleles
0.0% missing data
   1   (0.051) 0.051 0.131 0.053 0.019 
   2   (0.049) 0.049 0.081 0.046 0.018 
   3   (0.082) 0.082 0.040 0.098 0.078 
   4   (0.045) 0.044 0.035 0.035 0.016 
   5   (0.064) 0.064 0.137 0.342 0.024 
   6   (0.035) 0.036 0.006 0.089 0.013 
   7   (0.035) 0.036 0.008 0.178 0.013 
   8   (0.043) 0.044 0.035 0.033 0.016 
   9   (0.030) 0.031 0.005 0.032 0.011 
  10   (0.054) 0.053 0.147 0.009 0.035 
  11   (0.066) 0.065 0.196 0.018 0.055 
  12   (0.050) 0.049 0.089 0.010 0.034 
  13   (0.074) 0.074 0.039 0.011 0.123 
  14   (0.065) 0.065 0.010 0.009 0.182 
  15   (0.030) 0.030 0.005 0.004 0.027 
  16   (0.029) 0.029 0.005 0.004 0.026 
  17   (0.044) 0.043 0.007 0.006 0.079 
  18   (0.029) 0.029 0.005 0.004 0.026 
  19   (0.048) 0.047 0.008 0.007 0.097 
  20   (0.036) 0.036 0.006 0.005 0.045 
  21   (0.040) 0.040 0.007 0.006 0.062 

Locus 88 : locus88 
14 alleles
0.0% missing data
   1   (0.081) 0.081 0.013 0.099 0.078 
   2   (0.118) 0.119 0.027 0.242 0.123 
   3   (0.062) 0.062 0.043 0.119 0.023 
   4   (0.077) 0.077 0.268 0.090 0.028 
   5   (0.109) 0.110 0.027 0.269 0.103 
   6   (0.074) 0.073 0.289 0.065 0.027 
   7   (0.063) 0.063 0.112 0.047 0.023 
   8   (0.045) 0.045 0.112 0.011 0.017 
   9   (0.061) 0.060 0.059 0.014 0.038 
  10   (0.051) 0.051 0.008 0.007 0.065 
  11   (0.072) 0.072 0.011 0.010 0.137 
  12   (0.044) 0.044 0.007 0.006 0.048 
  13   (0.094) 0.094 0.015 0.013 0.225 
  14   (0.049) 0.049 0.008 0.007 0.066 

Locus 89 : locus89 
31 alleles
0.0% missing data
   1   (0.030) 0.029 0.008 0.058 0.011 
   2   (0.044) 0.044 0.013 0.116 0.032 
   3   (0.024) 0.024 0.004 0.032 0.009 
   4   (0.037) 0.037 0.010 0.291 0.014 
   5   (0.026) 0.025 0.004 0.062 0.009 
   6   (0.027) 0.029 0.004 0.026 0.010 
   7   (0.030) 0.029 0.008 0.174 0.011 
   8   (0.028) 0.029 0.005 0.088 0.010 
   9   (0.029) 0.029 0.005 0.033 0.011 
  10   (0.031) 0.031 0.256 0.006 0.011 
  11   (0.040) 0.040 0.088 0.008 0.031 
  12   (0.030) 0.030 0.200 0.006 0.011 
  13   (0.047) 0.047 0.084 0.014 0.033 
  14   (0.044) 0.044 0.091 0.006 0.032 
  15   (0.028) 0.028 0.058 0.007 0.010 
  16   (0.028) 0.028 0.058 0.007 0.010 
  17   (0.025) 0.025 0.032 0.004 0.009 
  18   (0.035) 0.034 0.006 0.005 0.060 
  19   (0.034) 0.034 0.006 0.005 0.060 
  20   (0.029) 0.029 0.005 0.004 0.042 
  21   (0.038) 0.038 0.006 0.005 0.062 
  22   (0.027) 0.027 0.004 0.004 0.026 
  23   (0.028) 0.028 0.004 0.004 0.041 
  24   (0.025) 0.025 0.004 0.004 0.025 
  25   (0.032) 0.033 0.005 0.005 0.043 
  26   (0.043) 0.043 0.007 0.006 0.127 
  27   (0.027) 0.027 0.004 0.004 0.026 
  28   (0.033) 0.032 0.005 0.005 0.044 
  29   (0.038) 0.038 0.006 0.005 0.093 
  30   (0.036) 0.036 0.006 0.005 0.061 
  31   (0.028) 0.028 0.004 0.004 0.026 

Locus 90 : locus90 
26 alleles
0.0% missing data
   1   (0.046) 0.045 0.010 0.092 0.033 
   2   (0.034) 0.034 0.010 0.117 0.013 
   3   (0.036) 0.036 0.008 0.208 0.013 
   4   (0.036) 0.036 0.009 0.235 0.013 
   5   (0.033) 0.034 0.005 0.088 0.012 
   6   (0.044) 0.046 0.007 0.028 0.032 
   7   (0.049) 0.049 0.014 0.117 0.034 
   8   (0.032) 0.032 0.113 0.008 0.012 
   9   (0.034) 0.034 0.199 0.006 0.013 
  10   (0.050) 0.050 0.147 0.009 0.034 
  11   (0.035) 0.035 0.252 0.008 0.013 
  12   (0.057) 0.057 0.118 0.010 0.053 
  13   (0.059) 0.059 0.037 0.008 0.085 
  14   (0.033) 0.033 0.005 0.005 0.044 
  15   (0.034) 0.034 0.005 0.005 0.044 
  16   (0.042) 0.042 0.007 0.006 0.079 
  17   (0.034) 0.034 0.005 0.005 0.044 
  18   (0.029) 0.029 0.005 0.004 0.026 
  19   (0.035) 0.035 0.006 0.005 0.044 
  20   (0.038) 0.037 0.006 0.005 0.061 
  21   (0.031) 0.031 0.005 0.004 0.025 
  22   (0.038) 0.038 0.006 0.005 0.062 
  23   (0.033) 0.033 0.005 0.005 0.044 
  24   (0.032) 0.032 0.005 0.005 0.044 
  25   (0.038) 0.038 0.006 0.005 0.062 
  26   (0.038) 0.038 0.006 0.005 0.062 

Locus 91 : locus91 
29 alleles
0.0% missing data
   1   (0.032) 0.032 0.007 0.119 0.012 
   2   (0.053) 0.053 0.013 0.380 0.035 
   3   (0.048) 0.049 0.010 0.206 0.033 
   4   (0.032) 0.032 0.010 0.055 0.012 
   5   (0.056) 0.056 0.014 0.060 0.068 
   6   (0.057) 0.057 0.009 0.036 0.101 
   7   (0.037) 0.037 0.006 0.034 0.030 
   8   (0.030) 0.030 0.142 0.007 0.011 
   9   (0.031) 0.031 0.169 0.008 0.011 
  10   (0.029) 0.029 0.087 0.006 0.011 
  11   (0.024) 0.024 0.032 0.003 0.009 
  12   (0.030) 0.030 0.060 0.004 0.011 
  13   (0.034) 0.034 0.226 0.007 0.013 
  14   (0.031) 0.031 0.058 0.007 0.012 
  15   (0.029) 0.028 0.060 0.004 0.010 
  16   (0.026) 0.026 0.031 0.004 0.010 
  17   (0.032) 0.032 0.005 0.004 0.043 
  18   (0.033) 0.033 0.005 0.005 0.044 
  19   (0.040) 0.040 0.007 0.006 0.078 
  20   (0.029) 0.029 0.005 0.004 0.027 
  21   (0.041) 0.041 0.007 0.006 0.078 
  22   (0.026) 0.026 0.004 0.004 0.025 
  23   (0.037) 0.037 0.006 0.005 0.061 
  24   (0.023) 0.024 0.004 0.003 0.023 
  25   (0.027) 0.027 0.004 0.004 0.026 
  26   (0.027) 0.027 0.004 0.004 0.025 
  27   (0.040) 0.040 0.007 0.006 0.078 
  28   (0.034) 0.034 0.006 0.005 0.060 
  29   (0.031) 0.031 0.005 0.004 0.043 

Locus 92 : locus92 
16 alleles
0.0% missing data
   1   (0.111) 0.110 0.119 0.054 0.136 
   2   (0.084) 0.084 0.104 0.062 0.062 
   3   (0.038) 0.038 0.008 0.209 0.014 
   4   (0.128) 0.129 0.236 0.165 0.110 
   5   (0.106) 0.106 0.199 0.113 0.086 
   6   (0.036) 0.036 0.007 0.121 0.013 
   7   (0.030) 0.030 0.005 0.032 0.011 
   8   (0.054) 0.054 0.009 0.037 0.051 
   9   (0.037) 0.037 0.013 0.086 0.014 
  10   (0.035) 0.034 0.009 0.060 0.013 
  11   (0.070) 0.069 0.091 0.013 0.073 
  12   (0.057) 0.057 0.138 0.017 0.037 
  13   (0.061) 0.061 0.037 0.009 0.069 
  14   (0.055) 0.054 0.009 0.008 0.115 
  15   (0.054) 0.053 0.009 0.008 0.115 
  16   (0.047) 0.046 0.008 0.007 0.080 

Locus 93 : locus93 
22 alleles
0.0% missing data
   1   (0.031) 0.031 0.005 0.033 0.011 
   2   (0.073) 0.074 0.016 0.467 0.058 
   3   (0.136) 0.137 0.037 0.233 0.225 
   4   (0.031) 0.031 0.005 0.033 0.011 
   5   (0.068) 0.068 0.015 0.092 0.072 
   6   (0.030) 0.030 0.005 0.033 0.011 
   7   (0.035) 0.035 0.058 0.008 0.013 
   8   (0.033) 0.033 0.061 0.005 0.012 
   9   (0.037) 0.037 0.145 0.006 0.014 
  10   (0.030) 0.030 0.033 0.004 0.011 
  11   (0.035) 0.035 0.089 0.005 0.013 
  12   (0.031) 0.031 0.033 0.004 0.011 
  13   (0.038) 0.038 0.083 0.012 0.014 
  14   (0.040) 0.040 0.169 0.010 0.015 
  15   (0.036) 0.036 0.114 0.009 0.013 
  16   (0.033) 0.033 0.058 0.008 0.012 
  17   (0.030) 0.030 0.032 0.004 0.011 
  18   (0.065) 0.065 0.010 0.009 0.166 
  19   (0.031) 0.031 0.005 0.004 0.027 
  20   (0.058) 0.058 0.009 0.008 0.116 
  21   (0.049) 0.049 0.008 0.007 0.081 
  22   (0.049) 0.049 0.008 0.007 0.081 

Locus 94 : locus94 
16 alleles
0.0% missing data
   1   (0.093) 0.093 0.218 0.320 0.034 
   2   (0.084) 0.084 0.112 0.315 0.031 
   3   (0.078) 0.077 0.179 0.127 0.028 
   4   (0.081) 0.081 0.223 0.141 0.030 
   5   (0.041) 0.041 0.060 0.006 0.015 
   6   (0.043) 0.043 0.059 0.010 0.016 
   7   (0.039) 0.039 0.062 0.006 0.014 
   8   (0.057) 0.057 0.009 0.008 0.084 
   9   (0.064) 0.064 0.010 0.009 0.103 
  10   (0.071) 0.071 0.011 0.010 0.121 
  11   (0.056) 0.056 0.009 0.008 0.084 
  12   (0.083) 0.083 0.013 0.012 0.157 
  13   (0.068) 0.068 0.011 0.010 0.120 
  14   (0.045) 0.045 0.007 0.006 0.048 
  15   (0.046) 0.046 0.007 0.006 0.048 
  16   (0.052) 0.052 0.008 0.007 0.066 

Locus 95 : locus95 
16 alleles
0.0% missing data
   1   (0.033) 0.033 0.005 0.034 0.012 
   2   (0.119) 0.119 0.131 0.132 0.107 
   3   (0.062) 0.062 0.054 0.314 0.023 
   4   (0.065) 0.065 0.294 0.062 0.024 
   5   (0.166) 0.169 0.205 0.089 0.204 
   6   (0.062) 0.062 0.061 0.218 0.023 
   7   (0.033) 0.033 0.005 0.033 0.012 
   8   (0.059) 0.058 0.101 0.058 0.022 
   9   (0.089) 0.090 0.093 0.017 0.111 
  10   (0.044) 0.044 0.007 0.006 0.064 
  11   (0.076) 0.076 0.012 0.011 0.187 
  12   (0.046) 0.046 0.007 0.007 0.064 
  13   (0.040) 0.040 0.006 0.006 0.046 
  14   (0.038) 0.038 0.006 0.006 0.046 
  15   (0.033) 0.033 0.005 0.005 0.028 
  16   (0.032) 0.032 0.005 0.005 0.028 

Locus 96 : locus96 
24 alleles
0.0% missing data
   1   (0.037) 0.037 0.010 0.398 0.014 
   2   (0.032) 0.032 0.009 0.058 0.012 
   3   (0.033) 0.034 0.010 0.055 0.012 
   4   (0.036) 0.036 0.008 0.087 0.013 
   5   (0.027) 0.027 0.004 0.032 0.010 
   6   (0.031) 0.031 0.005 0.061 0.011 
   7   (0.034) 0.034 0.008 0.088 0.012 
   8   (0.030) 0.030 0.005 0.061 0.011 
   9   (0.027) 0.027 0.004 0.032 0.010 
  10   (0.058) 0.058 0.122 0.010 0.053 
  11   (0.033) 0.033 0.146 0.007 0.012 
  12   (0.070) 0.069 0.068 0.010 0.105 
  13   (0.078) 0.078 0.087 0.021 0.124 
  14   (0.082) 0.082 0.096 0.015 0.125 
  15   (0.027) 0.027 0.030 0.004 0.010 
  16   (0.030) 0.030 0.030 0.004 0.011 
  17   (0.033) 0.033 0.118 0.006 0.012 
  18   (0.032) 0.032 0.089 0.006 0.012 
  19   (0.103) 0.102 0.067 0.021 0.244 
  20   (0.030) 0.030 0.059 0.007 0.011 
  21   (0.036) 0.036 0.006 0.005 0.045 
  22   (0.042) 0.041 0.007 0.006 0.063 
  23   (0.028) 0.027 0.005 0.004 0.026 
  24   (0.036) 0.036 0.006 0.005 0.044 

Locus 97 : locus97 
15 alleles
0.0% missing data
   1   (0.053) 0.053 0.009 0.036 0.035 
   2   (0.065) 0.065 0.050 0.171 0.024 
   3   (0.112) 0.112 0.196 0.381 0.057 
   4   (0.046) 0.047 0.014 0.113 0.017 
   5   (0.064) 0.066 0.010 0.031 0.055 
   6   (0.160) 0.160 0.252 0.165 0.137 
   7   (0.060) 0.060 0.093 0.037 0.022 
   8   (0.048) 0.048 0.312 0.010 0.018 
   9   (0.043) 0.042 0.007 0.006 0.047 
  10   (0.055) 0.054 0.009 0.008 0.083 
  11   (0.101) 0.101 0.016 0.014 0.244 
  12   (0.036) 0.036 0.006 0.005 0.029 
  13   (0.067) 0.067 0.011 0.010 0.120 
  14   (0.056) 0.056 0.009 0.008 0.084 
  15   (0.034) 0.034 0.006 0.005 0.028 

Locus 98 : locus98 
18 alleles
0.0% missing data
   1   (0.076) 0.076 0.017 0.265 0.060 
   2   (0.069) 0.070 0.016 0.436 0.041 
   3   (0.170) 0.171 0.039 0.154 0.301 
   4   (0.051) 0.051 0.008 0.036 0.034 
   5   (0.045) 0.045 0.257 0.009 0.017 
   6   (0.040) 0.040 0.088 0.008 0.015 
   7   (0.037) 0.037 0.062 0.005 0.014 
   8   (0.042) 0.042 0.144 0.009 0.016 
   9   (0.041) 0.041 0.116 0.007 0.015 
  10   (0.036) 0.036 0.034 0.005 0.013 
  11   (0.034) 0.034 0.033 0.005 0.013 
  12   (0.040) 0.040 0.058 0.009 0.014 
  13   (0.042) 0.042 0.083 0.014 0.015 
  14   (0.041) 0.041 0.007 0.006 0.047 
  15   (0.061) 0.061 0.010 0.008 0.101 
  16   (0.059) 0.059 0.010 0.008 0.101 
  17   (0.066) 0.066 0.011 0.009 0.119 
  18   (0.050) 0.050 0.008 0.007 0.065 

Locus 99 : locus99 
13 alleles
0.0% missing data
   1   (0.137) 0.137 0.120 0.119 0.145 
   2   (0.109) 0.110 0.025 0.176 0.135 
   3   (0.042) 0.043 0.009 0.204 0.016 
   4   (0.061) 0.061 0.014 0.178 0.038 
   5   (0.081) 0.080 0.053 0.172 0.045 
   6   (0.075) 0.075 0.019 0.061 0.075 
   7   (0.038) 0.038 0.090 0.005 0.014 
   8   (0.106) 0.105 0.236 0.021 0.118 
   9   (0.101) 0.101 0.180 0.019 0.116 
  10   (0.057) 0.056 0.061 0.012 0.036 
  11   (0.040) 0.040 0.088 0.008 0.015 
  12   (0.038) 0.038 0.059 0.009 0.014 
  13   (0.115) 0.115 0.046 0.016 0.232 

Locus 100 : locus100 
23 alleles
0.0% missing data
   1   (0.036) 0.036 0.008 0.090 0.013 
   2   (0.045) 0.045 0.012 0.435 0.017 
   3   (0.043) 0.043 0.011 0.144 0.016 
   4   (0.040) 0.040 0.008 0.175 0.015 
   5   (0.034) 0.036 0.005 0.027 0.012 
   6   (0.040) 0.040 0.118 0.007 0.015 
   7   (0.046) 0.046 0.286 0.010 0.017 
   8   (0.043) 0.043 0.203 0.007 0.016 
   9   (0.034) 0.034 0.034 0.005 0.012 
  10   (0.039) 0.039 0.089 0.008 0.014 
  11   (0.038) 0.038 0.059 0.009 0.014 
  12   (0.041) 0.040 0.084 0.012 0.015 
  13   (0.029) 0.029 0.005 0.004 0.026 
  14   (0.060) 0.060 0.010 0.008 0.117 
  15   (0.045) 0.045 0.007 0.006 0.064 
  16   (0.043) 0.042 0.007 0.006 0.063 
  17   (0.063) 0.062 0.010 0.009 0.118 
  18   (0.033) 0.034 0.005 0.005 0.026 
  19   (0.034) 0.034 0.006 0.005 0.028 
  20   (0.047) 0.047 0.008 0.007 0.065 
  21   (0.069) 0.069 0.011 0.010 0.152 
  22   (0.041) 0.041 0.007 0.006 0.047 
  23   (0.057) 0.056 0.009 0.008 0.116 

Values of parameters used in structure:
DATAFILE=parentandhybrid6.str,	OUTFILE=parentandhybrid4Deme_1,	NUMINDS=50,	NUMLOCI=100,	MISSING=0,	LABEL=1,	POPDATA=0,	POPFLAG=0,	PHENOTYPE=0,	EXTRACOLS=0,	MAXPOPS=4,	BURNIN=200000,	NUMREPS=200000,	USEPOPINFO=0,	INFERALPHA=1,	INFERLAMBDA=0,	POPSPECIFICLAMBDA=0,	POPALPHAS=0,	COMPUTEPROB=1,	NOADMIX=0,	ADMBURNIN=500,	UPDATEFREQ=100,	PRINTLIKES=0,	INTERMEDSAVE=0,	PRINTKLD=0,	PRINTNET=1,	PRINTLAMBDA=1,	ANCESTDIST=0,	NUMBOXES=1000,	ANCESTPINT=0.90000,	GENSBACK=2,	MIGRPRIOR=0.01000,	PRINTQHAT=0,	PRINTQSUM=1,	ALPHA=1.0000,	FREQSCORR=1,	FPRIORMEAN=0.0100,	FPRIORSD=0.0500,	ONEFST=0,	LAMBDA=1.0000,	UNIFPRIORALPHA=1,	ALPHAMAX=10.0000,	ALPHAPRIORA=1.0000,	ALPHAPRIORB=2.0000,	ALPHAPROPSD=0.0250,	STARTATPOPINFO=0,	RANDOMIZE=1,	LINKAGE=0,	METROFREQ=10,	REPORTHITRATE=0,	MARKOVPHASE=0,	PHASED=0,	PLOIDY=2,	PHASEINFO=0	LOCPRIOR=0, 	LOCPRIORINIT=1.000000, 	LOCDATA=0, 	LOCISPOP=0, 	LOCPRIORSTEP=0.100000, 	MAXLOCPRIOR=20.000000, 	SEED=1658869922,	
[STRAT parameters]:    NUMSIMSTATS=1000,	PHENOTYPECOL=-9,	POOLFREQ=10,	LOCUSxONLY=0,	EMERROR=0.00100,	MISSINGPHENO=-9,	