1666448115
1666448120
1666448125
1666448130
1666448135
1666448140
1666448145
1666448150
1666448155
1666448160
1666448165
1666448170
1666448175
1666448180
1666448185
1666448190
1666448195
1666448200
1666448205
1666448210
1666448215
1666448220
1666448225
1666448230
1666448235
1666448240
1666448245
1666448250
1666448255
1666448260
1666448265
1666448270
1666448275
1666448280
1666448285
1666448291
1666448296
1666448301
1666448306
1666448311
1666448316
1666448321
1666448326
1666448331
1666448336
1666448341
1666448346
1666448351
1666448356
1666448361
