

----------------------------------------------------
STRUCTURE by Pritchard, Stephens and Donnelly (2000)
     and Falush, Stephens and Pritchard (2003)
       Code by Pritchard, Falush and Hubisz
             Version 2.3.4 (Jul 2012)
----------------------------------------------------



Command line arguments:   /usr/local/bin/structure -i parentandhybrid4Deme -m mainparams.txt -e extraparams.txt -K 4 -o parentandhybrid4Deme_4_1 
Input File:    parentandhybrid4Deme

Run parameters:
   50 individuals
   100 loci
   4 populations assumed
   50000 Burn-in period
   50000 Reps


--------------------------------------------
Overall proportion of membership of the
sample in each of the 4 clusters

Inferred Clusters
  1      2      3      4    
0.300  0.200  0.300  0.200  

--------------------------------------------

Allele-freq. divergence among pops (Net nucleotide distance),
computed using point estimates of P.

      1       2       3       4      
 1      -    0.0942  0.1028  0.1065  
 2   0.0942     -    0.0990  0.0907  
 3   0.1028  0.0990     -    0.1085  
 4   0.1065  0.0907  0.1085     -    

Average distances (expected heterozygosity) between individuals in same cluster:
cluster  1  : 0.8494 
cluster  2  : 0.8696 
cluster  3  : 0.8411 
cluster  4  : 0.8497 

--------------------------------------------
Estimated Ln Prob of Data   = -22911.8
Mean value of ln likelihood = -21379.5
Variance of ln likelihood   = 3064.6
Mean value of alpha         = 0.0281

Mean value of Fst_1         = 0.1404
Mean value of Fst_2         = 0.1152
Mean value of Fst_3         = 0.1458
Mean value of Fst_4         = 0.1396


Inferred ancestry of individuals:
        Label (%Miss) :  Inferred clusters
  1        1    (0)   :  0.999 0.000 0.000 0.000 
  2        2    (0)   :  0.999 0.000 0.001 0.000 
  3        3    (0)   :  0.997 0.001 0.001 0.000 
  4        4    (0)   :  0.998 0.001 0.001 0.000 
  5        5    (0)   :  0.999 0.000 0.001 0.000 
  6        6    (0)   :  0.999 0.000 0.000 0.000 
  7        7    (0)   :  0.997 0.002 0.001 0.001 
  8        8    (0)   :  0.998 0.001 0.001 0.000 
  9        9    (0)   :  0.998 0.001 0.001 0.001 
 10       10    (0)   :  0.998 0.000 0.001 0.000 
 11       11    (0)   :  0.000 0.001 0.998 0.001 
 12       12    (0)   :  0.000 0.000 0.999 0.001 
 13       13    (0)   :  0.000 0.001 0.999 0.000 
 14       14    (0)   :  0.000 0.000 0.999 0.000 
 15       15    (0)   :  0.000 0.000 0.998 0.001 
 16       16    (0)   :  0.000 0.001 0.998 0.001 
 17       17    (0)   :  0.002 0.000 0.997 0.001 
 18       18    (0)   :  0.001 0.001 0.998 0.000 
 19       19    (0)   :  0.000 0.000 0.999 0.000 
 20       20    (0)   :  0.000 0.000 0.999 0.000 
 21      h01    (0)   :  0.503 0.000 0.496 0.000 
 22      h02    (0)   :  0.522 0.000 0.477 0.000 
 23      h03    (0)   :  0.477 0.000 0.522 0.000 
 24      h04    (0)   :  0.505 0.000 0.495 0.000 
 25      h05    (0)   :  0.516 0.000 0.484 0.000 
 26      h06    (0)   :  0.515 0.000 0.485 0.000 
 27      h07    (0)   :  0.493 0.000 0.506 0.000 
 28      h08    (0)   :  0.484 0.000 0.516 0.000 
 29      h09    (0)   :  0.496 0.000 0.503 0.000 
 30      h10    (0)   :  0.505 0.000 0.494 0.000 
 31       21    (0)   :  0.000 0.999 0.000 0.000 
 32       22    (0)   :  0.000 0.999 0.000 0.001 
 33       23    (0)   :  0.000 0.998 0.000 0.002 
 34       24    (0)   :  0.000 0.999 0.000 0.000 
 35       25    (0)   :  0.000 0.998 0.001 0.001 
 36       26    (0)   :  0.001 0.998 0.000 0.001 
 37       27    (0)   :  0.000 0.999 0.000 0.000 
 38       28    (0)   :  0.000 0.999 0.000 0.000 
 39       29    (0)   :  0.000 0.998 0.000 0.001 
 40       30    (0)   :  0.000 0.999 0.000 0.000 
 41       31    (0)   :  0.001 0.001 0.000 0.999 
 42       32    (0)   :  0.000 0.000 0.000 0.999 
 43       33    (0)   :  0.000 0.000 0.000 0.999 
 44       34    (0)   :  0.000 0.000 0.000 0.999 
 45       35    (0)   :  0.001 0.000 0.000 0.999 
 46       36    (0)   :  0.001 0.001 0.000 0.998 
 47       37    (0)   :  0.000 0.000 0.000 0.999 
 48       38    (0)   :  0.000 0.001 0.000 0.999 
 49       39    (0)   :  0.000 0.001 0.000 0.999 
 50       40    (0)   :  0.000 0.000 0.000 0.999 


Estimated Allele Frequencies in each cluster
First column gives estimated ancestral frequencies


Locus 1 : locus1 
19 alleles
0.0% missing data
   1   (0.071) 0.261 0.020 0.127 0.017 
   2   (0.035) 0.089 0.010 0.008 0.008 
   3   (0.073) 0.052 0.020 0.082 0.056 
   4   (0.038) 0.116 0.011 0.010 0.009 
   5   (0.093) 0.055 0.171 0.086 0.022 
   6   (0.040) 0.119 0.011 0.008 0.009 
   7   (0.072) 0.124 0.056 0.014 0.055 
   8   (0.032) 0.034 0.009 0.005 0.008 
   9   (0.071) 0.040 0.020 0.038 0.132 
  10   (0.080) 0.027 0.167 0.135 0.019 
  11   (0.075) 0.021 0.129 0.277 0.018 
  12   (0.071) 0.017 0.164 0.169 0.017 
  13   (0.032) 0.006 0.117 0.005 0.008 
  14   (0.033) 0.006 0.045 0.005 0.008 
  15   (0.039) 0.007 0.011 0.006 0.162 
  16   (0.037) 0.006 0.010 0.006 0.123 
  17   (0.040) 0.007 0.011 0.006 0.086 
  18   (0.036) 0.006 0.010 0.006 0.123 
  19   (0.032) 0.006 0.009 0.005 0.122 

Locus 2 : locus2 
18 alleles
0.0% missing data
   1   (0.072) 0.173 0.020 0.016 0.055 
   2   (0.082) 0.285 0.023 0.018 0.096 
   3   (0.118) 0.169 0.033 0.174 0.180 
   4   (0.039) 0.058 0.011 0.010 0.009 
   5   (0.044) 0.087 0.012 0.010 0.010 
   6   (0.035) 0.033 0.010 0.006 0.008 
   7   (0.036) 0.034 0.010 0.006 0.009 
   8   (0.042) 0.057 0.012 0.011 0.010 
   9   (0.070) 0.016 0.019 0.092 0.093 
  10   (0.092) 0.021 0.026 0.403 0.136 
  11   (0.085) 0.020 0.024 0.177 0.288 
  12   (0.040) 0.007 0.011 0.034 0.009 
  13   (0.049) 0.008 0.302 0.008 0.012 
  14   (0.048) 0.008 0.302 0.008 0.011 
  15   (0.039) 0.007 0.047 0.006 0.009 
  16   (0.032) 0.005 0.045 0.005 0.008 
  17   (0.041) 0.007 0.084 0.007 0.010 
  18   (0.036) 0.006 0.010 0.006 0.047 

Locus 3 : locus3 
22 alleles
0.0% missing data
   1   (0.052) 0.171 0.015 0.012 0.012 
   2   (0.040) 0.170 0.011 0.009 0.009 
   3   (0.053) 0.254 0.015 0.012 0.012 
   4   (0.044) 0.087 0.012 0.010 0.010 
   5   (0.051) 0.064 0.050 0.008 0.012 
   6   (0.038) 0.113 0.011 0.011 0.009 
   7   (0.085) 0.021 0.024 0.314 0.288 
   8   (0.060) 0.010 0.017 0.066 0.205 
   9   (0.048) 0.012 0.013 0.227 0.011 
  10   (0.049) 0.012 0.014 0.143 0.011 
  11   (0.039) 0.010 0.011 0.087 0.009 
  12   (0.049) 0.008 0.014 0.036 0.050 
  13   (0.047) 0.008 0.229 0.008 0.011 
  14   (0.037) 0.006 0.119 0.006 0.009 
  15   (0.045) 0.008 0.157 0.007 0.011 
  16   (0.035) 0.006 0.155 0.006 0.008 
  17   (0.041) 0.007 0.047 0.007 0.009 
  18   (0.037) 0.006 0.046 0.006 0.009 
  19   (0.043) 0.007 0.012 0.007 0.086 
  20   (0.037) 0.006 0.010 0.006 0.124 
  21   (0.036) 0.006 0.010 0.006 0.046 
  22   (0.036) 0.006 0.010 0.006 0.047 

Locus 4 : locus4 
17 alleles
0.0% missing data
   1   (0.124) 0.330 0.034 0.071 0.334 
   2   (0.056) 0.090 0.016 0.012 0.052 
   3   (0.071) 0.112 0.020 0.160 0.017 
   4   (0.075) 0.166 0.021 0.165 0.017 
   5   (0.094) 0.077 0.026 0.121 0.175 
   6   (0.039) 0.090 0.011 0.006 0.009 
   7   (0.031) 0.033 0.009 0.005 0.007 
   8   (0.046) 0.008 0.013 0.035 0.049 
   9   (0.096) 0.024 0.316 0.063 0.061 
  10   (0.116) 0.027 0.104 0.263 0.220 
  11   (0.036) 0.006 0.010 0.034 0.008 
  12   (0.035) 0.006 0.010 0.034 0.008 
  13   (0.043) 0.007 0.193 0.007 0.010 
  14   (0.037) 0.006 0.082 0.006 0.009 
  15   (0.032) 0.005 0.045 0.005 0.008 
  16   (0.036) 0.006 0.046 0.006 0.008 
  17   (0.033) 0.006 0.045 0.006 0.008 

Locus 5 : locus5 
14 alleles
0.0% missing data
   1   (0.072) 0.306 0.020 0.020 0.054 
   2   (0.067) 0.147 0.019 0.013 0.053 
   3   (0.099) 0.261 0.063 0.020 0.138 
   4   (0.073) 0.114 0.093 0.020 0.017 
   5   (0.034) 0.033 0.010 0.006 0.008 
   6   (0.071) 0.014 0.020 0.150 0.093 
   7   (0.102) 0.028 0.209 0.371 0.024 
   8   (0.106) 0.018 0.138 0.102 0.140 
   9   (0.114) 0.027 0.212 0.150 0.104 
  10   (0.051) 0.008 0.014 0.036 0.050 
  11   (0.101) 0.024 0.172 0.065 0.100 
  12   (0.034) 0.006 0.009 0.034 0.008 
  13   (0.039) 0.007 0.011 0.007 0.086 
  14   (0.038) 0.006 0.011 0.006 0.123 

Locus 6 : locus6 
13 alleles
0.0% missing data
   1   (0.104) 0.073 0.210 0.017 0.139 
   2   (0.093) 0.154 0.026 0.459 0.022 
   3   (0.117) 0.210 0.141 0.025 0.142 
   4   (0.073) 0.177 0.020 0.098 0.017 
   5   (0.092) 0.085 0.098 0.029 0.060 
   6   (0.040) 0.058 0.011 0.011 0.010 
   7   (0.041) 0.088 0.011 0.009 0.010 
   8   (0.144) 0.102 0.112 0.168 0.187 
   9   (0.097) 0.017 0.280 0.043 0.100 
  10   (0.061) 0.013 0.017 0.119 0.052 
  11   (0.063) 0.011 0.053 0.010 0.130 
  12   (0.038) 0.007 0.011 0.006 0.085 
  13   (0.036) 0.006 0.010 0.006 0.046 

Locus 7 : locus7 
17 alleles
0.0% missing data
   1   (0.044) 0.352 0.012 0.013 0.010 
   2   (0.098) 0.204 0.027 0.102 0.138 
   3   (0.042) 0.112 0.012 0.009 0.010 
   4   (0.038) 0.056 0.011 0.011 0.009 
   5   (0.089) 0.078 0.132 0.119 0.021 
   6   (0.035) 0.033 0.010 0.006 0.008 
   7   (0.046) 0.034 0.013 0.008 0.049 
   8   (0.031) 0.005 0.008 0.034 0.007 
   9   (0.088) 0.023 0.060 0.121 0.135 
  10   (0.056) 0.009 0.015 0.067 0.128 
  11   (0.135) 0.036 0.290 0.238 0.223 
  12   (0.082) 0.021 0.277 0.120 0.019 
  13   (0.058) 0.010 0.016 0.068 0.129 
  14   (0.039) 0.006 0.011 0.064 0.009 
  15   (0.052) 0.009 0.050 0.009 0.051 
  16   (0.036) 0.006 0.046 0.006 0.008 
  17   (0.030) 0.005 0.008 0.005 0.045 

Locus 8 : locus8 
24 alleles
0.0% missing data
   1   (0.050) 0.227 0.014 0.012 0.012 
   2   (0.037) 0.173 0.010 0.006 0.009 
   3   (0.041) 0.169 0.011 0.012 0.010 
   4   (0.032) 0.058 0.009 0.008 0.007 
   5   (0.023) 0.032 0.006 0.004 0.006 
   6   (0.065) 0.060 0.235 0.016 0.015 
   7   (0.071) 0.115 0.200 0.020 0.017 
   8   (0.027) 0.032 0.007 0.004 0.006 
   9   (0.060) 0.013 0.089 0.117 0.014 
  10   (0.058) 0.012 0.016 0.118 0.091 
  11   (0.052) 0.013 0.014 0.171 0.050 
  12   (0.057) 0.015 0.016 0.144 0.051 
  13   (0.065) 0.018 0.018 0.253 0.092 
  14   (0.027) 0.005 0.008 0.032 0.006 
  15   (0.047) 0.008 0.085 0.035 0.011 
  16   (0.032) 0.005 0.045 0.005 0.008 
  17   (0.027) 0.005 0.079 0.004 0.006 
  18   (0.036) 0.006 0.082 0.006 0.008 
  19   (0.039) 0.007 0.011 0.006 0.200 
  20   (0.034) 0.006 0.009 0.006 0.123 
  21   (0.030) 0.005 0.008 0.005 0.045 
  22   (0.031) 0.005 0.009 0.005 0.045 
  23   (0.028) 0.005 0.008 0.005 0.083 
  24   (0.031) 0.005 0.009 0.005 0.084 

Locus 9 : locus9 
19 alleles
0.0% missing data
   1   (0.045) 0.199 0.013 0.011 0.011 
   2   (0.064) 0.091 0.018 0.014 0.091 
   3   (0.044) 0.172 0.012 0.010 0.010 
   4   (0.053) 0.037 0.015 0.009 0.051 
   5   (0.068) 0.067 0.019 0.011 0.168 
   6   (0.081) 0.093 0.022 0.018 0.210 
   7   (0.038) 0.034 0.011 0.006 0.009 
   8   (0.046) 0.059 0.013 0.012 0.011 
   9   (0.046) 0.144 0.013 0.011 0.011 
  10   (0.054) 0.017 0.015 0.388 0.013 
  11   (0.091) 0.019 0.242 0.288 0.022 
  12   (0.067) 0.011 0.163 0.066 0.016 
  13   (0.073) 0.017 0.237 0.090 0.017 
  14   (0.055) 0.009 0.051 0.037 0.013 
  15   (0.028) 0.005 0.080 0.005 0.007 
  16   (0.032) 0.006 0.045 0.005 0.008 
  17   (0.038) 0.006 0.011 0.006 0.085 
  18   (0.038) 0.007 0.011 0.006 0.124 
  19   (0.038) 0.007 0.011 0.006 0.124 

Locus 10 : locus10 
20 alleles
0.0% missing data
   1   (0.067) 0.188 0.019 0.142 0.016 
   2   (0.071) 0.154 0.164 0.013 0.017 
   3   (0.076) 0.155 0.021 0.390 0.018 
   4   (0.076) 0.070 0.057 0.012 0.095 
   5   (0.067) 0.235 0.019 0.017 0.054 
   6   (0.074) 0.059 0.021 0.130 0.056 
   7   (0.056) 0.039 0.051 0.009 0.013 
   8   (0.075) 0.024 0.021 0.218 0.209 
   9   (0.047) 0.008 0.265 0.007 0.011 
  10   (0.031) 0.006 0.045 0.005 0.007 
  11   (0.041) 0.007 0.084 0.006 0.010 
  12   (0.036) 0.006 0.046 0.006 0.009 
  13   (0.041) 0.007 0.083 0.007 0.010 
  14   (0.031) 0.005 0.045 0.005 0.007 
  15   (0.039) 0.007 0.011 0.006 0.124 
  16   (0.031) 0.005 0.008 0.005 0.045 
  17   (0.030) 0.005 0.008 0.005 0.045 
  18   (0.034) 0.006 0.009 0.005 0.085 
  19   (0.036) 0.006 0.010 0.006 0.047 
  20   (0.040) 0.007 0.011 0.006 0.124 

Locus 11 : locus11 
24 alleles
0.0% missing data
   1   (0.047) 0.111 0.013 0.014 0.011 
   2   (0.047) 0.304 0.013 0.011 0.011 
   3   (0.027) 0.032 0.007 0.004 0.006 
   4   (0.035) 0.167 0.010 0.008 0.008 
   5   (0.029) 0.085 0.008 0.007 0.007 
   6   (0.038) 0.086 0.011 0.009 0.009 
   7   (0.035) 0.033 0.010 0.006 0.008 
   8   (0.022) 0.031 0.006 0.004 0.005 
   9   (0.076) 0.018 0.021 0.262 0.170 
  10   (0.050) 0.011 0.014 0.090 0.088 
  11   (0.069) 0.015 0.019 0.206 0.245 
  12   (0.033) 0.007 0.009 0.117 0.008 
  13   (0.050) 0.008 0.086 0.036 0.012 
  14   (0.075) 0.024 0.238 0.084 0.018 
  15   (0.033) 0.006 0.009 0.034 0.008 
  16   (0.066) 0.016 0.018 0.062 0.092 
  17   (0.035) 0.006 0.118 0.006 0.008 
  18   (0.033) 0.006 0.190 0.006 0.008 
  19   (0.037) 0.006 0.082 0.006 0.009 
  20   (0.031) 0.005 0.044 0.005 0.007 
  21   (0.027) 0.004 0.043 0.004 0.006 
  22   (0.033) 0.005 0.009 0.006 0.046 
  23   (0.042) 0.007 0.012 0.007 0.163 
  24   (0.030) 0.005 0.008 0.005 0.045 

Locus 12 : locus12 
23 alleles
0.0% missing data
   1   (0.053) 0.140 0.050 0.011 0.012 
   2   (0.042) 0.241 0.012 0.012 0.010 
   3   (0.065) 0.097 0.054 0.062 0.015 
   4   (0.037) 0.132 0.010 0.014 0.009 
   5   (0.038) 0.110 0.010 0.009 0.009 
   6   (0.045) 0.034 0.012 0.008 0.049 
   7   (0.054) 0.034 0.161 0.009 0.013 
   8   (0.067) 0.055 0.055 0.108 0.016 
   9   (0.030) 0.055 0.008 0.009 0.007 
  10   (0.065) 0.011 0.090 0.099 0.015 
  11   (0.063) 0.012 0.090 0.155 0.015 
  12   (0.061) 0.013 0.052 0.299 0.014 
  13   (0.035) 0.009 0.010 0.061 0.008 
  14   (0.037) 0.008 0.010 0.092 0.009 
  15   (0.030) 0.005 0.080 0.005 0.007 
  16   (0.043) 0.007 0.084 0.007 0.048 
  17   (0.039) 0.006 0.119 0.007 0.009 
  18   (0.028) 0.004 0.044 0.005 0.007 
  19   (0.032) 0.005 0.009 0.006 0.122 
  20   (0.036) 0.006 0.010 0.006 0.123 
  21   (0.030) 0.005 0.008 0.005 0.198 
  22   (0.035) 0.006 0.010 0.006 0.200 
  23   (0.036) 0.006 0.010 0.006 0.085 

Locus 13 : locus13 
18 alleles
0.0% missing data
   1   (0.061) 0.147 0.053 0.012 0.015 
   2   (0.056) 0.152 0.016 0.060 0.013 
   3   (0.126) 0.160 0.143 0.382 0.030 
   4   (0.075) 0.121 0.130 0.015 0.018 
   5   (0.080) 0.055 0.130 0.054 0.019 
   6   (0.079) 0.175 0.202 0.018 0.019 
   7   (0.117) 0.120 0.141 0.252 0.028 
   8   (0.048) 0.008 0.049 0.035 0.011 
   9   (0.036) 0.006 0.010 0.034 0.009 
  10   (0.032) 0.005 0.009 0.033 0.007 
  11   (0.032) 0.005 0.009 0.033 0.008 
  12   (0.031) 0.005 0.009 0.033 0.008 
  13   (0.050) 0.008 0.050 0.008 0.050 
  14   (0.035) 0.006 0.010 0.006 0.123 
  15   (0.032) 0.005 0.009 0.005 0.046 
  16   (0.035) 0.006 0.010 0.006 0.275 
  17   (0.041) 0.007 0.011 0.007 0.200 
  18   (0.033) 0.006 0.009 0.005 0.123 

Locus 14 : locus14 
24 alleles
0.0% missing data
   1   (0.026) 0.056 0.007 0.008 0.006 
   2   (0.032) 0.141 0.009 0.007 0.008 
   3   (0.041) 0.332 0.012 0.011 0.010 
   4   (0.038) 0.115 0.010 0.008 0.009 
   5   (0.040) 0.115 0.011 0.009 0.010 
   6   (0.055) 0.046 0.015 0.083 0.013 
   7   (0.051) 0.063 0.014 0.120 0.012 
   8   (0.035) 0.009 0.010 0.143 0.008 
   9   (0.035) 0.006 0.010 0.090 0.008 
  10   (0.032) 0.005 0.009 0.090 0.008 
  11   (0.038) 0.010 0.010 0.284 0.009 
  12   (0.036) 0.010 0.010 0.058 0.009 
  13   (0.025) 0.004 0.043 0.004 0.006 
  14   (0.043) 0.007 0.084 0.007 0.010 
  15   (0.052) 0.009 0.050 0.009 0.242 
  16   (0.058) 0.010 0.125 0.010 0.052 
  17   (0.031) 0.005 0.045 0.005 0.007 
  18   (0.049) 0.008 0.050 0.008 0.165 
  19   (0.037) 0.006 0.119 0.006 0.009 
  20   (0.062) 0.011 0.126 0.011 0.091 
  21   (0.060) 0.010 0.089 0.010 0.128 
  22   (0.039) 0.007 0.083 0.006 0.009 
  23   (0.048) 0.008 0.050 0.008 0.049 
  24   (0.034) 0.006 0.009 0.006 0.122 

Locus 15 : locus15 
24 alleles
0.0% missing data
   1   (0.040) 0.253 0.011 0.008 0.009 
   2   (0.054) 0.416 0.015 0.014 0.013 
   3   (0.036) 0.087 0.010 0.008 0.008 
   4   (0.059) 0.037 0.125 0.010 0.014 
   5   (0.033) 0.057 0.009 0.009 0.008 
   6   (0.035) 0.006 0.010 0.146 0.008 
   7   (0.037) 0.008 0.010 0.088 0.009 
   8   (0.040) 0.012 0.011 0.226 0.009 
   9   (0.036) 0.006 0.010 0.034 0.008 
  10   (0.041) 0.014 0.011 0.140 0.010 
  11   (0.029) 0.005 0.008 0.033 0.007 
  12   (0.038) 0.011 0.011 0.114 0.009 
  13   (0.047) 0.008 0.085 0.035 0.011 
  14   (0.026) 0.005 0.007 0.032 0.006 
  15   (0.031) 0.005 0.009 0.033 0.007 
  16   (0.039) 0.007 0.119 0.006 0.009 
  17   (0.059) 0.010 0.089 0.010 0.205 
  18   (0.039) 0.007 0.083 0.006 0.009 
  19   (0.047) 0.008 0.049 0.008 0.088 
  20   (0.058) 0.010 0.052 0.010 0.167 
  21   (0.062) 0.010 0.089 0.010 0.243 
  22   (0.056) 0.009 0.160 0.009 0.051 
  23   (0.031) 0.005 0.009 0.005 0.046 
  24   (0.027) 0.005 0.008 0.004 0.045 

Locus 16 : locus16 
15 alleles
0.0% missing data
   1   (0.096) 0.044 0.316 0.044 0.023 
   2   (0.090) 0.354 0.025 0.146 0.021 
   3   (0.050) 0.224 0.014 0.015 0.012 
   4   (0.036) 0.090 0.010 0.006 0.008 
   5   (0.035) 0.034 0.010 0.006 0.008 
   6   (0.094) 0.064 0.135 0.106 0.022 
   7   (0.102) 0.056 0.136 0.201 0.024 
   8   (0.035) 0.033 0.010 0.006 0.008 
   9   (0.085) 0.014 0.060 0.070 0.134 
  10   (0.119) 0.037 0.105 0.142 0.219 
  11   (0.084) 0.021 0.096 0.231 0.020 
  12   (0.057) 0.010 0.052 0.009 0.128 
  13   (0.041) 0.007 0.011 0.007 0.238 
  14   (0.041) 0.007 0.011 0.007 0.086 
  15   (0.036) 0.006 0.010 0.006 0.047 

Locus 17 : locus17 
20 alleles
0.0% missing data
   1   (0.046) 0.225 0.013 0.010 0.011 
   2   (0.041) 0.143 0.011 0.008 0.010 
   3   (0.038) 0.089 0.011 0.006 0.009 
   4   (0.043) 0.244 0.012 0.017 0.010 
   5   (0.039) 0.058 0.011 0.010 0.009 
   6   (0.054) 0.050 0.015 0.051 0.013 
   7   (0.101) 0.044 0.245 0.017 0.138 
   8   (0.062) 0.038 0.017 0.010 0.091 
   9   (0.048) 0.010 0.013 0.343 0.011 
  10   (0.043) 0.009 0.012 0.089 0.010 
  11   (0.034) 0.006 0.009 0.034 0.008 
  12   (0.046) 0.014 0.013 0.227 0.011 
  13   (0.038) 0.009 0.010 0.088 0.009 
  14   (0.036) 0.006 0.010 0.034 0.009 
  15   (0.037) 0.006 0.083 0.006 0.009 
  16   (0.062) 0.011 0.089 0.010 0.129 
  17   (0.059) 0.010 0.161 0.010 0.052 
  18   (0.058) 0.010 0.124 0.010 0.090 
  19   (0.061) 0.010 0.053 0.010 0.321 
  20   (0.055) 0.009 0.087 0.009 0.051 

Locus 18 : locus18 
20 alleles
0.0% missing data
   1   (0.040) 0.088 0.011 0.007 0.010 
   2   (0.077) 0.224 0.021 0.020 0.133 
   3   (0.046) 0.192 0.013 0.013 0.011 
   4   (0.035) 0.060 0.010 0.006 0.008 
   5   (0.119) 0.191 0.033 0.380 0.066 
   6   (0.058) 0.037 0.016 0.010 0.282 
   7   (0.044) 0.103 0.012 0.020 0.010 
   8   (0.058) 0.010 0.089 0.038 0.014 
   9   (0.058) 0.015 0.016 0.061 0.051 
  10   (0.074) 0.017 0.021 0.294 0.209 
  11   (0.054) 0.009 0.015 0.066 0.051 
  12   (0.058) 0.010 0.125 0.038 0.014 
  13   (0.035) 0.006 0.082 0.006 0.008 
  14   (0.043) 0.007 0.156 0.007 0.010 
  15   (0.035) 0.006 0.082 0.006 0.008 
  16   (0.032) 0.005 0.045 0.006 0.008 
  17   (0.035) 0.006 0.118 0.006 0.008 
  18   (0.033) 0.005 0.081 0.006 0.008 
  19   (0.031) 0.005 0.045 0.005 0.007 
  20   (0.035) 0.006 0.010 0.006 0.085 

Locus 19 : locus19 
25 alleles
0.0% missing data
   1   (0.042) 0.253 0.012 0.011 0.010 
   2   (0.037) 0.112 0.010 0.011 0.009 
   3   (0.033) 0.089 0.009 0.005 0.008 
   4   (0.030) 0.086 0.008 0.007 0.007 
   5   (0.048) 0.141 0.013 0.042 0.011 
   6   (0.052) 0.105 0.015 0.106 0.012 
   7   (0.079) 0.082 0.022 0.083 0.133 
   8   (0.041) 0.010 0.011 0.143 0.010 
   9   (0.033) 0.006 0.009 0.033 0.008 
  10   (0.075) 0.017 0.021 0.203 0.170 
  11   (0.034) 0.010 0.009 0.168 0.008 
  12   (0.049) 0.009 0.014 0.035 0.318 
  13   (0.047) 0.013 0.013 0.058 0.088 
  14   (0.055) 0.009 0.015 0.037 0.127 
  15   (0.025) 0.004 0.043 0.004 0.006 
  16   (0.035) 0.006 0.154 0.006 0.008 
  17   (0.038) 0.007 0.083 0.006 0.009 
  18   (0.036) 0.006 0.082 0.006 0.009 
  19   (0.033) 0.006 0.081 0.005 0.008 
  20   (0.035) 0.006 0.118 0.006 0.008 
  21   (0.029) 0.005 0.044 0.005 0.007 
  22   (0.029) 0.005 0.044 0.005 0.007 
  23   (0.032) 0.005 0.081 0.005 0.007 
  24   (0.023) 0.004 0.042 0.004 0.006 
  25   (0.031) 0.005 0.045 0.005 0.008 

Locus 20 : locus20 
15 alleles
0.0% missing data
   1   (0.093) 0.069 0.062 0.044 0.060 
   2   (0.050) 0.352 0.014 0.015 0.012 
   3   (0.040) 0.140 0.011 0.008 0.009 
   4   (0.099) 0.070 0.136 0.017 0.215 
   5   (0.106) 0.092 0.174 0.139 0.025 
   6   (0.060) 0.081 0.017 0.050 0.014 
   7   (0.038) 0.079 0.011 0.015 0.009 
   8   (0.060) 0.012 0.053 0.123 0.014 
   9   (0.033) 0.005 0.009 0.034 0.008 
  10   (0.059) 0.019 0.053 0.086 0.014 
  11   (0.038) 0.010 0.011 0.060 0.009 
  12   (0.126) 0.026 0.143 0.246 0.259 
  13   (0.037) 0.010 0.010 0.059 0.009 
  14   (0.037) 0.006 0.010 0.035 0.009 
  15   (0.125) 0.029 0.287 0.069 0.334 

Locus 21 : locus21 
20 alleles
0.0% missing data
   1   (0.070) 0.109 0.020 0.412 0.017 
   2   (0.057) 0.091 0.052 0.012 0.013 
   3   (0.039) 0.063 0.011 0.006 0.009 
   4   (0.035) 0.088 0.010 0.008 0.008 
   5   (0.035) 0.062 0.010 0.006 0.008 
   6   (0.075) 0.201 0.021 0.238 0.018 
   7   (0.083) 0.064 0.132 0.020 0.058 
   8   (0.037) 0.059 0.010 0.009 0.009 
   9   (0.076) 0.093 0.093 0.016 0.056 
  10   (0.056) 0.095 0.016 0.091 0.013 
  11   (0.034) 0.006 0.009 0.061 0.008 
  12   (0.033) 0.006 0.009 0.033 0.008 
  13   (0.030) 0.005 0.008 0.032 0.007 
  14   (0.030) 0.005 0.189 0.005 0.007 
  15   (0.052) 0.009 0.050 0.009 0.165 
  16   (0.064) 0.011 0.090 0.010 0.168 
  17   (0.055) 0.009 0.124 0.009 0.090 
  18   (0.055) 0.010 0.088 0.009 0.165 
  19   (0.048) 0.008 0.049 0.008 0.088 
  20   (0.036) 0.006 0.010 0.006 0.085 

Locus 22 : locus22 
16 alleles
0.0% missing data
   1   (0.045) 0.150 0.013 0.009 0.011 
   2   (0.082) 0.096 0.059 0.017 0.058 
   3   (0.100) 0.185 0.028 0.073 0.138 
   4   (0.085) 0.120 0.024 0.373 0.020 
   5   (0.078) 0.042 0.094 0.012 0.057 
   6   (0.043) 0.091 0.012 0.009 0.010 
   7   (0.069) 0.053 0.019 0.189 0.016 
   8   (0.063) 0.039 0.017 0.010 0.205 
   9   (0.095) 0.074 0.135 0.015 0.099 
  10   (0.072) 0.103 0.020 0.250 0.017 
  11   (0.081) 0.014 0.131 0.013 0.210 
  12   (0.035) 0.006 0.082 0.006 0.008 
  13   (0.043) 0.008 0.228 0.007 0.010 
  14   (0.039) 0.007 0.083 0.006 0.009 
  15   (0.034) 0.006 0.046 0.005 0.008 
  16   (0.035) 0.006 0.010 0.006 0.122 

Locus 23 : locus23 
17 alleles
0.0% missing data
   1   (0.083) 0.097 0.059 0.014 0.172 
   2   (0.045) 0.340 0.012 0.010 0.010 
   3   (0.074) 0.040 0.094 0.012 0.094 
   4   (0.076) 0.122 0.057 0.015 0.056 
   5   (0.116) 0.176 0.140 0.030 0.256 
   6   (0.099) 0.120 0.100 0.162 0.024 
   7   (0.038) 0.011 0.011 0.196 0.009 
   8   (0.033) 0.006 0.009 0.033 0.008 
   9   (0.039) 0.009 0.011 0.087 0.009 
  10   (0.086) 0.020 0.096 0.174 0.058 
  11   (0.064) 0.017 0.090 0.144 0.015 
  12   (0.035) 0.006 0.010 0.034 0.008 
  13   (0.036) 0.006 0.010 0.033 0.009 
  14   (0.034) 0.006 0.009 0.033 0.008 
  15   (0.070) 0.012 0.236 0.011 0.093 
  16   (0.035) 0.006 0.046 0.006 0.008 
  17   (0.036) 0.006 0.010 0.006 0.161 

Locus 24 : locus24 
18 alleles
0.0% missing data
   1   (0.087) 0.203 0.024 0.380 0.021 
   2   (0.036) 0.034 0.010 0.006 0.009 
   3   (0.109) 0.179 0.174 0.024 0.102 
   4   (0.066) 0.150 0.018 0.149 0.016 
   5   (0.079) 0.041 0.131 0.013 0.096 
   6   (0.030) 0.033 0.008 0.005 0.007 
   7   (0.066) 0.116 0.091 0.018 0.015 
   8   (0.028) 0.033 0.008 0.005 0.007 
   9   (0.064) 0.089 0.018 0.127 0.015 
  10   (0.051) 0.051 0.014 0.049 0.012 
  11   (0.057) 0.015 0.016 0.059 0.090 
  12   (0.037) 0.006 0.010 0.090 0.009 
  13   (0.035) 0.006 0.010 0.033 0.008 
  14   (0.061) 0.010 0.125 0.010 0.091 
  15   (0.066) 0.011 0.234 0.011 0.091 
  16   (0.053) 0.009 0.087 0.009 0.088 
  17   (0.040) 0.007 0.011 0.007 0.162 
  18   (0.037) 0.006 0.010 0.006 0.162 

Locus 25 : locus25 
17 alleles
0.0% missing data
   1   (0.091) 0.178 0.098 0.020 0.136 
   2   (0.037) 0.089 0.010 0.008 0.009 
   3   (0.063) 0.079 0.018 0.190 0.015 
   4   (0.083) 0.178 0.059 0.018 0.096 
   5   (0.066) 0.080 0.018 0.246 0.016 
   6   (0.059) 0.061 0.089 0.015 0.014 
   7   (0.089) 0.107 0.097 0.144 0.021 
   8   (0.089) 0.071 0.169 0.015 0.098 
   9   (0.087) 0.094 0.096 0.019 0.173 
  10   (0.058) 0.015 0.052 0.225 0.014 
  11   (0.052) 0.009 0.087 0.036 0.012 
  12   (0.031) 0.005 0.009 0.032 0.007 
  13   (0.029) 0.005 0.044 0.005 0.007 
  14   (0.056) 0.010 0.124 0.009 0.051 
  15   (0.035) 0.006 0.010 0.006 0.123 
  16   (0.040) 0.007 0.011 0.007 0.123 
  17   (0.034) 0.006 0.009 0.006 0.084 

Locus 26 : locus26 
28 alleles
0.0% missing data
   1   (0.028) 0.061 0.008 0.005 0.007 
   2   (0.029) 0.033 0.008 0.005 0.007 
   3   (0.031) 0.145 0.009 0.006 0.007 
   4   (0.025) 0.088 0.007 0.004 0.006 
   5   (0.057) 0.060 0.052 0.015 0.013 
   6   (0.028) 0.058 0.008 0.008 0.007 
   7   (0.046) 0.170 0.013 0.013 0.011 
   8   (0.039) 0.144 0.011 0.009 0.009 
   9   (0.044) 0.055 0.012 0.098 0.010 
  10   (0.037) 0.059 0.010 0.010 0.009 
  11   (0.037) 0.009 0.010 0.251 0.009 
  12   (0.030) 0.009 0.009 0.056 0.007 
  13   (0.052) 0.012 0.014 0.280 0.050 
  14   (0.069) 0.015 0.019 0.118 0.169 
  15   (0.057) 0.016 0.016 0.059 0.052 
  16   (0.035) 0.006 0.227 0.006 0.008 
  17   (0.026) 0.005 0.152 0.004 0.006 
  18   (0.024) 0.004 0.043 0.004 0.006 
  19   (0.027) 0.005 0.079 0.004 0.006 
  20   (0.033) 0.006 0.045 0.005 0.008 
  21   (0.037) 0.006 0.083 0.006 0.009 
  22   (0.022) 0.004 0.042 0.004 0.005 
  23   (0.026) 0.004 0.043 0.004 0.006 
  24   (0.032) 0.006 0.045 0.005 0.007 
  25   (0.033) 0.006 0.009 0.005 0.046 
  26   (0.033) 0.006 0.009 0.005 0.161 
  27   (0.035) 0.006 0.010 0.006 0.238 
  28   (0.027) 0.005 0.007 0.004 0.121 

Locus 27 : locus27 
18 alleles
0.0% missing data
   1   (0.037) 0.115 0.010 0.008 0.009 
   2   (0.031) 0.058 0.009 0.008 0.007 
   3   (0.075) 0.068 0.129 0.013 0.132 
   4   (0.027) 0.060 0.008 0.004 0.006 
   5   (0.041) 0.194 0.011 0.014 0.010 
   6   (0.086) 0.063 0.132 0.021 0.097 
   7   (0.029) 0.033 0.008 0.005 0.007 
   8   (0.030) 0.061 0.008 0.005 0.007 
   9   (0.110) 0.101 0.176 0.101 0.102 
  10   (0.072) 0.046 0.020 0.173 0.055 
  11   (0.066) 0.039 0.019 0.039 0.092 
  12   (0.033) 0.058 0.009 0.009 0.008 
  13   (0.025) 0.032 0.007 0.004 0.006 
  14   (0.104) 0.029 0.137 0.313 0.177 
  15   (0.044) 0.008 0.048 0.035 0.010 
  16   (0.097) 0.022 0.171 0.206 0.137 
  17   (0.062) 0.010 0.053 0.038 0.130 
  18   (0.030) 0.005 0.044 0.005 0.007 

Locus 28 : locus28 
18 alleles
0.0% missing data
   1   (0.038) 0.057 0.011 0.010 0.009 
   2   (0.041) 0.058 0.011 0.011 0.010 
   3   (0.070) 0.231 0.091 0.013 0.016 
   4   (0.040) 0.195 0.011 0.011 0.010 
   5   (0.047) 0.144 0.013 0.009 0.011 
   6   (0.032) 0.033 0.009 0.005 0.008 
   7   (0.071) 0.137 0.092 0.024 0.017 
   8   (0.105) 0.022 0.101 0.238 0.216 
   9   (0.062) 0.014 0.017 0.175 0.091 
  10   (0.029) 0.005 0.008 0.033 0.007 
  11   (0.054) 0.009 0.051 0.065 0.012 
  12   (0.105) 0.024 0.102 0.179 0.216 
  13   (0.066) 0.022 0.018 0.083 0.169 
  14   (0.074) 0.020 0.021 0.117 0.132 
  15   (0.055) 0.009 0.124 0.009 0.051 
  16   (0.038) 0.006 0.119 0.006 0.009 
  17   (0.040) 0.007 0.156 0.007 0.009 
  18   (0.032) 0.005 0.045 0.005 0.007 

Locus 29 : locus29 
20 alleles
0.0% missing data
   1   (0.038) 0.114 0.011 0.008 0.009 
   2   (0.087) 0.095 0.024 0.100 0.135 
   3   (0.046) 0.194 0.013 0.012 0.011 
   4   (0.037) 0.111 0.010 0.011 0.009 
   5   (0.048) 0.035 0.014 0.036 0.011 
   6   (0.039) 0.195 0.011 0.009 0.009 
   7   (0.064) 0.066 0.018 0.066 0.053 
   8   (0.087) 0.085 0.024 0.337 0.097 
   9   (0.056) 0.016 0.016 0.172 0.052 
  10   (0.055) 0.009 0.124 0.037 0.013 
  11   (0.039) 0.010 0.011 0.145 0.009 
  12   (0.029) 0.005 0.080 0.005 0.007 
  13   (0.035) 0.006 0.046 0.006 0.008 
  14   (0.052) 0.009 0.086 0.009 0.089 
  15   (0.058) 0.010 0.124 0.010 0.128 
  16   (0.036) 0.006 0.119 0.006 0.008 
  17   (0.031) 0.005 0.045 0.005 0.007 
  18   (0.056) 0.009 0.087 0.009 0.090 
  19   (0.056) 0.009 0.088 0.009 0.128 
  20   (0.052) 0.009 0.051 0.009 0.127 

Locus 30 : locus30 
25 alleles
0.0% missing data
   1   (0.095) 0.154 0.134 0.156 0.022 
   2   (0.054) 0.172 0.051 0.012 0.013 
   3   (0.059) 0.065 0.052 0.065 0.014 
   4   (0.055) 0.064 0.231 0.009 0.013 
   5   (0.063) 0.140 0.018 0.186 0.015 
   6   (0.027) 0.111 0.008 0.008 0.006 
   7   (0.050) 0.062 0.014 0.065 0.012 
   8   (0.046) 0.057 0.013 0.153 0.011 
   9   (0.049) 0.051 0.014 0.132 0.012 
  10   (0.049) 0.046 0.014 0.082 0.012 
  11   (0.027) 0.005 0.008 0.060 0.006 
  12   (0.032) 0.005 0.226 0.005 0.007 
  13   (0.029) 0.005 0.044 0.005 0.007 
  14   (0.033) 0.006 0.081 0.005 0.008 
  15   (0.033) 0.006 0.009 0.005 0.084 
  16   (0.027) 0.005 0.007 0.004 0.159 
  17   (0.029) 0.005 0.008 0.005 0.045 
  18   (0.032) 0.005 0.009 0.005 0.122 
  19   (0.029) 0.005 0.008 0.005 0.160 
  20   (0.035) 0.006 0.010 0.006 0.047 
  21   (0.032) 0.005 0.009 0.005 0.046 
  22   (0.029) 0.005 0.008 0.005 0.045 
  23   (0.026) 0.004 0.007 0.004 0.044 
  24   (0.027) 0.005 0.008 0.005 0.045 
  25   (0.031) 0.005 0.009 0.005 0.046 

Locus 31 : locus31 
16 alleles
0.0% missing data
   1   (0.135) 0.130 0.073 0.219 0.184 
   2   (0.094) 0.115 0.062 0.273 0.022 
   3   (0.046) 0.149 0.013 0.009 0.011 
   4   (0.070) 0.221 0.020 0.109 0.017 
   5   (0.033) 0.034 0.009 0.005 0.008 
   6   (0.035) 0.035 0.010 0.006 0.008 
   7   (0.039) 0.119 0.011 0.008 0.009 
   8   (0.057) 0.038 0.125 0.009 0.014 
   9   (0.059) 0.049 0.016 0.082 0.014 
  10   (0.085) 0.020 0.133 0.090 0.058 
  11   (0.097) 0.032 0.100 0.082 0.138 
  12   (0.078) 0.027 0.022 0.081 0.210 
  13   (0.049) 0.009 0.265 0.008 0.012 
  14   (0.043) 0.008 0.120 0.007 0.010 
  15   (0.039) 0.007 0.011 0.006 0.124 
  16   (0.039) 0.007 0.011 0.006 0.162 

Locus 32 : locus32 
21 alleles
0.0% missing data
   1   (0.047) 0.320 0.013 0.015 0.011 
   2   (0.042) 0.136 0.012 0.012 0.010 
   3   (0.061) 0.186 0.017 0.052 0.014 
   4   (0.033) 0.032 0.009 0.006 0.008 
   5   (0.041) 0.112 0.011 0.009 0.010 
   6   (0.031) 0.032 0.009 0.005 0.007 
   7   (0.052) 0.048 0.014 0.052 0.012 
   8   (0.046) 0.011 0.013 0.179 0.011 
   9   (0.063) 0.019 0.018 0.146 0.053 
  10   (0.038) 0.006 0.010 0.093 0.009 
  11   (0.095) 0.020 0.062 0.098 0.175 
  12   (0.044) 0.008 0.012 0.181 0.010 
  13   (0.034) 0.009 0.009 0.060 0.008 
  14   (0.052) 0.008 0.087 0.038 0.012 
  15   (0.035) 0.006 0.190 0.006 0.008 
  16   (0.037) 0.006 0.155 0.006 0.009 
  17   (0.038) 0.006 0.119 0.007 0.009 
  18   (0.058) 0.009 0.052 0.010 0.128 
  19   (0.061) 0.010 0.053 0.010 0.167 
  20   (0.036) 0.006 0.082 0.006 0.008 
  21   (0.056) 0.009 0.051 0.010 0.319 

Locus 33 : locus33 
21 alleles
0.0% missing data
   1   (0.033) 0.088 0.009 0.007 0.008 
   2   (0.036) 0.059 0.010 0.009 0.009 
   3   (0.138) 0.267 0.400 0.031 0.147 
   4   (0.129) 0.208 0.144 0.031 0.222 
   5   (0.040) 0.174 0.011 0.008 0.009 
   6   (0.067) 0.062 0.019 0.017 0.168 
   7   (0.057) 0.038 0.016 0.009 0.128 
   8   (0.031) 0.005 0.009 0.033 0.007 
   9   (0.039) 0.011 0.011 0.057 0.009 
  10   (0.043) 0.010 0.012 0.170 0.010 
  11   (0.028) 0.005 0.008 0.060 0.007 
  12   (0.033) 0.007 0.009 0.170 0.008 
  13   (0.030) 0.005 0.008 0.032 0.007 
  14   (0.037) 0.010 0.010 0.057 0.009 
  15   (0.046) 0.014 0.013 0.276 0.011 
  16   (0.030) 0.005 0.116 0.005 0.007 
  17   (0.036) 0.006 0.046 0.006 0.009 
  18   (0.039) 0.007 0.047 0.006 0.009 
  19   (0.035) 0.006 0.082 0.006 0.008 
  20   (0.045) 0.008 0.012 0.007 0.163 
  21   (0.028) 0.005 0.008 0.005 0.045 

Locus 34 : locus34 
21 alleles
0.0% missing data
   1   (0.071) 0.061 0.020 0.018 0.170 
   2   (0.050) 0.036 0.014 0.008 0.088 
   3   (0.051) 0.169 0.014 0.014 0.012 
   4   (0.036) 0.113 0.010 0.011 0.009 
   5   (0.085) 0.052 0.205 0.087 0.020 
   6   (0.056) 0.147 0.016 0.011 0.051 
   7   (0.036) 0.172 0.010 0.007 0.008 
   8   (0.068) 0.091 0.019 0.015 0.207 
   9   (0.039) 0.059 0.011 0.010 0.009 
  10   (0.062) 0.017 0.089 0.254 0.014 
  11   (0.058) 0.010 0.124 0.037 0.014 
  12   (0.046) 0.011 0.013 0.254 0.011 
  13   (0.077) 0.017 0.201 0.204 0.018 
  14   (0.032) 0.005 0.009 0.033 0.008 
  15   (0.032) 0.005 0.117 0.005 0.007 
  16   (0.035) 0.006 0.082 0.006 0.008 
  17   (0.028) 0.005 0.008 0.005 0.045 
  18   (0.042) 0.007 0.012 0.007 0.086 
  19   (0.037) 0.006 0.010 0.006 0.123 
  20   (0.029) 0.005 0.008 0.005 0.045 
  21   (0.030) 0.005 0.008 0.005 0.046 

Locus 35 : locus35 
21 alleles
0.0% missing data
   1   (0.039) 0.087 0.011 0.009 0.009 
   2   (0.054) 0.064 0.015 0.037 0.013 
   3   (0.067) 0.197 0.019 0.017 0.092 
   4   (0.066) 0.119 0.018 0.014 0.169 
   5   (0.048) 0.050 0.014 0.050 0.012 
   6   (0.042) 0.141 0.012 0.010 0.010 
   7   (0.096) 0.147 0.062 0.023 0.290 
   8   (0.055) 0.067 0.015 0.118 0.013 
   9   (0.070) 0.047 0.020 0.285 0.017 
  10   (0.043) 0.011 0.012 0.368 0.010 
  11   (0.036) 0.006 0.190 0.006 0.008 
  12   (0.032) 0.005 0.045 0.005 0.008 
  13   (0.043) 0.007 0.120 0.007 0.010 
  14   (0.047) 0.008 0.049 0.008 0.050 
  15   (0.042) 0.007 0.120 0.007 0.010 
  16   (0.061) 0.010 0.089 0.010 0.091 
  17   (0.034) 0.006 0.045 0.006 0.008 
  18   (0.034) 0.006 0.046 0.006 0.008 
  19   (0.030) 0.005 0.044 0.005 0.007 
  20   (0.028) 0.005 0.044 0.005 0.007 
  21   (0.030) 0.005 0.008 0.005 0.159 

Locus 36 : locus36 
21 alleles
0.0% missing data
   1   (0.044) 0.204 0.012 0.008 0.010 
   2   (0.027) 0.033 0.008 0.004 0.006 
   3   (0.073) 0.234 0.020 0.098 0.017 
   4   (0.038) 0.059 0.011 0.010 0.009 
   5   (0.109) 0.123 0.030 0.299 0.140 
   6   (0.053) 0.103 0.015 0.054 0.013 
   7   (0.074) 0.106 0.021 0.058 0.055 
   8   (0.030) 0.033 0.008 0.005 0.007 
   9   (0.043) 0.013 0.012 0.166 0.010 
  10   (0.033) 0.009 0.009 0.056 0.008 
  11   (0.062) 0.011 0.017 0.065 0.206 
  12   (0.056) 0.010 0.088 0.064 0.013 
  13   (0.033) 0.006 0.009 0.060 0.008 
  14   (0.032) 0.006 0.081 0.005 0.008 
  15   (0.041) 0.007 0.191 0.007 0.010 
  16   (0.036) 0.006 0.155 0.006 0.008 
  17   (0.057) 0.010 0.160 0.009 0.051 
  18   (0.054) 0.009 0.087 0.009 0.165 
  19   (0.034) 0.006 0.046 0.005 0.008 
  20   (0.038) 0.007 0.011 0.006 0.200 
  21   (0.034) 0.006 0.009 0.006 0.046 

Locus 37 : locus37 
24 alleles
0.0% missing data
   1   (0.054) 0.082 0.051 0.019 0.013 
   2   (0.049) 0.170 0.049 0.014 0.011 
   3   (0.037) 0.197 0.011 0.010 0.009 
   4   (0.073) 0.124 0.056 0.012 0.246 
   5   (0.054) 0.119 0.015 0.011 0.051 
   6   (0.049) 0.092 0.050 0.008 0.012 
   7   (0.062) 0.091 0.199 0.014 0.015 
   8   (0.064) 0.011 0.126 0.149 0.015 
   9   (0.029) 0.005 0.008 0.033 0.007 
  10   (0.039) 0.013 0.011 0.249 0.009 
  11   (0.027) 0.006 0.008 0.086 0.006 
  12   (0.034) 0.007 0.010 0.115 0.008 
  13   (0.046) 0.011 0.049 0.088 0.011 
  14   (0.050) 0.009 0.159 0.036 0.012 
  15   (0.027) 0.008 0.008 0.056 0.006 
  16   (0.034) 0.010 0.009 0.057 0.008 
  17   (0.031) 0.005 0.045 0.005 0.007 
  18   (0.042) 0.007 0.048 0.007 0.087 
  19   (0.046) 0.008 0.048 0.008 0.164 
  20   (0.028) 0.005 0.008 0.005 0.083 
  21   (0.033) 0.006 0.009 0.005 0.046 
  22   (0.026) 0.004 0.007 0.004 0.082 
  23   (0.032) 0.005 0.009 0.005 0.046 
  24   (0.033) 0.006 0.009 0.005 0.046 

Locus 38 : locus38 
21 alleles
0.0% missing data
   1   (0.045) 0.113 0.012 0.012 0.011 
   2   (0.048) 0.145 0.013 0.009 0.011 
   3   (0.048) 0.199 0.013 0.011 0.011 
   4   (0.059) 0.060 0.053 0.015 0.014 
   5   (0.046) 0.137 0.013 0.016 0.011 
   6   (0.055) 0.146 0.015 0.011 0.051 
   7   (0.040) 0.062 0.011 0.007 0.010 
   8   (0.040) 0.010 0.011 0.255 0.009 
   9   (0.069) 0.023 0.019 0.083 0.131 
  10   (0.055) 0.009 0.015 0.149 0.051 
  11   (0.039) 0.008 0.011 0.144 0.009 
  12   (0.042) 0.013 0.012 0.169 0.010 
  13   (0.036) 0.010 0.010 0.058 0.008 
  14   (0.041) 0.007 0.264 0.007 0.010 
  15   (0.044) 0.007 0.084 0.007 0.010 
  16   (0.036) 0.006 0.154 0.006 0.009 
  17   (0.059) 0.010 0.088 0.010 0.090 
  18   (0.065) 0.011 0.090 0.011 0.283 
  19   (0.057) 0.010 0.088 0.009 0.051 
  20   (0.041) 0.007 0.011 0.007 0.124 
  21   (0.037) 0.006 0.010 0.006 0.085 

Locus 39 : locus39 
18 alleles
0.0% missing data
   1   (0.076) 0.174 0.021 0.017 0.094 
   2   (0.065) 0.256 0.054 0.016 0.015 
   3   (0.066) 0.147 0.090 0.013 0.015 
   4   (0.074) 0.061 0.020 0.018 0.247 
   5   (0.032) 0.033 0.009 0.005 0.008 
   6   (0.050) 0.036 0.086 0.008 0.012 
   7   (0.039) 0.113 0.011 0.011 0.009 
   8   (0.054) 0.059 0.051 0.014 0.013 
   9   (0.043) 0.010 0.012 0.368 0.010 
  10   (0.075) 0.017 0.165 0.175 0.018 
  11   (0.084) 0.021 0.059 0.062 0.211 
  12   (0.056) 0.014 0.088 0.060 0.013 
  13   (0.036) 0.010 0.010 0.058 0.008 
  14   (0.031) 0.005 0.009 0.061 0.007 
  15   (0.082) 0.014 0.095 0.041 0.134 
  16   (0.061) 0.016 0.161 0.060 0.014 
  17   (0.033) 0.006 0.045 0.006 0.008 
  18   (0.042) 0.007 0.012 0.007 0.163 

Locus 40 : locus40 
24 alleles
0.0% missing data
   1   (0.041) 0.115 0.011 0.009 0.010 
   2   (0.036) 0.034 0.010 0.006 0.008 
   3   (0.075) 0.293 0.021 0.259 0.018 
   4   (0.047) 0.081 0.013 0.046 0.011 
   5   (0.048) 0.099 0.013 0.055 0.012 
   6   (0.055) 0.048 0.016 0.194 0.013 
   7   (0.046) 0.138 0.013 0.015 0.011 
   8   (0.029) 0.032 0.008 0.005 0.007 
   9   (0.059) 0.056 0.016 0.186 0.014 
  10   (0.034) 0.013 0.010 0.082 0.008 
  11   (0.029) 0.005 0.008 0.033 0.007 
  12   (0.030) 0.005 0.008 0.033 0.007 
  13   (0.059) 0.010 0.197 0.010 0.052 
  14   (0.028) 0.005 0.044 0.005 0.007 
  15   (0.035) 0.006 0.118 0.006 0.008 
  16   (0.058) 0.010 0.305 0.010 0.051 
  17   (0.060) 0.010 0.053 0.010 0.129 
  18   (0.036) 0.006 0.082 0.006 0.009 
  19   (0.028) 0.005 0.008 0.005 0.045 
  20   (0.028) 0.005 0.008 0.005 0.045 
  21   (0.044) 0.008 0.012 0.007 0.240 
  22   (0.033) 0.006 0.009 0.005 0.046 
  23   (0.038) 0.006 0.010 0.006 0.200 
  24   (0.026) 0.004 0.007 0.004 0.044 

Locus 41 : locus41 
15 alleles
0.0% missing data
   1   (0.042) 0.144 0.012 0.010 0.010 
   2   (0.083) 0.163 0.023 0.197 0.020 
   3   (0.075) 0.176 0.021 0.017 0.132 
   4   (0.078) 0.122 0.022 0.016 0.286 
   5   (0.038) 0.034 0.011 0.006 0.009 
   6   (0.079) 0.056 0.095 0.054 0.019 
   7   (0.111) 0.151 0.139 0.026 0.141 
   8   (0.120) 0.080 0.033 0.402 0.142 
   9   (0.063) 0.011 0.162 0.038 0.015 
  10   (0.099) 0.021 0.099 0.151 0.137 
  11   (0.062) 0.016 0.089 0.060 0.015 
  12   (0.037) 0.006 0.083 0.006 0.009 
  13   (0.039) 0.007 0.155 0.007 0.009 
  14   (0.037) 0.006 0.046 0.006 0.009 
  15   (0.037) 0.006 0.010 0.006 0.047 

Locus 42 : locus42 
27 alleles
0.0% missing data
   1   (0.044) 0.147 0.012 0.008 0.010 
   2   (0.032) 0.034 0.009 0.005 0.007 
   3   (0.053) 0.122 0.015 0.008 0.050 
   4   (0.026) 0.033 0.007 0.004 0.006 
   5   (0.040) 0.227 0.011 0.012 0.010 
   6   (0.051) 0.102 0.014 0.054 0.012 
   7   (0.051) 0.091 0.014 0.011 0.050 
   8   (0.053) 0.061 0.015 0.013 0.051 
   9   (0.030) 0.059 0.008 0.008 0.007 
  10   (0.033) 0.006 0.009 0.032 0.008 
  11   (0.031) 0.005 0.009 0.060 0.007 
  12   (0.042) 0.009 0.012 0.142 0.010 
  13   (0.034) 0.011 0.009 0.110 0.008 
  14   (0.046) 0.014 0.013 0.356 0.011 
  15   (0.026) 0.007 0.007 0.056 0.006 
  16   (0.030) 0.005 0.008 0.032 0.007 
  17   (0.035) 0.006 0.010 0.033 0.008 
  18   (0.039) 0.007 0.336 0.006 0.009 
  19   (0.037) 0.006 0.155 0.006 0.009 
  20   (0.026) 0.004 0.079 0.004 0.006 
  21   (0.032) 0.006 0.045 0.005 0.008 
  22   (0.029) 0.005 0.080 0.005 0.007 
  23   (0.039) 0.007 0.082 0.006 0.009 
  24   (0.038) 0.007 0.011 0.006 0.162 
  25   (0.036) 0.006 0.010 0.006 0.314 
  26   (0.030) 0.005 0.008 0.005 0.122 
  27   (0.036) 0.006 0.010 0.006 0.084 

Locus 43 : locus43 
17 alleles
0.0% missing data
   1   (0.064) 0.080 0.018 0.081 0.015 
   2   (0.084) 0.372 0.023 0.180 0.020 
   3   (0.083) 0.214 0.023 0.229 0.020 
   4   (0.139) 0.222 0.039 0.185 0.224 
   5   (0.059) 0.010 0.016 0.038 0.167 
   6   (0.045) 0.011 0.013 0.089 0.011 
   7   (0.066) 0.014 0.018 0.121 0.054 
   8   (0.043) 0.007 0.084 0.007 0.010 
   9   (0.062) 0.010 0.089 0.010 0.091 
  10   (0.066) 0.011 0.091 0.011 0.130 
  11   (0.041) 0.007 0.120 0.007 0.010 
  12   (0.036) 0.006 0.046 0.006 0.009 
  13   (0.069) 0.012 0.271 0.012 0.131 
  14   (0.034) 0.006 0.082 0.006 0.008 
  15   (0.040) 0.007 0.047 0.007 0.010 
  16   (0.033) 0.005 0.009 0.005 0.046 
  17   (0.036) 0.006 0.010 0.006 0.046 

Locus 44 : locus44 
20 alleles
0.0% missing data
   1   (0.050) 0.036 0.086 0.008 0.012 
   2   (0.070) 0.147 0.164 0.014 0.017 
   3   (0.061) 0.333 0.017 0.016 0.052 
   4   (0.057) 0.117 0.052 0.012 0.013 
   5   (0.042) 0.087 0.012 0.009 0.010 
   6   (0.032) 0.111 0.009 0.009 0.007 
   7   (0.059) 0.037 0.052 0.010 0.052 
   8   (0.064) 0.016 0.018 0.146 0.206 
   9   (0.085) 0.025 0.059 0.285 0.058 
  10   (0.063) 0.012 0.054 0.234 0.015 
  11   (0.058) 0.013 0.016 0.090 0.090 
  12   (0.066) 0.011 0.199 0.039 0.054 
  13   (0.056) 0.009 0.016 0.037 0.167 
  14   (0.055) 0.014 0.016 0.060 0.128 
  15   (0.037) 0.006 0.082 0.006 0.009 
  16   (0.030) 0.005 0.044 0.005 0.007 
  17   (0.025) 0.004 0.043 0.004 0.006 
  18   (0.029) 0.005 0.044 0.005 0.007 
  19   (0.030) 0.005 0.009 0.005 0.046 
  20   (0.033) 0.006 0.009 0.006 0.046 

Locus 45 : locus45 
20 alleles
0.0% missing data
   1   (0.050) 0.280 0.014 0.013 0.012 
   2   (0.032) 0.057 0.009 0.009 0.008 
   3   (0.045) 0.063 0.049 0.007 0.011 
   4   (0.055) 0.065 0.015 0.009 0.051 
   5   (0.052) 0.335 0.015 0.014 0.012 
   6   (0.029) 0.032 0.008 0.005 0.007 
   7   (0.033) 0.033 0.009 0.005 0.008 
   8   (0.050) 0.012 0.014 0.172 0.012 
   9   (0.052) 0.012 0.014 0.256 0.012 
  10   (0.045) 0.012 0.013 0.283 0.011 
  11   (0.078) 0.013 0.130 0.041 0.094 
  12   (0.028) 0.005 0.008 0.032 0.007 
  13   (0.085) 0.018 0.132 0.093 0.058 
  14   (0.067) 0.011 0.126 0.011 0.092 
  15   (0.073) 0.012 0.237 0.012 0.093 
  16   (0.062) 0.010 0.053 0.010 0.168 
  17   (0.054) 0.009 0.124 0.009 0.050 
  18   (0.040) 0.007 0.011 0.007 0.086 
  19   (0.040) 0.007 0.011 0.006 0.162 
  20   (0.032) 0.005 0.009 0.005 0.046 

Locus 46 : locus46 
19 alleles
0.0% missing data
   1   (0.118) 0.378 0.033 0.104 0.181 
   2   (0.068) 0.114 0.127 0.019 0.016 
   3   (0.075) 0.044 0.021 0.261 0.056 
   4   (0.060) 0.048 0.017 0.083 0.014 
   5   (0.073) 0.062 0.201 0.018 0.017 
   6   (0.074) 0.170 0.128 0.021 0.018 
   7   (0.055) 0.037 0.052 0.009 0.013 
   8   (0.032) 0.033 0.009 0.005 0.008 
   9   (0.051) 0.036 0.050 0.008 0.012 
  10   (0.050) 0.015 0.014 0.281 0.012 
  11   (0.063) 0.016 0.018 0.146 0.091 
  12   (0.037) 0.006 0.118 0.006 0.009 
  13   (0.040) 0.007 0.156 0.007 0.010 
  14   (0.031) 0.005 0.009 0.005 0.045 
  15   (0.038) 0.006 0.011 0.006 0.238 
  16   (0.034) 0.006 0.009 0.006 0.084 
  17   (0.033) 0.006 0.009 0.005 0.084 
  18   (0.033) 0.006 0.009 0.005 0.046 
  19   (0.035) 0.006 0.010 0.006 0.046 

Locus 47 : locus47 
22 alleles
0.0% missing data
   1   (0.036) 0.058 0.010 0.009 0.008 
   2   (0.084) 0.341 0.203 0.020 0.020 
   3   (0.032) 0.061 0.009 0.005 0.007 
   4   (0.065) 0.094 0.271 0.011 0.015 
   5   (0.044) 0.163 0.012 0.017 0.010 
   6   (0.028) 0.032 0.008 0.005 0.007 
   7   (0.058) 0.059 0.197 0.015 0.014 
   8   (0.038) 0.034 0.047 0.006 0.009 
   9   (0.027) 0.032 0.008 0.004 0.006 
  10   (0.060) 0.017 0.017 0.115 0.052 
  11   (0.055) 0.009 0.015 0.037 0.128 
  12   (0.032) 0.008 0.009 0.087 0.008 
  13   (0.059) 0.010 0.016 0.093 0.128 
  14   (0.068) 0.019 0.019 0.255 0.054 
  15   (0.057) 0.014 0.016 0.173 0.052 
  16   (0.050) 0.008 0.014 0.036 0.127 
  17   (0.065) 0.015 0.018 0.090 0.168 
  18   (0.033) 0.006 0.081 0.005 0.008 
  19   (0.031) 0.005 0.009 0.005 0.045 
  20   (0.028) 0.005 0.008 0.004 0.045 
  21   (0.029) 0.005 0.008 0.005 0.045 
  22   (0.021) 0.004 0.006 0.003 0.043 

Locus 48 : locus48 
21 alleles
0.0% missing data
   1   (0.040) 0.062 0.011 0.007 0.010 
   2   (0.056) 0.060 0.087 0.014 0.013 
   3   (0.040) 0.141 0.011 0.010 0.009 
   4   (0.026) 0.115 0.007 0.004 0.006 
   5   (0.042) 0.168 0.012 0.012 0.010 
   6   (0.058) 0.093 0.089 0.009 0.014 
   7   (0.038) 0.193 0.010 0.012 0.009 
   8   (0.053) 0.036 0.196 0.009 0.013 
   9   (0.042) 0.011 0.012 0.143 0.010 
  10   (0.082) 0.014 0.094 0.070 0.134 
  11   (0.042) 0.009 0.012 0.117 0.010 
  12   (0.034) 0.007 0.009 0.116 0.008 
  13   (0.054) 0.018 0.015 0.196 0.051 
  14   (0.084) 0.021 0.059 0.147 0.135 
  15   (0.052) 0.009 0.015 0.065 0.089 
  16   (0.028) 0.005 0.008 0.033 0.007 
  17   (0.049) 0.008 0.086 0.008 0.050 
  18   (0.055) 0.009 0.124 0.009 0.051 
  19   (0.026) 0.004 0.043 0.004 0.006 
  20   (0.066) 0.011 0.091 0.011 0.245 
  21   (0.034) 0.006 0.009 0.006 0.122 

Locus 49 : locus49 
20 alleles
0.0% missing data
   1   (0.063) 0.060 0.162 0.016 0.015 
   2   (0.112) 0.313 0.211 0.027 0.103 
   3   (0.055) 0.075 0.015 0.110 0.013 
   4   (0.082) 0.174 0.096 0.019 0.058 
   5   (0.054) 0.088 0.015 0.012 0.051 
   6   (0.087) 0.083 0.096 0.254 0.021 
   7   (0.071) 0.114 0.200 0.019 0.017 
   8   (0.059) 0.010 0.017 0.037 0.205 
   9   (0.038) 0.009 0.011 0.089 0.009 
  10   (0.043) 0.014 0.012 0.252 0.010 
  11   (0.035) 0.010 0.010 0.058 0.008 
  12   (0.032) 0.005 0.009 0.033 0.008 
  13   (0.031) 0.005 0.008 0.033 0.007 
  14   (0.043) 0.007 0.048 0.007 0.049 
  15   (0.033) 0.006 0.045 0.006 0.008 
  16   (0.031) 0.005 0.009 0.005 0.121 
  17   (0.034) 0.006 0.010 0.006 0.123 
  18   (0.033) 0.006 0.009 0.006 0.084 
  19   (0.029) 0.005 0.008 0.005 0.045 
  20   (0.033) 0.005 0.009 0.005 0.046 

Locus 50 : locus50 
20 alleles
0.0% missing data
   1   (0.034) 0.121 0.009 0.005 0.008 
   2   (0.099) 0.230 0.317 0.058 0.023 
   3   (0.048) 0.066 0.013 0.008 0.049 
   4   (0.079) 0.065 0.058 0.018 0.095 
   5   (0.094) 0.204 0.062 0.027 0.060 
   6   (0.080) 0.100 0.022 0.039 0.134 
   7   (0.100) 0.095 0.028 0.184 0.139 
   8   (0.048) 0.037 0.013 0.008 0.049 
   9   (0.040) 0.013 0.011 0.162 0.009 
  10   (0.037) 0.009 0.010 0.436 0.009 
  11   (0.036) 0.006 0.082 0.006 0.009 
  12   (0.035) 0.006 0.082 0.006 0.008 
  13   (0.042) 0.007 0.120 0.007 0.010 
  14   (0.043) 0.008 0.084 0.007 0.010 
  15   (0.027) 0.005 0.044 0.004 0.007 
  16   (0.039) 0.007 0.011 0.006 0.085 
  17   (0.033) 0.006 0.009 0.005 0.161 
  18   (0.026) 0.005 0.007 0.004 0.044 
  19   (0.034) 0.006 0.009 0.005 0.046 
  20   (0.025) 0.004 0.007 0.004 0.044 

Locus 51 : locus51 
20 alleles
0.0% missing data
   1   (0.080) 0.308 0.022 0.219 0.019 
   2   (0.036) 0.088 0.010 0.008 0.009 
   3   (0.041) 0.035 0.011 0.007 0.010 
   4   (0.073) 0.147 0.020 0.100 0.017 
   5   (0.090) 0.148 0.025 0.270 0.021 
   6   (0.036) 0.059 0.010 0.009 0.008 
   7   (0.039) 0.063 0.011 0.006 0.009 
   8   (0.067) 0.060 0.019 0.266 0.016 
   9   (0.037) 0.006 0.010 0.034 0.009 
  10   (0.046) 0.008 0.230 0.007 0.011 
  11   (0.045) 0.008 0.121 0.007 0.011 
  12   (0.036) 0.006 0.082 0.006 0.008 
  13   (0.057) 0.010 0.052 0.009 0.167 
  14   (0.040) 0.007 0.155 0.006 0.009 
  15   (0.035) 0.006 0.046 0.006 0.008 
  16   (0.054) 0.009 0.051 0.009 0.051 
  17   (0.062) 0.011 0.089 0.010 0.130 
  18   (0.044) 0.008 0.012 0.007 0.201 
  19   (0.041) 0.007 0.011 0.007 0.239 
  20   (0.041) 0.007 0.011 0.007 0.047 

Locus 52 : locus52 
17 alleles
0.0% missing data
   1   (0.078) 0.222 0.022 0.163 0.018 
   2   (0.056) 0.144 0.016 0.042 0.013 
   3   (0.037) 0.063 0.010 0.006 0.009 
   4   (0.101) 0.121 0.063 0.025 0.292 
   5   (0.072) 0.111 0.020 0.106 0.017 
   6   (0.101) 0.095 0.028 0.162 0.139 
   7   (0.049) 0.037 0.050 0.008 0.011 
   8   (0.090) 0.065 0.097 0.185 0.021 
   9   (0.055) 0.038 0.015 0.009 0.051 
  10   (0.032) 0.034 0.009 0.005 0.008 
  11   (0.061) 0.018 0.089 0.113 0.014 
  12   (0.036) 0.006 0.010 0.033 0.008 
  13   (0.068) 0.018 0.127 0.059 0.016 
  14   (0.038) 0.007 0.011 0.061 0.009 
  15   (0.042) 0.007 0.301 0.007 0.010 
  16   (0.043) 0.007 0.120 0.007 0.010 
  17   (0.043) 0.008 0.012 0.007 0.354 

Locus 53 : locus53 
18 alleles
0.0% missing data
   1   (0.062) 0.204 0.017 0.041 0.015 
   2   (0.110) 0.096 0.284 0.163 0.026 
   3   (0.036) 0.059 0.010 0.009 0.009 
   4   (0.081) 0.093 0.059 0.128 0.019 
   5   (0.080) 0.112 0.058 0.109 0.019 
   6   (0.041) 0.143 0.011 0.010 0.010 
   7   (0.116) 0.176 0.212 0.167 0.027 
   8   (0.103) 0.046 0.137 0.017 0.292 
   9   (0.044) 0.012 0.012 0.195 0.010 
  10   (0.039) 0.009 0.011 0.087 0.009 
  11   (0.035) 0.006 0.010 0.033 0.008 
  12   (0.031) 0.005 0.045 0.005 0.007 
  13   (0.032) 0.006 0.045 0.005 0.008 
  14   (0.048) 0.008 0.050 0.008 0.050 
  15   (0.041) 0.007 0.011 0.007 0.238 
  16   (0.043) 0.007 0.012 0.007 0.163 
  17   (0.032) 0.006 0.009 0.005 0.046 
  18   (0.026) 0.004 0.007 0.004 0.044 

Locus 54 : locus54 
15 alleles
0.0% missing data
   1   (0.100) 0.209 0.064 0.019 0.139 
   2   (0.109) 0.102 0.103 0.184 0.026 
   3   (0.077) 0.115 0.021 0.021 0.210 
   4   (0.084) 0.069 0.060 0.126 0.020 
   5   (0.059) 0.090 0.017 0.013 0.052 
   6   (0.128) 0.120 0.035 0.257 0.220 
   7   (0.084) 0.136 0.023 0.058 0.058 
   8   (0.068) 0.109 0.019 0.106 0.016 
   9   (0.041) 0.008 0.012 0.174 0.010 
  10   (0.044) 0.007 0.157 0.007 0.010 
  11   (0.044) 0.007 0.337 0.007 0.010 
  12   (0.031) 0.005 0.045 0.005 0.007 
  13   (0.061) 0.011 0.053 0.010 0.128 
  14   (0.033) 0.006 0.045 0.005 0.008 
  15   (0.037) 0.006 0.010 0.006 0.085 

Locus 55 : locus55 
22 alleles
0.0% missing data
   1   (0.047) 0.188 0.013 0.016 0.011 
   2   (0.024) 0.031 0.007 0.004 0.006 
   3   (0.040) 0.056 0.011 0.011 0.009 
   4   (0.052) 0.079 0.014 0.048 0.012 
   5   (0.041) 0.112 0.011 0.009 0.010 
   6   (0.081) 0.088 0.058 0.135 0.019 
   7   (0.078) 0.049 0.058 0.089 0.019 
   8   (0.053) 0.053 0.015 0.105 0.013 
   9   (0.051) 0.062 0.050 0.009 0.012 
  10   (0.037) 0.190 0.010 0.011 0.009 
  11   (0.038) 0.009 0.011 0.147 0.009 
  12   (0.063) 0.016 0.053 0.120 0.015 
  13   (0.057) 0.011 0.052 0.152 0.013 
  14   (0.050) 0.008 0.122 0.037 0.012 
  15   (0.027) 0.004 0.007 0.062 0.006 
  16   (0.043) 0.007 0.301 0.007 0.010 
  17   (0.039) 0.006 0.119 0.006 0.009 
  18   (0.056) 0.009 0.051 0.009 0.128 
  19   (0.031) 0.005 0.008 0.005 0.313 
  20   (0.027) 0.004 0.008 0.005 0.121 
  21   (0.037) 0.006 0.010 0.006 0.123 
  22   (0.030) 0.005 0.008 0.005 0.122 

Locus 56 : locus56 
18 alleles
0.0% missing data
   1   (0.084) 0.434 0.059 0.082 0.020 
   2   (0.037) 0.033 0.010 0.006 0.009 
   3   (0.109) 0.163 0.138 0.178 0.026 
   4   (0.077) 0.040 0.057 0.186 0.018 
   5   (0.099) 0.123 0.064 0.133 0.023 
   6   (0.034) 0.032 0.010 0.006 0.008 
   7   (0.034) 0.060 0.009 0.006 0.008 
   8   (0.045) 0.010 0.012 0.091 0.011 
   9   (0.071) 0.019 0.020 0.119 0.131 
  10   (0.066) 0.017 0.018 0.063 0.131 
  11   (0.076) 0.024 0.021 0.086 0.171 
  12   (0.040) 0.007 0.155 0.007 0.010 
  13   (0.045) 0.007 0.374 0.008 0.011 
  14   (0.040) 0.007 0.011 0.007 0.162 
  15   (0.043) 0.007 0.012 0.007 0.086 
  16   (0.035) 0.006 0.010 0.006 0.047 
  17   (0.035) 0.006 0.010 0.006 0.084 
  18   (0.030) 0.005 0.009 0.005 0.045 

Locus 57 : locus57 
17 alleles
0.0% missing data
   1   (0.134) 0.149 0.037 0.260 0.223 
   2   (0.078) 0.197 0.129 0.015 0.018 
   3   (0.066) 0.037 0.018 0.011 0.168 
   4   (0.073) 0.038 0.382 0.012 0.017 
   5   (0.074) 0.267 0.056 0.024 0.017 
   6   (0.056) 0.214 0.016 0.017 0.013 
   7   (0.041) 0.011 0.012 0.061 0.010 
   8   (0.046) 0.009 0.013 0.123 0.011 
   9   (0.082) 0.019 0.023 0.154 0.172 
  10   (0.043) 0.008 0.012 0.152 0.010 
  11   (0.067) 0.011 0.019 0.070 0.207 
  12   (0.039) 0.006 0.011 0.065 0.009 
  13   (0.045) 0.007 0.121 0.008 0.011 
  14   (0.042) 0.007 0.084 0.007 0.010 
  15   (0.036) 0.006 0.046 0.006 0.009 
  16   (0.038) 0.006 0.011 0.007 0.047 
  17   (0.040) 0.007 0.011 0.007 0.048 

Locus 58 : locus58 
18 alleles
0.0% missing data
   1   (0.064) 0.147 0.018 0.015 0.053 
   2   (0.066) 0.177 0.054 0.014 0.016 
   3   (0.072) 0.097 0.200 0.012 0.017 
   4   (0.079) 0.085 0.058 0.025 0.057 
   5   (0.060) 0.066 0.017 0.010 0.090 
   6   (0.037) 0.059 0.010 0.010 0.009 
   7   (0.077) 0.118 0.022 0.020 0.210 
   8   (0.059) 0.120 0.017 0.012 0.090 
   9   (0.064) 0.039 0.235 0.010 0.015 
  10   (0.039) 0.007 0.011 0.061 0.009 
  11   (0.059) 0.016 0.017 0.059 0.052 
  12   (0.042) 0.009 0.012 0.224 0.010 
  13   (0.060) 0.010 0.017 0.037 0.205 
  14   (0.084) 0.022 0.023 0.226 0.135 
  15   (0.039) 0.011 0.011 0.249 0.009 
  16   (0.034) 0.006 0.117 0.005 0.008 
  17   (0.033) 0.006 0.117 0.005 0.008 
  18   (0.032) 0.006 0.045 0.005 0.008 

Locus 59 : locus59 
22 alleles
0.0% missing data
   1   (0.077) 0.255 0.093 0.020 0.018 
   2   (0.030) 0.033 0.008 0.005 0.007 
   3   (0.032) 0.033 0.009 0.005 0.008 
   4   (0.052) 0.037 0.087 0.008 0.012 
   5   (0.047) 0.171 0.013 0.011 0.011 
   6   (0.085) 0.123 0.349 0.017 0.020 
   7   (0.044) 0.198 0.012 0.011 0.010 
   8   (0.059) 0.037 0.016 0.010 0.244 
   9   (0.043) 0.013 0.012 0.280 0.010 
  10   (0.036) 0.006 0.010 0.034 0.008 
  11   (0.070) 0.014 0.056 0.148 0.017 
  12   (0.035) 0.006 0.010 0.033 0.008 
  13   (0.037) 0.009 0.010 0.087 0.009 
  14   (0.046) 0.012 0.013 0.225 0.011 
  15   (0.030) 0.005 0.009 0.033 0.007 
  16   (0.048) 0.008 0.049 0.035 0.011 
  17   (0.030) 0.005 0.044 0.005 0.007 
  18   (0.034) 0.006 0.046 0.006 0.008 
  19   (0.041) 0.007 0.119 0.007 0.010 
  20   (0.045) 0.008 0.013 0.007 0.201 
  21   (0.037) 0.006 0.010 0.006 0.199 
  22   (0.041) 0.007 0.011 0.007 0.162 

Locus 60 : locus60 
20 alleles
0.0% missing data
   1   (0.051) 0.230 0.014 0.010 0.012 
   2   (0.046) 0.115 0.013 0.013 0.011 
   3   (0.078) 0.176 0.022 0.017 0.056 
   4   (0.042) 0.117 0.012 0.009 0.010 
   5   (0.047) 0.146 0.013 0.009 0.011 
   6   (0.049) 0.084 0.013 0.016 0.011 
   7   (0.043) 0.011 0.012 0.170 0.010 
   8   (0.053) 0.014 0.015 0.197 0.012 
   9   (0.070) 0.018 0.019 0.392 0.016 
  10   (0.067) 0.012 0.019 0.038 0.284 
  11   (0.058) 0.010 0.016 0.037 0.052 
  12   (0.037) 0.006 0.010 0.034 0.009 
  13   (0.051) 0.009 0.231 0.008 0.012 
  14   (0.047) 0.008 0.085 0.008 0.011 
  15   (0.040) 0.007 0.047 0.006 0.009 
  16   (0.042) 0.007 0.228 0.007 0.010 
  17   (0.041) 0.007 0.120 0.007 0.010 
  18   (0.040) 0.007 0.083 0.006 0.009 
  19   (0.046) 0.008 0.013 0.007 0.240 
  20   (0.052) 0.009 0.014 0.008 0.204 

Locus 61 : locus61 
22 alleles
0.0% missing data
   1   (0.063) 0.120 0.018 0.013 0.091 
   2   (0.069) 0.141 0.020 0.021 0.054 
   3   (0.062) 0.210 0.017 0.089 0.015 
   4   (0.058) 0.070 0.016 0.170 0.014 
   5   (0.039) 0.035 0.011 0.006 0.009 
   6   (0.064) 0.138 0.018 0.133 0.015 
   7   (0.039) 0.146 0.011 0.008 0.009 
   8   (0.031) 0.033 0.009 0.005 0.007 
   9   (0.037) 0.010 0.010 0.141 0.009 
  10   (0.030) 0.006 0.008 0.142 0.007 
  11   (0.042) 0.010 0.012 0.169 0.010 
  12   (0.031) 0.005 0.009 0.033 0.007 
  13   (0.039) 0.007 0.191 0.006 0.009 
  14   (0.063) 0.011 0.162 0.010 0.053 
  15   (0.033) 0.006 0.081 0.005 0.008 
  16   (0.035) 0.006 0.046 0.006 0.008 
  17   (0.036) 0.006 0.154 0.006 0.008 
  18   (0.062) 0.011 0.053 0.010 0.168 
  19   (0.052) 0.009 0.050 0.009 0.089 
  20   (0.037) 0.007 0.083 0.006 0.009 
  21   (0.039) 0.007 0.011 0.006 0.238 
  22   (0.036) 0.006 0.010 0.006 0.162 

Locus 62 : locus62 
21 alleles
0.0% missing data
   1   (0.062) 0.147 0.089 0.012 0.015 
   2   (0.096) 0.264 0.135 0.071 0.023 
   3   (0.092) 0.166 0.134 0.170 0.022 
   4   (0.031) 0.033 0.009 0.005 0.007 
   5   (0.038) 0.058 0.010 0.010 0.009 
   6   (0.073) 0.128 0.057 0.091 0.017 
   7   (0.095) 0.101 0.099 0.181 0.022 
   8   (0.053) 0.014 0.015 0.144 0.050 
   9   (0.051) 0.009 0.086 0.036 0.012 
  10   (0.039) 0.014 0.011 0.083 0.009 
  11   (0.033) 0.009 0.009 0.058 0.008 
  12   (0.037) 0.006 0.010 0.090 0.009 
  13   (0.033) 0.006 0.118 0.005 0.008 
  14   (0.031) 0.005 0.045 0.005 0.007 
  15   (0.037) 0.006 0.046 0.006 0.009 
  16   (0.028) 0.005 0.044 0.005 0.007 
  17   (0.031) 0.005 0.045 0.005 0.008 
  18   (0.032) 0.006 0.009 0.005 0.275 
  19   (0.039) 0.007 0.011 0.007 0.277 
  20   (0.034) 0.006 0.010 0.006 0.084 
  21   (0.035) 0.006 0.010 0.006 0.122 

Locus 63 : locus63 
19 alleles
0.0% missing data
   1   (0.038) 0.035 0.011 0.006 0.009 
   2   (0.066) 0.244 0.018 0.057 0.016 
   3   (0.059) 0.065 0.016 0.065 0.014 
   4   (0.094) 0.224 0.098 0.059 0.022 
   5   (0.061) 0.124 0.088 0.010 0.014 
   6   (0.066) 0.080 0.018 0.109 0.016 
   7   (0.079) 0.064 0.202 0.018 0.019 
   8   (0.069) 0.062 0.200 0.017 0.016 
   9   (0.042) 0.010 0.012 0.168 0.010 
  10   (0.040) 0.010 0.011 0.086 0.010 
  11   (0.048) 0.011 0.013 0.116 0.011 
  12   (0.041) 0.010 0.011 0.168 0.010 
  13   (0.052) 0.019 0.014 0.081 0.012 
  14   (0.066) 0.011 0.091 0.011 0.359 
  15   (0.036) 0.006 0.082 0.006 0.008 
  16   (0.034) 0.006 0.082 0.005 0.008 
  17   (0.047) 0.008 0.013 0.008 0.317 
  18   (0.030) 0.005 0.008 0.005 0.045 
  19   (0.033) 0.006 0.009 0.005 0.084 

Locus 64 : locus64 
17 alleles
0.0% missing data
   1   (0.077) 0.121 0.129 0.016 0.018 
   2   (0.046) 0.173 0.013 0.009 0.011 
   3   (0.068) 0.137 0.019 0.078 0.016 
   4   (0.125) 0.203 0.252 0.116 0.030 
   5   (0.087) 0.042 0.096 0.126 0.020 
   6   (0.090) 0.060 0.133 0.137 0.021 
   7   (0.115) 0.183 0.177 0.105 0.027 
   8   (0.041) 0.012 0.012 0.113 0.010 
   9   (0.040) 0.011 0.011 0.058 0.009 
  10   (0.037) 0.006 0.010 0.062 0.009 
  11   (0.040) 0.011 0.011 0.143 0.009 
  12   (0.040) 0.007 0.083 0.007 0.009 
  13   (0.047) 0.008 0.013 0.008 0.546 
  14   (0.040) 0.007 0.011 0.006 0.086 
  15   (0.040) 0.007 0.011 0.007 0.086 
  16   (0.034) 0.006 0.010 0.006 0.046 
  17   (0.032) 0.005 0.009 0.005 0.046 

Locus 65 : locus65 
20 alleles
0.0% missing data
   1   (0.045) 0.180 0.013 0.007 0.011 
   2   (0.051) 0.052 0.014 0.048 0.012 
   3   (0.041) 0.261 0.011 0.010 0.010 
   4   (0.048) 0.178 0.013 0.010 0.011 
   5   (0.079) 0.057 0.094 0.053 0.019 
   6   (0.077) 0.102 0.021 0.251 0.018 
   7   (0.030) 0.034 0.008 0.005 0.007 
   8   (0.039) 0.011 0.011 0.056 0.009 
   9   (0.105) 0.029 0.246 0.195 0.025 
  10   (0.084) 0.020 0.168 0.169 0.020 
  11   (0.046) 0.012 0.013 0.139 0.011 
  12   (0.047) 0.008 0.121 0.007 0.011 
  13   (0.037) 0.007 0.046 0.006 0.009 
  14   (0.043) 0.008 0.121 0.007 0.010 
  15   (0.035) 0.006 0.046 0.005 0.008 
  16   (0.046) 0.008 0.013 0.007 0.393 
  17   (0.042) 0.007 0.012 0.007 0.086 
  18   (0.035) 0.006 0.010 0.006 0.084 
  19   (0.041) 0.007 0.011 0.007 0.200 
  20   (0.028) 0.005 0.008 0.004 0.045 

Locus 66 : locus66 
24 alleles
0.0% missing data
   1   (0.060) 0.338 0.017 0.016 0.052 
   2   (0.066) 0.170 0.019 0.018 0.169 
   3   (0.062) 0.052 0.017 0.052 0.053 
   4   (0.036) 0.057 0.010 0.009 0.008 
   5   (0.031) 0.033 0.009 0.005 0.007 
   6   (0.043) 0.035 0.012 0.035 0.010 
   7   (0.078) 0.112 0.022 0.080 0.095 
   8   (0.063) 0.038 0.017 0.010 0.321 
   9   (0.072) 0.068 0.020 0.039 0.093 
  10   (0.038) 0.010 0.010 0.365 0.009 
  11   (0.061) 0.014 0.017 0.201 0.091 
  12   (0.032) 0.005 0.009 0.033 0.008 
  13   (0.038) 0.014 0.011 0.082 0.009 
  14   (0.028) 0.005 0.080 0.005 0.007 
  15   (0.032) 0.006 0.081 0.005 0.008 
  16   (0.027) 0.005 0.116 0.005 0.006 
  17   (0.027) 0.005 0.080 0.004 0.006 
  18   (0.030) 0.005 0.044 0.005 0.007 
  19   (0.032) 0.005 0.081 0.005 0.008 
  20   (0.026) 0.004 0.043 0.004 0.006 
  21   (0.033) 0.006 0.045 0.006 0.008 
  22   (0.029) 0.005 0.044 0.005 0.007 
  23   (0.027) 0.005 0.152 0.004 0.006 
  24   (0.029) 0.005 0.044 0.005 0.007 

Locus 67 : locus67 
21 alleles
0.0% missing data
   1   (0.048) 0.044 0.013 0.085 0.011 
   2   (0.066) 0.129 0.018 0.144 0.016 
   3   (0.051) 0.380 0.014 0.013 0.012 
   4   (0.047) 0.109 0.013 0.014 0.011 
   5   (0.078) 0.057 0.022 0.283 0.018 
   6   (0.041) 0.137 0.012 0.011 0.010 
   7   (0.033) 0.032 0.009 0.006 0.008 
   8   (0.044) 0.010 0.012 0.091 0.010 
   9   (0.079) 0.017 0.022 0.096 0.248 
  10   (0.058) 0.009 0.124 0.039 0.014 
  11   (0.054) 0.009 0.015 0.038 0.089 
  12   (0.038) 0.009 0.011 0.091 0.009 
  13   (0.063) 0.010 0.054 0.040 0.053 
  14   (0.038) 0.006 0.083 0.006 0.009 
  15   (0.038) 0.006 0.154 0.006 0.009 
  16   (0.042) 0.007 0.156 0.007 0.010 
  17   (0.033) 0.006 0.046 0.006 0.008 
  18   (0.036) 0.006 0.046 0.006 0.009 
  19   (0.043) 0.007 0.157 0.007 0.010 
  20   (0.032) 0.005 0.009 0.005 0.122 
  21   (0.038) 0.006 0.011 0.007 0.314 

Locus 68 : locus68 
19 alleles
0.0% missing data
   1   (0.093) 0.209 0.098 0.019 0.098 
   2   (0.056) 0.038 0.124 0.009 0.013 
   3   (0.064) 0.202 0.018 0.016 0.053 
   4   (0.030) 0.033 0.008 0.005 0.007 
   5   (0.108) 0.087 0.211 0.032 0.178 
   6   (0.093) 0.119 0.134 0.024 0.099 
   7   (0.082) 0.094 0.095 0.017 0.134 
   8   (0.033) 0.090 0.010 0.005 0.008 
   9   (0.053) 0.037 0.015 0.009 0.165 
  10   (0.039) 0.010 0.011 0.140 0.009 
  11   (0.033) 0.008 0.009 0.085 0.008 
  12   (0.053) 0.013 0.015 0.088 0.051 
  13   (0.035) 0.007 0.010 0.142 0.008 
  14   (0.039) 0.009 0.011 0.114 0.009 
  15   (0.041) 0.008 0.012 0.142 0.010 
  16   (0.047) 0.017 0.013 0.136 0.011 
  17   (0.037) 0.006 0.154 0.006 0.009 
  18   (0.032) 0.006 0.045 0.005 0.008 
  19   (0.030) 0.005 0.008 0.005 0.122 

Locus 69 : locus69 
21 alleles
0.0% missing data
   1   (0.057) 0.052 0.016 0.050 0.014 
   2   (0.054) 0.259 0.015 0.011 0.013 
   3   (0.057) 0.287 0.016 0.013 0.013 
   4   (0.064) 0.059 0.018 0.100 0.015 
   5   (0.058) 0.171 0.016 0.016 0.014 
   6   (0.064) 0.039 0.126 0.010 0.015 
   7   (0.037) 0.009 0.010 0.224 0.009 
   8   (0.052) 0.013 0.014 0.170 0.012 
   9   (0.042) 0.011 0.012 0.058 0.010 
  10   (0.048) 0.013 0.013 0.057 0.011 
  11   (0.048) 0.008 0.013 0.118 0.011 
  12   (0.047) 0.014 0.013 0.112 0.011 
  13   (0.046) 0.008 0.374 0.007 0.011 
  14   (0.044) 0.008 0.120 0.007 0.010 
  15   (0.046) 0.008 0.157 0.007 0.011 
  16   (0.043) 0.007 0.012 0.007 0.239 
  17   (0.041) 0.007 0.011 0.007 0.202 
  18   (0.033) 0.006 0.009 0.005 0.084 
  19   (0.043) 0.007 0.012 0.007 0.125 
  20   (0.037) 0.006 0.010 0.006 0.123 
  21   (0.039) 0.007 0.011 0.006 0.047 

Locus 70 : locus70 
21 alleles
0.0% missing data
   1   (0.044) 0.417 0.012 0.010 0.010 
   2   (0.037) 0.086 0.010 0.008 0.009 
   3   (0.034) 0.088 0.010 0.006 0.008 
   4   (0.033) 0.086 0.009 0.007 0.008 
   5   (0.034) 0.080 0.009 0.013 0.008 
   6   (0.036) 0.057 0.010 0.010 0.009 
   7   (0.037) 0.033 0.010 0.006 0.009 
   8   (0.038) 0.010 0.011 0.143 0.009 
   9   (0.109) 0.026 0.211 0.151 0.102 
  10   (0.044) 0.007 0.012 0.120 0.010 
  11   (0.057) 0.015 0.052 0.145 0.013 
  12   (0.034) 0.010 0.009 0.058 0.008 
  13   (0.047) 0.014 0.013 0.170 0.011 
  14   (0.042) 0.007 0.012 0.092 0.010 
  15   (0.048) 0.008 0.158 0.008 0.011 
  16   (0.076) 0.013 0.202 0.013 0.209 
  17   (0.056) 0.009 0.052 0.009 0.051 
  18   (0.037) 0.006 0.083 0.006 0.009 
  19   (0.059) 0.010 0.052 0.010 0.129 
  20   (0.054) 0.009 0.051 0.009 0.165 
  21   (0.045) 0.008 0.013 0.007 0.202 

Locus 71 : locus71 
20 alleles
0.0% missing data
   1   (0.067) 0.093 0.019 0.180 0.016 
   2   (0.091) 0.256 0.025 0.021 0.289 
   3   (0.111) 0.217 0.031 0.038 0.370 
   4   (0.073) 0.229 0.020 0.127 0.017 
   5   (0.036) 0.088 0.010 0.006 0.008 
   6   (0.047) 0.011 0.013 0.288 0.011 
   7   (0.081) 0.022 0.022 0.118 0.096 
   8   (0.035) 0.006 0.010 0.034 0.008 
   9   (0.038) 0.009 0.011 0.089 0.009 
  10   (0.037) 0.006 0.010 0.035 0.009 
  11   (0.030) 0.005 0.045 0.005 0.007 
  12   (0.044) 0.007 0.265 0.007 0.010 
  13   (0.046) 0.008 0.121 0.008 0.011 
  14   (0.041) 0.007 0.120 0.007 0.010 
  15   (0.034) 0.006 0.046 0.006 0.008 
  16   (0.041) 0.007 0.120 0.007 0.010 
  17   (0.039) 0.007 0.047 0.007 0.009 
  18   (0.038) 0.006 0.047 0.006 0.009 
  19   (0.031) 0.005 0.008 0.005 0.045 
  20   (0.038) 0.006 0.011 0.006 0.047 

Locus 72 : locus72 
19 alleles
0.0% missing data
   1   (0.073) 0.086 0.056 0.050 0.017 
   2   (0.086) 0.226 0.060 0.025 0.059 
   3   (0.067) 0.120 0.163 0.014 0.016 
   4   (0.073) 0.121 0.129 0.014 0.017 
   5   (0.053) 0.065 0.015 0.009 0.051 
   6   (0.079) 0.230 0.202 0.018 0.018 
   7   (0.066) 0.039 0.055 0.011 0.092 
   8   (0.039) 0.012 0.011 0.167 0.009 
   9   (0.042) 0.008 0.012 0.201 0.010 
  10   (0.058) 0.017 0.052 0.114 0.014 
  11   (0.035) 0.008 0.010 0.115 0.008 
  12   (0.052) 0.009 0.051 0.036 0.012 
  13   (0.036) 0.008 0.010 0.115 0.009 
  14   (0.057) 0.020 0.052 0.082 0.013 
  15   (0.030) 0.005 0.081 0.005 0.007 
  16   (0.039) 0.007 0.011 0.006 0.200 
  17   (0.036) 0.006 0.010 0.006 0.162 
  18   (0.043) 0.007 0.012 0.007 0.201 
  19   (0.036) 0.006 0.010 0.006 0.085 

Locus 73 : locus73 
20 alleles
0.0% missing data
   1   (0.051) 0.060 0.086 0.013 0.012 
   2   (0.067) 0.178 0.127 0.013 0.016 
   3   (0.084) 0.127 0.060 0.123 0.020 
   4   (0.054) 0.101 0.015 0.056 0.013 
   5   (0.052) 0.044 0.014 0.111 0.012 
   6   (0.031) 0.033 0.009 0.005 0.007 
   7   (0.042) 0.117 0.012 0.009 0.010 
   8   (0.061) 0.061 0.197 0.015 0.015 
   9   (0.090) 0.129 0.205 0.122 0.021 
  10   (0.034) 0.058 0.010 0.009 0.008 
  11   (0.029) 0.005 0.008 0.032 0.007 
  12   (0.035) 0.014 0.010 0.081 0.008 
  13   (0.080) 0.022 0.023 0.254 0.325 
  14   (0.048) 0.008 0.013 0.035 0.126 
  15   (0.043) 0.008 0.048 0.035 0.010 
  16   (0.048) 0.008 0.013 0.035 0.202 
  17   (0.045) 0.008 0.013 0.035 0.048 
  18   (0.046) 0.008 0.049 0.008 0.049 
  19   (0.029) 0.005 0.080 0.005 0.007 
  20   (0.029) 0.005 0.008 0.005 0.083 

Locus 74 : locus74 
15 alleles
0.0% missing data
   1   (0.096) 0.274 0.063 0.120 0.023 
   2   (0.101) 0.164 0.028 0.202 0.062 
   3   (0.146) 0.092 0.221 0.151 0.188 
   4   (0.040) 0.063 0.011 0.007 0.009 
   5   (0.132) 0.126 0.109 0.167 0.146 
   6   (0.054) 0.037 0.015 0.009 0.128 
   7   (0.059) 0.149 0.016 0.012 0.052 
   8   (0.082) 0.042 0.059 0.041 0.058 
   9   (0.043) 0.011 0.012 0.253 0.010 
  10   (0.083) 0.014 0.276 0.013 0.172 
  11   (0.035) 0.006 0.118 0.006 0.008 
  12   (0.031) 0.005 0.045 0.005 0.007 
  13   (0.032) 0.005 0.009 0.005 0.046 
  14   (0.033) 0.006 0.009 0.005 0.046 
  15   (0.032) 0.005 0.009 0.005 0.046 

Locus 75 : locus75 
29 alleles
0.0% missing data
   1   (0.023) 0.031 0.006 0.004 0.005 
   2   (0.038) 0.086 0.011 0.009 0.009 
   3   (0.041) 0.117 0.011 0.007 0.010 
   4   (0.035) 0.086 0.010 0.008 0.008 
   5   (0.030) 0.220 0.008 0.009 0.007 
   6   (0.032) 0.141 0.009 0.007 0.008 
   7   (0.037) 0.136 0.010 0.013 0.009 
   8   (0.030) 0.032 0.009 0.005 0.007 
   9   (0.033) 0.006 0.009 0.034 0.008 
  10   (0.052) 0.014 0.050 0.115 0.012 
  11   (0.031) 0.005 0.008 0.062 0.007 
  12   (0.034) 0.006 0.010 0.090 0.008 
  13   (0.031) 0.009 0.009 0.199 0.007 
  14   (0.034) 0.006 0.010 0.062 0.008 
  15   (0.032) 0.006 0.009 0.034 0.008 
  16   (0.032) 0.005 0.009 0.062 0.008 
  17   (0.044) 0.019 0.012 0.107 0.011 
  18   (0.027) 0.008 0.007 0.057 0.006 
  19   (0.033) 0.009 0.009 0.058 0.008 
  20   (0.053) 0.009 0.087 0.009 0.127 
  21   (0.027) 0.005 0.080 0.004 0.006 
  22   (0.036) 0.006 0.154 0.006 0.009 
  23   (0.060) 0.010 0.306 0.010 0.052 
  24   (0.027) 0.005 0.116 0.004 0.006 
  25   (0.027) 0.005 0.008 0.005 0.045 
  26   (0.041) 0.007 0.011 0.007 0.354 
  27   (0.029) 0.005 0.008 0.005 0.121 
  28   (0.024) 0.004 0.006 0.004 0.083 
  29   (0.029) 0.005 0.008 0.005 0.045 

Locus 76 : locus76 
18 alleles
0.0% missing data
   1   (0.067) 0.088 0.019 0.015 0.131 
   2   (0.070) 0.193 0.020 0.019 0.054 
   3   (0.078) 0.219 0.022 0.023 0.095 
   4   (0.112) 0.164 0.031 0.064 0.217 
   5   (0.093) 0.066 0.026 0.162 0.060 
   6   (0.061) 0.143 0.017 0.013 0.052 
   7   (0.059) 0.036 0.016 0.010 0.129 
   8   (0.037) 0.007 0.010 0.178 0.009 
   9   (0.040) 0.009 0.011 0.206 0.010 
  10   (0.038) 0.010 0.010 0.059 0.009 
  11   (0.042) 0.014 0.012 0.085 0.010 
  12   (0.065) 0.011 0.018 0.127 0.053 
  13   (0.035) 0.006 0.045 0.006 0.008 
  14   (0.046) 0.008 0.410 0.008 0.011 
  15   (0.040) 0.007 0.084 0.007 0.010 
  16   (0.041) 0.007 0.120 0.007 0.010 
  17   (0.036) 0.006 0.118 0.006 0.009 
  18   (0.040) 0.006 0.011 0.007 0.124 

Locus 77 : locus77 
19 alleles
0.0% missing data
   1   (0.073) 0.160 0.056 0.055 0.017 
   2   (0.060) 0.313 0.017 0.059 0.014 
   3   (0.038) 0.085 0.011 0.009 0.009 
   4   (0.065) 0.059 0.163 0.017 0.015 
   5   (0.034) 0.033 0.010 0.006 0.008 
   6   (0.035) 0.137 0.010 0.009 0.008 
   7   (0.081) 0.060 0.131 0.108 0.019 
   8   (0.079) 0.049 0.130 0.089 0.019 
   9   (0.076) 0.014 0.274 0.183 0.018 
  10   (0.082) 0.016 0.059 0.155 0.096 
  11   (0.057) 0.015 0.016 0.118 0.052 
  12   (0.049) 0.008 0.014 0.037 0.088 
  13   (0.056) 0.015 0.016 0.119 0.089 
  14   (0.047) 0.008 0.049 0.008 0.088 
  15   (0.032) 0.005 0.009 0.005 0.046 
  16   (0.035) 0.006 0.010 0.006 0.161 
  17   (0.032) 0.005 0.009 0.005 0.084 
  18   (0.035) 0.006 0.010 0.006 0.085 
  19   (0.034) 0.006 0.010 0.006 0.084 

Locus 78 : locus78 
15 alleles
0.0% missing data
   1   (0.047) 0.250 0.013 0.013 0.011 
   2   (0.137) 0.051 0.219 0.050 0.262 
   3   (0.043) 0.116 0.012 0.009 0.010 
   4   (0.042) 0.090 0.012 0.007 0.010 
   5   (0.044) 0.116 0.012 0.009 0.010 
   6   (0.041) 0.081 0.011 0.015 0.010 
   7   (0.048) 0.170 0.013 0.011 0.011 
   8   (0.095) 0.016 0.171 0.043 0.099 
   9   (0.079) 0.020 0.022 0.202 0.171 
  10   (0.066) 0.011 0.090 0.095 0.015 
  11   (0.132) 0.030 0.217 0.266 0.108 
  12   (0.076) 0.017 0.021 0.093 0.171 
  13   (0.045) 0.013 0.012 0.169 0.011 
  14   (0.035) 0.006 0.046 0.006 0.008 
  15   (0.069) 0.012 0.128 0.011 0.092 

Locus 79 : locus79 
17 alleles
0.0% missing data
   1   (0.075) 0.083 0.021 0.080 0.056 
   2   (0.056) 0.085 0.016 0.046 0.014 
   3   (0.058) 0.080 0.016 0.078 0.014 
   4   (0.047) 0.315 0.013 0.011 0.011 
   5   (0.042) 0.174 0.012 0.009 0.010 
   6   (0.076) 0.052 0.021 0.084 0.056 
   7   (0.065) 0.059 0.018 0.183 0.015 
   8   (0.032) 0.034 0.009 0.005 0.007 
   9   (0.094) 0.016 0.207 0.042 0.175 
  10   (0.105) 0.035 0.210 0.191 0.063 
  11   (0.044) 0.014 0.012 0.165 0.010 
  12   (0.076) 0.013 0.093 0.039 0.133 
  13   (0.059) 0.010 0.161 0.037 0.014 
  14   (0.037) 0.006 0.082 0.006 0.009 
  15   (0.065) 0.011 0.090 0.011 0.244 
  16   (0.034) 0.006 0.010 0.006 0.084 
  17   (0.036) 0.006 0.010 0.006 0.085 

Locus 80 : locus80 
25 alleles
0.0% missing data
   1   (0.075) 0.412 0.021 0.020 0.132 
   2   (0.037) 0.086 0.010 0.009 0.009 
   3   (0.039) 0.223 0.011 0.009 0.009 
   4   (0.025) 0.031 0.007 0.004 0.006 
   5   (0.033) 0.085 0.009 0.008 0.008 
   6   (0.034) 0.010 0.009 0.115 0.008 
   7   (0.032) 0.005 0.009 0.034 0.008 
   8   (0.037) 0.008 0.010 0.118 0.009 
   9   (0.025) 0.004 0.007 0.033 0.006 
  10   (0.052) 0.018 0.015 0.083 0.050 
  11   (0.072) 0.015 0.056 0.122 0.093 
  12   (0.035) 0.006 0.010 0.063 0.008 
  13   (0.059) 0.013 0.017 0.092 0.205 
  14   (0.053) 0.013 0.087 0.061 0.013 
  15   (0.042) 0.012 0.012 0.115 0.010 
  16   (0.031) 0.005 0.009 0.062 0.007 
  17   (0.029) 0.005 0.044 0.005 0.007 
  18   (0.045) 0.007 0.229 0.008 0.011 
  19   (0.035) 0.006 0.118 0.006 0.008 
  20   (0.035) 0.006 0.154 0.006 0.008 
  21   (0.028) 0.005 0.044 0.005 0.007 
  22   (0.033) 0.006 0.081 0.005 0.008 
  23   (0.048) 0.008 0.013 0.008 0.202 
  24   (0.031) 0.005 0.009 0.005 0.122 
  25   (0.034) 0.006 0.009 0.006 0.046 

Locus 81 : locus81 
24 alleles
0.0% missing data
   1   (0.063) 0.282 0.018 0.014 0.091 
   2   (0.040) 0.195 0.011 0.011 0.009 
   3   (0.051) 0.064 0.014 0.008 0.050 
   4   (0.054) 0.064 0.015 0.037 0.013 
   5   (0.050) 0.062 0.014 0.065 0.012 
   6   (0.039) 0.103 0.011 0.019 0.009 
   7   (0.049) 0.035 0.050 0.008 0.012 
   8   (0.057) 0.082 0.016 0.048 0.014 
   9   (0.043) 0.014 0.012 0.198 0.010 
  10   (0.033) 0.007 0.009 0.200 0.008 
  11   (0.038) 0.009 0.011 0.089 0.009 
  12   (0.044) 0.009 0.012 0.118 0.010 
  13   (0.042) 0.007 0.012 0.091 0.010 
  14   (0.032) 0.005 0.009 0.034 0.008 
  15   (0.038) 0.007 0.263 0.006 0.009 
  16   (0.034) 0.006 0.154 0.006 0.008 
  17   (0.031) 0.005 0.081 0.005 0.007 
  18   (0.042) 0.007 0.156 0.007 0.010 
  19   (0.033) 0.006 0.045 0.005 0.008 
  20   (0.052) 0.009 0.051 0.009 0.089 
  21   (0.036) 0.006 0.010 0.006 0.276 
  22   (0.040) 0.007 0.011 0.007 0.238 
  23   (0.032) 0.005 0.009 0.005 0.046 
  24   (0.028) 0.005 0.008 0.005 0.045 

Locus 82 : locus82 
20 alleles
0.0% missing data
   1   (0.072) 0.175 0.165 0.017 0.017 
   2   (0.050) 0.036 0.014 0.063 0.012 
   3   (0.066) 0.177 0.091 0.012 0.015 
   4   (0.037) 0.139 0.010 0.012 0.009 
   5   (0.088) 0.064 0.169 0.021 0.059 
   6   (0.062) 0.084 0.017 0.186 0.015 
   7   (0.068) 0.121 0.091 0.014 0.016 
   8   (0.053) 0.101 0.015 0.056 0.012 
   9   (0.033) 0.010 0.009 0.057 0.008 
  10   (0.045) 0.012 0.012 0.334 0.011 
  11   (0.031) 0.005 0.009 0.033 0.007 
  12   (0.040) 0.011 0.011 0.058 0.010 
  13   (0.043) 0.010 0.012 0.087 0.010 
  14   (0.031) 0.005 0.081 0.005 0.007 
  15   (0.055) 0.010 0.124 0.009 0.051 
  16   (0.064) 0.011 0.090 0.010 0.168 
  17   (0.064) 0.011 0.054 0.010 0.359 
  18   (0.036) 0.006 0.010 0.006 0.085 
  19   (0.033) 0.006 0.009 0.005 0.084 
  20   (0.030) 0.005 0.008 0.005 0.045 

Locus 83 : locus83 
21 alleles
0.0% missing data
   1   (0.062) 0.229 0.089 0.015 0.014 
   2   (0.072) 0.214 0.020 0.170 0.017 
   3   (0.067) 0.091 0.019 0.015 0.398 
   4   (0.053) 0.133 0.015 0.051 0.013 
   5   (0.102) 0.101 0.281 0.017 0.139 
   6   (0.091) 0.064 0.097 0.022 0.136 
   7   (0.034) 0.058 0.010 0.009 0.008 
   8   (0.033) 0.008 0.009 0.087 0.008 
   9   (0.033) 0.007 0.009 0.115 0.008 
  10   (0.033) 0.010 0.009 0.057 0.008 
  11   (0.048) 0.017 0.013 0.138 0.012 
  12   (0.032) 0.009 0.009 0.057 0.007 
  13   (0.037) 0.008 0.010 0.143 0.009 
  14   (0.031) 0.005 0.009 0.033 0.007 
  15   (0.029) 0.005 0.008 0.033 0.007 
  16   (0.053) 0.009 0.087 0.009 0.050 
  17   (0.037) 0.006 0.082 0.006 0.009 
  18   (0.029) 0.005 0.044 0.005 0.007 
  19   (0.056) 0.010 0.124 0.009 0.051 
  20   (0.031) 0.005 0.045 0.005 0.007 
  21   (0.037) 0.006 0.010 0.006 0.085 

Locus 84 : locus84 
26 alleles
0.0% missing data
   1   (0.034) 0.171 0.010 0.007 0.008 
   2   (0.053) 0.173 0.015 0.012 0.050 
   3   (0.032) 0.082 0.009 0.012 0.008 
   4   (0.041) 0.088 0.011 0.009 0.010 
   5   (0.060) 0.093 0.017 0.010 0.091 
   6   (0.033) 0.138 0.009 0.012 0.008 
   7   (0.032) 0.061 0.009 0.005 0.008 
   8   (0.049) 0.059 0.014 0.012 0.050 
   9   (0.037) 0.007 0.010 0.172 0.009 
  10   (0.042) 0.011 0.012 0.226 0.010 
  11   (0.035) 0.010 0.010 0.112 0.008 
  12   (0.030) 0.005 0.008 0.033 0.007 
  13   (0.034) 0.008 0.010 0.198 0.008 
  14   (0.074) 0.019 0.201 0.061 0.018 
  15   (0.028) 0.008 0.008 0.057 0.007 
  16   (0.035) 0.006 0.118 0.006 0.008 
  17   (0.039) 0.007 0.119 0.006 0.009 
  18   (0.038) 0.006 0.083 0.006 0.009 
  19   (0.032) 0.005 0.081 0.005 0.008 
  20   (0.041) 0.007 0.047 0.007 0.048 
  21   (0.030) 0.005 0.116 0.005 0.007 
  22   (0.030) 0.005 0.044 0.005 0.007 
  23   (0.037) 0.006 0.011 0.006 0.085 
  24   (0.038) 0.007 0.011 0.006 0.391 
  25   (0.037) 0.006 0.010 0.006 0.085 
  26   (0.030) 0.005 0.008 0.005 0.045 

Locus 85 : locus85 
21 alleles
0.0% missing data
   1   (0.049) 0.196 0.014 0.016 0.012 
   2   (0.089) 0.164 0.025 0.308 0.021 
   3   (0.032) 0.033 0.009 0.005 0.008 
   4   (0.070) 0.099 0.020 0.258 0.017 
   5   (0.072) 0.054 0.092 0.053 0.017 
   6   (0.039) 0.172 0.011 0.007 0.009 
   7   (0.036) 0.034 0.010 0.006 0.009 
   8   (0.079) 0.041 0.094 0.096 0.019 
   9   (0.075) 0.093 0.201 0.016 0.018 
  10   (0.031) 0.033 0.009 0.005 0.007 
  11   (0.039) 0.009 0.011 0.087 0.009 
  12   (0.044) 0.012 0.012 0.058 0.010 
  13   (0.028) 0.005 0.008 0.032 0.006 
  14   (0.041) 0.007 0.156 0.007 0.010 
  15   (0.038) 0.007 0.155 0.006 0.009 
  16   (0.063) 0.011 0.090 0.010 0.091 
  17   (0.040) 0.007 0.047 0.006 0.009 
  18   (0.034) 0.006 0.009 0.005 0.237 
  19   (0.034) 0.006 0.009 0.006 0.276 
  20   (0.036) 0.006 0.010 0.006 0.161 
  21   (0.032) 0.005 0.009 0.005 0.046 

Locus 86 : locus86 
18 alleles
0.0% missing data
   1   (0.044) 0.197 0.012 0.011 0.010 
   2   (0.080) 0.229 0.094 0.019 0.019 
   3   (0.046) 0.059 0.013 0.012 0.011 
   4   (0.085) 0.093 0.205 0.018 0.020 
   5   (0.052) 0.228 0.014 0.011 0.012 
   6   (0.100) 0.072 0.208 0.016 0.062 
   7   (0.051) 0.015 0.014 0.170 0.012 
   8   (0.044) 0.013 0.012 0.114 0.010 
   9   (0.050) 0.010 0.014 0.257 0.012 
  10   (0.049) 0.011 0.013 0.089 0.011 
  11   (0.053) 0.011 0.015 0.147 0.013 
  12   (0.040) 0.007 0.011 0.034 0.009 
  13   (0.036) 0.010 0.010 0.058 0.008 
  14   (0.072) 0.012 0.164 0.012 0.093 
  15   (0.090) 0.015 0.133 0.015 0.480 
  16   (0.034) 0.006 0.045 0.006 0.008 
  17   (0.035) 0.006 0.010 0.006 0.046 
  18   (0.041) 0.007 0.012 0.007 0.162 

Locus 87 : locus87 
22 alleles
0.0% missing data
   1   (0.037) 0.061 0.010 0.006 0.009 
   2   (0.041) 0.114 0.011 0.009 0.010 
   3   (0.041) 0.167 0.011 0.010 0.010 
   4   (0.045) 0.302 0.013 0.013 0.011 
   5   (0.044) 0.167 0.012 0.011 0.010 
   6   (0.034) 0.033 0.009 0.006 0.008 
   7   (0.033) 0.008 0.009 0.088 0.008 
   8   (0.060) 0.010 0.017 0.095 0.129 
   9   (0.041) 0.011 0.012 0.201 0.010 
  10   (0.042) 0.014 0.012 0.084 0.010 
  11   (0.038) 0.014 0.011 0.083 0.009 
  12   (0.036) 0.006 0.010 0.063 0.008 
  13   (0.073) 0.012 0.056 0.040 0.285 
  14   (0.032) 0.005 0.009 0.034 0.008 
  15   (0.036) 0.010 0.010 0.059 0.008 
  16   (0.077) 0.013 0.130 0.041 0.095 
  17   (0.082) 0.014 0.275 0.042 0.057 
  18   (0.037) 0.010 0.010 0.059 0.009 
  19   (0.035) 0.006 0.010 0.034 0.008 
  20   (0.039) 0.006 0.263 0.007 0.009 
  21   (0.067) 0.011 0.091 0.011 0.245 
  22   (0.031) 0.005 0.009 0.005 0.046 

Locus 88 : locus88 
21 alleles
0.0% missing data
   1   (0.057) 0.112 0.052 0.016 0.014 
   2   (0.070) 0.222 0.020 0.017 0.169 
   3   (0.039) 0.079 0.011 0.015 0.009 
   4   (0.042) 0.141 0.012 0.009 0.010 
   5   (0.079) 0.045 0.094 0.209 0.019 
   6   (0.038) 0.138 0.011 0.010 0.009 
   7   (0.031) 0.087 0.009 0.005 0.007 
   8   (0.106) 0.075 0.247 0.128 0.025 
   9   (0.033) 0.007 0.009 0.089 0.008 
  10   (0.053) 0.015 0.051 0.173 0.012 
  11   (0.054) 0.009 0.051 0.124 0.013 
  12   (0.060) 0.014 0.089 0.148 0.014 
  13   (0.038) 0.006 0.119 0.006 0.009 
  14   (0.050) 0.008 0.050 0.008 0.050 
  15   (0.036) 0.006 0.118 0.006 0.009 
  16   (0.040) 0.007 0.011 0.007 0.085 
  17   (0.035) 0.006 0.010 0.006 0.200 
  18   (0.034) 0.006 0.009 0.006 0.084 
  19   (0.043) 0.007 0.012 0.007 0.087 
  20   (0.035) 0.006 0.010 0.006 0.123 
  21   (0.029) 0.005 0.008 0.005 0.045 

Locus 89 : locus89 
17 alleles
0.0% missing data
   1   (0.049) 0.302 0.014 0.012 0.012 
   2   (0.043) 0.114 0.012 0.009 0.010 
   3   (0.037) 0.085 0.010 0.009 0.009 
   4   (0.036) 0.060 0.010 0.006 0.008 
   5   (0.042) 0.114 0.012 0.009 0.010 
   6   (0.040) 0.165 0.011 0.012 0.009 
   7   (0.087) 0.019 0.132 0.095 0.059 
   8   (0.089) 0.020 0.060 0.180 0.136 
   9   (0.093) 0.018 0.243 0.155 0.060 
  10   (0.092) 0.021 0.170 0.066 0.060 
  11   (0.104) 0.025 0.065 0.237 0.254 
  12   (0.059) 0.010 0.017 0.067 0.090 
  13   (0.081) 0.021 0.059 0.119 0.057 
  14   (0.042) 0.007 0.156 0.007 0.010 
  15   (0.034) 0.006 0.009 0.006 0.046 
  16   (0.036) 0.006 0.010 0.006 0.085 
  17   (0.036) 0.006 0.010 0.006 0.085 

Locus 90 : locus90 
23 alleles
0.0% missing data
   1   (0.035) 0.148 0.010 0.006 0.008 
   2   (0.066) 0.153 0.018 0.146 0.016 
   3   (0.049) 0.051 0.014 0.049 0.011 
   4   (0.074) 0.224 0.021 0.055 0.056 
   5   (0.044) 0.036 0.012 0.007 0.125 
   6   (0.045) 0.064 0.012 0.062 0.011 
   7   (0.035) 0.059 0.010 0.009 0.008 
   8   (0.055) 0.057 0.015 0.262 0.013 
   9   (0.031) 0.059 0.009 0.008 0.007 
  10   (0.047) 0.051 0.013 0.048 0.011 
  11   (0.037) 0.008 0.010 0.141 0.009 
  12   (0.030) 0.007 0.008 0.085 0.007 
  13   (0.033) 0.010 0.009 0.056 0.008 
  14   (0.039) 0.007 0.155 0.006 0.009 
  15   (0.055) 0.010 0.051 0.009 0.243 
  16   (0.028) 0.005 0.116 0.005 0.007 
  17   (0.046) 0.008 0.048 0.008 0.049 
  18   (0.053) 0.009 0.159 0.008 0.089 
  19   (0.033) 0.006 0.117 0.005 0.008 
  20   (0.051) 0.009 0.050 0.008 0.126 
  21   (0.065) 0.011 0.091 0.010 0.129 
  22   (0.027) 0.005 0.044 0.004 0.006 
  23   (0.023) 0.004 0.007 0.004 0.044 

Locus 91 : locus91 
27 alleles
0.0% missing data
   1   (0.048) 0.199 0.049 0.011 0.011 
   2   (0.067) 0.172 0.199 0.016 0.016 
   3   (0.036) 0.141 0.010 0.009 0.008 
   4   (0.038) 0.087 0.011 0.009 0.009 
   5   (0.057) 0.197 0.052 0.015 0.013 
   6   (0.032) 0.033 0.009 0.005 0.007 
   7   (0.028) 0.032 0.008 0.005 0.007 
   8   (0.040) 0.009 0.011 0.088 0.009 
   9   (0.031) 0.007 0.009 0.087 0.007 
  10   (0.036) 0.009 0.010 0.143 0.008 
  11   (0.032) 0.005 0.009 0.033 0.008 
  12   (0.030) 0.005 0.008 0.117 0.007 
  13   (0.031) 0.009 0.009 0.058 0.007 
  14   (0.033) 0.008 0.009 0.172 0.008 
  15   (0.034) 0.013 0.009 0.082 0.008 
  16   (0.032) 0.005 0.009 0.033 0.008 
  17   (0.025) 0.007 0.007 0.057 0.006 
  18   (0.055) 0.009 0.124 0.009 0.051 
  19   (0.056) 0.009 0.124 0.009 0.127 
  20   (0.048) 0.008 0.049 0.008 0.318 
  21   (0.034) 0.006 0.154 0.006 0.008 
  22   (0.030) 0.005 0.081 0.005 0.007 
  23   (0.024) 0.004 0.007 0.004 0.082 
  24   (0.031) 0.005 0.009 0.005 0.045 
  25   (0.033) 0.006 0.009 0.005 0.122 
  26   (0.023) 0.004 0.006 0.004 0.044 
  27   (0.035) 0.006 0.010 0.006 0.046 

Locus 92 : locus92 
17 alleles
0.0% missing data
   1   (0.115) 0.151 0.140 0.026 0.142 
   2   (0.120) 0.128 0.177 0.024 0.372 
   3   (0.094) 0.153 0.099 0.018 0.099 
   4   (0.078) 0.069 0.058 0.013 0.133 
   5   (0.072) 0.116 0.128 0.020 0.017 
   6   (0.053) 0.065 0.050 0.009 0.012 
   7   (0.062) 0.226 0.017 0.018 0.053 
   8   (0.040) 0.009 0.011 0.087 0.009 
   9   (0.043) 0.010 0.012 0.170 0.010 
  10   (0.042) 0.011 0.011 0.225 0.010 
  11   (0.035) 0.010 0.010 0.057 0.008 
  12   (0.036) 0.006 0.010 0.117 0.008 
  13   (0.040) 0.009 0.011 0.116 0.010 
  14   (0.041) 0.015 0.011 0.081 0.010 
  15   (0.040) 0.007 0.156 0.006 0.010 
  16   (0.055) 0.009 0.088 0.009 0.051 
  17   (0.034) 0.006 0.009 0.005 0.046 

Locus 93 : locus93 
19 alleles
0.0% missing data
   1   (0.034) 0.062 0.009 0.005 0.008 
   2   (0.064) 0.396 0.018 0.016 0.053 
   3   (0.058) 0.060 0.016 0.015 0.090 
   4   (0.056) 0.173 0.016 0.013 0.051 
   5   (0.123) 0.124 0.179 0.056 0.259 
   6   (0.125) 0.070 0.143 0.110 0.220 
   7   (0.055) 0.012 0.015 0.117 0.051 
   8   (0.032) 0.006 0.009 0.061 0.008 
   9   (0.038) 0.011 0.011 0.057 0.009 
  10   (0.082) 0.023 0.095 0.309 0.057 
  11   (0.058) 0.013 0.089 0.118 0.014 
  12   (0.029) 0.005 0.008 0.033 0.007 
  13   (0.035) 0.010 0.010 0.057 0.008 
  14   (0.034) 0.006 0.045 0.006 0.008 
  15   (0.030) 0.005 0.080 0.005 0.007 
  16   (0.038) 0.006 0.119 0.006 0.009 
  17   (0.024) 0.004 0.043 0.004 0.006 
  18   (0.050) 0.009 0.050 0.008 0.127 
  19   (0.033) 0.006 0.046 0.005 0.008 

Locus 94 : locus94 
21 alleles
0.0% missing data
   1   (0.036) 0.117 0.010 0.007 0.009 
   2   (0.049) 0.314 0.014 0.012 0.012 
   3   (0.048) 0.118 0.013 0.010 0.011 
   4   (0.077) 0.127 0.022 0.229 0.018 
   5   (0.043) 0.146 0.012 0.009 0.010 
   6   (0.061) 0.053 0.017 0.051 0.015 
   7   (0.050) 0.013 0.014 0.417 0.012 
   8   (0.041) 0.009 0.011 0.115 0.010 
   9   (0.026) 0.005 0.007 0.032 0.006 
  10   (0.032) 0.006 0.009 0.033 0.008 
  11   (0.078) 0.013 0.094 0.013 0.401 
  12   (0.030) 0.005 0.117 0.005 0.007 
  13   (0.059) 0.010 0.088 0.009 0.090 
  14   (0.062) 0.011 0.125 0.010 0.053 
  15   (0.044) 0.008 0.157 0.007 0.010 
  16   (0.032) 0.006 0.045 0.005 0.008 
  17   (0.074) 0.013 0.129 0.012 0.094 
  18   (0.057) 0.010 0.052 0.009 0.090 
  19   (0.035) 0.006 0.046 0.006 0.008 
  20   (0.030) 0.005 0.008 0.005 0.083 
  21   (0.035) 0.006 0.010 0.006 0.047 

Locus 95 : locus95 
27 alleles
0.0% missing data
   1   (0.038) 0.142 0.011 0.010 0.009 
   2   (0.033) 0.113 0.009 0.009 0.008 
   3   (0.046) 0.198 0.013 0.012 0.011 
   4   (0.042) 0.142 0.012 0.011 0.010 
   5   (0.042) 0.147 0.012 0.007 0.010 
   6   (0.028) 0.033 0.008 0.004 0.007 
   7   (0.035) 0.087 0.010 0.008 0.008 
   8   (0.033) 0.010 0.009 0.112 0.008 
   9   (0.047) 0.010 0.013 0.227 0.011 
  10   (0.038) 0.007 0.011 0.062 0.009 
  11   (0.037) 0.012 0.010 0.279 0.009 
  12   (0.040) 0.007 0.011 0.034 0.010 
  13   (0.042) 0.009 0.012 0.116 0.010 
  14   (0.030) 0.005 0.008 0.033 0.007 
  15   (0.037) 0.006 0.190 0.006 0.009 
  16   (0.032) 0.006 0.081 0.005 0.008 
  17   (0.033) 0.006 0.045 0.005 0.008 
  18   (0.042) 0.007 0.156 0.007 0.010 
  19   (0.032) 0.005 0.117 0.005 0.008 
  20   (0.032) 0.006 0.081 0.005 0.007 
  21   (0.054) 0.009 0.051 0.009 0.051 
  22   (0.034) 0.006 0.081 0.006 0.008 
  23   (0.035) 0.006 0.010 0.006 0.123 
  24   (0.036) 0.006 0.010 0.006 0.390 
  25   (0.033) 0.006 0.009 0.006 0.161 
  26   (0.034) 0.006 0.009 0.005 0.046 
  27   (0.034) 0.006 0.010 0.006 0.046 

Locus 96 : locus96 
20 alleles
0.0% missing data
   1   (0.063) 0.184 0.018 0.084 0.015 
   2   (0.045) 0.139 0.012 0.012 0.011 
   3   (0.043) 0.115 0.012 0.009 0.010 
   4   (0.074) 0.140 0.021 0.275 0.017 
   5   (0.067) 0.113 0.019 0.018 0.054 
   6   (0.070) 0.132 0.019 0.056 0.017 
   7   (0.067) 0.077 0.019 0.140 0.016 
   8   (0.048) 0.010 0.013 0.261 0.011 
   9   (0.034) 0.006 0.009 0.034 0.008 
  10   (0.033) 0.006 0.009 0.034 0.008 
  11   (0.060) 0.010 0.125 0.010 0.090 
  12   (0.037) 0.006 0.083 0.006 0.009 
  13   (0.052) 0.009 0.050 0.009 0.165 
  14   (0.040) 0.007 0.119 0.007 0.010 
  15   (0.044) 0.007 0.156 0.007 0.010 
  16   (0.062) 0.010 0.162 0.010 0.052 
  17   (0.035) 0.006 0.046 0.006 0.008 
  18   (0.042) 0.007 0.084 0.007 0.010 
  19   (0.037) 0.006 0.010 0.006 0.085 
  20   (0.050) 0.008 0.014 0.008 0.394 

Locus 97 : locus97 
25 alleles
0.0% missing data
   1   (0.060) 0.394 0.017 0.016 0.014 
   2   (0.062) 0.038 0.053 0.010 0.015 
   3   (0.040) 0.058 0.011 0.010 0.009 
   4   (0.044) 0.035 0.085 0.007 0.010 
   5   (0.038) 0.087 0.011 0.009 0.009 
   6   (0.034) 0.144 0.009 0.007 0.008 
   7   (0.042) 0.088 0.012 0.010 0.010 
   8   (0.041) 0.035 0.012 0.007 0.010 
   9   (0.040) 0.007 0.011 0.062 0.009 
  10   (0.044) 0.008 0.012 0.063 0.010 
  11   (0.050) 0.016 0.014 0.250 0.012 
  12   (0.051) 0.013 0.014 0.365 0.012 
  13   (0.033) 0.006 0.009 0.033 0.008 
  14   (0.031) 0.005 0.009 0.088 0.008 
  15   (0.042) 0.007 0.192 0.007 0.010 
  16   (0.036) 0.006 0.046 0.006 0.008 
  17   (0.042) 0.007 0.228 0.007 0.010 
  18   (0.040) 0.007 0.156 0.007 0.010 
  19   (0.026) 0.004 0.043 0.004 0.006 
  20   (0.028) 0.005 0.008 0.005 0.083 
  21   (0.026) 0.004 0.007 0.004 0.044 
  22   (0.043) 0.007 0.012 0.007 0.086 
  23   (0.036) 0.006 0.010 0.006 0.237 
  24   (0.034) 0.006 0.009 0.006 0.314 
  25   (0.037) 0.006 0.010 0.006 0.046 

Locus 98 : locus98 
24 alleles
0.0% missing data
   1   (0.055) 0.146 0.015 0.011 0.090 
   2   (0.062) 0.147 0.017 0.012 0.091 
   3   (0.032) 0.167 0.009 0.009 0.007 
   4   (0.052) 0.064 0.015 0.008 0.127 
   5   (0.058) 0.144 0.016 0.014 0.052 
   6   (0.075) 0.198 0.021 0.020 0.208 
   7   (0.036) 0.010 0.010 0.058 0.009 
   8   (0.042) 0.010 0.012 0.340 0.010 
   9   (0.031) 0.007 0.009 0.115 0.007 
  10   (0.046) 0.012 0.013 0.059 0.049 
  11   (0.043) 0.009 0.012 0.117 0.010 
  12   (0.044) 0.009 0.012 0.117 0.010 
  13   (0.054) 0.014 0.015 0.059 0.051 
  14   (0.034) 0.006 0.045 0.006 0.008 
  15   (0.043) 0.007 0.156 0.007 0.010 
  16   (0.036) 0.006 0.154 0.006 0.009 
  17   (0.040) 0.007 0.155 0.007 0.009 
  18   (0.037) 0.006 0.191 0.006 0.009 
  19   (0.030) 0.005 0.081 0.005 0.007 
  20   (0.031) 0.005 0.009 0.005 0.045 
  21   (0.032) 0.005 0.009 0.005 0.046 
  22   (0.033) 0.006 0.009 0.005 0.046 
  23   (0.026) 0.004 0.007 0.004 0.044 
  24   (0.029) 0.005 0.008 0.005 0.045 

Locus 99 : locus99 
26 alleles
0.0% missing data
   1   (0.032) 0.086 0.009 0.007 0.008 
   2   (0.052) 0.445 0.014 0.013 0.012 
   3   (0.053) 0.092 0.051 0.009 0.013 
   4   (0.041) 0.195 0.012 0.011 0.010 
   5   (0.033) 0.033 0.009 0.005 0.008 
   6   (0.041) 0.012 0.011 0.169 0.010 
   7   (0.038) 0.008 0.011 0.173 0.009 
   8   (0.036) 0.010 0.010 0.254 0.009 
   9   (0.071) 0.012 0.345 0.039 0.017 
  10   (0.033) 0.006 0.009 0.033 0.008 
  11   (0.031) 0.005 0.009 0.033 0.007 
  12   (0.061) 0.015 0.053 0.146 0.014 
  13   (0.032) 0.006 0.009 0.033 0.008 
  14   (0.035) 0.006 0.082 0.006 0.008 
  15   (0.036) 0.006 0.118 0.006 0.008 
  16   (0.050) 0.008 0.086 0.008 0.050 
  17   (0.028) 0.005 0.044 0.005 0.007 
  18   (0.037) 0.006 0.046 0.006 0.009 
  19   (0.027) 0.005 0.008 0.005 0.045 
  20   (0.030) 0.005 0.008 0.005 0.045 
  21   (0.030) 0.005 0.008 0.005 0.083 
  22   (0.038) 0.006 0.010 0.006 0.276 
  23   (0.036) 0.006 0.010 0.006 0.162 
  24   (0.035) 0.006 0.010 0.006 0.046 
  25   (0.034) 0.006 0.009 0.006 0.046 
  26   (0.029) 0.005 0.008 0.005 0.083 

Locus 100 : locus100 
12 alleles
0.0% missing data
   1   (0.157) 0.277 0.189 0.246 0.037 
   2   (0.129) 0.203 0.144 0.172 0.030 
   3   (0.104) 0.140 0.065 0.147 0.025 
   4   (0.069) 0.092 0.019 0.098 0.016 
   5   (0.154) 0.193 0.295 0.078 0.075 
   6   (0.067) 0.038 0.019 0.011 0.208 
   7   (0.037) 0.006 0.010 0.035 0.009 
   8   (0.037) 0.006 0.010 0.035 0.009 
   9   (0.075) 0.013 0.021 0.040 0.361 
  10   (0.087) 0.018 0.204 0.125 0.021 
  11   (0.044) 0.007 0.012 0.007 0.163 
  12   (0.038) 0.006 0.010 0.006 0.047 

Values of parameters used in structure:
DATAFILE=parentandhybrid4Deme,	OUTFILE=parentandhybrid4Deme_4_1,	NUMINDS=50,	NUMLOCI=100,	MISSING=0,	LABEL=1,	POPDATA=0,	POPFLAG=0,	PHENOTYPE=0,	EXTRACOLS=0,	MAXPOPS=4,	BURNIN=50000,	NUMREPS=50000,	USEPOPINFO=0,	INFERALPHA=1,	INFERLAMBDA=0,	POPSPECIFICLAMBDA=0,	POPALPHAS=0,	COMPUTEPROB=1,	NOADMIX=0,	ADMBURNIN=500,	UPDATEFREQ=100,	PRINTLIKES=0,	INTERMEDSAVE=0,	PRINTKLD=0,	PRINTNET=1,	PRINTLAMBDA=1,	ANCESTDIST=0,	NUMBOXES=1000,	ANCESTPINT=0.90000,	GENSBACK=2,	MIGRPRIOR=0.01000,	PRINTQHAT=0,	PRINTQSUM=1,	ALPHA=1.0000,	FREQSCORR=1,	FPRIORMEAN=0.0100,	FPRIORSD=0.0500,	ONEFST=0,	LAMBDA=1.0000,	UNIFPRIORALPHA=1,	ALPHAMAX=10.0000,	ALPHAPRIORA=1.0000,	ALPHAPRIORB=2.0000,	ALPHAPROPSD=0.0250,	STARTATPOPINFO=0,	RANDOMIZE=1,	LINKAGE=0,	METROFREQ=10,	REPORTHITRATE=0,	MARKOVPHASE=0,	PHASED=0,	PLOIDY=2,	PHASEINFO=0	LOCPRIOR=0, 	LOCPRIORINIT=1.000000, 	LOCDATA=0, 	LOCISPOP=0, 	LOCPRIORSTEP=0.100000, 	MAXLOCPRIOR=20.000000, 	SEED=1657124887,	
[STRAT parameters]:    NUMSIMSTATS=1000,	PHENOTYPECOL=-9,	POOLFREQ=10,	LOCUSxONLY=0,	EMERROR=0.00100,	MISSINGPHENO=-9,	