

----------------------------------------------------
STRUCTURE by Pritchard, Stephens and Donnelly (2000)
     and Falush, Stephens and Pritchard (2003)
       Code by Pritchard, Falush and Hubisz
             Version 2.3.4 (Jul 2012)
----------------------------------------------------



Command line arguments:   bin\structure -m C:\Users\CHendrikse\Documents\HybridSimulation\SimParFiles\4DemeFixed\50_50\50_50\mainparams -e C:\Users\CHendrikse\Documents\HybridSimulation\SimParFiles\4DemeFixed\50_50\50_50\extraparams 
Input File:    C:\Users\CHendrikse\Documents\HybridSimulation\SimParFiles\4DemeFixed\50_50\project_data

Run parameters:
   50 individuals
   100 loci
   4 populations assumed
   50000 Burn-in period
   50000 Reps


--------------------------------------------
Overall proportion of membership of the
sample in each of the 4 clusters

Inferred Clusters
  1      2      3      4    
0.301  0.200  0.200  0.299  

--------------------------------------------

Allele-freq. divergence among pops (Net nucleotide distance),
computed using point estimates of P.

      1       2       3       4      
 1      -    0.1058  0.0941  0.1031  
 2   0.1058     -    0.0907  0.1093  
 3   0.0941  0.0907     -    0.0995  
 4   0.1031  0.1093  0.0995     -    

Average distances (expected heterozygosity) between individuals in same cluster:
cluster  1  : 0.8492 
cluster  2  : 0.8497 
cluster  3  : 0.8694 
cluster  4  : 0.8407 

--------------------------------------------
Estimated Ln Prob of Data   = -22964.4
Mean value of ln likelihood = -21364.9
Variance of ln likelihood   = 3199.1
Mean value of alpha         = 0.0284

Mean value of Fst_1         = 0.1407
Mean value of Fst_2         = 0.1394
Mean value of Fst_3         = 0.1155
Mean value of Fst_4         = 0.1469


Inferred ancestry of individuals:
        Label (%Miss) :  Inferred clusters
  1        1    (0)   :  0.999 0.000 0.001 0.000 
  2        2    (0)   :  0.999 0.000 0.000 0.001 
  3        3    (0)   :  0.997 0.001 0.001 0.001 
  4        4    (0)   :  0.998 0.000 0.001 0.000 
  5        5    (0)   :  0.998 0.000 0.001 0.001 
  6        6    (0)   :  0.999 0.000 0.000 0.000 
  7        7    (0)   :  0.997 0.000 0.002 0.001 
  8        8    (0)   :  0.999 0.000 0.000 0.001 
  9        9    (0)   :  0.999 0.000 0.000 0.001 
 10       10    (0)   :  0.998 0.000 0.000 0.001 
 11       11    (0)   :  0.000 0.001 0.000 0.998 
 12       12    (0)   :  0.000 0.000 0.000 0.999 
 13       13    (0)   :  0.000 0.000 0.000 0.999 
 14       14    (0)   :  0.000 0.000 0.000 0.999 
 15       15    (0)   :  0.000 0.001 0.000 0.998 
 16       16    (0)   :  0.001 0.001 0.001 0.998 
 17       17    (0)   :  0.003 0.001 0.001 0.996 
 18       18    (0)   :  0.001 0.001 0.001 0.998 
 19       19    (0)   :  0.000 0.000 0.000 0.999 
 20       20    (0)   :  0.000 0.000 0.000 0.999 
 21      h01    (0)   :  0.499 0.000 0.000 0.501 
 22      h02    (0)   :  0.500 0.000 0.000 0.499 
 23      h03    (0)   :  0.497 0.000 0.000 0.502 
 24      h04    (0)   :  0.513 0.000 0.000 0.487 
 25      h05    (0)   :  0.508 0.000 0.000 0.491 
 26      h06    (0)   :  0.514 0.000 0.000 0.485 
 27      h07    (0)   :  0.493 0.000 0.000 0.506 
 28      h08    (0)   :  0.513 0.000 0.000 0.487 
 29      h09    (0)   :  0.486 0.000 0.000 0.514 
 30      h10    (0)   :  0.515 0.000 0.000 0.484 
 31       21    (0)   :  0.000 0.000 0.999 0.000 
 32       22    (0)   :  0.000 0.001 0.998 0.000 
 33       23    (0)   :  0.001 0.001 0.998 0.000 
 34       24    (0)   :  0.000 0.000 0.999 0.000 
 35       25    (0)   :  0.000 0.001 0.997 0.002 
 36       26    (0)   :  0.001 0.001 0.998 0.000 
 37       27    (0)   :  0.000 0.000 0.999 0.000 
 38       28    (0)   :  0.000 0.000 0.999 0.000 
 39       29    (0)   :  0.000 0.001 0.998 0.000 
 40       30    (0)   :  0.000 0.000 0.999 0.000 
 41       31    (0)   :  0.001 0.998 0.000 0.001 
 42       32    (0)   :  0.000 0.999 0.000 0.000 
 43       33    (0)   :  0.000 0.999 0.000 0.000 
 44       34    (0)   :  0.001 0.999 0.000 0.000 
 45       35    (0)   :  0.001 0.999 0.000 0.000 
 46       36    (0)   :  0.001 0.998 0.001 0.000 
 47       37    (0)   :  0.000 0.999 0.000 0.000 
 48       38    (0)   :  0.000 0.999 0.001 0.000 
 49       39    (0)   :  0.000 0.998 0.001 0.000 
 50       40    (0)   :  0.001 0.998 0.001 0.000 


Estimated Allele Frequencies in each cluster
First column gives estimated ancestral frequencies


Locus 1 : locus1 
19 alleles
0.0% missing data
   1   (0.067) 0.253 0.016 0.019 0.131 
   2   (0.038) 0.088 0.009 0.010 0.008 
   3   (0.075) 0.061 0.056 0.021 0.102 
   4   (0.038) 0.088 0.009 0.011 0.008 
   5   (0.092) 0.065 0.021 0.170 0.103 
   6   (0.032) 0.116 0.008 0.009 0.007 
   7   (0.079) 0.098 0.056 0.058 0.013 
   8   (0.039) 0.059 0.009 0.011 0.010 
   9   (0.077) 0.083 0.133 0.021 0.080 
  10   (0.062) 0.011 0.015 0.162 0.065 
  11   (0.068) 0.018 0.016 0.127 0.282 
  12   (0.073) 0.015 0.017 0.165 0.148 
  13   (0.039) 0.007 0.009 0.119 0.006 
  14   (0.031) 0.005 0.007 0.045 0.005 
  15   (0.041) 0.007 0.163 0.011 0.007 
  16   (0.035) 0.006 0.123 0.010 0.006 
  17   (0.037) 0.006 0.085 0.010 0.006 
  18   (0.041) 0.007 0.125 0.011 0.007 
  19   (0.036) 0.006 0.123 0.010 0.006 

Locus 2 : locus2 
18 alleles
0.0% missing data
   1   (0.068) 0.176 0.054 0.019 0.015 
   2   (0.084) 0.318 0.096 0.023 0.019 
   3   (0.122) 0.148 0.181 0.034 0.141 
   4   (0.041) 0.035 0.010 0.011 0.007 
   5   (0.037) 0.063 0.009 0.010 0.006 
   6   (0.038) 0.035 0.009 0.010 0.006 
   7   (0.038) 0.035 0.009 0.011 0.006 
   8   (0.038) 0.082 0.009 0.011 0.014 
   9   (0.067) 0.012 0.092 0.019 0.066 
  10   (0.088) 0.024 0.135 0.024 0.474 
  11   (0.090) 0.021 0.288 0.025 0.173 
  12   (0.036) 0.006 0.009 0.010 0.033 
  13   (0.046) 0.008 0.011 0.302 0.007 
  14   (0.057) 0.010 0.013 0.305 0.009 
  15   (0.039) 0.007 0.009 0.047 0.006 
  16   (0.035) 0.006 0.008 0.046 0.006 
  17   (0.046) 0.008 0.011 0.085 0.007 
  18   (0.032) 0.005 0.045 0.009 0.005 

Locus 3 : locus3 
22 alleles
0.0% missing data
   1   (0.041) 0.144 0.010 0.011 0.008 
   2   (0.049) 0.196 0.012 0.013 0.013 
   3   (0.050) 0.253 0.012 0.014 0.012 
   4   (0.040) 0.112 0.009 0.011 0.011 
   5   (0.050) 0.064 0.012 0.050 0.008 
   6   (0.040) 0.087 0.009 0.011 0.009 
   7   (0.080) 0.017 0.286 0.022 0.262 
   8   (0.071) 0.012 0.208 0.020 0.068 
   9   (0.040) 0.011 0.009 0.011 0.255 
  10   (0.038) 0.008 0.009 0.011 0.117 
  11   (0.040) 0.009 0.009 0.011 0.088 
  12   (0.056) 0.019 0.051 0.016 0.083 
  13   (0.048) 0.008 0.012 0.230 0.008 
  14   (0.047) 0.008 0.011 0.121 0.008 
  15   (0.056) 0.009 0.013 0.160 0.009 
  16   (0.042) 0.007 0.010 0.156 0.007 
  17   (0.030) 0.005 0.007 0.044 0.005 
  18   (0.039) 0.007 0.009 0.047 0.006 
  19   (0.035) 0.006 0.085 0.010 0.006 
  20   (0.038) 0.006 0.124 0.010 0.006 
  21   (0.037) 0.006 0.047 0.010 0.006 
  22   (0.033) 0.005 0.046 0.009 0.005 

Locus 4 : locus4 
17 alleles
0.0% missing data
   1   (0.127) 0.354 0.336 0.035 0.076 
   2   (0.059) 0.066 0.052 0.016 0.010 
   3   (0.073) 0.101 0.017 0.020 0.145 
   4   (0.076) 0.207 0.018 0.021 0.206 
   5   (0.086) 0.052 0.173 0.024 0.087 
   6   (0.037) 0.089 0.009 0.010 0.006 
   7   (0.035) 0.034 0.008 0.010 0.006 
   8   (0.055) 0.009 0.051 0.015 0.037 
   9   (0.086) 0.015 0.058 0.313 0.042 
  10   (0.118) 0.030 0.219 0.104 0.288 
  11   (0.032) 0.006 0.008 0.009 0.033 
  12   (0.037) 0.006 0.009 0.010 0.034 
  13   (0.044) 0.007 0.010 0.193 0.007 
  14   (0.035) 0.006 0.008 0.082 0.006 
  15   (0.037) 0.006 0.009 0.046 0.006 
  16   (0.032) 0.005 0.008 0.045 0.005 
  17   (0.032) 0.005 0.008 0.045 0.005 

Locus 5 : locus5 
14 alleles
0.0% missing data
   1   (0.066) 0.252 0.053 0.018 0.016 
   2   (0.068) 0.170 0.054 0.019 0.016 
   3   (0.115) 0.311 0.142 0.068 0.028 
   4   (0.065) 0.089 0.015 0.090 0.014 
   5   (0.035) 0.033 0.008 0.010 0.006 
   6   (0.074) 0.021 0.094 0.020 0.230 
   7   (0.085) 0.016 0.020 0.204 0.239 
   8   (0.103) 0.021 0.139 0.137 0.126 
   9   (0.118) 0.028 0.104 0.214 0.153 
  10   (0.061) 0.016 0.053 0.017 0.061 
  11   (0.099) 0.024 0.100 0.172 0.065 
  12   (0.033) 0.006 0.008 0.009 0.034 
  13   (0.036) 0.006 0.085 0.010 0.006 
  14   (0.040) 0.007 0.124 0.011 0.007 

Locus 6 : locus6 
13 alleles
0.0% missing data
   1   (0.109) 0.075 0.140 0.210 0.018 
   2   (0.096) 0.156 0.023 0.027 0.457 
   3   (0.117) 0.211 0.142 0.141 0.024 
   4   (0.078) 0.238 0.018 0.022 0.121 
   5   (0.080) 0.042 0.057 0.095 0.013 
   6   (0.039) 0.059 0.009 0.011 0.010 
   7   (0.038) 0.063 0.009 0.010 0.006 
   8   (0.146) 0.102 0.188 0.113 0.168 
   9   (0.097) 0.017 0.100 0.281 0.043 
  10   (0.066) 0.014 0.053 0.018 0.119 
  11   (0.061) 0.010 0.129 0.053 0.010 
  12   (0.038) 0.007 0.086 0.011 0.006 
  13   (0.035) 0.006 0.046 0.010 0.006 

Locus 7 : locus7 
17 alleles
0.0% missing data
   1   (0.046) 0.302 0.011 0.013 0.012 
   2   (0.102) 0.244 0.139 0.029 0.119 
   3   (0.033) 0.087 0.008 0.009 0.006 
   4   (0.038) 0.056 0.009 0.010 0.011 
   5   (0.088) 0.091 0.021 0.133 0.134 
   6   (0.032) 0.056 0.008 0.009 0.009 
   7   (0.049) 0.035 0.050 0.014 0.008 
   8   (0.036) 0.006 0.009 0.010 0.035 
   9   (0.088) 0.023 0.135 0.060 0.120 
  10   (0.060) 0.010 0.129 0.017 0.067 
  11   (0.131) 0.026 0.221 0.289 0.161 
  12   (0.084) 0.022 0.020 0.276 0.119 
  13   (0.060) 0.010 0.129 0.017 0.067 
  14   (0.044) 0.012 0.011 0.012 0.116 
  15   (0.045) 0.007 0.049 0.049 0.008 
  16   (0.035) 0.006 0.008 0.046 0.006 
  17   (0.029) 0.005 0.045 0.008 0.005 

Locus 8 : locus8 
24 alleles
0.0% missing data
   1   (0.040) 0.249 0.009 0.011 0.011 
   2   (0.038) 0.251 0.009 0.010 0.009 
   3   (0.033) 0.114 0.008 0.009 0.007 
   4   (0.037) 0.057 0.009 0.010 0.010 
   5   (0.038) 0.057 0.009 0.011 0.010 
   6   (0.060) 0.037 0.014 0.235 0.010 
   7   (0.062) 0.065 0.015 0.197 0.010 
   8   (0.029) 0.032 0.007 0.008 0.005 
   9   (0.060) 0.015 0.014 0.089 0.146 
  10   (0.064) 0.018 0.091 0.018 0.171 
  11   (0.057) 0.015 0.051 0.016 0.201 
  12   (0.051) 0.011 0.050 0.014 0.119 
  13   (0.058) 0.010 0.090 0.016 0.150 
  14   (0.029) 0.005 0.007 0.008 0.033 
  15   (0.057) 0.015 0.014 0.088 0.061 
  16   (0.027) 0.004 0.006 0.043 0.004 
  17   (0.028) 0.005 0.007 0.080 0.005 
  18   (0.040) 0.007 0.009 0.083 0.007 
  19   (0.036) 0.006 0.199 0.010 0.006 
  20   (0.034) 0.006 0.123 0.009 0.005 
  21   (0.035) 0.006 0.047 0.009 0.006 
  22   (0.031) 0.005 0.046 0.009 0.005 
  23   (0.031) 0.005 0.084 0.008 0.005 
  24   (0.027) 0.005 0.083 0.008 0.005 

Locus 9 : locus9 
19 alleles
0.0% missing data
   1   (0.047) 0.197 0.011 0.013 0.012 
   2   (0.065) 0.090 0.092 0.018 0.014 
   3   (0.050) 0.223 0.012 0.014 0.015 
   4   (0.057) 0.060 0.051 0.016 0.014 
   5   (0.062) 0.066 0.167 0.017 0.010 
   6   (0.078) 0.068 0.210 0.022 0.013 
   7   (0.038) 0.058 0.009 0.011 0.010 
   8   (0.039) 0.034 0.009 0.011 0.006 
   9   (0.037) 0.089 0.009 0.010 0.006 
  10   (0.049) 0.008 0.012 0.014 0.204 
  11   (0.105) 0.030 0.025 0.246 0.426 
  12   (0.068) 0.012 0.016 0.164 0.067 
  13   (0.070) 0.016 0.016 0.236 0.091 
  14   (0.062) 0.021 0.015 0.054 0.082 
  15   (0.029) 0.005 0.007 0.081 0.005 
  16   (0.040) 0.007 0.009 0.047 0.007 
  17   (0.029) 0.005 0.083 0.008 0.005 
  18   (0.038) 0.006 0.124 0.010 0.006 
  19   (0.036) 0.006 0.123 0.010 0.006 

Locus 10 : locus10 
20 alleles
0.0% missing data
   1   (0.072) 0.200 0.017 0.020 0.158 
   2   (0.071) 0.202 0.017 0.164 0.018 
   3   (0.078) 0.151 0.019 0.022 0.400 
   4   (0.082) 0.094 0.096 0.059 0.018 
   5   (0.072) 0.151 0.055 0.020 0.014 
   6   (0.070) 0.048 0.055 0.019 0.114 
   7   (0.055) 0.061 0.013 0.052 0.014 
   8   (0.084) 0.023 0.211 0.023 0.198 
   9   (0.041) 0.007 0.010 0.264 0.007 
  10   (0.034) 0.006 0.008 0.045 0.005 
  11   (0.036) 0.006 0.008 0.082 0.006 
  12   (0.029) 0.005 0.007 0.044 0.005 
  13   (0.034) 0.006 0.008 0.082 0.005 
  14   (0.032) 0.006 0.008 0.045 0.005 
  15   (0.031) 0.005 0.122 0.009 0.005 
  16   (0.031) 0.005 0.045 0.008 0.005 
  17   (0.033) 0.006 0.046 0.009 0.005 
  18   (0.041) 0.007 0.086 0.011 0.007 
  19   (0.034) 0.006 0.046 0.010 0.005 
  20   (0.039) 0.007 0.124 0.011 0.006 

Locus 11 : locus11 
24 alleles
0.0% missing data
   1   (0.030) 0.137 0.007 0.008 0.010 
   2   (0.040) 0.225 0.009 0.011 0.008 
   3   (0.038) 0.057 0.009 0.010 0.011 
   4   (0.042) 0.195 0.010 0.012 0.011 
   5   (0.024) 0.084 0.006 0.007 0.005 
   6   (0.040) 0.087 0.009 0.011 0.009 
   7   (0.029) 0.032 0.007 0.008 0.005 
   8   (0.034) 0.033 0.008 0.009 0.006 
   9   (0.073) 0.019 0.170 0.020 0.288 
  10   (0.077) 0.028 0.095 0.022 0.165 
  11   (0.070) 0.012 0.246 0.020 0.153 
  12   (0.041) 0.009 0.010 0.011 0.118 
  13   (0.044) 0.007 0.011 0.085 0.035 
  14   (0.061) 0.010 0.014 0.234 0.038 
  15   (0.032) 0.005 0.007 0.009 0.033 
  16   (0.055) 0.014 0.090 0.016 0.060 
  17   (0.034) 0.006 0.008 0.118 0.006 
  18   (0.037) 0.006 0.009 0.190 0.006 
  19   (0.041) 0.007 0.010 0.084 0.007 
  20   (0.034) 0.006 0.008 0.045 0.006 
  21   (0.032) 0.005 0.007 0.045 0.005 
  22   (0.026) 0.004 0.044 0.007 0.004 
  23   (0.037) 0.006 0.161 0.010 0.006 
  24   (0.030) 0.005 0.045 0.008 0.005 

Locus 12 : locus12 
23 alleles
0.0% missing data
   1   (0.051) 0.151 0.012 0.050 0.009 
   2   (0.039) 0.205 0.009 0.011 0.008 
   3   (0.070) 0.107 0.017 0.055 0.056 
   4   (0.030) 0.062 0.007 0.008 0.005 
   5   (0.041) 0.120 0.010 0.011 0.008 
   6   (0.045) 0.061 0.049 0.013 0.011 
   7   (0.059) 0.038 0.014 0.161 0.009 
   8   (0.067) 0.074 0.016 0.054 0.114 
   9   (0.028) 0.059 0.007 0.008 0.007 
  10   (0.057) 0.015 0.014 0.088 0.139 
  11   (0.064) 0.019 0.015 0.090 0.193 
  12   (0.060) 0.013 0.014 0.053 0.251 
  13   (0.032) 0.014 0.008 0.009 0.078 
  14   (0.030) 0.005 0.007 0.008 0.059 
  15   (0.030) 0.005 0.007 0.081 0.005 
  16   (0.046) 0.008 0.049 0.085 0.007 
  17   (0.042) 0.007 0.010 0.120 0.007 
  18   (0.031) 0.006 0.007 0.045 0.005 
  19   (0.041) 0.007 0.124 0.011 0.007 
  20   (0.032) 0.006 0.122 0.009 0.005 
  21   (0.030) 0.005 0.199 0.008 0.005 
  22   (0.038) 0.007 0.200 0.010 0.006 
  23   (0.036) 0.006 0.085 0.010 0.006 

Locus 13 : locus13 
18 alleles
0.0% missing data
   1   (0.067) 0.196 0.016 0.055 0.017 
   2   (0.066) 0.186 0.016 0.018 0.082 
   3   (0.121) 0.139 0.029 0.142 0.351 
   4   (0.067) 0.142 0.016 0.127 0.017 
   5   (0.077) 0.040 0.018 0.130 0.041 
   6   (0.072) 0.121 0.017 0.200 0.012 
   7   (0.108) 0.098 0.026 0.138 0.218 
   8   (0.051) 0.009 0.012 0.051 0.037 
   9   (0.026) 0.004 0.006 0.007 0.033 
  10   (0.043) 0.015 0.010 0.012 0.084 
  11   (0.034) 0.006 0.008 0.010 0.034 
  12   (0.033) 0.006 0.008 0.009 0.034 
  13   (0.048) 0.008 0.050 0.049 0.008 
  14   (0.039) 0.007 0.124 0.011 0.007 
  15   (0.028) 0.005 0.045 0.008 0.005 
  16   (0.038) 0.006 0.276 0.011 0.006 
  17   (0.044) 0.007 0.201 0.012 0.007 
  18   (0.036) 0.006 0.123 0.010 0.006 

Locus 14 : locus14 
24 alleles
0.0% missing data
   1   (0.036) 0.034 0.008 0.010 0.006 
   2   (0.038) 0.196 0.009 0.010 0.010 
   3   (0.041) 0.255 0.010 0.011 0.008 
   4   (0.042) 0.115 0.010 0.012 0.009 
   5   (0.044) 0.168 0.011 0.012 0.013 
   6   (0.049) 0.046 0.012 0.014 0.082 
   7   (0.055) 0.057 0.013 0.015 0.100 
   8   (0.037) 0.008 0.009 0.010 0.116 
   9   (0.035) 0.007 0.008 0.009 0.116 
  10   (0.039) 0.014 0.009 0.011 0.196 
  11   (0.043) 0.009 0.010 0.012 0.229 
  12   (0.025) 0.004 0.006 0.007 0.032 
  13   (0.023) 0.004 0.005 0.043 0.004 
  14   (0.034) 0.006 0.008 0.082 0.006 
  15   (0.054) 0.009 0.242 0.050 0.009 
  16   (0.056) 0.009 0.051 0.124 0.009 
  17   (0.033) 0.006 0.008 0.045 0.005 
  18   (0.050) 0.008 0.165 0.050 0.008 
  19   (0.035) 0.006 0.008 0.118 0.006 
  20   (0.061) 0.010 0.091 0.125 0.010 
  21   (0.062) 0.010 0.129 0.089 0.010 
  22   (0.032) 0.005 0.007 0.081 0.005 
  23   (0.045) 0.008 0.049 0.049 0.007 
  24   (0.033) 0.006 0.122 0.009 0.005 

Locus 15 : locus15 
24 alleles
0.0% missing data
   1   (0.041) 0.306 0.010 0.011 0.010 
   2   (0.047) 0.362 0.011 0.013 0.011 
   3   (0.035) 0.086 0.008 0.010 0.008 
   4   (0.055) 0.036 0.013 0.124 0.009 
   5   (0.033) 0.057 0.008 0.009 0.009 
   6   (0.057) 0.017 0.013 0.016 0.283 
   7   (0.028) 0.007 0.007 0.008 0.087 
   8   (0.041) 0.008 0.010 0.011 0.146 
   9   (0.034) 0.006 0.008 0.010 0.034 
  10   (0.042) 0.012 0.010 0.012 0.114 
  11   (0.035) 0.006 0.008 0.010 0.034 
  12   (0.034) 0.008 0.008 0.010 0.088 
  13   (0.056) 0.010 0.013 0.088 0.037 
  14   (0.027) 0.005 0.006 0.008 0.032 
  15   (0.026) 0.004 0.006 0.007 0.032 
  16   (0.036) 0.006 0.009 0.118 0.006 
  17   (0.055) 0.009 0.204 0.087 0.009 
  18   (0.034) 0.006 0.008 0.081 0.005 
  19   (0.047) 0.008 0.087 0.049 0.007 
  20   (0.059) 0.010 0.167 0.052 0.010 
  21   (0.062) 0.010 0.244 0.089 0.010 
  22   (0.057) 0.010 0.051 0.161 0.009 
  23   (0.027) 0.005 0.045 0.007 0.004 
  24   (0.033) 0.006 0.046 0.009 0.006 

Locus 16 : locus16 
15 alleles
0.0% missing data
   1   (0.108) 0.057 0.026 0.319 0.062 
   2   (0.090) 0.377 0.021 0.025 0.172 
   3   (0.043) 0.165 0.010 0.012 0.010 
   4   (0.048) 0.138 0.011 0.013 0.013 
   5   (0.037) 0.033 0.009 0.010 0.006 
   6   (0.093) 0.061 0.022 0.134 0.110 
   7   (0.104) 0.060 0.025 0.137 0.231 
   8   (0.038) 0.033 0.009 0.011 0.006 
   9   (0.087) 0.014 0.135 0.061 0.073 
  10   (0.096) 0.016 0.214 0.098 0.074 
  11   (0.072) 0.015 0.017 0.092 0.211 
  12   (0.061) 0.010 0.129 0.053 0.010 
  13   (0.048) 0.008 0.240 0.013 0.008 
  14   (0.040) 0.007 0.086 0.011 0.007 
  15   (0.034) 0.006 0.046 0.010 0.006 

Locus 17 : locus17 
20 alleles
0.0% missing data
   1   (0.041) 0.226 0.009 0.011 0.009 
   2   (0.043) 0.171 0.010 0.012 0.010 
   3   (0.036) 0.089 0.008 0.010 0.006 
   4   (0.049) 0.169 0.012 0.014 0.014 
   5   (0.034) 0.033 0.008 0.009 0.006 
   6   (0.051) 0.050 0.012 0.014 0.050 
   7   (0.101) 0.065 0.138 0.245 0.023 
   8   (0.065) 0.084 0.091 0.018 0.021 
   9   (0.049) 0.012 0.012 0.014 0.396 
  10   (0.044) 0.013 0.010 0.012 0.113 
  11   (0.033) 0.006 0.008 0.009 0.033 
  12   (0.038) 0.006 0.009 0.011 0.118 
  13   (0.043) 0.013 0.010 0.012 0.113 
  14   (0.032) 0.005 0.007 0.009 0.033 
  15   (0.038) 0.006 0.009 0.083 0.006 
  16   (0.066) 0.011 0.130 0.090 0.011 
  17   (0.057) 0.010 0.051 0.160 0.009 
  18   (0.063) 0.011 0.091 0.126 0.010 
  19   (0.058) 0.010 0.320 0.052 0.009 
  20   (0.058) 0.010 0.052 0.088 0.009 

Locus 18 : locus18 
20 alleles
0.0% missing data
   1   (0.040) 0.115 0.009 0.011 0.008 
   2   (0.075) 0.253 0.132 0.021 0.020 
   3   (0.043) 0.170 0.010 0.012 0.010 
   4   (0.029) 0.060 0.007 0.008 0.005 
   5   (0.109) 0.175 0.064 0.030 0.335 
   6   (0.071) 0.061 0.284 0.020 0.018 
   7   (0.033) 0.033 0.008 0.009 0.005 
   8   (0.073) 0.030 0.017 0.093 0.105 
   9   (0.058) 0.015 0.052 0.016 0.061 
  10   (0.073) 0.015 0.208 0.020 0.262 
  11   (0.055) 0.009 0.051 0.016 0.065 
  12   (0.065) 0.017 0.016 0.127 0.061 
  13   (0.029) 0.005 0.007 0.080 0.005 
  14   (0.033) 0.006 0.008 0.154 0.006 
  15   (0.035) 0.006 0.008 0.082 0.006 
  16   (0.037) 0.006 0.009 0.047 0.006 
  17   (0.035) 0.006 0.008 0.117 0.006 
  18   (0.041) 0.007 0.010 0.083 0.007 
  19   (0.028) 0.005 0.007 0.044 0.005 
  20   (0.037) 0.006 0.085 0.010 0.006 

Locus 19 : locus19 
25 alleles
0.0% missing data
   1   (0.039) 0.193 0.009 0.011 0.009 
   2   (0.036) 0.109 0.008 0.010 0.010 
   3   (0.039) 0.137 0.009 0.011 0.010 
   4   (0.032) 0.084 0.007 0.009 0.008 
   5   (0.053) 0.157 0.012 0.015 0.051 
   6   (0.050) 0.088 0.012 0.014 0.095 
   7   (0.084) 0.106 0.134 0.024 0.115 
   8   (0.037) 0.008 0.009 0.010 0.120 
   9   (0.038) 0.010 0.009 0.011 0.060 
  10   (0.063) 0.013 0.167 0.017 0.209 
  11   (0.034) 0.007 0.008 0.009 0.119 
  12   (0.057) 0.010 0.319 0.016 0.038 
  13   (0.046) 0.008 0.087 0.013 0.036 
  14   (0.051) 0.013 0.127 0.014 0.061 
  15   (0.035) 0.006 0.008 0.046 0.006 
  16   (0.035) 0.006 0.008 0.154 0.006 
  17   (0.028) 0.004 0.006 0.079 0.005 
  18   (0.031) 0.005 0.007 0.081 0.005 
  19   (0.032) 0.005 0.008 0.082 0.005 
  20   (0.041) 0.007 0.010 0.120 0.007 
  21   (0.022) 0.004 0.005 0.042 0.004 
  22   (0.031) 0.005 0.007 0.045 0.005 
  23   (0.033) 0.005 0.008 0.082 0.006 
  24   (0.029) 0.005 0.007 0.044 0.005 
  25   (0.026) 0.004 0.006 0.043 0.004 

Locus 20 : locus20 
15 alleles
0.0% missing data
   1   (0.099) 0.103 0.061 0.064 0.067 
   2   (0.039) 0.249 0.009 0.011 0.008 
   3   (0.038) 0.166 0.009 0.011 0.009 
   4   (0.118) 0.117 0.219 0.140 0.030 
   5   (0.101) 0.105 0.024 0.172 0.151 
   6   (0.066) 0.117 0.016 0.018 0.070 
   7   (0.032) 0.032 0.008 0.009 0.005 
   8   (0.061) 0.010 0.014 0.053 0.096 
   9   (0.036) 0.006 0.009 0.010 0.034 
  10   (0.057) 0.014 0.013 0.052 0.061 
  11   (0.033) 0.005 0.008 0.009 0.034 
  12   (0.125) 0.028 0.259 0.143 0.270 
  13   (0.034) 0.006 0.008 0.010 0.034 
  14   (0.037) 0.010 0.009 0.010 0.059 
  15   (0.125) 0.029 0.334 0.287 0.069 

Locus 21 : locus21 
20 alleles
0.0% missing data
   1   (0.074) 0.101 0.017 0.021 0.397 
   2   (0.046) 0.063 0.011 0.049 0.008 
   3   (0.036) 0.113 0.009 0.010 0.010 
   4   (0.032) 0.061 0.008 0.009 0.005 
   5   (0.037) 0.087 0.009 0.010 0.008 
   6   (0.070) 0.212 0.016 0.019 0.255 
   7   (0.070) 0.039 0.055 0.128 0.011 
   8   (0.036) 0.034 0.008 0.010 0.006 
   9   (0.085) 0.141 0.058 0.096 0.026 
  10   (0.051) 0.064 0.012 0.014 0.064 
  11   (0.028) 0.005 0.007 0.008 0.060 
  12   (0.044) 0.012 0.011 0.012 0.058 
  13   (0.035) 0.006 0.008 0.010 0.033 
  14   (0.036) 0.006 0.008 0.191 0.006 
  15   (0.056) 0.010 0.167 0.051 0.009 
  16   (0.058) 0.010 0.167 0.088 0.009 
  17   (0.056) 0.010 0.089 0.124 0.009 
  18   (0.063) 0.011 0.168 0.089 0.010 
  19   (0.049) 0.008 0.089 0.049 0.008 
  20   (0.038) 0.006 0.085 0.011 0.006 

Locus 22 : locus22 
16 alleles
0.0% missing data
   1   (0.048) 0.225 0.011 0.014 0.014 
   2   (0.078) 0.093 0.056 0.058 0.016 
   3   (0.090) 0.099 0.136 0.025 0.042 
   4   (0.072) 0.092 0.017 0.020 0.320 
   5   (0.090) 0.064 0.059 0.097 0.021 
   6   (0.037) 0.062 0.009 0.010 0.006 
   7   (0.068) 0.061 0.016 0.019 0.239 
   8   (0.063) 0.038 0.206 0.017 0.010 
   9   (0.111) 0.120 0.102 0.139 0.028 
  10   (0.073) 0.098 0.017 0.020 0.259 
  11   (0.078) 0.013 0.210 0.130 0.013 
  12   (0.037) 0.006 0.009 0.083 0.006 
  13   (0.044) 0.007 0.010 0.229 0.007 
  14   (0.038) 0.006 0.009 0.083 0.006 
  15   (0.035) 0.006 0.008 0.046 0.006 
  16   (0.039) 0.007 0.124 0.011 0.006 

Locus 23 : locus23 
17 alleles
0.0% missing data
   1   (0.082) 0.122 0.173 0.058 0.016 
   2   (0.047) 0.312 0.011 0.013 0.010 
   3   (0.081) 0.041 0.096 0.095 0.013 
   4   (0.077) 0.096 0.056 0.058 0.013 
   5   (0.116) 0.197 0.256 0.140 0.034 
   6   (0.092) 0.128 0.022 0.097 0.179 
   7   (0.047) 0.013 0.011 0.013 0.199 
   8   (0.034) 0.006 0.008 0.010 0.033 
   9   (0.034) 0.006 0.008 0.009 0.062 
  10   (0.087) 0.018 0.059 0.097 0.151 
  11   (0.065) 0.014 0.015 0.090 0.120 
  12   (0.030) 0.005 0.007 0.008 0.033 
  13   (0.035) 0.013 0.008 0.010 0.082 
  14   (0.031) 0.005 0.007 0.009 0.033 
  15   (0.072) 0.012 0.094 0.237 0.012 
  16   (0.032) 0.005 0.008 0.045 0.005 
  17   (0.040) 0.007 0.162 0.011 0.007 

Locus 24 : locus24 
18 alleles
0.0% missing data
   1   (0.071) 0.168 0.017 0.020 0.331 
   2   (0.033) 0.033 0.008 0.009 0.005 
   3   (0.105) 0.176 0.101 0.174 0.023 
   4   (0.064) 0.120 0.015 0.018 0.124 
   5   (0.094) 0.064 0.099 0.134 0.023 
   6   (0.034) 0.057 0.008 0.009 0.009 
   7   (0.065) 0.113 0.016 0.090 0.018 
   8   (0.032) 0.033 0.008 0.009 0.005 
   9   (0.068) 0.121 0.016 0.019 0.179 
  10   (0.051) 0.050 0.012 0.014 0.051 
  11   (0.052) 0.009 0.089 0.014 0.037 
  12   (0.041) 0.009 0.010 0.011 0.118 
  13   (0.033) 0.006 0.008 0.009 0.034 
  14   (0.055) 0.009 0.089 0.123 0.009 
  15   (0.071) 0.012 0.093 0.236 0.012 
  16   (0.054) 0.009 0.089 0.088 0.009 
  17   (0.037) 0.006 0.161 0.010 0.006 
  18   (0.039) 0.006 0.162 0.011 0.006 

Locus 25 : locus25 
17 alleles
0.0% missing data
   1   (0.092) 0.156 0.136 0.098 0.017 
   2   (0.040) 0.090 0.009 0.011 0.008 
   3   (0.054) 0.038 0.013 0.015 0.091 
   4   (0.087) 0.181 0.097 0.060 0.019 
   5   (0.077) 0.135 0.018 0.021 0.383 
   6   (0.053) 0.038 0.013 0.088 0.008 
   7   (0.088) 0.109 0.021 0.097 0.141 
   8   (0.092) 0.120 0.098 0.170 0.023 
   9   (0.091) 0.073 0.174 0.098 0.015 
  10   (0.051) 0.012 0.012 0.049 0.197 
  11   (0.050) 0.009 0.012 0.087 0.035 
  12   (0.031) 0.005 0.007 0.009 0.032 
  13   (0.033) 0.006 0.008 0.045 0.005 
  14   (0.054) 0.009 0.051 0.123 0.009 
  15   (0.034) 0.006 0.123 0.010 0.005 
  16   (0.034) 0.006 0.123 0.009 0.005 
  17   (0.038) 0.007 0.086 0.011 0.006 

Locus 26 : locus26 
28 alleles
0.0% missing data
   1   (0.032) 0.061 0.008 0.009 0.005 
   2   (0.027) 0.032 0.006 0.007 0.004 
   3   (0.033) 0.170 0.008 0.009 0.008 
   4   (0.034) 0.115 0.008 0.009 0.007 
   5   (0.050) 0.059 0.012 0.050 0.013 
   6   (0.032) 0.033 0.008 0.009 0.005 
   7   (0.056) 0.168 0.013 0.015 0.016 
   8   (0.030) 0.115 0.007 0.008 0.006 
   9   (0.045) 0.045 0.011 0.013 0.081 
  10   (0.032) 0.082 0.007 0.009 0.011 
  11   (0.033) 0.009 0.008 0.009 0.282 
  12   (0.025) 0.007 0.006 0.007 0.057 
  13   (0.067) 0.017 0.054 0.019 0.312 
  14   (0.059) 0.010 0.167 0.016 0.093 
  15   (0.047) 0.008 0.049 0.013 0.035 
  16   (0.033) 0.006 0.008 0.225 0.005 
  17   (0.030) 0.005 0.007 0.153 0.005 
  18   (0.034) 0.006 0.008 0.046 0.005 
  19   (0.035) 0.006 0.008 0.082 0.006 
  20   (0.028) 0.005 0.007 0.044 0.005 
  21   (0.033) 0.006 0.008 0.082 0.005 
  22   (0.034) 0.006 0.008 0.045 0.006 
  23   (0.029) 0.005 0.007 0.044 0.005 
  24   (0.022) 0.004 0.005 0.043 0.004 
  25   (0.029) 0.005 0.045 0.008 0.005 
  26   (0.033) 0.006 0.161 0.009 0.005 
  27   (0.031) 0.005 0.237 0.009 0.005 
  28   (0.026) 0.004 0.120 0.007 0.004 

Locus 27 : locus27 
18 alleles
0.0% missing data
   1   (0.037) 0.172 0.009 0.010 0.010 
   2   (0.035) 0.059 0.008 0.010 0.009 
   3   (0.081) 0.071 0.134 0.131 0.013 
   4   (0.035) 0.088 0.008 0.010 0.008 
   5   (0.037) 0.144 0.009 0.010 0.009 
   6   (0.078) 0.064 0.094 0.130 0.018 
   7   (0.028) 0.033 0.007 0.008 0.005 
   8   (0.032) 0.062 0.007 0.009 0.005 
   9   (0.086) 0.043 0.097 0.169 0.041 
  10   (0.074) 0.057 0.056 0.020 0.215 
  11   (0.067) 0.054 0.093 0.019 0.051 
  12   (0.030) 0.033 0.007 0.008 0.005 
  13   (0.034) 0.034 0.008 0.009 0.005 
  14   (0.100) 0.027 0.176 0.136 0.281 
  15   (0.046) 0.013 0.011 0.049 0.058 
  16   (0.094) 0.021 0.136 0.170 0.203 
  17   (0.074) 0.020 0.133 0.057 0.060 
  18   (0.030) 0.005 0.007 0.044 0.005 

Locus 28 : locus28 
18 alleles
0.0% missing data
   1   (0.031) 0.033 0.007 0.009 0.005 
   2   (0.038) 0.057 0.009 0.011 0.010 
   3   (0.078) 0.334 0.018 0.094 0.020 
   4   (0.046) 0.117 0.011 0.013 0.008 
   5   (0.040) 0.168 0.009 0.011 0.009 
   6   (0.038) 0.057 0.009 0.011 0.010 
   7   (0.062) 0.089 0.015 0.089 0.014 
   8   (0.109) 0.025 0.217 0.102 0.264 
   9   (0.065) 0.011 0.092 0.018 0.124 
  10   (0.034) 0.006 0.008 0.010 0.034 
  11   (0.059) 0.016 0.014 0.053 0.116 
  12   (0.110) 0.028 0.217 0.102 0.206 
  13   (0.062) 0.016 0.167 0.017 0.061 
  14   (0.062) 0.014 0.129 0.017 0.091 
  15   (0.057) 0.009 0.051 0.124 0.009 
  16   (0.039) 0.007 0.009 0.119 0.006 
  17   (0.040) 0.007 0.009 0.155 0.007 
  18   (0.032) 0.005 0.007 0.045 0.005 

Locus 29 : locus29 
20 alleles
0.0% missing data
   1   (0.039) 0.114 0.009 0.011 0.008 
   2   (0.086) 0.096 0.135 0.024 0.099 
   3   (0.038) 0.168 0.009 0.010 0.009 
   4   (0.032) 0.061 0.008 0.009 0.005 
   5   (0.046) 0.049 0.011 0.013 0.050 
   6   (0.044) 0.275 0.010 0.012 0.013 
   7   (0.062) 0.038 0.053 0.017 0.038 
   8   (0.103) 0.099 0.100 0.029 0.384 
   9   (0.054) 0.016 0.051 0.015 0.172 
  10   (0.055) 0.009 0.013 0.124 0.037 
  11   (0.030) 0.007 0.007 0.009 0.117 
  12   (0.036) 0.006 0.009 0.082 0.006 
  13   (0.029) 0.005 0.007 0.044 0.005 
  14   (0.054) 0.009 0.089 0.087 0.009 
  15   (0.064) 0.011 0.130 0.125 0.011 
  16   (0.038) 0.006 0.009 0.119 0.006 
  17   (0.029) 0.005 0.007 0.044 0.005 
  18   (0.048) 0.008 0.088 0.085 0.008 
  19   (0.057) 0.010 0.129 0.088 0.009 
  20   (0.056) 0.009 0.128 0.052 0.009 

Locus 30 : locus30 
25 alleles
0.0% missing data
   1   (0.092) 0.188 0.022 0.134 0.176 
   2   (0.054) 0.150 0.013 0.051 0.010 
   3   (0.053) 0.037 0.013 0.051 0.036 
   4   (0.062) 0.093 0.015 0.234 0.013 
   5   (0.058) 0.170 0.014 0.016 0.209 
   6   (0.033) 0.089 0.008 0.009 0.007 
   7   (0.050) 0.037 0.012 0.014 0.035 
   8   (0.048) 0.044 0.011 0.013 0.110 
   9   (0.048) 0.062 0.011 0.013 0.147 
  10   (0.041) 0.045 0.010 0.011 0.079 
  11   (0.037) 0.012 0.009 0.010 0.110 
  12   (0.036) 0.006 0.009 0.227 0.006 
  13   (0.029) 0.005 0.007 0.044 0.005 
  14   (0.030) 0.005 0.007 0.080 0.005 
  15   (0.024) 0.004 0.082 0.007 0.004 
  16   (0.034) 0.006 0.161 0.010 0.006 
  17   (0.030) 0.005 0.045 0.008 0.005 
  18   (0.034) 0.006 0.123 0.009 0.005 
  19   (0.035) 0.006 0.161 0.010 0.006 
  20   (0.032) 0.006 0.046 0.009 0.005 
  21   (0.026) 0.005 0.044 0.007 0.004 
  22   (0.032) 0.005 0.045 0.009 0.005 
  23   (0.027) 0.005 0.044 0.008 0.004 
  24   (0.025) 0.004 0.044 0.007 0.004 
  25   (0.029) 0.005 0.045 0.008 0.005 

Locus 31 : locus31 
16 alleles
0.0% missing data
   1   (0.153) 0.178 0.189 0.079 0.319 
   2   (0.102) 0.110 0.024 0.064 0.287 
   3   (0.036) 0.143 0.009 0.010 0.007 
   4   (0.066) 0.139 0.015 0.018 0.076 
   5   (0.039) 0.058 0.009 0.011 0.010 
   6   (0.032) 0.033 0.008 0.009 0.005 
   7   (0.048) 0.167 0.011 0.013 0.014 
   8   (0.068) 0.061 0.016 0.127 0.017 
   9   (0.053) 0.036 0.013 0.015 0.065 
  10   (0.086) 0.014 0.058 0.132 0.070 
  11   (0.088) 0.022 0.135 0.097 0.063 
  12   (0.060) 0.010 0.205 0.017 0.038 
  13   (0.046) 0.008 0.011 0.266 0.007 
  14   (0.042) 0.007 0.010 0.120 0.007 
  15   (0.041) 0.007 0.124 0.011 0.007 
  16   (0.040) 0.007 0.162 0.011 0.007 

Locus 32 : locus32 
21 alleles
0.0% missing data
   1   (0.043) 0.222 0.010 0.012 0.010 
   2   (0.039) 0.139 0.009 0.011 0.010 
   3   (0.071) 0.254 0.017 0.020 0.069 
   4   (0.033) 0.057 0.008 0.009 0.009 
   5   (0.040) 0.088 0.009 0.011 0.007 
   6   (0.043) 0.057 0.010 0.012 0.012 
   7   (0.050) 0.049 0.012 0.014 0.051 
   8   (0.039) 0.008 0.009 0.011 0.149 
   9   (0.060) 0.013 0.052 0.017 0.092 
  10   (0.039) 0.008 0.009 0.011 0.119 
  11   (0.092) 0.028 0.175 0.061 0.144 
  12   (0.041) 0.009 0.010 0.011 0.205 
  13   (0.036) 0.006 0.008 0.010 0.034 
  14   (0.055) 0.009 0.013 0.088 0.037 
  15   (0.039) 0.006 0.009 0.192 0.006 
  16   (0.042) 0.007 0.010 0.157 0.007 
  17   (0.034) 0.006 0.008 0.118 0.006 
  18   (0.054) 0.009 0.128 0.050 0.009 
  19   (0.056) 0.009 0.165 0.052 0.009 
  20   (0.032) 0.005 0.007 0.081 0.005 
  21   (0.062) 0.010 0.320 0.053 0.010 

Locus 33 : locus33 
21 alleles
0.0% missing data
   1   (0.035) 0.062 0.008 0.010 0.006 
   2   (0.031) 0.033 0.007 0.009 0.005 
   3   (0.124) 0.189 0.144 0.396 0.020 
   4   (0.117) 0.254 0.218 0.141 0.035 
   5   (0.046) 0.254 0.011 0.013 0.012 
   6   (0.062) 0.061 0.167 0.017 0.015 
   7   (0.053) 0.037 0.127 0.015 0.009 
   8   (0.035) 0.006 0.008 0.010 0.034 
   9   (0.034) 0.006 0.008 0.009 0.033 
  10   (0.046) 0.011 0.011 0.013 0.171 
  11   (0.037) 0.009 0.009 0.010 0.087 
  12   (0.043) 0.010 0.010 0.012 0.199 
  13   (0.040) 0.011 0.009 0.011 0.057 
  14   (0.040) 0.011 0.009 0.011 0.057 
  15   (0.043) 0.011 0.010 0.012 0.225 
  16   (0.033) 0.006 0.008 0.118 0.005 
  17   (0.034) 0.006 0.008 0.045 0.006 
  18   (0.033) 0.006 0.008 0.045 0.005 
  19   (0.039) 0.007 0.009 0.083 0.006 
  20   (0.038) 0.006 0.162 0.011 0.006 
  21   (0.036) 0.006 0.047 0.010 0.006 

Locus 34 : locus34 
21 alleles
0.0% missing data
   1   (0.086) 0.151 0.172 0.024 0.042 
   2   (0.054) 0.037 0.090 0.015 0.009 
   3   (0.044) 0.143 0.011 0.012 0.011 
   4   (0.035) 0.088 0.008 0.010 0.008 
   5   (0.083) 0.052 0.020 0.204 0.086 
   6   (0.063) 0.149 0.053 0.018 0.012 
   7   (0.035) 0.173 0.008 0.010 0.006 
   8   (0.062) 0.067 0.206 0.017 0.010 
   9   (0.029) 0.033 0.007 0.008 0.005 
  10   (0.072) 0.016 0.017 0.092 0.202 
  11   (0.056) 0.015 0.013 0.124 0.059 
  12   (0.035) 0.009 0.008 0.010 0.253 
  13   (0.076) 0.017 0.018 0.201 0.202 
  14   (0.039) 0.011 0.009 0.011 0.058 
  15   (0.032) 0.006 0.008 0.117 0.005 
  16   (0.035) 0.006 0.008 0.083 0.006 
  17   (0.032) 0.005 0.046 0.009 0.005 
  18   (0.032) 0.005 0.084 0.009 0.005 
  19   (0.031) 0.005 0.122 0.009 0.005 
  20   (0.032) 0.005 0.046 0.009 0.005 
  21   (0.037) 0.006 0.047 0.010 0.006 

Locus 35 : locus35 
21 alleles
0.0% missing data
   1   (0.039) 0.064 0.009 0.011 0.006 
   2   (0.058) 0.104 0.014 0.016 0.054 
   3   (0.068) 0.179 0.092 0.019 0.015 
   4   (0.065) 0.122 0.168 0.018 0.013 
   5   (0.055) 0.053 0.013 0.015 0.048 
   6   (0.040) 0.119 0.009 0.011 0.008 
   7   (0.095) 0.152 0.290 0.062 0.021 
   8   (0.049) 0.058 0.012 0.014 0.096 
   9   (0.071) 0.065 0.017 0.020 0.369 
  10   (0.042) 0.010 0.010 0.011 0.303 
  11   (0.039) 0.007 0.009 0.191 0.006 
  12   (0.033) 0.006 0.008 0.045 0.005 
  13   (0.042) 0.007 0.010 0.120 0.007 
  14   (0.050) 0.009 0.050 0.050 0.008 
  15   (0.035) 0.006 0.008 0.118 0.006 
  16   (0.062) 0.011 0.091 0.089 0.010 
  17   (0.032) 0.006 0.008 0.045 0.005 
  18   (0.031) 0.005 0.007 0.045 0.005 
  19   (0.033) 0.006 0.008 0.045 0.005 
  20   (0.027) 0.005 0.006 0.044 0.004 
  21   (0.036) 0.006 0.161 0.010 0.006 

Locus 36 : locus36 
21 alleles
0.0% missing data
   1   (0.042) 0.253 0.010 0.011 0.010 
   2   (0.031) 0.057 0.007 0.009 0.008 
   3   (0.078) 0.208 0.019 0.021 0.094 
   4   (0.035) 0.033 0.008 0.010 0.006 
   5   (0.099) 0.102 0.138 0.028 0.265 
   6   (0.048) 0.081 0.011 0.013 0.046 
   7   (0.072) 0.102 0.055 0.020 0.060 
   8   (0.034) 0.057 0.008 0.009 0.009 
   9   (0.040) 0.012 0.009 0.011 0.170 
  10   (0.034) 0.006 0.008 0.009 0.034 
  11   (0.056) 0.009 0.204 0.015 0.066 
  12   (0.061) 0.017 0.015 0.089 0.115 
  13   (0.030) 0.005 0.007 0.008 0.061 
  14   (0.039) 0.007 0.009 0.083 0.007 
  15   (0.041) 0.007 0.010 0.192 0.007 
  16   (0.039) 0.006 0.009 0.155 0.006 
  17   (0.058) 0.010 0.052 0.161 0.010 
  18   (0.060) 0.010 0.167 0.089 0.010 
  19   (0.032) 0.005 0.008 0.045 0.005 
  20   (0.037) 0.006 0.200 0.010 0.006 
  21   (0.034) 0.006 0.046 0.010 0.006 

Locus 37 : locus37 
24 alleles
0.0% missing data
   1   (0.044) 0.035 0.011 0.049 0.007 
   2   (0.050) 0.092 0.012 0.050 0.008 
   3   (0.036) 0.144 0.008 0.010 0.007 
   4   (0.084) 0.201 0.249 0.059 0.021 
   5   (0.058) 0.145 0.052 0.016 0.014 
   6   (0.057) 0.170 0.014 0.052 0.016 
   7   (0.059) 0.091 0.014 0.197 0.013 
   8   (0.065) 0.013 0.015 0.127 0.176 
   9   (0.027) 0.005 0.006 0.008 0.032 
  10   (0.037) 0.015 0.009 0.010 0.275 
  11   (0.029) 0.007 0.007 0.008 0.086 
  12   (0.035) 0.007 0.008 0.010 0.115 
  13   (0.049) 0.011 0.012 0.050 0.088 
  14   (0.050) 0.009 0.012 0.159 0.035 
  15   (0.034) 0.006 0.008 0.009 0.033 
  16   (0.024) 0.004 0.006 0.007 0.031 
  17   (0.030) 0.005 0.007 0.044 0.005 
  18   (0.040) 0.007 0.086 0.047 0.006 
  19   (0.048) 0.008 0.164 0.049 0.008 
  20   (0.033) 0.006 0.084 0.009 0.005 
  21   (0.022) 0.004 0.043 0.006 0.004 
  22   (0.032) 0.005 0.084 0.009 0.005 
  23   (0.026) 0.005 0.044 0.007 0.004 
  24   (0.029) 0.005 0.045 0.008 0.005 

Locus 38 : locus38 
21 alleles
0.0% missing data
   1   (0.047) 0.088 0.011 0.013 0.010 
   2   (0.043) 0.143 0.010 0.012 0.009 
   3   (0.041) 0.276 0.010 0.011 0.012 
   4   (0.049) 0.036 0.012 0.050 0.008 
   5   (0.042) 0.112 0.010 0.012 0.012 
   6   (0.060) 0.145 0.052 0.017 0.012 
   7   (0.040) 0.062 0.009 0.011 0.007 
   8   (0.052) 0.012 0.012 0.014 0.258 
   9   (0.073) 0.023 0.132 0.020 0.084 
  10   (0.066) 0.013 0.053 0.018 0.179 
  11   (0.039) 0.008 0.009 0.011 0.146 
  12   (0.041) 0.010 0.010 0.011 0.144 
  13   (0.038) 0.010 0.009 0.010 0.059 
  14   (0.043) 0.007 0.010 0.265 0.007 
  15   (0.037) 0.006 0.009 0.082 0.006 
  16   (0.041) 0.007 0.010 0.156 0.007 
  17   (0.060) 0.010 0.091 0.089 0.010 
  18   (0.060) 0.010 0.282 0.088 0.010 
  19   (0.050) 0.008 0.050 0.086 0.008 
  20   (0.040) 0.007 0.124 0.011 0.007 
  21   (0.038) 0.006 0.085 0.011 0.006 

Locus 39 : locus39 
18 alleles
0.0% missing data
   1   (0.070) 0.174 0.093 0.020 0.016 
   2   (0.058) 0.176 0.013 0.052 0.009 
   3   (0.069) 0.225 0.016 0.091 0.019 
   4   (0.068) 0.039 0.245 0.019 0.011 
   5   (0.039) 0.058 0.009 0.011 0.010 
   6   (0.051) 0.036 0.012 0.087 0.008 
   7   (0.041) 0.088 0.010 0.011 0.009 
   8   (0.059) 0.083 0.014 0.052 0.019 
   9   (0.043) 0.009 0.010 0.012 0.340 
  10   (0.078) 0.021 0.018 0.166 0.201 
  11   (0.078) 0.013 0.209 0.057 0.040 
  12   (0.065) 0.023 0.015 0.090 0.082 
  13   (0.039) 0.011 0.009 0.011 0.058 
  14   (0.031) 0.007 0.007 0.009 0.086 
  15   (0.076) 0.013 0.133 0.093 0.040 
  16   (0.062) 0.011 0.015 0.162 0.038 
  17   (0.033) 0.006 0.008 0.045 0.006 
  18   (0.040) 0.007 0.162 0.011 0.007 

Locus 40 : locus40 
24 alleles
0.0% missing data
   1   (0.043) 0.142 0.010 0.012 0.011 
   2   (0.028) 0.056 0.007 0.008 0.008 
   3   (0.065) 0.277 0.015 0.018 0.244 
   4   (0.051) 0.064 0.012 0.014 0.036 
   5   (0.058) 0.100 0.014 0.016 0.058 
   6   (0.049) 0.051 0.012 0.014 0.218 
   7   (0.041) 0.112 0.010 0.011 0.011 
   8   (0.027) 0.032 0.006 0.008 0.005 
   9   (0.060) 0.064 0.014 0.017 0.207 
  10   (0.032) 0.006 0.008 0.009 0.033 
  11   (0.038) 0.011 0.009 0.011 0.058 
  12   (0.025) 0.004 0.006 0.007 0.032 
  13   (0.056) 0.009 0.051 0.197 0.009 
  14   (0.035) 0.006 0.008 0.045 0.006 
  15   (0.036) 0.006 0.008 0.118 0.006 
  16   (0.058) 0.010 0.052 0.305 0.009 
  17   (0.049) 0.008 0.127 0.049 0.008 
  18   (0.039) 0.007 0.009 0.083 0.006 
  19   (0.029) 0.005 0.045 0.008 0.005 
  20   (0.033) 0.006 0.046 0.009 0.005 
  21   (0.042) 0.007 0.240 0.011 0.007 
  22   (0.029) 0.005 0.045 0.008 0.005 
  23   (0.045) 0.008 0.201 0.012 0.007 
  24   (0.032) 0.005 0.046 0.009 0.005 

Locus 41 : locus41 
15 alleles
0.0% missing data
   1   (0.042) 0.115 0.010 0.012 0.009 
   2   (0.080) 0.160 0.019 0.022 0.200 
   3   (0.079) 0.199 0.133 0.022 0.020 
   4   (0.085) 0.169 0.288 0.024 0.024 
   5   (0.036) 0.033 0.009 0.010 0.006 
   6   (0.083) 0.055 0.020 0.095 0.056 
   7   (0.105) 0.124 0.140 0.137 0.021 
   8   (0.109) 0.066 0.140 0.030 0.362 
   9   (0.068) 0.017 0.016 0.164 0.061 
  10   (0.100) 0.020 0.139 0.100 0.154 
  11   (0.061) 0.016 0.014 0.089 0.061 
  12   (0.039) 0.007 0.009 0.083 0.007 
  13   (0.044) 0.007 0.010 0.157 0.007 
  14   (0.034) 0.006 0.008 0.045 0.006 
  15   (0.036) 0.006 0.047 0.010 0.006 

Locus 42 : locus42 
27 alleles
0.0% missing data
   1   (0.039) 0.147 0.009 0.011 0.008 
   2   (0.024) 0.058 0.006 0.007 0.006 
   3   (0.054) 0.149 0.051 0.015 0.010 
   4   (0.031) 0.058 0.007 0.009 0.008 
   5   (0.041) 0.174 0.009 0.011 0.009 
   6   (0.057) 0.103 0.013 0.016 0.055 
   7   (0.062) 0.117 0.053 0.017 0.016 
   8   (0.047) 0.036 0.049 0.013 0.008 
   9   (0.026) 0.033 0.006 0.007 0.004 
  10   (0.032) 0.006 0.008 0.009 0.033 
  11   (0.036) 0.006 0.009 0.010 0.061 
  12   (0.036) 0.011 0.008 0.010 0.220 
  13   (0.031) 0.007 0.007 0.009 0.085 
  14   (0.045) 0.010 0.011 0.012 0.279 
  15   (0.045) 0.013 0.010 0.013 0.057 
  16   (0.030) 0.005 0.007 0.008 0.032 
  17   (0.034) 0.010 0.008 0.009 0.057 
  18   (0.043) 0.007 0.010 0.337 0.007 
  19   (0.039) 0.007 0.009 0.155 0.006 
  20   (0.032) 0.006 0.007 0.081 0.005 
  21   (0.033) 0.006 0.008 0.045 0.005 
  22   (0.029) 0.005 0.007 0.080 0.005 
  23   (0.031) 0.005 0.007 0.081 0.005 
  24   (0.033) 0.006 0.160 0.009 0.005 
  25   (0.028) 0.005 0.312 0.008 0.005 
  26   (0.036) 0.006 0.123 0.010 0.006 
  27   (0.028) 0.005 0.083 0.008 0.004 

Locus 43 : locus43 
17 alleles
0.0% missing data
   1   (0.071) 0.125 0.017 0.020 0.121 
   2   (0.092) 0.381 0.022 0.026 0.177 
   3   (0.075) 0.151 0.018 0.021 0.152 
   4   (0.133) 0.224 0.222 0.037 0.182 
   5   (0.061) 0.010 0.168 0.017 0.037 
   6   (0.047) 0.014 0.011 0.013 0.113 
   7   (0.062) 0.016 0.053 0.017 0.144 
   8   (0.042) 0.007 0.010 0.084 0.007 
   9   (0.061) 0.010 0.091 0.089 0.010 
  10   (0.062) 0.011 0.129 0.089 0.010 
  11   (0.043) 0.007 0.010 0.121 0.007 
  12   (0.033) 0.006 0.008 0.045 0.006 
  13   (0.081) 0.014 0.133 0.275 0.013 
  14   (0.037) 0.006 0.009 0.082 0.006 
  15   (0.033) 0.006 0.008 0.046 0.005 
  16   (0.031) 0.005 0.045 0.009 0.005 
  17   (0.036) 0.006 0.046 0.010 0.006 

Locus 44 : locus44 
20 alleles
0.0% missing data
   1   (0.051) 0.037 0.012 0.087 0.008 
   2   (0.074) 0.176 0.018 0.165 0.017 
   3   (0.060) 0.287 0.052 0.017 0.013 
   4   (0.051) 0.093 0.012 0.050 0.008 
   5   (0.033) 0.062 0.008 0.009 0.005 
   6   (0.037) 0.089 0.009 0.010 0.008 
   7   (0.078) 0.131 0.057 0.057 0.034 
   8   (0.063) 0.016 0.206 0.018 0.143 
   9   (0.069) 0.016 0.055 0.055 0.200 
  10   (0.060) 0.017 0.014 0.052 0.335 
  11   (0.058) 0.014 0.090 0.016 0.089 
  12   (0.072) 0.012 0.055 0.202 0.039 
  13   (0.052) 0.009 0.165 0.014 0.035 
  14   (0.049) 0.008 0.126 0.014 0.035 
  15   (0.035) 0.006 0.008 0.082 0.006 
  16   (0.034) 0.006 0.008 0.046 0.006 
  17   (0.028) 0.005 0.007 0.044 0.005 
  18   (0.032) 0.006 0.008 0.045 0.005 
  19   (0.029) 0.005 0.045 0.008 0.005 
  20   (0.033) 0.006 0.046 0.009 0.005 

Locus 45 : locus45 
20 alleles
0.0% missing data
   1   (0.042) 0.281 0.010 0.012 0.010 
   2   (0.036) 0.058 0.008 0.010 0.009 
   3   (0.052) 0.065 0.012 0.051 0.009 
   4   (0.059) 0.066 0.052 0.016 0.010 
   5   (0.042) 0.255 0.010 0.012 0.008 
   6   (0.046) 0.059 0.011 0.013 0.012 
   7   (0.039) 0.082 0.009 0.011 0.014 
   8   (0.034) 0.006 0.008 0.010 0.117 
   9   (0.054) 0.016 0.013 0.015 0.335 
  10   (0.042) 0.009 0.010 0.012 0.228 
  11   (0.083) 0.014 0.096 0.131 0.041 
  12   (0.041) 0.011 0.010 0.011 0.058 
  13   (0.087) 0.019 0.059 0.133 0.093 
  14   (0.063) 0.011 0.091 0.126 0.010 
  15   (0.065) 0.011 0.092 0.235 0.011 
  16   (0.053) 0.009 0.165 0.050 0.009 
  17   (0.061) 0.010 0.052 0.125 0.010 
  18   (0.038) 0.006 0.086 0.011 0.006 
  19   (0.037) 0.006 0.161 0.010 0.006 
  20   (0.028) 0.005 0.045 0.008 0.004 

Locus 46 : locus46 
19 alleles
0.0% missing data
   1   (0.117) 0.430 0.181 0.032 0.112 
   2   (0.064) 0.092 0.015 0.126 0.014 
   3   (0.081) 0.059 0.057 0.022 0.327 
   4   (0.057) 0.048 0.014 0.016 0.081 
   5   (0.063) 0.038 0.015 0.198 0.010 
   6   (0.068) 0.121 0.016 0.127 0.013 
   7   (0.053) 0.061 0.013 0.051 0.013 
   8   (0.030) 0.033 0.007 0.008 0.005 
   9   (0.050) 0.037 0.012 0.050 0.008 
  10   (0.048) 0.014 0.011 0.013 0.250 
  11   (0.074) 0.016 0.094 0.021 0.119 
  12   (0.042) 0.007 0.010 0.120 0.007 
  13   (0.036) 0.006 0.008 0.154 0.006 
  14   (0.035) 0.006 0.046 0.010 0.006 
  15   (0.038) 0.007 0.238 0.011 0.006 
  16   (0.034) 0.006 0.084 0.009 0.005 
  17   (0.039) 0.007 0.086 0.011 0.006 
  18   (0.033) 0.006 0.046 0.009 0.005 
  19   (0.038) 0.007 0.047 0.011 0.006 

Locus 47 : locus47 
22 alleles
0.0% missing data
   1   (0.027) 0.032 0.006 0.008 0.004 
   2   (0.075) 0.262 0.018 0.201 0.014 
   3   (0.040) 0.113 0.009 0.011 0.011 
   4   (0.078) 0.219 0.018 0.274 0.027 
   5   (0.026) 0.086 0.006 0.007 0.006 
   6   (0.039) 0.059 0.009 0.011 0.010 
   7   (0.061) 0.037 0.014 0.198 0.010 
   8   (0.047) 0.036 0.011 0.049 0.008 
   9   (0.032) 0.033 0.007 0.009 0.005 
  10   (0.053) 0.018 0.050 0.015 0.138 
  11   (0.051) 0.008 0.127 0.014 0.036 
  12   (0.036) 0.008 0.008 0.010 0.087 
  13   (0.061) 0.013 0.129 0.017 0.119 
  14   (0.063) 0.016 0.053 0.017 0.229 
  15   (0.055) 0.011 0.051 0.015 0.147 
  16   (0.047) 0.008 0.126 0.013 0.035 
  17   (0.059) 0.014 0.166 0.016 0.090 
  18   (0.038) 0.007 0.009 0.083 0.006 
  19   (0.028) 0.005 0.045 0.008 0.005 
  20   (0.027) 0.004 0.045 0.007 0.004 
  21   (0.028) 0.005 0.045 0.008 0.005 
  22   (0.030) 0.005 0.045 0.008 0.005 

Locus 48 : locus48 
21 alleles
0.0% missing data
   1   (0.030) 0.060 0.007 0.008 0.005 
   2   (0.049) 0.035 0.011 0.086 0.008 
   3   (0.037) 0.166 0.009 0.010 0.011 
   4   (0.044) 0.196 0.010 0.012 0.011 
   5   (0.034) 0.089 0.008 0.009 0.006 
   6   (0.061) 0.118 0.015 0.089 0.013 
   7   (0.040) 0.141 0.010 0.011 0.010 
   8   (0.061) 0.059 0.014 0.198 0.016 
   9   (0.034) 0.007 0.008 0.009 0.116 
  10   (0.088) 0.024 0.136 0.096 0.118 
  11   (0.037) 0.009 0.009 0.010 0.143 
  12   (0.045) 0.011 0.011 0.013 0.144 
  13   (0.050) 0.011 0.050 0.014 0.119 
  14   (0.078) 0.017 0.133 0.057 0.122 
  15   (0.057) 0.013 0.090 0.016 0.090 
  16   (0.033) 0.005 0.008 0.009 0.033 
  17   (0.050) 0.009 0.050 0.086 0.008 
  18   (0.052) 0.009 0.050 0.123 0.009 
  19   (0.032) 0.005 0.008 0.045 0.005 
  20   (0.055) 0.009 0.242 0.088 0.009 
  21   (0.034) 0.006 0.122 0.009 0.006 

Locus 49 : locus49 
20 alleles
0.0% missing data
   1   (0.049) 0.035 0.012 0.159 0.008 
   2   (0.110) 0.338 0.102 0.212 0.028 
   3   (0.054) 0.064 0.013 0.015 0.094 
   4   (0.090) 0.199 0.059 0.097 0.023 
   5   (0.057) 0.113 0.052 0.016 0.016 
   6   (0.094) 0.085 0.022 0.098 0.254 
   7   (0.058) 0.065 0.014 0.197 0.010 
   8   (0.067) 0.017 0.207 0.019 0.061 
   9   (0.037) 0.008 0.009 0.010 0.088 
  10   (0.047) 0.015 0.011 0.013 0.254 
  11   (0.028) 0.005 0.007 0.008 0.033 
  12   (0.033) 0.006 0.008 0.009 0.034 
  13   (0.037) 0.010 0.009 0.010 0.058 
  14   (0.050) 0.008 0.050 0.050 0.008 
  15   (0.026) 0.004 0.006 0.043 0.004 
  16   (0.032) 0.005 0.122 0.009 0.005 
  17   (0.033) 0.006 0.122 0.009 0.005 
  18   (0.034) 0.006 0.085 0.009 0.006 
  19   (0.033) 0.006 0.046 0.009 0.005 
  20   (0.032) 0.005 0.046 0.009 0.005 

Locus 50 : locus50 
20 alleles
0.0% missing data
   1   (0.037) 0.117 0.009 0.010 0.006 
   2   (0.114) 0.289 0.027 0.321 0.081 
   3   (0.058) 0.090 0.052 0.016 0.013 
   4   (0.078) 0.063 0.095 0.058 0.018 
   5   (0.081) 0.122 0.057 0.058 0.016 
   6   (0.082) 0.117 0.134 0.023 0.049 
   7   (0.082) 0.066 0.134 0.023 0.155 
   8   (0.050) 0.059 0.050 0.014 0.013 
   9   (0.044) 0.009 0.010 0.012 0.117 
  10   (0.050) 0.012 0.012 0.014 0.479 
  11   (0.031) 0.005 0.007 0.081 0.005 
  12   (0.032) 0.005 0.008 0.081 0.005 
  13   (0.038) 0.007 0.009 0.119 0.006 
  14   (0.035) 0.006 0.008 0.082 0.006 
  15   (0.029) 0.005 0.007 0.044 0.005 
  16   (0.032) 0.005 0.084 0.009 0.005 
  17   (0.037) 0.006 0.161 0.010 0.006 
  18   (0.032) 0.005 0.045 0.009 0.005 
  19   (0.029) 0.005 0.045 0.008 0.005 
  20   (0.029) 0.005 0.045 0.008 0.005 

Locus 51 : locus51 
20 alleles
0.0% missing data
   1   (0.085) 0.258 0.020 0.024 0.188 
   2   (0.039) 0.114 0.009 0.011 0.011 
   3   (0.041) 0.059 0.009 0.011 0.010 
   4   (0.071) 0.128 0.017 0.020 0.090 
   5   (0.100) 0.170 0.024 0.028 0.305 
   6   (0.028) 0.033 0.007 0.008 0.005 
   7   (0.044) 0.089 0.010 0.012 0.009 
   8   (0.070) 0.055 0.016 0.019 0.246 
   9   (0.035) 0.010 0.008 0.010 0.057 
  10   (0.047) 0.008 0.011 0.231 0.008 
  11   (0.044) 0.007 0.010 0.121 0.007 
  12   (0.040) 0.007 0.009 0.083 0.006 
  13   (0.059) 0.010 0.167 0.052 0.010 
  14   (0.038) 0.007 0.009 0.155 0.006 
  15   (0.033) 0.006 0.008 0.045 0.005 
  16   (0.052) 0.009 0.051 0.051 0.008 
  17   (0.061) 0.010 0.129 0.089 0.010 
  18   (0.042) 0.007 0.200 0.012 0.007 
  19   (0.034) 0.006 0.237 0.009 0.006 
  20   (0.035) 0.006 0.046 0.010 0.006 

Locus 52 : locus52 
17 alleles
0.0% missing data
   1   (0.077) 0.216 0.018 0.021 0.169 
   2   (0.057) 0.121 0.014 0.016 0.037 
   3   (0.039) 0.087 0.009 0.011 0.009 
   4   (0.097) 0.094 0.291 0.062 0.020 
   5   (0.070) 0.095 0.017 0.020 0.095 
   6   (0.107) 0.113 0.139 0.030 0.201 
   7   (0.057) 0.060 0.014 0.052 0.014 
   8   (0.093) 0.065 0.022 0.098 0.190 
   9   (0.051) 0.059 0.050 0.014 0.013 
  10   (0.036) 0.034 0.008 0.010 0.006 
  11   (0.065) 0.015 0.015 0.090 0.092 
  12   (0.037) 0.006 0.009 0.010 0.034 
  13   (0.057) 0.010 0.013 0.124 0.037 
  14   (0.034) 0.006 0.008 0.009 0.062 
  15   (0.043) 0.007 0.010 0.301 0.007 
  16   (0.037) 0.006 0.009 0.118 0.006 
  17   (0.043) 0.007 0.354 0.012 0.007 

Locus 53 : locus53 
18 alleles
0.0% missing data
   1   (0.058) 0.267 0.014 0.016 0.055 
   2   (0.119) 0.103 0.028 0.286 0.188 
   3   (0.028) 0.032 0.007 0.008 0.005 
   4   (0.082) 0.079 0.019 0.059 0.116 
   5   (0.085) 0.109 0.020 0.060 0.114 
   6   (0.039) 0.115 0.009 0.011 0.008 
   7   (0.110) 0.141 0.026 0.211 0.145 
   8   (0.107) 0.087 0.293 0.138 0.032 
   9   (0.036) 0.008 0.009 0.010 0.173 
  10   (0.043) 0.010 0.010 0.012 0.089 
  11   (0.032) 0.005 0.008 0.009 0.034 
  12   (0.033) 0.006 0.008 0.045 0.005 
  13   (0.036) 0.006 0.008 0.046 0.006 
  14   (0.047) 0.008 0.049 0.049 0.008 
  15   (0.040) 0.007 0.238 0.011 0.007 
  16   (0.036) 0.006 0.161 0.010 0.006 
  17   (0.032) 0.005 0.046 0.009 0.005 
  18   (0.037) 0.006 0.047 0.010 0.006 

Locus 54 : locus54 
15 alleles
0.0% missing data
   1   (0.112) 0.275 0.141 0.067 0.030 
   2   (0.102) 0.096 0.024 0.101 0.192 
   3   (0.068) 0.087 0.207 0.019 0.015 
   4   (0.093) 0.087 0.022 0.061 0.171 
   5   (0.056) 0.087 0.051 0.015 0.013 
   6   (0.119) 0.097 0.219 0.033 0.226 
   7   (0.093) 0.185 0.059 0.026 0.091 
   8   (0.052) 0.035 0.012 0.015 0.038 
   9   (0.046) 0.009 0.011 0.013 0.181 
  10   (0.044) 0.007 0.010 0.157 0.007 
  11   (0.054) 0.009 0.013 0.341 0.009 
  12   (0.030) 0.005 0.007 0.045 0.005 
  13   (0.058) 0.009 0.129 0.052 0.010 
  14   (0.036) 0.006 0.009 0.046 0.006 
  15   (0.038) 0.006 0.086 0.011 0.006 

Locus 55 : locus55 
22 alleles
0.0% missing data
   1   (0.037) 0.114 0.009 0.010 0.008 
   2   (0.033) 0.033 0.008 0.009 0.005 
   3   (0.030) 0.032 0.007 0.008 0.005 
   4   (0.056) 0.098 0.013 0.015 0.058 
   5   (0.041) 0.139 0.010 0.011 0.011 
   6   (0.071) 0.099 0.017 0.055 0.147 
   7   (0.061) 0.037 0.014 0.053 0.067 
   8   (0.054) 0.045 0.013 0.015 0.085 
   9   (0.058) 0.136 0.014 0.052 0.019 
  10   (0.047) 0.168 0.011 0.013 0.011 
  11   (0.034) 0.007 0.008 0.009 0.118 
  12   (0.057) 0.016 0.014 0.051 0.116 
  13   (0.057) 0.014 0.013 0.052 0.203 
  14   (0.049) 0.008 0.012 0.122 0.037 
  15   (0.039) 0.007 0.009 0.011 0.063 
  16   (0.045) 0.007 0.011 0.302 0.007 
  17   (0.033) 0.006 0.008 0.118 0.005 
  18   (0.053) 0.009 0.127 0.051 0.009 
  19   (0.036) 0.006 0.313 0.010 0.006 
  20   (0.043) 0.007 0.125 0.012 0.007 
  21   (0.035) 0.006 0.123 0.010 0.006 
  22   (0.033) 0.006 0.123 0.009 0.006 

Locus 56 : locus56 
18 alleles
0.0% missing data
   1   (0.095) 0.359 0.022 0.063 0.062 
   2   (0.038) 0.058 0.009 0.011 0.010 
   3   (0.116) 0.145 0.027 0.141 0.144 
   4   (0.088) 0.058 0.021 0.059 0.250 
   5   (0.092) 0.127 0.022 0.062 0.126 
   6   (0.031) 0.058 0.007 0.008 0.008 
   7   (0.035) 0.087 0.008 0.010 0.008 
   8   (0.042) 0.015 0.010 0.012 0.138 
   9   (0.070) 0.020 0.132 0.020 0.114 
  10   (0.063) 0.017 0.130 0.018 0.060 
  11   (0.058) 0.010 0.167 0.016 0.037 
  12   (0.040) 0.007 0.009 0.156 0.006 
  13   (0.048) 0.008 0.011 0.374 0.008 
  14   (0.042) 0.007 0.162 0.012 0.007 
  15   (0.035) 0.006 0.084 0.010 0.006 
  16   (0.036) 0.006 0.047 0.010 0.006 
  17   (0.035) 0.006 0.085 0.010 0.006 
  18   (0.035) 0.006 0.046 0.010 0.006 

Locus 57 : locus57 
17 alleles
0.0% missing data
   1   (0.139) 0.169 0.224 0.038 0.266 
   2   (0.085) 0.257 0.020 0.132 0.020 
   3   (0.064) 0.038 0.168 0.018 0.011 
   4   (0.085) 0.062 0.020 0.385 0.020 
   5   (0.067) 0.226 0.016 0.054 0.016 
   6   (0.045) 0.144 0.011 0.013 0.009 
   7   (0.038) 0.010 0.009 0.011 0.059 
   8   (0.044) 0.012 0.010 0.012 0.144 
   9   (0.081) 0.014 0.172 0.022 0.098 
  10   (0.040) 0.007 0.009 0.011 0.119 
  11   (0.077) 0.017 0.209 0.021 0.093 
  12   (0.048) 0.014 0.011 0.014 0.115 
  13   (0.040) 0.007 0.010 0.120 0.006 
  14   (0.037) 0.006 0.009 0.082 0.006 
  15   (0.038) 0.006 0.009 0.047 0.006 
  16   (0.038) 0.006 0.047 0.010 0.006 
  17   (0.035) 0.006 0.047 0.010 0.006 

Locus 58 : locus58 
18 alleles
0.0% missing data
   1   (0.051) 0.093 0.050 0.014 0.008 
   2   (0.063) 0.174 0.015 0.053 0.014 
   3   (0.072) 0.096 0.017 0.201 0.012 
   4   (0.075) 0.063 0.056 0.057 0.018 
   5   (0.068) 0.092 0.092 0.019 0.014 
   6   (0.034) 0.058 0.008 0.010 0.009 
   7   (0.068) 0.067 0.207 0.019 0.011 
   8   (0.072) 0.197 0.093 0.020 0.022 
   9   (0.072) 0.062 0.017 0.237 0.017 
  10   (0.038) 0.011 0.009 0.011 0.112 
  11   (0.057) 0.020 0.052 0.016 0.081 
  12   (0.036) 0.007 0.008 0.010 0.199 
  13   (0.066) 0.011 0.207 0.018 0.038 
  14   (0.076) 0.019 0.132 0.021 0.227 
  15   (0.043) 0.010 0.010 0.012 0.199 
  16   (0.036) 0.006 0.009 0.118 0.006 
  17   (0.037) 0.006 0.009 0.119 0.006 
  18   (0.036) 0.006 0.008 0.046 0.006 

Locus 59 : locus59 
22 alleles
0.0% missing data
   1   (0.066) 0.176 0.015 0.091 0.012 
   2   (0.035) 0.034 0.008 0.010 0.006 
   3   (0.044) 0.035 0.010 0.012 0.007 
   4   (0.057) 0.037 0.014 0.088 0.009 
   5   (0.045) 0.277 0.011 0.012 0.015 
   6   (0.074) 0.120 0.018 0.346 0.015 
   7   (0.047) 0.145 0.011 0.013 0.009 
   8   (0.078) 0.062 0.248 0.022 0.019 
   9   (0.044) 0.011 0.011 0.012 0.226 
  10   (0.028) 0.005 0.007 0.008 0.032 
  11   (0.060) 0.012 0.014 0.052 0.147 
  12   (0.043) 0.012 0.010 0.012 0.058 
  13   (0.041) 0.012 0.010 0.011 0.113 
  14   (0.041) 0.011 0.010 0.011 0.226 
  15   (0.028) 0.005 0.006 0.007 0.032 
  16   (0.048) 0.008 0.011 0.050 0.036 
  17   (0.026) 0.004 0.006 0.043 0.004 
  18   (0.035) 0.006 0.008 0.046 0.006 
  19   (0.043) 0.007 0.010 0.121 0.007 
  20   (0.038) 0.007 0.199 0.010 0.006 
  21   (0.038) 0.006 0.200 0.011 0.006 
  22   (0.039) 0.007 0.162 0.011 0.006 

Locus 60 : locus60 
20 alleles
0.0% missing data
   1   (0.049) 0.254 0.012 0.014 0.011 
   2   (0.049) 0.138 0.011 0.014 0.016 
   3   (0.065) 0.146 0.053 0.018 0.013 
   4   (0.045) 0.090 0.011 0.012 0.007 
   5   (0.039) 0.170 0.009 0.011 0.009 
   6   (0.047) 0.059 0.011 0.013 0.012 
   7   (0.047) 0.014 0.011 0.013 0.225 
   8   (0.048) 0.010 0.011 0.013 0.146 
   9   (0.047) 0.010 0.011 0.013 0.341 
  10   (0.088) 0.022 0.289 0.025 0.063 
  11   (0.062) 0.016 0.053 0.017 0.060 
  12   (0.041) 0.007 0.010 0.011 0.035 
  13   (0.053) 0.009 0.012 0.232 0.009 
  14   (0.044) 0.007 0.010 0.084 0.007 
  15   (0.042) 0.007 0.010 0.047 0.007 
  16   (0.052) 0.009 0.012 0.232 0.008 
  17   (0.045) 0.008 0.011 0.120 0.007 
  18   (0.045) 0.008 0.011 0.085 0.007 
  19   (0.043) 0.007 0.239 0.012 0.007 
  20   (0.049) 0.008 0.202 0.014 0.008 

Locus 61 : locus61 
22 alleles
0.0% missing data
   1   (0.065) 0.178 0.092 0.018 0.016 
   2   (0.050) 0.067 0.050 0.014 0.008 
   3   (0.065) 0.219 0.015 0.018 0.086 
   4   (0.055) 0.047 0.013 0.015 0.108 
   5   (0.035) 0.035 0.008 0.010 0.005 
   6   (0.072) 0.145 0.017 0.020 0.129 
   7   (0.042) 0.151 0.010 0.012 0.008 
   8   (0.031) 0.034 0.007 0.009 0.005 
   9   (0.037) 0.013 0.009 0.010 0.160 
  10   (0.042) 0.012 0.010 0.012 0.189 
  11   (0.046) 0.012 0.011 0.013 0.164 
  12   (0.035) 0.010 0.008 0.010 0.055 
  13   (0.032) 0.006 0.008 0.189 0.005 
  14   (0.058) 0.010 0.052 0.161 0.009 
  15   (0.036) 0.006 0.009 0.083 0.006 
  16   (0.036) 0.006 0.009 0.046 0.006 
  17   (0.038) 0.007 0.009 0.155 0.006 
  18   (0.063) 0.011 0.168 0.053 0.010 
  19   (0.055) 0.010 0.090 0.051 0.009 
  20   (0.038) 0.007 0.009 0.083 0.006 
  21   (0.036) 0.006 0.237 0.010 0.005 
  22   (0.035) 0.006 0.161 0.010 0.005 

Locus 62 : locus62 
21 alleles
0.0% missing data
   1   (0.060) 0.201 0.014 0.089 0.015 
   2   (0.086) 0.177 0.020 0.133 0.046 
   3   (0.094) 0.184 0.022 0.134 0.181 
   4   (0.031) 0.033 0.007 0.009 0.005 
   5   (0.028) 0.033 0.007 0.008 0.005 
   6   (0.080) 0.181 0.019 0.058 0.122 
   7   (0.083) 0.081 0.020 0.095 0.141 
   8   (0.057) 0.015 0.052 0.016 0.143 
   9   (0.057) 0.015 0.013 0.088 0.059 
  10   (0.027) 0.005 0.007 0.008 0.032 
  11   (0.035) 0.010 0.008 0.010 0.057 
  12   (0.036) 0.009 0.009 0.010 0.141 
  13   (0.038) 0.007 0.009 0.119 0.006 
  14   (0.037) 0.007 0.009 0.046 0.006 
  15   (0.033) 0.006 0.008 0.045 0.005 
  16   (0.032) 0.006 0.008 0.045 0.005 
  17   (0.037) 0.006 0.009 0.046 0.006 
  18   (0.041) 0.007 0.277 0.011 0.007 
  19   (0.037) 0.006 0.276 0.010 0.006 
  20   (0.035) 0.006 0.084 0.010 0.006 
  21   (0.035) 0.006 0.123 0.010 0.006 

Locus 63 : locus63 
19 alleles
0.0% missing data
   1   (0.033) 0.033 0.008 0.009 0.005 
   2   (0.071) 0.234 0.017 0.020 0.063 
   3   (0.056) 0.050 0.013 0.016 0.052 
   4   (0.098) 0.217 0.023 0.099 0.063 
   5   (0.070) 0.221 0.016 0.092 0.021 
   6   (0.061) 0.076 0.014 0.017 0.113 
   7   (0.069) 0.038 0.016 0.200 0.011 
   8   (0.064) 0.038 0.015 0.198 0.011 
   9   (0.052) 0.014 0.012 0.014 0.202 
  10   (0.039) 0.006 0.009 0.011 0.064 
  11   (0.042) 0.010 0.010 0.012 0.145 
  12   (0.036) 0.007 0.009 0.010 0.147 
  13   (0.041) 0.011 0.010 0.011 0.059 
  14   (0.068) 0.012 0.359 0.091 0.011 
  15   (0.043) 0.007 0.010 0.084 0.007 
  16   (0.042) 0.007 0.010 0.084 0.007 
  17   (0.047) 0.008 0.317 0.013 0.008 
  18   (0.031) 0.005 0.045 0.009 0.005 
  19   (0.037) 0.006 0.085 0.010 0.006 

Locus 64 : locus64 
17 alleles
0.0% missing data
   1   (0.081) 0.171 0.019 0.130 0.022 
   2   (0.047) 0.199 0.011 0.013 0.010 
   3   (0.059) 0.066 0.014 0.016 0.037 
   4   (0.117) 0.165 0.027 0.249 0.095 
   5   (0.089) 0.056 0.021 0.097 0.169 
   6   (0.105) 0.069 0.025 0.137 0.160 
   7   (0.112) 0.199 0.026 0.176 0.115 
   8   (0.044) 0.010 0.010 0.012 0.088 
   9   (0.035) 0.006 0.008 0.010 0.034 
  10   (0.039) 0.011 0.009 0.011 0.114 
  11   (0.045) 0.010 0.011 0.013 0.118 
  12   (0.039) 0.007 0.009 0.083 0.006 
  13   (0.050) 0.008 0.547 0.014 0.008 
  14   (0.030) 0.005 0.084 0.008 0.005 
  15   (0.038) 0.006 0.085 0.011 0.006 
  16   (0.033) 0.006 0.046 0.009 0.005 
  17   (0.037) 0.006 0.047 0.010 0.006 

Locus 65 : locus65 
20 alleles
0.0% missing data
   1   (0.053) 0.275 0.013 0.015 0.014 
   2   (0.055) 0.036 0.013 0.016 0.037 
   3   (0.066) 0.247 0.015 0.018 0.018 
   4   (0.043) 0.167 0.010 0.012 0.010 
   5   (0.077) 0.039 0.018 0.094 0.042 
   6   (0.075) 0.088 0.018 0.021 0.247 
   7   (0.037) 0.033 0.009 0.010 0.006 
   8   (0.041) 0.007 0.010 0.011 0.035 
   9   (0.098) 0.027 0.023 0.243 0.233 
  10   (0.081) 0.014 0.019 0.167 0.128 
  11   (0.034) 0.010 0.008 0.010 0.173 
  12   (0.042) 0.007 0.010 0.121 0.007 
  13   (0.032) 0.005 0.008 0.044 0.005 
  14   (0.037) 0.006 0.009 0.119 0.006 
  15   (0.032) 0.005 0.008 0.045 0.005 
  16   (0.043) 0.007 0.392 0.012 0.007 
  17   (0.039) 0.006 0.086 0.011 0.006 
  18   (0.032) 0.005 0.084 0.009 0.005 
  19   (0.045) 0.007 0.202 0.012 0.008 
  20   (0.038) 0.006 0.047 0.011 0.007 

Locus 66 : locus66 
24 alleles
0.0% missing data
   1   (0.060) 0.280 0.052 0.016 0.013 
   2   (0.055) 0.091 0.166 0.015 0.009 
   3   (0.062) 0.064 0.053 0.017 0.068 
   4   (0.035) 0.079 0.008 0.010 0.014 
   5   (0.027) 0.032 0.006 0.008 0.004 
   6   (0.043) 0.035 0.010 0.012 0.036 
   7   (0.086) 0.173 0.097 0.024 0.131 
   8   (0.058) 0.059 0.319 0.016 0.015 
   9   (0.075) 0.101 0.095 0.021 0.063 
  10   (0.031) 0.007 0.007 0.009 0.344 
  11   (0.063) 0.012 0.091 0.017 0.180 
  12   (0.031) 0.005 0.007 0.008 0.034 
  13   (0.029) 0.005 0.007 0.008 0.033 
  14   (0.034) 0.006 0.008 0.082 0.006 
  15   (0.032) 0.005 0.007 0.081 0.005 
  16   (0.035) 0.006 0.008 0.119 0.006 
  17   (0.028) 0.005 0.007 0.080 0.005 
  18   (0.032) 0.005 0.008 0.045 0.005 
  19   (0.040) 0.007 0.009 0.083 0.007 
  20   (0.030) 0.005 0.007 0.044 0.005 
  21   (0.031) 0.005 0.008 0.045 0.005 
  22   (0.028) 0.005 0.006 0.044 0.005 
  23   (0.032) 0.005 0.008 0.154 0.005 
  24   (0.022) 0.004 0.005 0.042 0.004 

Locus 67 : locus67 
21 alleles
0.0% missing data
   1   (0.057) 0.046 0.014 0.016 0.084 
   2   (0.071) 0.120 0.017 0.019 0.125 
   3   (0.049) 0.389 0.012 0.014 0.012 
   4   (0.029) 0.085 0.007 0.008 0.007 
   5   (0.074) 0.054 0.017 0.020 0.252 
   6   (0.040) 0.115 0.010 0.011 0.008 
   7   (0.040) 0.058 0.009 0.011 0.011 
   8   (0.035) 0.006 0.008 0.010 0.062 
   9   (0.079) 0.025 0.248 0.022 0.141 
  10   (0.059) 0.015 0.014 0.125 0.061 
  11   (0.051) 0.009 0.089 0.014 0.036 
  12   (0.037) 0.009 0.009 0.010 0.088 
  13   (0.073) 0.018 0.055 0.056 0.062 
  14   (0.037) 0.006 0.009 0.083 0.006 
  15   (0.038) 0.006 0.009 0.155 0.006 
  16   (0.036) 0.006 0.008 0.154 0.006 
  17   (0.029) 0.005 0.007 0.044 0.005 
  18   (0.030) 0.005 0.007 0.044 0.005 
  19   (0.042) 0.007 0.010 0.156 0.007 
  20   (0.044) 0.007 0.125 0.012 0.007 
  21   (0.052) 0.009 0.318 0.015 0.009 

Locus 68 : locus68 
19 alleles
0.0% missing data
   1   (0.093) 0.234 0.098 0.098 0.021 
   2   (0.059) 0.061 0.014 0.125 0.015 
   3   (0.059) 0.149 0.052 0.016 0.011 
   4   (0.032) 0.059 0.008 0.009 0.008 
   5   (0.087) 0.042 0.173 0.205 0.014 
   6   (0.105) 0.144 0.102 0.138 0.030 
   7   (0.085) 0.071 0.135 0.096 0.014 
   8   (0.037) 0.117 0.009 0.010 0.007 
   9   (0.060) 0.038 0.167 0.017 0.010 
  10   (0.037) 0.008 0.008 0.010 0.115 
  11   (0.029) 0.005 0.007 0.008 0.060 
  12   (0.052) 0.012 0.050 0.014 0.087 
  13   (0.037) 0.011 0.009 0.010 0.195 
  14   (0.037) 0.008 0.009 0.010 0.114 
  15   (0.043) 0.012 0.010 0.012 0.195 
  16   (0.038) 0.009 0.009 0.010 0.086 
  17   (0.042) 0.007 0.010 0.156 0.007 
  18   (0.034) 0.006 0.008 0.045 0.005 
  19   (0.035) 0.006 0.123 0.010 0.006 

Locus 69 : locus69 
21 alleles
0.0% missing data
   1   (0.054) 0.036 0.013 0.015 0.037 
   2   (0.052) 0.280 0.012 0.015 0.011 
   3   (0.054) 0.280 0.013 0.015 0.012 
   4   (0.066) 0.057 0.016 0.018 0.104 
   5   (0.050) 0.141 0.012 0.014 0.012 
   6   (0.079) 0.083 0.019 0.131 0.025 
   7   (0.042) 0.009 0.010 0.012 0.202 
   8   (0.046) 0.011 0.011 0.013 0.174 
   9   (0.036) 0.006 0.008 0.010 0.034 
  10   (0.034) 0.006 0.008 0.010 0.034 
  11   (0.046) 0.011 0.011 0.013 0.174 
  12   (0.054) 0.015 0.013 0.015 0.116 
  13   (0.060) 0.010 0.014 0.378 0.010 
  14   (0.038) 0.006 0.009 0.118 0.006 
  15   (0.042) 0.007 0.010 0.156 0.007 
  16   (0.050) 0.008 0.241 0.014 0.008 
  17   (0.042) 0.007 0.201 0.012 0.007 
  18   (0.037) 0.006 0.086 0.011 0.006 
  19   (0.042) 0.007 0.125 0.012 0.007 
  20   (0.041) 0.007 0.124 0.011 0.007 
  21   (0.035) 0.006 0.046 0.010 0.006 

Locus 70 : locus70 
21 alleles
0.0% missing data
   1   (0.045) 0.364 0.011 0.012 0.009 
   2   (0.036) 0.087 0.009 0.010 0.008 
   3   (0.043) 0.167 0.010 0.012 0.013 
   4   (0.037) 0.086 0.009 0.010 0.008 
   5   (0.033) 0.057 0.008 0.009 0.009 
   6   (0.040) 0.058 0.010 0.011 0.010 
   7   (0.032) 0.033 0.008 0.009 0.005 
   8   (0.041) 0.010 0.010 0.011 0.143 
   9   (0.110) 0.027 0.102 0.211 0.149 
  10   (0.035) 0.007 0.008 0.010 0.145 
  11   (0.062) 0.018 0.015 0.054 0.171 
  12   (0.042) 0.007 0.010 0.011 0.035 
  13   (0.045) 0.008 0.011 0.012 0.092 
  14   (0.037) 0.009 0.009 0.010 0.143 
  15   (0.039) 0.007 0.009 0.156 0.006 
  16   (0.075) 0.013 0.208 0.202 0.012 
  17   (0.050) 0.008 0.050 0.050 0.008 
  18   (0.039) 0.007 0.009 0.082 0.006 
  19   (0.054) 0.009 0.127 0.051 0.009 
  20   (0.062) 0.010 0.168 0.053 0.010 
  21   (0.043) 0.007 0.201 0.012 0.007 

Locus 71 : locus71 
20 alleles
0.0% missing data
   1   (0.071) 0.074 0.017 0.020 0.147 
   2   (0.100) 0.251 0.291 0.028 0.024 
   3   (0.084) 0.141 0.363 0.023 0.021 
   4   (0.090) 0.312 0.021 0.025 0.184 
   5   (0.046) 0.112 0.011 0.013 0.010 
   6   (0.051) 0.011 0.012 0.014 0.294 
   7   (0.061) 0.010 0.090 0.017 0.068 
   8   (0.041) 0.010 0.010 0.011 0.061 
   9   (0.047) 0.010 0.011 0.013 0.092 
  10   (0.036) 0.006 0.008 0.010 0.035 
  11   (0.031) 0.005 0.008 0.045 0.005 
  12   (0.046) 0.007 0.011 0.265 0.008 
  13   (0.041) 0.007 0.010 0.120 0.007 
  14   (0.044) 0.007 0.010 0.121 0.007 
  15   (0.038) 0.006 0.009 0.047 0.006 
  16   (0.045) 0.007 0.011 0.121 0.008 
  17   (0.031) 0.005 0.007 0.045 0.005 
  18   (0.030) 0.005 0.007 0.044 0.005 
  19   (0.035) 0.006 0.046 0.010 0.006 
  20   (0.033) 0.006 0.046 0.009 0.006 

Locus 72 : locus72 
19 alleles
0.0% missing data
   1   (0.079) 0.100 0.019 0.058 0.063 
   2   (0.072) 0.146 0.055 0.056 0.014 
   3   (0.074) 0.142 0.017 0.165 0.018 
   4   (0.068) 0.141 0.016 0.127 0.017 
   5   (0.058) 0.111 0.052 0.016 0.016 
   6   (0.083) 0.224 0.020 0.204 0.020 
   7   (0.063) 0.038 0.091 0.054 0.010 
   8   (0.040) 0.008 0.010 0.011 0.119 
   9   (0.043) 0.010 0.010 0.012 0.261 
  10   (0.048) 0.008 0.011 0.050 0.065 
  11   (0.042) 0.011 0.010 0.012 0.146 
  12   (0.055) 0.014 0.013 0.051 0.061 
  13   (0.041) 0.009 0.010 0.012 0.120 
  14   (0.045) 0.008 0.011 0.049 0.036 
  15   (0.034) 0.006 0.008 0.082 0.006 
  16   (0.043) 0.007 0.201 0.012 0.007 
  17   (0.039) 0.006 0.162 0.011 0.007 
  18   (0.043) 0.007 0.201 0.012 0.007 
  19   (0.030) 0.005 0.083 0.008 0.005 

Locus 73 : locus73 
20 alleles
0.0% missing data
   1   (0.052) 0.036 0.012 0.087 0.009 
   2   (0.064) 0.199 0.015 0.126 0.014 
   3   (0.077) 0.121 0.018 0.057 0.127 
   4   (0.057) 0.099 0.014 0.016 0.058 
   5   (0.057) 0.066 0.013 0.016 0.176 
   6   (0.029) 0.032 0.007 0.008 0.005 
   7   (0.038) 0.140 0.009 0.010 0.010 
   8   (0.063) 0.059 0.015 0.198 0.016 
   9   (0.090) 0.109 0.021 0.206 0.115 
  10   (0.036) 0.057 0.008 0.010 0.010 
  11   (0.031) 0.009 0.007 0.009 0.058 
  12   (0.028) 0.005 0.007 0.008 0.033 
  13   (0.070) 0.016 0.322 0.020 0.206 
  14   (0.054) 0.009 0.128 0.015 0.037 
  15   (0.042) 0.007 0.010 0.048 0.035 
  16   (0.055) 0.009 0.204 0.015 0.037 
  17   (0.044) 0.008 0.049 0.012 0.036 
  18   (0.047) 0.008 0.049 0.049 0.008 
  19   (0.031) 0.005 0.007 0.081 0.005 
  20   (0.034) 0.006 0.085 0.010 0.006 

Locus 74 : locus74 
15 alleles
0.0% missing data
   1   (0.089) 0.194 0.021 0.061 0.086 
   2   (0.093) 0.185 0.060 0.026 0.233 
   3   (0.155) 0.093 0.189 0.224 0.153 
   4   (0.041) 0.113 0.010 0.011 0.012 
   5   (0.122) 0.089 0.143 0.106 0.119 
   6   (0.058) 0.037 0.128 0.016 0.009 
   7   (0.058) 0.148 0.052 0.016 0.011 
   8   (0.094) 0.087 0.060 0.062 0.083 
   9   (0.044) 0.011 0.010 0.012 0.254 
  10   (0.078) 0.013 0.171 0.275 0.013 
  11   (0.038) 0.007 0.009 0.119 0.006 
  12   (0.035) 0.006 0.008 0.046 0.006 
  13   (0.031) 0.005 0.045 0.008 0.005 
  14   (0.033) 0.006 0.046 0.009 0.005 
  15   (0.032) 0.005 0.046 0.009 0.005 

Locus 75 : locus75 
29 alleles
0.0% missing data
   1   (0.038) 0.034 0.009 0.011 0.006 
   2   (0.032) 0.060 0.008 0.009 0.005 
   3   (0.047) 0.195 0.011 0.013 0.012 
   4   (0.034) 0.061 0.008 0.010 0.006 
   5   (0.034) 0.194 0.008 0.009 0.009 
   6   (0.031) 0.193 0.007 0.009 0.009 
   7   (0.023) 0.059 0.005 0.006 0.004 
   8   (0.029) 0.057 0.007 0.008 0.008 
   9   (0.028) 0.008 0.007 0.008 0.058 
  10   (0.051) 0.014 0.012 0.050 0.115 
  11   (0.029) 0.007 0.007 0.008 0.088 
  12   (0.032) 0.008 0.008 0.009 0.143 
  13   (0.040) 0.010 0.010 0.011 0.173 
  14   (0.031) 0.005 0.007 0.009 0.061 
  15   (0.044) 0.012 0.011 0.012 0.059 
  16   (0.018) 0.003 0.004 0.005 0.060 
  17   (0.035) 0.006 0.008 0.010 0.034 
  18   (0.033) 0.010 0.008 0.009 0.058 
  19   (0.027) 0.005 0.006 0.007 0.032 
  20   (0.053) 0.009 0.127 0.087 0.009 
  21   (0.031) 0.005 0.007 0.081 0.005 
  22   (0.039) 0.007 0.009 0.156 0.006 
  23   (0.061) 0.010 0.052 0.306 0.010 
  24   (0.033) 0.006 0.008 0.118 0.006 
  25   (0.022) 0.004 0.044 0.006 0.004 
  26   (0.038) 0.006 0.353 0.011 0.006 
  27   (0.025) 0.004 0.120 0.007 0.004 
  28   (0.029) 0.005 0.083 0.008 0.005 
  29   (0.033) 0.006 0.046 0.009 0.006 

Locus 76 : locus76 
18 alleles
0.0% missing data
   1   (0.065) 0.065 0.130 0.018 0.011 
   2   (0.070) 0.197 0.055 0.019 0.018 
   3   (0.076) 0.122 0.094 0.021 0.012 
   4   (0.111) 0.148 0.218 0.031 0.054 
   5   (0.087) 0.072 0.058 0.024 0.180 
   6   (0.070) 0.272 0.054 0.019 0.025 
   7   (0.056) 0.037 0.128 0.016 0.009 
   8   (0.040) 0.008 0.010 0.011 0.176 
   9   (0.048) 0.012 0.011 0.013 0.230 
  10   (0.036) 0.006 0.008 0.010 0.034 
  11   (0.033) 0.005 0.008 0.009 0.034 
  12   (0.066) 0.015 0.054 0.018 0.176 
  13   (0.036) 0.006 0.009 0.046 0.006 
  14   (0.048) 0.008 0.011 0.411 0.008 
  15   (0.035) 0.006 0.008 0.082 0.006 
  16   (0.045) 0.008 0.011 0.121 0.007 
  17   (0.043) 0.007 0.010 0.120 0.007 
  18   (0.035) 0.006 0.123 0.010 0.006 

Locus 77 : locus77 
19 alleles
0.0% missing data
   1   (0.074) 0.146 0.017 0.056 0.046 
   2   (0.066) 0.303 0.016 0.018 0.053 
   3   (0.036) 0.088 0.008 0.010 0.008 
   4   (0.054) 0.037 0.013 0.160 0.009 
   5   (0.033) 0.058 0.008 0.009 0.009 
   6   (0.042) 0.144 0.010 0.012 0.010 
   7   (0.085) 0.072 0.020 0.132 0.122 
   8   (0.075) 0.040 0.018 0.130 0.068 
   9   (0.072) 0.016 0.017 0.273 0.202 
  10   (0.084) 0.025 0.096 0.059 0.225 
  11   (0.059) 0.014 0.052 0.017 0.089 
  12   (0.048) 0.008 0.089 0.013 0.035 
  13   (0.056) 0.013 0.090 0.015 0.090 
  14   (0.050) 0.008 0.088 0.050 0.008 
  15   (0.030) 0.005 0.045 0.008 0.005 
  16   (0.036) 0.006 0.162 0.010 0.006 
  17   (0.032) 0.006 0.084 0.009 0.005 
  18   (0.033) 0.006 0.084 0.009 0.005 
  19   (0.035) 0.006 0.084 0.010 0.006 

Locus 78 : locus78 
15 alleles
0.0% missing data
   1   (0.050) 0.273 0.012 0.014 0.015 
   2   (0.154) 0.066 0.266 0.223 0.069 
   3   (0.040) 0.113 0.009 0.011 0.009 
   4   (0.044) 0.089 0.010 0.012 0.007 
   5   (0.043) 0.114 0.010 0.012 0.009 
   6   (0.033) 0.032 0.008 0.009 0.005 
   7   (0.051) 0.193 0.012 0.014 0.013 
   8   (0.092) 0.015 0.098 0.170 0.043 
   9   (0.080) 0.016 0.172 0.022 0.153 
  10   (0.082) 0.025 0.019 0.095 0.201 
  11   (0.119) 0.022 0.104 0.214 0.217 
  12   (0.064) 0.011 0.168 0.018 0.068 
  13   (0.046) 0.013 0.011 0.013 0.173 
  14   (0.035) 0.006 0.008 0.046 0.006 
  15   (0.066) 0.011 0.092 0.127 0.011 

Locus 79 : locus79 
17 alleles
0.0% missing data
   1   (0.069) 0.081 0.054 0.019 0.082 
   2   (0.056) 0.065 0.013 0.015 0.036 
   3   (0.069) 0.137 0.016 0.019 0.134 
   4   (0.044) 0.309 0.010 0.012 0.011 
   5   (0.039) 0.144 0.009 0.011 0.008 
   6   (0.077) 0.072 0.056 0.021 0.121 
   7   (0.066) 0.058 0.016 0.018 0.186 
   8   (0.033) 0.033 0.008 0.009 0.005 
   9   (0.098) 0.017 0.176 0.208 0.044 
  10   (0.093) 0.020 0.060 0.206 0.123 
  11   (0.040) 0.010 0.010 0.011 0.143 
  12   (0.082) 0.014 0.134 0.095 0.041 
  13   (0.062) 0.010 0.015 0.162 0.038 
  14   (0.036) 0.006 0.008 0.083 0.006 
  15   (0.063) 0.011 0.244 0.089 0.010 
  16   (0.033) 0.006 0.084 0.009 0.005 
  17   (0.040) 0.007 0.086 0.011 0.007 

Locus 80 : locus80 
25 alleles
0.0% missing data
   1   (0.076) 0.467 0.132 0.021 0.022 
   2   (0.046) 0.062 0.011 0.013 0.008 
   3   (0.038) 0.197 0.009 0.011 0.007 
   4   (0.030) 0.032 0.007 0.008 0.005 
   5   (0.031) 0.085 0.007 0.009 0.007 
   6   (0.035) 0.006 0.008 0.010 0.063 
   7   (0.036) 0.010 0.008 0.010 0.059 
   8   (0.036) 0.011 0.009 0.010 0.171 
   9   (0.036) 0.014 0.009 0.010 0.082 
  10   (0.039) 0.006 0.047 0.011 0.035 
  11   (0.081) 0.020 0.095 0.058 0.148 
  12   (0.030) 0.007 0.007 0.008 0.088 
  13   (0.062) 0.010 0.207 0.017 0.067 
  14   (0.049) 0.008 0.012 0.086 0.036 
  15   (0.030) 0.007 0.007 0.009 0.088 
  16   (0.035) 0.006 0.008 0.010 0.063 
  17   (0.034) 0.006 0.008 0.046 0.006 
  18   (0.044) 0.007 0.010 0.229 0.007 
  19   (0.033) 0.006 0.008 0.117 0.005 
  20   (0.033) 0.005 0.008 0.154 0.006 
  21   (0.034) 0.006 0.008 0.045 0.006 
  22   (0.035) 0.006 0.008 0.082 0.006 
  23   (0.035) 0.006 0.199 0.010 0.006 
  24   (0.033) 0.006 0.122 0.009 0.006 
  25   (0.029) 0.005 0.045 0.008 0.005 

Locus 81 : locus81 
24 alleles
0.0% missing data
   1   (0.065) 0.255 0.091 0.018 0.013 
   2   (0.037) 0.194 0.009 0.010 0.010 
   3   (0.064) 0.136 0.053 0.018 0.022 
   4   (0.056) 0.099 0.013 0.016 0.057 
   5   (0.045) 0.049 0.011 0.013 0.050 
   6   (0.028) 0.032 0.007 0.008 0.005 
   7   (0.050) 0.036 0.012 0.050 0.008 
   8   (0.053) 0.081 0.013 0.015 0.047 
   9   (0.038) 0.008 0.009 0.010 0.118 
  10   (0.035) 0.007 0.008 0.010 0.175 
  11   (0.046) 0.013 0.011 0.013 0.115 
  12   (0.038) 0.006 0.009 0.011 0.091 
  13   (0.049) 0.014 0.011 0.013 0.172 
  14   (0.033) 0.009 0.008 0.009 0.058 
  15   (0.050) 0.008 0.012 0.266 0.008 
  16   (0.031) 0.005 0.007 0.153 0.005 
  17   (0.030) 0.005 0.007 0.081 0.005 
  18   (0.034) 0.006 0.008 0.154 0.006 
  19   (0.032) 0.005 0.008 0.045 0.005 
  20   (0.049) 0.008 0.088 0.049 0.008 
  21   (0.035) 0.006 0.276 0.010 0.006 
  22   (0.039) 0.007 0.238 0.011 0.007 
  23   (0.034) 0.006 0.046 0.009 0.006 
  24   (0.029) 0.005 0.045 0.008 0.005 

Locus 82 : locus82 
20 alleles
0.0% missing data
   1   (0.083) 0.206 0.020 0.168 0.020 
   2   (0.059) 0.058 0.014 0.016 0.099 
   3   (0.056) 0.151 0.013 0.088 0.009 
   4   (0.037) 0.089 0.009 0.010 0.008 
   5   (0.094) 0.066 0.060 0.171 0.021 
   6   (0.064) 0.094 0.015 0.018 0.203 
   7   (0.062) 0.122 0.015 0.090 0.012 
   8   (0.067) 0.123 0.016 0.019 0.066 
   9   (0.030) 0.005 0.007 0.008 0.032 
  10   (0.045) 0.013 0.011 0.012 0.330 
  11   (0.030) 0.005 0.007 0.008 0.032 
  12   (0.031) 0.006 0.007 0.009 0.033 
  13   (0.033) 0.008 0.008 0.009 0.085 
  14   (0.033) 0.006 0.008 0.081 0.005 
  15   (0.054) 0.009 0.050 0.124 0.009 
  16   (0.066) 0.011 0.168 0.090 0.010 
  17   (0.056) 0.010 0.358 0.051 0.009 
  18   (0.034) 0.006 0.084 0.009 0.005 
  19   (0.037) 0.006 0.085 0.010 0.006 
  20   (0.029) 0.005 0.045 0.008 0.005 

Locus 83 : locus83 
21 alleles
0.0% missing data
   1   (0.063) 0.175 0.015 0.090 0.012 
   2   (0.069) 0.213 0.016 0.019 0.170 
   3   (0.077) 0.140 0.400 0.021 0.024 
   4   (0.052) 0.113 0.012 0.014 0.043 
   5   (0.105) 0.101 0.139 0.282 0.017 
   6   (0.080) 0.041 0.134 0.095 0.013 
   7   (0.039) 0.106 0.009 0.011 0.017 
   8   (0.030) 0.005 0.007 0.008 0.061 
   9   (0.035) 0.006 0.008 0.010 0.090 
  10   (0.037) 0.014 0.009 0.010 0.082 
  11   (0.047) 0.017 0.011 0.013 0.138 
  12   (0.024) 0.004 0.006 0.007 0.032 
  13   (0.036) 0.008 0.008 0.010 0.171 
  14   (0.034) 0.006 0.008 0.010 0.033 
  15   (0.037) 0.010 0.009 0.010 0.058 
  16   (0.048) 0.008 0.049 0.086 0.008 
  17   (0.036) 0.006 0.008 0.082 0.006 
  18   (0.029) 0.005 0.007 0.044 0.005 
  19   (0.061) 0.010 0.052 0.125 0.010 
  20   (0.026) 0.004 0.006 0.043 0.004 
  21   (0.036) 0.006 0.085 0.010 0.006 

Locus 84 : locus84 
26 alleles
0.0% missing data
   1   (0.033) 0.198 0.008 0.009 0.007 
   2   (0.055) 0.172 0.051 0.015 0.012 
   3   (0.030) 0.033 0.007 0.009 0.005 
   4   (0.021) 0.085 0.005 0.006 0.005 
   5   (0.063) 0.144 0.091 0.018 0.015 
   6   (0.036) 0.113 0.009 0.010 0.010 
   7   (0.031) 0.087 0.008 0.009 0.007 
   8   (0.040) 0.035 0.048 0.011 0.006 
   9   (0.048) 0.012 0.011 0.013 0.226 
  10   (0.038) 0.009 0.009 0.011 0.199 
  11   (0.031) 0.005 0.007 0.008 0.060 
  12   (0.033) 0.006 0.008 0.009 0.033 
  13   (0.042) 0.012 0.010 0.012 0.252 
  14   (0.058) 0.010 0.014 0.197 0.037 
  15   (0.042) 0.011 0.010 0.012 0.058 
  16   (0.040) 0.007 0.009 0.119 0.007 
  17   (0.038) 0.006 0.009 0.119 0.006 
  18   (0.032) 0.005 0.008 0.081 0.005 
  19   (0.033) 0.006 0.008 0.081 0.005 
  20   (0.043) 0.007 0.048 0.048 0.007 
  21   (0.045) 0.008 0.011 0.121 0.007 
  22   (0.030) 0.005 0.007 0.044 0.005 
  23   (0.028) 0.005 0.083 0.008 0.005 
  24   (0.036) 0.006 0.390 0.010 0.006 
  25   (0.039) 0.007 0.086 0.011 0.006 
  26   (0.033) 0.006 0.046 0.009 0.005 

Locus 85 : locus85 
21 alleles
0.0% missing data
   1   (0.037) 0.114 0.009 0.010 0.008 
   2   (0.077) 0.113 0.018 0.022 0.220 
   3   (0.029) 0.032 0.007 0.008 0.005 
   4   (0.079) 0.104 0.019 0.022 0.286 
   5   (0.080) 0.068 0.019 0.095 0.069 
   6   (0.050) 0.250 0.012 0.014 0.014 
   7   (0.028) 0.032 0.007 0.008 0.005 
   8   (0.085) 0.065 0.020 0.096 0.159 
   9   (0.083) 0.115 0.020 0.204 0.022 
  10   (0.034) 0.033 0.008 0.010 0.006 
  11   (0.043) 0.010 0.010 0.012 0.089 
  12   (0.030) 0.005 0.007 0.008 0.033 
  13   (0.029) 0.005 0.007 0.008 0.033 
  14   (0.035) 0.006 0.008 0.154 0.006 
  15   (0.039) 0.007 0.009 0.155 0.006 
  16   (0.058) 0.010 0.090 0.088 0.010 
  17   (0.032) 0.005 0.008 0.045 0.005 
  18   (0.039) 0.007 0.238 0.011 0.007 
  19   (0.046) 0.008 0.279 0.013 0.008 
  20   (0.036) 0.006 0.162 0.010 0.006 
  21   (0.031) 0.005 0.046 0.008 0.005 

Locus 86 : locus86 
18 alleles
0.0% missing data
   1   (0.047) 0.198 0.011 0.013 0.012 
   2   (0.086) 0.205 0.020 0.096 0.018 
   3   (0.036) 0.034 0.008 0.010 0.006 
   4   (0.086) 0.117 0.020 0.205 0.022 
   5   (0.051) 0.229 0.012 0.014 0.010 
   6   (0.098) 0.096 0.062 0.208 0.020 
   7   (0.050) 0.015 0.012 0.014 0.168 
   8   (0.038) 0.006 0.009 0.011 0.062 
   9   (0.055) 0.014 0.013 0.015 0.310 
  10   (0.046) 0.008 0.011 0.013 0.063 
  11   (0.048) 0.012 0.011 0.013 0.171 
  12   (0.038) 0.011 0.009 0.011 0.058 
  13   (0.039) 0.007 0.009 0.011 0.034 
  14   (0.073) 0.012 0.094 0.165 0.012 
  15   (0.080) 0.014 0.477 0.131 0.013 
  16   (0.040) 0.007 0.010 0.047 0.007 
  17   (0.043) 0.007 0.048 0.012 0.007 
  18   (0.045) 0.008 0.163 0.012 0.007 

Locus 87 : locus87 
22 alleles
0.0% missing data
   1   (0.032) 0.060 0.008 0.009 0.005 
   2   (0.040) 0.114 0.009 0.011 0.008 
   3   (0.041) 0.167 0.010 0.011 0.009 
   4   (0.047) 0.302 0.011 0.013 0.013 
   5   (0.046) 0.168 0.011 0.013 0.011 
   6   (0.032) 0.033 0.008 0.009 0.005 
   7   (0.035) 0.008 0.008 0.010 0.089 
   8   (0.066) 0.019 0.130 0.018 0.173 
   9   (0.048) 0.011 0.011 0.013 0.176 
  10   (0.030) 0.005 0.007 0.008 0.034 
  11   (0.028) 0.005 0.007 0.008 0.033 
  12   (0.035) 0.008 0.008 0.010 0.089 
  13   (0.076) 0.013 0.286 0.057 0.040 
  14   (0.028) 0.005 0.007 0.008 0.033 
  15   (0.036) 0.009 0.008 0.010 0.059 
  16   (0.091) 0.022 0.098 0.134 0.065 
  17   (0.085) 0.014 0.058 0.277 0.042 
  18   (0.033) 0.009 0.008 0.009 0.059 
  19   (0.032) 0.005 0.007 0.009 0.034 
  20   (0.037) 0.006 0.009 0.263 0.006 
  21   (0.065) 0.011 0.245 0.090 0.011 
  22   (0.037) 0.006 0.047 0.010 0.006 

Locus 88 : locus88 
21 alleles
0.0% missing data
   1   (0.060) 0.090 0.014 0.053 0.013 
   2   (0.080) 0.253 0.172 0.022 0.021 
   3   (0.036) 0.058 0.008 0.010 0.009 
   4   (0.039) 0.117 0.009 0.011 0.006 
   5   (0.082) 0.046 0.020 0.096 0.206 
   6   (0.035) 0.140 0.008 0.010 0.009 
   7   (0.039) 0.141 0.009 0.011 0.010 
   8   (0.081) 0.041 0.019 0.240 0.070 
   9   (0.037) 0.009 0.009 0.010 0.088 
  10   (0.058) 0.015 0.014 0.052 0.145 
  11   (0.056) 0.011 0.013 0.052 0.148 
  12   (0.070) 0.025 0.016 0.091 0.222 
  13   (0.035) 0.006 0.008 0.118 0.006 
  14   (0.048) 0.008 0.049 0.049 0.008 
  15   (0.032) 0.005 0.008 0.118 0.005 
  16   (0.028) 0.005 0.083 0.008 0.005 
  17   (0.041) 0.007 0.200 0.011 0.007 
  18   (0.034) 0.006 0.084 0.009 0.006 
  19   (0.034) 0.006 0.084 0.009 0.005 
  20   (0.039) 0.007 0.124 0.011 0.006 
  21   (0.034) 0.006 0.046 0.010 0.006 

Locus 89 : locus89 
17 alleles
0.0% missing data
   1   (0.050) 0.330 0.012 0.014 0.013 
   2   (0.039) 0.114 0.009 0.011 0.008 
   3   (0.035) 0.060 0.008 0.010 0.006 
   4   (0.038) 0.085 0.009 0.010 0.009 
   5   (0.043) 0.089 0.010 0.012 0.007 
   6   (0.041) 0.165 0.010 0.011 0.012 
   7   (0.095) 0.025 0.061 0.135 0.120 
   8   (0.098) 0.025 0.137 0.063 0.206 
   9   (0.107) 0.024 0.063 0.247 0.181 
  10   (0.076) 0.013 0.056 0.166 0.041 
  11   (0.106) 0.025 0.254 0.065 0.237 
  12   (0.057) 0.009 0.090 0.016 0.066 
  13   (0.072) 0.012 0.055 0.056 0.069 
  14   (0.042) 0.007 0.010 0.156 0.007 
  15   (0.029) 0.005 0.045 0.008 0.005 
  16   (0.031) 0.005 0.084 0.008 0.005 
  17   (0.043) 0.007 0.087 0.012 0.007 

Locus 90 : locus90 
23 alleles
0.0% missing data
   1   (0.033) 0.228 0.008 0.009 0.008 
   2   (0.064) 0.123 0.015 0.018 0.120 
   3   (0.050) 0.051 0.012 0.014 0.049 
   4   (0.069) 0.243 0.054 0.019 0.059 
   5   (0.047) 0.036 0.126 0.013 0.008 
   6   (0.046) 0.050 0.011 0.013 0.049 
   7   (0.030) 0.033 0.007 0.009 0.005 
   8   (0.050) 0.055 0.012 0.014 0.265 
   9   (0.031) 0.033 0.007 0.009 0.005 
  10   (0.045) 0.050 0.011 0.013 0.049 
  11   (0.033) 0.009 0.008 0.009 0.195 
  12   (0.033) 0.008 0.008 0.009 0.086 
  13   (0.029) 0.005 0.007 0.008 0.032 
  14   (0.037) 0.006 0.009 0.155 0.006 
  15   (0.056) 0.010 0.242 0.051 0.009 
  16   (0.041) 0.007 0.010 0.120 0.007 
  17   (0.051) 0.009 0.050 0.051 0.008 
  18   (0.059) 0.010 0.090 0.161 0.009 
  19   (0.035) 0.006 0.008 0.118 0.006 
  20   (0.044) 0.008 0.125 0.048 0.007 
  21   (0.057) 0.010 0.128 0.088 0.009 
  22   (0.024) 0.004 0.005 0.043 0.004 
  23   (0.034) 0.006 0.046 0.009 0.005 

Locus 91 : locus91 
27 alleles
0.0% missing data
   1   (0.058) 0.227 0.014 0.052 0.014 
   2   (0.073) 0.224 0.017 0.201 0.021 
   3   (0.032) 0.089 0.008 0.009 0.005 
   4   (0.030) 0.060 0.007 0.008 0.005 
   5   (0.060) 0.198 0.014 0.052 0.016 
   6   (0.025) 0.032 0.006 0.007 0.004 
   7   (0.024) 0.032 0.006 0.007 0.004 
   8   (0.038) 0.009 0.009 0.011 0.087 
   9   (0.030) 0.007 0.007 0.008 0.087 
  10   (0.033) 0.009 0.008 0.009 0.142 
  11   (0.034) 0.009 0.008 0.009 0.057 
  12   (0.033) 0.006 0.008 0.009 0.117 
  13   (0.034) 0.006 0.008 0.010 0.034 
  14   (0.039) 0.014 0.009 0.011 0.250 
  15   (0.024) 0.004 0.006 0.007 0.032 
  16   (0.026) 0.004 0.006 0.007 0.032 
  17   (0.022) 0.004 0.005 0.006 0.031 
  18   (0.048) 0.008 0.049 0.122 0.008 
  19   (0.062) 0.010 0.129 0.126 0.010 
  20   (0.054) 0.009 0.320 0.051 0.009 
  21   (0.039) 0.007 0.009 0.155 0.006 
  22   (0.030) 0.005 0.007 0.081 0.005 
  23   (0.036) 0.006 0.085 0.010 0.006 
  24   (0.020) 0.004 0.043 0.006 0.003 
  25   (0.030) 0.005 0.121 0.008 0.005 
  26   (0.031) 0.005 0.045 0.009 0.005 
  27   (0.033) 0.006 0.046 0.009 0.005 

Locus 92 : locus92 
17 alleles
0.0% missing data
   1   (0.112) 0.176 0.141 0.139 0.029 
   2   (0.118) 0.128 0.372 0.178 0.023 
   3   (0.098) 0.155 0.099 0.100 0.018 
   4   (0.086) 0.095 0.135 0.059 0.018 
   5   (0.066) 0.092 0.016 0.127 0.014 
   6   (0.057) 0.091 0.013 0.052 0.012 
   7   (0.065) 0.176 0.053 0.018 0.014 
   8   (0.045) 0.017 0.011 0.013 0.135 
   9   (0.041) 0.010 0.010 0.011 0.169 
  10   (0.037) 0.009 0.009 0.010 0.197 
  11   (0.031) 0.005 0.007 0.009 0.033 
  12   (0.039) 0.010 0.009 0.011 0.169 
  13   (0.038) 0.008 0.009 0.011 0.115 
  14   (0.033) 0.006 0.008 0.009 0.033 
  15   (0.044) 0.008 0.010 0.157 0.007 
  16   (0.055) 0.010 0.051 0.087 0.009 
  17   (0.034) 0.006 0.046 0.009 0.005 

Locus 93 : locus93 
19 alleles
0.0% missing data
   1   (0.036) 0.061 0.008 0.010 0.006 
   2   (0.063) 0.445 0.052 0.017 0.017 
   3   (0.047) 0.035 0.088 0.013 0.008 
   4   (0.060) 0.172 0.052 0.017 0.014 
   5   (0.132) 0.123 0.261 0.181 0.059 
   6   (0.108) 0.046 0.217 0.139 0.074 
   7   (0.051) 0.013 0.050 0.014 0.144 
   8   (0.033) 0.006 0.008 0.009 0.062 
   9   (0.039) 0.011 0.009 0.011 0.058 
  10   (0.085) 0.022 0.058 0.096 0.287 
  11   (0.068) 0.020 0.016 0.091 0.170 
  12   (0.029) 0.005 0.007 0.008 0.033 
  13   (0.030) 0.005 0.007 0.008 0.033 
  14   (0.031) 0.005 0.007 0.045 0.005 
  15   (0.033) 0.006 0.008 0.082 0.005 
  16   (0.033) 0.006 0.008 0.118 0.006 
  17   (0.032) 0.005 0.008 0.045 0.005 
  18   (0.054) 0.009 0.127 0.051 0.009 
  19   (0.035) 0.006 0.008 0.046 0.006 

Locus 94 : locus94 
21 alleles
0.0% missing data
   1   (0.039) 0.120 0.009 0.011 0.008 
   2   (0.046) 0.321 0.011 0.013 0.011 
   3   (0.034) 0.092 0.008 0.009 0.005 
   4   (0.064) 0.090 0.015 0.017 0.151 
   5   (0.042) 0.150 0.010 0.012 0.008 
   6   (0.061) 0.085 0.015 0.017 0.073 
   7   (0.053) 0.015 0.013 0.015 0.436 
   8   (0.038) 0.009 0.009 0.011 0.112 
   9   (0.040) 0.007 0.009 0.011 0.033 
  10   (0.041) 0.016 0.010 0.011 0.079 
  11   (0.079) 0.014 0.400 0.094 0.013 
  12   (0.045) 0.008 0.011 0.121 0.007 
  13   (0.064) 0.011 0.092 0.090 0.010 
  14   (0.056) 0.010 0.051 0.124 0.009 
  15   (0.051) 0.009 0.012 0.159 0.008 
  16   (0.034) 0.006 0.008 0.046 0.005 
  17   (0.059) 0.010 0.090 0.125 0.009 
  18   (0.055) 0.010 0.089 0.051 0.009 
  19   (0.037) 0.007 0.009 0.046 0.006 
  20   (0.030) 0.005 0.083 0.008 0.005 
  21   (0.033) 0.006 0.046 0.009 0.005 

Locus 95 : locus95 
27 alleles
0.0% missing data
   1   (0.042) 0.167 0.010 0.012 0.012 
   2   (0.037) 0.061 0.009 0.010 0.006 
   3   (0.046) 0.170 0.011 0.013 0.010 
   4   (0.039) 0.115 0.009 0.011 0.008 
   5   (0.046) 0.199 0.011 0.013 0.010 
   6   (0.030) 0.032 0.007 0.008 0.005 
   7   (0.037) 0.113 0.009 0.010 0.010 
   8   (0.041) 0.012 0.010 0.012 0.114 
   9   (0.036) 0.008 0.009 0.010 0.228 
  10   (0.036) 0.006 0.009 0.010 0.062 
  11   (0.045) 0.012 0.011 0.012 0.254 
  12   (0.036) 0.014 0.009 0.010 0.082 
  13   (0.037) 0.006 0.009 0.010 0.091 
  14   (0.032) 0.005 0.008 0.009 0.033 
  15   (0.046) 0.008 0.011 0.194 0.008 
  16   (0.028) 0.005 0.007 0.080 0.005 
  17   (0.032) 0.005 0.008 0.045 0.005 
  18   (0.037) 0.006 0.009 0.155 0.006 
  19   (0.038) 0.006 0.009 0.119 0.006 
  20   (0.030) 0.005 0.007 0.081 0.005 
  21   (0.047) 0.008 0.049 0.049 0.008 
  22   (0.036) 0.006 0.008 0.082 0.006 
  23   (0.038) 0.006 0.124 0.010 0.006 
  24   (0.026) 0.004 0.387 0.007 0.004 
  25   (0.034) 0.006 0.161 0.010 0.006 
  26   (0.040) 0.007 0.048 0.011 0.006 
  27   (0.027) 0.005 0.044 0.008 0.004 

Locus 96 : locus96 
20 alleles
0.0% missing data
   1   (0.076) 0.273 0.018 0.021 0.115 
   2   (0.039) 0.091 0.009 0.011 0.006 
   3   (0.044) 0.119 0.010 0.012 0.009 
   4   (0.084) 0.140 0.020 0.023 0.248 
   5   (0.056) 0.092 0.051 0.016 0.012 
   6   (0.061) 0.138 0.014 0.017 0.051 
   7   (0.052) 0.037 0.012 0.014 0.063 
   8   (0.048) 0.014 0.011 0.013 0.332 
   9   (0.036) 0.010 0.009 0.010 0.057 
  10   (0.035) 0.006 0.008 0.010 0.033 
  11   (0.066) 0.011 0.092 0.126 0.010 
  12   (0.035) 0.006 0.008 0.082 0.006 
  13   (0.062) 0.011 0.167 0.053 0.010 
  14   (0.037) 0.006 0.009 0.118 0.006 
  15   (0.048) 0.008 0.012 0.158 0.008 
  16   (0.064) 0.011 0.053 0.162 0.010 
  17   (0.037) 0.006 0.009 0.046 0.006 
  18   (0.035) 0.006 0.008 0.082 0.006 
  19   (0.035) 0.006 0.085 0.010 0.006 
  20   (0.050) 0.009 0.393 0.014 0.008 

Locus 97 : locus97 
25 alleles
0.0% missing data
   1   (0.048) 0.390 0.011 0.013 0.013 
   2   (0.052) 0.036 0.012 0.050 0.009 
   3   (0.036) 0.034 0.008 0.010 0.006 
   4   (0.058) 0.037 0.014 0.089 0.010 
   5   (0.033) 0.086 0.008 0.009 0.008 
   6   (0.052) 0.171 0.012 0.014 0.012 
   7   (0.039) 0.087 0.009 0.011 0.009 
   8   (0.034) 0.033 0.008 0.009 0.006 
   9   (0.032) 0.007 0.008 0.009 0.087 
  10   (0.045) 0.010 0.011 0.013 0.089 
  11   (0.045) 0.018 0.011 0.012 0.305 
  12   (0.033) 0.006 0.008 0.009 0.230 
  13   (0.031) 0.005 0.007 0.009 0.033 
  14   (0.042) 0.009 0.010 0.012 0.117 
  15   (0.043) 0.007 0.010 0.193 0.007 
  16   (0.034) 0.006 0.008 0.046 0.006 
  17   (0.043) 0.007 0.010 0.228 0.007 
  18   (0.037) 0.006 0.009 0.155 0.006 
  19   (0.029) 0.005 0.007 0.044 0.005 
  20   (0.046) 0.008 0.087 0.013 0.008 
  21   (0.031) 0.005 0.046 0.009 0.005 
  22   (0.033) 0.006 0.085 0.009 0.005 
  23   (0.038) 0.007 0.238 0.011 0.006 
  24   (0.045) 0.008 0.316 0.013 0.007 
  25   (0.038) 0.006 0.047 0.011 0.006 

Locus 98 : locus98 
24 alleles
0.0% missing data
   1   (0.062) 0.148 0.091 0.017 0.012 
   2   (0.054) 0.173 0.089 0.015 0.012 
   3   (0.038) 0.116 0.009 0.011 0.008 
   4   (0.063) 0.114 0.130 0.017 0.017 
   5   (0.063) 0.144 0.053 0.017 0.015 
   6   (0.070) 0.173 0.207 0.019 0.016 
   7   (0.029) 0.009 0.007 0.008 0.056 
   8   (0.045) 0.011 0.011 0.013 0.339 
   9   (0.034) 0.007 0.008 0.010 0.116 
  10   (0.052) 0.014 0.050 0.014 0.059 
  11   (0.035) 0.006 0.008 0.010 0.089 
  12   (0.032) 0.008 0.008 0.009 0.141 
  13   (0.052) 0.014 0.050 0.014 0.059 
  14   (0.029) 0.005 0.007 0.044 0.005 
  15   (0.037) 0.006 0.009 0.155 0.006 
  16   (0.040) 0.007 0.009 0.155 0.007 
  17   (0.040) 0.007 0.009 0.156 0.006 
  18   (0.038) 0.007 0.009 0.191 0.006 
  19   (0.034) 0.006 0.008 0.082 0.006 
  20   (0.031) 0.005 0.046 0.009 0.005 
  21   (0.028) 0.005 0.045 0.008 0.005 
  22   (0.022) 0.004 0.043 0.006 0.004 
  23   (0.035) 0.006 0.046 0.010 0.006 
  24   (0.037) 0.006 0.047 0.010 0.006 

Locus 99 : locus99 
26 alleles
0.0% missing data
   1   (0.037) 0.086 0.009 0.010 0.009 
   2   (0.049) 0.388 0.012 0.014 0.011 
   3   (0.058) 0.142 0.014 0.052 0.015 
   4   (0.036) 0.193 0.009 0.010 0.010 
   5   (0.032) 0.033 0.008 0.009 0.005 
   6   (0.029) 0.006 0.007 0.008 0.117 
   7   (0.046) 0.011 0.011 0.013 0.230 
   8   (0.038) 0.007 0.009 0.010 0.175 
   9   (0.081) 0.026 0.019 0.347 0.084 
  10   (0.025) 0.004 0.006 0.007 0.032 
  11   (0.038) 0.010 0.009 0.011 0.059 
  12   (0.049) 0.012 0.012 0.049 0.145 
  13   (0.037) 0.006 0.009 0.010 0.034 
  14   (0.039) 0.006 0.009 0.083 0.006 
  15   (0.040) 0.007 0.010 0.120 0.007 
  16   (0.049) 0.008 0.050 0.086 0.008 
  17   (0.030) 0.005 0.007 0.044 0.005 
  18   (0.029) 0.005 0.007 0.044 0.005 
  19   (0.035) 0.006 0.046 0.010 0.006 
  20   (0.030) 0.005 0.045 0.008 0.005 
  21   (0.029) 0.005 0.083 0.008 0.005 
  22   (0.042) 0.007 0.277 0.012 0.007 
  23   (0.028) 0.005 0.160 0.008 0.005 
  24   (0.029) 0.005 0.045 0.008 0.005 
  25   (0.034) 0.006 0.046 0.009 0.005 
  26   (0.032) 0.006 0.084 0.009 0.005 

Locus 100 : locus100 
12 alleles
0.0% missing data
   1   (0.148) 0.254 0.035 0.185 0.211 
   2   (0.129) 0.178 0.031 0.144 0.142 
   3   (0.112) 0.196 0.026 0.067 0.202 
   4   (0.072) 0.094 0.017 0.020 0.096 
   5   (0.151) 0.175 0.074 0.296 0.069 
   6   (0.068) 0.039 0.207 0.019 0.011 
   7   (0.042) 0.011 0.010 0.012 0.059 
   8   (0.044) 0.012 0.010 0.012 0.059 
   9   (0.073) 0.013 0.361 0.020 0.040 
  10   (0.079) 0.013 0.019 0.203 0.098 
  11   (0.045) 0.008 0.164 0.012 0.008 
  12   (0.037) 0.006 0.047 0.010 0.006 

Values of parameters used in structure:
DATAFILE=C:\Users\CHendrikse\Documents\HybridSimulation\SimParFiles\4DemeFixed\50_50\project_data,	OUTFILE=C:\Users\CHendrikse\Documents\HybridSimulation\SimParFiles\4DemeFixed\50_50\50_50\Results\50_50_run_1,	NUMINDS=50,	NUMLOCI=100,	MISSING=-9,	LABEL=1,	POPDATA=0,	POPFLAG=0,	PHENOTYPE=0,	EXTRACOLS=0,	MAXPOPS=4,	BURNIN=50000,	NUMREPS=50000,	USEPOPINFO=0,	INFERALPHA=1,	INFERLAMBDA=0,	POPSPECIFICLAMBDA=0,	POPALPHAS=0,	COMPUTEPROB=1,	NOADMIX=0,	ADMBURNIN=2500,	UPDATEFREQ=1,	PRINTLIKES=0,	INTERMEDSAVE=0,	PRINTKLD=0,	PRINTNET=0,	PRINTLAMBDA=0,	ANCESTDIST=0,	NUMBOXES=1000,	ANCESTPINT=0.90000,	GENSBACK=2,	MIGRPRIOR=0.05000,	PRINTQHAT=0,	PRINTQSUM=0,	ALPHA=1.0000,	FREQSCORR=1,	FPRIORMEAN=0.0100,	FPRIORSD=0.0500,	ONEFST=0,	LAMBDA=1.0000,	UNIFPRIORALPHA=1,	ALPHAMAX=10.0000,	ALPHAPRIORA=1.0000,	ALPHAPRIORB=2.0000,	ALPHAPROPSD=0.0250,	STARTATPOPINFO=0,	RANDOMIZE=1,	LINKAGE=0,	METROFREQ=10,	REPORTHITRATE=0,	MARKOVPHASE=-1,	PHASED=0,	PLOIDY=2,	PHASEINFO=0	LOCPRIOR=0, 	LOCPRIORINIT=1.000000, 	LOCDATA=0, 	LOCISPOP=0, 	LOCPRIORSTEP=0.100000, 	MAXLOCPRIOR=20.000000, 	SEED=1657299123,	
[STRAT parameters]:    NUMSIMSTATS=1000,	PHENOTYPECOL=-9,	POOLFREQ=10,	LOCUSxONLY=0,	EMERROR=0.00100,	MISSINGPHENO=-9,	