

----------------------------------------------------
STRUCTURE by Pritchard, Stephens and Donnelly (2000)
     and Falush, Stephens and Pritchard (2003)
       Code by Pritchard, Falush and Hubisz
             Version 2.3.4 (Jul 2012)
----------------------------------------------------



Command line arguments:   /usr/local/bin/structure -i parentandhybrid2.str -m mainparams.txt -e extraparams.txt -K 4 -o parentandhybrid4Deme_1 
Input File:    parentandhybrid2.str

Run parameters:
   50 individuals
   100 loci
   4 populations assumed
   200000 Burn-in period
   200000 Reps


--------------------------------------------
Overall proportion of membership of the
sample in each of the 4 clusters

Inferred Clusters
  1      2      3      4    
0.300  0.200  0.300  0.200  

--------------------------------------------

Allele-freq. divergence among pops (Net nucleotide distance),
computed using point estimates of P.

      1       2       3       4      
 1      -    0.0952  0.1077  0.0968  
 2   0.0952     -    0.1001  0.0882  
 3   0.1077  0.1001     -    0.0964  
 4   0.0968  0.0882  0.0964     -    

Average distances (expected heterozygosity) between individuals in same cluster:
cluster  1  : 0.8473 
cluster  2  : 0.8626 
cluster  3  : 0.8504 
cluster  4  : 0.8664 

--------------------------------------------
Estimated Ln Prob of Data   = -23271.7
Mean value of ln likelihood = -21683.1
Variance of ln likelihood   = 3177.2
Mean value of alpha         = 0.0281

Mean value of Fst_1         = 0.1429
Mean value of Fst_2         = 0.1226
Mean value of Fst_3         = 0.1407
Mean value of Fst_4         = 0.1201


Inferred ancestry of individuals:
        Label (%Miss) :  Inferred clusters
  1        1    (0)   :  0.000 0.000 0.999 0.001 
  2        2    (0)   :  0.000 0.001 0.998 0.001 
  3        3    (0)   :  0.000 0.001 0.999 0.000 
  4        4    (0)   :  0.000 0.001 0.999 0.000 
  5        5    (0)   :  0.001 0.000 0.998 0.001 
  6        6    (0)   :  0.000 0.000 0.999 0.000 
  7        7    (0)   :  0.000 0.000 0.999 0.000 
  8        8    (0)   :  0.000 0.001 0.998 0.001 
  9        9    (0)   :  0.000 0.001 0.999 0.000 
 10       10    (0)   :  0.000 0.001 0.999 0.000 
 11       11    (0)   :  0.999 0.000 0.000 0.000 
 12       12    (0)   :  0.999 0.000 0.000 0.000 
 13       13    (0)   :  0.995 0.001 0.000 0.003 
 14       14    (0)   :  0.999 0.000 0.000 0.001 
 15       15    (0)   :  0.999 0.000 0.000 0.000 
 16       16    (0)   :  0.999 0.000 0.000 0.001 
 17       17    (0)   :  0.998 0.001 0.000 0.000 
 18       18    (0)   :  0.997 0.001 0.000 0.002 
 19       19    (0)   :  0.999 0.000 0.000 0.000 
 20       20    (0)   :  0.999 0.000 0.000 0.000 
 21      h01    (0)   :  0.472 0.000 0.527 0.000 
 22      h02    (0)   :  0.521 0.000 0.479 0.000 
 23      h03    (0)   :  0.507 0.000 0.492 0.000 
 24      h04    (0)   :  0.474 0.000 0.526 0.000 
 25      h05    (0)   :  0.501 0.000 0.499 0.000 
 26      h06    (0)   :  0.506 0.000 0.494 0.000 
 27      h07    (0)   :  0.507 0.000 0.492 0.000 
 28      h08    (0)   :  0.503 0.000 0.496 0.000 
 29      h09    (0)   :  0.492 0.000 0.508 0.000 
 30      h10    (0)   :  0.517 0.000 0.483 0.000 
 31       21    (0)   :  0.000 0.000 0.000 0.999 
 32       22    (0)   :  0.000 0.000 0.001 0.998 
 33       23    (0)   :  0.001 0.001 0.001 0.997 
 34       24    (0)   :  0.001 0.000 0.000 0.999 
 35       25    (0)   :  0.000 0.000 0.000 0.999 
 36       26    (0)   :  0.001 0.000 0.000 0.999 
 37       27    (0)   :  0.000 0.000 0.000 0.999 
 38       28    (0)   :  0.000 0.001 0.000 0.999 
 39       29    (0)   :  0.000 0.000 0.000 0.999 
 40       30    (0)   :  0.000 0.000 0.001 0.999 
 41       31    (0)   :  0.000 0.999 0.000 0.001 
 42       32    (0)   :  0.005 0.994 0.001 0.001 
 43       33    (0)   :  0.001 0.999 0.000 0.000 
 44       34    (0)   :  0.000 0.999 0.000 0.000 
 45       35    (0)   :  0.000 0.997 0.001 0.002 
 46       36    (0)   :  0.000 0.999 0.000 0.000 
 47       37    (0)   :  0.001 0.999 0.000 0.000 
 48       38    (0)   :  0.000 0.998 0.001 0.001 
 49       39    (0)   :  0.000 0.999 0.000 0.001 
 50       40    (0)   :  0.000 0.999 0.000 0.000 


Estimated Allele Frequencies in each cluster
First column gives estimated ancestral frequencies


Locus 1 : locus1 
20 alleles
0.0% missing data
   1   (0.035) 0.008 0.009 0.086 0.009 
   2   (0.058) 0.014 0.015 0.226 0.052 
   3   (0.067) 0.016 0.018 0.172 0.128 
   4   (0.048) 0.008 0.049 0.063 0.013 
   5   (0.032) 0.005 0.009 0.061 0.009 
   6   (0.036) 0.010 0.010 0.057 0.010 
   7   (0.039) 0.015 0.010 0.081 0.010 
   8   (0.034) 0.008 0.009 0.086 0.009 
   9   (0.052) 0.009 0.014 0.036 0.161 
  10   (0.056) 0.231 0.051 0.012 0.015 
  11   (0.074) 0.121 0.093 0.015 0.056 
  12   (0.077) 0.085 0.094 0.024 0.057 
  13   (0.077) 0.288 0.057 0.018 0.057 
  14   (0.036) 0.088 0.010 0.008 0.010 
  15   (0.095) 0.064 0.246 0.023 0.135 
  16   (0.033) 0.006 0.009 0.006 0.119 
  17   (0.033) 0.006 0.009 0.006 0.082 
  18   (0.049) 0.008 0.086 0.008 0.049 
  19   (0.036) 0.006 0.120 0.006 0.010 
  20   (0.033) 0.006 0.082 0.006 0.009 

Locus 2 : locus2 
23 alleles
0.0% missing data
   1   (0.072) 0.241 0.019 0.140 0.019 
   2   (0.044) 0.010 0.012 0.264 0.012 
   3   (0.061) 0.076 0.016 0.083 0.016 
   4   (0.065) 0.142 0.017 0.157 0.018 
   5   (0.056) 0.120 0.015 0.092 0.015 
   6   (0.056) 0.045 0.015 0.086 0.015 
   7   (0.029) 0.005 0.008 0.034 0.008 
   8   (0.030) 0.005 0.008 0.034 0.008 
   9   (0.047) 0.269 0.012 0.016 0.013 
  10   (0.059) 0.010 0.089 0.010 0.162 
  11   (0.036) 0.006 0.010 0.006 0.046 
  12   (0.035) 0.006 0.009 0.006 0.082 
  13   (0.038) 0.006 0.010 0.007 0.156 
  14   (0.034) 0.006 0.009 0.006 0.082 
  15   (0.037) 0.006 0.010 0.007 0.083 
  16   (0.036) 0.006 0.010 0.006 0.083 
  17   (0.033) 0.005 0.009 0.006 0.045 
  18   (0.054) 0.009 0.088 0.010 0.087 
  19   (0.038) 0.006 0.121 0.007 0.010 
  20   (0.041) 0.007 0.194 0.007 0.011 
  21   (0.037) 0.006 0.230 0.007 0.010 
  22   (0.031) 0.005 0.045 0.005 0.008 
  23   (0.033) 0.005 0.045 0.006 0.009 

Locus 3 : locus3 
23 alleles
0.0% missing data
   1   (0.047) 0.011 0.012 0.392 0.013 
   2   (0.071) 0.018 0.019 0.227 0.092 
   3   (0.061) 0.017 0.053 0.114 0.016 
   4   (0.053) 0.009 0.014 0.036 0.088 
   5   (0.050) 0.008 0.050 0.036 0.013 
   6   (0.063) 0.016 0.164 0.060 0.017 
   7   (0.040) 0.116 0.011 0.009 0.011 
   8   (0.046) 0.106 0.012 0.020 0.012 
   9   (0.045) 0.312 0.012 0.010 0.012 
  10   (0.041) 0.143 0.011 0.010 0.011 
  11   (0.040) 0.090 0.011 0.007 0.011 
  12   (0.033) 0.033 0.009 0.006 0.009 
  13   (0.042) 0.059 0.011 0.011 0.011 
  14   (0.033) 0.006 0.009 0.006 0.046 
  15   (0.044) 0.007 0.012 0.007 0.341 
  16   (0.039) 0.007 0.010 0.007 0.120 
  17   (0.040) 0.007 0.010 0.007 0.084 
  18   (0.033) 0.005 0.009 0.006 0.045 
  19   (0.038) 0.006 0.120 0.006 0.010 
  20   (0.032) 0.006 0.045 0.005 0.009 
  21   (0.044) 0.007 0.269 0.007 0.012 
  22   (0.036) 0.006 0.083 0.006 0.010 
  23   (0.032) 0.005 0.045 0.005 0.009 

Locus 4 : locus4 
22 alleles
0.0% missing data
   1   (0.074) 0.015 0.020 0.121 0.166 
   2   (0.047) 0.014 0.012 0.280 0.013 
   3   (0.058) 0.012 0.015 0.119 0.052 
   4   (0.042) 0.008 0.011 0.144 0.011 
   5   (0.033) 0.006 0.009 0.033 0.009 
   6   (0.076) 0.019 0.020 0.062 0.350 
   7   (0.070) 0.015 0.018 0.120 0.129 
   8   (0.045) 0.227 0.012 0.010 0.012 
   9   (0.043) 0.281 0.011 0.010 0.012 
  10   (0.042) 0.141 0.011 0.011 0.011 
  11   (0.065) 0.144 0.054 0.016 0.017 
  12   (0.042) 0.058 0.011 0.012 0.011 
  13   (0.037) 0.006 0.010 0.006 0.083 
  14   (0.033) 0.006 0.009 0.006 0.046 
  15   (0.033) 0.006 0.045 0.006 0.009 
  16   (0.046) 0.008 0.270 0.008 0.012 
  17   (0.032) 0.005 0.045 0.005 0.009 
  18   (0.035) 0.006 0.083 0.006 0.009 
  19   (0.041) 0.007 0.121 0.007 0.011 
  20   (0.038) 0.006 0.083 0.006 0.010 
  21   (0.033) 0.006 0.045 0.006 0.009 
  22   (0.036) 0.006 0.083 0.006 0.010 

Locus 5 : locus5 
11 alleles
0.0% missing data
   1   (0.107) 0.028 0.065 0.201 0.138 
   2   (0.083) 0.201 0.022 0.160 0.022 
   3   (0.187) 0.200 0.197 0.278 0.160 
   4   (0.142) 0.293 0.111 0.087 0.111 
   5   (0.088) 0.019 0.060 0.093 0.097 
   6   (0.064) 0.144 0.017 0.045 0.017 
   7   (0.085) 0.042 0.023 0.042 0.206 
   8   (0.041) 0.011 0.011 0.058 0.011 
   9   (0.069) 0.039 0.276 0.012 0.019 
  10   (0.066) 0.011 0.128 0.011 0.090 
  11   (0.067) 0.011 0.091 0.011 0.127 

Locus 6 : locus6 
23 alleles
0.0% missing data
   1   (0.068) 0.017 0.018 0.390 0.054 
   2   (0.064) 0.015 0.017 0.281 0.053 
   3   (0.051) 0.013 0.013 0.059 0.050 
   4   (0.036) 0.009 0.010 0.086 0.010 
   5   (0.031) 0.005 0.008 0.033 0.008 
   6   (0.039) 0.088 0.010 0.009 0.010 
   7   (0.045) 0.228 0.012 0.011 0.012 
   8   (0.036) 0.062 0.010 0.006 0.010 
   9   (0.047) 0.036 0.013 0.008 0.050 
  10   (0.040) 0.199 0.011 0.011 0.011 
  11   (0.058) 0.066 0.015 0.010 0.089 
  12   (0.030) 0.033 0.008 0.005 0.008 
  13   (0.074) 0.093 0.019 0.016 0.313 
  14   (0.062) 0.083 0.017 0.021 0.090 
  15   (0.036) 0.006 0.010 0.006 0.119 
  16   (0.033) 0.006 0.009 0.006 0.045 
  17   (0.040) 0.007 0.157 0.007 0.011 
  18   (0.040) 0.007 0.231 0.007 0.011 
  19   (0.040) 0.007 0.194 0.007 0.011 
  20   (0.033) 0.005 0.082 0.005 0.009 
  21   (0.033) 0.006 0.046 0.006 0.009 
  22   (0.031) 0.005 0.045 0.005 0.008 
  23   (0.033) 0.006 0.045 0.006 0.009 

Locus 7 : locus7 
22 alleles
0.0% missing data
   1   (0.046) 0.009 0.012 0.308 0.012 
   2   (0.048) 0.013 0.013 0.278 0.013 
   3   (0.041) 0.009 0.011 0.087 0.011 
   4   (0.049) 0.014 0.013 0.167 0.013 
   5   (0.040) 0.089 0.011 0.009 0.011 
   6   (0.039) 0.062 0.010 0.007 0.010 
   7   (0.045) 0.173 0.012 0.011 0.012 
   8   (0.040) 0.143 0.011 0.010 0.011 
   9   (0.044) 0.256 0.012 0.010 0.012 
  10   (0.032) 0.033 0.008 0.005 0.009 
  11   (0.063) 0.061 0.017 0.016 0.090 
  12   (0.055) 0.060 0.015 0.015 0.051 
  13   (0.068) 0.011 0.275 0.011 0.055 
  14   (0.039) 0.007 0.010 0.007 0.083 
  15   (0.067) 0.011 0.091 0.011 0.238 
  16   (0.065) 0.011 0.202 0.011 0.053 
  17   (0.039) 0.007 0.010 0.007 0.084 
  18   (0.036) 0.006 0.010 0.006 0.119 
  19   (0.033) 0.005 0.009 0.005 0.045 
  20   (0.034) 0.006 0.009 0.006 0.046 
  21   (0.044) 0.007 0.158 0.007 0.012 
  22   (0.034) 0.006 0.083 0.006 0.009 

Locus 8 : locus8 
18 alleles
0.0% missing data
   1   (0.046) 0.010 0.012 0.178 0.012 
   2   (0.062) 0.010 0.201 0.039 0.017 
   3   (0.117) 0.023 0.289 0.131 0.104 
   4   (0.082) 0.017 0.131 0.298 0.022 
   5   (0.066) 0.129 0.018 0.085 0.018 
   6   (0.067) 0.011 0.165 0.069 0.018 
   7   (0.062) 0.097 0.016 0.061 0.017 
   8   (0.062) 0.080 0.016 0.050 0.017 
   9   (0.054) 0.299 0.014 0.015 0.015 
  10   (0.037) 0.033 0.010 0.006 0.010 
  11   (0.046) 0.193 0.012 0.011 0.012 
  12   (0.039) 0.056 0.010 0.011 0.010 
  13   (0.048) 0.008 0.013 0.009 0.196 
  14   (0.061) 0.010 0.053 0.011 0.090 
  15   (0.039) 0.006 0.010 0.007 0.120 
  16   (0.043) 0.007 0.011 0.008 0.231 
  17   (0.035) 0.006 0.009 0.006 0.046 
  18   (0.035) 0.006 0.009 0.006 0.046 

Locus 9 : locus9 
18 alleles
0.0% missing data
   1   (0.065) 0.015 0.017 0.171 0.091 
   2   (0.107) 0.143 0.102 0.251 0.029 
   3   (0.060) 0.017 0.016 0.113 0.053 
   4   (0.041) 0.009 0.011 0.114 0.011 
   5   (0.064) 0.019 0.017 0.166 0.053 
   6   (0.058) 0.010 0.015 0.037 0.089 
   7   (0.061) 0.010 0.016 0.037 0.163 
   8   (0.049) 0.230 0.013 0.012 0.013 
   9   (0.067) 0.062 0.128 0.017 0.018 
  10   (0.069) 0.147 0.092 0.017 0.019 
  11   (0.070) 0.208 0.092 0.013 0.019 
  12   (0.083) 0.094 0.390 0.018 0.022 
  13   (0.044) 0.007 0.012 0.007 0.194 
  14   (0.036) 0.006 0.010 0.006 0.083 
  15   (0.032) 0.005 0.008 0.005 0.045 
  16   (0.032) 0.005 0.008 0.005 0.045 
  17   (0.032) 0.005 0.008 0.005 0.045 
  18   (0.031) 0.005 0.045 0.005 0.008 

Locus 10 : locus10 
17 alleles
0.0% missing data
   1   (0.049) 0.013 0.013 0.280 0.013 
   2   (0.056) 0.009 0.088 0.037 0.015 
   3   (0.084) 0.019 0.169 0.203 0.023 
   4   (0.084) 0.019 0.132 0.203 0.023 
   5   (0.072) 0.012 0.350 0.039 0.019 
   6   (0.043) 0.014 0.011 0.082 0.012 
   7   (0.055) 0.009 0.089 0.037 0.015 
   8   (0.080) 0.205 0.021 0.018 0.131 
   9   (0.069) 0.121 0.018 0.014 0.092 
  10   (0.047) 0.169 0.012 0.014 0.013 
  11   (0.033) 0.033 0.009 0.006 0.009 
  12   (0.086) 0.231 0.023 0.021 0.169 
  13   (0.065) 0.060 0.017 0.017 0.091 
  14   (0.058) 0.066 0.015 0.010 0.052 
  15   (0.043) 0.007 0.011 0.007 0.194 
  16   (0.040) 0.007 0.011 0.007 0.084 
  17   (0.035) 0.006 0.009 0.006 0.046 

Locus 11 : locus11 
21 alleles
0.0% missing data
   1   (0.047) 0.013 0.012 0.304 0.012 
   2   (0.040) 0.008 0.011 0.142 0.011 
   3   (0.040) 0.009 0.011 0.114 0.011 
   4   (0.033) 0.006 0.009 0.033 0.009 
   5   (0.037) 0.009 0.010 0.086 0.010 
   6   (0.037) 0.009 0.010 0.168 0.010 
   7   (0.071) 0.151 0.129 0.014 0.019 
   8   (0.117) 0.207 0.362 0.029 0.067 
   9   (0.044) 0.228 0.012 0.011 0.012 
  10   (0.069) 0.147 0.018 0.017 0.092 
  11   (0.066) 0.091 0.018 0.015 0.127 
  12   (0.055) 0.037 0.015 0.009 0.125 
  13   (0.054) 0.037 0.014 0.009 0.088 
  14   (0.042) 0.007 0.011 0.007 0.194 
  15   (0.034) 0.006 0.009 0.006 0.082 
  16   (0.034) 0.006 0.009 0.006 0.046 
  17   (0.034) 0.006 0.009 0.006 0.046 
  18   (0.033) 0.006 0.082 0.006 0.009 
  19   (0.037) 0.006 0.083 0.006 0.010 
  20   (0.041) 0.007 0.121 0.007 0.011 
  21   (0.034) 0.006 0.046 0.006 0.009 

Locus 12 : locus12 
15 alleles
0.0% missing data
   1   (0.039) 0.010 0.010 0.140 0.011 
   2   (0.125) 0.102 0.106 0.134 0.144 
   3   (0.038) 0.008 0.010 0.142 0.010 
   4   (0.032) 0.005 0.008 0.033 0.009 
   5   (0.073) 0.111 0.019 0.326 0.020 
   6   (0.135) 0.145 0.257 0.068 0.146 
   7   (0.104) 0.026 0.175 0.064 0.211 
   8   (0.052) 0.066 0.050 0.009 0.014 
   9   (0.036) 0.059 0.010 0.009 0.010 
  10   (0.032) 0.034 0.009 0.005 0.009 
  11   (0.065) 0.039 0.054 0.011 0.054 
  12   (0.102) 0.120 0.100 0.026 0.210 
  13   (0.097) 0.264 0.136 0.023 0.062 
  14   (0.036) 0.006 0.010 0.006 0.083 
  15   (0.033) 0.006 0.045 0.005 0.009 

Locus 13 : locus13 
18 alleles
0.0% missing data
   1   (0.065) 0.125 0.017 0.090 0.017 
   2   (0.102) 0.073 0.027 0.269 0.174 
   3   (0.064) 0.120 0.017 0.123 0.017 
   4   (0.041) 0.010 0.011 0.145 0.011 
   5   (0.056) 0.036 0.015 0.095 0.015 
   6   (0.089) 0.123 0.024 0.129 0.060 
   7   (0.031) 0.005 0.008 0.034 0.008 
   8   (0.058) 0.144 0.015 0.012 0.052 
   9   (0.063) 0.117 0.090 0.014 0.017 
  10   (0.048) 0.184 0.013 0.023 0.013 
  11   (0.060) 0.010 0.052 0.010 0.163 
  12   (0.037) 0.006 0.010 0.006 0.120 
  13   (0.058) 0.010 0.126 0.010 0.052 
  14   (0.077) 0.013 0.388 0.013 0.130 
  15   (0.057) 0.009 0.089 0.010 0.089 
  16   (0.032) 0.005 0.009 0.006 0.045 
  17   (0.031) 0.005 0.045 0.005 0.008 
  18   (0.030) 0.005 0.045 0.005 0.008 

Locus 14 : locus14 
16 alleles
0.0% missing data
   1   (0.090) 0.019 0.281 0.121 0.024 
   2   (0.074) 0.012 0.020 0.150 0.093 
   3   (0.079) 0.025 0.057 0.193 0.021 
   4   (0.087) 0.018 0.059 0.121 0.060 
   5   (0.079) 0.321 0.021 0.068 0.021 
   6   (0.081) 0.014 0.316 0.068 0.022 
   7   (0.053) 0.018 0.014 0.192 0.014 
   8   (0.077) 0.179 0.020 0.015 0.094 
   9   (0.047) 0.175 0.012 0.009 0.013 
  10   (0.062) 0.038 0.016 0.010 0.090 
  11   (0.070) 0.146 0.018 0.018 0.055 
  12   (0.044) 0.007 0.012 0.007 0.158 
  13   (0.037) 0.006 0.010 0.006 0.047 
  14   (0.045) 0.008 0.012 0.008 0.231 
  15   (0.035) 0.006 0.009 0.006 0.046 
  16   (0.042) 0.007 0.122 0.007 0.011 

Locus 15 : locus15 
22 alleles
0.0% missing data
   1   (0.042) 0.008 0.011 0.283 0.011 
   2   (0.042) 0.012 0.011 0.113 0.011 
   3   (0.072) 0.016 0.056 0.091 0.056 
   4   (0.062) 0.020 0.016 0.195 0.053 
   5   (0.040) 0.009 0.011 0.087 0.011 
   6   (0.038) 0.006 0.010 0.062 0.010 
   7   (0.033) 0.006 0.009 0.033 0.009 
   8   (0.045) 0.200 0.012 0.010 0.012 
   9   (0.062) 0.066 0.163 0.010 0.017 
  10   (0.078) 0.306 0.131 0.025 0.021 
  11   (0.040) 0.057 0.011 0.011 0.011 
  12   (0.067) 0.148 0.091 0.013 0.018 
  13   (0.066) 0.066 0.276 0.011 0.018 
  14   (0.029) 0.032 0.008 0.005 0.008 
  15   (0.039) 0.006 0.010 0.007 0.121 
  16   (0.041) 0.007 0.011 0.007 0.267 
  17   (0.037) 0.006 0.010 0.006 0.119 
  18   (0.030) 0.005 0.008 0.005 0.044 
  19   (0.037) 0.006 0.010 0.006 0.119 
  20   (0.033) 0.006 0.009 0.006 0.045 
  21   (0.032) 0.005 0.045 0.006 0.009 
  22   (0.034) 0.006 0.083 0.006 0.009 

Locus 16 : locus16 
21 alleles
0.0% missing data
   1   (0.092) 0.051 0.024 0.257 0.135 
   2   (0.035) 0.006 0.009 0.061 0.009 
   3   (0.043) 0.015 0.011 0.137 0.011 
   4   (0.097) 0.144 0.026 0.220 0.062 
   5   (0.036) 0.008 0.010 0.115 0.010 
   6   (0.069) 0.023 0.018 0.082 0.128 
   7   (0.040) 0.116 0.011 0.009 0.011 
   8   (0.038) 0.058 0.010 0.010 0.010 
   9   (0.037) 0.058 0.010 0.010 0.010 
  10   (0.046) 0.284 0.012 0.011 0.012 
  11   (0.040) 0.058 0.010 0.011 0.011 
  12   (0.033) 0.061 0.009 0.006 0.009 
  13   (0.038) 0.058 0.010 0.010 0.010 
  14   (0.039) 0.007 0.010 0.007 0.157 
  15   (0.073) 0.012 0.130 0.012 0.275 
  16   (0.035) 0.006 0.009 0.006 0.046 
  17   (0.052) 0.009 0.051 0.009 0.051 
  18   (0.035) 0.006 0.083 0.006 0.010 
  19   (0.041) 0.007 0.269 0.007 0.011 
  20   (0.037) 0.006 0.083 0.006 0.010 
  21   (0.042) 0.007 0.195 0.007 0.011 

Locus 17 : locus17 
22 alleles
0.0% missing data
   1   (0.040) 0.009 0.011 0.170 0.011 
   2   (0.036) 0.010 0.010 0.057 0.010 
   3   (0.037) 0.008 0.010 0.115 0.010 
   4   (0.068) 0.011 0.276 0.122 0.018 
   5   (0.055) 0.011 0.088 0.146 0.015 
   6   (0.070) 0.023 0.092 0.193 0.019 
   7   (0.060) 0.015 0.163 0.060 0.016 
   8   (0.036) 0.087 0.010 0.009 0.010 
   9   (0.057) 0.065 0.015 0.010 0.125 
  10   (0.059) 0.119 0.016 0.012 0.089 
  11   (0.035) 0.090 0.009 0.006 0.010 
  12   (0.038) 0.113 0.010 0.011 0.010 
  13   (0.061) 0.145 0.016 0.015 0.090 
  14   (0.066) 0.138 0.018 0.023 0.128 
  15   (0.031) 0.061 0.008 0.005 0.008 
  16   (0.052) 0.060 0.014 0.013 0.051 
  17   (0.037) 0.006 0.010 0.006 0.156 
  18   (0.032) 0.005 0.008 0.005 0.082 
  19   (0.032) 0.005 0.009 0.005 0.082 
  20   (0.029) 0.005 0.008 0.005 0.044 
  21   (0.032) 0.005 0.082 0.005 0.009 
  22   (0.035) 0.006 0.120 0.006 0.009 

Locus 18 : locus18 
16 alleles
0.0% missing data
   1   (0.096) 0.043 0.025 0.073 0.246 
   2   (0.119) 0.347 0.068 0.190 0.032 
   3   (0.088) 0.022 0.023 0.204 0.170 
   4   (0.097) 0.079 0.026 0.177 0.063 
   5   (0.079) 0.276 0.021 0.109 0.021 
   6   (0.089) 0.071 0.060 0.125 0.024 
   7   (0.063) 0.101 0.017 0.058 0.017 
   8   (0.041) 0.007 0.011 0.007 0.121 
   9   (0.039) 0.007 0.010 0.007 0.084 
  10   (0.044) 0.007 0.012 0.008 0.158 
  11   (0.049) 0.008 0.308 0.008 0.013 
  12   (0.042) 0.007 0.122 0.007 0.011 
  13   (0.043) 0.007 0.122 0.007 0.012 
  14   (0.035) 0.006 0.046 0.006 0.009 
  15   (0.041) 0.007 0.084 0.007 0.011 
  16   (0.035) 0.006 0.046 0.006 0.009 

Locus 19 : locus19 
14 alleles
0.0% missing data
   1   (0.048) 0.011 0.013 0.194 0.013 
   2   (0.044) 0.012 0.012 0.139 0.012 
   3   (0.049) 0.015 0.013 0.164 0.013 
   4   (0.064) 0.083 0.017 0.077 0.017 
   5   (0.123) 0.048 0.107 0.047 0.326 
   6   (0.157) 0.375 0.189 0.074 0.115 
   7   (0.037) 0.006 0.010 0.060 0.010 
   8   (0.049) 0.016 0.013 0.163 0.013 
   9   (0.044) 0.147 0.012 0.011 0.012 
  10   (0.144) 0.218 0.332 0.030 0.148 
  11   (0.083) 0.042 0.059 0.014 0.169 
  12   (0.055) 0.010 0.051 0.009 0.051 
  13   (0.068) 0.012 0.128 0.011 0.091 
  14   (0.035) 0.006 0.046 0.006 0.010 

Locus 20 : locus20 
20 alleles
0.0% missing data
   1   (0.051) 0.013 0.013 0.204 0.014 
   2   (0.054) 0.013 0.014 0.319 0.014 
   3   (0.076) 0.094 0.020 0.070 0.021 
   4   (0.048) 0.009 0.013 0.207 0.013 
   5   (0.083) 0.241 0.022 0.059 0.022 
   6   (0.051) 0.163 0.013 0.016 0.014 
   7   (0.049) 0.139 0.013 0.013 0.013 
   8   (0.055) 0.188 0.014 0.019 0.015 
   9   (0.041) 0.061 0.011 0.007 0.011 
  10   (0.047) 0.008 0.012 0.008 0.159 
  11   (0.052) 0.008 0.014 0.009 0.270 
  12   (0.042) 0.007 0.011 0.007 0.084 
  13   (0.047) 0.008 0.013 0.008 0.196 
  14   (0.037) 0.006 0.010 0.006 0.046 
  15   (0.037) 0.006 0.010 0.006 0.047 
  16   (0.047) 0.008 0.196 0.008 0.013 
  17   (0.045) 0.007 0.122 0.008 0.012 
  18   (0.049) 0.008 0.197 0.009 0.013 
  19   (0.052) 0.009 0.234 0.009 0.014 
  20   (0.037) 0.006 0.046 0.007 0.010 

Locus 21 : locus21 
20 alleles
0.0% missing data
   1   (0.066) 0.017 0.017 0.281 0.054 
   2   (0.049) 0.008 0.050 0.036 0.013 
   3   (0.041) 0.009 0.011 0.115 0.011 
   4   (0.087) 0.023 0.023 0.282 0.170 
   5   (0.053) 0.009 0.051 0.064 0.014 
   6   (0.066) 0.014 0.017 0.090 0.091 
   7   (0.072) 0.369 0.055 0.018 0.019 
   8   (0.041) 0.059 0.011 0.011 0.011 
   9   (0.073) 0.096 0.203 0.012 0.020 
  10   (0.040) 0.058 0.010 0.011 0.011 
  11   (0.036) 0.062 0.009 0.006 0.010 
  12   (0.069) 0.116 0.129 0.019 0.019 
  13   (0.030) 0.033 0.008 0.005 0.008 
  14   (0.039) 0.088 0.010 0.009 0.010 
  15   (0.043) 0.007 0.011 0.007 0.121 
  16   (0.037) 0.006 0.010 0.006 0.083 
  17   (0.040) 0.007 0.011 0.007 0.157 
  18   (0.039) 0.007 0.010 0.007 0.157 
  19   (0.043) 0.007 0.269 0.007 0.012 
  20   (0.035) 0.006 0.083 0.006 0.009 

Locus 22 : locus22 
21 alleles
0.0% missing data
   1   (0.042) 0.009 0.011 0.116 0.011 
   2   (0.051) 0.012 0.013 0.171 0.014 
   3   (0.041) 0.007 0.011 0.062 0.011 
   4   (0.052) 0.015 0.014 0.223 0.014 
   5   (0.044) 0.010 0.012 0.088 0.012 
   6   (0.041) 0.007 0.011 0.062 0.011 
   7   (0.045) 0.011 0.012 0.142 0.012 
   8   (0.051) 0.312 0.013 0.011 0.014 
   9   (0.075) 0.252 0.055 0.024 0.020 
  10   (0.047) 0.117 0.012 0.010 0.013 
  11   (0.053) 0.036 0.051 0.009 0.014 
  12   (0.039) 0.058 0.010 0.010 0.011 
  13   (0.077) 0.068 0.279 0.013 0.021 
  14   (0.036) 0.034 0.010 0.006 0.010 
  15   (0.047) 0.008 0.012 0.008 0.269 
  16   (0.044) 0.007 0.012 0.007 0.121 
  17   (0.043) 0.007 0.011 0.007 0.194 
  18   (0.045) 0.007 0.012 0.008 0.195 
  19   (0.049) 0.008 0.271 0.008 0.013 
  20   (0.044) 0.007 0.122 0.007 0.012 
  21   (0.035) 0.006 0.046 0.006 0.009 

Locus 23 : locus23 
19 alleles
0.0% missing data
   1   (0.048) 0.013 0.013 0.220 0.013 
   2   (0.044) 0.009 0.012 0.141 0.012 
   3   (0.038) 0.007 0.010 0.061 0.010 
   4   (0.038) 0.006 0.010 0.060 0.010 
   5   (0.052) 0.016 0.014 0.326 0.014 
   6   (0.037) 0.006 0.010 0.033 0.010 
   7   (0.048) 0.235 0.013 0.009 0.013 
   8   (0.070) 0.094 0.129 0.015 0.019 
   9   (0.114) 0.068 0.177 0.026 0.178 
  10   (0.066) 0.092 0.017 0.014 0.091 
  11   (0.067) 0.093 0.018 0.015 0.091 
  12   (0.065) 0.117 0.054 0.018 0.018 
  13   (0.040) 0.146 0.011 0.010 0.011 
  14   (0.076) 0.063 0.241 0.019 0.020 
  15   (0.044) 0.007 0.012 0.007 0.158 
  16   (0.044) 0.008 0.012 0.007 0.268 
  17   (0.034) 0.006 0.009 0.006 0.046 
  18   (0.041) 0.007 0.195 0.007 0.011 
  19   (0.033) 0.006 0.045 0.005 0.009 

Locus 24 : locus24 
22 alleles
0.0% missing data
   1   (0.056) 0.090 0.015 0.095 0.015 
   2   (0.075) 0.094 0.020 0.184 0.057 
   3   (0.057) 0.082 0.015 0.160 0.015 
   4   (0.057) 0.063 0.015 0.180 0.015 
   5   (0.061) 0.016 0.016 0.118 0.126 
   6   (0.047) 0.008 0.013 0.036 0.086 
   7   (0.080) 0.222 0.021 0.107 0.058 
   8   (0.054) 0.111 0.014 0.016 0.051 
   9   (0.056) 0.111 0.015 0.016 0.088 
  10   (0.056) 0.111 0.015 0.017 0.051 
  11   (0.030) 0.032 0.008 0.005 0.008 
  12   (0.030) 0.005 0.008 0.005 0.081 
  13   (0.034) 0.005 0.009 0.006 0.119 
  14   (0.051) 0.008 0.124 0.009 0.087 
  15   (0.031) 0.005 0.008 0.005 0.082 
  16   (0.033) 0.005 0.119 0.006 0.009 
  17   (0.035) 0.006 0.156 0.006 0.010 
  18   (0.033) 0.005 0.156 0.006 0.009 
  19   (0.031) 0.005 0.119 0.005 0.008 
  20   (0.032) 0.005 0.045 0.006 0.009 
  21   (0.031) 0.005 0.045 0.005 0.008 
  22   (0.031) 0.005 0.045 0.005 0.008 

Locus 25 : locus25 
21 alleles
0.0% missing data
   1   (0.063) 0.011 0.053 0.122 0.053 
   2   (0.090) 0.020 0.244 0.094 0.097 
   3   (0.053) 0.013 0.014 0.144 0.051 
   4   (0.069) 0.019 0.092 0.115 0.055 
   5   (0.080) 0.013 0.169 0.069 0.168 
   6   (0.059) 0.016 0.016 0.115 0.126 
   7   (0.032) 0.005 0.008 0.033 0.009 
   8   (0.040) 0.007 0.011 0.034 0.048 
   9   (0.054) 0.016 0.014 0.169 0.051 
  10   (0.064) 0.336 0.164 0.017 0.017 
  11   (0.033) 0.088 0.009 0.006 0.009 
  12   (0.030) 0.032 0.008 0.005 0.008 
  13   (0.036) 0.080 0.010 0.015 0.010 
  14   (0.030) 0.060 0.008 0.005 0.008 
  15   (0.069) 0.061 0.092 0.018 0.055 
  16   (0.034) 0.086 0.009 0.008 0.009 
  17   (0.030) 0.033 0.008 0.005 0.008 
  18   (0.030) 0.086 0.008 0.007 0.008 
  19   (0.028) 0.005 0.007 0.005 0.081 
  20   (0.046) 0.008 0.049 0.008 0.085 
  21   (0.030) 0.005 0.008 0.005 0.044 

Locus 26 : locus26 
23 alleles
0.0% missing data
   1   (0.046) 0.012 0.012 0.333 0.012 
   2   (0.042) 0.011 0.011 0.141 0.011 
   3   (0.042) 0.009 0.011 0.143 0.011 
   4   (0.034) 0.006 0.009 0.033 0.009 
   5   (0.038) 0.008 0.010 0.143 0.010 
   6   (0.034) 0.010 0.009 0.057 0.009 
   7   (0.044) 0.312 0.012 0.011 0.012 
   8   (0.066) 0.174 0.091 0.016 0.018 
   9   (0.032) 0.033 0.008 0.005 0.009 
  10   (0.054) 0.037 0.125 0.009 0.015 
  11   (0.044) 0.172 0.012 0.010 0.012 
  12   (0.094) 0.064 0.098 0.022 0.172 
  13   (0.072) 0.040 0.092 0.012 0.056 
  14   (0.039) 0.059 0.010 0.010 0.010 
  15   (0.040) 0.007 0.011 0.007 0.157 
  16   (0.034) 0.006 0.009 0.006 0.046 
  17   (0.035) 0.006 0.009 0.006 0.083 
  18   (0.039) 0.007 0.010 0.007 0.193 
  19   (0.036) 0.006 0.009 0.006 0.083 
  20   (0.030) 0.005 0.008 0.005 0.045 
  21   (0.040) 0.007 0.341 0.007 0.011 
  22   (0.033) 0.006 0.045 0.006 0.009 
  23   (0.033) 0.006 0.045 0.006 0.009 

Locus 27 : locus27 
21 alleles
0.0% missing data
   1   (0.057) 0.010 0.015 0.065 0.198 
   2   (0.030) 0.005 0.008 0.061 0.008 
   3   (0.031) 0.009 0.008 0.057 0.008 
   4   (0.047) 0.008 0.012 0.064 0.049 
   5   (0.031) 0.009 0.008 0.057 0.008 
   6   (0.044) 0.007 0.012 0.035 0.048 
   7   (0.058) 0.016 0.126 0.114 0.016 
   8   (0.052) 0.009 0.014 0.092 0.124 
   9   (0.039) 0.016 0.010 0.164 0.011 
  10   (0.032) 0.005 0.009 0.061 0.009 
  11   (0.093) 0.088 0.135 0.054 0.098 
  12   (0.055) 0.153 0.015 0.085 0.015 
  13   (0.090) 0.182 0.171 0.015 0.134 
  14   (0.063) 0.169 0.127 0.019 0.017 
  15   (0.032) 0.057 0.008 0.009 0.009 
  16   (0.032) 0.086 0.008 0.007 0.009 
  17   (0.074) 0.120 0.093 0.016 0.093 
  18   (0.029) 0.033 0.008 0.005 0.008 
  19   (0.030) 0.005 0.008 0.005 0.044 
  20   (0.049) 0.008 0.087 0.008 0.086 
  21   (0.032) 0.005 0.119 0.005 0.009 

Locus 28 : locus28 
18 alleles
0.0% missing data
   1   (0.103) 0.072 0.027 0.350 0.137 
   2   (0.076) 0.068 0.057 0.097 0.020 
   3   (0.051) 0.009 0.087 0.036 0.014 
   4   (0.067) 0.015 0.018 0.091 0.164 
   5   (0.079) 0.051 0.058 0.197 0.021 
   6   (0.036) 0.010 0.010 0.058 0.010 
   7   (0.088) 0.188 0.023 0.063 0.097 
   8   (0.063) 0.253 0.017 0.018 0.053 
   9   (0.034) 0.033 0.009 0.006 0.009 
  10   (0.067) 0.106 0.128 0.027 0.018 
  11   (0.034) 0.061 0.009 0.006 0.009 
  12   (0.055) 0.037 0.125 0.009 0.015 
  13   (0.050) 0.036 0.087 0.009 0.014 
  14   (0.047) 0.035 0.049 0.008 0.012 
  15   (0.034) 0.006 0.009 0.006 0.082 
  16   (0.037) 0.006 0.010 0.006 0.193 
  17   (0.040) 0.007 0.011 0.007 0.121 
  18   (0.039) 0.007 0.268 0.007 0.011 

Locus 29 : locus29 
22 alleles
0.0% missing data
   1   (0.049) 0.044 0.013 0.111 0.013 
   2   (0.090) 0.241 0.060 0.149 0.024 
   3   (0.057) 0.010 0.199 0.092 0.015 
   4   (0.100) 0.126 0.174 0.266 0.027 
   5   (0.075) 0.083 0.130 0.081 0.020 
   6   (0.032) 0.009 0.009 0.057 0.009 
   7   (0.069) 0.019 0.165 0.114 0.018 
   8   (0.045) 0.036 0.012 0.035 0.012 
   9   (0.052) 0.090 0.051 0.012 0.014 
  10   (0.031) 0.033 0.008 0.005 0.009 
  11   (0.027) 0.033 0.007 0.005 0.007 
  12   (0.052) 0.114 0.050 0.015 0.014 
  13   (0.031) 0.033 0.008 0.005 0.008 
  14   (0.028) 0.033 0.007 0.005 0.007 
  15   (0.030) 0.058 0.008 0.008 0.008 
  16   (0.034) 0.006 0.009 0.006 0.119 
  17   (0.033) 0.005 0.009 0.006 0.191 
  18   (0.035) 0.006 0.009 0.006 0.156 
  19   (0.034) 0.006 0.009 0.006 0.156 
  20   (0.034) 0.006 0.009 0.006 0.082 
  21   (0.031) 0.005 0.008 0.005 0.081 
  22   (0.030) 0.005 0.045 0.005 0.008 

Locus 30 : locus30 
22 alleles
0.0% missing data
   1   (0.037) 0.011 0.010 0.168 0.010 
   2   (0.085) 0.017 0.096 0.151 0.096 
   3   (0.037) 0.014 0.010 0.082 0.010 
   4   (0.064) 0.011 0.238 0.066 0.017 
   5   (0.031) 0.005 0.008 0.033 0.008 
   6   (0.052) 0.009 0.124 0.037 0.014 
   7   (0.071) 0.205 0.019 0.207 0.019 
   8   (0.036) 0.010 0.009 0.058 0.010 
   9   (0.055) 0.100 0.014 0.057 0.015 
  10   (0.053) 0.082 0.014 0.047 0.014 
  11   (0.041) 0.198 0.011 0.010 0.011 
  12   (0.040) 0.082 0.010 0.014 0.011 
  13   (0.031) 0.033 0.008 0.005 0.008 
  14   (0.039) 0.141 0.010 0.010 0.010 
  15   (0.033) 0.033 0.009 0.006 0.009 
  16   (0.033) 0.006 0.009 0.006 0.082 
  17   (0.033) 0.005 0.009 0.006 0.082 
  18   (0.042) 0.007 0.011 0.007 0.377 
  19   (0.057) 0.010 0.162 0.010 0.052 
  20   (0.062) 0.010 0.127 0.011 0.090 
  21   (0.034) 0.006 0.009 0.006 0.045 
  22   (0.035) 0.006 0.083 0.006 0.009 

Locus 31 : locus31 
14 alleles
0.0% missing data
   1   (0.083) 0.021 0.022 0.304 0.132 
   2   (0.078) 0.019 0.020 0.169 0.131 
   3   (0.049) 0.014 0.013 0.245 0.013 
   4   (0.100) 0.088 0.026 0.084 0.173 
   5   (0.054) 0.009 0.014 0.063 0.051 
   6   (0.082) 0.180 0.022 0.019 0.205 
   7   (0.086) 0.072 0.170 0.014 0.059 
   8   (0.063) 0.068 0.127 0.010 0.017 
   9   (0.097) 0.122 0.173 0.024 0.063 
  10   (0.075) 0.150 0.130 0.018 0.020 
  11   (0.110) 0.179 0.139 0.029 0.102 
  12   (0.055) 0.038 0.088 0.009 0.015 
  13   (0.035) 0.035 0.009 0.006 0.009 
  14   (0.034) 0.006 0.046 0.006 0.009 

Locus 32 : locus32 
21 alleles
0.0% missing data
   1   (0.074) 0.202 0.019 0.156 0.020 
   2   (0.043) 0.018 0.011 0.159 0.012 
   3   (0.074) 0.204 0.020 0.155 0.020 
   4   (0.044) 0.011 0.011 0.167 0.012 
   5   (0.056) 0.058 0.015 0.098 0.015 
   6   (0.031) 0.005 0.008 0.032 0.008 
   7   (0.031) 0.005 0.008 0.032 0.008 
   8   (0.035) 0.010 0.009 0.056 0.009 
   9   (0.058) 0.116 0.015 0.044 0.016 
  10   (0.042) 0.202 0.011 0.011 0.011 
  11   (0.036) 0.060 0.010 0.010 0.010 
  12   (0.033) 0.034 0.009 0.006 0.009 
  13   (0.069) 0.012 0.092 0.011 0.238 
  14   (0.040) 0.007 0.010 0.007 0.120 
  15   (0.070) 0.012 0.129 0.012 0.202 
  16   (0.034) 0.006 0.009 0.006 0.082 
  17   (0.071) 0.012 0.240 0.012 0.129 
  18   (0.053) 0.009 0.088 0.009 0.051 
  19   (0.040) 0.007 0.194 0.007 0.011 
  20   (0.036) 0.006 0.046 0.006 0.010 
  21   (0.030) 0.005 0.045 0.005 0.008 

Locus 33 : locus33 
22 alleles
0.0% missing data
   1   (0.048) 0.013 0.013 0.331 0.013 
   2   (0.042) 0.010 0.011 0.196 0.011 
   3   (0.041) 0.010 0.011 0.086 0.011 
   4   (0.039) 0.009 0.010 0.086 0.010 
   5   (0.036) 0.006 0.010 0.061 0.010 
   6   (0.040) 0.010 0.011 0.086 0.011 
   7   (0.063) 0.061 0.017 0.016 0.090 
   8   (0.034) 0.117 0.009 0.007 0.009 
   9   (0.057) 0.172 0.015 0.016 0.052 
  10   (0.072) 0.151 0.129 0.014 0.019 
  11   (0.038) 0.146 0.010 0.008 0.010 
  12   (0.085) 0.148 0.317 0.021 0.023 
  13   (0.074) 0.063 0.240 0.018 0.020 
  14   (0.055) 0.038 0.088 0.009 0.015 
  15   (0.041) 0.007 0.011 0.007 0.230 
  16   (0.034) 0.006 0.009 0.006 0.119 
  17   (0.037) 0.006 0.010 0.006 0.083 
  18   (0.030) 0.005 0.008 0.005 0.045 
  19   (0.036) 0.006 0.009 0.006 0.119 
  20   (0.034) 0.006 0.009 0.006 0.046 
  21   (0.032) 0.006 0.009 0.005 0.045 
  22   (0.033) 0.006 0.045 0.006 0.009 

Locus 34 : locus34 
20 alleles
0.0% missing data
   1   (0.067) 0.045 0.054 0.144 0.018 
   2   (0.080) 0.022 0.132 0.172 0.058 
   3   (0.081) 0.123 0.132 0.125 0.022 
   4   (0.088) 0.253 0.023 0.136 0.097 
   5   (0.047) 0.008 0.012 0.092 0.049 
   6   (0.089) 0.109 0.134 0.198 0.024 
   7   (0.046) 0.008 0.012 0.035 0.086 
   8   (0.063) 0.201 0.017 0.015 0.127 
   9   (0.055) 0.118 0.088 0.012 0.015 
  10   (0.052) 0.059 0.014 0.014 0.087 
  11   (0.032) 0.005 0.009 0.006 0.082 
  12   (0.028) 0.005 0.008 0.005 0.044 
  13   (0.048) 0.008 0.086 0.008 0.049 
  14   (0.031) 0.005 0.008 0.005 0.082 
  15   (0.041) 0.007 0.048 0.007 0.048 
  16   (0.030) 0.005 0.008 0.005 0.044 
  17   (0.028) 0.005 0.008 0.005 0.044 
  18   (0.034) 0.006 0.119 0.006 0.009 
  19   (0.030) 0.005 0.045 0.005 0.008 
  20   (0.030) 0.005 0.045 0.005 0.008 

Locus 35 : locus35 
20 alleles
0.0% missing data
   1   (0.066) 0.169 0.017 0.132 0.018 
   2   (0.088) 0.126 0.060 0.261 0.024 
   3   (0.084) 0.067 0.022 0.154 0.095 
   4   (0.092) 0.135 0.135 0.091 0.025 
   5   (0.057) 0.010 0.015 0.036 0.272 
   6   (0.085) 0.144 0.023 0.135 0.059 
   7   (0.060) 0.108 0.016 0.105 0.016 
   8   (0.067) 0.092 0.201 0.015 0.018 
   9   (0.033) 0.059 0.009 0.009 0.009 
  10   (0.057) 0.038 0.015 0.009 0.234 
  11   (0.036) 0.006 0.009 0.006 0.156 
  12   (0.034) 0.006 0.120 0.006 0.009 
  13   (0.031) 0.005 0.045 0.005 0.008 
  14   (0.031) 0.005 0.045 0.005 0.008 
  15   (0.028) 0.005 0.044 0.005 0.008 
  16   (0.029) 0.005 0.044 0.005 0.008 
  17   (0.029) 0.005 0.044 0.005 0.008 
  18   (0.031) 0.005 0.045 0.005 0.008 
  19   (0.032) 0.005 0.045 0.005 0.009 
  20   (0.030) 0.005 0.045 0.005 0.008 

Locus 36 : locus36 
18 alleles
0.0% missing data
   1   (0.102) 0.081 0.064 0.150 0.101 
   2   (0.036) 0.008 0.009 0.089 0.010 
   3   (0.128) 0.099 0.108 0.223 0.181 
   4   (0.109) 0.045 0.102 0.104 0.176 
   5   (0.057) 0.055 0.015 0.188 0.015 
   6   (0.036) 0.009 0.009 0.060 0.010 
   7   (0.067) 0.022 0.018 0.085 0.164 
   8   (0.081) 0.331 0.058 0.023 0.058 
   9   (0.041) 0.110 0.011 0.012 0.011 
  10   (0.069) 0.141 0.165 0.018 0.019 
  11   (0.029) 0.032 0.008 0.005 0.008 
  12   (0.033) 0.032 0.009 0.006 0.009 
  13   (0.037) 0.006 0.010 0.007 0.156 
  14   (0.046) 0.008 0.049 0.008 0.049 
  15   (0.035) 0.006 0.156 0.006 0.010 
  16   (0.033) 0.005 0.119 0.006 0.009 
  17   (0.030) 0.005 0.045 0.005 0.008 
  18   (0.030) 0.005 0.045 0.005 0.008 

Locus 37 : locus37 
18 alleles
0.0% missing data
   1   (0.064) 0.013 0.017 0.146 0.091 
   2   (0.084) 0.051 0.059 0.254 0.023 
   3   (0.074) 0.136 0.020 0.191 0.020 
   4   (0.093) 0.160 0.098 0.066 0.025 
   5   (0.072) 0.015 0.019 0.119 0.202 
   6   (0.095) 0.058 0.320 0.057 0.025 
   7   (0.044) 0.016 0.012 0.081 0.012 
   8   (0.044) 0.229 0.012 0.011 0.012 
   9   (0.035) 0.062 0.009 0.006 0.009 
  10   (0.038) 0.091 0.010 0.006 0.010 
  11   (0.067) 0.120 0.091 0.014 0.018 
  12   (0.041) 0.007 0.011 0.007 0.157 
  13   (0.038) 0.006 0.010 0.006 0.119 
  14   (0.056) 0.010 0.051 0.009 0.125 
  15   (0.051) 0.009 0.050 0.009 0.050 
  16   (0.033) 0.006 0.009 0.006 0.045 
  17   (0.031) 0.005 0.008 0.005 0.045 
  18   (0.041) 0.007 0.194 0.007 0.011 

Locus 38 : locus38 
18 alleles
0.0% missing data
   1   (0.105) 0.092 0.028 0.166 0.321 
   2   (0.036) 0.008 0.009 0.117 0.010 
   3   (0.085) 0.173 0.059 0.131 0.023 
   4   (0.045) 0.007 0.012 0.036 0.049 
   5   (0.111) 0.175 0.066 0.082 0.176 
   6   (0.034) 0.006 0.009 0.090 0.009 
   7   (0.060) 0.017 0.053 0.172 0.016 
   8   (0.031) 0.005 0.008 0.034 0.008 
   9   (0.071) 0.114 0.056 0.048 0.019 
  10   (0.067) 0.052 0.018 0.053 0.054 
  11   (0.059) 0.120 0.089 0.010 0.016 
  12   (0.096) 0.198 0.062 0.026 0.172 
  13   (0.035) 0.006 0.009 0.006 0.082 
  14   (0.035) 0.006 0.156 0.006 0.009 
  15   (0.039) 0.006 0.231 0.007 0.010 
  16   (0.032) 0.005 0.045 0.005 0.009 
  17   (0.031) 0.005 0.045 0.005 0.008 
  18   (0.030) 0.005 0.044 0.005 0.008 

Locus 39 : locus39 
25 alleles
0.0% missing data
   1   (0.071) 0.014 0.129 0.121 0.055 
   2   (0.047) 0.009 0.012 0.146 0.049 
   3   (0.027) 0.008 0.007 0.057 0.007 
   4   (0.066) 0.011 0.054 0.067 0.165 
   5   (0.053) 0.015 0.088 0.115 0.014 
   6   (0.031) 0.007 0.008 0.116 0.008 
   7   (0.055) 0.012 0.235 0.090 0.015 
   8   (0.047) 0.012 0.049 0.059 0.013 
   9   (0.059) 0.015 0.052 0.061 0.053 
  10   (0.053) 0.014 0.014 0.059 0.197 
  11   (0.031) 0.116 0.008 0.005 0.008 
  12   (0.034) 0.086 0.009 0.008 0.009 
  13   (0.032) 0.114 0.008 0.007 0.009 
  14   (0.036) 0.105 0.009 0.017 0.010 
  15   (0.033) 0.140 0.009 0.009 0.009 
  16   (0.035) 0.111 0.009 0.011 0.009 
  17   (0.027) 0.032 0.007 0.005 0.007 
  18   (0.027) 0.032 0.007 0.005 0.007 
  19   (0.025) 0.032 0.007 0.004 0.007 
  20   (0.024) 0.032 0.006 0.004 0.007 
  21   (0.029) 0.057 0.008 0.008 0.008 
  22   (0.033) 0.005 0.009 0.006 0.118 
  23   (0.031) 0.005 0.008 0.005 0.118 
  24   (0.047) 0.008 0.160 0.008 0.049 
  25   (0.045) 0.008 0.086 0.008 0.048 

Locus 40 : locus40 
16 alleles
0.0% missing data
   1   (0.065) 0.015 0.017 0.175 0.054 
   2   (0.077) 0.019 0.094 0.230 0.021 
   3   (0.077) 0.013 0.057 0.069 0.094 
   4   (0.094) 0.029 0.025 0.197 0.318 
   5   (0.086) 0.018 0.059 0.123 0.096 
   6   (0.104) 0.017 0.175 0.102 0.101 
   7   (0.081) 0.233 0.168 0.015 0.022 
   8   (0.092) 0.389 0.135 0.028 0.025 
   9   (0.042) 0.112 0.011 0.012 0.011 
  10   (0.037) 0.061 0.010 0.006 0.010 
  11   (0.054) 0.064 0.051 0.009 0.015 
  12   (0.058) 0.010 0.052 0.010 0.162 
  13   (0.036) 0.006 0.010 0.006 0.046 
  14   (0.033) 0.005 0.045 0.006 0.009 
  15   (0.033) 0.005 0.046 0.006 0.009 
  16   (0.032) 0.005 0.045 0.005 0.009 

Locus 41 : locus41 
19 alleles
0.0% missing data
   1   (0.042) 0.010 0.011 0.253 0.011 
   2   (0.041) 0.008 0.011 0.227 0.011 
   3   (0.057) 0.010 0.126 0.037 0.016 
   4   (0.038) 0.009 0.010 0.087 0.010 
   5   (0.047) 0.024 0.012 0.128 0.013 
   6   (0.039) 0.008 0.010 0.115 0.010 
   7   (0.064) 0.139 0.017 0.021 0.054 
   8   (0.061) 0.148 0.016 0.012 0.053 
   9   (0.075) 0.201 0.020 0.019 0.130 
  10   (0.063) 0.038 0.275 0.011 0.017 
  11   (0.059) 0.176 0.016 0.012 0.052 
  12   (0.076) 0.092 0.057 0.017 0.057 
  13   (0.041) 0.088 0.011 0.010 0.011 
  14   (0.065) 0.011 0.053 0.011 0.200 
  15   (0.042) 0.007 0.011 0.007 0.121 
  16   (0.056) 0.009 0.088 0.010 0.088 
  17   (0.068) 0.012 0.165 0.012 0.128 
  18   (0.034) 0.006 0.046 0.006 0.009 
  19   (0.031) 0.005 0.045 0.005 0.008 

Locus 42 : locus42 
17 alleles
0.0% missing data
   1   (0.082) 0.069 0.022 0.475 0.022 
   2   (0.077) 0.236 0.021 0.098 0.021 
   3   (0.078) 0.017 0.168 0.118 0.021 
   4   (0.077) 0.016 0.131 0.173 0.021 
   5   (0.043) 0.090 0.011 0.009 0.011 
   6   (0.078) 0.064 0.278 0.019 0.021 
   7   (0.073) 0.152 0.019 0.014 0.093 
   8   (0.075) 0.098 0.167 0.012 0.020 
   9   (0.071) 0.148 0.019 0.017 0.055 
  10   (0.070) 0.063 0.018 0.017 0.129 
  11   (0.047) 0.008 0.012 0.008 0.232 
  12   (0.039) 0.007 0.010 0.007 0.084 
  13   (0.040) 0.007 0.011 0.007 0.084 
  14   (0.035) 0.006 0.009 0.006 0.046 
  15   (0.043) 0.007 0.011 0.007 0.121 
  16   (0.035) 0.006 0.046 0.006 0.009 
  17   (0.036) 0.006 0.046 0.006 0.010 

Locus 43 : locus43 
21 alleles
0.0% missing data
   1   (0.053) 0.009 0.051 0.036 0.014 
   2   (0.039) 0.008 0.010 0.115 0.010 
   3   (0.050) 0.017 0.013 0.247 0.013 
   4   (0.064) 0.013 0.091 0.146 0.017 
   5   (0.057) 0.013 0.052 0.089 0.015 
   6   (0.043) 0.009 0.011 0.225 0.012 
   7   (0.032) 0.034 0.009 0.005 0.009 
   8   (0.075) 0.176 0.167 0.017 0.020 
   9   (0.070) 0.115 0.018 0.019 0.092 
  10   (0.041) 0.285 0.011 0.008 0.011 
  11   (0.064) 0.171 0.054 0.018 0.017 
  12   (0.070) 0.092 0.165 0.015 0.019 
  13   (0.045) 0.008 0.012 0.008 0.268 
  14   (0.038) 0.006 0.010 0.006 0.120 
  15   (0.041) 0.007 0.011 0.007 0.121 
  16   (0.036) 0.006 0.009 0.006 0.119 
  17   (0.048) 0.008 0.049 0.008 0.050 
  18   (0.036) 0.006 0.010 0.006 0.046 
  19   (0.038) 0.006 0.157 0.006 0.010 
  20   (0.032) 0.005 0.045 0.005 0.009 
  21   (0.032) 0.005 0.045 0.005 0.009 

Locus 44 : locus44 
23 alleles
0.0% missing data
   1   (0.039) 0.010 0.010 0.197 0.010 
   2   (0.061) 0.014 0.016 0.090 0.163 
   3   (0.052) 0.011 0.050 0.118 0.014 
   4   (0.035) 0.008 0.009 0.087 0.009 
   5   (0.049) 0.008 0.124 0.036 0.013 
   6   (0.070) 0.016 0.055 0.175 0.055 
   7   (0.058) 0.010 0.052 0.038 0.052 
   8   (0.037) 0.014 0.010 0.081 0.010 
   9   (0.059) 0.010 0.052 0.038 0.053 
  10   (0.029) 0.005 0.008 0.033 0.008 
  11   (0.036) 0.171 0.010 0.007 0.010 
  12   (0.088) 0.093 0.133 0.020 0.170 
  13   (0.028) 0.032 0.008 0.005 0.008 
  14   (0.030) 0.033 0.008 0.005 0.008 
  15   (0.037) 0.224 0.010 0.009 0.010 
  16   (0.032) 0.057 0.009 0.009 0.009 
  17   (0.035) 0.141 0.009 0.009 0.009 
  18   (0.032) 0.111 0.008 0.010 0.008 
  19   (0.036) 0.006 0.010 0.006 0.156 
  20   (0.034) 0.006 0.009 0.006 0.119 
  21   (0.060) 0.010 0.237 0.010 0.089 
  22   (0.032) 0.005 0.119 0.005 0.009 
  23   (0.030) 0.005 0.045 0.005 0.008 

Locus 45 : locus45 
17 alleles
0.0% missing data
   1   (0.066) 0.018 0.017 0.115 0.091 
   2   (0.047) 0.013 0.012 0.253 0.013 
   3   (0.058) 0.012 0.015 0.119 0.052 
   4   (0.061) 0.010 0.016 0.094 0.090 
   5   (0.069) 0.015 0.018 0.091 0.165 
   6   (0.030) 0.005 0.008 0.033 0.008 
   7   (0.095) 0.023 0.099 0.148 0.099 
   8   (0.054) 0.009 0.015 0.037 0.088 
   9   (0.127) 0.179 0.292 0.029 0.144 
  10   (0.041) 0.144 0.011 0.008 0.011 
  11   (0.069) 0.285 0.053 0.016 0.019 
  12   (0.042) 0.138 0.011 0.014 0.011 
  13   (0.073) 0.120 0.167 0.015 0.020 
  14   (0.064) 0.011 0.127 0.011 0.127 
  15   (0.032) 0.005 0.009 0.005 0.045 
  16   (0.037) 0.006 0.083 0.006 0.010 
  17   (0.032) 0.005 0.045 0.005 0.009 

Locus 46 : locus46 
14 alleles
0.0% missing data
   1   (0.080) 0.020 0.095 0.372 0.022 
   2   (0.079) 0.017 0.131 0.235 0.021 
   3   (0.063) 0.011 0.090 0.095 0.017 
   4   (0.036) 0.006 0.009 0.034 0.010 
   5   (0.172) 0.326 0.230 0.144 0.119 
   6   (0.086) 0.069 0.059 0.015 0.170 
   7   (0.034) 0.033 0.009 0.006 0.009 
   8   (0.100) 0.063 0.137 0.025 0.137 
   9   (0.035) 0.033 0.009 0.006 0.010 
  10   (0.116) 0.258 0.104 0.028 0.177 
  11   (0.044) 0.112 0.011 0.013 0.012 
  12   (0.052) 0.036 0.014 0.009 0.050 
  13   (0.067) 0.011 0.091 0.012 0.163 
  14   (0.038) 0.006 0.010 0.006 0.083 

Locus 47 : locus47 
21 alleles
0.0% missing data
   1   (0.134) 0.125 0.109 0.219 0.292 
   2   (0.058) 0.019 0.015 0.265 0.052 
   3   (0.037) 0.011 0.010 0.134 0.010 
   4   (0.070) 0.056 0.019 0.051 0.129 
   5   (0.029) 0.005 0.008 0.031 0.008 
   6   (0.035) 0.010 0.009 0.055 0.009 
   7   (0.036) 0.009 0.009 0.082 0.010 
   8   (0.073) 0.072 0.020 0.038 0.202 
   9   (0.046) 0.008 0.012 0.034 0.049 
  10   (0.079) 0.098 0.243 0.017 0.057 
  11   (0.032) 0.091 0.008 0.007 0.008 
  12   (0.033) 0.092 0.009 0.007 0.009 
  13   (0.052) 0.153 0.049 0.012 0.014 
  14   (0.033) 0.094 0.009 0.005 0.009 
  15   (0.050) 0.094 0.050 0.011 0.013 
  16   (0.052) 0.038 0.162 0.009 0.014 
  17   (0.030) 0.005 0.008 0.005 0.081 
  18   (0.030) 0.005 0.081 0.005 0.008 
  19   (0.034) 0.006 0.082 0.005 0.009 
  20   (0.029) 0.005 0.044 0.005 0.008 
  21   (0.028) 0.005 0.044 0.005 0.008 

Locus 48 : locus48 
25 alleles
0.0% missing data
   1   (0.065) 0.146 0.017 0.261 0.017 
   2   (0.034) 0.008 0.009 0.086 0.009 
   3   (0.028) 0.005 0.007 0.032 0.007 
   4   (0.032) 0.007 0.008 0.114 0.009 
   5   (0.065) 0.103 0.017 0.058 0.054 
   6   (0.049) 0.150 0.013 0.035 0.013 
   7   (0.078) 0.170 0.021 0.161 0.057 
   8   (0.073) 0.069 0.019 0.066 0.129 
   9   (0.069) 0.096 0.018 0.094 0.055 
  10   (0.025) 0.033 0.007 0.004 0.007 
  11   (0.045) 0.060 0.012 0.012 0.049 
  12   (0.028) 0.033 0.007 0.005 0.008 
  13   (0.035) 0.058 0.009 0.010 0.009 
  14   (0.041) 0.007 0.011 0.007 0.340 
  15   (0.032) 0.005 0.008 0.005 0.118 
  16   (0.031) 0.005 0.008 0.005 0.045 
  17   (0.035) 0.006 0.119 0.006 0.009 
  18   (0.032) 0.005 0.119 0.005 0.009 
  19   (0.029) 0.005 0.081 0.005 0.008 
  20   (0.030) 0.005 0.118 0.005 0.008 
  21   (0.031) 0.005 0.155 0.005 0.008 
  22   (0.031) 0.005 0.045 0.005 0.008 
  23   (0.025) 0.004 0.043 0.004 0.007 
  24   (0.028) 0.005 0.044 0.005 0.007 
  25   (0.031) 0.005 0.081 0.005 0.008 

Locus 49 : locus49 
21 alleles
0.0% missing data
   1   (0.033) 0.005 0.009 0.090 0.009 
   2   (0.094) 0.175 0.025 0.077 0.171 
   3   (0.041) 0.010 0.011 0.227 0.011 
   4   (0.037) 0.008 0.010 0.117 0.010 
   5   (0.052) 0.014 0.014 0.060 0.051 
   6   (0.094) 0.167 0.098 0.170 0.025 
   7   (0.070) 0.022 0.018 0.140 0.165 
   8   (0.040) 0.111 0.011 0.013 0.011 
   9   (0.055) 0.064 0.015 0.009 0.124 
  10   (0.054) 0.060 0.050 0.014 0.015 
  11   (0.079) 0.198 0.021 0.021 0.204 
  12   (0.062) 0.118 0.127 0.013 0.017 
  13   (0.033) 0.005 0.009 0.006 0.082 
  14   (0.026) 0.004 0.007 0.004 0.043 
  15   (0.036) 0.006 0.120 0.006 0.010 
  16   (0.034) 0.006 0.120 0.006 0.009 
  17   (0.036) 0.006 0.120 0.006 0.010 
  18   (0.028) 0.005 0.044 0.005 0.008 
  19   (0.033) 0.006 0.082 0.006 0.009 
  20   (0.032) 0.005 0.045 0.006 0.009 
  21   (0.030) 0.005 0.045 0.005 0.008 

Locus 50 : locus50 
27 alleles
0.0% missing data
   1   (0.061) 0.013 0.090 0.229 0.016 
   2   (0.051) 0.008 0.087 0.092 0.014 
   3   (0.044) 0.007 0.086 0.035 0.012 
   4   (0.035) 0.009 0.009 0.141 0.009 
   5   (0.053) 0.009 0.198 0.036 0.014 
   6   (0.036) 0.009 0.009 0.141 0.010 
   7   (0.042) 0.007 0.048 0.035 0.011 
   8   (0.038) 0.015 0.010 0.163 0.010 
   9   (0.033) 0.170 0.009 0.008 0.009 
  10   (0.030) 0.086 0.008 0.007 0.008 
  11   (0.031) 0.057 0.008 0.009 0.008 
  12   (0.038) 0.167 0.010 0.012 0.010 
  13   (0.035) 0.200 0.009 0.007 0.009 
  14   (0.032) 0.033 0.009 0.006 0.009 
  15   (0.032) 0.112 0.009 0.009 0.009 
  16   (0.029) 0.033 0.008 0.005 0.008 
  17   (0.048) 0.008 0.086 0.008 0.086 
  18   (0.028) 0.005 0.007 0.005 0.080 
  19   (0.034) 0.006 0.009 0.006 0.119 
  20   (0.055) 0.009 0.050 0.009 0.308 
  21   (0.029) 0.005 0.008 0.005 0.044 
  22   (0.028) 0.005 0.008 0.005 0.044 
  23   (0.027) 0.005 0.007 0.005 0.044 
  24   (0.045) 0.008 0.049 0.008 0.085 
  25   (0.029) 0.005 0.081 0.005 0.008 
  26   (0.028) 0.005 0.044 0.005 0.008 
  27   (0.029) 0.005 0.044 0.005 0.008 

Locus 51 : locus51 
25 alleles
0.0% missing data
   1   (0.048) 0.011 0.013 0.316 0.013 
   2   (0.067) 0.384 0.018 0.074 0.018 
   3   (0.063) 0.183 0.017 0.086 0.017 
   4   (0.033) 0.009 0.009 0.059 0.009 
   5   (0.037) 0.010 0.010 0.059 0.010 
   6   (0.067) 0.133 0.018 0.139 0.018 
   7   (0.032) 0.005 0.008 0.034 0.008 
   8   (0.032) 0.005 0.008 0.062 0.008 
   9   (0.033) 0.005 0.009 0.034 0.009 
  10   (0.057) 0.167 0.015 0.043 0.015 
  11   (0.044) 0.007 0.012 0.008 0.194 
  12   (0.032) 0.005 0.009 0.006 0.045 
  13   (0.033) 0.005 0.009 0.006 0.119 
  14   (0.033) 0.005 0.009 0.006 0.082 
  15   (0.037) 0.006 0.010 0.006 0.193 
  16   (0.038) 0.006 0.010 0.007 0.047 
  17   (0.030) 0.005 0.008 0.005 0.045 
  18   (0.035) 0.006 0.009 0.006 0.082 
  19   (0.041) 0.007 0.158 0.007 0.011 
  20   (0.030) 0.005 0.045 0.005 0.008 
  21   (0.037) 0.006 0.120 0.006 0.010 
  22   (0.032) 0.005 0.082 0.006 0.009 
  23   (0.036) 0.006 0.157 0.006 0.010 
  24   (0.039) 0.006 0.194 0.007 0.011 
  25   (0.035) 0.006 0.046 0.006 0.009 

Locus 52 : locus52 
19 alleles
0.0% missing data
   1   (0.041) 0.010 0.011 0.143 0.011 
   2   (0.060) 0.013 0.052 0.202 0.016 
   3   (0.100) 0.027 0.174 0.173 0.100 
   4   (0.069) 0.011 0.055 0.068 0.055 
   5   (0.090) 0.015 0.208 0.071 0.098 
   6   (0.055) 0.012 0.051 0.089 0.015 
   7   (0.037) 0.010 0.010 0.058 0.010 
   8   (0.037) 0.010 0.010 0.058 0.010 
   9   (0.031) 0.005 0.008 0.033 0.008 
  10   (0.061) 0.198 0.016 0.016 0.052 
  11   (0.038) 0.112 0.010 0.011 0.010 
  12   (0.038) 0.115 0.010 0.008 0.010 
  13   (0.068) 0.119 0.018 0.014 0.128 
  14   (0.043) 0.254 0.011 0.009 0.012 
  15   (0.068) 0.061 0.018 0.017 0.275 
  16   (0.057) 0.009 0.051 0.010 0.162 
  17   (0.032) 0.005 0.045 0.006 0.009 
  18   (0.037) 0.006 0.120 0.006 0.010 
  19   (0.039) 0.007 0.121 0.007 0.010 

Locus 53 : locus53 
15 alleles
0.0% missing data
   1   (0.042) 0.009 0.011 0.121 0.011 
   2   (0.090) 0.015 0.171 0.044 0.170 
   3   (0.109) 0.099 0.065 0.191 0.066 
   4   (0.061) 0.012 0.016 0.153 0.053 
   5   (0.087) 0.078 0.023 0.119 0.097 
   6   (0.059) 0.138 0.016 0.046 0.016 
   7   (0.063) 0.013 0.017 0.094 0.090 
   8   (0.088) 0.053 0.245 0.059 0.024 
   9   (0.097) 0.027 0.136 0.091 0.099 
  10   (0.080) 0.080 0.058 0.027 0.058 
  11   (0.047) 0.351 0.012 0.014 0.013 
  12   (0.039) 0.056 0.010 0.011 0.011 
  13   (0.060) 0.058 0.090 0.017 0.016 
  14   (0.040) 0.007 0.011 0.007 0.267 
  15   (0.037) 0.006 0.120 0.007 0.010 

Locus 54 : locus54 
17 alleles
0.0% missing data
   1   (0.077) 0.016 0.132 0.259 0.021 
   2   (0.043) 0.008 0.011 0.172 0.012 
   3   (0.046) 0.013 0.012 0.196 0.012 
   4   (0.048) 0.019 0.013 0.162 0.013 
   5   (0.037) 0.006 0.010 0.062 0.010 
   6   (0.042) 0.142 0.011 0.011 0.011 
   7   (0.065) 0.120 0.017 0.014 0.090 
   8   (0.107) 0.149 0.175 0.026 0.102 
   9   (0.112) 0.372 0.102 0.028 0.103 
  10   (0.054) 0.065 0.014 0.009 0.051 
  11   (0.050) 0.036 0.050 0.008 0.013 
  12   (0.067) 0.011 0.128 0.011 0.091 
  13   (0.057) 0.009 0.051 0.010 0.125 
  14   (0.064) 0.011 0.053 0.011 0.200 
  15   (0.038) 0.006 0.010 0.006 0.083 
  16   (0.055) 0.009 0.088 0.009 0.051 
  17   (0.040) 0.007 0.121 0.007 0.011 

Locus 55 : locus55 
20 alleles
0.0% missing data
   1   (0.042) 0.011 0.011 0.142 0.011 
   2   (0.041) 0.011 0.011 0.281 0.011 
   3   (0.136) 0.032 0.257 0.236 0.183 
   4   (0.035) 0.006 0.009 0.034 0.009 
   5   (0.037) 0.006 0.010 0.062 0.010 
   6   (0.033) 0.005 0.009 0.033 0.009 
   7   (0.059) 0.015 0.016 0.060 0.089 
   8   (0.050) 0.008 0.050 0.036 0.013 
   9   (0.042) 0.199 0.011 0.009 0.011 
  10   (0.034) 0.033 0.009 0.006 0.009 
  11   (0.037) 0.117 0.010 0.006 0.010 
  12   (0.042) 0.253 0.011 0.010 0.011 
  13   (0.042) 0.163 0.011 0.017 0.011 
  14   (0.036) 0.058 0.010 0.010 0.010 
  15   (0.031) 0.033 0.008 0.005 0.008 
  16   (0.070) 0.012 0.092 0.012 0.165 
  17   (0.057) 0.010 0.052 0.010 0.088 
  18   (0.032) 0.005 0.008 0.005 0.045 
  19   (0.073) 0.012 0.203 0.012 0.166 
  20   (0.074) 0.012 0.203 0.013 0.129 

Locus 56 : locus56 
16 alleles
0.0% missing data
   1   (0.093) 0.219 0.061 0.061 0.025 
   2   (0.041) 0.011 0.011 0.058 0.011 
   3   (0.046) 0.010 0.012 0.228 0.012 
   4   (0.048) 0.014 0.013 0.169 0.013 
   5   (0.048) 0.010 0.013 0.228 0.013 
   6   (0.139) 0.371 0.221 0.118 0.037 
   7   (0.035) 0.006 0.009 0.034 0.009 
   8   (0.066) 0.148 0.017 0.013 0.054 
   9   (0.087) 0.117 0.060 0.023 0.060 
  10   (0.034) 0.033 0.009 0.006 0.009 
  11   (0.067) 0.011 0.091 0.011 0.128 
  12   (0.073) 0.012 0.130 0.012 0.129 
  13   (0.044) 0.007 0.012 0.007 0.194 
  14   (0.079) 0.013 0.167 0.013 0.167 
  15   (0.062) 0.010 0.053 0.011 0.127 
  16   (0.040) 0.007 0.121 0.007 0.011 

Locus 57 : locus57 
21 alleles
0.0% missing data
   1   (0.042) 0.013 0.011 0.166 0.011 
   2   (0.033) 0.006 0.009 0.060 0.009 
   3   (0.040) 0.012 0.010 0.111 0.011 
   4   (0.031) 0.005 0.008 0.033 0.008 
   5   (0.038) 0.010 0.010 0.194 0.010 
   6   (0.036) 0.008 0.010 0.114 0.010 
   7   (0.036) 0.010 0.010 0.057 0.010 
   8   (0.032) 0.005 0.008 0.033 0.009 
   9   (0.034) 0.006 0.009 0.061 0.009 
  10   (0.031) 0.005 0.008 0.033 0.008 
  11   (0.122) 0.266 0.142 0.028 0.289 
  12   (0.122) 0.121 0.290 0.031 0.289 
  13   (0.038) 0.117 0.010 0.008 0.010 
  14   (0.057) 0.120 0.015 0.012 0.052 
  15   (0.035) 0.058 0.009 0.010 0.009 
  16   (0.039) 0.117 0.010 0.008 0.010 
  17   (0.083) 0.042 0.206 0.014 0.132 
  18   (0.035) 0.058 0.009 0.010 0.010 
  19   (0.050) 0.008 0.050 0.008 0.086 
  20   (0.031) 0.005 0.045 0.005 0.008 
  21   (0.036) 0.006 0.120 0.006 0.010 

Locus 58 : locus58 
21 alleles
0.0% missing data
   1   (0.060) 0.013 0.016 0.091 0.053 
   2   (0.063) 0.012 0.053 0.149 0.017 
   3   (0.088) 0.018 0.134 0.095 0.060 
   4   (0.076) 0.015 0.204 0.151 0.020 
   5   (0.048) 0.014 0.013 0.227 0.013 
   6   (0.055) 0.009 0.051 0.066 0.015 
   7   (0.040) 0.015 0.011 0.082 0.011 
   8   (0.056) 0.009 0.088 0.038 0.015 
   9   (0.041) 0.114 0.011 0.009 0.011 
  10   (0.050) 0.386 0.013 0.014 0.014 
  11   (0.039) 0.140 0.010 0.010 0.011 
  12   (0.039) 0.142 0.010 0.008 0.010 
  13   (0.037) 0.061 0.010 0.006 0.010 
  14   (0.044) 0.007 0.012 0.008 0.304 
  15   (0.038) 0.006 0.010 0.007 0.083 
  16   (0.037) 0.006 0.010 0.006 0.120 
  17   (0.038) 0.006 0.010 0.007 0.083 
  18   (0.037) 0.006 0.010 0.006 0.119 
  19   (0.042) 0.007 0.121 0.007 0.011 
  20   (0.041) 0.007 0.158 0.007 0.011 
  21   (0.032) 0.005 0.045 0.005 0.009 

Locus 59 : locus59 
15 alleles
0.0% missing data
   1   (0.068) 0.011 0.018 0.039 0.201 
   2   (0.131) 0.027 0.108 0.238 0.182 
   3   (0.073) 0.017 0.019 0.173 0.056 
   4   (0.105) 0.029 0.028 0.364 0.174 
   5   (0.089) 0.015 0.060 0.070 0.134 
   6   (0.051) 0.200 0.013 0.013 0.014 
   7   (0.044) 0.146 0.012 0.009 0.012 
   8   (0.046) 0.146 0.012 0.009 0.012 
   9   (0.046) 0.117 0.012 0.010 0.012 
  10   (0.045) 0.117 0.012 0.010 0.012 
  11   (0.045) 0.082 0.012 0.016 0.012 
  12   (0.080) 0.063 0.205 0.020 0.022 
  13   (0.061) 0.010 0.053 0.010 0.090 
  14   (0.075) 0.013 0.351 0.013 0.056 
  15   (0.041) 0.007 0.085 0.007 0.011 

Locus 60 : locus60 
19 alleles
0.0% missing data
   1   (0.057) 0.019 0.015 0.326 0.015 
   2   (0.036) 0.006 0.010 0.033 0.010 
   3   (0.065) 0.068 0.017 0.092 0.018 
   4   (0.033) 0.006 0.009 0.033 0.009 
   5   (0.094) 0.044 0.025 0.070 0.172 
   6   (0.035) 0.006 0.009 0.033 0.009 
   7   (0.045) 0.010 0.012 0.114 0.012 
   8   (0.046) 0.016 0.012 0.135 0.012 
   9   (0.129) 0.167 0.034 0.072 0.510 
  10   (0.047) 0.206 0.012 0.009 0.013 
  11   (0.078) 0.149 0.021 0.018 0.131 
  12   (0.043) 0.060 0.011 0.011 0.012 
  13   (0.053) 0.203 0.014 0.014 0.014 
  14   (0.047) 0.008 0.344 0.008 0.013 
  15   (0.038) 0.007 0.120 0.006 0.010 
  16   (0.042) 0.007 0.158 0.007 0.011 
  17   (0.041) 0.007 0.084 0.007 0.011 
  18   (0.036) 0.006 0.046 0.006 0.010 
  19   (0.035) 0.006 0.046 0.006 0.009 

Locus 61 : locus61 
22 alleles
0.0% missing data
   1   (0.035) 0.006 0.009 0.091 0.009 
   2   (0.092) 0.069 0.024 0.128 0.208 
   3   (0.100) 0.067 0.027 0.162 0.173 
   4   (0.033) 0.005 0.009 0.034 0.009 
   5   (0.034) 0.006 0.009 0.063 0.009 
   6   (0.032) 0.005 0.008 0.062 0.009 
   7   (0.063) 0.017 0.017 0.117 0.090 
   8   (0.034) 0.005 0.009 0.062 0.009 
   9   (0.047) 0.008 0.012 0.036 0.049 
  10   (0.040) 0.013 0.011 0.141 0.011 
  11   (0.033) 0.113 0.009 0.007 0.009 
  12   (0.068) 0.113 0.018 0.019 0.165 
  13   (0.061) 0.112 0.016 0.018 0.089 
  14   (0.044) 0.414 0.012 0.010 0.012 
  15   (0.034) 0.006 0.009 0.006 0.082 
  16   (0.036) 0.006 0.083 0.006 0.010 
  17   (0.041) 0.007 0.195 0.007 0.011 
  18   (0.031) 0.005 0.045 0.005 0.008 
  19   (0.039) 0.006 0.194 0.007 0.010 
  20   (0.038) 0.006 0.120 0.007 0.010 
  21   (0.035) 0.006 0.119 0.006 0.009 
  22   (0.030) 0.005 0.044 0.005 0.008 

Locus 62 : locus62 
20 alleles
0.0% missing data
   1   (0.036) 0.010 0.010 0.058 0.010 
   2   (0.059) 0.010 0.016 0.038 0.199 
   3   (0.074) 0.018 0.020 0.147 0.130 
   4   (0.034) 0.006 0.009 0.034 0.009 
   5   (0.042) 0.007 0.011 0.175 0.011 
   6   (0.088) 0.025 0.023 0.228 0.243 
   7   (0.097) 0.030 0.136 0.142 0.063 
   8   (0.035) 0.006 0.009 0.062 0.009 
   9   (0.041) 0.251 0.011 0.010 0.011 
  10   (0.041) 0.115 0.011 0.009 0.011 
  11   (0.039) 0.062 0.010 0.007 0.010 
  12   (0.034) 0.033 0.009 0.006 0.009 
  13   (0.057) 0.089 0.015 0.013 0.052 
  14   (0.042) 0.197 0.011 0.010 0.011 
  15   (0.046) 0.104 0.012 0.020 0.012 
  16   (0.031) 0.005 0.008 0.005 0.045 
  17   (0.071) 0.012 0.276 0.012 0.092 
  18   (0.053) 0.009 0.088 0.009 0.051 
  19   (0.045) 0.008 0.233 0.008 0.012 
  20   (0.035) 0.006 0.083 0.006 0.009 

Locus 63 : locus63 
23 alleles
0.0% missing data
   1   (0.038) 0.007 0.010 0.171 0.010 
   2   (0.041) 0.014 0.011 0.193 0.011 
   3   (0.035) 0.010 0.009 0.057 0.009 
   4   (0.032) 0.005 0.009 0.061 0.009 
   5   (0.038) 0.008 0.010 0.143 0.010 
   6   (0.042) 0.013 0.011 0.167 0.011 
   7   (0.032) 0.005 0.008 0.033 0.009 
   8   (0.033) 0.006 0.009 0.033 0.009 
   9   (0.058) 0.114 0.015 0.016 0.052 
  10   (0.038) 0.088 0.010 0.009 0.010 
  11   (0.064) 0.231 0.017 0.014 0.090 
  12   (0.031) 0.033 0.008 0.005 0.008 
  13   (0.047) 0.035 0.012 0.008 0.086 
  14   (0.060) 0.254 0.016 0.017 0.052 
  15   (0.060) 0.090 0.016 0.013 0.125 
  16   (0.056) 0.037 0.015 0.009 0.125 
  17   (0.063) 0.011 0.127 0.011 0.163 
  18   (0.054) 0.009 0.051 0.009 0.124 
  19   (0.034) 0.006 0.009 0.006 0.046 
  20   (0.036) 0.006 0.194 0.006 0.010 
  21   (0.038) 0.006 0.194 0.006 0.010 
  22   (0.041) 0.007 0.195 0.007 0.011 
  23   (0.030) 0.005 0.045 0.005 0.008 

Locus 64 : locus64 
26 alleles
0.0% missing data
   1   (0.055) 0.016 0.015 0.114 0.051 
   2   (0.060) 0.012 0.016 0.260 0.052 
   3   (0.060) 0.010 0.016 0.038 0.199 
   4   (0.035) 0.006 0.009 0.090 0.009 
   5   (0.038) 0.010 0.010 0.198 0.010 
   6   (0.056) 0.014 0.015 0.061 0.088 
   7   (0.034) 0.009 0.009 0.058 0.009 
   8   (0.035) 0.009 0.009 0.058 0.009 
   9   (0.040) 0.333 0.011 0.011 0.011 
  10   (0.033) 0.086 0.009 0.008 0.009 
  11   (0.035) 0.061 0.009 0.006 0.009 
  12   (0.039) 0.140 0.010 0.010 0.011 
  13   (0.033) 0.033 0.009 0.006 0.009 
  14   (0.032) 0.033 0.008 0.006 0.009 
  15   (0.035) 0.057 0.009 0.009 0.009 
  16   (0.034) 0.086 0.009 0.008 0.009 
  17   (0.029) 0.032 0.008 0.005 0.008 
  18   (0.040) 0.007 0.011 0.007 0.194 
  19   (0.035) 0.006 0.009 0.006 0.156 
  20   (0.032) 0.005 0.008 0.005 0.082 
  21   (0.039) 0.007 0.231 0.007 0.010 
  22   (0.034) 0.006 0.083 0.006 0.009 
  23   (0.034) 0.006 0.229 0.006 0.009 
  24   (0.033) 0.006 0.082 0.006 0.009 
  25   (0.037) 0.006 0.083 0.006 0.010 
  26   (0.033) 0.005 0.082 0.006 0.009 

Locus 65 : locus65 
20 alleles
0.0% missing data
   1   (0.102) 0.129 0.064 0.154 0.064 
   2   (0.091) 0.204 0.098 0.106 0.025 
   3   (0.060) 0.139 0.016 0.131 0.016 
   4   (0.040) 0.013 0.011 0.272 0.011 
   5   (0.030) 0.005 0.008 0.032 0.008 
   6   (0.031) 0.005 0.008 0.032 0.008 
   7   (0.036) 0.010 0.010 0.138 0.010 
   8   (0.070) 0.069 0.018 0.039 0.092 
   9   (0.060) 0.096 0.126 0.010 0.016 
  10   (0.068) 0.040 0.055 0.011 0.092 
  11   (0.050) 0.037 0.013 0.008 0.087 
  12   (0.040) 0.199 0.011 0.013 0.011 
  13   (0.067) 0.012 0.128 0.011 0.274 
  14   (0.051) 0.009 0.050 0.008 0.087 
  15   (0.045) 0.008 0.048 0.007 0.048 
  16   (0.029) 0.005 0.008 0.005 0.044 
  17   (0.032) 0.006 0.008 0.005 0.082 
  18   (0.034) 0.006 0.156 0.006 0.009 
  19   (0.033) 0.006 0.119 0.006 0.009 
  20   (0.031) 0.005 0.045 0.005 0.008 

Locus 66 : locus66 
24 alleles
0.0% missing data
   1   (0.045) 0.011 0.012 0.306 0.012 
   2   (0.041) 0.010 0.011 0.169 0.011 
   3   (0.042) 0.010 0.011 0.197 0.011 
   4   (0.035) 0.010 0.009 0.057 0.009 
   5   (0.032) 0.009 0.009 0.057 0.009 
   6   (0.047) 0.064 0.012 0.035 0.013 
   7   (0.029) 0.005 0.008 0.032 0.008 
   8   (0.041) 0.196 0.011 0.014 0.011 
   9   (0.058) 0.037 0.199 0.010 0.016 
  10   (0.048) 0.036 0.049 0.008 0.013 
  11   (0.054) 0.065 0.088 0.009 0.015 
  12   (0.058) 0.115 0.089 0.016 0.016 
  13   (0.059) 0.119 0.089 0.013 0.016 
  14   (0.034) 0.087 0.009 0.008 0.009 
  15   (0.036) 0.088 0.010 0.008 0.010 
  16   (0.052) 0.036 0.161 0.009 0.014 
  17   (0.032) 0.058 0.008 0.008 0.008 
  18   (0.032) 0.005 0.009 0.005 0.118 
  19   (0.036) 0.006 0.009 0.006 0.266 
  20   (0.032) 0.005 0.008 0.005 0.045 
  21   (0.034) 0.006 0.009 0.006 0.082 
  22   (0.058) 0.010 0.163 0.010 0.089 
  23   (0.034) 0.006 0.009 0.006 0.082 
  24   (0.033) 0.006 0.009 0.006 0.119 

Locus 67 : locus67 
17 alleles
0.0% missing data
   1   (0.038) 0.008 0.010 0.198 0.010 
   2   (0.097) 0.028 0.099 0.225 0.099 
   3   (0.068) 0.011 0.055 0.039 0.128 
   4   (0.094) 0.023 0.135 0.064 0.171 
   5   (0.037) 0.010 0.010 0.141 0.010 
   6   (0.063) 0.014 0.164 0.090 0.017 
   7   (0.049) 0.008 0.050 0.091 0.013 
   8   (0.033) 0.006 0.009 0.033 0.009 
   9   (0.066) 0.067 0.054 0.011 0.054 
  10   (0.064) 0.231 0.090 0.014 0.017 
  11   (0.077) 0.139 0.204 0.026 0.021 
  12   (0.077) 0.092 0.057 0.017 0.094 
  13   (0.051) 0.036 0.013 0.009 0.087 
  14   (0.029) 0.033 0.008 0.005 0.008 
  15   (0.074) 0.229 0.020 0.018 0.166 
  16   (0.054) 0.060 0.014 0.014 0.051 
  17   (0.031) 0.005 0.008 0.005 0.045 

Locus 68 : locus68 
27 alleles
0.0% missing data
   1   (0.030) 0.005 0.008 0.033 0.008 
   2   (0.033) 0.009 0.009 0.057 0.009 
   3   (0.032) 0.005 0.008 0.088 0.009 
   4   (0.059) 0.010 0.200 0.037 0.016 
   5   (0.042) 0.010 0.011 0.225 0.011 
   6   (0.042) 0.011 0.011 0.225 0.011 
   7   (0.036) 0.009 0.009 0.141 0.010 
   8   (0.036) 0.010 0.010 0.057 0.010 
   9   (0.041) 0.173 0.011 0.008 0.011 
  10   (0.041) 0.197 0.011 0.011 0.011 
  11   (0.040) 0.090 0.011 0.007 0.011 
  12   (0.033) 0.033 0.009 0.006 0.009 
  13   (0.039) 0.170 0.010 0.009 0.011 
  14   (0.043) 0.139 0.011 0.014 0.011 
  15   (0.035) 0.057 0.009 0.010 0.009 
  16   (0.037) 0.006 0.010 0.006 0.156 
  17   (0.033) 0.006 0.009 0.006 0.192 
  18   (0.042) 0.007 0.011 0.007 0.157 
  19   (0.035) 0.006 0.009 0.006 0.046 
  20   (0.033) 0.005 0.009 0.006 0.118 
  21   (0.034) 0.006 0.009 0.006 0.045 
  22   (0.035) 0.006 0.009 0.006 0.083 
  23   (0.030) 0.005 0.045 0.005 0.008 
  24   (0.044) 0.007 0.379 0.008 0.012 
  25   (0.033) 0.006 0.082 0.006 0.009 
  26   (0.030) 0.005 0.045 0.005 0.008 
  27   (0.031) 0.005 0.045 0.005 0.008 

Locus 69 : locus69 
24 alleles
0.0% missing data
   1   (0.031) 0.008 0.008 0.140 0.008 
   2   (0.033) 0.010 0.009 0.112 0.009 
   3   (0.028) 0.008 0.008 0.056 0.008 
   4   (0.029) 0.005 0.008 0.060 0.008 
   5   (0.037) 0.008 0.010 0.197 0.010 
   6   (0.028) 0.005 0.007 0.060 0.008 
   7   (0.032) 0.009 0.009 0.057 0.009 
   8   (0.034) 0.010 0.009 0.111 0.009 
   9   (0.029) 0.005 0.008 0.032 0.008 
  10   (0.030) 0.005 0.008 0.033 0.008 
  11   (0.052) 0.145 0.087 0.013 0.014 
  12   (0.056) 0.037 0.051 0.009 0.052 
  13   (0.081) 0.151 0.095 0.016 0.204 
  14   (0.031) 0.087 0.008 0.007 0.008 
  15   (0.075) 0.040 0.241 0.013 0.203 
  16   (0.068) 0.204 0.055 0.015 0.055 
  17   (0.032) 0.057 0.009 0.009 0.009 
  18   (0.042) 0.035 0.048 0.007 0.011 
  19   (0.056) 0.139 0.089 0.019 0.015 
  20   (0.050) 0.008 0.087 0.008 0.086 
  21   (0.043) 0.007 0.048 0.007 0.048 
  22   (0.029) 0.005 0.008 0.005 0.081 
  23   (0.045) 0.008 0.048 0.008 0.122 
  24   (0.027) 0.004 0.044 0.005 0.007 

Locus 70 : locus70 
21 alleles
0.0% missing data
   1   (0.079) 0.054 0.021 0.169 0.057 
   2   (0.062) 0.017 0.016 0.172 0.053 
   3   (0.050) 0.035 0.013 0.037 0.013 
   4   (0.050) 0.008 0.013 0.065 0.050 
   5   (0.077) 0.015 0.020 0.181 0.314 
   6   (0.063) 0.013 0.016 0.121 0.090 
   7   (0.074) 0.023 0.020 0.086 0.239 
   8   (0.052) 0.013 0.014 0.060 0.051 
   9   (0.043) 0.168 0.011 0.011 0.012 
  10   (0.036) 0.060 0.009 0.006 0.010 
  11   (0.035) 0.033 0.009 0.006 0.009 
  12   (0.043) 0.165 0.011 0.014 0.012 
  13   (0.042) 0.169 0.011 0.009 0.011 
  14   (0.036) 0.080 0.009 0.014 0.010 
  15   (0.036) 0.110 0.010 0.011 0.010 
  16   (0.041) 0.007 0.231 0.007 0.011 
  17   (0.039) 0.006 0.194 0.007 0.010 
  18   (0.033) 0.005 0.082 0.006 0.009 
  19   (0.037) 0.006 0.083 0.006 0.010 
  20   (0.036) 0.006 0.083 0.006 0.010 
  21   (0.037) 0.006 0.120 0.006 0.010 

Locus 71 : locus71 
27 alleles
0.0% missing data
   1   (0.033) 0.012 0.009 0.136 0.009 
   2   (0.037) 0.006 0.010 0.089 0.010 
   3   (0.031) 0.005 0.008 0.060 0.008 
   4   (0.032) 0.008 0.008 0.086 0.009 
   5   (0.029) 0.005 0.008 0.060 0.008 
   6   (0.033) 0.010 0.009 0.111 0.009 
   7   (0.032) 0.008 0.008 0.139 0.009 
   8   (0.043) 0.007 0.011 0.034 0.085 
   9   (0.035) 0.010 0.009 0.057 0.010 
  10   (0.030) 0.005 0.008 0.032 0.008 
  11   (0.029) 0.008 0.008 0.057 0.008 
  12   (0.033) 0.117 0.009 0.007 0.009 
  13   (0.032) 0.090 0.008 0.005 0.009 
  14   (0.079) 0.116 0.094 0.022 0.168 
  15   (0.065) 0.084 0.054 0.022 0.091 
  16   (0.050) 0.059 0.197 0.013 0.014 
  17   (0.031) 0.143 0.008 0.008 0.008 
  18   (0.027) 0.033 0.007 0.005 0.007 
  19   (0.049) 0.145 0.013 0.012 0.049 
  20   (0.027) 0.033 0.007 0.005 0.007 
  21   (0.043) 0.035 0.048 0.007 0.012 
  22   (0.029) 0.033 0.008 0.005 0.008 
  23   (0.035) 0.006 0.009 0.006 0.301 
  24   (0.047) 0.008 0.086 0.008 0.086 
  25   (0.027) 0.005 0.007 0.005 0.044 
  26   (0.033) 0.006 0.303 0.005 0.009 
  27   (0.029) 0.005 0.044 0.005 0.008 

Locus 72 : locus72 
19 alleles
0.0% missing data
   1   (0.074) 0.024 0.020 0.306 0.093 
   2   (0.047) 0.035 0.012 0.036 0.013 
   3   (0.062) 0.010 0.016 0.066 0.236 
   4   (0.036) 0.006 0.010 0.117 0.010 
   5   (0.053) 0.009 0.014 0.065 0.051 
   6   (0.038) 0.008 0.010 0.088 0.010 
   7   (0.057) 0.012 0.015 0.090 0.052 
   8   (0.063) 0.016 0.017 0.060 0.127 
   9   (0.037) 0.010 0.010 0.058 0.010 
  10   (0.095) 0.201 0.061 0.025 0.172 
  11   (0.076) 0.283 0.131 0.020 0.020 
  12   (0.061) 0.201 0.053 0.014 0.016 
  13   (0.062) 0.060 0.127 0.016 0.017 
  14   (0.032) 0.033 0.009 0.005 0.009 
  15   (0.061) 0.066 0.127 0.010 0.016 
  16   (0.035) 0.006 0.009 0.006 0.082 
  17   (0.032) 0.005 0.008 0.005 0.045 
  18   (0.037) 0.006 0.120 0.006 0.010 
  19   (0.042) 0.007 0.232 0.007 0.011 

Locus 73 : locus73 
23 alleles
0.0% missing data
   1   (0.041) 0.009 0.011 0.226 0.011 
   2   (0.040) 0.009 0.011 0.169 0.011 
   3   (0.034) 0.010 0.009 0.057 0.009 
   4   (0.036) 0.007 0.010 0.171 0.010 
   5   (0.043) 0.016 0.012 0.136 0.012 
   6   (0.037) 0.010 0.010 0.057 0.010 
   7   (0.029) 0.005 0.008 0.032 0.008 
   8   (0.031) 0.142 0.008 0.008 0.008 
   9   (0.070) 0.121 0.239 0.015 0.019 
  10   (0.074) 0.255 0.130 0.020 0.020 
  11   (0.031) 0.061 0.008 0.005 0.008 
  12   (0.037) 0.088 0.010 0.008 0.010 
  13   (0.075) 0.062 0.093 0.019 0.093 
  14   (0.030) 0.033 0.008 0.005 0.008 
  15   (0.044) 0.035 0.048 0.007 0.012 
  16   (0.032) 0.033 0.008 0.005 0.009 
  17   (0.061) 0.061 0.126 0.015 0.016 
  18   (0.039) 0.007 0.010 0.007 0.230 
  19   (0.061) 0.010 0.090 0.010 0.163 
  20   (0.032) 0.005 0.009 0.005 0.045 
  21   (0.053) 0.009 0.088 0.009 0.087 
  22   (0.037) 0.006 0.010 0.006 0.192 
  23   (0.033) 0.005 0.045 0.005 0.009 

Locus 74 : locus74 
28 alleles
0.0% missing data
   1   (0.056) 0.012 0.051 0.091 0.015 
   2   (0.029) 0.005 0.008 0.033 0.008 
   3   (0.036) 0.008 0.009 0.285 0.010 
   4   (0.035) 0.011 0.009 0.140 0.009 
   5   (0.053) 0.011 0.051 0.119 0.014 
   6   (0.056) 0.015 0.162 0.060 0.015 
   7   (0.030) 0.005 0.008 0.033 0.008 
   8   (0.029) 0.005 0.008 0.033 0.008 
   9   (0.029) 0.005 0.008 0.033 0.008 
  10   (0.033) 0.009 0.009 0.058 0.009 
  11   (0.039) 0.305 0.010 0.010 0.011 
  12   (0.045) 0.386 0.012 0.013 0.012 
  13   (0.033) 0.033 0.009 0.006 0.009 
  14   (0.031) 0.032 0.008 0.005 0.008 
  15   (0.059) 0.092 0.200 0.010 0.016 
  16   (0.029) 0.005 0.008 0.005 0.081 
  17   (0.031) 0.005 0.008 0.005 0.155 
  18   (0.030) 0.005 0.008 0.005 0.045 
  19   (0.030) 0.005 0.008 0.005 0.045 
  20   (0.032) 0.005 0.008 0.005 0.045 
  21   (0.029) 0.005 0.008 0.005 0.044 
  22   (0.031) 0.005 0.008 0.005 0.081 
  23   (0.034) 0.006 0.009 0.006 0.156 
  24   (0.034) 0.006 0.009 0.006 0.119 
  25   (0.032) 0.005 0.008 0.005 0.045 
  26   (0.033) 0.005 0.082 0.006 0.009 
  27   (0.039) 0.006 0.231 0.007 0.010 
  28   (0.027) 0.005 0.044 0.005 0.007 

Locus 75 : locus75 
17 alleles
0.0% missing data
   1   (0.067) 0.023 0.054 0.296 0.018 
   2   (0.032) 0.005 0.008 0.059 0.009 
   3   (0.038) 0.008 0.010 0.140 0.010 
   4   (0.040) 0.010 0.011 0.166 0.011 
   5   (0.060) 0.010 0.016 0.091 0.126 
   6   (0.094) 0.072 0.099 0.070 0.062 
   7   (0.114) 0.113 0.067 0.065 0.250 
   8   (0.081) 0.150 0.095 0.020 0.058 
   9   (0.103) 0.213 0.174 0.022 0.137 
  10   (0.083) 0.100 0.095 0.014 0.096 
  11   (0.033) 0.059 0.009 0.009 0.009 
  12   (0.032) 0.034 0.008 0.005 0.009 
  13   (0.036) 0.063 0.010 0.006 0.010 
  14   (0.035) 0.060 0.009 0.009 0.009 
  15   (0.035) 0.059 0.009 0.009 0.009 
  16   (0.065) 0.011 0.164 0.011 0.127 
  17   (0.054) 0.009 0.162 0.009 0.051 

Locus 76 : locus76 
17 alleles
0.0% missing data
   1   (0.096) 0.022 0.356 0.261 0.026 
   2   (0.081) 0.013 0.132 0.070 0.058 
   3   (0.070) 0.012 0.019 0.067 0.239 
   4   (0.084) 0.022 0.170 0.201 0.023 
   5   (0.074) 0.019 0.093 0.200 0.020 
   6   (0.073) 0.012 0.056 0.040 0.093 
   7   (0.064) 0.016 0.017 0.061 0.090 
   8   (0.067) 0.122 0.018 0.011 0.128 
   9   (0.070) 0.230 0.018 0.015 0.092 
  10   (0.044) 0.196 0.012 0.012 0.012 
  11   (0.047) 0.137 0.012 0.016 0.013 
  12   (0.058) 0.089 0.015 0.013 0.052 
  13   (0.038) 0.086 0.010 0.009 0.010 
  14   (0.034) 0.006 0.009 0.006 0.046 
  15   (0.033) 0.006 0.009 0.006 0.045 
  16   (0.034) 0.006 0.009 0.006 0.046 
  17   (0.033) 0.005 0.046 0.006 0.009 

Locus 77 : locus77 
23 alleles
0.0% missing data
   1   (0.050) 0.015 0.013 0.412 0.013 
   2   (0.043) 0.009 0.012 0.115 0.012 
   3   (0.066) 0.017 0.017 0.142 0.054 
   4   (0.039) 0.007 0.010 0.171 0.011 
   5   (0.045) 0.204 0.012 0.009 0.012 
   6   (0.042) 0.089 0.011 0.010 0.011 
   7   (0.062) 0.232 0.051 0.015 0.016 
   8   (0.035) 0.088 0.009 0.008 0.010 
   9   (0.042) 0.083 0.011 0.015 0.011 
  10   (0.064) 0.067 0.128 0.011 0.017 
  11   (0.038) 0.059 0.010 0.010 0.010 
  12   (0.041) 0.059 0.011 0.011 0.011 
  13   (0.042) 0.007 0.011 0.007 0.085 
  14   (0.047) 0.008 0.012 0.008 0.268 
  15   (0.039) 0.007 0.010 0.007 0.157 
  16   (0.041) 0.007 0.011 0.007 0.121 
  17   (0.034) 0.006 0.009 0.006 0.082 
  18   (0.032) 0.005 0.009 0.005 0.045 
  19   (0.038) 0.007 0.084 0.006 0.010 
  20   (0.037) 0.006 0.120 0.006 0.010 
  21   (0.039) 0.007 0.084 0.006 0.010 
  22   (0.043) 0.007 0.233 0.007 0.011 
  23   (0.041) 0.007 0.121 0.007 0.011 

Locus 78 : locus78 
19 alleles
0.0% missing data
   1   (0.053) 0.014 0.014 0.504 0.014 
   2   (0.057) 0.010 0.015 0.065 0.052 
   3   (0.094) 0.081 0.025 0.145 0.062 
   4   (0.088) 0.029 0.023 0.083 0.316 
   5   (0.056) 0.009 0.015 0.065 0.052 
   6   (0.036) 0.089 0.010 0.006 0.010 
   7   (0.047) 0.223 0.013 0.014 0.013 
   8   (0.061) 0.066 0.016 0.010 0.089 
   9   (0.047) 0.117 0.012 0.010 0.013 
  10   (0.042) 0.088 0.011 0.009 0.011 
  11   (0.080) 0.140 0.021 0.025 0.094 
  12   (0.041) 0.058 0.011 0.011 0.011 
  13   (0.058) 0.037 0.015 0.010 0.089 
  14   (0.039) 0.006 0.010 0.007 0.083 
  15   (0.034) 0.006 0.009 0.006 0.045 
  16   (0.048) 0.008 0.417 0.008 0.013 
  17   (0.039) 0.007 0.121 0.007 0.011 
  18   (0.037) 0.006 0.046 0.006 0.010 
  19   (0.043) 0.007 0.196 0.007 0.012 

Locus 79 : locus79 
17 alleles
0.0% missing data
   1   (0.096) 0.172 0.025 0.107 0.099 
   2   (0.065) 0.010 0.017 0.098 0.127 
   3   (0.073) 0.017 0.019 0.064 0.349 
   4   (0.057) 0.009 0.162 0.039 0.015 
   5   (0.061) 0.016 0.053 0.120 0.016 
   6   (0.032) 0.005 0.009 0.035 0.009 
   7   (0.094) 0.180 0.025 0.155 0.062 
   8   (0.035) 0.009 0.009 0.060 0.010 
   9   (0.048) 0.008 0.049 0.038 0.013 
  10   (0.051) 0.008 0.050 0.038 0.014 
  11   (0.032) 0.005 0.009 0.035 0.009 
  12   (0.067) 0.014 0.128 0.095 0.018 
  13   (0.073) 0.017 0.314 0.065 0.020 
  14   (0.071) 0.219 0.019 0.019 0.092 
  15   (0.073) 0.299 0.019 0.020 0.093 
  16   (0.034) 0.005 0.009 0.006 0.046 
  17   (0.036) 0.006 0.083 0.006 0.010 

Locus 80 : locus80 
30 alleles
0.0% missing data
   1   (0.034) 0.006 0.009 0.089 0.009 
   2   (0.037) 0.011 0.010 0.308 0.010 
   3   (0.038) 0.012 0.010 0.139 0.010 
   4   (0.031) 0.007 0.008 0.115 0.008 
   5   (0.028) 0.005 0.008 0.033 0.008 
   6   (0.029) 0.005 0.008 0.033 0.008 
   7   (0.029) 0.005 0.008 0.033 0.008 
   8   (0.028) 0.005 0.007 0.033 0.008 
   9   (0.030) 0.008 0.008 0.058 0.008 
  10   (0.026) 0.004 0.007 0.032 0.007 
  11   (0.039) 0.386 0.010 0.014 0.011 
  12   (0.033) 0.143 0.009 0.007 0.009 
  13   (0.037) 0.171 0.010 0.007 0.010 
  14   (0.032) 0.061 0.008 0.005 0.009 
  15   (0.031) 0.033 0.008 0.005 0.009 
  16   (0.026) 0.032 0.007 0.004 0.007 
  17   (0.031) 0.033 0.008 0.005 0.008 
  18   (0.052) 0.009 0.050 0.009 0.197 
  19   (0.037) 0.006 0.010 0.006 0.119 
  20   (0.037) 0.006 0.010 0.006 0.193 
  21   (0.031) 0.005 0.008 0.005 0.081 
  22   (0.038) 0.006 0.010 0.006 0.156 
  23   (0.027) 0.004 0.007 0.005 0.044 
  24   (0.035) 0.006 0.083 0.006 0.009 
  25   (0.031) 0.005 0.082 0.005 0.008 
  26   (0.034) 0.006 0.119 0.006 0.009 
  27   (0.038) 0.006 0.157 0.007 0.010 
  28   (0.040) 0.007 0.195 0.007 0.011 
  29   (0.030) 0.005 0.045 0.005 0.008 
  30   (0.032) 0.005 0.082 0.005 0.009 

Locus 81 : locus81 
24 alleles
0.0% missing data
   1   (0.027) 0.005 0.007 0.032 0.007 
   2   (0.034) 0.013 0.009 0.081 0.009 
   3   (0.029) 0.005 0.008 0.088 0.008 
   4   (0.033) 0.008 0.009 0.087 0.009 
   5   (0.038) 0.009 0.010 0.170 0.010 
   6   (0.066) 0.015 0.017 0.173 0.200 
   7   (0.027) 0.005 0.007 0.032 0.007 
   8   (0.034) 0.008 0.009 0.086 0.009 
   9   (0.031) 0.009 0.008 0.057 0.008 
  10   (0.031) 0.009 0.008 0.057 0.008 
  11   (0.058) 0.093 0.200 0.010 0.015 
  12   (0.044) 0.063 0.048 0.007 0.012 
  13   (0.049) 0.036 0.087 0.008 0.013 
  14   (0.053) 0.114 0.051 0.015 0.014 
  15   (0.041) 0.034 0.048 0.007 0.011 
  16   (0.047) 0.117 0.049 0.010 0.013 
  17   (0.051) 0.198 0.050 0.014 0.014 
  18   (0.051) 0.089 0.014 0.012 0.050 
  19   (0.049) 0.139 0.048 0.017 0.013 
  20   (0.048) 0.008 0.048 0.008 0.270 
  21   (0.028) 0.005 0.007 0.005 0.044 
  22   (0.032) 0.005 0.009 0.005 0.118 
  23   (0.046) 0.008 0.049 0.008 0.085 
  24   (0.053) 0.009 0.199 0.009 0.050 

Locus 82 : locus82 
23 alleles
0.0% missing data
   1   (0.041) 0.010 0.011 0.087 0.011 
   2   (0.030) 0.005 0.008 0.032 0.008 
   3   (0.041) 0.010 0.011 0.361 0.011 
   4   (0.039) 0.011 0.010 0.112 0.010 
   5   (0.035) 0.008 0.009 0.115 0.009 
   6   (0.031) 0.005 0.008 0.033 0.008 
   7   (0.040) 0.012 0.011 0.112 0.011 
   8   (0.056) 0.262 0.049 0.012 0.015 
   9   (0.057) 0.066 0.015 0.010 0.125 
  10   (0.077) 0.040 0.057 0.013 0.241 
  11   (0.031) 0.033 0.008 0.005 0.008 
  12   (0.040) 0.169 0.011 0.012 0.011 
  13   (0.034) 0.116 0.009 0.007 0.009 
  14   (0.075) 0.092 0.057 0.017 0.093 
  15   (0.038) 0.107 0.010 0.017 0.010 
  16   (0.034) 0.006 0.009 0.006 0.045 
  17   (0.052) 0.009 0.124 0.009 0.051 
  18   (0.058) 0.010 0.089 0.010 0.161 
  19   (0.034) 0.006 0.009 0.006 0.082 
  20   (0.057) 0.010 0.237 0.010 0.052 
  21   (0.039) 0.007 0.158 0.007 0.011 
  22   (0.030) 0.005 0.045 0.005 0.008 
  23   (0.030) 0.005 0.045 0.005 0.008 

Locus 83 : locus83 
21 alleles
0.0% missing data
   1   (0.039) 0.010 0.010 0.166 0.010 
   2   (0.046) 0.016 0.012 0.243 0.012 
   3   (0.081) 0.252 0.022 0.165 0.022 
   4   (0.038) 0.007 0.010 0.087 0.010 
   5   (0.043) 0.012 0.011 0.138 0.012 
   6   (0.034) 0.006 0.009 0.033 0.009 
   7   (0.033) 0.006 0.009 0.032 0.009 
   8   (0.037) 0.060 0.010 0.010 0.010 
   9   (0.081) 0.150 0.205 0.019 0.022 
  10   (0.073) 0.119 0.167 0.019 0.020 
  11   (0.066) 0.118 0.091 0.018 0.018 
  12   (0.058) 0.038 0.126 0.010 0.016 
  13   (0.061) 0.125 0.053 0.010 0.016 
  14   (0.049) 0.037 0.049 0.008 0.013 
  15   (0.041) 0.007 0.011 0.007 0.267 
  16   (0.037) 0.006 0.010 0.006 0.156 
  17   (0.037) 0.006 0.010 0.006 0.083 
  18   (0.034) 0.006 0.009 0.006 0.082 
  19   (0.035) 0.006 0.009 0.006 0.082 
  20   (0.040) 0.007 0.010 0.007 0.120 
  21   (0.038) 0.007 0.158 0.006 0.010 

Locus 84 : locus84 
24 alleles
0.0% missing data
   1   (0.043) 0.011 0.011 0.249 0.012 
   2   (0.039) 0.010 0.010 0.139 0.011 
   3   (0.043) 0.010 0.011 0.168 0.011 
   4   (0.039) 0.009 0.010 0.195 0.010 
   5   (0.037) 0.009 0.010 0.086 0.010 
   6   (0.058) 0.123 0.015 0.010 0.052 
   7   (0.037) 0.063 0.010 0.006 0.010 
   8   (0.038) 0.144 0.010 0.010 0.010 
   9   (0.063) 0.061 0.201 0.016 0.017 
  10   (0.031) 0.058 0.008 0.008 0.008 
  11   (0.052) 0.066 0.050 0.009 0.014 
  12   (0.037) 0.141 0.010 0.012 0.010 
  13   (0.051) 0.090 0.013 0.012 0.050 
  14   (0.077) 0.117 0.389 0.021 0.021 
  15   (0.048) 0.036 0.013 0.008 0.049 
  16   (0.037) 0.006 0.010 0.006 0.156 
  17   (0.038) 0.006 0.010 0.006 0.193 
  18   (0.032) 0.005 0.009 0.005 0.045 
  19   (0.030) 0.005 0.008 0.005 0.044 
  20   (0.034) 0.006 0.009 0.006 0.082 
  21   (0.036) 0.006 0.010 0.006 0.083 
  22   (0.031) 0.005 0.008 0.005 0.081 
  23   (0.036) 0.006 0.120 0.006 0.010 
  24   (0.033) 0.006 0.045 0.006 0.009 

Locus 85 : locus85 
23 alleles
0.0% missing data
   1   (0.052) 0.015 0.050 0.114 0.014 
   2   (0.062) 0.015 0.127 0.145 0.017 
   3   (0.030) 0.005 0.008 0.061 0.008 
   4   (0.052) 0.009 0.124 0.065 0.014 
   5   (0.060) 0.015 0.052 0.313 0.016 
   6   (0.056) 0.087 0.015 0.126 0.015 
   7   (0.030) 0.005 0.008 0.033 0.008 
   8   (0.064) 0.090 0.017 0.015 0.200 
   9   (0.035) 0.086 0.009 0.008 0.009 
  10   (0.034) 0.061 0.009 0.006 0.009 
  11   (0.059) 0.167 0.015 0.018 0.126 
  12   (0.045) 0.034 0.012 0.008 0.086 
  13   (0.051) 0.117 0.014 0.011 0.050 
  14   (0.055) 0.113 0.015 0.015 0.088 
  15   (0.036) 0.086 0.009 0.008 0.010 
  16   (0.059) 0.058 0.016 0.016 0.199 
  17   (0.032) 0.005 0.008 0.005 0.045 
  18   (0.026) 0.004 0.007 0.005 0.043 
  19   (0.028) 0.005 0.044 0.005 0.008 
  20   (0.035) 0.006 0.230 0.006 0.010 
  21   (0.035) 0.006 0.083 0.006 0.009 
  22   (0.032) 0.005 0.082 0.006 0.009 
  23   (0.032) 0.005 0.045 0.005 0.009 

Locus 86 : locus86 
20 alleles
0.0% missing data
   1   (0.093) 0.065 0.172 0.187 0.025 
   2   (0.097) 0.146 0.210 0.081 0.026 
   3   (0.035) 0.006 0.009 0.061 0.009 
   4   (0.066) 0.020 0.091 0.222 0.018 
   5   (0.039) 0.008 0.010 0.115 0.011 
   6   (0.054) 0.009 0.088 0.037 0.014 
   7   (0.036) 0.009 0.009 0.140 0.010 
   8   (0.052) 0.083 0.014 0.046 0.014 
   9   (0.061) 0.259 0.051 0.015 0.016 
  10   (0.098) 0.173 0.136 0.027 0.100 
  11   (0.038) 0.083 0.010 0.014 0.010 
  12   (0.061) 0.094 0.127 0.010 0.017 
  13   (0.039) 0.007 0.010 0.007 0.157 
  14   (0.036) 0.006 0.009 0.006 0.119 
  15   (0.032) 0.005 0.009 0.005 0.082 
  16   (0.038) 0.006 0.010 0.006 0.120 
  17   (0.035) 0.006 0.009 0.006 0.119 
  18   (0.031) 0.005 0.008 0.005 0.045 
  19   (0.032) 0.005 0.008 0.005 0.045 
  20   (0.030) 0.005 0.008 0.005 0.045 

Locus 87 : locus87 
16 alleles
0.0% missing data
   1   (0.078) 0.096 0.021 0.180 0.021 
   2   (0.053) 0.012 0.014 0.287 0.014 
   3   (0.038) 0.006 0.010 0.034 0.010 
   4   (0.044) 0.010 0.012 0.089 0.012 
   5   (0.052) 0.011 0.014 0.203 0.014 
   6   (0.039) 0.010 0.010 0.059 0.010 
   7   (0.059) 0.387 0.015 0.017 0.016 
   8   (0.098) 0.071 0.099 0.017 0.136 
   9   (0.074) 0.119 0.020 0.016 0.093 
  10   (0.097) 0.122 0.026 0.020 0.355 
  11   (0.091) 0.062 0.061 0.023 0.098 
  12   (0.080) 0.061 0.205 0.020 0.022 
  13   (0.043) 0.007 0.011 0.007 0.084 
  14   (0.061) 0.010 0.053 0.011 0.089 
  15   (0.047) 0.008 0.196 0.008 0.013 
  16   (0.047) 0.008 0.233 0.008 0.013 

Locus 88 : locus88 
22 alleles
0.0% missing data
   1   (0.037) 0.009 0.010 0.222 0.010 
   2   (0.033) 0.006 0.009 0.033 0.009 
   3   (0.037) 0.010 0.010 0.221 0.010 
   4   (0.034) 0.008 0.009 0.085 0.009 
   5   (0.032) 0.005 0.008 0.033 0.009 
   6   (0.029) 0.005 0.008 0.032 0.008 
   7   (0.032) 0.009 0.008 0.138 0.009 
   8   (0.033) 0.009 0.009 0.056 0.009 
   9   (0.029) 0.005 0.008 0.032 0.008 
  10   (0.032) 0.034 0.009 0.005 0.009 
  11   (0.056) 0.204 0.051 0.012 0.015 
  12   (0.124) 0.318 0.143 0.033 0.253 
  13   (0.075) 0.126 0.056 0.012 0.093 
  14   (0.092) 0.119 0.282 0.024 0.061 
  15   (0.047) 0.036 0.012 0.008 0.049 
  16   (0.072) 0.063 0.093 0.018 0.056 
  17   (0.038) 0.006 0.010 0.006 0.120 
  18   (0.030) 0.005 0.008 0.005 0.045 
  19   (0.034) 0.006 0.009 0.006 0.082 
  20   (0.036) 0.006 0.009 0.006 0.083 
  21   (0.030) 0.005 0.008 0.005 0.045 
  22   (0.038) 0.006 0.231 0.006 0.010 

Locus 89 : locus89 
23 alleles
0.0% missing data
   1   (0.051) 0.009 0.051 0.036 0.014 
   2   (0.031) 0.005 0.008 0.032 0.008 
   3   (0.038) 0.008 0.010 0.141 0.010 
   4   (0.059) 0.014 0.016 0.088 0.126 
   5   (0.044) 0.011 0.012 0.249 0.012 
   6   (0.050) 0.015 0.013 0.302 0.013 
   7   (0.061) 0.206 0.053 0.013 0.017 
   8   (0.032) 0.034 0.009 0.005 0.009 
   9   (0.071) 0.173 0.166 0.020 0.019 
  10   (0.044) 0.036 0.048 0.007 0.012 
  11   (0.037) 0.175 0.010 0.007 0.010 
  12   (0.055) 0.120 0.088 0.011 0.015 
  13   (0.050) 0.037 0.087 0.008 0.013 
  14   (0.075) 0.108 0.204 0.029 0.020 
  15   (0.041) 0.007 0.011 0.007 0.231 
  16   (0.039) 0.007 0.010 0.006 0.193 
  17   (0.027) 0.005 0.007 0.005 0.044 
  18   (0.034) 0.006 0.009 0.006 0.119 
  19   (0.029) 0.005 0.008 0.005 0.044 
  20   (0.034) 0.006 0.009 0.006 0.046 
  21   (0.035) 0.006 0.083 0.006 0.009 
  22   (0.031) 0.005 0.045 0.005 0.008 
  23   (0.031) 0.005 0.045 0.005 0.008 

Locus 90 : locus90 
24 alleles
0.0% missing data
   1   (0.057) 0.135 0.015 0.106 0.015 
   2   (0.055) 0.019 0.015 0.083 0.051 
   3   (0.033) 0.006 0.009 0.118 0.009 
   4   (0.027) 0.007 0.007 0.058 0.007 
   5   (0.033) 0.007 0.009 0.116 0.009 
   6   (0.057) 0.170 0.015 0.070 0.015 
   7   (0.075) 0.070 0.020 0.121 0.129 
   8   (0.044) 0.045 0.012 0.081 0.012 
   9   (0.046) 0.139 0.012 0.042 0.012 
  10   (0.090) 0.120 0.024 0.075 0.390 
  11   (0.061) 0.083 0.016 0.049 0.053 
  12   (0.051) 0.088 0.014 0.012 0.087 
  13   (0.048) 0.058 0.013 0.013 0.049 
  14   (0.027) 0.004 0.007 0.005 0.043 
  15   (0.027) 0.005 0.007 0.005 0.044 
  16   (0.036) 0.006 0.194 0.006 0.010 
  17   (0.030) 0.005 0.119 0.005 0.008 
  18   (0.027) 0.005 0.044 0.005 0.007 
  19   (0.030) 0.005 0.082 0.005 0.008 
  20   (0.031) 0.005 0.119 0.005 0.008 
  21   (0.030) 0.005 0.118 0.005 0.008 
  22   (0.029) 0.005 0.044 0.005 0.008 
  23   (0.027) 0.004 0.044 0.005 0.007 
  24   (0.027) 0.004 0.044 0.005 0.007 

Locus 91 : locus91 
17 alleles
0.0% missing data
   1   (0.087) 0.317 0.023 0.120 0.023 
   2   (0.063) 0.012 0.053 0.124 0.017 
   3   (0.071) 0.014 0.055 0.241 0.019 
   4   (0.073) 0.216 0.019 0.053 0.020 
   5   (0.078) 0.107 0.021 0.171 0.021 
   6   (0.069) 0.090 0.018 0.099 0.019 
   7   (0.064) 0.010 0.164 0.040 0.017 
   8   (0.035) 0.006 0.009 0.035 0.009 
   9   (0.060) 0.010 0.089 0.039 0.016 
  10   (0.049) 0.162 0.013 0.015 0.013 
  11   (0.044) 0.007 0.012 0.008 0.121 
  12   (0.073) 0.012 0.093 0.013 0.202 
  13   (0.047) 0.008 0.012 0.008 0.268 
  14   (0.063) 0.010 0.053 0.011 0.127 
  15   (0.038) 0.006 0.010 0.007 0.083 
  16   (0.044) 0.007 0.196 0.008 0.012 
  17   (0.042) 0.007 0.158 0.007 0.011 

Locus 92 : locus92 
18 alleles
0.0% missing data
   1   (0.100) 0.120 0.063 0.299 0.027 
   2   (0.102) 0.311 0.063 0.142 0.027 
   3   (0.133) 0.096 0.403 0.224 0.036 
   4   (0.042) 0.012 0.011 0.111 0.011 
   5   (0.041) 0.010 0.011 0.087 0.011 
   6   (0.060) 0.010 0.126 0.037 0.016 
   7   (0.066) 0.147 0.054 0.016 0.018 
   8   (0.039) 0.063 0.010 0.007 0.011 
   9   (0.035) 0.062 0.009 0.006 0.009 
  10   (0.071) 0.117 0.129 0.019 0.019 
  11   (0.047) 0.008 0.012 0.008 0.232 
  12   (0.046) 0.008 0.012 0.008 0.232 
  13   (0.035) 0.006 0.009 0.006 0.046 
  14   (0.036) 0.006 0.009 0.006 0.046 
  15   (0.037) 0.006 0.010 0.006 0.083 
  16   (0.039) 0.007 0.010 0.007 0.120 
  17   (0.036) 0.006 0.009 0.006 0.046 
  18   (0.036) 0.006 0.046 0.006 0.010 

Locus 93 : locus93 
21 alleles
0.0% missing data
   1   (0.060) 0.013 0.089 0.180 0.016 
   2   (0.064) 0.224 0.017 0.155 0.017 
   3   (0.056) 0.009 0.051 0.154 0.015 
   4   (0.051) 0.008 0.087 0.037 0.014 
   5   (0.041) 0.014 0.011 0.085 0.011 
   6   (0.033) 0.005 0.009 0.035 0.009 
   7   (0.063) 0.014 0.164 0.094 0.017 
   8   (0.059) 0.014 0.126 0.063 0.016 
   9   (0.048) 0.008 0.050 0.037 0.013 
  10   (0.060) 0.015 0.163 0.063 0.016 
  11   (0.043) 0.270 0.011 0.014 0.011 
  12   (0.036) 0.084 0.010 0.009 0.010 
  13   (0.056) 0.035 0.015 0.010 0.235 
  14   (0.052) 0.113 0.014 0.012 0.050 
  15   (0.051) 0.062 0.014 0.009 0.087 
  16   (0.053) 0.034 0.014 0.009 0.198 
  17   (0.036) 0.056 0.010 0.010 0.010 
  18   (0.036) 0.006 0.009 0.006 0.119 
  19   (0.037) 0.006 0.010 0.006 0.119 
  20   (0.030) 0.005 0.045 0.005 0.008 
  21   (0.035) 0.006 0.083 0.006 0.009 

Locus 94 : locus94 
19 alleles
0.0% missing data
   1   (0.058) 0.010 0.015 0.065 0.052 
   2   (0.056) 0.019 0.015 0.388 0.015 
   3   (0.046) 0.008 0.012 0.174 0.012 
   4   (0.074) 0.012 0.020 0.040 0.350 
   5   (0.059) 0.013 0.052 0.090 0.016 
   6   (0.073) 0.016 0.019 0.091 0.129 
   7   (0.059) 0.010 0.089 0.038 0.016 
   8   (0.052) 0.285 0.014 0.011 0.014 
   9   (0.050) 0.194 0.013 0.017 0.013 
  10   (0.037) 0.062 0.010 0.006 0.010 
  11   (0.050) 0.252 0.013 0.014 0.014 
  12   (0.055) 0.037 0.051 0.009 0.015 
  13   (0.039) 0.034 0.010 0.007 0.010 
  14   (0.067) 0.011 0.276 0.011 0.054 
  15   (0.066) 0.011 0.054 0.011 0.238 
  16   (0.043) 0.007 0.159 0.007 0.012 
  17   (0.041) 0.007 0.084 0.007 0.011 
  18   (0.035) 0.006 0.046 0.006 0.009 
  19   (0.039) 0.007 0.047 0.007 0.011 

Locus 95 : locus95 
28 alleles
0.0% missing data
   1   (0.038) 0.011 0.010 0.308 0.010 
   2   (0.064) 0.013 0.054 0.120 0.054 
   3   (0.052) 0.011 0.087 0.118 0.014 
   4   (0.051) 0.009 0.014 0.064 0.160 
   5   (0.029) 0.005 0.008 0.033 0.008 
   6   (0.052) 0.013 0.161 0.060 0.014 
   7   (0.028) 0.005 0.007 0.033 0.007 
   8   (0.049) 0.013 0.013 0.059 0.086 
   9   (0.024) 0.004 0.006 0.032 0.006 
  10   (0.049) 0.013 0.013 0.059 0.086 
  11   (0.034) 0.197 0.009 0.008 0.009 
  12   (0.035) 0.169 0.009 0.009 0.009 
  13   (0.035) 0.137 0.009 0.012 0.009 
  14   (0.028) 0.060 0.008 0.005 0.008 
  15   (0.030) 0.114 0.008 0.006 0.008 
  16   (0.028) 0.057 0.007 0.008 0.007 
  17   (0.029) 0.032 0.008 0.005 0.008 
  18   (0.028) 0.057 0.007 0.008 0.008 
  19   (0.030) 0.033 0.008 0.005 0.008 
  20   (0.047) 0.008 0.049 0.008 0.086 
  21   (0.032) 0.005 0.008 0.005 0.228 
  22   (0.030) 0.005 0.008 0.005 0.044 
  23   (0.028) 0.005 0.008 0.005 0.081 
  24   (0.033) 0.006 0.156 0.006 0.009 
  25   (0.032) 0.005 0.082 0.006 0.009 
  26   (0.031) 0.005 0.156 0.005 0.008 
  27   (0.028) 0.005 0.044 0.005 0.007 
  28   (0.027) 0.005 0.044 0.005 0.007 

Locus 96 : locus96 
21 alleles
0.0% missing data
   1   (0.064) 0.011 0.017 0.067 0.127 
   2   (0.042) 0.011 0.011 0.144 0.011 
   3   (0.045) 0.013 0.012 0.226 0.012 
   4   (0.076) 0.039 0.020 0.041 0.131 
   5   (0.066) 0.014 0.054 0.233 0.018 
   6   (0.079) 0.024 0.021 0.086 0.240 
   7   (0.038) 0.006 0.010 0.063 0.010 
   8   (0.059) 0.010 0.016 0.038 0.125 
   9   (0.084) 0.255 0.132 0.020 0.023 
  10   (0.050) 0.470 0.013 0.014 0.013 
  11   (0.041) 0.089 0.011 0.007 0.011 
  12   (0.032) 0.005 0.008 0.005 0.045 
  13   (0.032) 0.005 0.009 0.006 0.045 
  14   (0.040) 0.007 0.011 0.007 0.120 
  15   (0.046) 0.008 0.307 0.008 0.013 
  16   (0.036) 0.006 0.083 0.006 0.010 
  17   (0.035) 0.006 0.046 0.006 0.009 
  18   (0.033) 0.005 0.045 0.006 0.009 
  19   (0.036) 0.006 0.083 0.006 0.010 
  20   (0.031) 0.005 0.045 0.005 0.008 
  21   (0.035) 0.006 0.046 0.006 0.010 

Locus 97 : locus97 
20 alleles
0.0% missing data
   1   (0.055) 0.009 0.014 0.067 0.125 
   2   (0.083) 0.020 0.132 0.065 0.132 
   3   (0.098) 0.023 0.247 0.152 0.099 
   4   (0.056) 0.012 0.088 0.092 0.015 
   5   (0.100) 0.029 0.174 0.146 0.137 
   6   (0.049) 0.013 0.050 0.061 0.013 
   7   (0.082) 0.013 0.095 0.100 0.132 
   8   (0.033) 0.009 0.009 0.059 0.009 
   9   (0.033) 0.005 0.009 0.091 0.009 
  10   (0.051) 0.011 0.050 0.092 0.014 
  11   (0.041) 0.327 0.011 0.012 0.011 
  12   (0.043) 0.034 0.011 0.007 0.048 
  13   (0.039) 0.166 0.010 0.010 0.010 
  14   (0.033) 0.084 0.009 0.008 0.009 
  15   (0.040) 0.138 0.011 0.011 0.011 
  16   (0.028) 0.032 0.008 0.005 0.008 
  17   (0.030) 0.032 0.008 0.005 0.008 
  18   (0.027) 0.031 0.007 0.005 0.007 
  19   (0.030) 0.005 0.008 0.005 0.044 
  20   (0.051) 0.008 0.050 0.009 0.160 

Locus 98 : locus98 
20 alleles
0.0% missing data
   1   (0.061) 0.012 0.016 0.146 0.053 
   2   (0.058) 0.114 0.015 0.045 0.016 
   3   (0.061) 0.049 0.016 0.192 0.017 
   4   (0.056) 0.009 0.125 0.037 0.015 
   5   (0.042) 0.014 0.011 0.138 0.011 
   6   (0.062) 0.017 0.016 0.198 0.053 
   7   (0.049) 0.008 0.050 0.036 0.013 
   8   (0.076) 0.407 0.020 0.092 0.020 
   9   (0.039) 0.088 0.010 0.009 0.010 
  10   (0.038) 0.058 0.010 0.010 0.010 
  11   (0.087) 0.083 0.023 0.028 0.316 
  12   (0.056) 0.060 0.015 0.015 0.051 
  13   (0.059) 0.037 0.016 0.010 0.272 
  14   (0.034) 0.006 0.009 0.006 0.082 
  15   (0.043) 0.007 0.232 0.007 0.012 
  16   (0.038) 0.006 0.120 0.006 0.010 
  17   (0.036) 0.006 0.083 0.006 0.010 
  18   (0.032) 0.005 0.045 0.006 0.009 
  19   (0.042) 0.007 0.121 0.007 0.011 
  20   (0.032) 0.005 0.045 0.005 0.009 

Locus 99 : locus99 
13 alleles
0.0% missing data
   1   (0.105) 0.299 0.063 0.131 0.028 
   2   (0.121) 0.036 0.142 0.167 0.142 
   3   (0.070) 0.133 0.018 0.086 0.019 
   4   (0.081) 0.018 0.022 0.118 0.205 
   5   (0.092) 0.016 0.209 0.042 0.098 
   6   (0.121) 0.036 0.143 0.220 0.105 
   7   (0.082) 0.023 0.206 0.112 0.022 
   8   (0.085) 0.087 0.059 0.080 0.023 
   9   (0.045) 0.177 0.012 0.010 0.012 
  10   (0.042) 0.120 0.011 0.009 0.011 
  11   (0.035) 0.035 0.009 0.006 0.009 
  12   (0.069) 0.012 0.055 0.011 0.274 
  13   (0.052) 0.009 0.050 0.009 0.050 

Locus 100 : locus100 
18 alleles
0.0% missing data
   1   (0.035) 0.009 0.009 0.058 0.009 
   2   (0.093) 0.170 0.025 0.110 0.171 
   3   (0.073) 0.015 0.056 0.121 0.056 
   4   (0.101) 0.178 0.063 0.104 0.064 
   5   (0.037) 0.008 0.010 0.117 0.010 
   6   (0.069) 0.011 0.092 0.040 0.055 
   7   (0.056) 0.014 0.125 0.060 0.015 
   8   (0.041) 0.012 0.011 0.169 0.011 
   9   (0.031) 0.005 0.008 0.033 0.008 
  10   (0.036) 0.008 0.010 0.088 0.010 
  11   (0.088) 0.286 0.058 0.021 0.133 
  12   (0.101) 0.171 0.063 0.028 0.357 
  13   (0.059) 0.082 0.090 0.021 0.016 
  14   (0.047) 0.008 0.050 0.008 0.049 
  15   (0.033) 0.006 0.082 0.006 0.009 
  16   (0.034) 0.006 0.082 0.006 0.009 
  17   (0.033) 0.006 0.119 0.006 0.009 
  18   (0.032) 0.005 0.045 0.006 0.009 

Values of parameters used in structure:
DATAFILE=parentandhybrid2.str,	OUTFILE=parentandhybrid4Deme_1,	NUMINDS=50,	NUMLOCI=100,	MISSING=0,	LABEL=1,	POPDATA=0,	POPFLAG=0,	PHENOTYPE=0,	EXTRACOLS=0,	MAXPOPS=4,	BURNIN=200000,	NUMREPS=200000,	USEPOPINFO=0,	INFERALPHA=1,	INFERLAMBDA=0,	POPSPECIFICLAMBDA=0,	POPALPHAS=0,	COMPUTEPROB=1,	NOADMIX=0,	ADMBURNIN=500,	UPDATEFREQ=100,	PRINTLIKES=0,	INTERMEDSAVE=0,	PRINTKLD=0,	PRINTNET=1,	PRINTLAMBDA=1,	ANCESTDIST=0,	NUMBOXES=1000,	ANCESTPINT=0.90000,	GENSBACK=2,	MIGRPRIOR=0.01000,	PRINTQHAT=0,	PRINTQSUM=1,	ALPHA=1.0000,	FREQSCORR=1,	FPRIORMEAN=0.0100,	FPRIORSD=0.0500,	ONEFST=0,	LAMBDA=1.0000,	UNIFPRIORALPHA=1,	ALPHAMAX=10.0000,	ALPHAPRIORA=1.0000,	ALPHAPRIORB=2.0000,	ALPHAPROPSD=0.0250,	STARTATPOPINFO=0,	RANDOMIZE=1,	LINKAGE=0,	METROFREQ=10,	REPORTHITRATE=0,	MARKOVPHASE=0,	PHASED=0,	PLOIDY=2,	PHASEINFO=0	LOCPRIOR=0, 	LOCPRIORINIT=1.000000, 	LOCDATA=0, 	LOCISPOP=0, 	LOCPRIORSTEP=0.100000, 	MAXLOCPRIOR=20.000000, 	SEED=1658849762,	
[STRAT parameters]:    NUMSIMSTATS=1000,	PHENOTYPECOL=-9,	POOLFREQ=10,	LOCUSxONLY=0,	EMERROR=0.00100,	MISSINGPHENO=-9,	