

----------------------------------------------------
STRUCTURE by Pritchard, Stephens and Donnelly (2000)
     and Falush, Stephens and Pritchard (2003)
       Code by Pritchard, Falush and Hubisz
             Version 2.3.4 (Jul 2012)
----------------------------------------------------



Command line arguments:   /usr/local/bin/structure -i parentandhybrid7.str -m mainparams.txt -e extraparams.txt -K 4 -o parentandhybrid4Deme_3 
Input File:    parentandhybrid7.str

Run parameters:
   50 individuals
   100 loci
   4 populations assumed
   200000 Burn-in period
   200000 Reps


--------------------------------------------
Overall proportion of membership of the
sample in each of the 4 clusters

Inferred Clusters
  1      2      3      4    
0.200  0.200  0.300  0.300  

--------------------------------------------

Allele-freq. divergence among pops (Net nucleotide distance),
computed using point estimates of P.

      1       2       3       4      
 1      -    0.0794  0.0884  0.0878  
 2   0.0794     -    0.0992  0.0966  
 3   0.0884  0.0992     -    0.1009  
 4   0.0878  0.0966  0.1009     -    

Average distances (expected heterozygosity) between individuals in same cluster:
cluster  1  : 0.8716 
cluster  2  : 0.8634 
cluster  3  : 0.8419 
cluster  4  : 0.8497 

--------------------------------------------
Estimated Ln Prob of Data   = -23083.5
Mean value of ln likelihood = -21540.7
Variance of ln likelihood   = 3085.6
Mean value of alpha         = 0.0285

Mean value of Fst_1         = 0.1071
Mean value of Fst_2         = 0.1212
Mean value of Fst_3         = 0.1380
Mean value of Fst_4         = 0.1398


Inferred ancestry of individuals:
        Label (%Miss) :  Inferred clusters
  1       01    (0)   :  0.000 0.001 0.000 0.998 
  2       02    (0)   :  0.001 0.000 0.001 0.998 
  3       03    (0)   :  0.001 0.001 0.001 0.998 
  4       04    (0)   :  0.001 0.000 0.001 0.999 
  5       05    (0)   :  0.001 0.000 0.001 0.999 
  6       06    (0)   :  0.000 0.000 0.001 0.999 
  7       07    (0)   :  0.001 0.000 0.001 0.998 
  8       08    (0)   :  0.000 0.000 0.000 0.999 
  9       09    (0)   :  0.001 0.000 0.000 0.999 
 10       10    (0)   :  0.001 0.000 0.000 0.999 
 11       11    (0)   :  0.000 0.001 0.999 0.000 
 12       12    (0)   :  0.000 0.000 0.999 0.001 
 13       13    (0)   :  0.000 0.001 0.998 0.001 
 14       14    (0)   :  0.001 0.001 0.998 0.001 
 15       15    (0)   :  0.001 0.001 0.998 0.001 
 16       16    (0)   :  0.001 0.001 0.998 0.001 
 17       17    (0)   :  0.001 0.000 0.998 0.000 
 18       18    (0)   :  0.000 0.001 0.998 0.000 
 19       19    (0)   :  0.001 0.001 0.998 0.001 
 20       20    (0)   :  0.001 0.002 0.997 0.001 
 21      h01    (0)   :  0.000 0.000 0.462 0.538 
 22      h02    (0)   :  0.000 0.000 0.528 0.471 
 23      h03    (0)   :  0.000 0.000 0.514 0.485 
 24      h04    (0)   :  0.000 0.000 0.490 0.509 
 25      h05    (0)   :  0.000 0.000 0.501 0.499 
 26      h06    (0)   :  0.000 0.000 0.496 0.504 
 27      h07    (0)   :  0.000 0.000 0.502 0.498 
 28      h08    (0)   :  0.000 0.000 0.496 0.504 
 29      h09    (0)   :  0.000 0.000 0.493 0.506 
 30      h10    (0)   :  0.000 0.000 0.516 0.484 
 31       21    (0)   :  0.001 0.999 0.001 0.000 
 32       22    (0)   :  0.001 0.998 0.000 0.001 
 33       23    (0)   :  0.000 0.999 0.000 0.000 
 34       24    (0)   :  0.001 0.998 0.000 0.000 
 35       25    (0)   :  0.001 0.998 0.001 0.000 
 36       26    (0)   :  0.000 0.999 0.000 0.000 
 37       27    (0)   :  0.001 0.999 0.000 0.001 
 38       28    (0)   :  0.000 0.999 0.000 0.000 
 39       29    (0)   :  0.000 0.999 0.000 0.000 
 40       30    (0)   :  0.000 0.999 0.000 0.000 
 41       31    (0)   :  0.998 0.001 0.001 0.000 
 42       32    (0)   :  0.998 0.001 0.001 0.001 
 43       33    (0)   :  0.999 0.000 0.000 0.000 
 44       34    (0)   :  0.998 0.001 0.000 0.001 
 45       35    (0)   :  0.999 0.000 0.001 0.000 
 46       36    (0)   :  0.998 0.000 0.000 0.001 
 47       37    (0)   :  0.999 0.000 0.000 0.000 
 48       38    (0)   :  0.997 0.002 0.001 0.000 
 49       39    (0)   :  0.999 0.000 0.000 0.000 
 50       40    (0)   :  0.999 0.001 0.001 0.000 


Estimated Allele Frequencies in each cluster
First column gives estimated ancestral frequencies


Locus 1 : locus1 
13 alleles
0.0% missing data
   1   (0.076) 0.022 0.167 0.017 0.093 
   2   (0.111) 0.033 0.213 0.070 0.162 
   3   (0.133) 0.074 0.072 0.138 0.297 
   4   (0.048) 0.014 0.013 0.011 0.259 
   5   (0.106) 0.066 0.065 0.099 0.075 
   6   (0.042) 0.012 0.011 0.086 0.010 
   7   (0.104) 0.066 0.064 0.329 0.032 
   8   (0.111) 0.280 0.103 0.073 0.019 
   9   (0.068) 0.055 0.018 0.142 0.017 
  10   (0.034) 0.010 0.046 0.006 0.006 
  11   (0.058) 0.052 0.089 0.010 0.010 
  12   (0.062) 0.053 0.127 0.011 0.011 
  13   (0.048) 0.261 0.013 0.008 0.008 

Locus 2 : locus2 
22 alleles
0.0% missing data
   1   (0.040) 0.012 0.011 0.011 0.194 
   2   (0.036) 0.011 0.010 0.010 0.057 
   3   (0.042) 0.012 0.011 0.014 0.219 
   4   (0.040) 0.012 0.011 0.012 0.112 
   5   (0.040) 0.012 0.011 0.007 0.171 
   6   (0.035) 0.010 0.009 0.006 0.088 
   7   (0.069) 0.020 0.092 0.171 0.020 
   8   (0.033) 0.010 0.009 0.034 0.006 
   9   (0.039) 0.012 0.010 0.117 0.008 
  10   (0.042) 0.012 0.011 0.147 0.007 
  11   (0.055) 0.016 0.125 0.037 0.009 
  12   (0.071) 0.021 0.129 0.147 0.017 
  13   (0.040) 0.012 0.011 0.083 0.014 
  14   (0.075) 0.022 0.203 0.117 0.020 
  15   (0.045) 0.013 0.049 0.036 0.008 
  16   (0.035) 0.010 0.120 0.006 0.006 
  17   (0.068) 0.302 0.091 0.012 0.011 
  18   (0.062) 0.195 0.053 0.011 0.010 
  19   (0.030) 0.044 0.008 0.005 0.005 
  20   (0.031) 0.044 0.008 0.005 0.005 
  21   (0.039) 0.153 0.010 0.007 0.007 
  22   (0.032) 0.045 0.008 0.006 0.005 

Locus 3 : locus3 
18 alleles
0.0% missing data
   1   (0.036) 0.011 0.010 0.009 0.087 
   2   (0.065) 0.019 0.127 0.013 0.148 
   3   (0.035) 0.010 0.009 0.006 0.062 
   4   (0.032) 0.009 0.009 0.005 0.061 
   5   (0.081) 0.024 0.131 0.026 0.252 
   6   (0.072) 0.021 0.166 0.023 0.084 
   7   (0.032) 0.009 0.009 0.005 0.033 
   8   (0.049) 0.014 0.050 0.008 0.036 
   9   (0.032) 0.009 0.008 0.005 0.033 
  10   (0.033) 0.010 0.009 0.006 0.034 
  11   (0.038) 0.011 0.010 0.010 0.058 
  12   (0.114) 0.492 0.067 0.153 0.023 
  13   (0.041) 0.012 0.011 0.112 0.012 
  14   (0.072) 0.021 0.056 0.279 0.020 
  15   (0.071) 0.091 0.019 0.144 0.018 
  16   (0.092) 0.098 0.135 0.126 0.016 
  17   (0.035) 0.010 0.009 0.057 0.010 
  18   (0.071) 0.126 0.166 0.012 0.012 

Locus 4 : locus4 
17 alleles
0.0% missing data
   1   (0.038) 0.011 0.010 0.006 0.090 
   2   (0.047) 0.014 0.013 0.012 0.308 
   3   (0.042) 0.012 0.011 0.008 0.200 
   4   (0.039) 0.012 0.010 0.011 0.058 
   5   (0.095) 0.063 0.209 0.030 0.085 
   6   (0.037) 0.011 0.010 0.010 0.058 
   7   (0.037) 0.011 0.010 0.011 0.057 
   8   (0.040) 0.012 0.011 0.113 0.011 
   9   (0.111) 0.209 0.103 0.154 0.022 
  10   (0.072) 0.197 0.019 0.067 0.012 
  11   (0.064) 0.019 0.054 0.172 0.015 
  12   (0.117) 0.211 0.141 0.178 0.028 
  13   (0.089) 0.062 0.097 0.146 0.022 
  14   (0.036) 0.011 0.010 0.057 0.010 
  15   (0.038) 0.011 0.120 0.007 0.006 
  16   (0.039) 0.012 0.120 0.007 0.007 
  17   (0.057) 0.123 0.052 0.010 0.010 

Locus 5 : locus5 
16 alleles
0.0% missing data
   1   (0.108) 0.067 0.065 0.096 0.162 
   2   (0.136) 0.181 0.073 0.153 0.143 
   3   (0.076) 0.022 0.020 0.205 0.153 
   4   (0.131) 0.074 0.108 0.121 0.361 
   5   (0.129) 0.285 0.034 0.239 0.111 
   6   (0.033) 0.010 0.009 0.034 0.006 
   7   (0.037) 0.011 0.010 0.063 0.006 
   8   (0.055) 0.087 0.015 0.037 0.009 
   9   (0.045) 0.013 0.342 0.008 0.008 
  10   (0.038) 0.011 0.120 0.007 0.006 
  11   (0.033) 0.010 0.046 0.006 0.006 
  12   (0.037) 0.011 0.083 0.007 0.006 
  13   (0.033) 0.010 0.045 0.006 0.006 
  14   (0.034) 0.045 0.009 0.006 0.006 
  15   (0.036) 0.081 0.010 0.006 0.006 
  16   (0.038) 0.081 0.010 0.007 0.006 

Locus 6 : locus6 
20 alleles
0.0% missing data
   1   (0.102) 0.242 0.027 0.096 0.132 
   2   (0.065) 0.054 0.017 0.015 0.339 
   3   (0.060) 0.053 0.016 0.016 0.197 
   4   (0.079) 0.094 0.021 0.051 0.086 
   5   (0.061) 0.018 0.090 0.018 0.112 
   6   (0.040) 0.012 0.011 0.172 0.008 
   7   (0.032) 0.009 0.009 0.033 0.005 
   8   (0.096) 0.134 0.099 0.123 0.021 
   9   (0.041) 0.012 0.011 0.113 0.012 
  10   (0.041) 0.012 0.011 0.142 0.011 
  11   (0.029) 0.009 0.008 0.033 0.005 
  12   (0.040) 0.012 0.011 0.082 0.014 
  13   (0.036) 0.011 0.010 0.058 0.010 
  14   (0.037) 0.011 0.194 0.006 0.006 
  15   (0.038) 0.011 0.120 0.007 0.007 
  16   (0.057) 0.123 0.052 0.010 0.010 
  17   (0.038) 0.011 0.193 0.007 0.006 
  18   (0.036) 0.011 0.083 0.006 0.006 
  19   (0.038) 0.117 0.010 0.007 0.006 
  20   (0.033) 0.045 0.009 0.006 0.006 

Locus 7 : locus7 
17 alleles
0.0% missing data
   1   (0.061) 0.018 0.164 0.010 0.038 
   2   (0.073) 0.021 0.019 0.095 0.179 
   3   (0.045) 0.013 0.012 0.011 0.173 
   4   (0.062) 0.018 0.127 0.011 0.067 
   5   (0.061) 0.018 0.053 0.013 0.120 
   6   (0.045) 0.013 0.012 0.011 0.173 
   7   (0.062) 0.018 0.053 0.017 0.116 
   8   (0.079) 0.199 0.021 0.120 0.017 
   9   (0.083) 0.130 0.022 0.197 0.022 
  10   (0.078) 0.093 0.021 0.167 0.023 
  11   (0.060) 0.052 0.016 0.092 0.010 
  12   (0.096) 0.346 0.026 0.145 0.024 
  13   (0.041) 0.012 0.011 0.086 0.010 
  14   (0.045) 0.013 0.232 0.008 0.008 
  15   (0.038) 0.011 0.083 0.007 0.007 
  16   (0.039) 0.012 0.083 0.007 0.007 
  17   (0.033) 0.010 0.046 0.006 0.006 

Locus 8 : locus8 
24 alleles
0.0% missing data
   1   (0.065) 0.090 0.128 0.012 0.037 
   2   (0.056) 0.017 0.161 0.016 0.057 
   3   (0.033) 0.010 0.009 0.009 0.164 
   4   (0.034) 0.010 0.009 0.008 0.191 
   5   (0.051) 0.086 0.014 0.009 0.089 
   6   (0.077) 0.023 0.240 0.053 0.082 
   7   (0.083) 0.024 0.095 0.097 0.149 
   8   (0.046) 0.049 0.012 0.014 0.056 
   9   (0.051) 0.015 0.050 0.021 0.078 
  10   (0.032) 0.010 0.009 0.063 0.005 
  11   (0.038) 0.011 0.010 0.117 0.011 
  12   (0.031) 0.009 0.008 0.091 0.005 
  13   (0.035) 0.010 0.009 0.121 0.006 
  14   (0.034) 0.010 0.009 0.059 0.009 
  15   (0.035) 0.010 0.009 0.116 0.010 
  16   (0.029) 0.009 0.008 0.034 0.005 
  17   (0.035) 0.010 0.009 0.090 0.008 
  18   (0.051) 0.015 0.161 0.037 0.008 
  19   (0.034) 0.116 0.009 0.006 0.006 
  20   (0.031) 0.115 0.008 0.006 0.005 
  21   (0.025) 0.043 0.007 0.005 0.004 
  22   (0.038) 0.187 0.010 0.007 0.006 
  23   (0.030) 0.079 0.008 0.005 0.005 
  24   (0.026) 0.043 0.007 0.005 0.004 

Locus 9 : locus9 
17 alleles
0.0% missing data
   1   (0.038) 0.011 0.010 0.011 0.112 
   2   (0.080) 0.024 0.058 0.114 0.080 
   3   (0.059) 0.017 0.016 0.062 0.151 
   4   (0.045) 0.013 0.012 0.012 0.279 
   5   (0.064) 0.019 0.017 0.089 0.126 
   6   (0.062) 0.018 0.017 0.066 0.121 
   7   (0.049) 0.015 0.050 0.036 0.008 
   8   (0.143) 0.219 0.148 0.425 0.040 
   9   (0.033) 0.010 0.009 0.033 0.006 
  10   (0.073) 0.092 0.056 0.040 0.012 
  11   (0.060) 0.018 0.090 0.061 0.015 
  12   (0.064) 0.089 0.164 0.011 0.011 
  13   (0.053) 0.086 0.051 0.009 0.009 
  14   (0.062) 0.160 0.090 0.011 0.011 
  15   (0.039) 0.012 0.194 0.007 0.007 
  16   (0.037) 0.116 0.010 0.006 0.006 
  17   (0.036) 0.081 0.010 0.006 0.006 

Locus 10 : locus10 
15 alleles
0.0% missing data
   1   (0.115) 0.034 0.141 0.114 0.316 
   2   (0.099) 0.029 0.136 0.058 0.257 
   3   (0.071) 0.091 0.019 0.020 0.174 
   4   (0.054) 0.016 0.051 0.014 0.061 
   5   (0.039) 0.012 0.011 0.011 0.059 
   6   (0.048) 0.014 0.013 0.353 0.014 
   7   (0.082) 0.060 0.095 0.090 0.020 
   8   (0.086) 0.061 0.096 0.119 0.019 
   9   (0.081) 0.094 0.058 0.061 0.021 
  10   (0.049) 0.014 0.050 0.035 0.008 
  11   (0.056) 0.017 0.052 0.087 0.013 
  12   (0.073) 0.304 0.093 0.012 0.013 
  13   (0.056) 0.052 0.125 0.009 0.010 
  14   (0.048) 0.049 0.049 0.008 0.008 
  15   (0.041) 0.153 0.011 0.007 0.007 

Locus 11 : locus11 
19 alleles
0.0% missing data
   1   (0.118) 0.035 0.141 0.205 0.221 
   2   (0.063) 0.019 0.127 0.011 0.097 
   3   (0.073) 0.022 0.130 0.016 0.208 
   4   (0.091) 0.027 0.098 0.087 0.167 
   5   (0.102) 0.030 0.174 0.188 0.092 
   6   (0.066) 0.019 0.128 0.014 0.094 
   7   (0.048) 0.014 0.049 0.008 0.037 
   8   (0.039) 0.012 0.010 0.273 0.010 
   9   (0.035) 0.010 0.009 0.060 0.006 
  10   (0.052) 0.015 0.050 0.057 0.015 
  11   (0.031) 0.009 0.008 0.032 0.006 
  12   (0.036) 0.081 0.010 0.006 0.006 
  13   (0.040) 0.189 0.011 0.007 0.007 
  14   (0.039) 0.152 0.010 0.007 0.007 
  15   (0.032) 0.045 0.009 0.005 0.006 
  16   (0.035) 0.081 0.009 0.006 0.006 
  17   (0.038) 0.152 0.010 0.006 0.007 
  18   (0.031) 0.044 0.008 0.005 0.005 
  19   (0.030) 0.044 0.008 0.005 0.005 

Locus 12 : locus12 
27 alleles
0.0% missing data
   1   (0.036) 0.011 0.010 0.008 0.144 
   2   (0.051) 0.015 0.050 0.012 0.089 
   3   (0.037) 0.011 0.010 0.010 0.113 
   4   (0.051) 0.050 0.014 0.014 0.059 
   5   (0.037) 0.011 0.010 0.009 0.087 
   6   (0.029) 0.008 0.008 0.005 0.061 
   7   (0.040) 0.012 0.011 0.009 0.199 
   8   (0.036) 0.011 0.010 0.011 0.112 
   9   (0.037) 0.011 0.010 0.111 0.011 
  10   (0.045) 0.013 0.012 0.307 0.010 
  11   (0.037) 0.011 0.010 0.086 0.009 
  12   (0.041) 0.012 0.011 0.169 0.010 
  13   (0.044) 0.048 0.012 0.035 0.008 
  14   (0.039) 0.012 0.010 0.111 0.012 
  15   (0.034) 0.010 0.009 0.033 0.006 
  16   (0.034) 0.010 0.302 0.006 0.006 
  17   (0.032) 0.010 0.119 0.006 0.006 
  18   (0.033) 0.010 0.119 0.006 0.006 
  19   (0.036) 0.011 0.156 0.006 0.006 
  20   (0.032) 0.010 0.045 0.006 0.006 
  21   (0.036) 0.116 0.010 0.006 0.006 
  22   (0.033) 0.116 0.009 0.006 0.006 
  23   (0.030) 0.044 0.008 0.005 0.005 
  24   (0.035) 0.116 0.009 0.006 0.006 
  25   (0.033) 0.115 0.009 0.006 0.006 
  26   (0.032) 0.044 0.008 0.005 0.005 
  27   (0.039) 0.152 0.010 0.007 0.007 

Locus 13 : locus13 
20 alleles
0.0% missing data
   1   (0.085) 0.060 0.023 0.110 0.256 
   2   (0.048) 0.085 0.013 0.008 0.037 
   3   (0.104) 0.137 0.028 0.289 0.127 
   4   (0.058) 0.088 0.015 0.013 0.093 
   5   (0.057) 0.017 0.015 0.146 0.063 
   6   (0.063) 0.019 0.127 0.021 0.085 
   7   (0.036) 0.011 0.010 0.008 0.119 
   8   (0.046) 0.014 0.049 0.008 0.037 
   9   (0.055) 0.016 0.088 0.012 0.092 
  10   (0.033) 0.010 0.009 0.059 0.006 
  11   (0.061) 0.089 0.016 0.167 0.015 
  12   (0.059) 0.088 0.016 0.110 0.017 
  13   (0.063) 0.089 0.274 0.011 0.011 
  14   (0.035) 0.010 0.119 0.006 0.006 
  15   (0.035) 0.010 0.083 0.006 0.006 
  16   (0.033) 0.010 0.082 0.006 0.006 
  17   (0.035) 0.081 0.009 0.006 0.006 
  18   (0.033) 0.080 0.009 0.006 0.006 
  19   (0.031) 0.044 0.008 0.005 0.005 
  20   (0.031) 0.044 0.008 0.005 0.005 

Locus 14 : locus14 
17 alleles
0.0% missing data
   1   (0.066) 0.019 0.018 0.053 0.245 
   2   (0.169) 0.191 0.302 0.174 0.105 
   3   (0.043) 0.013 0.012 0.017 0.080 
   4   (0.039) 0.011 0.010 0.009 0.086 
   5   (0.070) 0.021 0.019 0.279 0.051 
   6   (0.064) 0.019 0.017 0.095 0.093 
   7   (0.085) 0.025 0.059 0.058 0.246 
   8   (0.064) 0.019 0.054 0.174 0.015 
   9   (0.073) 0.127 0.020 0.084 0.024 
  10   (0.035) 0.010 0.046 0.006 0.006 
  11   (0.049) 0.050 0.050 0.009 0.008 
  12   (0.038) 0.011 0.120 0.007 0.006 
  13   (0.034) 0.010 0.046 0.006 0.006 
  14   (0.038) 0.011 0.120 0.007 0.006 
  15   (0.037) 0.011 0.083 0.006 0.006 
  16   (0.050) 0.261 0.013 0.009 0.008 
  17   (0.047) 0.190 0.012 0.008 0.008 

Locus 15 : locus15 
15 alleles
0.0% missing data
   1   (0.084) 0.025 0.242 0.019 0.178 
   2   (0.067) 0.020 0.054 0.013 0.179 
   3   (0.086) 0.061 0.023 0.096 0.099 
   4   (0.112) 0.139 0.140 0.022 0.157 
   5   (0.111) 0.209 0.066 0.025 0.182 
   6   (0.073) 0.022 0.093 0.030 0.106 
   7   (0.051) 0.015 0.014 0.358 0.012 
   8   (0.049) 0.014 0.013 0.193 0.014 
   9   (0.066) 0.090 0.017 0.089 0.015 
  10   (0.062) 0.054 0.017 0.088 0.015 
  11   (0.080) 0.130 0.058 0.041 0.014 
  12   (0.043) 0.013 0.195 0.007 0.007 
  13   (0.035) 0.010 0.046 0.006 0.006 
  14   (0.041) 0.118 0.011 0.007 0.007 
  15   (0.041) 0.082 0.011 0.007 0.007 

Locus 16 : locus16 
14 alleles
0.0% missing data
   1   (0.050) 0.015 0.013 0.011 0.342 
   2   (0.039) 0.012 0.010 0.007 0.063 
   3   (0.077) 0.023 0.057 0.068 0.041 
   4   (0.129) 0.073 0.071 0.225 0.149 
   5   (0.088) 0.132 0.023 0.024 0.258 
   6   (0.146) 0.184 0.259 0.143 0.043 
   7   (0.071) 0.091 0.019 0.122 0.012 
   8   (0.046) 0.014 0.012 0.080 0.018 
   9   (0.083) 0.130 0.022 0.168 0.024 
  10   (0.078) 0.164 0.021 0.120 0.017 
  11   (0.040) 0.012 0.121 0.007 0.007 
  12   (0.043) 0.013 0.195 0.007 0.007 
  13   (0.040) 0.012 0.084 0.007 0.007 
  14   (0.070) 0.126 0.092 0.012 0.012 

Locus 17 : locus17 
24 alleles
0.0% missing data
   1   (0.067) 0.020 0.018 0.218 0.244 
   2   (0.056) 0.016 0.088 0.015 0.058 
   3   (0.035) 0.010 0.009 0.010 0.056 
   4   (0.037) 0.011 0.010 0.009 0.274 
   5   (0.036) 0.011 0.010 0.008 0.112 
   6   (0.030) 0.009 0.008 0.005 0.032 
   7   (0.051) 0.015 0.014 0.057 0.098 
   8   (0.036) 0.011 0.010 0.232 0.008 
   9   (0.032) 0.010 0.009 0.062 0.005 
  10   (0.047) 0.014 0.086 0.037 0.008 
  11   (0.030) 0.009 0.008 0.034 0.005 
  12   (0.056) 0.016 0.125 0.092 0.012 
  13   (0.057) 0.017 0.162 0.061 0.015 
  14   (0.035) 0.010 0.009 0.089 0.008 
  15   (0.056) 0.087 0.125 0.010 0.009 
  16   (0.044) 0.048 0.085 0.008 0.007 
  17   (0.057) 0.194 0.052 0.010 0.010 
  18   (0.047) 0.049 0.086 0.008 0.008 
  19   (0.041) 0.047 0.047 0.007 0.007 
  20   (0.033) 0.080 0.009 0.006 0.005 
  21   (0.028) 0.043 0.008 0.005 0.005 
  22   (0.035) 0.187 0.009 0.006 0.006 
  23   (0.026) 0.043 0.007 0.005 0.004 
  24   (0.028) 0.043 0.008 0.005 0.005 

Locus 18 : locus18 
21 alleles
0.0% missing data
   1   (0.072) 0.127 0.019 0.017 0.367 
   2   (0.053) 0.086 0.014 0.009 0.037 
   3   (0.066) 0.160 0.018 0.014 0.118 
   4   (0.051) 0.086 0.014 0.009 0.036 
   5   (0.062) 0.053 0.017 0.021 0.249 
   6   (0.056) 0.122 0.015 0.010 0.065 
   7   (0.049) 0.015 0.087 0.036 0.008 
   8   (0.081) 0.024 0.132 0.335 0.025 
   9   (0.036) 0.011 0.010 0.170 0.008 
  10   (0.070) 0.021 0.238 0.120 0.015 
  11   (0.033) 0.010 0.009 0.033 0.006 
  12   (0.050) 0.015 0.050 0.064 0.009 
  13   (0.056) 0.016 0.088 0.089 0.013 
  14   (0.052) 0.015 0.124 0.036 0.009 
  15   (0.030) 0.009 0.045 0.005 0.005 
  16   (0.031) 0.009 0.045 0.005 0.005 
  17   (0.032) 0.009 0.045 0.006 0.005 
  18   (0.030) 0.044 0.008 0.005 0.005 
  19   (0.027) 0.043 0.007 0.005 0.005 
  20   (0.034) 0.080 0.009 0.006 0.006 
  21   (0.030) 0.044 0.008 0.005 0.005 

Locus 19 : locus19 
15 alleles
0.0% missing data
   1   (0.101) 0.030 0.137 0.059 0.304 
   2   (0.054) 0.016 0.088 0.010 0.036 
   3   (0.062) 0.018 0.053 0.022 0.081 
   4   (0.117) 0.140 0.068 0.061 0.199 
   5   (0.054) 0.016 0.014 0.051 0.050 
   6   (0.140) 0.183 0.074 0.247 0.159 
   7   (0.041) 0.012 0.011 0.016 0.080 
   8   (0.069) 0.090 0.018 0.209 0.012 
   9   (0.120) 0.388 0.068 0.177 0.032 
  10   (0.062) 0.053 0.017 0.116 0.017 
  11   (0.034) 0.010 0.046 0.006 0.006 
  12   (0.039) 0.012 0.120 0.007 0.007 
  13   (0.038) 0.011 0.157 0.007 0.006 
  14   (0.036) 0.011 0.083 0.006 0.006 
  15   (0.032) 0.009 0.045 0.006 0.005 

Locus 20 : locus20 
26 alleles
0.0% missing data
   1   (0.035) 0.010 0.009 0.008 0.176 
   2   (0.054) 0.016 0.014 0.036 0.096 
   3   (0.071) 0.021 0.019 0.255 0.179 
   4   (0.031) 0.009 0.008 0.005 0.063 
   5   (0.031) 0.009 0.008 0.005 0.034 
   6   (0.034) 0.010 0.009 0.009 0.059 
   7   (0.031) 0.009 0.008 0.005 0.034 
   8   (0.054) 0.016 0.015 0.050 0.224 
   9   (0.042) 0.012 0.011 0.189 0.012 
  10   (0.035) 0.010 0.009 0.165 0.007 
  11   (0.030) 0.009 0.008 0.110 0.007 
  12   (0.040) 0.012 0.011 0.077 0.017 
  13   (0.038) 0.011 0.340 0.006 0.007 
  14   (0.032) 0.009 0.082 0.005 0.006 
  15   (0.027) 0.008 0.044 0.004 0.005 
  16   (0.049) 0.085 0.050 0.008 0.009 
  17   (0.052) 0.156 0.050 0.009 0.009 
  18   (0.050) 0.050 0.087 0.008 0.009 
  19   (0.032) 0.009 0.045 0.005 0.006 
  20   (0.034) 0.010 0.082 0.006 0.006 
  21   (0.029) 0.009 0.045 0.005 0.005 
  22   (0.035) 0.081 0.009 0.006 0.006 
  23   (0.041) 0.223 0.011 0.007 0.007 
  24   (0.035) 0.116 0.009 0.006 0.006 
  25   (0.031) 0.044 0.008 0.005 0.005 
  26   (0.029) 0.044 0.008 0.005 0.005 

Locus 21 : locus21 
23 alleles
0.0% missing data
   1   (0.039) 0.012 0.010 0.008 0.143 
   2   (0.039) 0.012 0.010 0.012 0.223 
   3   (0.032) 0.009 0.008 0.009 0.058 
   4   (0.056) 0.016 0.088 0.010 0.093 
   5   (0.088) 0.273 0.024 0.084 0.084 
   6   (0.086) 0.166 0.023 0.166 0.057 
   7   (0.034) 0.010 0.009 0.008 0.087 
   8   (0.055) 0.016 0.015 0.163 0.049 
   9   (0.035) 0.010 0.009 0.010 0.058 
  10   (0.079) 0.058 0.021 0.293 0.065 
  11   (0.033) 0.010 0.009 0.057 0.009 
  12   (0.052) 0.050 0.014 0.089 0.012 
  13   (0.049) 0.085 0.013 0.036 0.008 
  14   (0.039) 0.011 0.194 0.007 0.007 
  15   (0.035) 0.010 0.083 0.006 0.006 
  16   (0.035) 0.010 0.193 0.006 0.006 
  17   (0.029) 0.008 0.081 0.005 0.005 
  18   (0.032) 0.009 0.082 0.006 0.005 
  19   (0.030) 0.009 0.045 0.005 0.005 
  20   (0.029) 0.009 0.044 0.005 0.005 
  21   (0.036) 0.081 0.010 0.006 0.006 
  22   (0.030) 0.079 0.008 0.005 0.005 
  23   (0.028) 0.043 0.008 0.005 0.005 

Locus 22 : locus22 
19 alleles
0.0% missing data
   1   (0.038) 0.011 0.010 0.008 0.141 
   2   (0.056) 0.017 0.015 0.137 0.050 
   3   (0.059) 0.017 0.016 0.069 0.115 
   4   (0.060) 0.018 0.016 0.092 0.121 
   5   (0.038) 0.011 0.010 0.010 0.138 
   6   (0.041) 0.012 0.011 0.013 0.110 
   7   (0.036) 0.011 0.010 0.009 0.085 
   8   (0.119) 0.212 0.068 0.165 0.071 
   9   (0.049) 0.015 0.013 0.065 0.035 
  10   (0.109) 0.102 0.102 0.144 0.061 
  11   (0.056) 0.052 0.015 0.091 0.013 
  12   (0.056) 0.017 0.162 0.061 0.014 
  13   (0.064) 0.266 0.017 0.039 0.011 
  14   (0.033) 0.010 0.009 0.063 0.006 
  15   (0.038) 0.011 0.230 0.007 0.006 
  16   (0.034) 0.010 0.156 0.006 0.006 
  17   (0.037) 0.011 0.120 0.007 0.006 
  18   (0.039) 0.117 0.010 0.007 0.007 
  19   (0.036) 0.081 0.009 0.006 0.006 

Locus 23 : locus23 
26 alleles
0.0% missing data
   1   (0.054) 0.087 0.014 0.011 0.174 
   2   (0.055) 0.016 0.015 0.156 0.111 
   3   (0.075) 0.093 0.020 0.082 0.082 
   4   (0.031) 0.009 0.008 0.009 0.057 
   5   (0.079) 0.058 0.021 0.098 0.177 
   6   (0.033) 0.010 0.009 0.010 0.057 
   7   (0.047) 0.014 0.013 0.092 0.090 
   8   (0.067) 0.055 0.018 0.094 0.094 
   9   (0.047) 0.014 0.012 0.064 0.062 
  10   (0.029) 0.009 0.008 0.060 0.005 
  11   (0.028) 0.008 0.008 0.032 0.005 
  12   (0.034) 0.010 0.009 0.089 0.006 
  13   (0.034) 0.010 0.009 0.137 0.013 
  14   (0.034) 0.010 0.229 0.006 0.006 
  15   (0.032) 0.009 0.082 0.005 0.005 
  16   (0.028) 0.008 0.081 0.005 0.005 
  17   (0.034) 0.010 0.266 0.006 0.006 
  18   (0.027) 0.008 0.080 0.005 0.005 
  19   (0.027) 0.008 0.044 0.005 0.005 
  20   (0.027) 0.043 0.007 0.005 0.005 
  21   (0.034) 0.151 0.009 0.006 0.006 
  22   (0.034) 0.151 0.009 0.006 0.006 
  23   (0.027) 0.043 0.007 0.005 0.005 
  24   (0.026) 0.078 0.007 0.005 0.005 
  25   (0.027) 0.043 0.007 0.005 0.005 
  26   (0.029) 0.044 0.008 0.005 0.005 

Locus 24 : locus24 
17 alleles
0.0% missing data
   1   (0.080) 0.024 0.205 0.056 0.053 
   2   (0.069) 0.020 0.018 0.304 0.083 
   3   (0.048) 0.014 0.049 0.008 0.035 
   4   (0.054) 0.016 0.051 0.015 0.058 
   5   (0.075) 0.022 0.057 0.057 0.133 
   6   (0.075) 0.022 0.130 0.056 0.053 
   7   (0.064) 0.160 0.017 0.017 0.059 
   8   (0.072) 0.127 0.019 0.041 0.039 
   9   (0.044) 0.013 0.012 0.012 0.220 
  10   (0.070) 0.021 0.092 0.020 0.195 
  11   (0.040) 0.012 0.011 0.174 0.009 
  12   (0.042) 0.012 0.011 0.115 0.012 
  13   (0.063) 0.124 0.017 0.062 0.016 
  14   (0.068) 0.055 0.092 0.040 0.012 
  15   (0.036) 0.011 0.083 0.006 0.006 
  16   (0.063) 0.159 0.126 0.011 0.010 
  17   (0.039) 0.188 0.010 0.007 0.007 

Locus 25 : locus25 
14 alleles
0.0% missing data
   1   (0.111) 0.139 0.030 0.080 0.370 
   2   (0.041) 0.012 0.011 0.010 0.086 
   3   (0.081) 0.094 0.022 0.087 0.051 
   4   (0.116) 0.176 0.031 0.160 0.157 
   5   (0.103) 0.136 0.028 0.184 0.101 
   6   (0.101) 0.171 0.027 0.101 0.100 
   7   (0.055) 0.016 0.088 0.010 0.037 
   8   (0.062) 0.018 0.237 0.039 0.011 
   9   (0.111) 0.138 0.140 0.143 0.033 
  10   (0.081) 0.024 0.315 0.083 0.027 
  11   (0.038) 0.011 0.010 0.058 0.011 
  12   (0.033) 0.010 0.009 0.034 0.006 
  13   (0.033) 0.010 0.045 0.006 0.006 
  14   (0.034) 0.045 0.009 0.006 0.006 

Locus 26 : locus26 
27 alleles
0.0% missing data
   1   (0.032) 0.010 0.009 0.007 0.141 
   2   (0.053) 0.121 0.014 0.009 0.064 
   3   (0.052) 0.015 0.014 0.059 0.150 
   4   (0.033) 0.010 0.009 0.007 0.113 
   5   (0.034) 0.010 0.009 0.008 0.195 
   6   (0.033) 0.010 0.009 0.013 0.135 
   7   (0.047) 0.014 0.013 0.100 0.054 
   8   (0.028) 0.008 0.008 0.117 0.005 
   9   (0.031) 0.009 0.008 0.139 0.011 
  10   (0.053) 0.192 0.014 0.065 0.009 
  11   (0.039) 0.012 0.047 0.063 0.007 
  12   (0.027) 0.008 0.007 0.061 0.005 
  13   (0.046) 0.014 0.086 0.036 0.008 
  14   (0.038) 0.011 0.010 0.083 0.013 
  15   (0.041) 0.012 0.048 0.035 0.007 
  16   (0.042) 0.047 0.011 0.082 0.016 
  17   (0.052) 0.121 0.014 0.060 0.014 
  18   (0.033) 0.010 0.192 0.006 0.006 
  19   (0.034) 0.010 0.082 0.006 0.006 
  20   (0.030) 0.009 0.081 0.005 0.005 
  21   (0.032) 0.009 0.119 0.006 0.005 
  22   (0.031) 0.009 0.082 0.005 0.005 
  23   (0.041) 0.047 0.047 0.007 0.007 
  24   (0.027) 0.008 0.044 0.005 0.005 
  25   (0.032) 0.115 0.009 0.006 0.005 
  26   (0.029) 0.079 0.008 0.005 0.005 
  27   (0.028) 0.079 0.007 0.005 0.005 

Locus 27 : locus27 
23 alleles
0.0% missing data
   1   (0.034) 0.010 0.009 0.009 0.058 
   2   (0.039) 0.012 0.010 0.014 0.138 
   3   (0.054) 0.016 0.015 0.057 0.099 
   4   (0.077) 0.023 0.094 0.122 0.070 
   5   (0.051) 0.015 0.014 0.044 0.112 
   6   (0.056) 0.017 0.015 0.152 0.060 
   7   (0.037) 0.011 0.010 0.009 0.087 
   8   (0.055) 0.016 0.015 0.078 0.079 
   9   (0.062) 0.018 0.017 0.157 0.085 
  10   (0.053) 0.016 0.088 0.009 0.120 
  11   (0.032) 0.009 0.009 0.061 0.006 
  12   (0.036) 0.011 0.010 0.115 0.008 
  13   (0.038) 0.011 0.010 0.080 0.015 
  14   (0.030) 0.009 0.008 0.033 0.005 
  15   (0.041) 0.012 0.304 0.007 0.007 
  16   (0.053) 0.051 0.088 0.009 0.009 
  17   (0.031) 0.009 0.118 0.005 0.005 
  18   (0.061) 0.371 0.089 0.011 0.011 
  19   (0.031) 0.009 0.045 0.005 0.005 
  20   (0.034) 0.116 0.009 0.006 0.006 
  21   (0.032) 0.080 0.009 0.006 0.006 
  22   (0.032) 0.080 0.009 0.006 0.006 
  23   (0.031) 0.079 0.008 0.005 0.005 

Locus 28 : locus28 
20 alleles
0.0% missing data
   1   (0.072) 0.021 0.239 0.020 0.116 
   2   (0.036) 0.011 0.009 0.010 0.058 
   3   (0.083) 0.024 0.316 0.020 0.147 
   4   (0.086) 0.096 0.096 0.019 0.094 
   5   (0.039) 0.012 0.011 0.010 0.172 
   6   (0.036) 0.011 0.010 0.008 0.144 
   7   (0.031) 0.009 0.008 0.005 0.033 
   8   (0.034) 0.010 0.009 0.009 0.058 
   9   (0.051) 0.086 0.014 0.009 0.037 
  10   (0.044) 0.013 0.048 0.008 0.035 
  11   (0.057) 0.087 0.015 0.088 0.013 
  12   (0.061) 0.053 0.016 0.278 0.017 
  13   (0.064) 0.089 0.017 0.171 0.015 
  14   (0.031) 0.009 0.008 0.033 0.005 
  15   (0.036) 0.010 0.010 0.086 0.008 
  16   (0.039) 0.011 0.010 0.111 0.011 
  17   (0.063) 0.195 0.017 0.065 0.011 
  18   (0.048) 0.049 0.013 0.035 0.008 
  19   (0.051) 0.050 0.124 0.009 0.009 
  20   (0.039) 0.153 0.010 0.007 0.007 

Locus 29 : locus29 
15 alleles
0.0% missing data
   1   (0.085) 0.025 0.059 0.048 0.149 
   2   (0.118) 0.105 0.032 0.177 0.224 
   3   (0.059) 0.017 0.016 0.050 0.052 
   4   (0.130) 0.038 0.218 0.097 0.281 
   5   (0.099) 0.099 0.026 0.083 0.144 
   6   (0.063) 0.019 0.017 0.098 0.061 
   7   (0.075) 0.022 0.093 0.143 0.019 
   8   (0.073) 0.022 0.056 0.253 0.018 
   9   (0.046) 0.014 0.195 0.008 0.008 
  10   (0.040) 0.012 0.121 0.007 0.007 
  11   (0.043) 0.013 0.121 0.007 0.007 
  12   (0.035) 0.045 0.009 0.006 0.006 
  13   (0.050) 0.332 0.013 0.009 0.009 
  14   (0.044) 0.154 0.012 0.008 0.008 
  15   (0.040) 0.082 0.011 0.007 0.007 

Locus 30 : locus30 
20 alleles
0.0% missing data
   1   (0.060) 0.053 0.016 0.014 0.199 
   2   (0.035) 0.011 0.010 0.010 0.057 
   3   (0.044) 0.013 0.012 0.035 0.035 
   4   (0.039) 0.011 0.010 0.011 0.140 
   5   (0.079) 0.023 0.058 0.132 0.089 
   6   (0.071) 0.409 0.019 0.018 0.061 
   7   (0.085) 0.025 0.096 0.051 0.115 
   8   (0.041) 0.012 0.011 0.013 0.111 
   9   (0.036) 0.010 0.010 0.010 0.057 
  10   (0.050) 0.085 0.013 0.009 0.036 
  11   (0.040) 0.012 0.011 0.171 0.010 
  12   (0.058) 0.017 0.089 0.119 0.012 
  13   (0.065) 0.019 0.164 0.091 0.014 
  14   (0.056) 0.017 0.088 0.090 0.013 
  15   (0.056) 0.087 0.015 0.065 0.009 
  16   (0.035) 0.010 0.009 0.082 0.013 
  17   (0.036) 0.011 0.010 0.058 0.010 
  18   (0.041) 0.012 0.268 0.007 0.007 
  19   (0.034) 0.010 0.082 0.006 0.006 
  20   (0.041) 0.153 0.011 0.007 0.007 

Locus 31 : locus31 
27 alleles
0.0% missing data
   1   (0.035) 0.010 0.009 0.010 0.058 
   2   (0.036) 0.011 0.010 0.006 0.090 
   3   (0.032) 0.009 0.008 0.007 0.115 
   4   (0.042) 0.048 0.011 0.007 0.035 
   5   (0.056) 0.017 0.015 0.117 0.067 
   6   (0.047) 0.049 0.013 0.008 0.064 
   7   (0.040) 0.012 0.011 0.013 0.194 
   8   (0.057) 0.087 0.015 0.017 0.169 
   9   (0.032) 0.009 0.008 0.006 0.089 
  10   (0.042) 0.012 0.011 0.361 0.010 
  11   (0.037) 0.011 0.010 0.057 0.010 
  12   (0.033) 0.010 0.009 0.196 0.008 
  13   (0.055) 0.051 0.015 0.117 0.012 
  14   (0.038) 0.011 0.230 0.007 0.007 
  15   (0.030) 0.009 0.045 0.005 0.005 
  16   (0.031) 0.009 0.082 0.005 0.005 
  17   (0.037) 0.011 0.193 0.006 0.006 
  18   (0.029) 0.009 0.044 0.005 0.005 
  19   (0.036) 0.011 0.156 0.006 0.006 
  20   (0.030) 0.009 0.044 0.005 0.005 
  21   (0.034) 0.080 0.009 0.006 0.006 
  22   (0.039) 0.259 0.011 0.007 0.007 
  23   (0.035) 0.081 0.009 0.006 0.006 
  24   (0.030) 0.044 0.008 0.005 0.005 
  25   (0.029) 0.044 0.008 0.005 0.005 
  26   (0.029) 0.044 0.008 0.005 0.005 
  27   (0.029) 0.044 0.008 0.005 0.005 

Locus 32 : locus32 
28 alleles
0.0% missing data
   1   (0.039) 0.012 0.010 0.011 0.471 
   2   (0.065) 0.160 0.017 0.016 0.172 
   3   (0.033) 0.010 0.009 0.010 0.057 
   4   (0.033) 0.010 0.009 0.006 0.144 
   5   (0.046) 0.014 0.012 0.334 0.014 
   6   (0.033) 0.010 0.009 0.141 0.008 
   7   (0.026) 0.008 0.007 0.032 0.004 
   8   (0.033) 0.010 0.009 0.089 0.006 
   9   (0.040) 0.012 0.011 0.116 0.009 
  10   (0.047) 0.014 0.049 0.059 0.013 
  11   (0.028) 0.008 0.008 0.032 0.005 
  12   (0.074) 0.092 0.204 0.040 0.013 
  13   (0.029) 0.009 0.008 0.033 0.005 
  14   (0.031) 0.009 0.045 0.005 0.005 
  15   (0.035) 0.010 0.156 0.006 0.006 
  16   (0.033) 0.010 0.045 0.006 0.006 
  17   (0.035) 0.010 0.193 0.006 0.006 
  18   (0.032) 0.010 0.082 0.006 0.005 
  19   (0.029) 0.009 0.044 0.005 0.005 
  20   (0.031) 0.044 0.008 0.005 0.005 
  21   (0.034) 0.081 0.009 0.006 0.006 
  22   (0.029) 0.044 0.008 0.005 0.005 
  23   (0.033) 0.045 0.009 0.006 0.006 
  24   (0.028) 0.043 0.008 0.005 0.005 
  25   (0.028) 0.044 0.008 0.005 0.005 
  26   (0.036) 0.152 0.010 0.006 0.006 
  27   (0.033) 0.080 0.009 0.006 0.006 
  28   (0.027) 0.043 0.007 0.005 0.005 

Locus 33 : locus33 
13 alleles
0.0% missing data
   1   (0.103) 0.136 0.027 0.095 0.187 
   2   (0.150) 0.150 0.187 0.136 0.187 
   3   (0.179) 0.229 0.194 0.158 0.287 
   4   (0.069) 0.091 0.019 0.021 0.164 
   5   (0.119) 0.106 0.215 0.050 0.101 
   6   (0.065) 0.125 0.017 0.094 0.014 
   7   (0.038) 0.011 0.010 0.119 0.008 
   8   (0.053) 0.016 0.087 0.038 0.009 
   9   (0.055) 0.051 0.015 0.095 0.009 
  10   (0.038) 0.011 0.010 0.085 0.014 
  11   (0.064) 0.019 0.200 0.068 0.011 
  12   (0.033) 0.010 0.009 0.034 0.006 
  13   (0.033) 0.045 0.009 0.006 0.005 

Locus 34 : locus34 
16 alleles
0.0% missing data
   1   (0.041) 0.012 0.011 0.010 0.088 
   2   (0.043) 0.013 0.012 0.008 0.146 
   3   (0.065) 0.019 0.017 0.069 0.119 
   4   (0.113) 0.033 0.140 0.214 0.101 
   5   (0.050) 0.015 0.013 0.014 0.253 
   6   (0.102) 0.171 0.027 0.086 0.087 
   7   (0.038) 0.011 0.010 0.007 0.034 
   8   (0.084) 0.413 0.022 0.014 0.070 
   9   (0.073) 0.127 0.020 0.091 0.017 
  10   (0.043) 0.013 0.011 0.087 0.010 
  11   (0.044) 0.013 0.012 0.116 0.009 
  12   (0.070) 0.021 0.092 0.084 0.023 
  13   (0.077) 0.023 0.204 0.120 0.016 
  14   (0.050) 0.015 0.050 0.036 0.009 
  15   (0.069) 0.020 0.348 0.039 0.012 
  16   (0.039) 0.082 0.010 0.007 0.007 

Locus 35 : locus35 
24 alleles
0.0% missing data
   1   (0.060) 0.018 0.052 0.016 0.198 
   2   (0.042) 0.012 0.011 0.010 0.170 
   3   (0.039) 0.011 0.010 0.010 0.141 
   4   (0.058) 0.017 0.016 0.153 0.060 
   5   (0.033) 0.010 0.009 0.006 0.088 
   6   (0.034) 0.010 0.009 0.006 0.033 
   7   (0.055) 0.016 0.051 0.020 0.081 
   8   (0.066) 0.020 0.128 0.016 0.090 
   9   (0.051) 0.015 0.087 0.009 0.036 
  10   (0.029) 0.009 0.008 0.033 0.005 
  11   (0.044) 0.013 0.012 0.363 0.012 
  12   (0.037) 0.011 0.010 0.062 0.006 
  13   (0.032) 0.009 0.009 0.033 0.005 
  14   (0.039) 0.012 0.010 0.170 0.010 
  15   (0.034) 0.010 0.009 0.033 0.006 
  16   (0.032) 0.009 0.045 0.005 0.005 
  17   (0.042) 0.012 0.268 0.007 0.007 
  18   (0.036) 0.011 0.120 0.006 0.006 
  19   (0.037) 0.011 0.083 0.007 0.006 
  20   (0.040) 0.188 0.011 0.007 0.007 
  21   (0.047) 0.226 0.013 0.008 0.008 
  22   (0.045) 0.260 0.012 0.008 0.008 
  23   (0.032) 0.045 0.009 0.006 0.005 
  24   (0.035) 0.045 0.009 0.006 0.006 

Locus 36 : locus36 
15 alleles
0.0% missing data
   1   (0.052) 0.016 0.014 0.017 0.216 
   2   (0.040) 0.012 0.011 0.012 0.056 
   3   (0.048) 0.014 0.013 0.013 0.138 
   4   (0.046) 0.014 0.012 0.012 0.166 
   5   (0.046) 0.014 0.012 0.010 0.140 
   6   (0.080) 0.024 0.021 0.287 0.078 
   7   (0.100) 0.030 0.100 0.165 0.065 
   8   (0.115) 0.175 0.067 0.078 0.046 
   9   (0.069) 0.091 0.018 0.093 0.015 
  10   (0.090) 0.132 0.024 0.201 0.028 
  11   (0.061) 0.124 0.016 0.039 0.010 
  12   (0.125) 0.319 0.254 0.050 0.021 
  13   (0.045) 0.013 0.196 0.008 0.008 
  14   (0.043) 0.013 0.158 0.008 0.007 
  15   (0.038) 0.011 0.083 0.007 0.006 

Locus 37 : locus37 
18 alleles
0.0% missing data
   1   (0.045) 0.013 0.012 0.009 0.145 
   2   (0.051) 0.015 0.014 0.013 0.226 
   3   (0.050) 0.015 0.013 0.016 0.167 
   4   (0.042) 0.012 0.011 0.007 0.090 
   5   (0.101) 0.030 0.247 0.026 0.201 
   6   (0.034) 0.010 0.009 0.006 0.034 
   7   (0.049) 0.014 0.013 0.199 0.011 
   8   (0.053) 0.016 0.014 0.308 0.014 
   9   (0.069) 0.056 0.018 0.138 0.023 
  10   (0.041) 0.012 0.011 0.087 0.010 
  11   (0.065) 0.090 0.017 0.066 0.011 
  12   (0.059) 0.053 0.016 0.065 0.010 
  13   (0.077) 0.164 0.130 0.013 0.013 
  14   (0.077) 0.093 0.241 0.013 0.013 
  15   (0.074) 0.092 0.203 0.013 0.013 
  16   (0.037) 0.081 0.010 0.006 0.006 
  17   (0.044) 0.189 0.012 0.008 0.008 
  18   (0.033) 0.045 0.009 0.006 0.006 

Locus 38 : locus38 
23 alleles
0.0% missing data
   1   (0.036) 0.011 0.010 0.008 0.088 
   2   (0.069) 0.020 0.018 0.160 0.167 
   3   (0.057) 0.017 0.015 0.170 0.068 
   4   (0.080) 0.059 0.021 0.153 0.123 
   5   (0.055) 0.122 0.015 0.009 0.038 
   6   (0.032) 0.010 0.009 0.005 0.062 
   7   (0.056) 0.017 0.015 0.211 0.054 
   8   (0.033) 0.010 0.009 0.006 0.034 
   9   (0.057) 0.052 0.015 0.018 0.141 
  10   (0.052) 0.015 0.014 0.064 0.065 
  11   (0.064) 0.160 0.017 0.021 0.084 
  12   (0.037) 0.011 0.010 0.110 0.012 
  13   (0.030) 0.009 0.118 0.005 0.005 
  14   (0.033) 0.010 0.082 0.006 0.006 
  15   (0.032) 0.009 0.082 0.005 0.005 
  16   (0.034) 0.010 0.119 0.006 0.006 
  17   (0.042) 0.013 0.305 0.007 0.007 
  18   (0.034) 0.010 0.082 0.006 0.006 
  19   (0.035) 0.151 0.009 0.006 0.006 
  20   (0.036) 0.116 0.010 0.006 0.006 
  21   (0.032) 0.045 0.008 0.005 0.006 
  22   (0.032) 0.080 0.009 0.005 0.006 
  23   (0.030) 0.044 0.008 0.005 0.005 

Locus 39 : locus39 
22 alleles
0.0% missing data
   1   (0.057) 0.087 0.015 0.012 0.118 
   2   (0.038) 0.011 0.010 0.012 0.112 
   3   (0.056) 0.051 0.015 0.014 0.144 
   4   (0.032) 0.009 0.009 0.005 0.061 
   5   (0.039) 0.012 0.010 0.009 0.116 
   6   (0.050) 0.050 0.013 0.011 0.117 
   7   (0.035) 0.010 0.009 0.010 0.058 
   8   (0.034) 0.010 0.009 0.009 0.141 
   9   (0.039) 0.012 0.010 0.387 0.011 
  10   (0.060) 0.088 0.016 0.143 0.015 
  11   (0.048) 0.014 0.049 0.091 0.008 
  12   (0.060) 0.018 0.126 0.082 0.021 
  13   (0.030) 0.009 0.008 0.033 0.005 
  14   (0.073) 0.092 0.056 0.068 0.012 
  15   (0.030) 0.009 0.008 0.032 0.005 
  16   (0.026) 0.008 0.007 0.032 0.004 
  17   (0.049) 0.049 0.087 0.008 0.008 
  18   (0.053) 0.051 0.197 0.009 0.009 
  19   (0.059) 0.123 0.162 0.010 0.010 
  20   (0.061) 0.195 0.126 0.011 0.010 
  21   (0.044) 0.048 0.048 0.008 0.008 
  22   (0.028) 0.044 0.008 0.005 0.005 

Locus 40 : locus40 
21 alleles
0.0% missing data
   1   (0.045) 0.013 0.012 0.018 0.131 
   2   (0.066) 0.020 0.018 0.127 0.116 
   3   (0.037) 0.011 0.010 0.008 0.138 
   4   (0.033) 0.010 0.009 0.006 0.032 
   5   (0.042) 0.012 0.011 0.012 0.135 
   6   (0.036) 0.011 0.010 0.011 0.055 
   7   (0.032) 0.009 0.009 0.006 0.032 
   8   (0.040) 0.012 0.011 0.011 0.136 
   9   (0.043) 0.013 0.012 0.010 0.111 
  10   (0.061) 0.053 0.016 0.180 0.013 
  11   (0.087) 0.378 0.023 0.186 0.017 
  12   (0.042) 0.012 0.011 0.092 0.009 
  13   (0.034) 0.010 0.009 0.035 0.006 
  14   (0.042) 0.012 0.011 0.177 0.009 
  15   (0.059) 0.088 0.016 0.068 0.010 
  16   (0.060) 0.088 0.090 0.011 0.010 
  17   (0.035) 0.010 0.119 0.006 0.006 
  18   (0.039) 0.011 0.230 0.007 0.006 
  19   (0.037) 0.011 0.083 0.007 0.006 
  20   (0.069) 0.162 0.128 0.012 0.011 
  21   (0.059) 0.052 0.162 0.011 0.010 

Locus 41 : locus41 
26 alleles
0.0% missing data
   1   (0.054) 0.016 0.014 0.181 0.089 
   2   (0.028) 0.008 0.008 0.005 0.031 
   3   (0.063) 0.089 0.017 0.015 0.299 
   4   (0.100) 0.241 0.027 0.079 0.251 
   5   (0.059) 0.088 0.016 0.023 0.130 
   6   (0.059) 0.194 0.016 0.017 0.057 
   7   (0.046) 0.014 0.012 0.153 0.034 
   8   (0.035) 0.010 0.009 0.120 0.007 
   9   (0.029) 0.009 0.008 0.034 0.005 
  10   (0.028) 0.008 0.007 0.034 0.005 
  11   (0.035) 0.010 0.009 0.118 0.009 
  12   (0.031) 0.009 0.008 0.060 0.008 
  13   (0.030) 0.009 0.008 0.060 0.008 
  14   (0.032) 0.010 0.009 0.035 0.005 
  15   (0.027) 0.008 0.117 0.005 0.005 
  16   (0.035) 0.010 0.156 0.006 0.006 
  17   (0.034) 0.010 0.119 0.006 0.006 
  18   (0.027) 0.008 0.044 0.005 0.005 
  19   (0.034) 0.010 0.083 0.006 0.006 
  20   (0.035) 0.010 0.119 0.006 0.006 
  21   (0.030) 0.009 0.081 0.005 0.005 
  22   (0.029) 0.009 0.044 0.005 0.005 
  23   (0.030) 0.009 0.045 0.005 0.005 
  24   (0.030) 0.079 0.008 0.005 0.005 
  25   (0.028) 0.044 0.007 0.005 0.005 
  26   (0.032) 0.080 0.009 0.006 0.005 

Locus 42 : locus42 
13 alleles
0.0% missing data
   1   (0.075) 0.022 0.020 0.099 0.149 
   2   (0.045) 0.013 0.012 0.011 0.089 
   3   (0.118) 0.105 0.031 0.102 0.272 
   4   (0.121) 0.142 0.069 0.055 0.126 
   5   (0.090) 0.062 0.024 0.083 0.086 
   6   (0.071) 0.021 0.055 0.018 0.147 
   7   (0.067) 0.020 0.018 0.112 0.047 
   8   (0.052) 0.015 0.014 0.247 0.015 
   9   (0.051) 0.015 0.014 0.194 0.014 
  10   (0.067) 0.161 0.018 0.038 0.012 
  11   (0.070) 0.056 0.239 0.012 0.012 
  12   (0.112) 0.280 0.433 0.019 0.019 
  13   (0.061) 0.089 0.053 0.010 0.011 

Locus 43 : locus43 
21 alleles
0.0% missing data
   1   (0.045) 0.013 0.012 0.010 0.311 
   2   (0.065) 0.019 0.091 0.020 0.169 
   3   (0.090) 0.097 0.134 0.020 0.094 
   4   (0.056) 0.017 0.199 0.010 0.037 
   5   (0.040) 0.012 0.011 0.011 0.142 
   6   (0.066) 0.160 0.018 0.015 0.091 
   7   (0.068) 0.091 0.055 0.012 0.039 
   8   (0.039) 0.011 0.010 0.115 0.008 
   9   (0.037) 0.011 0.010 0.089 0.006 
  10   (0.032) 0.009 0.009 0.088 0.005 
  11   (0.035) 0.010 0.009 0.086 0.008 
  12   (0.030) 0.009 0.008 0.033 0.005 
  13   (0.036) 0.011 0.010 0.112 0.011 
  14   (0.030) 0.009 0.008 0.033 0.005 
  15   (0.044) 0.013 0.012 0.217 0.018 
  16   (0.036) 0.011 0.010 0.087 0.008 
  17   (0.065) 0.125 0.164 0.011 0.011 
  18   (0.064) 0.124 0.164 0.011 0.011 
  19   (0.053) 0.086 0.050 0.009 0.009 
  20   (0.031) 0.044 0.008 0.005 0.005 
  21   (0.037) 0.117 0.010 0.006 0.006 

Locus 44 : locus44 
12 alleles
0.0% missing data
   1   (0.095) 0.240 0.062 0.016 0.131 
   2   (0.123) 0.178 0.106 0.088 0.092 
   3   (0.087) 0.026 0.096 0.161 0.059 
   4   (0.078) 0.094 0.021 0.040 0.100 
   5   (0.064) 0.019 0.053 0.021 0.143 
   6   (0.114) 0.068 0.288 0.056 0.095 
   7   (0.096) 0.063 0.062 0.082 0.090 
   8   (0.053) 0.016 0.014 0.049 0.053 
   9   (0.089) 0.061 0.097 0.025 0.177 
  10   (0.046) 0.014 0.012 0.269 0.015 
  11   (0.040) 0.012 0.011 0.112 0.009 
  12   (0.116) 0.211 0.178 0.083 0.038 

Locus 45 : locus45 
18 alleles
0.0% missing data
   1   (0.068) 0.020 0.018 0.084 0.188 
   2   (0.052) 0.015 0.088 0.009 0.036 
   3   (0.110) 0.033 0.102 0.192 0.285 
   4   (0.068) 0.020 0.018 0.123 0.122 
   5   (0.058) 0.017 0.016 0.057 0.101 
   6   (0.052) 0.016 0.014 0.052 0.050 
   7   (0.064) 0.054 0.017 0.039 0.038 
   8   (0.055) 0.016 0.015 0.047 0.082 
   9   (0.073) 0.022 0.166 0.174 0.018 
  10   (0.033) 0.010 0.009 0.033 0.006 
  11   (0.033) 0.010 0.009 0.034 0.006 
  12   (0.074) 0.233 0.020 0.084 0.024 
  13   (0.056) 0.016 0.162 0.037 0.010 
  14   (0.040) 0.012 0.267 0.007 0.007 
  15   (0.048) 0.049 0.049 0.008 0.008 
  16   (0.041) 0.188 0.011 0.007 0.007 
  17   (0.035) 0.081 0.009 0.006 0.006 
  18   (0.041) 0.188 0.011 0.007 0.007 

Locus 46 : locus46 
19 alleles
0.0% missing data
   1   (0.047) 0.014 0.012 0.011 0.307 
   2   (0.039) 0.011 0.010 0.011 0.057 
   3   (0.035) 0.010 0.009 0.006 0.060 
   4   (0.044) 0.013 0.012 0.011 0.168 
   5   (0.041) 0.012 0.011 0.015 0.080 
   6   (0.040) 0.012 0.011 0.010 0.086 
   7   (0.037) 0.011 0.010 0.009 0.086 
   8   (0.136) 0.216 0.220 0.321 0.032 
   9   (0.109) 0.138 0.360 0.103 0.018 
  10   (0.037) 0.011 0.010 0.117 0.008 
  11   (0.065) 0.019 0.127 0.123 0.011 
  12   (0.063) 0.054 0.017 0.140 0.021 
  13   (0.080) 0.059 0.058 0.083 0.027 
  14   (0.057) 0.087 0.088 0.010 0.010 
  15   (0.034) 0.080 0.009 0.006 0.006 
  16   (0.038) 0.117 0.010 0.007 0.006 
  17   (0.033) 0.045 0.009 0.006 0.006 
  18   (0.032) 0.045 0.008 0.006 0.005 
  19   (0.035) 0.046 0.009 0.006 0.006 

Locus 47 : locus47 
18 alleles
0.0% missing data
   1   (0.030) 0.009 0.008 0.005 0.033 
   2   (0.043) 0.013 0.012 0.011 0.361 
   3   (0.039) 0.011 0.010 0.008 0.171 
   4   (0.033) 0.010 0.009 0.006 0.061 
   5   (0.035) 0.010 0.009 0.010 0.057 
   6   (0.081) 0.094 0.022 0.062 0.103 
   7   (0.035) 0.010 0.009 0.010 0.057 
   8   (0.054) 0.051 0.014 0.059 0.015 
   9   (0.081) 0.094 0.058 0.122 0.017 
  10   (0.059) 0.053 0.016 0.147 0.012 
  11   (0.053) 0.016 0.088 0.065 0.009 
  12   (0.092) 0.098 0.135 0.117 0.025 
  13   (0.069) 0.020 0.165 0.115 0.019 
  14   (0.091) 0.132 0.061 0.176 0.021 
  15   (0.053) 0.051 0.014 0.060 0.014 
  16   (0.065) 0.231 0.090 0.011 0.011 
  17   (0.056) 0.052 0.272 0.010 0.009 
  18   (0.030) 0.044 0.008 0.005 0.005 

Locus 48 : locus48 
17 alleles
0.0% missing data
   1   (0.068) 0.020 0.018 0.097 0.092 
   2   (0.108) 0.066 0.029 0.135 0.367 
   3   (0.107) 0.173 0.029 0.058 0.198 
   4   (0.077) 0.199 0.021 0.018 0.090 
   5   (0.105) 0.137 0.028 0.085 0.144 
   6   (0.048) 0.014 0.013 0.231 0.011 
   7   (0.055) 0.016 0.051 0.066 0.009 
   8   (0.064) 0.090 0.017 0.061 0.016 
   9   (0.044) 0.013 0.012 0.089 0.010 
  10   (0.038) 0.011 0.010 0.035 0.006 
  11   (0.043) 0.013 0.012 0.083 0.015 
  12   (0.038) 0.011 0.120 0.007 0.006 
  13   (0.051) 0.015 0.380 0.009 0.009 
  14   (0.038) 0.011 0.083 0.007 0.006 
  15   (0.034) 0.010 0.046 0.006 0.006 
  16   (0.039) 0.011 0.120 0.007 0.007 
  17   (0.043) 0.189 0.012 0.008 0.007 

Locus 49 : locus49 
13 alleles
0.0% missing data
   1   (0.071) 0.091 0.019 0.015 0.123 
   2   (0.047) 0.014 0.012 0.011 0.231 
   3   (0.048) 0.014 0.013 0.010 0.262 
   4   (0.042) 0.012 0.011 0.010 0.090 
   5   (0.104) 0.349 0.028 0.072 0.046 
   6   (0.125) 0.143 0.033 0.280 0.118 
   7   (0.082) 0.024 0.242 0.090 0.019 
   8   (0.116) 0.069 0.141 0.275 0.036 
   9   (0.064) 0.019 0.090 0.059 0.017 
  10   (0.083) 0.095 0.095 0.041 0.014 
  11   (0.089) 0.062 0.170 0.069 0.016 
  12   (0.094) 0.098 0.098 0.062 0.024 
  13   (0.035) 0.010 0.046 0.006 0.006 

Locus 50 : locus50 
18 alleles
0.0% missing data
   1   (0.128) 0.143 0.034 0.241 0.270 
   2   (0.108) 0.102 0.176 0.047 0.072 
   3   (0.076) 0.022 0.020 0.161 0.195 
   4   (0.075) 0.057 0.020 0.088 0.049 
   5   (0.066) 0.019 0.018 0.060 0.262 
   6   (0.053) 0.016 0.051 0.009 0.063 
   7   (0.076) 0.163 0.020 0.182 0.015 
   8   (0.033) 0.010 0.009 0.034 0.006 
   9   (0.035) 0.010 0.009 0.059 0.009 
  10   (0.055) 0.087 0.015 0.038 0.009 
  11   (0.029) 0.009 0.008 0.033 0.005 
  12   (0.039) 0.011 0.120 0.007 0.007 
  13   (0.044) 0.013 0.378 0.008 0.007 
  14   (0.034) 0.010 0.082 0.006 0.006 
  15   (0.040) 0.082 0.011 0.007 0.007 
  16   (0.035) 0.081 0.009 0.006 0.006 
  17   (0.039) 0.082 0.010 0.007 0.006 
  18   (0.035) 0.081 0.009 0.006 0.006 

Locus 51 : locus51 
24 alleles
0.0% missing data
   1   (0.043) 0.013 0.012 0.011 0.141 
   2   (0.081) 0.165 0.022 0.023 0.389 
   3   (0.063) 0.195 0.017 0.011 0.065 
   4   (0.039) 0.012 0.010 0.009 0.196 
   5   (0.030) 0.009 0.008 0.005 0.032 
   6   (0.030) 0.009 0.008 0.005 0.033 
   7   (0.036) 0.011 0.010 0.090 0.006 
   8   (0.039) 0.012 0.010 0.226 0.010 
   9   (0.044) 0.013 0.012 0.198 0.012 
  10   (0.034) 0.010 0.009 0.034 0.006 
  11   (0.055) 0.016 0.051 0.093 0.009 
  12   (0.037) 0.011 0.010 0.087 0.009 
  13   (0.055) 0.016 0.051 0.060 0.014 
  14   (0.038) 0.011 0.010 0.082 0.014 
  15   (0.033) 0.010 0.082 0.006 0.006 
  16   (0.035) 0.010 0.119 0.006 0.006 
  17   (0.051) 0.050 0.087 0.009 0.009 
  18   (0.042) 0.012 0.121 0.007 0.007 
  19   (0.032) 0.009 0.045 0.006 0.005 
  20   (0.036) 0.011 0.120 0.006 0.006 
  21   (0.035) 0.010 0.156 0.006 0.006 
  22   (0.036) 0.116 0.009 0.006 0.006 
  23   (0.038) 0.152 0.010 0.007 0.006 
  24   (0.038) 0.117 0.010 0.007 0.006 

Locus 52 : locus52 
22 alleles
0.0% missing data
   1   (0.048) 0.014 0.013 0.012 0.393 
   2   (0.038) 0.011 0.010 0.009 0.087 
   3   (0.037) 0.011 0.010 0.011 0.113 
   4   (0.039) 0.012 0.010 0.008 0.144 
   5   (0.032) 0.010 0.009 0.006 0.033 
   6   (0.030) 0.009 0.008 0.005 0.033 
   7   (0.056) 0.017 0.015 0.132 0.052 
   8   (0.073) 0.127 0.019 0.168 0.022 
   9   (0.067) 0.055 0.018 0.226 0.017 
  10   (0.074) 0.198 0.020 0.148 0.015 
  11   (0.066) 0.090 0.018 0.172 0.016 
  12   (0.033) 0.010 0.009 0.033 0.006 
  13   (0.070) 0.161 0.165 0.012 0.012 
  14   (0.032) 0.009 0.045 0.005 0.005 
  15   (0.038) 0.011 0.157 0.006 0.007 
  16   (0.048) 0.049 0.049 0.008 0.008 
  17   (0.034) 0.010 0.156 0.006 0.006 
  18   (0.033) 0.010 0.082 0.006 0.006 
  19   (0.038) 0.011 0.083 0.006 0.006 
  20   (0.032) 0.009 0.045 0.005 0.005 
  21   (0.054) 0.122 0.051 0.009 0.009 
  22   (0.030) 0.044 0.008 0.005 0.005 

Locus 53 : locus53 
16 alleles
0.0% missing data
   1   (0.092) 0.062 0.025 0.100 0.241 
   2   (0.095) 0.099 0.026 0.137 0.115 
   3   (0.072) 0.021 0.166 0.019 0.120 
   4   (0.068) 0.020 0.091 0.012 0.242 
   5   (0.085) 0.096 0.023 0.112 0.053 
   6   (0.109) 0.067 0.139 0.052 0.127 
   7   (0.053) 0.015 0.014 0.346 0.017 
   8   (0.102) 0.206 0.064 0.141 0.027 
   9   (0.054) 0.086 0.014 0.035 0.010 
  10   (0.033) 0.010 0.045 0.005 0.006 
  11   (0.052) 0.051 0.087 0.009 0.009 
  12   (0.037) 0.011 0.120 0.006 0.007 
  13   (0.035) 0.010 0.083 0.006 0.006 
  14   (0.035) 0.010 0.083 0.006 0.006 
  15   (0.036) 0.081 0.010 0.006 0.006 
  16   (0.042) 0.153 0.011 0.007 0.007 

Locus 54 : locus54 
22 alleles
0.0% missing data
   1   (0.069) 0.126 0.019 0.015 0.315 
   2   (0.093) 0.133 0.135 0.021 0.095 
   3   (0.037) 0.011 0.010 0.010 0.058 
   4   (0.102) 0.206 0.064 0.024 0.261 
   5   (0.032) 0.010 0.009 0.006 0.033 
   6   (0.039) 0.012 0.010 0.012 0.113 
   7   (0.041) 0.012 0.011 0.221 0.012 
   8   (0.040) 0.012 0.011 0.252 0.009 
   9   (0.066) 0.054 0.054 0.066 0.011 
  10   (0.035) 0.010 0.009 0.033 0.006 
  11   (0.042) 0.012 0.011 0.165 0.013 
  12   (0.030) 0.009 0.008 0.060 0.005 
  13   (0.036) 0.011 0.010 0.057 0.010 
  14   (0.032) 0.010 0.045 0.006 0.006 
  15   (0.037) 0.011 0.230 0.006 0.006 
  16   (0.047) 0.049 0.049 0.008 0.008 
  17   (0.037) 0.011 0.157 0.006 0.006 
  18   (0.050) 0.086 0.050 0.009 0.009 
  19   (0.032) 0.009 0.045 0.006 0.005 
  20   (0.031) 0.009 0.045 0.005 0.005 
  21   (0.038) 0.152 0.010 0.006 0.006 
  22   (0.033) 0.045 0.009 0.006 0.006 

Locus 55 : locus55 
18 alleles
0.0% missing data
   1   (0.048) 0.049 0.013 0.008 0.093 
   2   (0.077) 0.023 0.057 0.133 0.141 
   3   (0.087) 0.026 0.060 0.202 0.214 
   4   (0.115) 0.104 0.140 0.114 0.119 
   5   (0.085) 0.095 0.023 0.103 0.148 
   6   (0.064) 0.054 0.017 0.038 0.068 
   7   (0.084) 0.095 0.022 0.174 0.103 
   8   (0.054) 0.228 0.015 0.009 0.037 
   9   (0.033) 0.010 0.009 0.060 0.006 
  10   (0.054) 0.051 0.015 0.080 0.020 
  11   (0.055) 0.016 0.199 0.036 0.010 
  12   (0.029) 0.008 0.044 0.005 0.005 
  13   (0.034) 0.010 0.082 0.006 0.006 
  14   (0.032) 0.009 0.082 0.005 0.006 
  15   (0.029) 0.009 0.044 0.005 0.005 
  16   (0.035) 0.010 0.119 0.006 0.006 
  17   (0.050) 0.085 0.050 0.009 0.009 
  18   (0.034) 0.116 0.009 0.006 0.006 

Locus 56 : locus56 
19 alleles
0.0% missing data
   1   (0.077) 0.023 0.131 0.070 0.040 
   2   (0.045) 0.013 0.012 0.014 0.436 
   3   (0.099) 0.029 0.136 0.100 0.207 
   4   (0.030) 0.009 0.008 0.005 0.032 
   5   (0.091) 0.097 0.024 0.270 0.068 
   6   (0.126) 0.214 0.070 0.150 0.115 
   7   (0.060) 0.018 0.052 0.142 0.019 
   8   (0.066) 0.020 0.201 0.093 0.015 
   9   (0.052) 0.015 0.087 0.037 0.009 
  10   (0.052) 0.015 0.124 0.037 0.009 
  11   (0.030) 0.009 0.008 0.033 0.005 
  12   (0.035) 0.010 0.083 0.006 0.006 
  13   (0.037) 0.116 0.010 0.007 0.006 
  14   (0.034) 0.080 0.009 0.006 0.006 
  15   (0.037) 0.117 0.010 0.007 0.006 
  16   (0.036) 0.081 0.010 0.006 0.006 
  17   (0.033) 0.045 0.009 0.006 0.006 
  18   (0.029) 0.044 0.008 0.005 0.005 
  19   (0.032) 0.045 0.008 0.006 0.005 

Locus 57 : locus57 
29 alleles
0.0% missing data
   1   (0.032) 0.009 0.009 0.006 0.197 
   2   (0.035) 0.010 0.009 0.008 0.224 
   3   (0.034) 0.010 0.009 0.008 0.168 
   4   (0.032) 0.010 0.009 0.009 0.056 
   5   (0.035) 0.010 0.009 0.012 0.192 
   6   (0.059) 0.017 0.089 0.258 0.012 
   7   (0.035) 0.010 0.009 0.087 0.008 
   8   (0.066) 0.019 0.091 0.257 0.016 
   9   (0.062) 0.018 0.163 0.144 0.016 
  10   (0.030) 0.009 0.008 0.033 0.005 
  11   (0.037) 0.011 0.010 0.082 0.014 
  12   (0.028) 0.008 0.044 0.005 0.005 
  13   (0.034) 0.010 0.119 0.006 0.006 
  14   (0.028) 0.008 0.081 0.005 0.005 
  15   (0.031) 0.009 0.045 0.005 0.005 
  16   (0.032) 0.009 0.155 0.006 0.005 
  17   (0.028) 0.008 0.044 0.005 0.005 
  18   (0.033) 0.080 0.009 0.006 0.006 
  19   (0.026) 0.043 0.007 0.004 0.004 
  20   (0.037) 0.117 0.010 0.007 0.006 
  21   (0.029) 0.079 0.008 0.005 0.005 
  22   (0.029) 0.079 0.008 0.005 0.005 
  23   (0.031) 0.080 0.008 0.005 0.005 
  24   (0.034) 0.080 0.009 0.006 0.006 
  25   (0.030) 0.079 0.008 0.005 0.005 
  26   (0.028) 0.044 0.007 0.005 0.005 
  27   (0.028) 0.043 0.008 0.005 0.005 
  28   (0.027) 0.043 0.007 0.005 0.005 
  29   (0.029) 0.044 0.008 0.005 0.005 

Locus 58 : locus58 
20 alleles
0.0% missing data
   1   (0.095) 0.028 0.099 0.055 0.315 
   2   (0.088) 0.026 0.133 0.057 0.140 
   3   (0.057) 0.017 0.015 0.044 0.115 
   4   (0.070) 0.021 0.055 0.048 0.087 
   5   (0.075) 0.022 0.020 0.213 0.225 
   6   (0.079) 0.023 0.131 0.386 0.021 
   7   (0.029) 0.009 0.008 0.032 0.005 
   8   (0.038) 0.011 0.010 0.085 0.009 
   9   (0.069) 0.197 0.165 0.012 0.012 
  10   (0.038) 0.011 0.084 0.006 0.007 
  11   (0.033) 0.010 0.045 0.006 0.006 
  12   (0.059) 0.123 0.052 0.010 0.010 
  13   (0.030) 0.009 0.044 0.005 0.005 
  14   (0.046) 0.049 0.049 0.008 0.008 
  15   (0.031) 0.009 0.045 0.005 0.005 
  16   (0.030) 0.185 0.008 0.005 0.005 
  17   (0.032) 0.045 0.009 0.005 0.006 
  18   (0.038) 0.117 0.010 0.007 0.007 
  19   (0.031) 0.044 0.008 0.005 0.005 
  20   (0.032) 0.044 0.008 0.005 0.006 

Locus 59 : locus59 
22 alleles
0.0% missing data
   1   (0.060) 0.053 0.016 0.015 0.226 
   2   (0.057) 0.052 0.015 0.016 0.198 
   3   (0.074) 0.163 0.020 0.018 0.173 
   4   (0.077) 0.234 0.020 0.016 0.148 
   5   (0.033) 0.010 0.009 0.008 0.086 
   6   (0.046) 0.049 0.012 0.008 0.035 
   7   (0.038) 0.011 0.010 0.112 0.011 
   8   (0.038) 0.011 0.010 0.112 0.012 
   9   (0.081) 0.129 0.058 0.153 0.014 
  10   (0.040) 0.012 0.011 0.225 0.010 
  11   (0.031) 0.009 0.008 0.033 0.005 
  12   (0.036) 0.010 0.009 0.115 0.008 
  13   (0.037) 0.011 0.010 0.082 0.013 
  14   (0.081) 0.130 0.205 0.041 0.014 
  15   (0.032) 0.009 0.045 0.006 0.005 
  16   (0.056) 0.052 0.162 0.010 0.010 
  17   (0.028) 0.008 0.044 0.005 0.005 
  18   (0.032) 0.009 0.045 0.005 0.005 
  19   (0.030) 0.009 0.045 0.005 0.005 
  20   (0.033) 0.010 0.119 0.006 0.006 
  21   (0.031) 0.009 0.082 0.005 0.005 
  22   (0.029) 0.009 0.044 0.005 0.005 

Locus 60 : locus60 
15 alleles
0.0% missing data
   1   (0.075) 0.022 0.057 0.046 0.176 
   2   (0.077) 0.023 0.057 0.070 0.179 
   3   (0.132) 0.109 0.145 0.232 0.115 
   4   (0.084) 0.025 0.059 0.135 0.141 
   5   (0.049) 0.050 0.013 0.008 0.065 
   6   (0.078) 0.023 0.131 0.041 0.098 
   7   (0.065) 0.196 0.017 0.017 0.062 
   8   (0.133) 0.110 0.145 0.294 0.109 
   9   (0.037) 0.011 0.010 0.057 0.010 
  10   (0.077) 0.128 0.057 0.068 0.013 
  11   (0.052) 0.050 0.087 0.009 0.009 
  12   (0.038) 0.011 0.120 0.006 0.006 
  13   (0.031) 0.009 0.045 0.005 0.005 
  14   (0.030) 0.009 0.045 0.005 0.005 
  15   (0.041) 0.223 0.011 0.007 0.007 

Locus 61 : locus61 
16 alleles
0.0% missing data
   1   (0.066) 0.020 0.421 0.012 0.038 
   2   (0.081) 0.201 0.022 0.021 0.146 
   3   (0.108) 0.067 0.065 0.326 0.070 
   4   (0.095) 0.028 0.172 0.059 0.140 
   5   (0.059) 0.017 0.016 0.053 0.134 
   6   (0.058) 0.052 0.016 0.013 0.090 
   7   (0.097) 0.276 0.026 0.071 0.072 
   8   (0.035) 0.010 0.009 0.006 0.034 
   9   (0.033) 0.010 0.009 0.006 0.033 
  10   (0.125) 0.072 0.107 0.227 0.147 
  11   (0.038) 0.011 0.010 0.010 0.058 
  12   (0.034) 0.010 0.009 0.033 0.006 
  13   (0.033) 0.010 0.009 0.033 0.006 
  14   (0.064) 0.019 0.090 0.090 0.014 
  15   (0.033) 0.010 0.009 0.033 0.006 
  16   (0.042) 0.189 0.011 0.007 0.007 

Locus 62 : locus62 
18 alleles
0.0% missing data
   1   (0.039) 0.011 0.010 0.007 0.062 
   2   (0.044) 0.013 0.012 0.009 0.145 
   3   (0.042) 0.012 0.011 0.007 0.118 
   4   (0.053) 0.015 0.014 0.019 0.275 
   5   (0.045) 0.013 0.012 0.012 0.142 
   6   (0.044) 0.013 0.012 0.009 0.116 
   7   (0.086) 0.131 0.059 0.042 0.015 
   8   (0.047) 0.014 0.013 0.222 0.015 
   9   (0.053) 0.016 0.014 0.392 0.012 
  10   (0.073) 0.092 0.019 0.120 0.015 
  11   (0.036) 0.011 0.010 0.034 0.006 
  12   (0.043) 0.013 0.011 0.058 0.012 
  13   (0.075) 0.128 0.167 0.013 0.013 
  14   (0.064) 0.089 0.127 0.011 0.011 
  15   (0.058) 0.052 0.089 0.010 0.010 
  16   (0.077) 0.128 0.204 0.013 0.013 
  17   (0.036) 0.011 0.046 0.006 0.006 
  18   (0.087) 0.237 0.170 0.015 0.015 

Locus 63 : locus63 
21 alleles
0.0% missing data
   1   (0.033) 0.010 0.009 0.006 0.034 
   2   (0.038) 0.011 0.010 0.010 0.143 
   3   (0.052) 0.015 0.014 0.016 0.281 
   4   (0.046) 0.014 0.012 0.010 0.229 
   5   (0.041) 0.012 0.011 0.007 0.063 
   6   (0.100) 0.241 0.100 0.017 0.073 
   7   (0.101) 0.207 0.100 0.025 0.066 
   8   (0.034) 0.010 0.009 0.033 0.006 
   9   (0.037) 0.011 0.010 0.034 0.006 
  10   (0.050) 0.015 0.013 0.356 0.017 
  11   (0.039) 0.012 0.011 0.062 0.007 
  12   (0.044) 0.013 0.012 0.251 0.011 
  13   (0.032) 0.009 0.009 0.060 0.006 
  14   (0.031) 0.009 0.008 0.033 0.005 
  15   (0.032) 0.009 0.009 0.033 0.005 
  16   (0.065) 0.054 0.275 0.011 0.011 
  17   (0.064) 0.231 0.053 0.011 0.011 
  18   (0.061) 0.053 0.236 0.010 0.011 
  19   (0.034) 0.010 0.046 0.006 0.006 
  20   (0.032) 0.009 0.045 0.005 0.005 
  21   (0.032) 0.045 0.009 0.006 0.006 

Locus 64 : locus64 
13 alleles
0.0% missing data
   1   (0.113) 0.210 0.104 0.048 0.073 
   2   (0.093) 0.063 0.061 0.055 0.087 
   3   (0.137) 0.217 0.257 0.032 0.206 
   4   (0.093) 0.098 0.135 0.021 0.092 
   5   (0.062) 0.018 0.053 0.015 0.170 
   6   (0.101) 0.065 0.137 0.030 0.223 
   7   (0.079) 0.094 0.021 0.069 0.068 
   8   (0.040) 0.012 0.011 0.175 0.007 
   9   (0.044) 0.013 0.012 0.257 0.011 
  10   (0.063) 0.054 0.017 0.146 0.016 
  11   (0.037) 0.011 0.010 0.059 0.010 
  12   (0.105) 0.137 0.138 0.088 0.031 
  13   (0.033) 0.010 0.045 0.006 0.006 

Locus 65 : locus65 
23 alleles
0.0% missing data
   1   (0.039) 0.012 0.010 0.011 0.057 
   2   (0.037) 0.011 0.010 0.009 0.170 
   3   (0.051) 0.015 0.014 0.013 0.391 
   4   (0.030) 0.009 0.008 0.005 0.033 
   5   (0.044) 0.013 0.012 0.011 0.170 
   6   (0.030) 0.009 0.008 0.005 0.033 
   7   (0.041) 0.012 0.011 0.087 0.010 
   8   (0.032) 0.010 0.009 0.033 0.006 
   9   (0.045) 0.013 0.012 0.226 0.010 
  10   (0.051) 0.015 0.014 0.278 0.015 
  11   (0.044) 0.013 0.012 0.141 0.011 
  12   (0.032) 0.009 0.009 0.033 0.005 
  13   (0.033) 0.010 0.009 0.033 0.006 
  14   (0.033) 0.010 0.009 0.033 0.006 
  15   (0.067) 0.055 0.275 0.012 0.011 
  16   (0.056) 0.051 0.125 0.010 0.009 
  17   (0.070) 0.233 0.055 0.012 0.012 
  18   (0.078) 0.199 0.241 0.013 0.013 
  19   (0.037) 0.011 0.047 0.006 0.006 
  20   (0.037) 0.011 0.083 0.007 0.006 
  21   (0.033) 0.080 0.009 0.006 0.006 
  22   (0.044) 0.154 0.012 0.008 0.007 
  23   (0.034) 0.045 0.009 0.006 0.006 

Locus 66 : locus66 
21 alleles
0.0% missing data
   1   (0.045) 0.013 0.012 0.014 0.221 
   2   (0.040) 0.012 0.011 0.007 0.090 
   3   (0.066) 0.020 0.018 0.056 0.215 
   4   (0.039) 0.012 0.011 0.009 0.115 
   5   (0.046) 0.013 0.012 0.011 0.170 
   6   (0.056) 0.017 0.015 0.065 0.065 
   7   (0.058) 0.017 0.015 0.559 0.015 
   8   (0.035) 0.010 0.009 0.062 0.006 
   9   (0.039) 0.011 0.010 0.090 0.007 
  10   (0.035) 0.010 0.010 0.034 0.006 
  11   (0.045) 0.013 0.196 0.008 0.008 
  12   (0.063) 0.053 0.201 0.011 0.011 
  13   (0.056) 0.123 0.051 0.010 0.010 
  14   (0.056) 0.052 0.088 0.010 0.009 
  15   (0.080) 0.165 0.204 0.014 0.014 
  16   (0.031) 0.009 0.045 0.005 0.005 
  17   (0.061) 0.194 0.053 0.011 0.010 
  18   (0.034) 0.045 0.009 0.006 0.006 
  19   (0.044) 0.119 0.012 0.008 0.007 
  20   (0.034) 0.045 0.009 0.006 0.006 
  21   (0.035) 0.045 0.009 0.006 0.006 

Locus 67 : locus67 
28 alleles
0.0% missing data
   1   (0.029) 0.009 0.008 0.006 0.114 
   2   (0.033) 0.010 0.009 0.007 0.115 
   3   (0.051) 0.085 0.014 0.011 0.118 
   4   (0.038) 0.011 0.010 0.010 0.281 
   5   (0.056) 0.087 0.015 0.012 0.118 
   6   (0.030) 0.009 0.008 0.008 0.057 
   7   (0.035) 0.010 0.009 0.010 0.057 
   8   (0.039) 0.011 0.010 0.169 0.009 
   9   (0.036) 0.011 0.010 0.218 0.014 
  10   (0.040) 0.012 0.011 0.197 0.009 
  11   (0.031) 0.009 0.008 0.114 0.007 
  12   (0.033) 0.010 0.009 0.088 0.006 
  13   (0.030) 0.009 0.008 0.033 0.005 
  14   (0.033) 0.010 0.009 0.033 0.006 
  15   (0.030) 0.009 0.081 0.005 0.005 
  16   (0.033) 0.010 0.082 0.006 0.006 
  17   (0.030) 0.009 0.155 0.005 0.005 
  18   (0.033) 0.010 0.082 0.006 0.006 
  19   (0.034) 0.010 0.119 0.006 0.006 
  20   (0.051) 0.086 0.087 0.009 0.009 
  21   (0.046) 0.049 0.085 0.008 0.008 
  22   (0.028) 0.008 0.044 0.005 0.005 
  23   (0.051) 0.156 0.087 0.009 0.009 
  24   (0.024) 0.042 0.006 0.004 0.004 
  25   (0.031) 0.080 0.008 0.005 0.005 
  26   (0.032) 0.115 0.009 0.006 0.005 
  27   (0.035) 0.081 0.009 0.006 0.006 
  28   (0.028) 0.043 0.008 0.005 0.005 

Locus 68 : locus68 
17 alleles
0.0% missing data
   1   (0.042) 0.012 0.011 0.010 0.115 
   2   (0.044) 0.013 0.012 0.011 0.087 
   3   (0.044) 0.013 0.012 0.009 0.252 
   4   (0.046) 0.014 0.012 0.016 0.136 
   5   (0.058) 0.052 0.016 0.016 0.059 
   6   (0.047) 0.014 0.012 0.012 0.141 
   7   (0.038) 0.011 0.010 0.007 0.061 
   8   (0.076) 0.058 0.057 0.063 0.019 
   9   (0.073) 0.022 0.424 0.040 0.012 
  10   (0.082) 0.024 0.095 0.373 0.017 
  11   (0.069) 0.020 0.128 0.092 0.015 
  12   (0.100) 0.100 0.063 0.233 0.025 
  13   (0.091) 0.097 0.061 0.085 0.029 
  14   (0.071) 0.268 0.055 0.012 0.012 
  15   (0.043) 0.154 0.011 0.007 0.007 
  16   (0.041) 0.082 0.011 0.007 0.007 
  17   (0.036) 0.046 0.010 0.006 0.006 

Locus 69 : locus69 
19 alleles
0.0% missing data
   1   (0.031) 0.009 0.008 0.005 0.033 
   2   (0.059) 0.017 0.016 0.093 0.176 
   3   (0.039) 0.011 0.010 0.011 0.142 
   4   (0.055) 0.016 0.051 0.013 0.173 
   5   (0.085) 0.025 0.133 0.060 0.190 
   6   (0.034) 0.010 0.009 0.007 0.115 
   7   (0.030) 0.009 0.008 0.005 0.033 
   8   (0.075) 0.128 0.020 0.335 0.020 
   9   (0.065) 0.054 0.091 0.038 0.011 
  10   (0.068) 0.020 0.164 0.147 0.014 
  11   (0.065) 0.054 0.091 0.038 0.011 
  12   (0.089) 0.132 0.060 0.139 0.028 
  13   (0.059) 0.052 0.053 0.038 0.010 
  14   (0.030) 0.009 0.008 0.033 0.005 
  15   (0.057) 0.087 0.162 0.010 0.010 
  16   (0.045) 0.049 0.049 0.008 0.008 
  17   (0.044) 0.048 0.048 0.008 0.008 
  18   (0.039) 0.223 0.010 0.007 0.007 
  19   (0.031) 0.044 0.008 0.005 0.005 

Locus 70 : locus70 
18 alleles
0.0% missing data
   1   (0.060) 0.088 0.016 0.013 0.118 
   2   (0.096) 0.134 0.026 0.389 0.058 
   3   (0.119) 0.070 0.105 0.198 0.202 
   4   (0.075) 0.234 0.020 0.021 0.115 
   5   (0.079) 0.058 0.204 0.014 0.069 
   6   (0.034) 0.010 0.009 0.008 0.086 
   7   (0.032) 0.009 0.008 0.006 0.033 
   8   (0.034) 0.010 0.009 0.006 0.061 
   9   (0.038) 0.011 0.010 0.014 0.082 
  10   (0.096) 0.064 0.062 0.113 0.112 
  11   (0.070) 0.126 0.018 0.145 0.017 
  12   (0.080) 0.094 0.204 0.041 0.014 
  13   (0.031) 0.009 0.045 0.005 0.005 
  14   (0.036) 0.011 0.120 0.006 0.006 
  15   (0.032) 0.009 0.045 0.005 0.005 
  16   (0.029) 0.009 0.045 0.005 0.005 
  17   (0.031) 0.009 0.045 0.005 0.005 
  18   (0.029) 0.044 0.008 0.005 0.005 

Locus 71 : locus71 
20 alleles
0.0% missing data
   1   (0.061) 0.018 0.016 0.060 0.156 
   2   (0.069) 0.020 0.018 0.129 0.144 
   3   (0.031) 0.009 0.008 0.005 0.034 
   4   (0.052) 0.050 0.014 0.009 0.066 
   5   (0.037) 0.011 0.010 0.008 0.090 
   6   (0.036) 0.011 0.010 0.006 0.120 
   7   (0.030) 0.009 0.008 0.005 0.033 
   8   (0.042) 0.012 0.011 0.012 0.115 
   9   (0.040) 0.012 0.011 0.015 0.083 
  10   (0.029) 0.009 0.008 0.005 0.033 
  11   (0.029) 0.009 0.008 0.032 0.005 
  12   (0.075) 0.022 0.277 0.117 0.016 
  13   (0.036) 0.011 0.010 0.114 0.006 
  14   (0.092) 0.168 0.024 0.298 0.030 
  15   (0.055) 0.016 0.051 0.058 0.015 
  16   (0.039) 0.011 0.010 0.085 0.009 
  17   (0.070) 0.091 0.276 0.012 0.012 
  18   (0.065) 0.160 0.091 0.011 0.011 
  19   (0.073) 0.233 0.129 0.012 0.013 
  20   (0.038) 0.117 0.010 0.006 0.007 

Locus 72 : locus72 
18 alleles
0.0% missing data
   1   (0.071) 0.056 0.019 0.022 0.279 
   2   (0.074) 0.198 0.020 0.013 0.095 
   3   (0.074) 0.022 0.093 0.016 0.120 
   4   (0.074) 0.057 0.020 0.018 0.256 
   5   (0.035) 0.011 0.009 0.006 0.034 
   6   (0.041) 0.012 0.011 0.010 0.087 
   7   (0.089) 0.168 0.024 0.171 0.025 
   8   (0.034) 0.010 0.009 0.034 0.006 
   9   (0.080) 0.058 0.021 0.394 0.020 
  10   (0.083) 0.166 0.022 0.178 0.016 
  11   (0.037) 0.011 0.010 0.058 0.010 
  12   (0.065) 0.160 0.017 0.038 0.011 
  13   (0.041) 0.012 0.158 0.007 0.007 
  14   (0.046) 0.014 0.196 0.008 0.008 
  15   (0.042) 0.012 0.157 0.007 0.007 
  16   (0.041) 0.012 0.084 0.007 0.007 
  17   (0.033) 0.010 0.046 0.006 0.006 
  18   (0.040) 0.012 0.084 0.007 0.007 

Locus 73 : locus73 
21 alleles
0.0% missing data
   1   (0.033) 0.010 0.009 0.007 0.114 
   2   (0.067) 0.091 0.018 0.039 0.066 
   3   (0.034) 0.010 0.009 0.008 0.086 
   4   (0.057) 0.087 0.015 0.014 0.088 
   5   (0.039) 0.011 0.010 0.012 0.329 
   6   (0.065) 0.090 0.017 0.039 0.038 
   7   (0.032) 0.009 0.009 0.009 0.057 
   8   (0.102) 0.171 0.101 0.074 0.072 
   9   (0.029) 0.009 0.008 0.005 0.032 
  10   (0.053) 0.016 0.051 0.145 0.013 
  11   (0.032) 0.009 0.008 0.033 0.005 
  12   (0.075) 0.057 0.094 0.084 0.024 
  13   (0.055) 0.052 0.015 0.225 0.017 
  14   (0.047) 0.014 0.123 0.036 0.008 
  15   (0.032) 0.010 0.009 0.089 0.005 
  16   (0.037) 0.011 0.010 0.142 0.010 
  17   (0.061) 0.158 0.200 0.011 0.010 
  18   (0.030) 0.009 0.081 0.005 0.005 
  19   (0.054) 0.086 0.124 0.009 0.009 
  20   (0.032) 0.009 0.082 0.006 0.005 
  21   (0.033) 0.080 0.009 0.006 0.006 

Locus 74 : locus74 
23 alleles
0.0% missing data
   1   (0.051) 0.050 0.013 0.009 0.065 
   2   (0.034) 0.010 0.009 0.006 0.091 
   3   (0.060) 0.124 0.016 0.015 0.061 
   4   (0.057) 0.017 0.089 0.013 0.091 
   5   (0.057) 0.017 0.052 0.013 0.176 
   6   (0.065) 0.089 0.017 0.019 0.173 
   7   (0.060) 0.194 0.016 0.010 0.067 
   8   (0.055) 0.087 0.015 0.015 0.060 
   9   (0.070) 0.021 0.202 0.019 0.117 
  10   (0.033) 0.010 0.009 0.060 0.006 
  11   (0.037) 0.011 0.010 0.112 0.009 
  12   (0.046) 0.013 0.012 0.435 0.013 
  13   (0.042) 0.012 0.011 0.086 0.010 
  14   (0.032) 0.009 0.008 0.084 0.008 
  15   (0.034) 0.010 0.009 0.060 0.006 
  16   (0.039) 0.012 0.303 0.007 0.007 
  17   (0.032) 0.009 0.045 0.005 0.006 
  18   (0.035) 0.010 0.083 0.006 0.006 
  19   (0.030) 0.009 0.045 0.005 0.005 
  20   (0.037) 0.117 0.010 0.006 0.006 
  21   (0.029) 0.044 0.008 0.005 0.005 
  22   (0.033) 0.080 0.009 0.006 0.006 
  23   (0.031) 0.044 0.008 0.005 0.005 

Locus 75 : locus75 
19 alleles
0.0% missing data
   1   (0.040) 0.012 0.011 0.012 0.112 
   2   (0.047) 0.014 0.013 0.013 0.279 
   3   (0.054) 0.016 0.051 0.009 0.064 
   4   (0.067) 0.020 0.128 0.016 0.090 
   5   (0.038) 0.011 0.010 0.011 0.057 
   6   (0.042) 0.012 0.011 0.011 0.141 
   7   (0.035) 0.010 0.009 0.006 0.088 
   8   (0.033) 0.010 0.009 0.006 0.033 
   9   (0.092) 0.239 0.061 0.071 0.016 
  10   (0.085) 0.166 0.023 0.315 0.019 
  11   (0.039) 0.011 0.010 0.087 0.009 
  12   (0.074) 0.022 0.093 0.170 0.021 
  13   (0.046) 0.013 0.012 0.143 0.011 
  14   (0.072) 0.056 0.056 0.062 0.018 
  15   (0.050) 0.050 0.013 0.036 0.008 
  16   (0.048) 0.014 0.379 0.008 0.008 
  17   (0.064) 0.160 0.090 0.011 0.011 
  18   (0.036) 0.046 0.010 0.006 0.006 
  19   (0.038) 0.117 0.010 0.007 0.007 

Locus 76 : locus76 
17 alleles
0.0% missing data
   1   (0.040) 0.012 0.011 0.008 0.196 
   2   (0.047) 0.014 0.013 0.017 0.190 
   3   (0.035) 0.010 0.009 0.006 0.060 
   4   (0.037) 0.011 0.010 0.009 0.085 
   5   (0.034) 0.010 0.009 0.006 0.060 
   6   (0.075) 0.057 0.020 0.063 0.099 
   7   (0.038) 0.011 0.010 0.011 0.057 
   8   (0.041) 0.012 0.011 0.013 0.110 
   9   (0.092) 0.062 0.245 0.157 0.015 
  10   (0.093) 0.098 0.172 0.065 0.023 
  11   (0.111) 0.280 0.066 0.291 0.028 
  12   (0.043) 0.013 0.011 0.173 0.010 
  13   (0.049) 0.050 0.013 0.037 0.008 
  14   (0.078) 0.058 0.131 0.064 0.019 
  15   (0.100) 0.135 0.210 0.066 0.024 
  16   (0.050) 0.085 0.050 0.009 0.008 
  17   (0.036) 0.081 0.010 0.006 0.006 

Locus 77 : locus77 
17 alleles
0.0% missing data
   1   (0.042) 0.012 0.011 0.009 0.114 
   2   (0.114) 0.174 0.030 0.083 0.311 
   3   (0.081) 0.024 0.058 0.085 0.081 
   4   (0.141) 0.112 0.111 0.119 0.312 
   5   (0.051) 0.050 0.014 0.009 0.036 
   6   (0.120) 0.035 0.289 0.343 0.063 
   7   (0.061) 0.018 0.126 0.067 0.010 
   8   (0.041) 0.012 0.011 0.174 0.010 
   9   (0.060) 0.018 0.089 0.061 0.016 
  10   (0.038) 0.011 0.120 0.007 0.006 
  11   (0.033) 0.010 0.045 0.006 0.006 
  12   (0.033) 0.010 0.045 0.006 0.006 
  13   (0.040) 0.188 0.011 0.007 0.007 
  14   (0.035) 0.046 0.009 0.006 0.006 
  15   (0.034) 0.045 0.009 0.006 0.006 
  16   (0.042) 0.188 0.011 0.007 0.007 
  17   (0.034) 0.045 0.009 0.006 0.006 

Locus 78 : locus78 
21 alleles
0.0% missing data
   1   (0.091) 0.097 0.025 0.066 0.302 
   2   (0.035) 0.010 0.009 0.006 0.063 
   3   (0.063) 0.124 0.017 0.016 0.061 
   4   (0.058) 0.017 0.016 0.075 0.112 
   5   (0.095) 0.098 0.025 0.088 0.167 
   6   (0.054) 0.051 0.014 0.011 0.120 
   7   (0.059) 0.018 0.016 0.115 0.069 
   8   (0.042) 0.012 0.011 0.246 0.012 
   9   (0.056) 0.051 0.015 0.143 0.012 
  10   (0.035) 0.010 0.009 0.033 0.006 
  11   (0.041) 0.012 0.011 0.138 0.012 
  12   (0.034) 0.010 0.229 0.006 0.006 
  13   (0.036) 0.011 0.083 0.006 0.006 
  14   (0.032) 0.010 0.045 0.005 0.006 
  15   (0.039) 0.012 0.230 0.007 0.007 
  16   (0.035) 0.010 0.119 0.006 0.006 
  17   (0.053) 0.086 0.087 0.009 0.009 
  18   (0.035) 0.116 0.009 0.006 0.006 
  19   (0.035) 0.081 0.009 0.006 0.006 
  20   (0.034) 0.081 0.009 0.006 0.006 
  21   (0.036) 0.081 0.010 0.006 0.006 

Locus 79 : locus79 
22 alleles
0.0% missing data
   1   (0.042) 0.012 0.011 0.013 0.221 
   2   (0.048) 0.014 0.013 0.015 0.275 
   3   (0.037) 0.011 0.010 0.006 0.061 
   4   (0.032) 0.010 0.009 0.006 0.033 
   5   (0.038) 0.011 0.010 0.007 0.061 
   6   (0.039) 0.012 0.010 0.007 0.089 
   7   (0.037) 0.011 0.010 0.009 0.086 
   8   (0.033) 0.010 0.009 0.006 0.033 
   9   (0.070) 0.021 0.276 0.067 0.012 
  10   (0.044) 0.013 0.012 0.197 0.012 
  11   (0.066) 0.020 0.054 0.140 0.021 
  12   (0.043) 0.013 0.011 0.229 0.008 
  13   (0.032) 0.010 0.009 0.033 0.006 
  14   (0.071) 0.021 0.092 0.200 0.019 
  15   (0.037) 0.011 0.083 0.006 0.006 
  16   (0.071) 0.162 0.165 0.012 0.012 
  17   (0.039) 0.011 0.083 0.007 0.007 
  18   (0.067) 0.161 0.091 0.012 0.011 
  19   (0.041) 0.153 0.011 0.007 0.007 
  20   (0.037) 0.081 0.010 0.006 0.006 
  21   (0.043) 0.154 0.012 0.008 0.007 
  22   (0.033) 0.080 0.009 0.006 0.006 

Locus 80 : locus80 
21 alleles
0.0% missing data
   1   (0.049) 0.014 0.013 0.011 0.174 
   2   (0.063) 0.019 0.053 0.015 0.147 
   3   (0.082) 0.024 0.242 0.022 0.118 
   4   (0.080) 0.024 0.168 0.016 0.152 
   5   (0.038) 0.011 0.010 0.007 0.035 
   6   (0.040) 0.012 0.011 0.009 0.118 
   7   (0.065) 0.019 0.017 0.104 0.111 
   8   (0.057) 0.017 0.015 0.081 0.048 
   9   (0.051) 0.015 0.014 0.440 0.013 
  10   (0.045) 0.013 0.012 0.195 0.011 
  11   (0.032) 0.009 0.009 0.033 0.006 
  12   (0.048) 0.014 0.270 0.008 0.008 
  13   (0.034) 0.010 0.046 0.006 0.006 
  14   (0.035) 0.010 0.046 0.006 0.006 
  15   (0.041) 0.118 0.011 0.007 0.007 
  16   (0.045) 0.190 0.012 0.008 0.008 
  17   (0.045) 0.154 0.012 0.008 0.008 
  18   (0.036) 0.046 0.010 0.006 0.006 
  19   (0.040) 0.082 0.011 0.007 0.007 
  20   (0.038) 0.152 0.010 0.007 0.007 
  21   (0.036) 0.046 0.009 0.006 0.006 

Locus 81 : locus81 
27 alleles
0.0% missing data
   1   (0.041) 0.012 0.011 0.013 0.167 
   2   (0.034) 0.010 0.009 0.008 0.115 
   3   (0.049) 0.015 0.013 0.064 0.036 
   4   (0.031) 0.009 0.008 0.005 0.061 
   5   (0.057) 0.017 0.015 0.214 0.053 
   6   (0.065) 0.019 0.017 0.212 0.112 
   7   (0.040) 0.012 0.011 0.011 0.196 
   8   (0.035) 0.010 0.009 0.008 0.115 
   9   (0.030) 0.009 0.008 0.005 0.033 
  10   (0.034) 0.010 0.009 0.280 0.008 
  11   (0.033) 0.010 0.009 0.057 0.009 
  12   (0.031) 0.009 0.008 0.033 0.005 
  13   (0.045) 0.013 0.305 0.008 0.008 
  14   (0.035) 0.010 0.119 0.006 0.006 
  15   (0.034) 0.010 0.119 0.006 0.006 
  16   (0.036) 0.011 0.083 0.006 0.006 
  17   (0.034) 0.010 0.083 0.006 0.006 
  18   (0.033) 0.009 0.045 0.006 0.006 
  19   (0.029) 0.009 0.044 0.005 0.005 
  20   (0.031) 0.044 0.008 0.005 0.005 
  21   (0.037) 0.152 0.010 0.006 0.006 
  22   (0.039) 0.188 0.011 0.007 0.007 
  23   (0.035) 0.116 0.009 0.006 0.006 
  24   (0.037) 0.117 0.010 0.007 0.006 
  25   (0.029) 0.044 0.008 0.005 0.005 
  26   (0.034) 0.081 0.009 0.006 0.006 
  27   (0.032) 0.045 0.009 0.006 0.005 

Locus 82 : locus82 
15 alleles
0.0% missing data
   1   (0.114) 0.069 0.250 0.060 0.175 
   2   (0.096) 0.028 0.173 0.170 0.083 
   3   (0.030) 0.009 0.008 0.005 0.033 
   4   (0.078) 0.023 0.095 0.133 0.058 
   5   (0.088) 0.026 0.060 0.286 0.100 
   6   (0.076) 0.023 0.057 0.134 0.083 
   7   (0.064) 0.230 0.017 0.011 0.068 
   8   (0.077) 0.129 0.057 0.019 0.063 
   9   (0.084) 0.095 0.132 0.021 0.064 
  10   (0.060) 0.124 0.016 0.016 0.061 
  11   (0.056) 0.193 0.015 0.010 0.038 
  12   (0.051) 0.015 0.014 0.036 0.066 
  13   (0.039) 0.012 0.010 0.014 0.083 
  14   (0.055) 0.016 0.051 0.080 0.021 
  15   (0.031) 0.009 0.045 0.005 0.005 

Locus 83 : locus83 
18 alleles
0.0% missing data
   1   (0.039) 0.011 0.010 0.011 0.137 
   2   (0.031) 0.009 0.008 0.005 0.032 
   3   (0.104) 0.313 0.028 0.132 0.071 
   4   (0.030) 0.009 0.008 0.005 0.032 
   5   (0.068) 0.197 0.018 0.016 0.088 
   6   (0.043) 0.013 0.011 0.013 0.164 
   7   (0.139) 0.111 0.147 0.284 0.125 
   8   (0.064) 0.019 0.017 0.222 0.079 
   9   (0.078) 0.093 0.168 0.014 0.040 
  10   (0.043) 0.013 0.011 0.014 0.109 
  11   (0.036) 0.011 0.010 0.011 0.056 
  12   (0.099) 0.100 0.173 0.152 0.023 
  13   (0.052) 0.015 0.051 0.061 0.013 
  14   (0.034) 0.010 0.009 0.034 0.006 
  15   (0.038) 0.011 0.157 0.007 0.006 
  16   (0.035) 0.010 0.082 0.006 0.006 
  17   (0.035) 0.010 0.083 0.006 0.006 
  18   (0.033) 0.045 0.009 0.006 0.006 

Locus 84 : locus84 
26 alleles
0.0% missing data
   1   (0.030) 0.009 0.008 0.007 0.114 
   2   (0.034) 0.010 0.009 0.008 0.086 
   3   (0.035) 0.010 0.009 0.007 0.143 
   4   (0.033) 0.010 0.009 0.008 0.086 
   5   (0.039) 0.012 0.010 0.015 0.081 
   6   (0.032) 0.010 0.009 0.008 0.086 
   7   (0.034) 0.010 0.009 0.008 0.169 
   8   (0.033) 0.010 0.009 0.008 0.086 
   9   (0.073) 0.162 0.019 0.280 0.021 
  10   (0.067) 0.196 0.018 0.090 0.015 
  11   (0.033) 0.010 0.009 0.143 0.007 
  12   (0.078) 0.199 0.021 0.144 0.020 
  13   (0.054) 0.051 0.014 0.118 0.012 
  14   (0.035) 0.010 0.009 0.089 0.006 
  15   (0.038) 0.011 0.120 0.007 0.006 
  16   (0.031) 0.009 0.081 0.005 0.005 
  17   (0.035) 0.010 0.156 0.006 0.006 
  18   (0.028) 0.008 0.044 0.005 0.005 
  19   (0.028) 0.008 0.044 0.005 0.005 
  20   (0.038) 0.011 0.120 0.007 0.007 
  21   (0.031) 0.009 0.081 0.005 0.005 
  22   (0.028) 0.008 0.044 0.005 0.005 
  23   (0.035) 0.010 0.083 0.006 0.006 
  24   (0.031) 0.009 0.045 0.005 0.005 
  25   (0.034) 0.116 0.009 0.006 0.006 
  26   (0.033) 0.080 0.009 0.006 0.006 

Locus 85 : locus85 
25 alleles
0.0% missing data
   1   (0.044) 0.013 0.012 0.011 0.309 
   2   (0.033) 0.010 0.009 0.006 0.061 
   3   (0.038) 0.011 0.010 0.014 0.138 
   4   (0.033) 0.010 0.009 0.006 0.033 
   5   (0.065) 0.195 0.017 0.011 0.067 
   6   (0.071) 0.197 0.019 0.015 0.120 
   7   (0.039) 0.012 0.010 0.015 0.081 
   8   (0.053) 0.051 0.014 0.009 0.065 
   9   (0.041) 0.012 0.011 0.225 0.009 
  10   (0.042) 0.012 0.011 0.224 0.011 
  11   (0.038) 0.011 0.010 0.141 0.010 
  12   (0.038) 0.011 0.010 0.058 0.010 
  13   (0.038) 0.011 0.010 0.086 0.009 
  14   (0.032) 0.009 0.009 0.060 0.006 
  15   (0.034) 0.010 0.009 0.057 0.010 
  16   (0.039) 0.011 0.230 0.007 0.007 
  17   (0.038) 0.011 0.230 0.007 0.007 
  18   (0.033) 0.010 0.082 0.006 0.006 
  19   (0.034) 0.010 0.083 0.006 0.006 
  20   (0.037) 0.011 0.083 0.006 0.006 
  21   (0.039) 0.012 0.084 0.007 0.007 
  22   (0.039) 0.153 0.010 0.007 0.007 
  23   (0.037) 0.117 0.010 0.006 0.006 
  24   (0.030) 0.044 0.008 0.005 0.005 
  25   (0.032) 0.045 0.009 0.006 0.006 

Locus 86 : locus86 
16 alleles
0.0% missing data
   1   (0.050) 0.015 0.013 0.012 0.146 
   2   (0.091) 0.027 0.391 0.016 0.072 
   3   (0.091) 0.097 0.024 0.026 0.230 
   4   (0.049) 0.014 0.013 0.014 0.116 
   5   (0.071) 0.056 0.019 0.014 0.151 
   6   (0.058) 0.017 0.052 0.010 0.038 
   7   (0.079) 0.023 0.021 0.108 0.112 
   8   (0.076) 0.022 0.277 0.013 0.041 
   9   (0.081) 0.059 0.022 0.278 0.022 
  10   (0.059) 0.017 0.016 0.412 0.015 
  11   (0.065) 0.019 0.054 0.059 0.017 
  12   (0.037) 0.011 0.046 0.006 0.006 
  13   (0.051) 0.227 0.014 0.009 0.009 
  14   (0.048) 0.191 0.013 0.008 0.008 
  15   (0.046) 0.084 0.012 0.008 0.008 
  16   (0.046) 0.119 0.012 0.008 0.008 

Locus 87 : locus87 
16 alleles
0.0% missing data
   1   (0.126) 0.143 0.070 0.063 0.259 
   2   (0.100) 0.064 0.174 0.023 0.181 
   3   (0.075) 0.022 0.130 0.017 0.177 
   4   (0.113) 0.139 0.214 0.024 0.099 
   5   (0.073) 0.021 0.093 0.017 0.177 
   6   (0.036) 0.011 0.010 0.060 0.006 
   7   (0.050) 0.015 0.013 0.193 0.014 
   8   (0.043) 0.013 0.011 0.141 0.009 
   9   (0.045) 0.013 0.012 0.193 0.013 
  10   (0.037) 0.011 0.010 0.060 0.006 
  11   (0.046) 0.013 0.012 0.164 0.014 
  12   (0.075) 0.269 0.093 0.013 0.013 
  13   (0.032) 0.009 0.045 0.005 0.006 
  14   (0.051) 0.050 0.050 0.009 0.009 
  15   (0.057) 0.087 0.052 0.010 0.010 
  16   (0.042) 0.118 0.011 0.007 0.007 

Locus 88 : locus88 
13 alleles
0.0% missing data
   1   (0.070) 0.056 0.019 0.019 0.338 
   2   (0.126) 0.108 0.107 0.178 0.087 
   3   (0.100) 0.135 0.173 0.017 0.072 
   4   (0.093) 0.028 0.135 0.085 0.085 
   5   (0.125) 0.072 0.253 0.127 0.080 
   6   (0.143) 0.112 0.185 0.098 0.200 
   7   (0.099) 0.206 0.063 0.032 0.085 
   8   (0.048) 0.014 0.013 0.280 0.012 
   9   (0.062) 0.053 0.017 0.114 0.018 
  10   (0.032) 0.010 0.009 0.033 0.006 
  11   (0.036) 0.081 0.010 0.006 0.006 
  12   (0.036) 0.081 0.009 0.006 0.006 
  13   (0.032) 0.045 0.008 0.005 0.005 

Locus 89 : locus89 
20 alleles
0.0% missing data
   1   (0.072) 0.021 0.203 0.019 0.196 
   2   (0.052) 0.015 0.014 0.065 0.063 
   3   (0.062) 0.018 0.053 0.020 0.219 
   4   (0.063) 0.089 0.017 0.013 0.145 
   5   (0.064) 0.019 0.017 0.088 0.154 
   6   (0.077) 0.023 0.167 0.055 0.053 
   7   (0.065) 0.019 0.164 0.018 0.059 
   8   (0.063) 0.089 0.017 0.115 0.018 
   9   (0.037) 0.011 0.010 0.088 0.008 
  10   (0.039) 0.012 0.010 0.114 0.011 
  11   (0.051) 0.086 0.014 0.037 0.009 
  12   (0.050) 0.050 0.013 0.093 0.008 
  13   (0.042) 0.012 0.011 0.199 0.011 
  14   (0.050) 0.085 0.013 0.036 0.008 
  15   (0.044) 0.013 0.232 0.008 0.007 
  16   (0.038) 0.117 0.010 0.007 0.006 
  17   (0.036) 0.116 0.010 0.006 0.006 
  18   (0.034) 0.080 0.009 0.006 0.006 
  19   (0.032) 0.080 0.009 0.006 0.005 
  20   (0.029) 0.044 0.008 0.005 0.005 

Locus 90 : locus90 
15 alleles
0.0% missing data
   1   (0.070) 0.126 0.019 0.015 0.119 
   2   (0.040) 0.012 0.011 0.009 0.087 
   3   (0.122) 0.248 0.179 0.026 0.126 
   4   (0.089) 0.061 0.170 0.015 0.098 
   5   (0.033) 0.010 0.009 0.006 0.033 
   6   (0.123) 0.177 0.106 0.038 0.252 
   7   (0.107) 0.102 0.065 0.141 0.062 
   8   (0.082) 0.024 0.279 0.021 0.145 
   9   (0.068) 0.055 0.018 0.286 0.014 
  10   (0.037) 0.011 0.010 0.058 0.010 
  11   (0.057) 0.017 0.052 0.090 0.013 
  12   (0.066) 0.019 0.054 0.199 0.018 
  13   (0.037) 0.011 0.010 0.057 0.011 
  14   (0.032) 0.009 0.009 0.033 0.005 
  15   (0.037) 0.117 0.010 0.007 0.006 

Locus 91 : locus91 
20 alleles
0.0% missing data
   1   (0.037) 0.011 0.010 0.007 0.172 
   2   (0.050) 0.121 0.013 0.009 0.037 
   3   (0.074) 0.022 0.093 0.134 0.057 
   4   (0.049) 0.014 0.123 0.008 0.036 
   5   (0.049) 0.121 0.013 0.009 0.036 
   6   (0.063) 0.089 0.017 0.019 0.226 
   7   (0.100) 0.030 0.173 0.220 0.145 
   8   (0.059) 0.088 0.016 0.021 0.082 
   9   (0.057) 0.052 0.052 0.010 0.038 
  10   (0.050) 0.120 0.013 0.009 0.036 
  11   (0.049) 0.015 0.050 0.013 0.059 
  12   (0.059) 0.017 0.052 0.225 0.015 
  13   (0.034) 0.010 0.009 0.114 0.007 
  14   (0.057) 0.017 0.125 0.088 0.014 
  15   (0.052) 0.015 0.050 0.088 0.012 
  16   (0.033) 0.010 0.082 0.006 0.006 
  17   (0.029) 0.009 0.045 0.005 0.005 
  18   (0.030) 0.009 0.045 0.005 0.005 
  19   (0.031) 0.079 0.008 0.005 0.005 
  20   (0.037) 0.152 0.010 0.006 0.006 

Locus 92 : locus92 
19 alleles
0.0% missing data
   1   (0.070) 0.021 0.019 0.057 0.298 
   2   (0.048) 0.014 0.013 0.011 0.199 
   3   (0.079) 0.023 0.021 0.247 0.111 
   4   (0.032) 0.009 0.009 0.006 0.033 
   5   (0.086) 0.025 0.059 0.168 0.055 
   6   (0.034) 0.010 0.009 0.006 0.033 
   7   (0.041) 0.012 0.011 0.012 0.112 
   8   (0.099) 0.029 0.100 0.189 0.066 
   9   (0.073) 0.022 0.130 0.149 0.015 
  10   (0.069) 0.020 0.128 0.091 0.016 
  11   (0.045) 0.013 0.268 0.008 0.008 
  12   (0.038) 0.011 0.084 0.007 0.007 
  13   (0.054) 0.051 0.088 0.009 0.009 
  14   (0.050) 0.332 0.013 0.009 0.009 
  15   (0.038) 0.082 0.010 0.007 0.006 
  16   (0.036) 0.081 0.010 0.006 0.006 
  17   (0.042) 0.153 0.011 0.007 0.007 
  18   (0.033) 0.045 0.009 0.006 0.006 
  19   (0.034) 0.045 0.009 0.006 0.006 

Locus 93 : locus93 
22 alleles
0.0% missing data
   1   (0.067) 0.020 0.091 0.015 0.203 
   2   (0.034) 0.010 0.009 0.006 0.034 
   3   (0.030) 0.009 0.008 0.005 0.033 
   4   (0.082) 0.024 0.205 0.023 0.172 
   5   (0.042) 0.012 0.011 0.010 0.172 
   6   (0.069) 0.020 0.092 0.015 0.204 
   7   (0.062) 0.018 0.090 0.016 0.061 
   8   (0.043) 0.013 0.011 0.165 0.013 
   9   (0.045) 0.013 0.012 0.360 0.011 
  10   (0.039) 0.011 0.010 0.167 0.010 
  11   (0.064) 0.089 0.017 0.089 0.014 
  12   (0.059) 0.088 0.016 0.065 0.010 
  13   (0.040) 0.012 0.121 0.007 0.007 
  14   (0.033) 0.010 0.046 0.006 0.006 
  15   (0.037) 0.011 0.120 0.006 0.006 
  16   (0.033) 0.010 0.046 0.006 0.006 
  17   (0.034) 0.010 0.046 0.006 0.006 
  18   (0.041) 0.153 0.011 0.007 0.007 
  19   (0.041) 0.223 0.011 0.007 0.007 
  20   (0.037) 0.082 0.010 0.006 0.006 
  21   (0.037) 0.117 0.010 0.006 0.006 
  22   (0.033) 0.045 0.009 0.006 0.006 

Locus 94 : locus94 
20 alleles
0.0% missing data
   1   (0.050) 0.015 0.013 0.016 0.353 
   2   (0.042) 0.012 0.011 0.011 0.138 
   3   (0.040) 0.012 0.011 0.009 0.112 
   4   (0.082) 0.059 0.022 0.178 0.046 
   5   (0.032) 0.009 0.008 0.006 0.032 
   6   (0.057) 0.017 0.052 0.013 0.114 
   7   (0.087) 0.061 0.023 0.233 0.050 
   8   (0.033) 0.010 0.009 0.006 0.032 
   9   (0.079) 0.200 0.021 0.180 0.018 
  10   (0.072) 0.162 0.019 0.119 0.019 
  11   (0.074) 0.234 0.020 0.094 0.016 
  12   (0.069) 0.126 0.018 0.085 0.022 
  13   (0.035) 0.010 0.082 0.006 0.006 
  14   (0.037) 0.011 0.083 0.007 0.006 
  15   (0.039) 0.012 0.267 0.007 0.007 
  16   (0.036) 0.010 0.083 0.006 0.006 
  17   (0.038) 0.011 0.120 0.007 0.006 
  18   (0.033) 0.010 0.045 0.006 0.005 
  19   (0.034) 0.010 0.046 0.006 0.006 
  20   (0.032) 0.010 0.045 0.006 0.005 

Locus 95 : locus95 
23 alleles
0.0% missing data
   1   (0.037) 0.011 0.010 0.009 0.087 
   2   (0.038) 0.011 0.010 0.008 0.173 
   3   (0.031) 0.009 0.008 0.005 0.033 
   4   (0.062) 0.053 0.090 0.011 0.038 
   5   (0.042) 0.012 0.011 0.015 0.249 
   6   (0.034) 0.010 0.009 0.006 0.061 
   7   (0.097) 0.134 0.136 0.027 0.172 
   8   (0.032) 0.009 0.009 0.006 0.033 
   9   (0.065) 0.090 0.054 0.011 0.039 
  10   (0.034) 0.010 0.009 0.088 0.006 
  11   (0.031) 0.009 0.008 0.057 0.009 
  12   (0.035) 0.010 0.009 0.061 0.006 
  13   (0.039) 0.011 0.010 0.168 0.010 
  14   (0.038) 0.011 0.010 0.192 0.012 
  15   (0.040) 0.012 0.011 0.169 0.010 
  16   (0.033) 0.010 0.009 0.114 0.007 
  17   (0.053) 0.051 0.198 0.009 0.009 
  18   (0.069) 0.197 0.238 0.012 0.012 
  19   (0.044) 0.048 0.048 0.008 0.007 
  20   (0.057) 0.123 0.088 0.010 0.010 
  21   (0.031) 0.080 0.008 0.005 0.005 
  22   (0.029) 0.044 0.008 0.005 0.005 
  23   (0.030) 0.044 0.008 0.005 0.005 

Locus 96 : locus96 
18 alleles
0.0% missing data
   1   (0.090) 0.097 0.024 0.130 0.093 
   2   (0.094) 0.134 0.099 0.020 0.124 
   3   (0.063) 0.019 0.090 0.021 0.084 
   4   (0.066) 0.161 0.018 0.015 0.091 
   5   (0.099) 0.100 0.100 0.024 0.232 
   6   (0.061) 0.053 0.016 0.015 0.145 
   7   (0.102) 0.136 0.027 0.187 0.123 
   8   (0.056) 0.016 0.015 0.092 0.037 
   9   (0.031) 0.009 0.008 0.033 0.005 
  10   (0.050) 0.015 0.013 0.413 0.015 
  11   (0.035) 0.010 0.083 0.006 0.006 
  12   (0.037) 0.011 0.083 0.006 0.006 
  13   (0.040) 0.012 0.157 0.007 0.007 
  14   (0.034) 0.010 0.082 0.006 0.006 
  15   (0.034) 0.010 0.082 0.006 0.006 
  16   (0.036) 0.011 0.083 0.006 0.006 
  17   (0.042) 0.154 0.011 0.007 0.007 
  18   (0.033) 0.045 0.009 0.006 0.006 

Locus 97 : locus97 
21 alleles
0.0% missing data
   1   (0.034) 0.010 0.009 0.006 0.062 
   2   (0.095) 0.063 0.026 0.333 0.165 
   3   (0.052) 0.050 0.014 0.013 0.060 
   4   (0.102) 0.136 0.027 0.224 0.198 
   5   (0.075) 0.057 0.020 0.122 0.124 
   6   (0.056) 0.017 0.015 0.049 0.166 
   7   (0.074) 0.057 0.020 0.162 0.055 
   8   (0.052) 0.051 0.014 0.013 0.061 
   9   (0.029) 0.009 0.008 0.005 0.033 
  10   (0.037) 0.011 0.193 0.006 0.006 
  11   (0.058) 0.123 0.126 0.010 0.010 
  12   (0.053) 0.050 0.234 0.009 0.009 
  13   (0.033) 0.010 0.045 0.006 0.006 
  14   (0.031) 0.009 0.045 0.005 0.005 
  15   (0.034) 0.010 0.082 0.006 0.006 
  16   (0.032) 0.009 0.045 0.005 0.005 
  17   (0.029) 0.009 0.044 0.005 0.005 
  18   (0.032) 0.080 0.009 0.006 0.006 
  19   (0.032) 0.115 0.009 0.006 0.006 
  20   (0.035) 0.081 0.009 0.006 0.006 
  21   (0.027) 0.043 0.007 0.005 0.005 

Locus 98 : locus98 
21 alleles
0.0% missing data
   1   (0.066) 0.020 0.018 0.230 0.180 
   2   (0.074) 0.128 0.020 0.023 0.221 
   3   (0.051) 0.015 0.014 0.052 0.049 
   4   (0.070) 0.021 0.019 0.146 0.181 
   5   (0.066) 0.019 0.018 0.077 0.166 
   6   (0.082) 0.024 0.058 0.181 0.097 
   7   (0.059) 0.017 0.163 0.066 0.010 
   8   (0.061) 0.018 0.053 0.116 0.017 
   9   (0.056) 0.017 0.126 0.037 0.009 
  10   (0.032) 0.009 0.045 0.006 0.005 
  11   (0.045) 0.013 0.268 0.008 0.008 
  12   (0.029) 0.009 0.044 0.005 0.005 
  13   (0.036) 0.011 0.083 0.006 0.006 
  14   (0.042) 0.188 0.011 0.007 0.007 
  15   (0.039) 0.153 0.010 0.007 0.007 
  16   (0.035) 0.081 0.009 0.006 0.006 
  17   (0.031) 0.044 0.008 0.005 0.005 
  18   (0.030) 0.044 0.008 0.005 0.005 
  19   (0.030) 0.044 0.008 0.005 0.005 
  20   (0.035) 0.081 0.009 0.006 0.006 
  21   (0.031) 0.044 0.008 0.005 0.005 

Locus 99 : locus99 
12 alleles
0.0% missing data
   1   (0.038) 0.011 0.010 0.007 0.062 
   2   (0.152) 0.115 0.077 0.230 0.264 
   3   (0.099) 0.100 0.063 0.032 0.139 
   4   (0.182) 0.124 0.159 0.346 0.213 
   5   (0.076) 0.023 0.167 0.018 0.091 
   6   (0.069) 0.020 0.092 0.016 0.090 
   7   (0.098) 0.029 0.099 0.191 0.064 
   8   (0.075) 0.058 0.094 0.013 0.040 
   9   (0.078) 0.023 0.205 0.125 0.013 
  10   (0.049) 0.261 0.013 0.009 0.008 
  11   (0.039) 0.082 0.010 0.007 0.007 
  12   (0.044) 0.154 0.012 0.008 0.007 

Locus 100 : locus100 
21 alleles
0.0% missing data
   1   (0.073) 0.092 0.020 0.019 0.230 
   2   (0.061) 0.053 0.016 0.013 0.120 
   3   (0.068) 0.126 0.018 0.018 0.116 
   4   (0.088) 0.168 0.024 0.023 0.202 
   5   (0.047) 0.014 0.049 0.008 0.036 
   6   (0.060) 0.124 0.016 0.010 0.066 
   7   (0.038) 0.011 0.010 0.008 0.116 
   8   (0.049) 0.015 0.013 0.249 0.014 
   9   (0.043) 0.013 0.011 0.169 0.010 
  10   (0.046) 0.014 0.012 0.197 0.011 
  11   (0.045) 0.013 0.012 0.111 0.013 
  12   (0.037) 0.011 0.010 0.088 0.006 
  13   (0.032) 0.010 0.009 0.033 0.006 
  14   (0.044) 0.013 0.158 0.008 0.008 
  15   (0.033) 0.010 0.045 0.006 0.006 
  16   (0.041) 0.012 0.157 0.007 0.007 
  17   (0.039) 0.012 0.157 0.007 0.007 
  18   (0.040) 0.012 0.194 0.007 0.007 
  19   (0.035) 0.010 0.046 0.006 0.006 
  20   (0.045) 0.225 0.012 0.008 0.008 
  21   (0.035) 0.045 0.009 0.006 0.006 

Values of parameters used in structure:
DATAFILE=parentandhybrid7.str,	OUTFILE=parentandhybrid4Deme_3,	NUMINDS=50,	NUMLOCI=100,	MISSING=0,	LABEL=1,	POPDATA=0,	POPFLAG=0,	PHENOTYPE=0,	EXTRACOLS=0,	MAXPOPS=4,	BURNIN=200000,	NUMREPS=200000,	USEPOPINFO=0,	INFERALPHA=1,	INFERLAMBDA=0,	POPSPECIFICLAMBDA=0,	POPALPHAS=0,	COMPUTEPROB=1,	NOADMIX=0,	ADMBURNIN=500,	UPDATEFREQ=100,	PRINTLIKES=0,	INTERMEDSAVE=0,	PRINTKLD=0,	PRINTNET=1,	PRINTLAMBDA=1,	ANCESTDIST=0,	NUMBOXES=1000,	ANCESTPINT=0.90000,	GENSBACK=2,	MIGRPRIOR=0.01000,	PRINTQHAT=0,	PRINTQSUM=1,	ALPHA=1.0000,	FREQSCORR=1,	FPRIORMEAN=0.0100,	FPRIORSD=0.0500,	ONEFST=0,	LAMBDA=1.0000,	UNIFPRIORALPHA=1,	ALPHAMAX=10.0000,	ALPHAPRIORA=1.0000,	ALPHAPRIORB=2.0000,	ALPHAPROPSD=0.0250,	STARTATPOPINFO=0,	RANDOMIZE=1,	LINKAGE=0,	METROFREQ=10,	REPORTHITRATE=0,	MARKOVPHASE=0,	PHASED=0,	PLOIDY=2,	PHASEINFO=0	LOCPRIOR=0, 	LOCPRIORINIT=1.000000, 	LOCDATA=0, 	LOCISPOP=0, 	LOCPRIORSTEP=0.100000, 	MAXLOCPRIOR=20.000000, 	SEED=1658869948,	
[STRAT parameters]:    NUMSIMSTATS=1000,	PHENOTYPECOL=-9,	POOLFREQ=10,	LOCUSxONLY=0,	EMERROR=0.00100,	MISSINGPHENO=-9,	