

----------------------------------------------------
STRUCTURE by Pritchard, Stephens and Donnelly (2000)
     and Falush, Stephens and Pritchard (2003)
       Code by Pritchard, Falush and Hubisz
             Version 2.3.4 (Jul 2012)
----------------------------------------------------



Command line arguments:   /usr/local/bin/structure -i parentandhybrid7.str -m mainparams.txt -e extraparams.txt -K 4 -o parentandhybrid4Deme_2 
Input File:    parentandhybrid7.str

Run parameters:
   50 individuals
   100 loci
   4 populations assumed
   200000 Burn-in period
   200000 Reps


--------------------------------------------
Overall proportion of membership of the
sample in each of the 4 clusters

Inferred Clusters
  1      2      3      4    
0.300  0.200  0.300  0.200  

--------------------------------------------

Allele-freq. divergence among pops (Net nucleotide distance),
computed using point estimates of P.

      1       2       3       4      
 1      -    0.0964  0.1009  0.0877  
 2   0.0964     -    0.0992  0.0793  
 3   0.1009  0.0992     -    0.0885  
 4   0.0877  0.0793  0.0885     -    

Average distances (expected heterozygosity) between individuals in same cluster:
cluster  1  : 0.8498 
cluster  2  : 0.8636 
cluster  3  : 0.8417 
cluster  4  : 0.8716 

--------------------------------------------
Estimated Ln Prob of Data   = -23099.5
Mean value of ln likelihood = -21541.8
Variance of ln likelihood   = 3115.5
Mean value of alpha         = 0.0282

Mean value of Fst_1         = 0.1393
Mean value of Fst_2         = 0.1205
Mean value of Fst_3         = 0.1387
Mean value of Fst_4         = 0.1070


Inferred ancestry of individuals:
        Label (%Miss) :  Inferred clusters
  1       01    (0)   :  0.998 0.001 0.000 0.000 
  2       02    (0)   :  0.998 0.000 0.001 0.001 
  3       03    (0)   :  0.998 0.001 0.001 0.001 
  4       04    (0)   :  0.999 0.000 0.001 0.001 
  5       05    (0)   :  0.999 0.000 0.001 0.001 
  6       06    (0)   :  0.999 0.000 0.001 0.000 
  7       07    (0)   :  0.998 0.000 0.001 0.001 
  8       08    (0)   :  0.999 0.000 0.000 0.000 
  9       09    (0)   :  0.999 0.000 0.000 0.001 
 10       10    (0)   :  0.999 0.000 0.000 0.001 
 11       11    (0)   :  0.000 0.001 0.999 0.000 
 12       12    (0)   :  0.001 0.000 0.999 0.000 
 13       13    (0)   :  0.001 0.000 0.998 0.000 
 14       14    (0)   :  0.001 0.001 0.998 0.001 
 15       15    (0)   :  0.000 0.001 0.998 0.001 
 16       16    (0)   :  0.001 0.001 0.998 0.001 
 17       17    (0)   :  0.000 0.000 0.998 0.001 
 18       18    (0)   :  0.000 0.001 0.998 0.000 
 19       19    (0)   :  0.001 0.001 0.998 0.001 
 20       20    (0)   :  0.001 0.002 0.997 0.001 
 21      h01    (0)   :  0.538 0.000 0.461 0.000 
 22      h02    (0)   :  0.470 0.000 0.529 0.000 
 23      h03    (0)   :  0.485 0.000 0.514 0.000 
 24      h04    (0)   :  0.509 0.000 0.490 0.000 
 25      h05    (0)   :  0.499 0.000 0.501 0.000 
 26      h06    (0)   :  0.503 0.000 0.496 0.000 
 27      h07    (0)   :  0.498 0.000 0.502 0.000 
 28      h08    (0)   :  0.503 0.000 0.496 0.000 
 29      h09    (0)   :  0.506 0.000 0.493 0.000 
 30      h10    (0)   :  0.483 0.000 0.516 0.000 
 31       21    (0)   :  0.000 0.999 0.001 0.000 
 32       22    (0)   :  0.001 0.998 0.000 0.001 
 33       23    (0)   :  0.000 0.999 0.000 0.000 
 34       24    (0)   :  0.000 0.998 0.001 0.001 
 35       25    (0)   :  0.000 0.998 0.001 0.001 
 36       26    (0)   :  0.000 0.999 0.000 0.000 
 37       27    (0)   :  0.001 0.999 0.000 0.001 
 38       28    (0)   :  0.000 0.999 0.000 0.000 
 39       29    (0)   :  0.000 0.999 0.000 0.000 
 40       30    (0)   :  0.000 0.999 0.000 0.000 
 41       31    (0)   :  0.000 0.001 0.001 0.998 
 42       32    (0)   :  0.001 0.001 0.001 0.998 
 43       33    (0)   :  0.000 0.000 0.000 0.999 
 44       34    (0)   :  0.001 0.001 0.000 0.998 
 45       35    (0)   :  0.000 0.000 0.001 0.999 
 46       36    (0)   :  0.001 0.000 0.000 0.999 
 47       37    (0)   :  0.000 0.000 0.000 0.999 
 48       38    (0)   :  0.000 0.002 0.001 0.997 
 49       39    (0)   :  0.000 0.000 0.000 0.999 
 50       40    (0)   :  0.000 0.001 0.001 0.998 


Estimated Allele Frequencies in each cluster
First column gives estimated ancestral frequencies


Locus 1 : locus1 
13 alleles
0.0% missing data
   1   (0.076) 0.093 0.167 0.017 0.022 
   2   (0.110) 0.161 0.213 0.070 0.032 
   3   (0.132) 0.297 0.072 0.137 0.074 
   4   (0.050) 0.259 0.013 0.012 0.015 
   5   (0.107) 0.075 0.065 0.099 0.067 
   6   (0.042) 0.010 0.011 0.086 0.012 
   7   (0.103) 0.032 0.064 0.329 0.065 
   8   (0.110) 0.019 0.102 0.073 0.279 
   9   (0.067) 0.017 0.018 0.142 0.054 
  10   (0.036) 0.006 0.046 0.006 0.011 
  11   (0.058) 0.010 0.089 0.010 0.052 
  12   (0.063) 0.011 0.127 0.011 0.054 
  13   (0.049) 0.008 0.013 0.008 0.261 

Locus 2 : locus2 
22 alleles
0.0% missing data
   1   (0.039) 0.194 0.011 0.011 0.012 
   2   (0.036) 0.057 0.010 0.010 0.011 
   3   (0.040) 0.219 0.011 0.013 0.012 
   4   (0.040) 0.111 0.011 0.012 0.012 
   5   (0.037) 0.170 0.010 0.006 0.011 
   6   (0.036) 0.088 0.010 0.006 0.011 
   7   (0.066) 0.020 0.091 0.171 0.020 
   8   (0.031) 0.005 0.008 0.033 0.009 
   9   (0.039) 0.009 0.011 0.117 0.012 
  10   (0.038) 0.006 0.010 0.147 0.011 
  11   (0.055) 0.009 0.125 0.037 0.016 
  12   (0.068) 0.017 0.128 0.146 0.020 
  13   (0.039) 0.014 0.010 0.082 0.011 
  14   (0.074) 0.020 0.203 0.117 0.022 
  15   (0.049) 0.008 0.050 0.036 0.014 
  16   (0.039) 0.006 0.120 0.007 0.011 
  17   (0.073) 0.012 0.092 0.013 0.304 
  18   (0.065) 0.011 0.054 0.011 0.195 
  19   (0.031) 0.005 0.008 0.005 0.044 
  20   (0.035) 0.006 0.009 0.006 0.045 
  21   (0.039) 0.007 0.010 0.007 0.152 
  22   (0.033) 0.006 0.009 0.006 0.045 

Locus 3 : locus3 
18 alleles
0.0% missing data
   1   (0.040) 0.088 0.011 0.009 0.012 
   2   (0.067) 0.149 0.128 0.013 0.020 
   3   (0.036) 0.062 0.010 0.006 0.011 
   4   (0.034) 0.062 0.009 0.006 0.010 
   5   (0.079) 0.252 0.131 0.025 0.023 
   6   (0.073) 0.084 0.166 0.024 0.022 
   7   (0.033) 0.034 0.009 0.006 0.010 
   8   (0.049) 0.036 0.049 0.008 0.014 
   9   (0.034) 0.034 0.009 0.006 0.010 
  10   (0.033) 0.034 0.009 0.006 0.010 
  11   (0.037) 0.058 0.010 0.010 0.011 
  12   (0.117) 0.024 0.067 0.153 0.493 
  13   (0.040) 0.012 0.011 0.111 0.012 
  14   (0.066) 0.018 0.054 0.279 0.019 
  15   (0.066) 0.017 0.018 0.143 0.090 
  16   (0.091) 0.016 0.135 0.125 0.097 
  17   (0.036) 0.010 0.010 0.057 0.011 
  18   (0.069) 0.012 0.165 0.012 0.126 

Locus 4 : locus4 
17 alleles
0.0% missing data
   1   (0.040) 0.090 0.011 0.007 0.012 
   2   (0.047) 0.309 0.013 0.012 0.014 
   3   (0.041) 0.200 0.011 0.008 0.012 
   4   (0.037) 0.058 0.010 0.010 0.011 
   5   (0.098) 0.085 0.210 0.031 0.064 
   6   (0.038) 0.058 0.010 0.010 0.011 
   7   (0.036) 0.057 0.010 0.010 0.011 
   8   (0.042) 0.012 0.011 0.113 0.012 
   9   (0.110) 0.022 0.103 0.154 0.209 
  10   (0.065) 0.011 0.018 0.066 0.195 
  11   (0.065) 0.015 0.054 0.172 0.019 
  12   (0.120) 0.028 0.142 0.178 0.212 
  13   (0.089) 0.022 0.097 0.146 0.061 
  14   (0.037) 0.010 0.010 0.057 0.011 
  15   (0.038) 0.006 0.120 0.006 0.011 
  16   (0.039) 0.007 0.120 0.007 0.012 
  17   (0.059) 0.010 0.052 0.010 0.123 

Locus 5 : locus5 
16 alleles
0.0% missing data
   1   (0.109) 0.162 0.066 0.096 0.067 
   2   (0.135) 0.143 0.072 0.152 0.181 
   3   (0.075) 0.153 0.020 0.205 0.022 
   4   (0.136) 0.362 0.110 0.123 0.075 
   5   (0.130) 0.111 0.035 0.240 0.285 
   6   (0.034) 0.006 0.009 0.034 0.010 
   7   (0.034) 0.006 0.009 0.062 0.010 
   8   (0.055) 0.009 0.015 0.038 0.087 
   9   (0.046) 0.008 0.341 0.008 0.013 
  10   (0.040) 0.007 0.121 0.007 0.012 
  11   (0.032) 0.005 0.045 0.006 0.009 
  12   (0.037) 0.006 0.083 0.006 0.011 
  13   (0.034) 0.006 0.046 0.006 0.010 
  14   (0.032) 0.005 0.009 0.006 0.045 
  15   (0.038) 0.006 0.010 0.007 0.082 
  16   (0.035) 0.006 0.010 0.006 0.081 

Locus 6 : locus6 
20 alleles
0.0% missing data
   1   (0.102) 0.132 0.027 0.096 0.242 
   2   (0.064) 0.339 0.017 0.014 0.054 
   3   (0.061) 0.197 0.016 0.016 0.053 
   4   (0.077) 0.086 0.021 0.051 0.093 
   5   (0.068) 0.113 0.091 0.020 0.020 
   6   (0.041) 0.008 0.011 0.172 0.012 
   7   (0.030) 0.005 0.008 0.033 0.009 
   8   (0.090) 0.020 0.097 0.122 0.132 
   9   (0.042) 0.012 0.011 0.113 0.013 
  10   (0.042) 0.011 0.011 0.142 0.012 
  11   (0.032) 0.006 0.009 0.033 0.010 
  12   (0.041) 0.015 0.011 0.082 0.012 
  13   (0.039) 0.011 0.010 0.058 0.011 
  14   (0.039) 0.007 0.194 0.007 0.011 
  15   (0.037) 0.006 0.120 0.007 0.011 
  16   (0.055) 0.009 0.051 0.010 0.122 
  17   (0.037) 0.006 0.193 0.006 0.011 
  18   (0.034) 0.006 0.082 0.006 0.010 
  19   (0.037) 0.006 0.010 0.006 0.116 
  20   (0.031) 0.005 0.008 0.005 0.044 

Locus 7 : locus7 
17 alleles
0.0% missing data
   1   (0.060) 0.038 0.163 0.010 0.018 
   2   (0.073) 0.179 0.020 0.095 0.022 
   3   (0.045) 0.173 0.012 0.010 0.013 
   4   (0.064) 0.067 0.127 0.011 0.019 
   5   (0.065) 0.121 0.054 0.014 0.019 
   6   (0.043) 0.173 0.011 0.010 0.013 
   7   (0.065) 0.116 0.054 0.018 0.019 
   8   (0.079) 0.017 0.021 0.120 0.199 
   9   (0.083) 0.023 0.022 0.197 0.130 
  10   (0.077) 0.023 0.021 0.167 0.093 
  11   (0.059) 0.010 0.016 0.092 0.053 
  12   (0.097) 0.024 0.026 0.145 0.346 
  13   (0.039) 0.009 0.010 0.086 0.012 
  14   (0.043) 0.007 0.231 0.007 0.013 
  15   (0.037) 0.006 0.083 0.006 0.011 
  16   (0.038) 0.007 0.083 0.007 0.011 
  17   (0.035) 0.006 0.046 0.006 0.010 

Locus 8 : locus8 
24 alleles
0.0% missing data
   1   (0.067) 0.037 0.128 0.012 0.090 
   2   (0.054) 0.057 0.161 0.015 0.016 
   3   (0.037) 0.164 0.010 0.009 0.011 
   4   (0.039) 0.192 0.010 0.009 0.011 
   5   (0.051) 0.089 0.014 0.009 0.085 
   6   (0.080) 0.083 0.241 0.054 0.024 
   7   (0.076) 0.148 0.093 0.095 0.022 
   8   (0.047) 0.056 0.013 0.014 0.049 
   9   (0.050) 0.078 0.050 0.020 0.015 
  10   (0.034) 0.006 0.009 0.063 0.010 
  11   (0.035) 0.010 0.009 0.117 0.010 
  12   (0.033) 0.005 0.009 0.092 0.010 
  13   (0.033) 0.005 0.009 0.121 0.010 
  14   (0.034) 0.009 0.009 0.060 0.010 
  15   (0.035) 0.010 0.009 0.116 0.010 
  16   (0.028) 0.005 0.008 0.034 0.008 
  17   (0.030) 0.007 0.008 0.090 0.009 
  18   (0.050) 0.008 0.161 0.037 0.015 
  19   (0.033) 0.005 0.009 0.006 0.115 
  20   (0.035) 0.006 0.009 0.006 0.116 
  21   (0.026) 0.004 0.007 0.005 0.043 
  22   (0.035) 0.006 0.009 0.006 0.187 
  23   (0.031) 0.005 0.008 0.006 0.080 
  24   (0.026) 0.004 0.007 0.005 0.043 

Locus 9 : locus9 
17 alleles
0.0% missing data
   1   (0.041) 0.112 0.011 0.012 0.012 
   2   (0.081) 0.080 0.058 0.114 0.024 
   3   (0.059) 0.150 0.016 0.062 0.018 
   4   (0.044) 0.278 0.012 0.012 0.013 
   5   (0.066) 0.127 0.018 0.089 0.020 
   6   (0.066) 0.122 0.018 0.067 0.019 
   7   (0.048) 0.008 0.050 0.036 0.014 
   8   (0.140) 0.039 0.147 0.425 0.217 
   9   (0.035) 0.006 0.009 0.034 0.010 
  10   (0.073) 0.013 0.056 0.040 0.092 
  11   (0.060) 0.015 0.090 0.060 0.018 
  12   (0.062) 0.011 0.163 0.011 0.089 
  13   (0.053) 0.009 0.051 0.009 0.086 
  14   (0.062) 0.011 0.089 0.011 0.159 
  15   (0.040) 0.007 0.193 0.007 0.012 
  16   (0.035) 0.006 0.009 0.006 0.116 
  17   (0.036) 0.006 0.010 0.006 0.081 

Locus 10 : locus10 
15 alleles
0.0% missing data
   1   (0.113) 0.316 0.140 0.114 0.034 
   2   (0.098) 0.256 0.136 0.058 0.029 
   3   (0.071) 0.174 0.019 0.020 0.091 
   4   (0.057) 0.061 0.052 0.015 0.017 
   5   (0.037) 0.059 0.010 0.010 0.011 
   6   (0.049) 0.015 0.013 0.354 0.014 
   7   (0.082) 0.020 0.095 0.090 0.059 
   8   (0.084) 0.018 0.095 0.119 0.060 
   9   (0.080) 0.020 0.058 0.061 0.094 
  10   (0.050) 0.009 0.050 0.035 0.015 
  11   (0.057) 0.014 0.052 0.087 0.017 
  12   (0.073) 0.013 0.092 0.012 0.304 
  13   (0.057) 0.010 0.125 0.010 0.052 
  14   (0.048) 0.008 0.050 0.008 0.049 
  15   (0.043) 0.007 0.011 0.007 0.154 

Locus 11 : locus11 
19 alleles
0.0% missing data
   1   (0.111) 0.219 0.140 0.205 0.033 
   2   (0.062) 0.096 0.126 0.010 0.018 
   3   (0.069) 0.207 0.128 0.015 0.020 
   4   (0.090) 0.167 0.097 0.087 0.027 
   5   (0.099) 0.091 0.173 0.188 0.029 
   6   (0.062) 0.093 0.126 0.013 0.018 
   7   (0.048) 0.037 0.050 0.008 0.014 
   8   (0.044) 0.011 0.012 0.274 0.013 
   9   (0.038) 0.007 0.010 0.060 0.011 
  10   (0.053) 0.015 0.050 0.058 0.016 
  11   (0.034) 0.006 0.009 0.033 0.010 
  12   (0.036) 0.006 0.010 0.006 0.081 
  13   (0.039) 0.007 0.011 0.007 0.188 
  14   (0.039) 0.007 0.011 0.007 0.152 
  15   (0.033) 0.006 0.009 0.006 0.045 
  16   (0.036) 0.006 0.010 0.006 0.081 
  17   (0.040) 0.007 0.011 0.007 0.153 
  18   (0.033) 0.006 0.009 0.006 0.045 
  19   (0.033) 0.006 0.009 0.006 0.045 

Locus 12 : locus12 
27 alleles
0.0% missing data
   1   (0.036) 0.144 0.010 0.007 0.011 
   2   (0.055) 0.090 0.051 0.013 0.016 
   3   (0.035) 0.113 0.009 0.010 0.010 
   4   (0.051) 0.059 0.014 0.013 0.050 
   5   (0.035) 0.087 0.009 0.008 0.010 
   6   (0.036) 0.062 0.010 0.006 0.011 
   7   (0.040) 0.199 0.011 0.009 0.012 
   8   (0.037) 0.113 0.010 0.011 0.011 
   9   (0.040) 0.012 0.011 0.111 0.012 
  10   (0.044) 0.010 0.012 0.307 0.013 
  11   (0.041) 0.010 0.011 0.087 0.012 
  12   (0.024) 0.006 0.007 0.167 0.007 
  13   (0.043) 0.007 0.012 0.035 0.048 
  14   (0.036) 0.011 0.010 0.111 0.011 
  15   (0.027) 0.005 0.007 0.032 0.008 
  16   (0.039) 0.007 0.303 0.007 0.012 
  17   (0.035) 0.006 0.119 0.006 0.010 
  18   (0.033) 0.006 0.119 0.006 0.010 
  19   (0.033) 0.006 0.155 0.006 0.010 
  20   (0.034) 0.006 0.046 0.006 0.010 
  21   (0.035) 0.006 0.009 0.006 0.116 
  22   (0.037) 0.006 0.010 0.006 0.117 
  23   (0.032) 0.006 0.009 0.006 0.045 
  24   (0.037) 0.006 0.010 0.006 0.117 
  25   (0.035) 0.006 0.009 0.006 0.116 
  26   (0.035) 0.006 0.010 0.006 0.046 
  27   (0.032) 0.006 0.009 0.006 0.150 

Locus 13 : locus13 
20 alleles
0.0% missing data
   1   (0.088) 0.255 0.024 0.111 0.061 
   2   (0.051) 0.037 0.014 0.008 0.085 
   3   (0.101) 0.127 0.027 0.288 0.135 
   4   (0.057) 0.093 0.015 0.012 0.087 
   5   (0.056) 0.063 0.015 0.147 0.017 
   6   (0.060) 0.085 0.126 0.020 0.018 
   7   (0.039) 0.120 0.010 0.008 0.012 
   8   (0.047) 0.037 0.049 0.008 0.014 
   9   (0.055) 0.092 0.088 0.012 0.016 
  10   (0.035) 0.006 0.009 0.060 0.010 
  11   (0.065) 0.016 0.017 0.167 0.089 
  12   (0.060) 0.017 0.016 0.111 0.088 
  13   (0.061) 0.011 0.273 0.010 0.088 
  14   (0.036) 0.006 0.119 0.006 0.011 
  15   (0.031) 0.006 0.082 0.005 0.009 
  16   (0.032) 0.006 0.082 0.005 0.009 
  17   (0.032) 0.006 0.009 0.005 0.080 
  18   (0.035) 0.006 0.009 0.006 0.081 
  19   (0.029) 0.005 0.008 0.005 0.044 
  20   (0.028) 0.005 0.007 0.005 0.044 

Locus 14 : locus14 
17 alleles
0.0% missing data
   1   (0.068) 0.245 0.018 0.054 0.020 
   2   (0.171) 0.105 0.303 0.174 0.192 
   3   (0.044) 0.080 0.012 0.017 0.013 
   4   (0.040) 0.086 0.011 0.010 0.012 
   5   (0.069) 0.050 0.018 0.279 0.020 
   6   (0.067) 0.093 0.018 0.095 0.020 
   7   (0.089) 0.247 0.060 0.059 0.026 
   8   (0.064) 0.015 0.054 0.174 0.019 
   9   (0.074) 0.025 0.020 0.084 0.128 
  10   (0.033) 0.006 0.045 0.006 0.010 
  11   (0.049) 0.008 0.050 0.009 0.050 
  12   (0.035) 0.006 0.119 0.006 0.010 
  13   (0.030) 0.005 0.045 0.005 0.009 
  14   (0.040) 0.007 0.120 0.007 0.012 
  15   (0.036) 0.006 0.083 0.006 0.011 
  16   (0.046) 0.008 0.012 0.008 0.260 
  17   (0.045) 0.008 0.012 0.008 0.189 

Locus 15 : locus15 
15 alleles
0.0% missing data
   1   (0.088) 0.179 0.244 0.020 0.026 
   2   (0.065) 0.179 0.054 0.012 0.019 
   3   (0.086) 0.099 0.023 0.095 0.061 
   4   (0.113) 0.157 0.140 0.022 0.139 
   5   (0.112) 0.182 0.067 0.025 0.210 
   6   (0.075) 0.106 0.093 0.030 0.022 
   7   (0.050) 0.012 0.014 0.358 0.015 
   8   (0.045) 0.013 0.012 0.192 0.013 
   9   (0.067) 0.016 0.018 0.089 0.090 
  10   (0.063) 0.015 0.017 0.088 0.054 
  11   (0.079) 0.014 0.058 0.040 0.129 
  12   (0.043) 0.007 0.194 0.007 0.013 
  13   (0.035) 0.006 0.046 0.006 0.010 
  14   (0.041) 0.007 0.011 0.007 0.118 
  15   (0.038) 0.007 0.010 0.006 0.082 

Locus 16 : locus16 
14 alleles
0.0% missing data
   1   (0.049) 0.342 0.013 0.011 0.014 
   2   (0.041) 0.063 0.011 0.007 0.012 
   3   (0.076) 0.041 0.057 0.068 0.023 
   4   (0.133) 0.150 0.072 0.225 0.074 
   5   (0.087) 0.258 0.023 0.024 0.132 
   6   (0.144) 0.043 0.258 0.143 0.184 
   7   (0.068) 0.012 0.018 0.121 0.090 
   8   (0.045) 0.017 0.012 0.080 0.013 
   9   (0.083) 0.024 0.022 0.168 0.130 
  10   (0.080) 0.017 0.021 0.120 0.164 
  11   (0.044) 0.008 0.121 0.007 0.013 
  12   (0.043) 0.008 0.195 0.007 0.013 
  13   (0.039) 0.007 0.084 0.007 0.011 
  14   (0.069) 0.012 0.092 0.012 0.126 

Locus 17 : locus17 
24 alleles
0.0% missing data
   1   (0.069) 0.244 0.018 0.219 0.020 
   2   (0.054) 0.058 0.088 0.015 0.016 
   3   (0.032) 0.056 0.009 0.009 0.009 
   4   (0.038) 0.274 0.010 0.009 0.011 
   5   (0.035) 0.112 0.009 0.008 0.010 
   6   (0.029) 0.032 0.008 0.005 0.009 
   7   (0.048) 0.097 0.013 0.056 0.014 
   8   (0.038) 0.008 0.010 0.232 0.011 
   9   (0.031) 0.005 0.008 0.062 0.009 
  10   (0.045) 0.008 0.085 0.036 0.013 
  11   (0.031) 0.005 0.009 0.034 0.009 
  12   (0.061) 0.013 0.126 0.093 0.018 
  13   (0.055) 0.014 0.161 0.061 0.016 
  14   (0.036) 0.008 0.010 0.089 0.011 
  15   (0.053) 0.009 0.124 0.009 0.086 
  16   (0.046) 0.008 0.086 0.008 0.049 
  17   (0.051) 0.008 0.050 0.009 0.192 
  18   (0.049) 0.008 0.086 0.009 0.050 
  19   (0.044) 0.007 0.048 0.008 0.048 
  20   (0.035) 0.006 0.009 0.006 0.081 
  21   (0.027) 0.004 0.007 0.005 0.043 
  22   (0.034) 0.006 0.009 0.006 0.186 
  23   (0.027) 0.005 0.007 0.005 0.043 
  24   (0.032) 0.005 0.009 0.006 0.045 

Locus 18 : locus18 
21 alleles
0.0% missing data
   1   (0.073) 0.367 0.019 0.017 0.128 
   2   (0.051) 0.036 0.014 0.009 0.086 
   3   (0.067) 0.119 0.018 0.014 0.160 
   4   (0.051) 0.036 0.014 0.009 0.086 
   5   (0.063) 0.248 0.017 0.021 0.053 
   6   (0.055) 0.065 0.015 0.010 0.122 
   7   (0.051) 0.009 0.087 0.036 0.015 
   8   (0.079) 0.024 0.131 0.335 0.023 
   9   (0.041) 0.010 0.011 0.170 0.012 
  10   (0.069) 0.015 0.238 0.119 0.020 
  11   (0.032) 0.005 0.008 0.033 0.009 
  12   (0.049) 0.008 0.050 0.064 0.015 
  13   (0.060) 0.014 0.089 0.090 0.018 
  14   (0.050) 0.009 0.124 0.036 0.015 
  15   (0.032) 0.005 0.045 0.005 0.009 
  16   (0.031) 0.005 0.045 0.005 0.009 
  17   (0.031) 0.005 0.045 0.005 0.009 
  18   (0.032) 0.005 0.009 0.006 0.045 
  19   (0.029) 0.005 0.008 0.005 0.044 
  20   (0.030) 0.005 0.008 0.005 0.079 
  21   (0.027) 0.005 0.007 0.005 0.043 

Locus 19 : locus19 
15 alleles
0.0% missing data
   1   (0.101) 0.304 0.138 0.059 0.030 
   2   (0.055) 0.036 0.088 0.010 0.016 
   3   (0.060) 0.080 0.052 0.022 0.018 
   4   (0.119) 0.199 0.069 0.061 0.141 
   5   (0.053) 0.050 0.014 0.051 0.016 
   6   (0.143) 0.160 0.075 0.248 0.183 
   7   (0.041) 0.080 0.011 0.015 0.012 
   8   (0.068) 0.012 0.018 0.209 0.091 
   9   (0.118) 0.031 0.068 0.177 0.387 
  10   (0.061) 0.017 0.016 0.116 0.053 
  11   (0.034) 0.006 0.046 0.006 0.010 
  12   (0.038) 0.006 0.120 0.007 0.011 
  13   (0.042) 0.007 0.158 0.007 0.012 
  14   (0.035) 0.006 0.082 0.006 0.010 
  15   (0.032) 0.005 0.045 0.006 0.010 

Locus 20 : locus20 
26 alleles
0.0% missing data
   1   (0.037) 0.177 0.010 0.008 0.011 
   2   (0.049) 0.095 0.013 0.035 0.015 
   3   (0.070) 0.178 0.019 0.255 0.021 
   4   (0.033) 0.063 0.009 0.005 0.010 
   5   (0.030) 0.034 0.008 0.005 0.009 
   6   (0.035) 0.060 0.010 0.010 0.010 
   7   (0.029) 0.034 0.008 0.005 0.009 
   8   (0.055) 0.224 0.015 0.050 0.016 
   9   (0.035) 0.010 0.010 0.188 0.010 
  10   (0.037) 0.008 0.010 0.165 0.011 
  11   (0.036) 0.008 0.010 0.111 0.011 
  12   (0.038) 0.016 0.010 0.077 0.011 
  13   (0.043) 0.008 0.341 0.007 0.013 
  14   (0.033) 0.006 0.082 0.006 0.010 
  15   (0.034) 0.006 0.046 0.006 0.010 
  16   (0.052) 0.009 0.050 0.009 0.086 
  17   (0.051) 0.009 0.050 0.009 0.156 
  18   (0.048) 0.009 0.086 0.008 0.049 
  19   (0.030) 0.005 0.045 0.005 0.009 
  20   (0.034) 0.006 0.082 0.006 0.010 
  21   (0.029) 0.005 0.044 0.005 0.009 
  22   (0.033) 0.006 0.009 0.005 0.080 
  23   (0.038) 0.007 0.010 0.006 0.223 
  24   (0.031) 0.006 0.008 0.005 0.115 
  25   (0.029) 0.005 0.008 0.005 0.044 
  26   (0.032) 0.006 0.008 0.005 0.044 

Locus 21 : locus21 
23 alleles
0.0% missing data
   1   (0.037) 0.143 0.010 0.008 0.011 
   2   (0.038) 0.222 0.010 0.012 0.011 
   3   (0.033) 0.058 0.009 0.009 0.010 
   4   (0.054) 0.092 0.088 0.009 0.016 
   5   (0.092) 0.085 0.025 0.085 0.274 
   6   (0.084) 0.056 0.023 0.166 0.166 
   7   (0.037) 0.087 0.010 0.009 0.011 
   8   (0.056) 0.049 0.015 0.164 0.017 
   9   (0.032) 0.057 0.009 0.009 0.009 
  10   (0.084) 0.066 0.022 0.294 0.060 
  11   (0.035) 0.010 0.009 0.058 0.010 
  12   (0.051) 0.012 0.014 0.089 0.050 
  13   (0.048) 0.008 0.013 0.036 0.085 
  14   (0.036) 0.006 0.193 0.006 0.011 
  15   (0.031) 0.005 0.081 0.005 0.009 
  16   (0.037) 0.006 0.193 0.006 0.011 
  17   (0.031) 0.005 0.081 0.005 0.009 
  18   (0.031) 0.005 0.081 0.005 0.009 
  19   (0.031) 0.005 0.045 0.005 0.009 
  20   (0.029) 0.005 0.045 0.005 0.009 
  21   (0.033) 0.006 0.009 0.006 0.080 
  22   (0.031) 0.005 0.008 0.005 0.080 
  23   (0.031) 0.005 0.008 0.005 0.044 

Locus 22 : locus22 
19 alleles
0.0% missing data
   1   (0.035) 0.140 0.009 0.007 0.010 
   2   (0.059) 0.050 0.016 0.138 0.018 
   3   (0.058) 0.115 0.016 0.068 0.017 
   4   (0.064) 0.122 0.017 0.093 0.019 
   5   (0.041) 0.138 0.011 0.012 0.012 
   6   (0.038) 0.109 0.010 0.012 0.011 
   7   (0.036) 0.085 0.010 0.009 0.011 
   8   (0.118) 0.070 0.068 0.165 0.211 
   9   (0.050) 0.035 0.013 0.065 0.015 
  10   (0.106) 0.060 0.102 0.143 0.102 
  11   (0.055) 0.012 0.015 0.092 0.051 
  12   (0.062) 0.016 0.163 0.062 0.018 
  13   (0.060) 0.010 0.016 0.038 0.264 
  14   (0.033) 0.006 0.009 0.063 0.010 
  15   (0.041) 0.007 0.230 0.007 0.012 
  16   (0.039) 0.006 0.157 0.007 0.011 
  17   (0.035) 0.006 0.119 0.006 0.010 
  18   (0.037) 0.006 0.010 0.007 0.117 
  19   (0.033) 0.006 0.009 0.006 0.080 

Locus 23 : locus23 
26 alleles
0.0% missing data
   1   (0.055) 0.174 0.015 0.011 0.087 
   2   (0.060) 0.112 0.016 0.157 0.018 
   3   (0.073) 0.082 0.020 0.082 0.092 
   4   (0.033) 0.057 0.009 0.009 0.010 
   5   (0.075) 0.177 0.020 0.097 0.057 
   6   (0.032) 0.057 0.009 0.009 0.010 
   7   (0.049) 0.090 0.013 0.093 0.014 
   8   (0.062) 0.093 0.017 0.093 0.053 
   9   (0.048) 0.062 0.013 0.064 0.014 
  10   (0.027) 0.005 0.007 0.060 0.008 
  11   (0.025) 0.004 0.007 0.032 0.007 
  12   (0.032) 0.006 0.009 0.089 0.010 
  13   (0.037) 0.014 0.010 0.137 0.011 
  14   (0.033) 0.006 0.229 0.006 0.010 
  15   (0.032) 0.005 0.082 0.005 0.009 
  16   (0.031) 0.005 0.081 0.005 0.009 
  17   (0.037) 0.006 0.266 0.006 0.011 
  18   (0.030) 0.005 0.081 0.005 0.009 
  19   (0.026) 0.004 0.044 0.005 0.008 
  20   (0.028) 0.005 0.008 0.005 0.044 
  21   (0.034) 0.006 0.009 0.006 0.151 
  22   (0.031) 0.005 0.008 0.005 0.150 
  23   (0.026) 0.004 0.007 0.004 0.043 
  24   (0.029) 0.005 0.008 0.005 0.079 
  25   (0.029) 0.005 0.008 0.005 0.044 
  26   (0.027) 0.005 0.007 0.005 0.043 

Locus 24 : locus24 
17 alleles
0.0% missing data
   1   (0.082) 0.054 0.205 0.057 0.024 
   2   (0.067) 0.083 0.018 0.304 0.020 
   3   (0.050) 0.036 0.050 0.009 0.015 
   4   (0.054) 0.058 0.051 0.015 0.016 
   5   (0.078) 0.133 0.057 0.058 0.023 
   6   (0.077) 0.053 0.131 0.056 0.023 
   7   (0.066) 0.059 0.018 0.018 0.160 
   8   (0.073) 0.040 0.020 0.041 0.128 
   9   (0.042) 0.220 0.011 0.012 0.012 
  10   (0.068) 0.195 0.091 0.019 0.020 
  11   (0.039) 0.009 0.011 0.174 0.012 
  12   (0.039) 0.011 0.010 0.115 0.012 
  13   (0.061) 0.016 0.016 0.061 0.124 
  14   (0.068) 0.011 0.091 0.040 0.055 
  15   (0.033) 0.006 0.082 0.006 0.010 
  16   (0.065) 0.011 0.127 0.011 0.160 
  17   (0.038) 0.006 0.010 0.007 0.187 

Locus 25 : locus25 
14 alleles
0.0% missing data
   1   (0.109) 0.369 0.029 0.079 0.138 
   2   (0.039) 0.086 0.010 0.010 0.012 
   3   (0.081) 0.051 0.022 0.087 0.094 
   4   (0.117) 0.157 0.031 0.160 0.175 
   5   (0.108) 0.102 0.029 0.184 0.137 
   6   (0.102) 0.100 0.028 0.101 0.172 
   7   (0.053) 0.036 0.088 0.009 0.016 
   8   (0.062) 0.011 0.236 0.038 0.018 
   9   (0.108) 0.033 0.139 0.143 0.137 
  10   (0.082) 0.028 0.315 0.083 0.024 
  11   (0.039) 0.011 0.010 0.058 0.011 
  12   (0.034) 0.006 0.009 0.034 0.010 
  13   (0.033) 0.006 0.045 0.006 0.010 
  14   (0.033) 0.006 0.009 0.006 0.045 

Locus 26 : locus26 
27 alleles
0.0% missing data
   1   (0.032) 0.141 0.009 0.007 0.009 
   2   (0.050) 0.063 0.013 0.009 0.121 
   3   (0.050) 0.151 0.013 0.058 0.015 
   4   (0.037) 0.114 0.010 0.008 0.011 
   5   (0.034) 0.195 0.009 0.008 0.010 
   6   (0.040) 0.135 0.011 0.015 0.012 
   7   (0.047) 0.054 0.013 0.100 0.014 
   8   (0.033) 0.006 0.009 0.118 0.010 
   9   (0.032) 0.011 0.009 0.139 0.010 
  10   (0.052) 0.009 0.014 0.065 0.192 
  11   (0.041) 0.007 0.048 0.063 0.012 
  12   (0.027) 0.005 0.007 0.061 0.008 
  13   (0.046) 0.008 0.086 0.036 0.014 
  14   (0.031) 0.011 0.008 0.083 0.009 
  15   (0.038) 0.007 0.047 0.034 0.011 
  16   (0.047) 0.017 0.013 0.082 0.049 
  17   (0.052) 0.014 0.014 0.060 0.121 
  18   (0.027) 0.005 0.190 0.005 0.008 
  19   (0.027) 0.005 0.081 0.005 0.008 
  20   (0.028) 0.005 0.081 0.005 0.008 
  21   (0.032) 0.005 0.118 0.006 0.010 
  22   (0.029) 0.005 0.081 0.005 0.009 
  23   (0.041) 0.007 0.048 0.007 0.047 
  24   (0.030) 0.005 0.045 0.005 0.009 
  25   (0.033) 0.006 0.009 0.006 0.115 
  26   (0.032) 0.005 0.009 0.006 0.080 
  27   (0.032) 0.005 0.009 0.005 0.080 

Locus 27 : locus27 
23 alleles
0.0% missing data
   1   (0.032) 0.058 0.009 0.009 0.010 
   2   (0.037) 0.138 0.010 0.013 0.011 
   3   (0.052) 0.099 0.014 0.057 0.015 
   4   (0.076) 0.069 0.093 0.122 0.022 
   5   (0.053) 0.112 0.014 0.044 0.016 
   6   (0.057) 0.060 0.015 0.152 0.017 
   7   (0.033) 0.087 0.009 0.008 0.010 
   8   (0.055) 0.079 0.015 0.078 0.016 
   9   (0.060) 0.085 0.016 0.157 0.018 
  10   (0.057) 0.121 0.088 0.010 0.017 
  11   (0.031) 0.005 0.008 0.061 0.009 
  12   (0.034) 0.007 0.009 0.115 0.010 
  13   (0.039) 0.016 0.011 0.080 0.012 
  14   (0.027) 0.005 0.007 0.032 0.008 
  15   (0.040) 0.007 0.304 0.007 0.012 
  16   (0.047) 0.008 0.086 0.008 0.049 
  17   (0.034) 0.006 0.119 0.006 0.010 
  18   (0.069) 0.012 0.092 0.012 0.373 
  19   (0.031) 0.005 0.045 0.005 0.009 
  20   (0.034) 0.006 0.009 0.006 0.116 
  21   (0.033) 0.006 0.009 0.006 0.080 
  22   (0.034) 0.006 0.009 0.006 0.080 
  23   (0.035) 0.006 0.009 0.006 0.081 

Locus 28 : locus28 
20 alleles
0.0% missing data
   1   (0.074) 0.116 0.239 0.021 0.022 
   2   (0.034) 0.058 0.009 0.009 0.010 
   3   (0.078) 0.147 0.314 0.019 0.023 
   4   (0.081) 0.093 0.095 0.018 0.095 
   5   (0.041) 0.172 0.011 0.010 0.012 
   6   (0.038) 0.145 0.010 0.008 0.011 
   7   (0.031) 0.033 0.008 0.005 0.009 
   8   (0.035) 0.058 0.009 0.009 0.010 
   9   (0.052) 0.037 0.014 0.009 0.086 
  10   (0.046) 0.036 0.049 0.008 0.014 
  11   (0.058) 0.014 0.015 0.088 0.087 
  12   (0.064) 0.017 0.017 0.279 0.054 
  13   (0.065) 0.016 0.018 0.171 0.090 
  14   (0.032) 0.006 0.009 0.033 0.010 
  15   (0.036) 0.008 0.010 0.086 0.010 
  16   (0.037) 0.011 0.010 0.111 0.011 
  17   (0.063) 0.011 0.017 0.065 0.195 
  18   (0.045) 0.008 0.012 0.035 0.049 
  19   (0.052) 0.009 0.124 0.009 0.050 
  20   (0.038) 0.006 0.010 0.006 0.152 

Locus 29 : locus29 
15 alleles
0.0% missing data
   1   (0.082) 0.148 0.059 0.047 0.024 
   2   (0.126) 0.224 0.034 0.178 0.108 
   3   (0.057) 0.052 0.015 0.050 0.017 
   4   (0.125) 0.281 0.217 0.096 0.037 
   5   (0.100) 0.145 0.027 0.083 0.100 
   6   (0.063) 0.061 0.017 0.098 0.018 
   7   (0.074) 0.019 0.093 0.143 0.022 
   8   (0.072) 0.017 0.055 0.253 0.021 
   9   (0.045) 0.008 0.195 0.008 0.013 
  10   (0.040) 0.007 0.120 0.007 0.012 
  11   (0.044) 0.008 0.122 0.007 0.013 
  12   (0.036) 0.006 0.010 0.006 0.046 
  13   (0.051) 0.009 0.014 0.009 0.332 
  14   (0.045) 0.008 0.012 0.008 0.155 
  15   (0.040) 0.007 0.011 0.007 0.082 

Locus 30 : locus30 
20 alleles
0.0% missing data
   1   (0.060) 0.199 0.016 0.014 0.052 
   2   (0.036) 0.057 0.010 0.010 0.011 
   3   (0.047) 0.035 0.013 0.036 0.014 
   4   (0.039) 0.140 0.010 0.010 0.011 
   5   (0.078) 0.088 0.057 0.132 0.023 
   6   (0.069) 0.061 0.018 0.017 0.409 
   7   (0.079) 0.114 0.094 0.050 0.023 
   8   (0.039) 0.111 0.010 0.012 0.012 
   9   (0.034) 0.057 0.009 0.010 0.010 
  10   (0.053) 0.036 0.014 0.009 0.086 
  11   (0.040) 0.010 0.011 0.171 0.012 
  12   (0.061) 0.013 0.089 0.120 0.018 
  13   (0.063) 0.014 0.163 0.091 0.019 
  14   (0.061) 0.014 0.090 0.091 0.018 
  15   (0.056) 0.010 0.015 0.066 0.087 
  16   (0.038) 0.014 0.010 0.082 0.011 
  17   (0.036) 0.010 0.010 0.058 0.011 
  18   (0.038) 0.006 0.266 0.007 0.011 
  19   (0.033) 0.006 0.082 0.006 0.010 
  20   (0.040) 0.007 0.011 0.007 0.153 

Locus 31 : locus31 
27 alleles
0.0% missing data
   1   (0.033) 0.058 0.009 0.009 0.010 
   2   (0.033) 0.089 0.009 0.006 0.010 
   3   (0.036) 0.116 0.010 0.008 0.011 
   4   (0.045) 0.036 0.012 0.008 0.049 
   5   (0.059) 0.068 0.016 0.117 0.017 
   6   (0.047) 0.064 0.013 0.008 0.049 
   7   (0.046) 0.195 0.012 0.015 0.014 
   8   (0.062) 0.170 0.017 0.018 0.089 
   9   (0.030) 0.089 0.008 0.005 0.009 
  10   (0.041) 0.010 0.011 0.361 0.012 
  11   (0.029) 0.008 0.008 0.056 0.009 
  12   (0.037) 0.009 0.010 0.196 0.011 
  13   (0.057) 0.012 0.015 0.117 0.052 
  14   (0.037) 0.006 0.229 0.006 0.011 
  15   (0.029) 0.005 0.044 0.005 0.008 
  16   (0.035) 0.006 0.083 0.006 0.010 
  17   (0.038) 0.007 0.193 0.006 0.011 
  18   (0.027) 0.005 0.044 0.005 0.008 
  19   (0.036) 0.006 0.156 0.006 0.011 
  20   (0.028) 0.005 0.044 0.005 0.008 
  21   (0.031) 0.005 0.008 0.005 0.079 
  22   (0.037) 0.006 0.010 0.006 0.258 
  23   (0.032) 0.005 0.008 0.005 0.080 
  24   (0.028) 0.005 0.008 0.005 0.044 
  25   (0.031) 0.005 0.008 0.005 0.044 
  26   (0.028) 0.005 0.008 0.005 0.043 
  27   (0.029) 0.005 0.008 0.005 0.044 

Locus 32 : locus32 
28 alleles
0.0% missing data
   1   (0.044) 0.471 0.012 0.012 0.013 
   2   (0.067) 0.172 0.018 0.016 0.161 
   3   (0.030) 0.057 0.008 0.009 0.009 
   4   (0.036) 0.144 0.010 0.006 0.010 
   5   (0.043) 0.013 0.012 0.334 0.013 
   6   (0.037) 0.009 0.010 0.142 0.011 
   7   (0.030) 0.005 0.008 0.033 0.009 
   8   (0.032) 0.005 0.008 0.089 0.009 
   9   (0.034) 0.007 0.009 0.115 0.010 
  10   (0.045) 0.012 0.049 0.058 0.013 
  11   (0.032) 0.005 0.009 0.033 0.009 
  12   (0.076) 0.013 0.203 0.040 0.093 
  13   (0.029) 0.005 0.008 0.033 0.009 
  14   (0.028) 0.005 0.044 0.005 0.008 
  15   (0.034) 0.006 0.156 0.006 0.010 
  16   (0.028) 0.005 0.044 0.005 0.008 
  17   (0.036) 0.006 0.193 0.006 0.011 
  18   (0.031) 0.005 0.081 0.005 0.009 
  19   (0.031) 0.005 0.045 0.005 0.009 
  20   (0.030) 0.005 0.008 0.005 0.044 
  21   (0.035) 0.006 0.009 0.006 0.081 
  22   (0.027) 0.005 0.007 0.005 0.043 
  23   (0.032) 0.005 0.009 0.005 0.045 
  24   (0.030) 0.005 0.008 0.005 0.044 
  25   (0.034) 0.006 0.009 0.006 0.045 
  26   (0.032) 0.005 0.008 0.005 0.150 
  27   (0.030) 0.005 0.008 0.005 0.079 
  28   (0.027) 0.005 0.007 0.005 0.043 

Locus 33 : locus33 
13 alleles
0.0% missing data
   1   (0.102) 0.187 0.027 0.095 0.136 
   2   (0.149) 0.187 0.186 0.136 0.150 
   3   (0.180) 0.286 0.194 0.158 0.229 
   4   (0.070) 0.164 0.019 0.021 0.091 
   5   (0.117) 0.100 0.215 0.049 0.105 
   6   (0.066) 0.014 0.018 0.094 0.125 
   7   (0.038) 0.008 0.010 0.119 0.011 
   8   (0.053) 0.009 0.087 0.038 0.016 
   9   (0.056) 0.009 0.015 0.096 0.052 
  10   (0.040) 0.014 0.011 0.085 0.012 
  11   (0.066) 0.011 0.201 0.069 0.019 
  12   (0.032) 0.005 0.009 0.034 0.010 
  13   (0.033) 0.005 0.009 0.006 0.045 

Locus 34 : locus34 
16 alleles
0.0% missing data
   1   (0.041) 0.088 0.011 0.010 0.012 
   2   (0.044) 0.147 0.012 0.008 0.013 
   3   (0.067) 0.119 0.018 0.069 0.020 
   4   (0.108) 0.100 0.138 0.213 0.032 
   5   (0.048) 0.253 0.013 0.013 0.014 
   6   (0.099) 0.086 0.027 0.085 0.170 
   7   (0.035) 0.034 0.009 0.006 0.010 
   8   (0.084) 0.070 0.022 0.014 0.412 
   9   (0.074) 0.017 0.020 0.091 0.128 
  10   (0.042) 0.010 0.011 0.087 0.012 
  11   (0.042) 0.009 0.011 0.116 0.012 
  12   (0.072) 0.024 0.093 0.084 0.021 
  13   (0.078) 0.017 0.204 0.121 0.023 
  14   (0.054) 0.009 0.051 0.037 0.016 
  15   (0.071) 0.012 0.349 0.039 0.021 
  16   (0.041) 0.007 0.011 0.007 0.082 

Locus 35 : locus35 
24 alleles
0.0% missing data
   1   (0.066) 0.199 0.054 0.017 0.019 
   2   (0.043) 0.170 0.012 0.010 0.013 
   3   (0.045) 0.141 0.012 0.012 0.013 
   4   (0.061) 0.060 0.016 0.153 0.018 
   5   (0.036) 0.089 0.010 0.006 0.011 
   6   (0.030) 0.033 0.008 0.005 0.009 
   7   (0.056) 0.081 0.051 0.020 0.017 
   8   (0.064) 0.090 0.127 0.015 0.019 
   9   (0.054) 0.037 0.088 0.009 0.016 
  10   (0.029) 0.005 0.008 0.033 0.009 
  11   (0.044) 0.012 0.012 0.363 0.013 
  12   (0.035) 0.006 0.009 0.061 0.011 
  13   (0.030) 0.005 0.008 0.033 0.009 
  14   (0.039) 0.010 0.010 0.170 0.011 
  15   (0.032) 0.005 0.009 0.033 0.009 
  16   (0.033) 0.006 0.045 0.006 0.010 
  17   (0.040) 0.007 0.267 0.007 0.012 
  18   (0.038) 0.006 0.120 0.007 0.011 
  19   (0.030) 0.005 0.081 0.005 0.009 
  20   (0.047) 0.008 0.013 0.008 0.190 
  21   (0.043) 0.007 0.012 0.007 0.224 
  22   (0.041) 0.007 0.011 0.007 0.258 
  23   (0.032) 0.006 0.009 0.006 0.045 
  24   (0.030) 0.005 0.008 0.005 0.044 

Locus 36 : locus36 
15 alleles
0.0% missing data
   1   (0.052) 0.216 0.014 0.017 0.015 
   2   (0.042) 0.056 0.011 0.012 0.012 
   3   (0.047) 0.138 0.013 0.013 0.014 
   4   (0.049) 0.166 0.013 0.012 0.014 
   5   (0.043) 0.140 0.012 0.010 0.013 
   6   (0.080) 0.078 0.021 0.287 0.024 
   7   (0.099) 0.065 0.100 0.165 0.029 
   8   (0.112) 0.046 0.066 0.077 0.174 
   9   (0.071) 0.016 0.019 0.094 0.091 
  10   (0.088) 0.027 0.023 0.201 0.131 
  11   (0.063) 0.010 0.017 0.039 0.124 
  12   (0.123) 0.020 0.253 0.050 0.318 
  13   (0.047) 0.008 0.195 0.008 0.014 
  14   (0.044) 0.007 0.158 0.008 0.013 
  15   (0.040) 0.007 0.084 0.007 0.012 

Locus 37 : locus37 
18 alleles
0.0% missing data
   1   (0.044) 0.144 0.012 0.009 0.013 
   2   (0.050) 0.225 0.013 0.013 0.015 
   3   (0.051) 0.167 0.014 0.016 0.015 
   4   (0.040) 0.090 0.011 0.007 0.012 
   5   (0.093) 0.201 0.244 0.024 0.027 
   6   (0.036) 0.034 0.010 0.006 0.011 
   7   (0.046) 0.010 0.012 0.199 0.014 
   8   (0.050) 0.013 0.013 0.308 0.015 
   9   (0.071) 0.024 0.019 0.138 0.056 
  10   (0.042) 0.010 0.011 0.087 0.013 
  11   (0.062) 0.011 0.016 0.066 0.089 
  12   (0.058) 0.010 0.016 0.065 0.052 
  13   (0.080) 0.014 0.131 0.014 0.165 
  14   (0.077) 0.013 0.241 0.013 0.093 
  15   (0.075) 0.013 0.203 0.013 0.093 
  16   (0.040) 0.007 0.011 0.007 0.082 
  17   (0.048) 0.008 0.013 0.008 0.191 
  18   (0.036) 0.006 0.010 0.006 0.046 

Locus 38 : locus38 
23 alleles
0.0% missing data
   1   (0.035) 0.088 0.010 0.008 0.010 
   2   (0.067) 0.166 0.018 0.160 0.020 
   3   (0.057) 0.068 0.016 0.171 0.017 
   4   (0.080) 0.123 0.021 0.153 0.059 
   5   (0.052) 0.037 0.014 0.009 0.121 
   6   (0.031) 0.062 0.008 0.005 0.009 
   7   (0.056) 0.054 0.015 0.211 0.016 
   8   (0.027) 0.033 0.007 0.005 0.008 
   9   (0.059) 0.142 0.016 0.019 0.052 
  10   (0.052) 0.065 0.014 0.063 0.015 
  11   (0.072) 0.085 0.019 0.023 0.162 
  12   (0.040) 0.013 0.011 0.110 0.012 
  13   (0.034) 0.006 0.119 0.006 0.010 
  14   (0.033) 0.006 0.082 0.006 0.010 
  15   (0.036) 0.006 0.083 0.006 0.011 
  16   (0.036) 0.006 0.119 0.006 0.011 
  17   (0.040) 0.007 0.304 0.007 0.012 
  18   (0.031) 0.005 0.082 0.005 0.009 
  19   (0.034) 0.006 0.009 0.006 0.151 
  20   (0.036) 0.006 0.010 0.006 0.116 
  21   (0.030) 0.005 0.008 0.005 0.044 
  22   (0.030) 0.005 0.008 0.005 0.079 
  23   (0.031) 0.005 0.008 0.005 0.044 

Locus 39 : locus39 
22 alleles
0.0% missing data
   1   (0.056) 0.118 0.015 0.012 0.087 
   2   (0.040) 0.112 0.011 0.012 0.012 
   3   (0.055) 0.143 0.015 0.014 0.051 
   4   (0.031) 0.061 0.008 0.005 0.009 
   5   (0.030) 0.115 0.008 0.007 0.009 
   6   (0.051) 0.118 0.014 0.011 0.050 
   7   (0.033) 0.057 0.009 0.009 0.010 
   8   (0.035) 0.142 0.009 0.009 0.010 
   9   (0.044) 0.012 0.012 0.389 0.013 
  10   (0.060) 0.015 0.016 0.143 0.088 
  11   (0.048) 0.008 0.050 0.091 0.014 
  12   (0.062) 0.021 0.126 0.082 0.018 
  13   (0.029) 0.005 0.008 0.032 0.009 
  14   (0.068) 0.012 0.055 0.067 0.091 
  15   (0.031) 0.005 0.008 0.033 0.009 
  16   (0.029) 0.005 0.008 0.032 0.008 
  17   (0.047) 0.008 0.086 0.008 0.049 
  18   (0.052) 0.009 0.197 0.009 0.050 
  19   (0.061) 0.010 0.163 0.010 0.124 
  20   (0.065) 0.011 0.127 0.011 0.196 
  21   (0.044) 0.008 0.048 0.008 0.048 
  22   (0.031) 0.005 0.008 0.005 0.044 

Locus 40 : locus40 
21 alleles
0.0% missing data
   1   (0.041) 0.131 0.011 0.017 0.012 
   2   (0.065) 0.115 0.017 0.127 0.019 
   3   (0.040) 0.138 0.011 0.009 0.012 
   4   (0.032) 0.032 0.009 0.006 0.009 
   5   (0.043) 0.136 0.011 0.012 0.013 
   6   (0.035) 0.055 0.009 0.010 0.010 
   7   (0.036) 0.032 0.010 0.006 0.011 
   8   (0.041) 0.136 0.011 0.011 0.012 
   9   (0.041) 0.111 0.011 0.009 0.012 
  10   (0.062) 0.014 0.017 0.181 0.053 
  11   (0.088) 0.017 0.024 0.186 0.379 
  12   (0.040) 0.009 0.011 0.091 0.012 
  13   (0.031) 0.005 0.008 0.034 0.009 
  14   (0.042) 0.009 0.011 0.177 0.012 
  15   (0.060) 0.010 0.016 0.068 0.088 
  16   (0.060) 0.010 0.089 0.011 0.088 
  17   (0.039) 0.006 0.120 0.007 0.011 
  18   (0.038) 0.006 0.230 0.007 0.011 
  19   (0.035) 0.006 0.083 0.006 0.011 
  20   (0.069) 0.011 0.128 0.012 0.161 
  21   (0.062) 0.010 0.163 0.011 0.053 

Locus 41 : locus41 
26 alleles
0.0% missing data
   1   (0.059) 0.090 0.016 0.182 0.017 
   2   (0.027) 0.031 0.007 0.005 0.008 
   3   (0.062) 0.299 0.017 0.015 0.089 
   4   (0.093) 0.250 0.025 0.077 0.239 
   5   (0.060) 0.130 0.016 0.023 0.088 
   6   (0.060) 0.057 0.016 0.017 0.194 
   7   (0.049) 0.034 0.013 0.154 0.014 
   8   (0.033) 0.007 0.009 0.120 0.010 
   9   (0.026) 0.004 0.007 0.034 0.008 
  10   (0.028) 0.005 0.007 0.034 0.008 
  11   (0.039) 0.010 0.010 0.118 0.011 
  12   (0.032) 0.008 0.008 0.060 0.009 
  13   (0.032) 0.008 0.009 0.060 0.010 
  14   (0.030) 0.005 0.008 0.034 0.009 
  15   (0.033) 0.005 0.119 0.006 0.010 
  16   (0.036) 0.006 0.156 0.006 0.011 
  17   (0.035) 0.006 0.119 0.006 0.010 
  18   (0.027) 0.004 0.044 0.005 0.008 
  19   (0.032) 0.005 0.082 0.006 0.009 
  20   (0.033) 0.005 0.118 0.006 0.010 
  21   (0.030) 0.005 0.081 0.005 0.009 
  22   (0.028) 0.005 0.044 0.005 0.008 
  23   (0.031) 0.005 0.045 0.006 0.009 
  24   (0.028) 0.005 0.007 0.005 0.079 
  25   (0.030) 0.005 0.008 0.005 0.044 
  26   (0.029) 0.005 0.008 0.005 0.079 

Locus 42 : locus42 
13 alleles
0.0% missing data
   1   (0.076) 0.149 0.020 0.099 0.022 
   2   (0.045) 0.089 0.012 0.010 0.013 
   3   (0.118) 0.272 0.032 0.103 0.105 
   4   (0.124) 0.126 0.070 0.056 0.143 
   5   (0.090) 0.086 0.024 0.083 0.062 
   6   (0.069) 0.147 0.055 0.017 0.020 
   7   (0.064) 0.047 0.017 0.112 0.019 
   8   (0.052) 0.015 0.014 0.247 0.015 
   9   (0.051) 0.014 0.014 0.194 0.015 
  10   (0.069) 0.012 0.018 0.039 0.161 
  11   (0.070) 0.012 0.238 0.012 0.056 
  12   (0.112) 0.019 0.433 0.019 0.279 
  13   (0.061) 0.011 0.053 0.010 0.089 

Locus 43 : locus43 
21 alleles
0.0% missing data
   1   (0.042) 0.310 0.011 0.009 0.012 
   2   (0.064) 0.168 0.090 0.019 0.019 
   3   (0.093) 0.094 0.135 0.021 0.098 
   4   (0.059) 0.037 0.199 0.010 0.018 
   5   (0.039) 0.142 0.011 0.010 0.012 
   6   (0.067) 0.091 0.018 0.015 0.161 
   7   (0.069) 0.039 0.055 0.012 0.091 
   8   (0.035) 0.007 0.009 0.115 0.010 
   9   (0.034) 0.006 0.009 0.089 0.010 
  10   (0.032) 0.006 0.009 0.088 0.010 
  11   (0.039) 0.009 0.010 0.087 0.011 
  12   (0.029) 0.005 0.008 0.033 0.009 
  13   (0.036) 0.011 0.010 0.112 0.011 
  14   (0.030) 0.005 0.008 0.033 0.009 
  15   (0.045) 0.017 0.012 0.218 0.013 
  16   (0.036) 0.009 0.010 0.087 0.011 
  17   (0.066) 0.011 0.164 0.011 0.125 
  18   (0.067) 0.012 0.164 0.012 0.125 
  19   (0.049) 0.009 0.049 0.008 0.085 
  20   (0.033) 0.006 0.009 0.006 0.045 
  21   (0.035) 0.006 0.009 0.006 0.116 

Locus 44 : locus44 
12 alleles
0.0% missing data
   1   (0.096) 0.131 0.062 0.016 0.240 
   2   (0.125) 0.093 0.106 0.088 0.178 
   3   (0.087) 0.058 0.096 0.161 0.026 
   4   (0.079) 0.100 0.021 0.040 0.094 
   5   (0.062) 0.143 0.053 0.020 0.018 
   6   (0.114) 0.095 0.287 0.055 0.068 
   7   (0.096) 0.090 0.062 0.082 0.064 
   8   (0.051) 0.052 0.014 0.048 0.015 
   9   (0.090) 0.176 0.097 0.025 0.062 
  10   (0.046) 0.015 0.012 0.269 0.013 
  11   (0.039) 0.009 0.011 0.112 0.012 
  12   (0.116) 0.038 0.178 0.083 0.210 

Locus 45 : locus45 
18 alleles
0.0% missing data
   1   (0.065) 0.187 0.017 0.084 0.019 
   2   (0.051) 0.036 0.087 0.009 0.015 
   3   (0.110) 0.286 0.102 0.192 0.033 
   4   (0.064) 0.121 0.017 0.122 0.019 
   5   (0.058) 0.101 0.016 0.057 0.017 
   6   (0.050) 0.049 0.013 0.051 0.015 
   7   (0.066) 0.039 0.018 0.039 0.055 
   8   (0.053) 0.082 0.014 0.047 0.016 
   9   (0.077) 0.019 0.167 0.175 0.023 
  10   (0.035) 0.006 0.009 0.034 0.010 
  11   (0.032) 0.006 0.009 0.033 0.010 
  12   (0.073) 0.024 0.020 0.084 0.233 
  13   (0.058) 0.010 0.163 0.037 0.017 
  14   (0.042) 0.007 0.267 0.007 0.013 
  15   (0.047) 0.008 0.049 0.008 0.049 
  16   (0.040) 0.007 0.011 0.007 0.188 
  17   (0.035) 0.006 0.009 0.006 0.081 
  18   (0.042) 0.007 0.011 0.007 0.188 

Locus 46 : locus46 
19 alleles
0.0% missing data
   1   (0.046) 0.306 0.012 0.011 0.013 
   2   (0.036) 0.057 0.010 0.010 0.011 
   3   (0.036) 0.061 0.010 0.006 0.011 
   4   (0.041) 0.168 0.011 0.010 0.012 
   5   (0.041) 0.080 0.011 0.015 0.012 
   6   (0.039) 0.086 0.010 0.010 0.012 
   7   (0.039) 0.086 0.010 0.009 0.011 
   8   (0.140) 0.033 0.220 0.322 0.218 
   9   (0.108) 0.018 0.359 0.103 0.138 
  10   (0.038) 0.008 0.010 0.117 0.011 
  11   (0.066) 0.011 0.127 0.124 0.020 
  12   (0.067) 0.022 0.018 0.140 0.055 
  13   (0.076) 0.026 0.057 0.083 0.057 
  14   (0.057) 0.010 0.088 0.010 0.088 
  15   (0.036) 0.006 0.010 0.006 0.081 
  16   (0.035) 0.006 0.010 0.006 0.116 
  17   (0.033) 0.006 0.009 0.006 0.045 
  18   (0.034) 0.006 0.009 0.006 0.045 
  19   (0.032) 0.005 0.009 0.006 0.045 

Locus 47 : locus47 
18 alleles
0.0% missing data
   1   (0.031) 0.033 0.008 0.005 0.009 
   2   (0.043) 0.361 0.011 0.011 0.013 
   3   (0.039) 0.171 0.011 0.008 0.012 
   4   (0.033) 0.061 0.009 0.006 0.010 
   5   (0.037) 0.057 0.010 0.010 0.011 
   6   (0.080) 0.103 0.021 0.061 0.094 
   7   (0.035) 0.057 0.009 0.010 0.010 
   8   (0.053) 0.015 0.014 0.059 0.051 
   9   (0.079) 0.017 0.058 0.122 0.094 
  10   (0.056) 0.011 0.015 0.147 0.051 
  11   (0.056) 0.009 0.088 0.065 0.016 
  12   (0.094) 0.026 0.135 0.117 0.098 
  13   (0.070) 0.019 0.165 0.115 0.021 
  14   (0.088) 0.020 0.060 0.176 0.132 
  15   (0.052) 0.013 0.014 0.060 0.051 
  16   (0.065) 0.011 0.090 0.011 0.231 
  17   (0.059) 0.010 0.272 0.010 0.052 
  18   (0.031) 0.005 0.008 0.005 0.044 

Locus 48 : locus48 
17 alleles
0.0% missing data
   1   (0.067) 0.092 0.018 0.097 0.020 
   2   (0.107) 0.367 0.028 0.134 0.067 
   3   (0.107) 0.198 0.029 0.058 0.173 
   4   (0.077) 0.090 0.021 0.018 0.199 
   5   (0.104) 0.144 0.028 0.084 0.136 
   6   (0.045) 0.010 0.012 0.230 0.013 
   7   (0.056) 0.009 0.051 0.066 0.016 
   8   (0.066) 0.017 0.018 0.062 0.090 
   9   (0.042) 0.010 0.011 0.089 0.012 
  10   (0.036) 0.006 0.010 0.034 0.010 
  11   (0.042) 0.015 0.011 0.083 0.012 
  12   (0.043) 0.007 0.121 0.007 0.013 
  13   (0.050) 0.008 0.379 0.009 0.015 
  14   (0.038) 0.006 0.083 0.007 0.011 
  15   (0.036) 0.006 0.046 0.006 0.011 
  16   (0.040) 0.007 0.121 0.007 0.012 
  17   (0.046) 0.008 0.012 0.008 0.190 

Locus 49 : locus49 
13 alleles
0.0% missing data
   1   (0.070) 0.123 0.019 0.014 0.091 
   2   (0.049) 0.231 0.013 0.012 0.014 
   3   (0.047) 0.261 0.013 0.010 0.014 
   4   (0.042) 0.089 0.011 0.010 0.012 
   5   (0.106) 0.046 0.028 0.072 0.349 
   6   (0.122) 0.117 0.033 0.280 0.142 
   7   (0.081) 0.019 0.241 0.090 0.024 
   8   (0.116) 0.036 0.141 0.275 0.069 
   9   (0.065) 0.017 0.091 0.059 0.019 
  10   (0.083) 0.015 0.095 0.041 0.095 
  11   (0.089) 0.016 0.170 0.069 0.061 
  12   (0.094) 0.024 0.099 0.062 0.098 
  13   (0.035) 0.006 0.046 0.006 0.010 

Locus 50 : locus50 
18 alleles
0.0% missing data
   1   (0.124) 0.269 0.033 0.241 0.142 
   2   (0.107) 0.072 0.176 0.047 0.102 
   3   (0.074) 0.195 0.020 0.160 0.022 
   4   (0.075) 0.049 0.020 0.088 0.057 
   5   (0.068) 0.262 0.018 0.061 0.020 
   6   (0.057) 0.064 0.052 0.010 0.017 
   7   (0.076) 0.014 0.020 0.182 0.163 
   8   (0.030) 0.005 0.008 0.034 0.009 
   9   (0.038) 0.010 0.010 0.060 0.011 
  10   (0.055) 0.009 0.015 0.038 0.087 
  11   (0.032) 0.005 0.009 0.034 0.009 
  12   (0.040) 0.007 0.120 0.007 0.012 
  13   (0.047) 0.008 0.378 0.008 0.014 
  14   (0.035) 0.006 0.083 0.006 0.010 
  15   (0.036) 0.006 0.009 0.006 0.081 
  16   (0.037) 0.006 0.010 0.007 0.081 
  17   (0.037) 0.006 0.010 0.007 0.081 
  18   (0.035) 0.006 0.009 0.006 0.081 

Locus 51 : locus51 
24 alleles
0.0% missing data
   1   (0.039) 0.140 0.011 0.010 0.012 
   2   (0.079) 0.388 0.021 0.023 0.164 
   3   (0.066) 0.066 0.018 0.011 0.196 
   4   (0.038) 0.196 0.010 0.009 0.011 
   5   (0.031) 0.033 0.008 0.005 0.009 
   6   (0.028) 0.032 0.008 0.005 0.008 
   7   (0.036) 0.006 0.010 0.090 0.011 
   8   (0.047) 0.012 0.013 0.227 0.014 
   9   (0.043) 0.011 0.011 0.198 0.013 
  10   (0.031) 0.005 0.008 0.033 0.009 
  11   (0.054) 0.009 0.051 0.093 0.016 
  12   (0.035) 0.008 0.009 0.087 0.010 
  13   (0.051) 0.014 0.050 0.059 0.015 
  14   (0.041) 0.015 0.011 0.082 0.012 
  15   (0.035) 0.006 0.083 0.006 0.010 
  16   (0.038) 0.006 0.120 0.007 0.011 
  17   (0.050) 0.009 0.087 0.009 0.050 
  18   (0.037) 0.006 0.119 0.006 0.011 
  19   (0.033) 0.006 0.045 0.006 0.010 
  20   (0.037) 0.006 0.120 0.006 0.011 
  21   (0.036) 0.006 0.156 0.006 0.011 
  22   (0.038) 0.006 0.010 0.007 0.117 
  23   (0.040) 0.007 0.011 0.007 0.153 
  24   (0.035) 0.006 0.009 0.006 0.116 

Locus 52 : locus52 
22 alleles
0.0% missing data
   1   (0.045) 0.392 0.012 0.011 0.013 
   2   (0.039) 0.088 0.010 0.009 0.011 
   3   (0.038) 0.113 0.010 0.011 0.011 
   4   (0.039) 0.144 0.010 0.008 0.011 
   5   (0.031) 0.033 0.008 0.005 0.009 
   6   (0.033) 0.033 0.009 0.006 0.010 
   7   (0.058) 0.053 0.016 0.132 0.017 
   8   (0.069) 0.021 0.018 0.167 0.126 
   9   (0.059) 0.015 0.016 0.226 0.052 
  10   (0.073) 0.015 0.020 0.148 0.198 
  11   (0.068) 0.016 0.018 0.172 0.090 
  12   (0.032) 0.006 0.009 0.033 0.010 
  13   (0.073) 0.013 0.166 0.013 0.163 
  14   (0.028) 0.005 0.044 0.005 0.008 
  15   (0.038) 0.007 0.156 0.006 0.011 
  16   (0.049) 0.008 0.050 0.008 0.049 
  17   (0.037) 0.006 0.156 0.006 0.011 
  18   (0.035) 0.006 0.083 0.006 0.010 
  19   (0.037) 0.006 0.083 0.006 0.011 
  20   (0.031) 0.005 0.045 0.005 0.009 
  21   (0.053) 0.009 0.051 0.009 0.121 
  22   (0.033) 0.006 0.009 0.006 0.045 

Locus 53 : locus53 
16 alleles
0.0% missing data
   1   (0.091) 0.241 0.024 0.100 0.062 
   2   (0.096) 0.115 0.026 0.137 0.099 
   3   (0.073) 0.120 0.166 0.019 0.021 
   4   (0.067) 0.242 0.091 0.012 0.020 
   5   (0.083) 0.053 0.022 0.111 0.095 
   6   (0.108) 0.127 0.139 0.052 0.067 
   7   (0.050) 0.016 0.013 0.346 0.015 
   8   (0.103) 0.027 0.064 0.141 0.207 
   9   (0.053) 0.009 0.014 0.035 0.086 
  10   (0.034) 0.006 0.046 0.006 0.010 
  11   (0.052) 0.009 0.087 0.009 0.051 
  12   (0.039) 0.007 0.120 0.007 0.012 
  13   (0.037) 0.007 0.083 0.006 0.011 
  14   (0.037) 0.007 0.083 0.006 0.011 
  15   (0.036) 0.006 0.010 0.006 0.081 
  16   (0.042) 0.008 0.011 0.007 0.153 

Locus 54 : locus54 
22 alleles
0.0% missing data
   1   (0.075) 0.316 0.020 0.016 0.128 
   2   (0.093) 0.095 0.135 0.021 0.133 
   3   (0.035) 0.058 0.009 0.010 0.010 
   4   (0.099) 0.261 0.063 0.023 0.206 
   5   (0.034) 0.033 0.009 0.006 0.010 
   6   (0.042) 0.113 0.011 0.012 0.012 
   7   (0.045) 0.013 0.012 0.221 0.013 
   8   (0.042) 0.009 0.011 0.252 0.012 
   9   (0.067) 0.012 0.054 0.066 0.055 
  10   (0.029) 0.005 0.008 0.032 0.009 
  11   (0.038) 0.012 0.010 0.165 0.011 
  12   (0.034) 0.006 0.009 0.061 0.010 
  13   (0.036) 0.010 0.010 0.057 0.011 
  14   (0.029) 0.005 0.044 0.005 0.009 
  15   (0.042) 0.007 0.231 0.007 0.013 
  16   (0.047) 0.008 0.049 0.008 0.049 
  17   (0.037) 0.006 0.156 0.006 0.011 
  18   (0.054) 0.009 0.051 0.009 0.087 
  19   (0.031) 0.005 0.045 0.005 0.009 
  20   (0.027) 0.005 0.044 0.005 0.008 
  21   (0.035) 0.006 0.009 0.006 0.152 
  22   (0.028) 0.005 0.008 0.005 0.044 

Locus 55 : locus55 
18 alleles
0.0% missing data
   1   (0.049) 0.093 0.013 0.008 0.050 
   2   (0.078) 0.141 0.057 0.133 0.023 
   3   (0.087) 0.213 0.060 0.202 0.026 
   4   (0.115) 0.119 0.141 0.115 0.104 
   5   (0.085) 0.148 0.023 0.104 0.096 
   6   (0.063) 0.068 0.017 0.038 0.054 
   7   (0.084) 0.103 0.022 0.173 0.095 
   8   (0.055) 0.038 0.015 0.009 0.228 
   9   (0.034) 0.006 0.009 0.060 0.010 
  10   (0.053) 0.019 0.014 0.081 0.051 
  11   (0.054) 0.010 0.199 0.036 0.016 
  12   (0.030) 0.005 0.044 0.005 0.009 
  13   (0.035) 0.006 0.083 0.006 0.010 
  14   (0.033) 0.006 0.082 0.006 0.010 
  15   (0.030) 0.005 0.044 0.005 0.009 
  16   (0.033) 0.006 0.119 0.006 0.010 
  17   (0.049) 0.009 0.050 0.008 0.085 
  18   (0.034) 0.006 0.009 0.006 0.116 

Locus 56 : locus56 
19 alleles
0.0% missing data
   1   (0.073) 0.039 0.130 0.069 0.022 
   2   (0.047) 0.436 0.013 0.014 0.014 
   3   (0.097) 0.207 0.135 0.100 0.029 
   4   (0.032) 0.032 0.009 0.006 0.009 
   5   (0.090) 0.068 0.024 0.270 0.097 
   6   (0.128) 0.115 0.070 0.150 0.214 
   7   (0.060) 0.019 0.052 0.142 0.018 
   8   (0.067) 0.015 0.201 0.092 0.020 
   9   (0.051) 0.009 0.087 0.037 0.015 
  10   (0.056) 0.009 0.125 0.038 0.016 
  11   (0.032) 0.005 0.009 0.034 0.010 
  12   (0.034) 0.006 0.082 0.006 0.010 
  13   (0.038) 0.006 0.010 0.007 0.117 
  14   (0.034) 0.006 0.009 0.006 0.081 
  15   (0.039) 0.007 0.011 0.007 0.118 
  16   (0.034) 0.006 0.009 0.006 0.081 
  17   (0.028) 0.005 0.007 0.005 0.043 
  18   (0.030) 0.005 0.008 0.005 0.044 
  19   (0.029) 0.005 0.008 0.005 0.044 

Locus 57 : locus57 
29 alleles
0.0% missing data
   1   (0.035) 0.197 0.009 0.007 0.010 
   2   (0.034) 0.224 0.009 0.008 0.010 
   3   (0.035) 0.168 0.010 0.009 0.010 
   4   (0.031) 0.057 0.008 0.009 0.009 
   5   (0.041) 0.192 0.011 0.014 0.012 
   6   (0.058) 0.012 0.089 0.258 0.017 
   7   (0.035) 0.008 0.009 0.087 0.010 
   8   (0.067) 0.016 0.091 0.257 0.020 
   9   (0.061) 0.016 0.163 0.143 0.018 
  10   (0.029) 0.005 0.008 0.033 0.009 
  11   (0.032) 0.012 0.009 0.082 0.009 
  12   (0.031) 0.005 0.045 0.005 0.009 
  13   (0.033) 0.006 0.119 0.006 0.010 
  14   (0.030) 0.005 0.081 0.005 0.009 
  15   (0.033) 0.006 0.045 0.006 0.010 
  16   (0.034) 0.006 0.155 0.006 0.010 
  17   (0.029) 0.005 0.045 0.005 0.009 
  18   (0.032) 0.006 0.009 0.006 0.080 
  19   (0.026) 0.004 0.007 0.005 0.043 
  20   (0.032) 0.005 0.009 0.006 0.115 
  21   (0.030) 0.005 0.008 0.005 0.079 
  22   (0.031) 0.005 0.008 0.005 0.079 
  23   (0.029) 0.005 0.008 0.005 0.079 
  24   (0.031) 0.005 0.008 0.005 0.080 
  25   (0.032) 0.006 0.009 0.006 0.080 
  26   (0.026) 0.005 0.007 0.005 0.043 
  27   (0.025) 0.004 0.007 0.004 0.043 
  28   (0.031) 0.005 0.008 0.005 0.044 
  29   (0.025) 0.004 0.007 0.004 0.043 

Locus 58 : locus58 
20 alleles
0.0% missing data
   1   (0.095) 0.315 0.099 0.055 0.028 
   2   (0.081) 0.139 0.132 0.055 0.024 
   3   (0.055) 0.115 0.015 0.043 0.016 
   4   (0.068) 0.087 0.055 0.048 0.020 
   5   (0.073) 0.224 0.020 0.214 0.021 
   6   (0.081) 0.021 0.131 0.387 0.024 
   7   (0.032) 0.006 0.009 0.032 0.009 
   8   (0.038) 0.009 0.010 0.085 0.011 
   9   (0.070) 0.012 0.165 0.012 0.197 
  10   (0.038) 0.007 0.084 0.006 0.011 
  11   (0.032) 0.006 0.045 0.005 0.009 
  12   (0.053) 0.009 0.051 0.009 0.122 
  13   (0.032) 0.006 0.045 0.005 0.009 
  14   (0.049) 0.009 0.050 0.008 0.050 
  15   (0.031) 0.006 0.045 0.005 0.009 
  16   (0.040) 0.007 0.011 0.007 0.188 
  17   (0.031) 0.005 0.008 0.005 0.044 
  18   (0.040) 0.007 0.011 0.007 0.118 
  19   (0.029) 0.005 0.008 0.005 0.044 
  20   (0.032) 0.006 0.009 0.005 0.045 

Locus 59 : locus59 
22 alleles
0.0% missing data
   1   (0.062) 0.226 0.017 0.016 0.053 
   2   (0.058) 0.197 0.016 0.016 0.052 
   3   (0.071) 0.173 0.019 0.017 0.161 
   4   (0.074) 0.148 0.020 0.015 0.234 
   5   (0.037) 0.087 0.010 0.009 0.011 
   6   (0.046) 0.036 0.013 0.008 0.049 
   7   (0.038) 0.011 0.010 0.112 0.011 
   8   (0.040) 0.012 0.011 0.112 0.012 
   9   (0.079) 0.013 0.058 0.152 0.129 
  10   (0.037) 0.009 0.010 0.225 0.011 
  11   (0.032) 0.006 0.009 0.033 0.010 
  12   (0.038) 0.008 0.010 0.115 0.011 
  13   (0.038) 0.014 0.010 0.082 0.011 
  14   (0.080) 0.014 0.205 0.041 0.130 
  15   (0.031) 0.005 0.045 0.005 0.009 
  16   (0.053) 0.009 0.161 0.009 0.051 
  17   (0.031) 0.005 0.045 0.005 0.009 
  18   (0.029) 0.005 0.044 0.005 0.009 
  19   (0.028) 0.005 0.044 0.005 0.008 
  20   (0.035) 0.006 0.119 0.006 0.010 
  21   (0.030) 0.005 0.081 0.005 0.009 
  22   (0.031) 0.005 0.045 0.005 0.009 

Locus 60 : locus60 
15 alleles
0.0% missing data
   1   (0.076) 0.176 0.057 0.046 0.023 
   2   (0.078) 0.179 0.057 0.070 0.023 
   3   (0.130) 0.115 0.145 0.232 0.109 
   4   (0.084) 0.141 0.059 0.135 0.025 
   5   (0.051) 0.065 0.014 0.009 0.050 
   6   (0.081) 0.098 0.132 0.041 0.024 
   7   (0.066) 0.062 0.018 0.017 0.196 
   8   (0.133) 0.109 0.146 0.294 0.110 
   9   (0.035) 0.010 0.009 0.057 0.010 
  10   (0.076) 0.013 0.057 0.068 0.128 
  11   (0.051) 0.009 0.087 0.009 0.050 
  12   (0.034) 0.006 0.119 0.006 0.010 
  13   (0.031) 0.005 0.045 0.005 0.009 
  14   (0.031) 0.005 0.045 0.005 0.009 
  15   (0.042) 0.007 0.011 0.007 0.223 

Locus 61 : locus61 
16 alleles
0.0% missing data
   1   (0.068) 0.039 0.421 0.012 0.020 
   2   (0.081) 0.146 0.022 0.021 0.200 
   3   (0.114) 0.071 0.067 0.327 0.069 
   4   (0.097) 0.140 0.172 0.059 0.028 
   5   (0.060) 0.134 0.016 0.053 0.018 
   6   (0.056) 0.090 0.015 0.013 0.052 
   7   (0.095) 0.072 0.025 0.071 0.275 
   8   (0.032) 0.033 0.008 0.006 0.009 
   9   (0.031) 0.033 0.008 0.005 0.009 
  10   (0.127) 0.147 0.107 0.227 0.072 
  11   (0.039) 0.058 0.010 0.011 0.011 
  12   (0.032) 0.006 0.009 0.033 0.009 
  13   (0.035) 0.006 0.009 0.034 0.010 
  14   (0.061) 0.014 0.090 0.090 0.018 
  15   (0.032) 0.006 0.009 0.033 0.010 
  16   (0.041) 0.007 0.011 0.007 0.189 

Locus 62 : locus62 
18 alleles
0.0% missing data
   1   (0.039) 0.062 0.011 0.007 0.012 
   2   (0.043) 0.144 0.011 0.009 0.013 
   3   (0.039) 0.118 0.010 0.007 0.012 
   4   (0.054) 0.275 0.014 0.019 0.016 
   5   (0.047) 0.143 0.013 0.012 0.014 
   6   (0.044) 0.116 0.012 0.009 0.013 
   7   (0.081) 0.014 0.058 0.041 0.130 
   8   (0.050) 0.016 0.014 0.222 0.015 
   9   (0.050) 0.012 0.013 0.392 0.015 
  10   (0.073) 0.016 0.020 0.120 0.092 
  11   (0.035) 0.006 0.010 0.034 0.010 
  12   (0.041) 0.011 0.011 0.058 0.012 
  13   (0.078) 0.013 0.167 0.013 0.129 
  14   (0.069) 0.012 0.129 0.012 0.091 
  15   (0.061) 0.011 0.090 0.011 0.053 
  16   (0.079) 0.013 0.204 0.013 0.129 
  17   (0.036) 0.006 0.046 0.006 0.011 
  18   (0.081) 0.014 0.167 0.014 0.235 

Locus 63 : locus63 
21 alleles
0.0% missing data
   1   (0.035) 0.034 0.009 0.006 0.010 
   2   (0.041) 0.143 0.011 0.010 0.012 
   3   (0.049) 0.280 0.013 0.015 0.015 
   4   (0.044) 0.229 0.012 0.009 0.013 
   5   (0.035) 0.062 0.009 0.006 0.010 
   6   (0.099) 0.073 0.100 0.017 0.241 
   7   (0.104) 0.066 0.101 0.025 0.207 
   8   (0.033) 0.006 0.009 0.033 0.010 
   9   (0.036) 0.006 0.010 0.033 0.011 
  10   (0.048) 0.016 0.013 0.356 0.014 
  11   (0.038) 0.007 0.010 0.061 0.011 
  12   (0.044) 0.011 0.012 0.251 0.013 
  13   (0.030) 0.005 0.008 0.060 0.009 
  14   (0.033) 0.006 0.009 0.033 0.010 
  15   (0.037) 0.006 0.010 0.033 0.011 
  16   (0.064) 0.011 0.274 0.011 0.053 
  17   (0.065) 0.011 0.054 0.011 0.231 
  18   (0.062) 0.011 0.237 0.011 0.053 
  19   (0.034) 0.006 0.046 0.006 0.010 
  20   (0.035) 0.006 0.046 0.006 0.010 
  21   (0.034) 0.006 0.009 0.006 0.045 

Locus 64 : locus64 
13 alleles
0.0% missing data
   1   (0.115) 0.074 0.104 0.048 0.211 
   2   (0.091) 0.087 0.061 0.055 0.062 
   3   (0.135) 0.206 0.256 0.031 0.216 
   4   (0.094) 0.093 0.135 0.021 0.098 
   5   (0.063) 0.170 0.053 0.015 0.019 
   6   (0.101) 0.223 0.136 0.030 0.065 
   7   (0.079) 0.068 0.021 0.069 0.094 
   8   (0.039) 0.007 0.010 0.175 0.012 
   9   (0.045) 0.011 0.012 0.257 0.013 
  10   (0.063) 0.015 0.017 0.147 0.054 
  11   (0.037) 0.010 0.010 0.059 0.011 
  12   (0.104) 0.031 0.138 0.088 0.136 
  13   (0.033) 0.006 0.045 0.006 0.010 

Locus 65 : locus65 
23 alleles
0.0% missing data
   1   (0.038) 0.057 0.010 0.011 0.011 
   2   (0.041) 0.170 0.011 0.010 0.012 
   3   (0.054) 0.392 0.014 0.013 0.016 
   4   (0.034) 0.034 0.009 0.006 0.010 
   5   (0.044) 0.170 0.012 0.011 0.013 
   6   (0.034) 0.033 0.009 0.006 0.010 
   7   (0.040) 0.009 0.011 0.087 0.012 
   8   (0.033) 0.006 0.009 0.033 0.010 
   9   (0.047) 0.011 0.013 0.227 0.014 
  10   (0.045) 0.014 0.012 0.278 0.013 
  11   (0.043) 0.011 0.012 0.142 0.013 
  12   (0.032) 0.006 0.009 0.033 0.009 
  13   (0.033) 0.006 0.009 0.033 0.010 
  14   (0.031) 0.005 0.008 0.033 0.009 
  15   (0.066) 0.011 0.274 0.011 0.054 
  16   (0.061) 0.010 0.126 0.010 0.053 
  17   (0.066) 0.011 0.054 0.011 0.231 
  18   (0.083) 0.014 0.241 0.014 0.201 
  19   (0.035) 0.006 0.046 0.006 0.010 
  20   (0.033) 0.006 0.082 0.006 0.010 
  21   (0.036) 0.006 0.010 0.006 0.081 
  22   (0.040) 0.007 0.011 0.007 0.153 
  23   (0.031) 0.005 0.008 0.005 0.044 

Locus 66 : locus66 
21 alleles
0.0% missing data
   1   (0.046) 0.221 0.012 0.014 0.014 
   2   (0.040) 0.089 0.011 0.007 0.012 
   3   (0.069) 0.215 0.019 0.056 0.020 
   4   (0.039) 0.115 0.010 0.008 0.012 
   5   (0.042) 0.169 0.011 0.010 0.012 
   6   (0.057) 0.065 0.015 0.065 0.017 
   7   (0.052) 0.014 0.014 0.559 0.015 
   8   (0.036) 0.006 0.010 0.062 0.011 
   9   (0.045) 0.008 0.012 0.091 0.013 
  10   (0.036) 0.006 0.010 0.034 0.011 
  11   (0.043) 0.007 0.194 0.007 0.013 
  12   (0.063) 0.011 0.201 0.011 0.053 
  13   (0.060) 0.010 0.052 0.010 0.124 
  14   (0.058) 0.010 0.089 0.010 0.052 
  15   (0.076) 0.013 0.203 0.013 0.164 
  16   (0.033) 0.006 0.045 0.006 0.010 
  17   (0.063) 0.011 0.053 0.011 0.195 
  18   (0.036) 0.006 0.010 0.006 0.046 
  19   (0.034) 0.006 0.009 0.006 0.116 
  20   (0.034) 0.006 0.009 0.006 0.045 
  21   (0.037) 0.006 0.010 0.006 0.046 

Locus 67 : locus67 
28 alleles
0.0% missing data
   1   (0.035) 0.115 0.009 0.008 0.010 
   2   (0.034) 0.115 0.009 0.008 0.010 
   3   (0.056) 0.118 0.015 0.012 0.087 
   4   (0.040) 0.281 0.011 0.011 0.012 
   5   (0.056) 0.118 0.015 0.012 0.087 
   6   (0.029) 0.057 0.008 0.008 0.009 
   7   (0.032) 0.058 0.009 0.009 0.010 
   8   (0.034) 0.008 0.009 0.168 0.010 
   9   (0.035) 0.014 0.009 0.217 0.010 
  10   (0.033) 0.008 0.009 0.196 0.010 
  11   (0.032) 0.007 0.009 0.114 0.009 
  12   (0.031) 0.005 0.008 0.088 0.009 
  13   (0.029) 0.005 0.008 0.032 0.009 
  14   (0.027) 0.005 0.007 0.032 0.008 
  15   (0.033) 0.006 0.082 0.006 0.010 
  16   (0.033) 0.006 0.082 0.006 0.010 
  17   (0.032) 0.005 0.155 0.005 0.009 
  18   (0.028) 0.005 0.081 0.005 0.008 
  19   (0.033) 0.006 0.119 0.006 0.010 
  20   (0.052) 0.009 0.087 0.009 0.086 
  21   (0.049) 0.008 0.086 0.008 0.050 
  22   (0.029) 0.005 0.044 0.005 0.009 
  23   (0.056) 0.010 0.088 0.010 0.158 
  24   (0.029) 0.005 0.008 0.005 0.044 
  25   (0.031) 0.005 0.008 0.005 0.080 
  26   (0.033) 0.006 0.009 0.006 0.116 
  27   (0.029) 0.005 0.008 0.005 0.079 
  28   (0.026) 0.004 0.007 0.004 0.043 

Locus 68 : locus68 
17 alleles
0.0% missing data
   1   (0.042) 0.114 0.011 0.009 0.012 
   2   (0.042) 0.087 0.011 0.010 0.013 
   3   (0.046) 0.253 0.012 0.010 0.013 
   4   (0.045) 0.136 0.012 0.016 0.013 
   5   (0.062) 0.059 0.017 0.017 0.054 
   6   (0.045) 0.140 0.012 0.012 0.013 
   7   (0.038) 0.061 0.010 0.007 0.011 
   8   (0.075) 0.019 0.057 0.062 0.058 
   9   (0.075) 0.013 0.423 0.040 0.022 
  10   (0.079) 0.017 0.094 0.373 0.023 
  11   (0.073) 0.016 0.129 0.092 0.021 
  12   (0.101) 0.025 0.064 0.233 0.100 
  13   (0.090) 0.029 0.061 0.085 0.097 
  14   (0.071) 0.012 0.055 0.012 0.268 
  15   (0.044) 0.007 0.012 0.008 0.154 
  16   (0.038) 0.007 0.010 0.007 0.082 
  17   (0.034) 0.006 0.009 0.006 0.045 

Locus 69 : locus69 
19 alleles
0.0% missing data
   1   (0.030) 0.033 0.008 0.005 0.009 
   2   (0.059) 0.176 0.016 0.093 0.018 
   3   (0.037) 0.141 0.010 0.010 0.011 
   4   (0.059) 0.173 0.052 0.014 0.017 
   5   (0.085) 0.191 0.133 0.060 0.025 
   6   (0.038) 0.116 0.010 0.008 0.011 
   7   (0.031) 0.033 0.008 0.005 0.009 
   8   (0.070) 0.019 0.019 0.335 0.126 
   9   (0.065) 0.011 0.091 0.038 0.055 
  10   (0.065) 0.013 0.164 0.146 0.019 
  11   (0.065) 0.011 0.091 0.039 0.055 
  12   (0.086) 0.028 0.059 0.139 0.131 
  13   (0.059) 0.010 0.053 0.037 0.053 
  14   (0.029) 0.005 0.008 0.032 0.009 
  15   (0.060) 0.010 0.163 0.010 0.088 
  16   (0.045) 0.008 0.049 0.008 0.049 
  17   (0.044) 0.007 0.048 0.007 0.048 
  18   (0.040) 0.007 0.011 0.007 0.224 
  19   (0.031) 0.005 0.008 0.005 0.044 

Locus 70 : locus70 
18 alleles
0.0% missing data
   1   (0.059) 0.118 0.016 0.013 0.088 
   2   (0.100) 0.058 0.027 0.390 0.136 
   3   (0.119) 0.201 0.105 0.198 0.070 
   4   (0.073) 0.115 0.020 0.021 0.233 
   5   (0.078) 0.069 0.204 0.013 0.058 
   6   (0.035) 0.087 0.009 0.008 0.010 
   7   (0.031) 0.033 0.008 0.005 0.009 
   8   (0.034) 0.061 0.009 0.006 0.010 
   9   (0.038) 0.082 0.010 0.013 0.011 
  10   (0.096) 0.112 0.062 0.114 0.064 
  11   (0.066) 0.017 0.018 0.144 0.125 
  12   (0.081) 0.014 0.205 0.041 0.094 
  13   (0.031) 0.005 0.045 0.005 0.009 
  14   (0.036) 0.006 0.119 0.006 0.011 
  15   (0.032) 0.005 0.045 0.005 0.009 
  16   (0.032) 0.006 0.045 0.006 0.010 
  17   (0.030) 0.005 0.045 0.005 0.009 
  18   (0.029) 0.005 0.008 0.005 0.044 

Locus 71 : locus71 
20 alleles
0.0% missing data
   1   (0.060) 0.156 0.016 0.060 0.018 
   2   (0.069) 0.143 0.019 0.129 0.020 
   3   (0.029) 0.033 0.008 0.005 0.008 
   4   (0.053) 0.066 0.014 0.009 0.051 
   5   (0.037) 0.089 0.010 0.008 0.011 
   6   (0.041) 0.121 0.011 0.007 0.012 
   7   (0.031) 0.034 0.008 0.005 0.009 
   8   (0.038) 0.115 0.010 0.011 0.011 
   9   (0.041) 0.084 0.011 0.015 0.012 
  10   (0.029) 0.034 0.008 0.005 0.009 
  11   (0.034) 0.006 0.009 0.033 0.010 
  12   (0.076) 0.017 0.277 0.118 0.022 
  13   (0.040) 0.007 0.011 0.115 0.012 
  14   (0.084) 0.028 0.022 0.298 0.166 
  15   (0.055) 0.015 0.051 0.058 0.016 
  16   (0.037) 0.009 0.010 0.085 0.011 
  17   (0.071) 0.012 0.276 0.012 0.091 
  18   (0.064) 0.011 0.090 0.011 0.160 
  19   (0.073) 0.013 0.129 0.012 0.233 
  20   (0.038) 0.007 0.010 0.006 0.117 

Locus 72 : locus72 
18 alleles
0.0% missing data
   1   (0.073) 0.279 0.019 0.022 0.057 
   2   (0.076) 0.096 0.020 0.013 0.199 
   3   (0.069) 0.119 0.092 0.015 0.021 
   4   (0.073) 0.256 0.019 0.018 0.057 
   5   (0.035) 0.034 0.010 0.006 0.010 
   6   (0.044) 0.087 0.012 0.010 0.013 
   7   (0.088) 0.025 0.023 0.171 0.166 
   8   (0.034) 0.006 0.009 0.033 0.010 
   9   (0.076) 0.019 0.020 0.394 0.057 
  10   (0.084) 0.016 0.022 0.178 0.166 
  11   (0.041) 0.011 0.011 0.058 0.012 
  12   (0.064) 0.011 0.017 0.038 0.160 
  13   (0.045) 0.008 0.159 0.008 0.013 
  14   (0.047) 0.008 0.196 0.008 0.014 
  15   (0.043) 0.007 0.158 0.007 0.013 
  16   (0.037) 0.006 0.083 0.006 0.011 
  17   (0.034) 0.006 0.046 0.006 0.010 
  18   (0.039) 0.007 0.084 0.007 0.011 

Locus 73 : locus73 
21 alleles
0.0% missing data
   1   (0.037) 0.114 0.010 0.008 0.011 
   2   (0.068) 0.066 0.018 0.040 0.091 
   3   (0.032) 0.085 0.008 0.008 0.009 
   4   (0.057) 0.088 0.015 0.014 0.087 
   5   (0.041) 0.330 0.011 0.013 0.012 
   6   (0.061) 0.038 0.017 0.039 0.089 
   7   (0.033) 0.057 0.009 0.010 0.010 
   8   (0.105) 0.072 0.101 0.074 0.172 
   9   (0.028) 0.032 0.007 0.005 0.008 
  10   (0.053) 0.013 0.050 0.144 0.016 
  11   (0.030) 0.005 0.008 0.033 0.009 
  12   (0.071) 0.023 0.092 0.084 0.056 
  13   (0.059) 0.018 0.016 0.225 0.052 
  14   (0.050) 0.009 0.123 0.036 0.015 
  15   (0.032) 0.005 0.009 0.089 0.010 
  16   (0.034) 0.009 0.009 0.142 0.010 
  17   (0.063) 0.011 0.200 0.011 0.160 
  18   (0.030) 0.005 0.081 0.005 0.009 
  19   (0.054) 0.009 0.124 0.009 0.086 
  20   (0.032) 0.006 0.082 0.006 0.010 
  21   (0.029) 0.005 0.008 0.005 0.079 

Locus 74 : locus74 
23 alleles
0.0% missing data
   1   (0.053) 0.066 0.014 0.009 0.051 
   2   (0.036) 0.091 0.010 0.006 0.011 
   3   (0.060) 0.062 0.016 0.015 0.124 
   4   (0.056) 0.091 0.088 0.013 0.017 
   5   (0.056) 0.176 0.052 0.013 0.017 
   6   (0.067) 0.173 0.018 0.019 0.090 
   7   (0.060) 0.067 0.016 0.010 0.194 
   8   (0.056) 0.060 0.015 0.015 0.087 
   9   (0.074) 0.117 0.203 0.020 0.022 
  10   (0.036) 0.006 0.010 0.060 0.011 
  11   (0.038) 0.009 0.010 0.112 0.011 
  12   (0.044) 0.013 0.012 0.435 0.013 
  13   (0.038) 0.009 0.010 0.085 0.011 
  14   (0.033) 0.008 0.009 0.084 0.010 
  15   (0.031) 0.005 0.008 0.059 0.009 
  16   (0.040) 0.007 0.303 0.007 0.012 
  17   (0.030) 0.005 0.045 0.005 0.009 
  18   (0.034) 0.006 0.082 0.006 0.010 
  19   (0.032) 0.006 0.045 0.005 0.010 
  20   (0.034) 0.006 0.009 0.006 0.116 
  21   (0.029) 0.005 0.008 0.005 0.044 
  22   (0.033) 0.006 0.009 0.005 0.080 
  23   (0.029) 0.005 0.008 0.005 0.044 

Locus 75 : locus75 
19 alleles
0.0% missing data
   1   (0.040) 0.112 0.011 0.012 0.012 
   2   (0.050) 0.279 0.013 0.014 0.015 
   3   (0.055) 0.065 0.051 0.010 0.016 
   4   (0.067) 0.090 0.128 0.016 0.020 
   5   (0.035) 0.057 0.009 0.010 0.010 
   6   (0.042) 0.141 0.011 0.011 0.012 
   7   (0.038) 0.089 0.010 0.007 0.011 
   8   (0.033) 0.033 0.009 0.006 0.010 
   9   (0.094) 0.016 0.062 0.072 0.239 
  10   (0.086) 0.019 0.023 0.315 0.166 
  11   (0.041) 0.010 0.011 0.088 0.012 
  12   (0.070) 0.020 0.092 0.170 0.021 
  13   (0.041) 0.010 0.011 0.142 0.012 
  14   (0.074) 0.019 0.057 0.062 0.057 
  15   (0.052) 0.009 0.014 0.037 0.051 
  16   (0.043) 0.007 0.377 0.008 0.013 
  17   (0.066) 0.011 0.091 0.011 0.160 
  18   (0.034) 0.006 0.009 0.006 0.045 
  19   (0.038) 0.007 0.010 0.007 0.117 

Locus 76 : locus76 
17 alleles
0.0% missing data
   1   (0.039) 0.196 0.010 0.008 0.012 
   2   (0.043) 0.190 0.012 0.015 0.013 
   3   (0.036) 0.060 0.010 0.006 0.010 
   4   (0.038) 0.085 0.010 0.009 0.011 
   5   (0.037) 0.061 0.010 0.006 0.011 
   6   (0.074) 0.099 0.020 0.064 0.057 
   7   (0.037) 0.056 0.010 0.010 0.011 
   8   (0.042) 0.110 0.011 0.013 0.012 
   9   (0.096) 0.016 0.246 0.158 0.063 
  10   (0.093) 0.023 0.172 0.064 0.098 
  11   (0.112) 0.028 0.066 0.291 0.280 
  12   (0.042) 0.010 0.011 0.173 0.012 
  13   (0.048) 0.008 0.013 0.037 0.050 
  14   (0.080) 0.019 0.131 0.064 0.059 
  15   (0.098) 0.023 0.209 0.066 0.135 
  16   (0.052) 0.009 0.050 0.009 0.086 
  17   (0.036) 0.006 0.010 0.006 0.081 

Locus 77 : locus77 
17 alleles
0.0% missing data
   1   (0.037) 0.113 0.010 0.008 0.011 
   2   (0.111) 0.310 0.030 0.082 0.174 
   3   (0.078) 0.081 0.057 0.084 0.023 
   4   (0.141) 0.312 0.111 0.119 0.112 
   5   (0.047) 0.035 0.013 0.008 0.049 
   6   (0.121) 0.063 0.289 0.344 0.036 
   7   (0.062) 0.010 0.127 0.067 0.018 
   8   (0.046) 0.011 0.012 0.174 0.013 
   9   (0.061) 0.016 0.089 0.061 0.018 
  10   (0.041) 0.007 0.120 0.007 0.012 
  11   (0.034) 0.006 0.046 0.006 0.010 
  12   (0.033) 0.006 0.045 0.006 0.010 
  13   (0.043) 0.007 0.012 0.008 0.189 
  14   (0.035) 0.006 0.009 0.006 0.045 
  15   (0.034) 0.006 0.009 0.006 0.045 
  16   (0.043) 0.007 0.011 0.008 0.189 
  17   (0.035) 0.006 0.009 0.006 0.045 

Locus 78 : locus78 
21 alleles
0.0% missing data
   1   (0.089) 0.301 0.024 0.065 0.097 
   2   (0.035) 0.063 0.010 0.006 0.010 
   3   (0.063) 0.061 0.017 0.016 0.124 
   4   (0.059) 0.112 0.016 0.075 0.017 
   5   (0.083) 0.165 0.022 0.086 0.095 
   6   (0.057) 0.121 0.015 0.012 0.052 
   7   (0.061) 0.069 0.016 0.116 0.018 
   8   (0.040) 0.012 0.011 0.246 0.012 
   9   (0.054) 0.011 0.015 0.143 0.051 
  10   (0.032) 0.006 0.009 0.032 0.009 
  11   (0.044) 0.012 0.012 0.138 0.013 
  12   (0.039) 0.007 0.230 0.007 0.011 
  13   (0.035) 0.006 0.083 0.006 0.010 
  14   (0.033) 0.006 0.045 0.006 0.010 
  15   (0.041) 0.007 0.230 0.007 0.012 
  16   (0.036) 0.006 0.119 0.006 0.011 
  17   (0.057) 0.010 0.089 0.010 0.087 
  18   (0.036) 0.006 0.010 0.006 0.117 
  19   (0.035) 0.006 0.009 0.006 0.081 
  20   (0.037) 0.006 0.010 0.006 0.081 
  21   (0.036) 0.006 0.010 0.006 0.081 

Locus 79 : locus79 
22 alleles
0.0% missing data
   1   (0.046) 0.221 0.012 0.014 0.014 
   2   (0.046) 0.275 0.012 0.015 0.014 
   3   (0.037) 0.061 0.010 0.006 0.011 
   4   (0.035) 0.033 0.010 0.006 0.010 
   5   (0.040) 0.062 0.011 0.007 0.012 
   6   (0.036) 0.088 0.010 0.006 0.011 
   7   (0.039) 0.086 0.011 0.010 0.012 
   8   (0.032) 0.033 0.009 0.006 0.010 
   9   (0.067) 0.011 0.274 0.067 0.020 
  10   (0.046) 0.012 0.012 0.198 0.013 
  11   (0.065) 0.021 0.054 0.140 0.019 
  12   (0.044) 0.008 0.012 0.229 0.013 
  13   (0.031) 0.005 0.008 0.033 0.009 
  14   (0.074) 0.019 0.093 0.201 0.022 
  15   (0.031) 0.005 0.082 0.005 0.009 
  16   (0.072) 0.012 0.165 0.012 0.162 
  17   (0.034) 0.006 0.082 0.006 0.010 
  18   (0.066) 0.011 0.091 0.011 0.160 
  19   (0.042) 0.007 0.011 0.007 0.153 
  20   (0.035) 0.006 0.009 0.006 0.081 
  21   (0.043) 0.007 0.011 0.007 0.154 
  22   (0.041) 0.007 0.011 0.007 0.082 

Locus 80 : locus80 
21 alleles
0.0% missing data
   1   (0.043) 0.173 0.012 0.010 0.013 
   2   (0.064) 0.146 0.053 0.016 0.019 
   3   (0.086) 0.119 0.243 0.023 0.025 
   4   (0.076) 0.151 0.167 0.015 0.022 
   5   (0.031) 0.034 0.008 0.005 0.009 
   6   (0.042) 0.118 0.011 0.009 0.013 
   7   (0.071) 0.112 0.019 0.105 0.021 
   8   (0.059) 0.049 0.016 0.082 0.017 
   9   (0.048) 0.013 0.013 0.439 0.014 
  10   (0.050) 0.012 0.013 0.196 0.015 
  11   (0.037) 0.006 0.010 0.033 0.011 
  12   (0.043) 0.007 0.268 0.007 0.013 
  13   (0.036) 0.006 0.046 0.006 0.011 
  14   (0.032) 0.005 0.045 0.005 0.009 
  15   (0.042) 0.007 0.011 0.007 0.118 
  16   (0.044) 0.008 0.012 0.007 0.189 
  17   (0.045) 0.008 0.012 0.008 0.154 
  18   (0.035) 0.006 0.010 0.006 0.046 
  19   (0.039) 0.007 0.010 0.007 0.082 
  20   (0.043) 0.008 0.012 0.007 0.154 
  21   (0.034) 0.006 0.009 0.006 0.045 

Locus 81 : locus81 
27 alleles
0.0% missing data
   1   (0.042) 0.167 0.011 0.013 0.012 
   2   (0.034) 0.115 0.009 0.008 0.010 
   3   (0.054) 0.037 0.015 0.065 0.016 
   4   (0.030) 0.060 0.008 0.005 0.009 
   5   (0.058) 0.054 0.015 0.215 0.017 
   6   (0.061) 0.112 0.016 0.212 0.018 
   7   (0.041) 0.196 0.011 0.011 0.012 
   8   (0.037) 0.115 0.010 0.008 0.011 
   9   (0.032) 0.033 0.008 0.005 0.009 
  10   (0.039) 0.009 0.011 0.281 0.012 
  11   (0.034) 0.010 0.009 0.057 0.010 
  12   (0.029) 0.005 0.008 0.033 0.009 
  13   (0.040) 0.007 0.303 0.007 0.012 
  14   (0.034) 0.006 0.119 0.006 0.010 
  15   (0.035) 0.006 0.119 0.006 0.010 
  16   (0.033) 0.006 0.082 0.006 0.010 
  17   (0.031) 0.005 0.082 0.005 0.009 
  18   (0.029) 0.005 0.044 0.005 0.009 
  19   (0.029) 0.005 0.044 0.005 0.009 
  20   (0.032) 0.005 0.009 0.005 0.044 
  21   (0.038) 0.007 0.010 0.007 0.152 
  22   (0.036) 0.006 0.010 0.006 0.187 
  23   (0.038) 0.007 0.010 0.007 0.117 
  24   (0.036) 0.006 0.010 0.006 0.116 
  25   (0.031) 0.005 0.008 0.005 0.044 
  26   (0.035) 0.006 0.010 0.006 0.081 
  27   (0.031) 0.005 0.008 0.005 0.044 

Locus 82 : locus82 
15 alleles
0.0% missing data
   1   (0.113) 0.175 0.250 0.059 0.069 
   2   (0.093) 0.082 0.172 0.170 0.028 
   3   (0.032) 0.034 0.009 0.005 0.009 
   4   (0.081) 0.059 0.095 0.134 0.024 
   5   (0.088) 0.100 0.060 0.286 0.026 
   6   (0.077) 0.083 0.057 0.135 0.023 
   7   (0.063) 0.067 0.017 0.011 0.230 
   8   (0.078) 0.063 0.057 0.019 0.129 
   9   (0.085) 0.064 0.133 0.021 0.095 
  10   (0.059) 0.061 0.016 0.016 0.123 
  11   (0.056) 0.038 0.015 0.009 0.193 
  12   (0.050) 0.065 0.013 0.035 0.015 
  13   (0.037) 0.083 0.010 0.014 0.011 
  14   (0.055) 0.020 0.051 0.080 0.016 
  15   (0.030) 0.005 0.045 0.005 0.009 

Locus 83 : locus83 
18 alleles
0.0% missing data
   1   (0.041) 0.138 0.011 0.011 0.012 
   2   (0.032) 0.032 0.009 0.006 0.009 
   3   (0.102) 0.071 0.027 0.131 0.312 
   4   (0.031) 0.032 0.008 0.005 0.009 
   5   (0.067) 0.088 0.018 0.016 0.196 
   6   (0.041) 0.163 0.011 0.013 0.012 
   7   (0.141) 0.126 0.148 0.285 0.112 
   8   (0.066) 0.080 0.018 0.223 0.020 
   9   (0.081) 0.040 0.168 0.014 0.094 
  10   (0.041) 0.109 0.011 0.013 0.012 
  11   (0.036) 0.056 0.010 0.011 0.011 
  12   (0.099) 0.023 0.173 0.152 0.100 
  13   (0.055) 0.014 0.051 0.061 0.016 
  14   (0.033) 0.006 0.009 0.034 0.010 
  15   (0.037) 0.006 0.156 0.007 0.011 
  16   (0.033) 0.005 0.082 0.006 0.010 
  17   (0.033) 0.006 0.082 0.006 0.010 
  18   (0.031) 0.005 0.008 0.005 0.044 

Locus 84 : locus84 
26 alleles
0.0% missing data
   1   (0.035) 0.115 0.009 0.008 0.010 
   2   (0.032) 0.086 0.009 0.008 0.009 
   3   (0.037) 0.144 0.010 0.008 0.011 
   4   (0.033) 0.086 0.009 0.008 0.010 
   5   (0.035) 0.081 0.009 0.014 0.010 
   6   (0.039) 0.087 0.010 0.009 0.011 
   7   (0.036) 0.170 0.010 0.008 0.011 
   8   (0.034) 0.087 0.009 0.008 0.010 
   9   (0.074) 0.022 0.020 0.279 0.163 
  10   (0.062) 0.014 0.017 0.090 0.195 
  11   (0.035) 0.007 0.009 0.143 0.010 
  12   (0.064) 0.017 0.017 0.143 0.195 
  13   (0.054) 0.012 0.014 0.117 0.051 
  14   (0.038) 0.007 0.010 0.089 0.011 
  15   (0.035) 0.006 0.119 0.006 0.010 
  16   (0.031) 0.005 0.082 0.005 0.009 
  17   (0.032) 0.006 0.155 0.006 0.009 
  18   (0.031) 0.005 0.045 0.005 0.009 
  19   (0.027) 0.005 0.044 0.005 0.008 
  20   (0.036) 0.006 0.119 0.006 0.011 
  21   (0.033) 0.006 0.082 0.006 0.010 
  22   (0.033) 0.006 0.045 0.006 0.010 
  23   (0.033) 0.006 0.082 0.006 0.010 
  24   (0.033) 0.006 0.046 0.006 0.010 
  25   (0.034) 0.006 0.009 0.006 0.116 
  26   (0.035) 0.006 0.010 0.006 0.081 

Locus 85 : locus85 
25 alleles
0.0% missing data
   1   (0.044) 0.309 0.012 0.011 0.013 
   2   (0.036) 0.062 0.010 0.006 0.011 
   3   (0.040) 0.138 0.011 0.014 0.012 
   4   (0.032) 0.033 0.009 0.006 0.010 
   5   (0.066) 0.067 0.018 0.011 0.196 
   6   (0.073) 0.120 0.020 0.016 0.198 
   7   (0.038) 0.081 0.010 0.014 0.011 
   8   (0.048) 0.064 0.013 0.008 0.049 
   9   (0.044) 0.010 0.012 0.226 0.013 
  10   (0.044) 0.011 0.012 0.224 0.013 
  11   (0.039) 0.010 0.010 0.141 0.012 
  12   (0.035) 0.010 0.010 0.057 0.011 
  13   (0.031) 0.008 0.008 0.086 0.009 
  14   (0.035) 0.006 0.009 0.061 0.010 
  15   (0.041) 0.011 0.011 0.058 0.012 
  16   (0.044) 0.008 0.231 0.007 0.013 
  17   (0.039) 0.007 0.230 0.007 0.012 
  18   (0.035) 0.006 0.082 0.006 0.010 
  19   (0.035) 0.006 0.083 0.006 0.010 
  20   (0.033) 0.006 0.082 0.006 0.010 
  21   (0.033) 0.006 0.082 0.006 0.010 
  22   (0.037) 0.006 0.010 0.006 0.152 
  23   (0.038) 0.006 0.010 0.006 0.117 
  24   (0.031) 0.005 0.008 0.005 0.045 
  25   (0.028) 0.005 0.008 0.005 0.043 

Locus 86 : locus86 
16 alleles
0.0% missing data
   1   (0.047) 0.145 0.013 0.012 0.014 
   2   (0.092) 0.072 0.391 0.016 0.027 
   3   (0.093) 0.230 0.025 0.026 0.098 
   4   (0.050) 0.116 0.013 0.014 0.015 
   5   (0.071) 0.151 0.019 0.014 0.056 
   6   (0.057) 0.038 0.052 0.010 0.017 
   7   (0.080) 0.112 0.021 0.108 0.023 
   8   (0.071) 0.040 0.275 0.012 0.021 
   9   (0.084) 0.022 0.023 0.278 0.060 
  10   (0.060) 0.016 0.016 0.412 0.018 
  11   (0.065) 0.017 0.054 0.059 0.019 
  12   (0.037) 0.006 0.047 0.006 0.011 
  13   (0.053) 0.009 0.014 0.009 0.227 
  14   (0.050) 0.009 0.014 0.009 0.191 
  15   (0.041) 0.007 0.011 0.007 0.083 
  16   (0.047) 0.008 0.013 0.008 0.119 

Locus 87 : locus87 
16 alleles
0.0% missing data
   1   (0.128) 0.260 0.071 0.064 0.143 
   2   (0.101) 0.181 0.174 0.023 0.065 
   3   (0.074) 0.177 0.129 0.017 0.022 
   4   (0.113) 0.098 0.213 0.024 0.139 
   5   (0.071) 0.176 0.092 0.016 0.021 
   6   (0.038) 0.007 0.010 0.061 0.011 
   7   (0.046) 0.013 0.012 0.193 0.014 
   8   (0.045) 0.010 0.012 0.141 0.013 
   9   (0.046) 0.013 0.012 0.193 0.014 
  10   (0.037) 0.006 0.010 0.061 0.011 
  11   (0.045) 0.014 0.012 0.164 0.013 
  12   (0.075) 0.013 0.093 0.013 0.269 
  13   (0.034) 0.006 0.046 0.006 0.010 
  14   (0.051) 0.009 0.050 0.009 0.050 
  15   (0.054) 0.010 0.051 0.009 0.086 
  16   (0.040) 0.007 0.011 0.007 0.117 

Locus 88 : locus88 
13 alleles
0.0% missing data
   1   (0.070) 0.338 0.019 0.019 0.056 
   2   (0.127) 0.087 0.107 0.178 0.108 
   3   (0.097) 0.072 0.173 0.017 0.134 
   4   (0.091) 0.085 0.134 0.084 0.027 
   5   (0.124) 0.080 0.252 0.127 0.072 
   6   (0.141) 0.199 0.184 0.098 0.112 
   7   (0.100) 0.085 0.063 0.032 0.206 
   8   (0.048) 0.013 0.013 0.280 0.014 
   9   (0.062) 0.018 0.017 0.114 0.053 
  10   (0.033) 0.006 0.009 0.033 0.010 
  11   (0.037) 0.006 0.010 0.006 0.081 
  12   (0.037) 0.006 0.010 0.006 0.082 
  13   (0.033) 0.006 0.009 0.006 0.045 

Locus 89 : locus89 
20 alleles
0.0% missing data
   1   (0.079) 0.196 0.204 0.021 0.023 
   2   (0.055) 0.064 0.015 0.066 0.016 
   3   (0.060) 0.220 0.053 0.019 0.018 
   4   (0.058) 0.144 0.016 0.012 0.088 
   5   (0.064) 0.154 0.017 0.088 0.019 
   6   (0.077) 0.054 0.167 0.055 0.023 
   7   (0.063) 0.059 0.163 0.017 0.019 
   8   (0.058) 0.017 0.016 0.115 0.088 
   9   (0.036) 0.008 0.010 0.088 0.011 
  10   (0.038) 0.011 0.010 0.114 0.011 
  11   (0.052) 0.009 0.014 0.037 0.086 
  12   (0.055) 0.009 0.015 0.094 0.051 
  13   (0.042) 0.011 0.011 0.200 0.012 
  14   (0.052) 0.009 0.014 0.037 0.086 
  15   (0.038) 0.007 0.230 0.007 0.011 
  16   (0.037) 0.006 0.010 0.006 0.116 
  17   (0.037) 0.006 0.010 0.006 0.116 
  18   (0.034) 0.006 0.009 0.006 0.081 
  19   (0.035) 0.006 0.009 0.006 0.081 
  20   (0.029) 0.005 0.008 0.005 0.044 

Locus 90 : locus90 
15 alleles
0.0% missing data
   1   (0.068) 0.119 0.018 0.015 0.126 
   2   (0.040) 0.087 0.011 0.009 0.012 
   3   (0.120) 0.126 0.179 0.025 0.247 
   4   (0.088) 0.098 0.170 0.015 0.061 
   5   (0.032) 0.033 0.009 0.006 0.009 
   6   (0.121) 0.251 0.106 0.038 0.177 
   7   (0.110) 0.062 0.066 0.141 0.103 
   8   (0.080) 0.144 0.278 0.021 0.024 
   9   (0.066) 0.014 0.018 0.286 0.055 
  10   (0.039) 0.011 0.010 0.058 0.012 
  11   (0.058) 0.013 0.052 0.090 0.017 
  12   (0.066) 0.017 0.054 0.199 0.019 
  13   (0.038) 0.011 0.010 0.057 0.011 
  14   (0.033) 0.006 0.009 0.033 0.010 
  15   (0.039) 0.007 0.010 0.007 0.118 

Locus 91 : locus91 
20 alleles
0.0% missing data
   1   (0.033) 0.172 0.009 0.007 0.010 
   2   (0.050) 0.036 0.014 0.009 0.121 
   3   (0.079) 0.057 0.094 0.134 0.023 
   4   (0.051) 0.036 0.124 0.009 0.015 
   5   (0.052) 0.037 0.014 0.009 0.121 
   6   (0.064) 0.226 0.017 0.019 0.089 
   7   (0.098) 0.144 0.173 0.219 0.029 
   8   (0.059) 0.083 0.016 0.020 0.088 
   9   (0.058) 0.038 0.052 0.010 0.052 
  10   (0.050) 0.036 0.013 0.009 0.120 
  11   (0.050) 0.060 0.050 0.013 0.015 
  12   (0.054) 0.013 0.051 0.225 0.016 
  13   (0.033) 0.007 0.009 0.114 0.010 
  14   (0.058) 0.014 0.125 0.088 0.017 
  15   (0.050) 0.012 0.050 0.088 0.015 
  16   (0.033) 0.006 0.082 0.006 0.010 
  17   (0.030) 0.005 0.045 0.005 0.009 
  18   (0.031) 0.005 0.045 0.005 0.009 
  19   (0.032) 0.006 0.009 0.006 0.080 
  20   (0.035) 0.006 0.009 0.006 0.151 

Locus 92 : locus92 
19 alleles
0.0% missing data
   1   (0.070) 0.298 0.019 0.057 0.021 
   2   (0.046) 0.198 0.012 0.011 0.014 
   3   (0.075) 0.110 0.020 0.246 0.022 
   4   (0.034) 0.033 0.009 0.006 0.010 
   5   (0.086) 0.055 0.060 0.168 0.025 
   6   (0.033) 0.033 0.009 0.006 0.010 
   7   (0.041) 0.112 0.011 0.012 0.012 
   8   (0.094) 0.065 0.098 0.188 0.028 
   9   (0.077) 0.015 0.130 0.150 0.023 
  10   (0.066) 0.015 0.127 0.091 0.019 
  11   (0.045) 0.008 0.268 0.008 0.013 
  12   (0.038) 0.006 0.083 0.007 0.011 
  13   (0.057) 0.010 0.088 0.010 0.052 
  14   (0.048) 0.008 0.013 0.008 0.332 
  15   (0.037) 0.006 0.010 0.006 0.081 
  16   (0.038) 0.007 0.010 0.007 0.082 
  17   (0.046) 0.008 0.012 0.008 0.154 
  18   (0.035) 0.006 0.009 0.006 0.045 
  19   (0.035) 0.006 0.009 0.006 0.045 

Locus 93 : locus93 
22 alleles
0.0% missing data
   1   (0.072) 0.204 0.092 0.016 0.021 
   2   (0.030) 0.033 0.008 0.005 0.009 
   3   (0.036) 0.034 0.010 0.006 0.011 
   4   (0.086) 0.172 0.206 0.024 0.025 
   5   (0.042) 0.172 0.011 0.010 0.012 
   6   (0.071) 0.204 0.092 0.016 0.021 
   7   (0.059) 0.060 0.089 0.015 0.017 
   8   (0.045) 0.014 0.012 0.165 0.013 
   9   (0.044) 0.011 0.012 0.360 0.013 
  10   (0.040) 0.010 0.011 0.168 0.012 
  11   (0.063) 0.014 0.017 0.089 0.089 
  12   (0.059) 0.010 0.016 0.065 0.088 
  13   (0.036) 0.006 0.119 0.006 0.011 
  14   (0.034) 0.006 0.046 0.006 0.010 
  15   (0.036) 0.006 0.119 0.006 0.011 
  16   (0.027) 0.005 0.044 0.005 0.008 
  17   (0.031) 0.005 0.045 0.005 0.009 
  18   (0.040) 0.007 0.011 0.007 0.153 
  19   (0.042) 0.007 0.011 0.007 0.224 
  20   (0.037) 0.006 0.010 0.006 0.081 
  21   (0.037) 0.006 0.010 0.006 0.117 
  22   (0.032) 0.006 0.009 0.005 0.045 

Locus 94 : locus94 
20 alleles
0.0% missing data
   1   (0.049) 0.352 0.013 0.015 0.015 
   2   (0.041) 0.138 0.011 0.011 0.012 
   3   (0.039) 0.112 0.010 0.009 0.011 
   4   (0.073) 0.045 0.020 0.177 0.057 
   5   (0.033) 0.032 0.009 0.006 0.010 
   6   (0.057) 0.114 0.052 0.013 0.017 
   7   (0.081) 0.049 0.022 0.232 0.059 
   8   (0.033) 0.032 0.009 0.006 0.010 
   9   (0.079) 0.018 0.021 0.180 0.200 
  10   (0.074) 0.019 0.020 0.119 0.163 
  11   (0.074) 0.016 0.020 0.094 0.234 
  12   (0.072) 0.023 0.019 0.085 0.127 
  13   (0.037) 0.006 0.083 0.007 0.011 
  14   (0.038) 0.006 0.084 0.007 0.011 
  15   (0.048) 0.008 0.269 0.009 0.014 
  16   (0.038) 0.006 0.083 0.007 0.011 
  17   (0.037) 0.006 0.120 0.007 0.011 
  18   (0.033) 0.005 0.045 0.006 0.010 
  19   (0.033) 0.005 0.045 0.006 0.010 
  20   (0.031) 0.005 0.045 0.005 0.009 

Locus 95 : locus95 
23 alleles
0.0% missing data
   1   (0.035) 0.087 0.009 0.008 0.010 
   2   (0.038) 0.172 0.010 0.007 0.011 
   3   (0.029) 0.033 0.008 0.005 0.009 
   4   (0.062) 0.038 0.090 0.011 0.053 
   5   (0.043) 0.249 0.011 0.015 0.012 
   6   (0.035) 0.062 0.009 0.006 0.010 
   7   (0.099) 0.173 0.136 0.027 0.135 
   8   (0.030) 0.033 0.008 0.005 0.009 
   9   (0.065) 0.039 0.054 0.011 0.090 
  10   (0.033) 0.006 0.009 0.088 0.010 
  11   (0.035) 0.010 0.009 0.057 0.010 
  12   (0.033) 0.006 0.009 0.061 0.010 
  13   (0.037) 0.009 0.010 0.169 0.011 
  14   (0.041) 0.014 0.011 0.193 0.012 
  15   (0.037) 0.009 0.010 0.169 0.011 
  16   (0.038) 0.008 0.010 0.115 0.011 
  17   (0.049) 0.008 0.196 0.008 0.049 
  18   (0.072) 0.012 0.239 0.012 0.198 
  19   (0.046) 0.008 0.049 0.008 0.049 
  20   (0.056) 0.010 0.088 0.010 0.122 
  21   (0.030) 0.005 0.008 0.005 0.080 
  22   (0.030) 0.005 0.008 0.005 0.044 
  23   (0.026) 0.005 0.007 0.005 0.043 

Locus 96 : locus96 
18 alleles
0.0% missing data
   1   (0.089) 0.093 0.024 0.130 0.097 
   2   (0.092) 0.124 0.098 0.019 0.133 
   3   (0.061) 0.084 0.089 0.020 0.018 
   4   (0.068) 0.091 0.018 0.015 0.161 
   5   (0.103) 0.233 0.101 0.026 0.101 
   6   (0.060) 0.145 0.016 0.015 0.053 
   7   (0.103) 0.124 0.028 0.187 0.136 
   8   (0.053) 0.037 0.014 0.091 0.016 
   9   (0.033) 0.006 0.009 0.033 0.010 
  10   (0.046) 0.014 0.012 0.413 0.014 
  11   (0.034) 0.006 0.082 0.006 0.010 
  12   (0.037) 0.006 0.083 0.006 0.011 
  13   (0.040) 0.007 0.157 0.007 0.012 
  14   (0.034) 0.006 0.082 0.006 0.010 
  15   (0.036) 0.006 0.083 0.006 0.011 
  16   (0.035) 0.006 0.083 0.006 0.010 
  17   (0.042) 0.007 0.011 0.007 0.154 
  18   (0.033) 0.006 0.009 0.006 0.045 

Locus 97 : locus97 
21 alleles
0.0% missing data
   1   (0.031) 0.062 0.008 0.005 0.009 
   2   (0.092) 0.165 0.025 0.333 0.062 
   3   (0.050) 0.060 0.013 0.013 0.050 
   4   (0.107) 0.198 0.029 0.225 0.138 
   5   (0.077) 0.124 0.021 0.122 0.058 
   6   (0.056) 0.166 0.015 0.049 0.017 
   7   (0.072) 0.055 0.019 0.161 0.056 
   8   (0.051) 0.061 0.014 0.013 0.050 
   9   (0.029) 0.033 0.008 0.005 0.009 
  10   (0.037) 0.006 0.193 0.006 0.011 
  11   (0.061) 0.011 0.126 0.010 0.123 
  12   (0.057) 0.010 0.235 0.010 0.052 
  13   (0.029) 0.005 0.044 0.005 0.009 
  14   (0.031) 0.005 0.045 0.005 0.009 
  15   (0.033) 0.006 0.082 0.006 0.010 
  16   (0.030) 0.005 0.045 0.005 0.009 
  17   (0.025) 0.004 0.043 0.004 0.008 
  18   (0.035) 0.006 0.009 0.006 0.081 
  19   (0.031) 0.006 0.008 0.005 0.115 
  20   (0.035) 0.006 0.009 0.006 0.081 
  21   (0.030) 0.005 0.008 0.005 0.044 

Locus 98 : locus98 
21 alleles
0.0% missing data
   1   (0.074) 0.181 0.020 0.231 0.022 
   2   (0.071) 0.221 0.019 0.022 0.126 
   3   (0.051) 0.049 0.014 0.051 0.015 
   4   (0.068) 0.180 0.018 0.146 0.020 
   5   (0.061) 0.165 0.016 0.076 0.018 
   6   (0.086) 0.098 0.060 0.181 0.025 
   7   (0.063) 0.011 0.163 0.067 0.019 
   8   (0.055) 0.016 0.051 0.115 0.016 
   9   (0.053) 0.009 0.124 0.037 0.016 
  10   (0.030) 0.005 0.045 0.005 0.009 
  11   (0.040) 0.007 0.267 0.007 0.012 
  12   (0.032) 0.005 0.045 0.006 0.010 
  13   (0.036) 0.006 0.082 0.006 0.011 
  14   (0.041) 0.007 0.011 0.007 0.188 
  15   (0.036) 0.006 0.010 0.006 0.151 
  16   (0.035) 0.006 0.009 0.006 0.081 
  17   (0.030) 0.005 0.008 0.005 0.044 
  18   (0.032) 0.005 0.009 0.006 0.045 
  19   (0.035) 0.006 0.009 0.006 0.045 
  20   (0.035) 0.006 0.009 0.006 0.081 
  21   (0.035) 0.006 0.009 0.006 0.045 

Locus 99 : locus99 
12 alleles
0.0% missing data
   1   (0.039) 0.062 0.010 0.007 0.012 
   2   (0.153) 0.263 0.078 0.231 0.115 
   3   (0.101) 0.139 0.064 0.032 0.100 
   4   (0.182) 0.214 0.159 0.346 0.124 
   5   (0.073) 0.091 0.166 0.017 0.022 
   6   (0.069) 0.090 0.092 0.016 0.021 
   7   (0.100) 0.065 0.100 0.192 0.030 
   8   (0.076) 0.040 0.094 0.013 0.058 
   9   (0.078) 0.013 0.204 0.125 0.023 
  10   (0.047) 0.008 0.013 0.008 0.260 
  11   (0.038) 0.006 0.010 0.007 0.082 
  12   (0.044) 0.007 0.012 0.008 0.154 

Locus 100 : locus100 
21 alleles
0.0% missing data
   1   (0.079) 0.230 0.021 0.020 0.094 
   2   (0.057) 0.119 0.015 0.012 0.052 
   3   (0.076) 0.117 0.020 0.020 0.128 
   4   (0.086) 0.202 0.023 0.022 0.167 
   5   (0.051) 0.037 0.050 0.009 0.015 
   6   (0.061) 0.066 0.016 0.010 0.124 
   7   (0.044) 0.117 0.012 0.010 0.013 
   8   (0.049) 0.014 0.013 0.249 0.014 
   9   (0.045) 0.011 0.012 0.169 0.013 
  10   (0.044) 0.010 0.012 0.196 0.013 
  11   (0.043) 0.013 0.011 0.111 0.013 
  12   (0.038) 0.007 0.010 0.089 0.011 
  13   (0.033) 0.006 0.009 0.033 0.010 
  14   (0.042) 0.007 0.158 0.007 0.012 
  15   (0.032) 0.006 0.045 0.006 0.009 
  16   (0.040) 0.007 0.157 0.007 0.012 
  17   (0.038) 0.007 0.156 0.006 0.011 
  18   (0.041) 0.007 0.194 0.007 0.012 
  19   (0.030) 0.005 0.045 0.005 0.009 
  20   (0.041) 0.007 0.011 0.007 0.224 
  21   (0.031) 0.005 0.008 0.005 0.044 

Values of parameters used in structure:
DATAFILE=parentandhybrid7.str,	OUTFILE=parentandhybrid4Deme_2,	NUMINDS=50,	NUMLOCI=100,	MISSING=0,	LABEL=1,	POPDATA=0,	POPFLAG=0,	PHENOTYPE=0,	EXTRACOLS=0,	MAXPOPS=4,	BURNIN=200000,	NUMREPS=200000,	USEPOPINFO=0,	INFERALPHA=1,	INFERLAMBDA=0,	POPSPECIFICLAMBDA=0,	POPALPHAS=0,	COMPUTEPROB=1,	NOADMIX=0,	ADMBURNIN=500,	UPDATEFREQ=100,	PRINTLIKES=0,	INTERMEDSAVE=0,	PRINTKLD=0,	PRINTNET=1,	PRINTLAMBDA=1,	ANCESTDIST=0,	NUMBOXES=1000,	ANCESTPINT=0.90000,	GENSBACK=2,	MIGRPRIOR=0.01000,	PRINTQHAT=0,	PRINTQSUM=1,	ALPHA=1.0000,	FREQSCORR=1,	FPRIORMEAN=0.0100,	FPRIORSD=0.0500,	ONEFST=0,	LAMBDA=1.0000,	UNIFPRIORALPHA=1,	ALPHAMAX=10.0000,	ALPHAPRIORA=1.0000,	ALPHAPRIORB=2.0000,	ALPHAPROPSD=0.0250,	STARTATPOPINFO=0,	RANDOMIZE=1,	LINKAGE=0,	METROFREQ=10,	REPORTHITRATE=0,	MARKOVPHASE=0,	PHASED=0,	PLOIDY=2,	PHASEINFO=0	LOCPRIOR=0, 	LOCPRIORINIT=1.000000, 	LOCDATA=0, 	LOCISPOP=0, 	LOCPRIORSTEP=0.100000, 	MAXLOCPRIOR=20.000000, 	SEED=1658869945,	
[STRAT parameters]:    NUMSIMSTATS=1000,	PHENOTYPECOL=-9,	POOLFREQ=10,	LOCUSxONLY=0,	EMERROR=0.00100,	MISSINGPHENO=-9,	