

----------------------------------------------------
STRUCTURE by Pritchard, Stephens and Donnelly (2000)
     and Falush, Stephens and Pritchard (2003)
       Code by Pritchard, Falush and Hubisz
             Version 2.3.4 (Jul 2012)
----------------------------------------------------



Command line arguments:   bin\structure -m C:\Users\CHendrikse\Documents\fsc26_win64\4Demes\4deme\parentandhybridset\mainparams -e C:\Users\CHendrikse\Documents\fsc26_win64\4Demes\4deme\parentandhybridset\extraparams 
Input File:    C:\Users\CHendrikse\Documents\fsc26_win64\4Demes\4deme\project_data

Run parameters:
   50 individuals
   100 loci
   4 populations assumed
   50000 Burn-in period
   50000 Reps


--------------------------------------------
Overall proportion of membership of the
sample in each of the 4 clusters

Inferred Clusters
  1      2      3      4    
0.157  0.242  0.420  0.180  

--------------------------------------------

Allele-freq. divergence among pops (Net nucleotide distance),
computed using point estimates of P.

      1       2       3       4      
 1      -    0.0012  0.0040  0.0020  
 2   0.0012     -    0.0030  0.0008  
 3   0.0040  0.0030     -    0.0040  
 4   0.0020  0.0008  0.0040     -    

Average distances (expected heterozygosity) between individuals in same cluster:
cluster  1  : 0.9137 
cluster  2  : 0.9174 
cluster  3  : 0.9076 
cluster  4  : 0.9160 

--------------------------------------------
Estimated Ln Prob of Data   = -27966.5
Mean value of ln likelihood = -25673.2
Variance of ln likelihood   = 4586.8
Mean value of alpha         = 0.0450

Mean value of Fst_1         = 0.0175
Mean value of Fst_2         = 0.0053
Mean value of Fst_3         = 0.0190
Mean value of Fst_4         = 0.0132


Inferred ancestry of individuals:
        Label (%Miss) :  Inferred clusters
  1        1    (0)   :  0.223 0.458 0.196 0.123 
  2        2    (0)   :  0.243 0.019 0.430 0.308 
  3        3    (0)   :  0.011 0.036 0.947 0.005 
  4        4    (0)   :  0.012 0.364 0.572 0.052 
  5        5    (0)   :  0.923 0.052 0.019 0.005 
  6        6    (0)   :  0.020 0.018 0.938 0.024 
  7        7    (0)   :  0.802 0.074 0.092 0.032 
  8        8    (0)   :  0.089 0.581 0.310 0.019 
  9        9    (0)   :  0.047 0.067 0.740 0.146 
 10       10    (0)   :  0.930 0.014 0.048 0.008 
 11       11    (0)   :  0.015 0.010 0.963 0.013 
 12       12    (0)   :  0.011 0.014 0.961 0.014 
 13       13    (0)   :  0.027 0.081 0.878 0.014 
 14       14    (0)   :  0.010 0.008 0.972 0.009 
 15       15    (0)   :  0.070 0.417 0.486 0.027 
 16       16    (0)   :  0.165 0.072 0.749 0.013 
 17       17    (0)   :  0.014 0.043 0.724 0.218 
 18       18    (0)   :  0.086 0.818 0.024 0.072 
 19       19    (0)   :  0.053 0.576 0.325 0.046 
 20       20    (0)   :  0.027 0.031 0.907 0.036 
 21      h01    (0)   :  0.027 0.010 0.957 0.006 
 22      h02    (0)   :  0.006 0.006 0.983 0.005 
 23      h03    (0)   :  0.011 0.007 0.978 0.004 
 24      h04    (0)   :  0.091 0.010 0.893 0.006 
 25      h05    (0)   :  0.047 0.022 0.919 0.012 
 26      h06    (0)   :  0.007 0.009 0.979 0.005 
 27      h07    (0)   :  0.010 0.006 0.981 0.004 
 28      h08    (0)   :  0.016 0.008 0.971 0.005 
 29      h09    (0)   :  0.011 0.008 0.979 0.003 
 30      h10    (0)   :  0.012 0.006 0.977 0.004 
 31       21    (0)   :  0.022 0.572 0.003 0.402 
 32       22    (0)   :  0.004 0.011 0.004 0.981 
 33       23    (0)   :  0.022 0.559 0.003 0.416 
 34       24    (0)   :  0.008 0.534 0.004 0.454 
 35       25    (0)   :  0.021 0.224 0.002 0.753 
 36       26    (0)   :  0.140 0.168 0.004 0.688 
 37       27    (0)   :  0.007 0.138 0.005 0.849 
 38       28    (0)   :  0.028 0.069 0.007 0.896 
 39       29    (0)   :  0.815 0.114 0.012 0.059 
 40       30    (0)   :  0.020 0.046 0.007 0.926 
 41       31    (0)   :  0.008 0.958 0.005 0.028 
 42       32    (0)   :  0.093 0.888 0.010 0.009 
 43       33    (0)   :  0.031 0.202 0.004 0.763 
 44       34    (0)   :  0.202 0.766 0.016 0.016 
 45       35    (0)   :  0.010 0.958 0.002 0.030 
 46       36    (0)   :  0.642 0.301 0.004 0.053 
 47       37    (0)   :  0.218 0.728 0.004 0.050 
 48       38    (0)   :  0.447 0.536 0.007 0.011 
 49       39    (0)   :  0.170 0.456 0.007 0.367 
 50       40    (0)   :  0.950 0.030 0.007 0.013 


Estimated Allele Frequencies in each cluster
First column gives estimated ancestral frequencies


Locus 1 : locus1 
17 alleles
0.0% missing data
   1   (0.103) 0.086 0.107 0.112 0.101 
   2   (0.058) 0.051 0.065 0.044 0.049 
   3   (0.091) 0.078 0.091 0.123 0.091 
   4   (0.150) 0.177 0.146 0.121 0.178 
   5   (0.020) 0.016 0.018 0.021 0.016 
   6   (0.060) 0.051 0.057 0.088 0.057 
   7   (0.066) 0.076 0.067 0.057 0.059 
   8   (0.030) 0.037 0.027 0.027 0.024 
   9   (0.123) 0.143 0.122 0.140 0.111 
  10   (0.028) 0.041 0.028 0.016 0.023 
  11   (0.021) 0.018 0.022 0.015 0.017 
  12   (0.063) 0.053 0.062 0.103 0.052 
  13   (0.019) 0.016 0.017 0.021 0.016 
  14   (0.028) 0.025 0.028 0.027 0.023 
  15   (0.101) 0.101 0.102 0.064 0.148 
  16   (0.019) 0.015 0.021 0.011 0.016 
  17   (0.019) 0.017 0.019 0.011 0.019 

Locus 2 : locus2 
19 alleles
0.0% missing data
   1   (0.084) 0.090 0.083 0.091 0.077 
   2   (0.033) 0.029 0.031 0.042 0.028 
   3   (0.102) 0.111 0.105 0.087 0.113 
   4   (0.058) 0.064 0.053 0.068 0.060 
   5   (0.041) 0.035 0.041 0.054 0.034 
   6   (0.101) 0.111 0.112 0.089 0.087 
   7   (0.093) 0.091 0.091 0.114 0.094 
   8   (0.074) 0.063 0.076 0.105 0.068 
   9   (0.045) 0.050 0.044 0.025 0.054 
  10   (0.042) 0.036 0.042 0.048 0.038 
  11   (0.083) 0.099 0.079 0.082 0.083 
  12   (0.053) 0.054 0.055 0.054 0.044 
  13   (0.042) 0.034 0.040 0.044 0.050 
  14   (0.054) 0.045 0.054 0.044 0.065 
  15   (0.019) 0.015 0.020 0.011 0.022 
  16   (0.020) 0.026 0.018 0.011 0.016 
  17   (0.019) 0.015 0.017 0.010 0.025 
  18   (0.019) 0.016 0.017 0.011 0.025 
  19   (0.019) 0.016 0.021 0.011 0.016 

Locus 3 : locus3 
16 alleles
0.0% missing data
   1   (0.070) 0.060 0.074 0.070 0.065 
   2   (0.119) 0.134 0.116 0.132 0.111 
   3   (0.180) 0.167 0.177 0.162 0.231 
   4   (0.208) 0.187 0.213 0.260 0.207 
   5   (0.029) 0.023 0.030 0.021 0.030 
   6   (0.084) 0.097 0.081 0.115 0.069 
   7   (0.020) 0.029 0.018 0.011 0.016 
   8   (0.030) 0.025 0.027 0.026 0.034 
   9   (0.056) 0.057 0.059 0.052 0.047 
  10   (0.028) 0.041 0.028 0.016 0.024 
  11   (0.042) 0.034 0.039 0.054 0.038 
  12   (0.047) 0.054 0.050 0.031 0.045 
  13   (0.020) 0.017 0.018 0.011 0.022 
  14   (0.029) 0.035 0.030 0.016 0.024 
  15   (0.019) 0.024 0.019 0.011 0.016 
  16   (0.020) 0.017 0.020 0.011 0.019 

Locus 4 : locus4 
18 alleles
0.0% missing data
   1   (0.090) 0.080 0.096 0.072 0.098 
   2   (0.091) 0.094 0.095 0.106 0.077 
   3   (0.089) 0.104 0.086 0.064 0.109 
   4   (0.126) 0.113 0.123 0.161 0.133 
   5   (0.037) 0.030 0.039 0.037 0.030 
   6   (0.051) 0.081 0.050 0.038 0.043 
   7   (0.037) 0.046 0.039 0.025 0.031 
   8   (0.025) 0.020 0.022 0.034 0.020 
   9   (0.050) 0.041 0.045 0.058 0.062 
  10   (0.038) 0.045 0.034 0.031 0.041 
  11   (0.082) 0.069 0.087 0.116 0.068 
  12   (0.058) 0.048 0.056 0.091 0.051 
  13   (0.055) 0.047 0.059 0.048 0.055 
  14   (0.061) 0.080 0.065 0.035 0.061 
  15   (0.031) 0.029 0.029 0.042 0.028 
  16   (0.020) 0.016 0.021 0.011 0.021 
  17   (0.038) 0.041 0.037 0.021 0.047 
  18   (0.020) 0.016 0.018 0.011 0.025 

Locus 5 : locus5 
15 alleles
0.0% missing data
   1   (0.220) 0.220 0.228 0.194 0.245 
   2   (0.098) 0.101 0.108 0.088 0.085 
   3   (0.076) 0.077 0.071 0.084 0.083 
   4   (0.091) 0.097 0.089 0.106 0.090 
   5   (0.037) 0.052 0.038 0.021 0.031 
   6   (0.087) 0.091 0.083 0.080 0.104 
   7   (0.072) 0.088 0.073 0.064 0.062 
   8   (0.066) 0.067 0.068 0.060 0.061 
   9   (0.035) 0.029 0.034 0.037 0.035 
  10   (0.043) 0.035 0.038 0.087 0.035 
  11   (0.045) 0.037 0.043 0.046 0.052 
  12   (0.037) 0.031 0.034 0.040 0.037 
  13   (0.045) 0.037 0.049 0.044 0.037 
  14   (0.028) 0.023 0.026 0.031 0.023 
  15   (0.020) 0.016 0.018 0.019 0.019 

Locus 6 : locus6 
16 alleles
0.0% missing data
   1   (0.198) 0.181 0.203 0.222 0.206 
   2   (0.088) 0.105 0.086 0.081 0.086 
   3   (0.120) 0.146 0.112 0.134 0.130 
   4   (0.082) 0.082 0.081 0.098 0.078 
   5   (0.079) 0.093 0.083 0.075 0.066 
   6   (0.064) 0.053 0.074 0.048 0.061 
   7   (0.038) 0.032 0.041 0.029 0.039 
   8   (0.039) 0.040 0.039 0.029 0.039 
   9   (0.025) 0.020 0.022 0.035 0.020 
  10   (0.064) 0.072 0.067 0.051 0.061 
  11   (0.035) 0.028 0.032 0.040 0.038 
  12   (0.025) 0.020 0.022 0.035 0.021 
  13   (0.020) 0.016 0.018 0.020 0.016 
  14   (0.058) 0.049 0.056 0.069 0.057 
  15   (0.026) 0.021 0.029 0.015 0.032 
  16   (0.037) 0.040 0.034 0.021 0.051 

Locus 7 : locus7 
15 alleles
0.0% missing data
   1   (0.094) 0.080 0.095 0.128 0.083 
   2   (0.054) 0.047 0.055 0.055 0.048 
   3   (0.087) 0.086 0.084 0.091 0.095 
   4   (0.110) 0.107 0.106 0.146 0.111 
   5   (0.074) 0.088 0.078 0.062 0.061 
   6   (0.033) 0.027 0.031 0.045 0.027 
   7   (0.084) 0.095 0.087 0.072 0.080 
   8   (0.080) 0.082 0.079 0.083 0.082 
   9   (0.045) 0.066 0.043 0.026 0.046 
  10   (0.110) 0.124 0.112 0.079 0.126 
  11   (0.031) 0.025 0.028 0.047 0.025 
  12   (0.087) 0.074 0.088 0.094 0.090 
  13   (0.020) 0.016 0.018 0.021 0.016 
  14   (0.047) 0.040 0.054 0.026 0.047 
  15   (0.044) 0.041 0.043 0.025 0.064 

Locus 8 : locus8 
20 alleles
0.0% missing data
   1   (0.061) 0.067 0.072 0.038 0.052 
   2   (0.092) 0.083 0.095 0.064 0.125 
   3   (0.071) 0.062 0.069 0.070 0.097 
   4   (0.024) 0.020 0.022 0.034 0.020 
   5   (0.070) 0.076 0.076 0.060 0.061 
   6   (0.052) 0.055 0.049 0.053 0.053 
   7   (0.047) 0.053 0.045 0.061 0.039 
   8   (0.056) 0.061 0.054 0.051 0.058 
   9   (0.078) 0.064 0.074 0.135 0.076 
  10   (0.027) 0.034 0.025 0.016 0.032 
  11   (0.072) 0.061 0.076 0.083 0.068 
  12   (0.068) 0.058 0.069 0.067 0.074 
  13   (0.041) 0.059 0.037 0.044 0.034 
  14   (0.044) 0.063 0.043 0.034 0.036 
  15   (0.038) 0.039 0.039 0.031 0.037 
  16   (0.066) 0.065 0.063 0.077 0.065 
  17   (0.020) 0.016 0.017 0.021 0.016 
  18   (0.026) 0.023 0.025 0.030 0.022 
  19   (0.027) 0.024 0.030 0.019 0.023 
  20   (0.018) 0.015 0.021 0.010 0.015 

Locus 9 : locus9 
26 alleles
0.0% missing data
   1   (0.058) 0.051 0.062 0.052 0.059 
   2   (0.086) 0.100 0.091 0.092 0.073 
   3   (0.047) 0.042 0.047 0.072 0.042 
   4   (0.099) 0.090 0.101 0.100 0.115 
   5   (0.050) 0.051 0.045 0.102 0.041 
   6   (0.032) 0.027 0.031 0.038 0.029 
   7   (0.061) 0.051 0.060 0.071 0.071 
   8   (0.056) 0.074 0.057 0.055 0.046 
   9   (0.019) 0.028 0.017 0.011 0.015 
  10   (0.050) 0.055 0.050 0.039 0.059 
  11   (0.018) 0.015 0.019 0.013 0.015 
  12   (0.027) 0.023 0.028 0.018 0.029 
  13   (0.058) 0.058 0.055 0.060 0.065 
  14   (0.025) 0.021 0.026 0.021 0.027 
  15   (0.041) 0.060 0.043 0.023 0.037 
  16   (0.017) 0.014 0.016 0.020 0.014 
  17   (0.048) 0.052 0.053 0.044 0.041 
  18   (0.023) 0.019 0.021 0.033 0.019 
  19   (0.029) 0.024 0.028 0.043 0.024 
  20   (0.019) 0.015 0.017 0.018 0.018 
  21   (0.024) 0.019 0.021 0.013 0.040 
  22   (0.034) 0.030 0.033 0.019 0.047 
  23   (0.017) 0.025 0.016 0.010 0.015 
  24   (0.018) 0.014 0.020 0.010 0.015 
  25   (0.026) 0.028 0.030 0.014 0.021 
  26   (0.017) 0.014 0.016 0.010 0.022 

Locus 10 : locus10 
14 alleles
0.0% missing data
   1   (0.162) 0.151 0.169 0.181 0.156 
   2   (0.068) 0.056 0.065 0.103 0.062 
   3   (0.120) 0.131 0.117 0.127 0.120 
   4   (0.153) 0.169 0.154 0.127 0.172 
   5   (0.040) 0.032 0.035 0.074 0.032 
   6   (0.073) 0.070 0.071 0.069 0.082 
   7   (0.081) 0.094 0.080 0.076 0.081 
   8   (0.130) 0.149 0.141 0.097 0.120 
   9   (0.044) 0.038 0.042 0.054 0.041 
  10   (0.021) 0.017 0.018 0.022 0.017 
  11   (0.021) 0.019 0.019 0.019 0.017 
  12   (0.030) 0.026 0.033 0.019 0.025 
  13   (0.037) 0.031 0.037 0.021 0.051 
  14   (0.020) 0.016 0.019 0.011 0.023 

Locus 11 : locus11 
17 alleles
0.0% missing data
   1   (0.073) 0.074 0.079 0.045 0.079 
   2   (0.095) 0.082 0.094 0.121 0.096 
   3   (0.050) 0.045 0.048 0.064 0.044 
   4   (0.082) 0.097 0.076 0.113 0.075 
   5   (0.037) 0.032 0.043 0.026 0.032 
   6   (0.026) 0.022 0.025 0.031 0.022 
   7   (0.101) 0.136 0.103 0.093 0.090 
   8   (0.050) 0.042 0.046 0.057 0.060 
   9   (0.037) 0.041 0.039 0.021 0.042 
  10   (0.029) 0.025 0.030 0.018 0.027 
  11   (0.091) 0.089 0.094 0.075 0.098 
  12   (0.053) 0.050 0.051 0.048 0.064 
  13   (0.026) 0.021 0.023 0.033 0.023 
  14   (0.055) 0.058 0.054 0.054 0.052 
  15   (0.111) 0.110 0.105 0.137 0.119 
  16   (0.047) 0.048 0.046 0.045 0.044 
  17   (0.036) 0.029 0.043 0.020 0.034 

Locus 12 : locus12 
15 alleles
0.0% missing data
   1   (0.203) 0.228 0.202 0.210 0.207 
   2   (0.074) 0.065 0.073 0.093 0.071 
   3   (0.126) 0.147 0.117 0.179 0.116 
   4   (0.082) 0.091 0.081 0.077 0.081 
   5   (0.087) 0.090 0.087 0.096 0.080 
   6   (0.106) 0.091 0.112 0.106 0.111 
   7   (0.049) 0.052 0.048 0.041 0.048 
   8   (0.092) 0.076 0.096 0.070 0.113 
   9   (0.029) 0.024 0.028 0.032 0.024 
  10   (0.029) 0.035 0.029 0.021 0.025 
  11   (0.020) 0.016 0.018 0.019 0.019 
  12   (0.028) 0.024 0.026 0.016 0.039 
  13   (0.028) 0.022 0.034 0.016 0.023 
  14   (0.020) 0.016 0.022 0.011 0.016 
  15   (0.027) 0.024 0.029 0.015 0.028 

Locus 13 : locus13 
22 alleles
0.0% missing data
   1   (0.050) 0.071 0.050 0.037 0.047 
   2   (0.036) 0.043 0.037 0.025 0.031 
   3   (0.060) 0.065 0.060 0.058 0.058 
   4   (0.072) 0.063 0.070 0.090 0.072 
   5   (0.054) 0.045 0.052 0.090 0.044 
   6   (0.066) 0.054 0.061 0.126 0.066 
   7   (0.053) 0.049 0.055 0.045 0.056 
   8   (0.119) 0.128 0.120 0.134 0.118 
   9   (0.043) 0.047 0.041 0.043 0.041 
  10   (0.039) 0.040 0.037 0.050 0.034 
  11   (0.044) 0.058 0.046 0.034 0.037 
  12   (0.053) 0.068 0.054 0.044 0.045 
  13   (0.029) 0.025 0.029 0.026 0.024 
  14   (0.026) 0.021 0.024 0.032 0.023 
  15   (0.051) 0.042 0.055 0.049 0.053 
  16   (0.050) 0.042 0.049 0.030 0.075 
  17   (0.018) 0.015 0.016 0.010 0.026 
  18   (0.044) 0.038 0.049 0.025 0.051 
  19   (0.028) 0.022 0.030 0.015 0.030 
  20   (0.018) 0.015 0.017 0.010 0.024 
  21   (0.018) 0.025 0.017 0.010 0.015 
  22   (0.028) 0.023 0.030 0.016 0.031 

Locus 14 : locus14 
18 alleles
0.0% missing data
   1   (0.118) 0.129 0.119 0.127 0.106 
   2   (0.083) 0.093 0.087 0.058 0.083 
   3   (0.099) 0.102 0.091 0.134 0.101 
   4   (0.072) 0.063 0.072 0.093 0.069 
   5   (0.049) 0.040 0.048 0.060 0.048 
   6   (0.150) 0.186 0.167 0.108 0.138 
   7   (0.025) 0.020 0.022 0.035 0.021 
   8   (0.042) 0.034 0.037 0.085 0.035 
   9   (0.029) 0.037 0.026 0.026 0.024 
  10   (0.080) 0.065 0.082 0.078 0.089 
  11   (0.020) 0.016 0.018 0.021 0.017 
  12   (0.071) 0.058 0.077 0.067 0.073 
  13   (0.037) 0.032 0.035 0.035 0.041 
  14   (0.048) 0.039 0.047 0.030 0.078 
  15   (0.019) 0.017 0.018 0.011 0.022 
  16   (0.020) 0.016 0.018 0.011 0.026 
  17   (0.019) 0.024 0.019 0.011 0.016 
  18   (0.019) 0.029 0.017 0.011 0.016 

Locus 15 : locus15 
16 alleles
0.0% missing data
   1   (0.143) 0.136 0.138 0.178 0.149 
   2   (0.184) 0.197 0.185 0.177 0.206 
   3   (0.028) 0.026 0.024 0.031 0.025 
   4   (0.094) 0.090 0.099 0.102 0.090 
   5   (0.101) 0.111 0.108 0.105 0.085 
   6   (0.044) 0.036 0.045 0.030 0.060 
   7   (0.094) 0.096 0.100 0.100 0.079 
   8   (0.036) 0.031 0.036 0.040 0.030 
   9   (0.047) 0.051 0.048 0.039 0.039 
  10   (0.052) 0.048 0.049 0.060 0.051 
  11   (0.020) 0.016 0.017 0.021 0.016 
  12   (0.028) 0.024 0.027 0.030 0.023 
  13   (0.047) 0.048 0.047 0.042 0.048 
  14   (0.037) 0.039 0.037 0.021 0.045 
  15   (0.027) 0.023 0.025 0.015 0.038 
  16   (0.019) 0.028 0.017 0.011 0.016 

Locus 16 : locus16 
21 alleles
0.0% missing data
   1   (0.134) 0.167 0.134 0.148 0.119 
   2   (0.079) 0.072 0.087 0.056 0.087 
   3   (0.056) 0.063 0.053 0.065 0.050 
   4   (0.068) 0.086 0.068 0.053 0.074 
   5   (0.070) 0.071 0.068 0.089 0.069 
   6   (0.085) 0.105 0.082 0.105 0.071 
   7   (0.056) 0.048 0.056 0.068 0.054 
   8   (0.028) 0.023 0.028 0.018 0.032 
   9   (0.051) 0.050 0.052 0.057 0.044 
  10   (0.035) 0.028 0.031 0.039 0.039 
  11   (0.044) 0.036 0.044 0.063 0.038 
  12   (0.028) 0.022 0.025 0.047 0.023 
  13   (0.035) 0.029 0.033 0.037 0.034 
  14   (0.027) 0.023 0.029 0.018 0.026 
  15   (0.043) 0.035 0.045 0.027 0.059 
  16   (0.024) 0.021 0.022 0.033 0.020 
  17   (0.037) 0.036 0.039 0.021 0.046 
  18   (0.019) 0.015 0.020 0.011 0.020 
  19   (0.035) 0.030 0.039 0.020 0.043 
  20   (0.026) 0.022 0.023 0.014 0.037 
  21   (0.019) 0.015 0.021 0.011 0.016 

Locus 17 : locus17 
16 alleles
0.0% missing data
   1   (0.057) 0.059 0.057 0.043 0.057 
   2   (0.089) 0.109 0.090 0.072 0.089 
   3   (0.088) 0.076 0.088 0.108 0.089 
   4   (0.055) 0.061 0.052 0.049 0.058 
   5   (0.072) 0.075 0.071 0.072 0.069 
   6   (0.020) 0.016 0.018 0.021 0.016 
   7   (0.116) 0.132 0.113 0.131 0.108 
   8   (0.029) 0.032 0.029 0.021 0.025 
   9   (0.127) 0.118 0.132 0.117 0.151 
  10   (0.075) 0.064 0.074 0.107 0.070 
  11   (0.041) 0.033 0.037 0.053 0.041 
  12   (0.044) 0.040 0.046 0.046 0.037 
  13   (0.044) 0.036 0.042 0.048 0.047 
  14   (0.070) 0.078 0.071 0.069 0.063 
  15   (0.054) 0.047 0.061 0.031 0.063 
  16   (0.020) 0.024 0.019 0.011 0.016 

Locus 18 : locus18 
21 alleles
0.0% missing data
   1   (0.058) 0.085 0.058 0.041 0.056 
   2   (0.087) 0.100 0.096 0.059 0.085 
   3   (0.107) 0.129 0.103 0.130 0.103 
   4   (0.077) 0.067 0.077 0.120 0.066 
   5   (0.068) 0.059 0.072 0.088 0.059 
   6   (0.029) 0.023 0.027 0.021 0.035 
   7   (0.041) 0.034 0.039 0.051 0.038 
   8   (0.055) 0.057 0.057 0.044 0.058 
   9   (0.070) 0.069 0.070 0.062 0.081 
  10   (0.068) 0.084 0.065 0.087 0.058 
  11   (0.019) 0.015 0.017 0.020 0.015 
  12   (0.048) 0.040 0.044 0.078 0.047 
  13   (0.034) 0.028 0.031 0.040 0.037 
  14   (0.063) 0.059 0.066 0.045 0.073 
  15   (0.027) 0.023 0.027 0.028 0.023 
  16   (0.029) 0.023 0.029 0.019 0.033 
  17   (0.021) 0.017 0.021 0.011 0.022 
  18   (0.027) 0.022 0.027 0.015 0.034 
  19   (0.026) 0.022 0.023 0.014 0.037 
  20   (0.019) 0.015 0.022 0.011 0.016 
  21   (0.027) 0.030 0.031 0.015 0.023 

Locus 19 : locus19 
20 alleles
0.0% missing data
   1   (0.105) 0.124 0.104 0.112 0.105 
   2   (0.083) 0.085 0.084 0.091 0.076 
   3   (0.030) 0.025 0.027 0.045 0.026 
   4   (0.056) 0.045 0.059 0.068 0.051 
   5   (0.081) 0.091 0.080 0.063 0.093 
   6   (0.113) 0.098 0.114 0.183 0.101 
   7   (0.020) 0.027 0.018 0.012 0.016 
   8   (0.097) 0.109 0.096 0.107 0.093 
   9   (0.071) 0.075 0.071 0.067 0.070 
  10   (0.025) 0.020 0.022 0.034 0.020 
  11   (0.054) 0.044 0.055 0.041 0.066 
  12   (0.051) 0.051 0.049 0.056 0.047 
  13   (0.037) 0.041 0.040 0.021 0.035 
  14   (0.035) 0.028 0.039 0.020 0.046 
  15   (0.019) 0.016 0.018 0.011 0.023 
  16   (0.019) 0.016 0.017 0.010 0.021 
  17   (0.046) 0.049 0.048 0.026 0.051 
  18   (0.020) 0.016 0.018 0.011 0.026 
  19   (0.019) 0.018 0.021 0.011 0.016 
  20   (0.020) 0.022 0.020 0.011 0.016 

Locus 20 : locus20 
17 alleles
0.0% missing data
   1   (0.166) 0.158 0.164 0.183 0.181 
   2   (0.046) 0.040 0.048 0.027 0.056 
   3   (0.055) 0.062 0.050 0.053 0.059 
   4   (0.057) 0.049 0.055 0.091 0.047 
   5   (0.081) 0.068 0.078 0.138 0.070 
   6   (0.037) 0.030 0.034 0.036 0.041 
   7   (0.140) 0.147 0.150 0.118 0.144 
   8   (0.025) 0.020 0.022 0.034 0.020 
   9   (0.019) 0.027 0.017 0.011 0.016 
  10   (0.115) 0.158 0.118 0.089 0.109 
  11   (0.061) 0.057 0.061 0.065 0.058 
  12   (0.054) 0.056 0.058 0.048 0.045 
  13   (0.038) 0.031 0.041 0.031 0.037 
  14   (0.048) 0.050 0.046 0.042 0.049 
  15   (0.019) 0.015 0.020 0.011 0.020 
  16   (0.020) 0.017 0.018 0.011 0.022 
  17   (0.020) 0.016 0.018 0.011 0.026 

Locus 21 : locus21 
20 alleles
0.0% missing data
   1   (0.020) 0.018 0.020 0.013 0.018 
   2   (0.062) 0.067 0.059 0.057 0.066 
   3   (0.176) 0.187 0.172 0.216 0.183 
   4   (0.026) 0.025 0.024 0.019 0.036 
   5   (0.044) 0.036 0.047 0.045 0.041 
   6   (0.113) 0.108 0.120 0.119 0.114 
   7   (0.066) 0.103 0.066 0.043 0.065 
   8   (0.090) 0.088 0.091 0.102 0.085 
   9   (0.130) 0.117 0.139 0.139 0.133 
  10   (0.020) 0.029 0.018 0.012 0.017 
  11   (0.025) 0.021 0.022 0.034 0.021 
  12   (0.024) 0.019 0.021 0.034 0.020 
  13   (0.049) 0.042 0.051 0.056 0.041 
  14   (0.025) 0.021 0.024 0.030 0.021 
  15   (0.019) 0.015 0.017 0.020 0.016 
  16   (0.028) 0.022 0.032 0.015 0.029 
  17   (0.019) 0.015 0.018 0.010 0.023 
  18   (0.018) 0.015 0.017 0.010 0.024 
  19   (0.027) 0.023 0.026 0.015 0.035 
  20   (0.018) 0.028 0.016 0.010 0.015 

Locus 22 : locus22 
19 alleles
0.0% missing data
   1   (0.044) 0.037 0.044 0.047 0.043 
   2   (0.043) 0.037 0.045 0.047 0.037 
   3   (0.075) 0.083 0.076 0.078 0.068 
   4   (0.083) 0.086 0.084 0.107 0.076 
   5   (0.057) 0.059 0.051 0.070 0.057 
   6   (0.020) 0.016 0.018 0.021 0.016 
   7   (0.176) 0.181 0.175 0.217 0.182 
   8   (0.044) 0.061 0.042 0.031 0.047 
   9   (0.078) 0.095 0.085 0.044 0.085 
  10   (0.035) 0.028 0.032 0.040 0.037 
  11   (0.068) 0.058 0.067 0.069 0.077 
  12   (0.041) 0.035 0.038 0.051 0.042 
  13   (0.035) 0.030 0.032 0.036 0.038 
  14   (0.082) 0.084 0.088 0.056 0.084 
  15   (0.035) 0.038 0.041 0.020 0.030 
  16   (0.026) 0.022 0.023 0.034 0.021 
  17   (0.019) 0.015 0.017 0.010 0.026 
  18   (0.019) 0.016 0.022 0.011 0.016 
  19   (0.020) 0.018 0.021 0.011 0.016 

Locus 23 : locus23 
19 alleles
0.0% missing data
   1   (0.019) 0.017 0.019 0.012 0.017 
   2   (0.027) 0.024 0.029 0.020 0.023 
   3   (0.069) 0.072 0.071 0.072 0.062 
   4   (0.037) 0.047 0.033 0.025 0.045 
   5   (0.184) 0.168 0.195 0.228 0.179 
   6   (0.043) 0.035 0.043 0.050 0.042 
   7   (0.085) 0.111 0.085 0.077 0.078 
   8   (0.056) 0.077 0.053 0.062 0.046 
   9   (0.084) 0.080 0.081 0.078 0.104 
  10   (0.028) 0.023 0.025 0.047 0.023 
  11   (0.055) 0.047 0.057 0.044 0.063 
  12   (0.138) 0.142 0.135 0.154 0.149 
  13   (0.034) 0.029 0.031 0.040 0.035 
  14   (0.028) 0.025 0.028 0.026 0.023 
  15   (0.036) 0.029 0.041 0.024 0.034 
  16   (0.018) 0.015 0.017 0.010 0.024 
  17   (0.019) 0.015 0.018 0.010 0.023 
  18   (0.019) 0.015 0.021 0.011 0.016 
  19   (0.019) 0.028 0.017 0.010 0.015 

Locus 24 : locus24 
21 alleles
0.0% missing data
   1   (0.037) 0.032 0.034 0.054 0.031 
   2   (0.032) 0.028 0.031 0.041 0.028 
   3   (0.086) 0.107 0.086 0.094 0.078 
   4   (0.036) 0.032 0.034 0.024 0.050 
   5   (0.097) 0.120 0.090 0.138 0.090 
   6   (0.019) 0.015 0.017 0.020 0.015 
   7   (0.069) 0.069 0.077 0.058 0.062 
   8   (0.126) 0.116 0.120 0.143 0.152 
   9   (0.042) 0.054 0.040 0.044 0.035 
  10   (0.119) 0.140 0.118 0.094 0.141 
  11   (0.053) 0.047 0.061 0.043 0.048 
  12   (0.034) 0.029 0.033 0.040 0.029 
  13   (0.053) 0.048 0.058 0.047 0.047 
  14   (0.037) 0.031 0.035 0.057 0.031 
  15   (0.020) 0.017 0.020 0.016 0.016 
  16   (0.028) 0.024 0.026 0.023 0.032 
  17   (0.036) 0.030 0.041 0.023 0.036 
  18   (0.018) 0.014 0.016 0.010 0.021 
  19   (0.019) 0.015 0.017 0.011 0.024 
  20   (0.020) 0.016 0.022 0.011 0.016 
  21   (0.019) 0.015 0.021 0.011 0.016 

Locus 25 : locus25 
17 alleles
0.0% missing data
   1   (0.119) 0.122 0.115 0.147 0.117 
   2   (0.029) 0.028 0.031 0.018 0.025 
   3   (0.076) 0.080 0.073 0.087 0.072 
   4   (0.062) 0.055 0.059 0.064 0.067 
   5   (0.057) 0.048 0.059 0.072 0.052 
   6   (0.030) 0.024 0.033 0.022 0.025 
   7   (0.027) 0.021 0.025 0.031 0.022 
   8   (0.167) 0.216 0.166 0.151 0.175 
   9   (0.060) 0.051 0.058 0.064 0.068 
  10   (0.099) 0.083 0.112 0.082 0.100 
  11   (0.076) 0.077 0.075 0.103 0.069 
  12   (0.024) 0.020 0.021 0.034 0.020 
  13   (0.026) 0.022 0.023 0.033 0.021 
  14   (0.053) 0.056 0.052 0.030 0.070 
  15   (0.029) 0.029 0.028 0.025 0.024 
  16   (0.046) 0.051 0.046 0.026 0.056 
  17   (0.020) 0.016 0.022 0.011 0.017 

Locus 26 : locus26 
11 alleles
0.0% missing data
   1   (0.030) 0.026 0.029 0.029 0.026 
   2   (0.076) 0.066 0.079 0.074 0.073 
   3   (0.228) 0.240 0.222 0.229 0.253 
   4   (0.091) 0.079 0.086 0.134 0.093 
   5   (0.239) 0.285 0.248 0.195 0.236 
   6   (0.047) 0.053 0.046 0.047 0.039 
   7   (0.114) 0.096 0.116 0.132 0.114 
   8   (0.049) 0.041 0.050 0.043 0.049 
   9   (0.031) 0.027 0.031 0.024 0.027 
  10   (0.074) 0.070 0.071 0.082 0.072 
  11   (0.021) 0.017 0.023 0.012 0.017 

Locus 27 : locus27 
16 alleles
0.0% missing data
   1   (0.065) 0.068 0.063 0.053 0.072 
   2   (0.115) 0.121 0.108 0.138 0.122 
   3   (0.080) 0.080 0.080 0.078 0.085 
   4   (0.150) 0.180 0.141 0.185 0.144 
   5   (0.119) 0.120 0.123 0.105 0.124 
   6   (0.030) 0.024 0.031 0.022 0.030 
   7   (0.096) 0.104 0.092 0.100 0.098 
   8   (0.058) 0.050 0.054 0.107 0.048 
   9   (0.059) 0.062 0.059 0.068 0.049 
  10   (0.046) 0.040 0.053 0.026 0.049 
  11   (0.029) 0.023 0.028 0.030 0.024 
  12   (0.037) 0.031 0.042 0.023 0.034 
  13   (0.038) 0.032 0.044 0.021 0.042 
  14   (0.030) 0.024 0.032 0.017 0.032 
  15   (0.020) 0.016 0.019 0.011 0.026 
  16   (0.028) 0.025 0.032 0.015 0.023 

Locus 28 : locus28 
24 alleles
0.0% missing data
   1   (0.018) 0.017 0.018 0.012 0.016 
   2   (0.046) 0.039 0.048 0.041 0.044 
   3   (0.104) 0.102 0.109 0.084 0.127 
   4   (0.032) 0.030 0.030 0.038 0.029 
   5   (0.032) 0.027 0.029 0.058 0.027 
   6   (0.024) 0.020 0.022 0.034 0.020 
   7   (0.104) 0.129 0.106 0.122 0.090 
   8   (0.129) 0.154 0.135 0.135 0.121 
   9   (0.041) 0.034 0.040 0.047 0.044 
  10   (0.028) 0.034 0.026 0.016 0.033 
  11   (0.064) 0.063 0.059 0.093 0.065 
  12   (0.041) 0.047 0.038 0.049 0.033 
  13   (0.019) 0.015 0.017 0.021 0.016 
  14   (0.034) 0.041 0.030 0.039 0.028 
  15   (0.027) 0.022 0.024 0.046 0.022 
  16   (0.037) 0.030 0.037 0.020 0.048 
  17   (0.051) 0.045 0.060 0.031 0.054 
  18   (0.034) 0.028 0.034 0.038 0.034 
  19   (0.025) 0.020 0.025 0.014 0.037 
  20   (0.027) 0.022 0.027 0.015 0.039 
  21   (0.027) 0.035 0.025 0.015 0.029 
  22   (0.018) 0.014 0.020 0.010 0.015 
  23   (0.019) 0.015 0.021 0.010 0.015 
  24   (0.018) 0.016 0.019 0.010 0.015 

Locus 29 : locus29 
19 alleles
0.0% missing data
   1   (0.037) 0.032 0.039 0.033 0.032 
   2   (0.146) 0.160 0.156 0.140 0.134 
   3   (0.109) 0.106 0.106 0.136 0.113 
   4   (0.071) 0.077 0.072 0.060 0.079 
   5   (0.057) 0.059 0.052 0.103 0.047 
   6   (0.019) 0.016 0.017 0.020 0.016 
   7   (0.043) 0.035 0.052 0.029 0.041 
   8   (0.041) 0.062 0.037 0.042 0.034 
   9   (0.053) 0.065 0.050 0.050 0.054 
  10   (0.039) 0.032 0.037 0.056 0.032 
  11   (0.049) 0.042 0.052 0.056 0.040 
  12   (0.141) 0.133 0.144 0.145 0.152 
  13   (0.053) 0.045 0.053 0.053 0.058 
  14   (0.028) 0.031 0.027 0.016 0.034 
  15   (0.019) 0.015 0.020 0.011 0.020 
  16   (0.019) 0.016 0.018 0.011 0.023 
  17   (0.037) 0.043 0.034 0.020 0.045 
  18   (0.019) 0.017 0.017 0.011 0.022 
  19   (0.018) 0.015 0.016 0.010 0.024 

Locus 30 : locus30 
16 alleles
0.0% missing data
   1   (0.037) 0.032 0.044 0.022 0.032 
   2   (0.072) 0.064 0.068 0.094 0.074 
   3   (0.162) 0.169 0.151 0.186 0.187 
   4   (0.025) 0.020 0.022 0.034 0.021 
   5   (0.102) 0.086 0.114 0.102 0.096 
   6   (0.053) 0.057 0.051 0.060 0.044 
   7   (0.093) 0.135 0.091 0.083 0.084 
   8   (0.145) 0.136 0.153 0.129 0.157 
   9   (0.072) 0.059 0.070 0.112 0.068 
  10   (0.049) 0.054 0.049 0.037 0.048 
  11   (0.047) 0.041 0.049 0.043 0.042 
  12   (0.027) 0.024 0.026 0.030 0.023 
  13   (0.020) 0.016 0.021 0.014 0.017 
  14   (0.045) 0.051 0.042 0.025 0.060 
  15   (0.031) 0.038 0.028 0.017 0.033 
  16   (0.020) 0.018 0.021 0.011 0.017 

Locus 31 : locus31 
20 alleles
0.0% missing data
   1   (0.056) 0.064 0.052 0.070 0.047 
   2   (0.046) 0.042 0.050 0.027 0.046 
   3   (0.043) 0.054 0.040 0.043 0.038 
   4   (0.052) 0.046 0.049 0.090 0.046 
   5   (0.101) 0.092 0.103 0.128 0.096 
   6   (0.059) 0.050 0.058 0.056 0.068 
   7   (0.129) 0.120 0.126 0.147 0.146 
   8   (0.036) 0.054 0.033 0.031 0.030 
   9   (0.052) 0.042 0.059 0.038 0.060 
  10   (0.083) 0.093 0.087 0.066 0.083 
  11   (0.034) 0.053 0.034 0.021 0.029 
  12   (0.035) 0.043 0.031 0.038 0.028 
  13   (0.108) 0.104 0.108 0.139 0.104 
  14   (0.019) 0.015 0.017 0.021 0.016 
  15   (0.019) 0.016 0.021 0.011 0.016 
  16   (0.045) 0.043 0.047 0.028 0.055 
  17   (0.020) 0.016 0.021 0.011 0.021 
  18   (0.026) 0.021 0.023 0.015 0.043 
  19   (0.018) 0.015 0.020 0.010 0.014 
  20   (0.019) 0.016 0.020 0.011 0.015 

Locus 32 : locus32 
17 alleles
0.0% missing data
   1   (0.080) 0.087 0.078 0.072 0.088 
   2   (0.098) 0.122 0.103 0.077 0.091 
   3   (0.069) 0.070 0.067 0.068 0.072 
   4   (0.116) 0.121 0.116 0.127 0.114 
   5   (0.019) 0.016 0.017 0.021 0.016 
   6   (0.046) 0.050 0.043 0.042 0.046 
   7   (0.114) 0.094 0.117 0.153 0.118 
   8   (0.039) 0.044 0.039 0.031 0.032 
   9   (0.068) 0.090 0.066 0.065 0.061 
  10   (0.051) 0.043 0.054 0.057 0.043 
  11   (0.072) 0.060 0.065 0.080 0.094 
  12   (0.054) 0.056 0.058 0.051 0.045 
  13   (0.038) 0.032 0.034 0.070 0.033 
  14   (0.039) 0.035 0.040 0.029 0.040 
  15   (0.039) 0.033 0.041 0.024 0.043 
  16   (0.030) 0.025 0.031 0.017 0.031 
  17   (0.029) 0.023 0.031 0.016 0.033 

Locus 33 : locus33 
18 alleles
0.0% missing data
   1   (0.082) 0.074 0.081 0.119 0.070 
   2   (0.060) 0.079 0.058 0.060 0.053 
   3   (0.053) 0.052 0.055 0.033 0.065 
   4   (0.069) 0.070 0.067 0.076 0.068 
   5   (0.070) 0.058 0.070 0.093 0.068 
   6   (0.083) 0.075 0.084 0.115 0.076 
   7   (0.069) 0.070 0.066 0.077 0.073 
   8   (0.087) 0.086 0.089 0.095 0.081 
   9   (0.020) 0.016 0.018 0.021 0.016 
  10   (0.056) 0.072 0.056 0.042 0.051 
  11   (0.088) 0.087 0.092 0.056 0.109 
  12   (0.051) 0.042 0.050 0.078 0.043 
  13   (0.019) 0.028 0.017 0.011 0.015 
  14   (0.070) 0.060 0.074 0.049 0.087 
  15   (0.029) 0.026 0.030 0.024 0.024 
  16   (0.036) 0.038 0.038 0.020 0.044 
  17   (0.038) 0.050 0.036 0.021 0.041 
  18   (0.019) 0.017 0.020 0.010 0.015 

Locus 34 : locus34 
19 alleles
0.0% missing data
   1   (0.027) 0.030 0.028 0.017 0.023 
   2   (0.078) 0.082 0.081 0.080 0.065 
   3   (0.026) 0.025 0.023 0.030 0.024 
   4   (0.043) 0.041 0.041 0.048 0.044 
   5   (0.113) 0.133 0.113 0.126 0.102 
   6   (0.025) 0.020 0.022 0.034 0.020 
   7   (0.099) 0.109 0.100 0.111 0.090 
   8   (0.054) 0.051 0.055 0.070 0.045 
   9   (0.103) 0.110 0.102 0.103 0.105 
  10   (0.047) 0.038 0.043 0.064 0.050 
  11   (0.038) 0.033 0.042 0.028 0.033 
  12   (0.080) 0.075 0.086 0.065 0.086 
  13   (0.069) 0.067 0.069 0.093 0.060 
  14   (0.035) 0.028 0.032 0.040 0.036 
  15   (0.034) 0.028 0.039 0.019 0.044 
  16   (0.046) 0.051 0.044 0.026 0.058 
  17   (0.038) 0.032 0.034 0.021 0.068 
  18   (0.026) 0.023 0.026 0.015 0.031 
  19   (0.020) 0.024 0.019 0.011 0.017 

Locus 35 : locus35 
20 alleles
0.0% missing data
   1   (0.090) 0.105 0.092 0.080 0.093 
   2   (0.075) 0.065 0.073 0.103 0.074 
   3   (0.018) 0.019 0.016 0.014 0.018 
   4   (0.113) 0.122 0.110 0.128 0.116 
   5   (0.135) 0.134 0.137 0.125 0.155 
   6   (0.044) 0.037 0.044 0.066 0.036 
   7   (0.051) 0.044 0.056 0.034 0.060 
   8   (0.048) 0.046 0.050 0.057 0.040 
   9   (0.074) 0.076 0.076 0.082 0.067 
  10   (0.054) 0.066 0.050 0.069 0.047 
  11   (0.033) 0.038 0.030 0.040 0.027 
  12   (0.042) 0.046 0.038 0.045 0.044 
  13   (0.068) 0.056 0.074 0.068 0.071 
  14   (0.018) 0.016 0.019 0.015 0.015 
  15   (0.019) 0.016 0.020 0.011 0.020 
  16   (0.019) 0.015 0.020 0.011 0.022 
  17   (0.028) 0.034 0.026 0.016 0.031 
  18   (0.029) 0.026 0.030 0.016 0.032 
  19   (0.019) 0.015 0.021 0.010 0.016 
  20   (0.019) 0.028 0.017 0.011 0.016 

Locus 36 : locus36 
20 alleles
0.0% missing data
   1   (0.075) 0.064 0.070 0.092 0.092 
   2   (0.052) 0.046 0.056 0.052 0.044 
   3   (0.079) 0.092 0.077 0.090 0.076 
   4   (0.077) 0.081 0.077 0.070 0.082 
   5   (0.110) 0.120 0.109 0.132 0.105 
   6   (0.036) 0.030 0.039 0.025 0.040 
   7   (0.074) 0.062 0.075 0.081 0.080 
   8   (0.019) 0.028 0.017 0.011 0.015 
   9   (0.031) 0.025 0.028 0.058 0.026 
  10   (0.060) 0.058 0.060 0.061 0.060 
  11   (0.028) 0.035 0.025 0.026 0.023 
  12   (0.117) 0.119 0.126 0.093 0.132 
  13   (0.028) 0.022 0.029 0.025 0.023 
  14   (0.037) 0.045 0.038 0.029 0.031 
  15   (0.041) 0.045 0.039 0.049 0.035 
  16   (0.019) 0.018 0.018 0.018 0.016 
  17   (0.035) 0.030 0.035 0.040 0.029 
  18   (0.043) 0.036 0.050 0.024 0.050 
  19   (0.020) 0.016 0.018 0.011 0.025 
  20   (0.019) 0.026 0.017 0.011 0.016 

Locus 37 : locus37 
16 alleles
0.0% missing data
   1   (0.039) 0.033 0.041 0.034 0.033 
   2   (0.141) 0.134 0.151 0.126 0.149 
   3   (0.038) 0.036 0.034 0.035 0.044 
   4   (0.073) 0.060 0.083 0.064 0.066 
   5   (0.107) 0.094 0.101 0.182 0.100 
   6   (0.064) 0.078 0.060 0.052 0.070 
   7   (0.067) 0.061 0.069 0.076 0.060 
   8   (0.082) 0.082 0.080 0.077 0.089 
   9   (0.049) 0.081 0.045 0.046 0.041 
  10   (0.085) 0.103 0.079 0.084 0.090 
  11   (0.020) 0.017 0.020 0.014 0.016 
  12   (0.079) 0.079 0.081 0.083 0.071 
  13   (0.074) 0.072 0.075 0.072 0.072 
  14   (0.020) 0.016 0.018 0.020 0.016 
  15   (0.045) 0.039 0.046 0.025 0.058 
  16   (0.020) 0.016 0.018 0.011 0.023 

Locus 38 : locus38 
22 alleles
0.0% missing data
   1   (0.107) 0.097 0.104 0.142 0.109 
   2   (0.059) 0.054 0.070 0.045 0.050 
   3   (0.107) 0.118 0.102 0.148 0.107 
   4   (0.105) 0.115 0.108 0.112 0.102 
   5   (0.028) 0.022 0.027 0.021 0.031 
   6   (0.080) 0.090 0.076 0.091 0.079 
   7   (0.069) 0.096 0.066 0.057 0.068 
   8   (0.027) 0.022 0.024 0.046 0.022 
   9   (0.019) 0.016 0.019 0.013 0.016 
  10   (0.035) 0.029 0.036 0.038 0.030 
  11   (0.026) 0.036 0.027 0.015 0.021 
  12   (0.059) 0.049 0.061 0.054 0.069 
  13   (0.029) 0.025 0.028 0.042 0.024 
  14   (0.018) 0.015 0.017 0.019 0.015 
  15   (0.043) 0.037 0.045 0.036 0.047 
  16   (0.020) 0.016 0.017 0.021 0.016 
  17   (0.035) 0.031 0.035 0.027 0.042 
  18   (0.043) 0.035 0.051 0.024 0.051 
  19   (0.025) 0.022 0.023 0.014 0.037 
  20   (0.028) 0.034 0.026 0.016 0.033 
  21   (0.018) 0.021 0.019 0.010 0.015 
  22   (0.018) 0.021 0.019 0.010 0.015 

Locus 39 : locus39 
20 alleles
0.0% missing data
   1   (0.132) 0.125 0.125 0.161 0.152 
   2   (0.088) 0.086 0.100 0.060 0.088 
   3   (0.028) 0.026 0.026 0.019 0.035 
   4   (0.026) 0.027 0.023 0.028 0.024 
   5   (0.113) 0.133 0.120 0.088 0.113 
   6   (0.032) 0.026 0.029 0.059 0.026 
   7   (0.076) 0.078 0.077 0.083 0.071 
   8   (0.028) 0.036 0.025 0.025 0.023 
   9   (0.044) 0.036 0.045 0.045 0.044 
  10   (0.072) 0.072 0.069 0.092 0.069 
  11   (0.070) 0.079 0.065 0.086 0.069 
  12   (0.040) 0.033 0.040 0.051 0.034 
  13   (0.035) 0.056 0.032 0.027 0.029 
  14   (0.061) 0.051 0.058 0.081 0.066 
  15   (0.029) 0.024 0.031 0.025 0.024 
  16   (0.019) 0.016 0.020 0.011 0.020 
  17   (0.042) 0.034 0.050 0.023 0.050 
  18   (0.026) 0.023 0.026 0.014 0.031 
  19   (0.020) 0.017 0.021 0.011 0.016 
  20   (0.018) 0.023 0.018 0.010 0.015 

Locus 40 : locus40 
18 alleles
0.0% missing data
   1   (0.113) 0.129 0.112 0.085 0.136 
   2   (0.072) 0.064 0.079 0.052 0.074 
   3   (0.090) 0.078 0.081 0.122 0.107 
   4   (0.019) 0.019 0.017 0.015 0.019 
   5   (0.103) 0.099 0.105 0.141 0.095 
   6   (0.020) 0.016 0.018 0.021 0.016 
   7   (0.019) 0.015 0.018 0.016 0.016 
   8   (0.056) 0.060 0.065 0.037 0.048 
   9   (0.184) 0.179 0.180 0.247 0.186 
  10   (0.020) 0.029 0.018 0.011 0.016 
  11   (0.078) 0.089 0.080 0.078 0.069 
  12   (0.081) 0.073 0.091 0.058 0.090 
  13   (0.020) 0.029 0.018 0.012 0.017 
  14   (0.020) 0.017 0.019 0.020 0.017 
  15   (0.036) 0.032 0.036 0.040 0.029 
  16   (0.020) 0.019 0.018 0.019 0.017 
  17   (0.028) 0.025 0.028 0.016 0.032 
  18   (0.020) 0.027 0.018 0.011 0.017 

Locus 41 : locus41 
17 alleles
0.0% missing data
   1   (0.037) 0.033 0.037 0.028 0.038 
   2   (0.077) 0.101 0.074 0.055 0.092 
   3   (0.109) 0.122 0.106 0.158 0.093 
   4   (0.090) 0.079 0.087 0.105 0.099 
   5   (0.020) 0.016 0.019 0.016 0.017 
   6   (0.163) 0.165 0.159 0.187 0.177 
   7   (0.096) 0.093 0.103 0.095 0.085 
   8   (0.076) 0.064 0.078 0.078 0.084 
   9   (0.030) 0.036 0.027 0.027 0.024 
  10   (0.028) 0.023 0.027 0.030 0.023 
  11   (0.060) 0.050 0.064 0.063 0.058 
  12   (0.020) 0.017 0.018 0.019 0.018 
  13   (0.037) 0.030 0.033 0.041 0.040 
  14   (0.038) 0.042 0.041 0.026 0.032 
  15   (0.045) 0.059 0.044 0.032 0.045 
  16   (0.028) 0.023 0.032 0.016 0.029 
  17   (0.045) 0.048 0.050 0.026 0.045 

Locus 42 : locus42 
16 alleles
0.0% missing data
   1   (0.042) 0.038 0.041 0.048 0.036 
   2   (0.034) 0.031 0.032 0.040 0.031 
   3   (0.061) 0.074 0.059 0.059 0.056 
   4   (0.088) 0.073 0.087 0.104 0.100 
   5   (0.099) 0.119 0.095 0.111 0.090 
   6   (0.070) 0.084 0.066 0.070 0.070 
   7   (0.137) 0.117 0.138 0.157 0.154 
   8   (0.209) 0.220 0.228 0.182 0.209 
   9   (0.028) 0.024 0.026 0.023 0.031 
  10   (0.038) 0.033 0.039 0.030 0.040 
  11   (0.037) 0.036 0.036 0.037 0.032 
  12   (0.039) 0.042 0.037 0.029 0.041 
  13   (0.025) 0.022 0.023 0.033 0.021 
  14   (0.045) 0.036 0.043 0.049 0.046 
  15   (0.029) 0.034 0.031 0.016 0.025 
  16   (0.020) 0.017 0.020 0.011 0.019 

Locus 43 : locus43 
16 alleles
0.0% missing data
   1   (0.112) 0.128 0.108 0.108 0.119 
   2   (0.094) 0.117 0.087 0.118 0.085 
   3   (0.058) 0.050 0.053 0.068 0.068 
   4   (0.112) 0.104 0.115 0.138 0.110 
   5   (0.109) 0.114 0.110 0.081 0.130 
   6   (0.060) 0.056 0.057 0.072 0.057 
   7   (0.051) 0.054 0.048 0.064 0.042 
   8   (0.087) 0.080 0.098 0.085 0.073 
   9   (0.049) 0.053 0.049 0.041 0.046 
  10   (0.071) 0.058 0.064 0.086 0.092 
  11   (0.030) 0.026 0.031 0.024 0.024 
  12   (0.020) 0.016 0.020 0.014 0.016 
  13   (0.055) 0.047 0.056 0.050 0.057 
  14   (0.044) 0.048 0.052 0.024 0.037 
  15   (0.019) 0.016 0.022 0.011 0.016 
  16   (0.028) 0.032 0.029 0.016 0.027 

Locus 44 : locus44 
19 alleles
0.0% missing data
   1   (0.059) 0.064 0.055 0.064 0.057 
   2   (0.087) 0.136 0.086 0.080 0.073 
   3   (0.034) 0.031 0.031 0.022 0.049 
   4   (0.063) 0.056 0.068 0.053 0.062 
   5   (0.060) 0.049 0.066 0.060 0.055 
   6   (0.041) 0.034 0.040 0.053 0.034 
   7   (0.030) 0.025 0.028 0.044 0.025 
   8   (0.018) 0.014 0.018 0.015 0.015 
   9   (0.110) 0.125 0.112 0.105 0.114 
  10   (0.049) 0.052 0.046 0.062 0.041 
  11   (0.043) 0.037 0.046 0.044 0.036 
  12   (0.075) 0.078 0.079 0.081 0.064 
  13   (0.062) 0.061 0.056 0.082 0.065 
  14   (0.044) 0.036 0.041 0.050 0.047 
  15   (0.024) 0.019 0.022 0.033 0.020 
  16   (0.054) 0.046 0.056 0.039 0.067 
  17   (0.095) 0.090 0.092 0.083 0.120 
  18   (0.019) 0.016 0.017 0.010 0.021 
  19   (0.034) 0.031 0.039 0.019 0.034 

Locus 45 : locus45 
22 alleles
0.0% missing data
   1   (0.075) 0.068 0.085 0.063 0.071 
   2   (0.061) 0.075 0.058 0.075 0.051 
   3   (0.018) 0.018 0.016 0.014 0.018 
   4   (0.039) 0.037 0.037 0.051 0.035 
   5   (0.034) 0.028 0.032 0.029 0.046 
   6   (0.077) 0.083 0.082 0.068 0.075 
   7   (0.034) 0.028 0.036 0.035 0.028 
   8   (0.081) 0.080 0.076 0.107 0.088 
   9   (0.039) 0.044 0.035 0.053 0.032 
  10   (0.116) 0.098 0.125 0.137 0.117 
  11   (0.019) 0.027 0.017 0.011 0.016 
  12   (0.044) 0.036 0.049 0.038 0.042 
  13   (0.039) 0.045 0.035 0.053 0.032 
  14   (0.033) 0.040 0.029 0.039 0.027 
  15   (0.058) 0.067 0.055 0.061 0.058 
  16   (0.018) 0.015 0.016 0.019 0.015 
  17   (0.067) 0.067 0.069 0.052 0.081 
  18   (0.027) 0.022 0.027 0.029 0.022 
  19   (0.036) 0.031 0.034 0.020 0.064 
  20   (0.037) 0.041 0.039 0.021 0.039 
  21   (0.029) 0.024 0.030 0.016 0.030 
  22   (0.019) 0.026 0.017 0.011 0.016 

Locus 46 : locus46 
18 alleles
0.0% missing data
   1   (0.083) 0.070 0.078 0.147 0.077 
   2   (0.091) 0.112 0.093 0.093 0.077 
   3   (0.065) 0.057 0.062 0.081 0.065 
   4   (0.104) 0.111 0.107 0.085 0.115 
   5   (0.071) 0.060 0.075 0.089 0.059 
   6   (0.030) 0.038 0.027 0.026 0.025 
   7   (0.111) 0.115 0.117 0.100 0.120 
   8   (0.036) 0.030 0.034 0.040 0.032 
   9   (0.054) 0.064 0.058 0.043 0.045 
  10   (0.046) 0.051 0.046 0.039 0.044 
  11   (0.028) 0.024 0.028 0.023 0.028 
  12   (0.047) 0.054 0.048 0.031 0.046 
  13   (0.019) 0.015 0.017 0.019 0.015 
  14   (0.036) 0.030 0.035 0.036 0.039 
  15   (0.078) 0.071 0.075 0.072 0.098 
  16   (0.044) 0.037 0.042 0.042 0.053 
  17   (0.029) 0.024 0.031 0.016 0.030 
  18   (0.030) 0.037 0.027 0.017 0.032 

Locus 47 : locus47 
18 alleles
0.0% missing data
   1   (0.060) 0.066 0.056 0.063 0.058 
   2   (0.076) 0.100 0.074 0.073 0.070 
   3   (0.064) 0.057 0.069 0.050 0.066 
   4   (0.052) 0.046 0.049 0.057 0.055 
   5   (0.086) 0.075 0.094 0.104 0.072 
   6   (0.027) 0.023 0.026 0.030 0.023 
   7   (0.051) 0.054 0.047 0.077 0.042 
   8   (0.056) 0.057 0.055 0.052 0.056 
   9   (0.064) 0.054 0.061 0.074 0.075 
  10   (0.047) 0.050 0.049 0.038 0.044 
  11   (0.062) 0.052 0.063 0.063 0.063 
  12   (0.029) 0.024 0.033 0.019 0.024 
  13   (0.020) 0.029 0.018 0.012 0.016 
  14   (0.115) 0.096 0.111 0.141 0.138 
  15   (0.086) 0.114 0.086 0.065 0.092 
  16   (0.033) 0.027 0.032 0.042 0.027 
  17   (0.046) 0.048 0.047 0.026 0.056 
  18   (0.027) 0.029 0.031 0.015 0.022 

Locus 48 : locus48 
17 alleles
0.0% missing data
   1   (0.035) 0.031 0.035 0.037 0.030 
   2   (0.099) 0.096 0.105 0.110 0.092 
   3   (0.105) 0.118 0.113 0.074 0.116 
   4   (0.149) 0.165 0.155 0.180 0.126 
   5   (0.060) 0.051 0.059 0.068 0.061 
   6   (0.042) 0.059 0.038 0.045 0.035 
   7   (0.119) 0.110 0.116 0.123 0.141 
   8   (0.066) 0.068 0.062 0.080 0.063 
   9   (0.049) 0.041 0.049 0.045 0.048 
  10   (0.035) 0.042 0.031 0.039 0.028 
  11   (0.059) 0.047 0.054 0.050 0.089 
  12   (0.057) 0.047 0.058 0.071 0.052 
  13   (0.020) 0.016 0.018 0.020 0.016 
  14   (0.030) 0.035 0.028 0.017 0.032 
  15   (0.020) 0.017 0.018 0.011 0.022 
  16   (0.035) 0.037 0.041 0.019 0.029 
  17   (0.021) 0.018 0.021 0.012 0.020 

Locus 49 : locus49 
16 alleles
0.0% missing data
   1   (0.066) 0.057 0.063 0.084 0.063 
   2   (0.021) 0.019 0.020 0.013 0.018 
   3   (0.044) 0.039 0.040 0.050 0.049 
   4   (0.036) 0.032 0.033 0.041 0.033 
   5   (0.079) 0.064 0.073 0.171 0.069 
   6   (0.032) 0.064 0.029 0.019 0.027 
   7   (0.139) 0.150 0.135 0.153 0.135 
   8   (0.154) 0.151 0.148 0.170 0.167 
   9   (0.067) 0.061 0.076 0.050 0.061 
  10   (0.114) 0.098 0.127 0.092 0.116 
  11   (0.021) 0.029 0.018 0.012 0.017 
  12   (0.065) 0.064 0.063 0.043 0.087 
  13   (0.030) 0.026 0.034 0.017 0.025 
  14   (0.041) 0.048 0.039 0.035 0.034 
  15   (0.071) 0.080 0.081 0.039 0.075 
  16   (0.021) 0.017 0.019 0.012 0.026 

Locus 50 : locus50 
17 alleles
0.0% missing data
   1   (0.028) 0.025 0.027 0.028 0.024 
   2   (0.251) 0.328 0.258 0.258 0.222 
   3   (0.155) 0.136 0.152 0.205 0.164 
   4   (0.085) 0.089 0.080 0.079 0.100 
   5   (0.028) 0.024 0.026 0.031 0.023 
   6   (0.037) 0.031 0.035 0.036 0.037 
   7   (0.036) 0.030 0.038 0.037 0.030 
   8   (0.029) 0.025 0.029 0.030 0.024 
   9   (0.020) 0.016 0.018 0.018 0.018 
  10   (0.036) 0.042 0.032 0.039 0.031 
  11   (0.080) 0.067 0.080 0.101 0.081 
  12   (0.039) 0.033 0.040 0.030 0.038 
  13   (0.060) 0.050 0.065 0.033 0.082 
  14   (0.029) 0.024 0.029 0.025 0.029 
  15   (0.038) 0.041 0.039 0.021 0.042 
  16   (0.029) 0.023 0.033 0.016 0.030 
  17   (0.021) 0.016 0.019 0.011 0.024 

Locus 51 : locus51 
18 alleles
0.0% missing data
   1   (0.068) 0.060 0.070 0.074 0.065 
   2   (0.142) 0.150 0.140 0.135 0.163 
   3   (0.195) 0.219 0.202 0.237 0.166 
   4   (0.074) 0.077 0.070 0.077 0.083 
   5   (0.024) 0.020 0.022 0.034 0.020 
   6   (0.036) 0.029 0.035 0.038 0.036 
   7   (0.045) 0.040 0.042 0.048 0.047 
   8   (0.059) 0.060 0.058 0.068 0.055 
   9   (0.035) 0.054 0.031 0.020 0.038 
  10   (0.035) 0.029 0.032 0.041 0.038 
  11   (0.030) 0.025 0.027 0.047 0.025 
  12   (0.027) 0.022 0.026 0.030 0.022 
  13   (0.039) 0.040 0.042 0.029 0.032 
  14   (0.029) 0.023 0.026 0.023 0.036 
  15   (0.045) 0.054 0.052 0.025 0.038 
  16   (0.061) 0.052 0.068 0.043 0.069 
  17   (0.036) 0.030 0.038 0.020 0.045 
  18   (0.020) 0.016 0.019 0.011 0.024 

Locus 52 : locus52 
15 alleles
0.0% missing data
   1   (0.269) 0.279 0.287 0.250 0.269 
   2   (0.099) 0.113 0.097 0.083 0.112 
   3   (0.032) 0.025 0.029 0.027 0.033 
   4   (0.106) 0.101 0.101 0.152 0.097 
   5   (0.044) 0.036 0.042 0.037 0.060 
   6   (0.041) 0.035 0.037 0.073 0.034 
   7   (0.072) 0.102 0.072 0.061 0.060 
   8   (0.066) 0.075 0.066 0.057 0.062 
   9   (0.049) 0.041 0.044 0.066 0.049 
  10   (0.020) 0.016 0.018 0.021 0.016 
  11   (0.079) 0.073 0.082 0.080 0.078 
  12   (0.047) 0.042 0.053 0.036 0.039 
  13   (0.029) 0.024 0.028 0.030 0.024 
  14   (0.028) 0.023 0.026 0.016 0.041 
  15   (0.019) 0.016 0.017 0.011 0.025 

Locus 53 : locus53 
14 alleles
0.0% missing data
   1   (0.075) 0.064 0.082 0.058 0.075 
   2   (0.133) 0.120 0.134 0.159 0.132 
   3   (0.076) 0.079 0.073 0.106 0.066 
   4   (0.051) 0.058 0.046 0.061 0.047 
   5   (0.074) 0.063 0.074 0.072 0.077 
   6   (0.104) 0.087 0.100 0.135 0.113 
   7   (0.070) 0.058 0.067 0.077 0.075 
   8   (0.068) 0.081 0.065 0.058 0.066 
   9   (0.049) 0.040 0.048 0.068 0.041 
  10   (0.038) 0.056 0.035 0.022 0.041 
  11   (0.120) 0.143 0.120 0.098 0.126 
  12   (0.075) 0.076 0.081 0.049 0.081 
  13   (0.039) 0.045 0.041 0.022 0.037 
  14   (0.029) 0.029 0.033 0.016 0.024 

Locus 54 : locus54 
20 alleles
0.0% missing data
   1   (0.070) 0.073 0.071 0.066 0.070 
   2   (0.125) 0.124 0.127 0.153 0.119 
   3   (0.036) 0.033 0.033 0.035 0.040 
   4   (0.058) 0.064 0.052 0.088 0.052 
   5   (0.046) 0.038 0.048 0.045 0.044 
   6   (0.083) 0.070 0.079 0.149 0.078 
   7   (0.059) 0.099 0.058 0.043 0.049 
   8   (0.030) 0.025 0.027 0.026 0.031 
   9   (0.088) 0.107 0.087 0.066 0.097 
  10   (0.029) 0.034 0.026 0.026 0.024 
  11   (0.020) 0.016 0.018 0.021 0.016 
  12   (0.075) 0.063 0.076 0.102 0.072 
  13   (0.045) 0.038 0.046 0.032 0.058 
  14   (0.018) 0.015 0.017 0.018 0.017 
  15   (0.046) 0.038 0.046 0.036 0.056 
  16   (0.019) 0.016 0.020 0.011 0.021 
  17   (0.050) 0.050 0.062 0.028 0.047 
  18   (0.054) 0.054 0.060 0.030 0.062 
  19   (0.019) 0.016 0.017 0.010 0.025 
  20   (0.028) 0.028 0.032 0.015 0.023 

Locus 55 : locus55 
19 alleles
0.0% missing data
   1   (0.054) 0.059 0.052 0.042 0.061 
   2   (0.034) 0.030 0.032 0.040 0.030 
   3   (0.054) 0.054 0.053 0.050 0.055 
   4   (0.079) 0.083 0.085 0.072 0.073 
   5   (0.040) 0.032 0.036 0.053 0.040 
   6   (0.043) 0.036 0.039 0.096 0.036 
   7   (0.028) 0.023 0.029 0.021 0.028 
   8   (0.186) 0.230 0.191 0.163 0.190 
   9   (0.059) 0.060 0.054 0.061 0.069 
  10   (0.102) 0.087 0.112 0.100 0.100 
  11   (0.062) 0.054 0.062 0.083 0.054 
  12   (0.081) 0.087 0.078 0.095 0.079 
  13   (0.028) 0.023 0.029 0.026 0.024 
  14   (0.019) 0.015 0.017 0.021 0.015 
  15   (0.019) 0.016 0.019 0.015 0.016 
  16   (0.019) 0.015 0.017 0.010 0.026 
  17   (0.027) 0.022 0.025 0.015 0.040 
  18   (0.038) 0.036 0.041 0.021 0.040 
  19   (0.028) 0.037 0.029 0.016 0.023 

Locus 56 : locus56 
15 alleles
0.0% missing data
   1   (0.169) 0.217 0.169 0.171 0.150 
   2   (0.086) 0.076 0.084 0.133 0.077 
   3   (0.092) 0.081 0.086 0.102 0.112 
   4   (0.077) 0.063 0.075 0.109 0.076 
   5   (0.021) 0.017 0.019 0.021 0.017 
   6   (0.152) 0.154 0.154 0.134 0.172 
   7   (0.062) 0.054 0.069 0.061 0.052 
   8   (0.037) 0.052 0.037 0.024 0.031 
   9   (0.102) 0.102 0.103 0.087 0.114 
  10   (0.049) 0.052 0.044 0.045 0.051 
  11   (0.042) 0.036 0.038 0.052 0.046 
  12   (0.029) 0.024 0.033 0.016 0.030 
  13   (0.030) 0.026 0.032 0.017 0.031 
  14   (0.030) 0.030 0.034 0.017 0.025 
  15   (0.020) 0.016 0.023 0.011 0.017 

Locus 57 : locus57 
19 alleles
0.0% missing data
   1   (0.063) 0.090 0.063 0.047 0.053 
   2   (0.079) 0.070 0.080 0.096 0.078 
   3   (0.061) 0.072 0.064 0.054 0.054 
   4   (0.146) 0.144 0.152 0.166 0.139 
   5   (0.019) 0.015 0.017 0.020 0.015 
   6   (0.018) 0.015 0.016 0.020 0.015 
   7   (0.027) 0.022 0.026 0.032 0.022 
   8   (0.036) 0.056 0.036 0.020 0.029 
   9   (0.028) 0.023 0.025 0.025 0.033 
  10   (0.117) 0.116 0.120 0.148 0.104 
  11   (0.075) 0.074 0.076 0.085 0.068 
  12   (0.089) 0.095 0.093 0.063 0.100 
  13   (0.024) 0.019 0.021 0.032 0.021 
  14   (0.019) 0.015 0.017 0.021 0.016 
  15   (0.025) 0.021 0.023 0.033 0.021 
  16   (0.074) 0.069 0.071 0.079 0.089 
  17   (0.045) 0.039 0.048 0.028 0.052 
  18   (0.037) 0.030 0.034 0.020 0.067 
  19   (0.019) 0.015 0.018 0.011 0.025 

Locus 58 : locus58 
11 alleles
0.0% missing data
   1   (0.179) 0.218 0.187 0.167 0.155 
   2   (0.294) 0.298 0.286 0.371 0.289 
   3   (0.059) 0.053 0.056 0.055 0.066 
   4   (0.079) 0.087 0.080 0.059 0.084 
   5   (0.106) 0.087 0.105 0.119 0.113 
   6   (0.040) 0.034 0.042 0.035 0.038 
   7   (0.092) 0.086 0.094 0.092 0.089 
   8   (0.031) 0.038 0.028 0.028 0.026 
   9   (0.040) 0.033 0.042 0.030 0.040 
  10   (0.057) 0.049 0.060 0.032 0.074 
  11   (0.022) 0.018 0.020 0.012 0.025 

Locus 59 : locus59 
15 alleles
0.0% missing data
   1   (0.089) 0.076 0.090 0.087 0.095 
   2   (0.133) 0.114 0.133 0.171 0.143 
   3   (0.072) 0.063 0.071 0.095 0.070 
   4   (0.057) 0.054 0.057 0.052 0.058 
   5   (0.067) 0.091 0.062 0.073 0.057 
   6   (0.054) 0.073 0.053 0.049 0.045 
   7   (0.058) 0.052 0.059 0.072 0.048 
   8   (0.079) 0.089 0.072 0.073 0.094 
   9   (0.082) 0.105 0.081 0.059 0.085 
  10   (0.118) 0.112 0.124 0.134 0.102 
  11   (0.030) 0.028 0.031 0.024 0.025 
  12   (0.020) 0.016 0.021 0.014 0.017 
  13   (0.074) 0.066 0.076 0.061 0.086 
  14   (0.028) 0.022 0.028 0.016 0.037 
  15   (0.039) 0.040 0.041 0.022 0.039 

Locus 60 : locus60 
15 alleles
0.0% missing data
   1   (0.141) 0.174 0.143 0.125 0.139 
   2   (0.120) 0.118 0.121 0.152 0.104 
   3   (0.113) 0.129 0.109 0.099 0.136 
   4   (0.064) 0.077 0.061 0.060 0.063 
   5   (0.079) 0.078 0.080 0.084 0.074 
   6   (0.040) 0.041 0.042 0.032 0.033 
   7   (0.057) 0.049 0.055 0.093 0.047 
   8   (0.055) 0.045 0.057 0.050 0.057 
   9   (0.058) 0.054 0.063 0.042 0.055 
  10   (0.032) 0.027 0.029 0.046 0.028 
  11   (0.123) 0.105 0.124 0.147 0.127 
  12   (0.030) 0.025 0.029 0.021 0.032 
  13   (0.030) 0.025 0.031 0.017 0.035 
  14   (0.038) 0.036 0.039 0.021 0.046 
  15   (0.020) 0.017 0.018 0.011 0.023 

Locus 61 : locus61 
28 alleles
0.0% missing data
   1   (0.107) 0.090 0.101 0.166 0.132 
   2   (0.074) 0.102 0.071 0.078 0.070 
   3   (0.032) 0.041 0.029 0.023 0.041 
   4   (0.035) 0.029 0.039 0.029 0.029 
   5   (0.054) 0.046 0.053 0.080 0.053 
   6   (0.063) 0.055 0.066 0.083 0.061 
   7   (0.025) 0.020 0.023 0.030 0.021 
   8   (0.041) 0.060 0.039 0.037 0.034 
   9   (0.052) 0.058 0.051 0.068 0.045 
  10   (0.048) 0.068 0.046 0.036 0.049 
  11   (0.025) 0.034 0.025 0.017 0.021 
  12   (0.049) 0.057 0.050 0.041 0.047 
  13   (0.023) 0.019 0.021 0.031 0.020 
  14   (0.023) 0.018 0.020 0.034 0.019 
  15   (0.018) 0.014 0.016 0.019 0.014 
  16   (0.017) 0.015 0.018 0.014 0.014 
  17   (0.019) 0.015 0.017 0.018 0.018 
  18   (0.040) 0.032 0.040 0.043 0.042 
  19   (0.035) 0.029 0.038 0.029 0.034 
  20   (0.026) 0.023 0.030 0.015 0.026 
  21   (0.017) 0.013 0.018 0.009 0.018 
  22   (0.019) 0.015 0.019 0.010 0.021 
  23   (0.027) 0.022 0.029 0.015 0.030 
  24   (0.026) 0.021 0.024 0.014 0.039 
  25   (0.025) 0.027 0.029 0.014 0.020 
  26   (0.036) 0.032 0.039 0.020 0.041 
  27   (0.019) 0.015 0.021 0.011 0.016 
  28   (0.026) 0.030 0.027 0.014 0.025 

Locus 62 : locus62 
22 alleles
0.0% missing data
   1   (0.065) 0.055 0.070 0.038 0.095 
   2   (0.155) 0.154 0.152 0.204 0.159 
   3   (0.042) 0.054 0.041 0.038 0.038 
   4   (0.043) 0.041 0.044 0.047 0.036 
   5   (0.088) 0.074 0.096 0.099 0.082 
   6   (0.065) 0.062 0.064 0.097 0.055 
   7   (0.026) 0.021 0.025 0.031 0.022 
   8   (0.033) 0.054 0.030 0.018 0.033 
   9   (0.040) 0.057 0.036 0.043 0.033 
  10   (0.018) 0.026 0.016 0.011 0.015 
  11   (0.025) 0.021 0.025 0.028 0.021 
  12   (0.052) 0.046 0.056 0.032 0.064 
  13   (0.070) 0.068 0.067 0.087 0.073 
  14   (0.028) 0.035 0.025 0.026 0.023 
  15   (0.039) 0.045 0.036 0.051 0.033 
  16   (0.027) 0.022 0.028 0.025 0.022 
  17   (0.020) 0.016 0.018 0.018 0.018 
  18   (0.043) 0.035 0.045 0.024 0.062 
  19   (0.055) 0.059 0.055 0.049 0.055 
  20   (0.019) 0.016 0.018 0.011 0.023 
  21   (0.027) 0.022 0.033 0.015 0.022 
  22   (0.019) 0.017 0.021 0.011 0.016 

Locus 63 : locus63 
24 alleles
0.0% missing data
   1   (0.116) 0.134 0.124 0.082 0.133 
   2   (0.066) 0.076 0.065 0.058 0.073 
   3   (0.020) 0.016 0.018 0.021 0.017 
   4   (0.039) 0.032 0.038 0.052 0.037 
   5   (0.055) 0.054 0.054 0.080 0.046 
   6   (0.057) 0.050 0.064 0.060 0.048 
   7   (0.024) 0.046 0.022 0.014 0.020 
   8   (0.111) 0.127 0.108 0.137 0.107 
   9   (0.028) 0.023 0.025 0.047 0.023 
  10   (0.033) 0.038 0.030 0.040 0.028 
  11   (0.027) 0.023 0.030 0.018 0.027 
  12   (0.059) 0.048 0.059 0.096 0.051 
  13   (0.061) 0.059 0.059 0.052 0.073 
  14   (0.027) 0.035 0.024 0.026 0.022 
  15   (0.039) 0.033 0.039 0.051 0.032 
  16   (0.019) 0.015 0.017 0.020 0.016 
  17   (0.058) 0.053 0.063 0.047 0.061 
  18   (0.038) 0.031 0.038 0.031 0.041 
  19   (0.031) 0.025 0.031 0.017 0.052 
  20   (0.018) 0.015 0.019 0.010 0.021 
  21   (0.017) 0.014 0.016 0.010 0.021 
  22   (0.018) 0.016 0.017 0.010 0.021 
  23   (0.019) 0.016 0.021 0.010 0.015 
  24   (0.019) 0.021 0.020 0.011 0.016 

Locus 64 : locus64 
18 alleles
0.0% missing data
   1   (0.111) 0.113 0.110 0.118 0.114 
   2   (0.019) 0.017 0.018 0.012 0.016 
   3   (0.052) 0.058 0.050 0.033 0.073 
   4   (0.109) 0.120 0.111 0.098 0.106 
   5   (0.044) 0.037 0.048 0.044 0.037 
   6   (0.087) 0.073 0.082 0.161 0.083 
   7   (0.036) 0.055 0.032 0.020 0.039 
   8   (0.102) 0.088 0.104 0.134 0.093 
   9   (0.107) 0.112 0.103 0.123 0.109 
  10   (0.039) 0.041 0.038 0.028 0.037 
  11   (0.099) 0.103 0.103 0.086 0.102 
  12   (0.031) 0.026 0.030 0.044 0.026 
  13   (0.030) 0.026 0.030 0.024 0.029 
  14   (0.028) 0.023 0.033 0.015 0.023 
  15   (0.029) 0.024 0.030 0.016 0.037 
  16   (0.029) 0.032 0.030 0.016 0.029 
  17   (0.020) 0.016 0.019 0.011 0.024 
  18   (0.029) 0.036 0.030 0.016 0.024 

Locus 65 : locus65 
21 alleles
0.0% missing data
   1   (0.076) 0.065 0.071 0.094 0.091 
   2   (0.095) 0.094 0.095 0.117 0.090 
   3   (0.044) 0.061 0.043 0.029 0.043 
   4   (0.061) 0.064 0.055 0.080 0.062 
   5   (0.071) 0.086 0.066 0.084 0.064 
   6   (0.060) 0.049 0.062 0.064 0.059 
   7   (0.067) 0.056 0.067 0.091 0.065 
   8   (0.045) 0.038 0.051 0.030 0.046 
   9   (0.051) 0.078 0.049 0.039 0.047 
  10   (0.033) 0.027 0.030 0.058 0.029 
  11   (0.070) 0.077 0.078 0.057 0.060 
  12   (0.076) 0.077 0.075 0.070 0.091 
  13   (0.035) 0.041 0.032 0.020 0.047 
  14   (0.028) 0.023 0.032 0.020 0.024 
  15   (0.025) 0.021 0.022 0.032 0.020 
  16   (0.052) 0.046 0.059 0.032 0.057 
  17   (0.034) 0.034 0.033 0.039 0.028 
  18   (0.019) 0.016 0.020 0.011 0.021 
  19   (0.020) 0.016 0.018 0.011 0.025 
  20   (0.019) 0.016 0.021 0.011 0.015 
  21   (0.019) 0.016 0.022 0.011 0.016 

Locus 66 : locus66 
14 alleles
0.0% missing data
   1   (0.050) 0.043 0.050 0.040 0.054 
   2   (0.081) 0.103 0.074 0.097 0.073 
   3   (0.072) 0.059 0.072 0.112 0.060 
   4   (0.076) 0.070 0.082 0.060 0.076 
   5   (0.123) 0.125 0.130 0.127 0.113 
   6   (0.046) 0.065 0.042 0.033 0.046 
   7   (0.037) 0.039 0.035 0.040 0.031 
   8   (0.146) 0.171 0.142 0.124 0.164 
   9   (0.123) 0.113 0.129 0.125 0.119 
  10   (0.109) 0.096 0.113 0.126 0.102 
  11   (0.050) 0.041 0.045 0.059 0.062 
  12   (0.039) 0.031 0.035 0.031 0.051 
  13   (0.020) 0.016 0.018 0.011 0.025 
  14   (0.029) 0.030 0.032 0.016 0.023 

Locus 67 : locus67 
16 alleles
0.0% missing data
   1   (0.087) 0.114 0.084 0.076 0.088 
   2   (0.137) 0.139 0.135 0.148 0.141 
   3   (0.117) 0.115 0.109 0.170 0.122 
   4   (0.027) 0.022 0.027 0.029 0.022 
   5   (0.074) 0.082 0.073 0.087 0.062 
   6   (0.055) 0.045 0.060 0.046 0.053 
   7   (0.099) 0.112 0.100 0.087 0.099 
   8   (0.059) 0.055 0.062 0.069 0.049 
   9   (0.070) 0.068 0.066 0.048 0.103 
  10   (0.072) 0.077 0.080 0.043 0.075 
  11   (0.037) 0.030 0.036 0.039 0.038 
  12   (0.048) 0.039 0.044 0.067 0.049 
  13   (0.030) 0.026 0.031 0.024 0.027 
  14   (0.030) 0.025 0.030 0.027 0.025 
  15   (0.020) 0.016 0.018 0.020 0.017 
  16   (0.037) 0.037 0.044 0.021 0.031 

Locus 68 : locus68 
18 alleles
0.0% missing data
   1   (0.037) 0.043 0.036 0.022 0.039 
   2   (0.080) 0.072 0.082 0.092 0.080 
   3   (0.115) 0.141 0.115 0.119 0.107 
   4   (0.020) 0.016 0.018 0.021 0.016 
   5   (0.073) 0.070 0.077 0.083 0.063 
   6   (0.027) 0.022 0.031 0.021 0.023 
   7   (0.061) 0.078 0.061 0.051 0.058 
   8   (0.074) 0.085 0.070 0.082 0.074 
   9   (0.078) 0.064 0.083 0.053 0.106 
  10   (0.064) 0.065 0.061 0.075 0.066 
  11   (0.038) 0.032 0.036 0.054 0.033 
  12   (0.115) 0.120 0.114 0.113 0.136 
  13   (0.029) 0.036 0.026 0.027 0.024 
  14   (0.030) 0.024 0.028 0.027 0.032 
  15   (0.019) 0.015 0.017 0.021 0.015 
  16   (0.062) 0.052 0.070 0.053 0.057 
  17   (0.052) 0.044 0.054 0.053 0.049 
  18   (0.025) 0.021 0.023 0.034 0.021 

Locus 69 : locus69 
16 alleles
0.0% missing data
   1   (0.046) 0.040 0.044 0.048 0.046 
   2   (0.090) 0.093 0.089 0.111 0.078 
   3   (0.104) 0.141 0.105 0.072 0.117 
   4   (0.070) 0.068 0.069 0.075 0.067 
   5   (0.059) 0.048 0.063 0.070 0.049 
   6   (0.072) 0.069 0.073 0.093 0.062 
   7   (0.079) 0.101 0.078 0.073 0.072 
   8   (0.027) 0.022 0.024 0.035 0.022 
   9   (0.068) 0.066 0.064 0.082 0.063 
  10   (0.128) 0.129 0.140 0.097 0.130 
  11   (0.040) 0.045 0.037 0.033 0.041 
  12   (0.073) 0.060 0.070 0.111 0.072 
  13   (0.051) 0.041 0.046 0.049 0.071 
  14   (0.036) 0.030 0.038 0.020 0.050 
  15   (0.029) 0.023 0.028 0.016 0.038 
  16   (0.028) 0.024 0.032 0.015 0.023 

Locus 70 : locus70 
16 alleles
0.0% missing data
   1   (0.146) 0.189 0.149 0.128 0.141 
   2   (0.045) 0.052 0.041 0.040 0.050 
   3   (0.094) 0.092 0.098 0.119 0.080 
   4   (0.042) 0.036 0.042 0.054 0.035 
   5   (0.072) 0.099 0.065 0.081 0.066 
   6   (0.089) 0.075 0.090 0.107 0.091 
   7   (0.116) 0.098 0.120 0.130 0.124 
   8   (0.108) 0.100 0.111 0.089 0.126 
   9   (0.020) 0.016 0.020 0.014 0.016 
  10   (0.054) 0.056 0.051 0.054 0.052 
  11   (0.036) 0.029 0.036 0.041 0.029 
  12   (0.029) 0.024 0.029 0.025 0.029 
  13   (0.056) 0.049 0.056 0.039 0.071 
  14   (0.026) 0.021 0.023 0.033 0.023 
  15   (0.039) 0.032 0.039 0.032 0.042 
  16   (0.027) 0.031 0.028 0.015 0.026 

Locus 71 : locus71 
16 alleles
0.0% missing data
   1   (0.020) 0.018 0.020 0.013 0.017 
   2   (0.057) 0.049 0.058 0.043 0.065 
   3   (0.157) 0.158 0.157 0.200 0.154 
   4   (0.137) 0.140 0.134 0.145 0.148 
   5   (0.119) 0.158 0.119 0.114 0.107 
   6   (0.045) 0.038 0.048 0.046 0.039 
   7   (0.047) 0.051 0.048 0.042 0.039 
   8   (0.050) 0.052 0.045 0.081 0.041 
   9   (0.038) 0.044 0.035 0.033 0.038 
  10   (0.055) 0.046 0.060 0.049 0.056 
  11   (0.049) 0.040 0.051 0.041 0.050 
  12   (0.096) 0.098 0.097 0.122 0.081 
  13   (0.038) 0.032 0.039 0.021 0.049 
  14   (0.034) 0.027 0.032 0.019 0.055 
  15   (0.036) 0.031 0.037 0.020 0.044 
  16   (0.020) 0.018 0.022 0.011 0.017 

Locus 72 : locus72 
17 alleles
0.0% missing data
   1   (0.072) 0.075 0.074 0.042 0.090 
   2   (0.081) 0.070 0.083 0.066 0.096 
   3   (0.139) 0.145 0.141 0.160 0.135 
   4   (0.049) 0.043 0.048 0.031 0.078 
   5   (0.067) 0.072 0.066 0.077 0.059 
   6   (0.026) 0.022 0.025 0.031 0.022 
   7   (0.055) 0.070 0.053 0.052 0.045 
   8   (0.087) 0.100 0.086 0.106 0.074 
   9   (0.020) 0.028 0.018 0.012 0.017 
  10   (0.042) 0.035 0.041 0.051 0.036 
  11   (0.035) 0.029 0.032 0.061 0.029 
  12   (0.020) 0.016 0.017 0.021 0.016 
  13   (0.094) 0.080 0.097 0.101 0.097 
  14   (0.055) 0.045 0.054 0.076 0.050 
  15   (0.039) 0.041 0.041 0.026 0.037 
  16   (0.081) 0.098 0.087 0.064 0.074 
  17   (0.037) 0.031 0.036 0.023 0.046 

Locus 73 : locus73 
15 alleles
0.0% missing data
   1   (0.111) 0.124 0.118 0.083 0.114 
   2   (0.100) 0.084 0.102 0.077 0.126 
   3   (0.052) 0.064 0.050 0.054 0.046 
   4   (0.042) 0.037 0.040 0.052 0.037 
   5   (0.133) 0.115 0.135 0.179 0.124 
   6   (0.063) 0.092 0.056 0.075 0.051 
   7   (0.037) 0.038 0.034 0.041 0.031 
   8   (0.056) 0.061 0.061 0.041 0.047 
   9   (0.088) 0.099 0.085 0.084 0.095 
  10   (0.065) 0.053 0.069 0.060 0.068 
  11   (0.113) 0.105 0.107 0.135 0.130 
  12   (0.026) 0.021 0.024 0.033 0.023 
  13   (0.026) 0.021 0.023 0.033 0.023 
  14   (0.040) 0.032 0.043 0.025 0.043 
  15   (0.048) 0.052 0.054 0.027 0.043 

Locus 74 : locus74 
14 alleles
0.0% missing data
   1   (0.133) 0.113 0.138 0.124 0.149 
   2   (0.137) 0.150 0.134 0.149 0.135 
   3   (0.140) 0.160 0.129 0.208 0.126 
   4   (0.064) 0.052 0.064 0.064 0.069 
   5   (0.112) 0.128 0.110 0.123 0.103 
   6   (0.076) 0.078 0.075 0.092 0.064 
   7   (0.101) 0.086 0.109 0.087 0.108 
   8   (0.021) 0.017 0.019 0.022 0.017 
   9   (0.059) 0.054 0.062 0.043 0.063 
  10   (0.020) 0.016 0.021 0.011 0.021 
  11   (0.048) 0.053 0.046 0.027 0.060 
  12   (0.048) 0.051 0.053 0.027 0.050 
  13   (0.021) 0.017 0.023 0.011 0.017 
  14   (0.020) 0.025 0.019 0.011 0.017 

Locus 75 : locus75 
17 alleles
0.0% missing data
   1   (0.020) 0.018 0.019 0.013 0.017 
   2   (0.125) 0.117 0.122 0.133 0.142 
   3   (0.111) 0.102 0.116 0.107 0.118 
   4   (0.134) 0.152 0.125 0.156 0.148 
   5   (0.029) 0.025 0.030 0.026 0.024 
   6   (0.065) 0.100 0.061 0.063 0.054 
   7   (0.046) 0.038 0.050 0.031 0.049 
   8   (0.085) 0.096 0.084 0.092 0.077 
   9   (0.028) 0.024 0.031 0.018 0.028 
  10   (0.104) 0.114 0.109 0.117 0.088 
  11   (0.030) 0.024 0.031 0.027 0.025 
  12   (0.036) 0.029 0.033 0.040 0.038 
  13   (0.090) 0.078 0.092 0.107 0.092 
  14   (0.029) 0.024 0.029 0.027 0.029 
  15   (0.020) 0.017 0.020 0.016 0.017 
  16   (0.030) 0.027 0.031 0.017 0.031 
  17   (0.019) 0.015 0.017 0.011 0.024 

Locus 76 : locus76 
13 alleles
0.0% missing data
   1   (0.030) 0.028 0.029 0.028 0.026 
   2   (0.119) 0.101 0.122 0.094 0.149 
   3   (0.105) 0.102 0.107 0.114 0.103 
   4   (0.031) 0.029 0.032 0.022 0.029 
   5   (0.064) 0.080 0.057 0.083 0.054 
   6   (0.103) 0.089 0.112 0.091 0.102 
   7   (0.094) 0.124 0.092 0.098 0.079 
   8   (0.150) 0.150 0.147 0.177 0.148 
   9   (0.100) 0.126 0.103 0.087 0.084 
  10   (0.133) 0.115 0.133 0.156 0.146 
  11   (0.021) 0.017 0.019 0.022 0.017 
  12   (0.029) 0.024 0.029 0.016 0.038 
  13   (0.020) 0.016 0.018 0.011 0.025 

Locus 77 : locus77 
14 alleles
0.0% missing data
   1   (0.091) 0.076 0.096 0.052 0.123 
   2   (0.050) 0.043 0.048 0.066 0.043 
   3   (0.118) 0.146 0.111 0.131 0.113 
   4   (0.225) 0.234 0.230 0.240 0.218 
   5   (0.098) 0.081 0.094 0.147 0.094 
   6   (0.030) 0.039 0.028 0.017 0.031 
   7   (0.031) 0.026 0.035 0.020 0.026 
   8   (0.117) 0.123 0.116 0.143 0.103 
   9   (0.036) 0.057 0.036 0.021 0.030 
  10   (0.102) 0.091 0.103 0.090 0.119 
  11   (0.039) 0.032 0.040 0.037 0.037 
  12   (0.021) 0.017 0.021 0.012 0.022 
  13   (0.021) 0.017 0.019 0.012 0.024 
  14   (0.021) 0.018 0.023 0.012 0.017 

Locus 78 : locus78 
12 alleles
0.0% missing data
   1   (0.163) 0.178 0.167 0.154 0.159 
   2   (0.156) 0.185 0.150 0.190 0.145 
   3   (0.057) 0.049 0.065 0.042 0.052 
   4   (0.147) 0.128 0.154 0.108 0.185 
   5   (0.066) 0.067 0.063 0.068 0.064 
   6   (0.040) 0.045 0.037 0.033 0.040 
   7   (0.101) 0.087 0.097 0.163 0.089 
   8   (0.055) 0.046 0.053 0.056 0.060 
   9   (0.122) 0.129 0.129 0.108 0.117 
  10   (0.032) 0.026 0.031 0.028 0.030 
  11   (0.039) 0.032 0.036 0.040 0.041 
  12   (0.020) 0.029 0.018 0.011 0.016 

Locus 79 : locus79 
15 alleles
0.0% missing data
   1   (0.115) 0.100 0.117 0.102 0.134 
   2   (0.225) 0.221 0.226 0.265 0.227 
   3   (0.044) 0.039 0.039 0.050 0.048 
   4   (0.153) 0.132 0.149 0.213 0.155 
   5   (0.069) 0.067 0.070 0.079 0.058 
   6   (0.061) 0.083 0.059 0.058 0.050 
   7   (0.031) 0.038 0.028 0.017 0.034 
   8   (0.084) 0.103 0.088 0.057 0.081 
   9   (0.020) 0.017 0.021 0.014 0.017 
  10   (0.053) 0.080 0.049 0.049 0.044 
  11   (0.046) 0.039 0.051 0.030 0.052 
  12   (0.031) 0.025 0.031 0.028 0.026 
  13   (0.020) 0.016 0.020 0.011 0.021 
  14   (0.029) 0.025 0.029 0.016 0.036 
  15   (0.020) 0.016 0.022 0.011 0.016 

Locus 80 : locus80 
14 alleles
0.0% missing data
   1   (0.047) 0.042 0.048 0.028 0.060 
   2   (0.068) 0.058 0.070 0.049 0.077 
   3   (0.122) 0.121 0.130 0.124 0.112 
   4   (0.135) 0.188 0.126 0.160 0.119 
   5   (0.059) 0.049 0.062 0.073 0.050 
   6   (0.038) 0.043 0.035 0.037 0.031 
   7   (0.203) 0.217 0.204 0.194 0.216 
   8   (0.049) 0.041 0.051 0.038 0.053 
   9   (0.126) 0.116 0.119 0.171 0.132 
  10   (0.037) 0.030 0.035 0.040 0.034 
  11   (0.047) 0.040 0.051 0.044 0.041 
  12   (0.020) 0.017 0.021 0.014 0.017 
  13   (0.028) 0.022 0.026 0.016 0.041 
  14   (0.020) 0.016 0.022 0.011 0.016 

Locus 81 : locus81 
19 alleles
0.0% missing data
   1   (0.111) 0.093 0.118 0.112 0.114 
   2   (0.108) 0.107 0.109 0.117 0.109 
   3   (0.076) 0.080 0.074 0.077 0.086 
   4   (0.036) 0.046 0.032 0.034 0.032 
   5   (0.079) 0.067 0.087 0.061 0.090 
   6   (0.070) 0.072 0.064 0.124 0.058 
   7   (0.020) 0.029 0.018 0.011 0.016 
   8   (0.045) 0.049 0.040 0.066 0.037 
   9   (0.081) 0.096 0.084 0.058 0.085 
  10   (0.060) 0.075 0.055 0.059 0.059 
  11   (0.037) 0.029 0.033 0.073 0.030 
  12   (0.020) 0.016 0.018 0.020 0.016 
  13   (0.089) 0.077 0.096 0.074 0.096 
  14   (0.054) 0.044 0.052 0.048 0.068 
  15   (0.019) 0.016 0.021 0.011 0.016 
  16   (0.029) 0.034 0.029 0.016 0.029 
  17   (0.028) 0.029 0.032 0.016 0.023 
  18   (0.019) 0.024 0.019 0.011 0.016 
  19   (0.020) 0.017 0.020 0.011 0.019 

Locus 82 : locus82 
19 alleles
0.0% missing data
   1   (0.119) 0.138 0.121 0.151 0.100 
   2   (0.103) 0.100 0.099 0.123 0.114 
   3   (0.116) 0.124 0.113 0.122 0.122 
   4   (0.095) 0.081 0.098 0.119 0.092 
   5   (0.019) 0.015 0.019 0.016 0.016 
   6   (0.036) 0.029 0.034 0.036 0.039 
   7   (0.035) 0.043 0.031 0.038 0.028 
   8   (0.029) 0.035 0.026 0.027 0.024 
   9   (0.074) 0.114 0.076 0.055 0.068 
  10   (0.063) 0.063 0.064 0.061 0.058 
  11   (0.073) 0.062 0.076 0.079 0.074 
  12   (0.036) 0.031 0.035 0.040 0.033 
  13   (0.029) 0.023 0.030 0.023 0.026 
  14   (0.037) 0.031 0.037 0.021 0.047 
  15   (0.026) 0.021 0.026 0.028 0.022 
  16   (0.027) 0.022 0.027 0.015 0.036 
  17   (0.027) 0.022 0.027 0.015 0.038 
  18   (0.037) 0.030 0.038 0.021 0.047 
  19   (0.020) 0.016 0.022 0.011 0.016 

Locus 83 : locus83 
18 alleles
0.0% missing data
   1   (0.079) 0.067 0.073 0.096 0.093 
   2   (0.063) 0.066 0.060 0.082 0.052 
   3   (0.113) 0.119 0.111 0.131 0.114 
   4   (0.126) 0.121 0.130 0.128 0.137 
   5   (0.087) 0.095 0.087 0.109 0.073 
   6   (0.079) 0.106 0.073 0.091 0.074 
   7   (0.039) 0.045 0.040 0.032 0.033 
   8   (0.028) 0.034 0.026 0.027 0.024 
   9   (0.038) 0.043 0.040 0.022 0.035 
  10   (0.086) 0.081 0.088 0.090 0.085 
  11   (0.044) 0.038 0.041 0.042 0.053 
  12   (0.018) 0.015 0.017 0.018 0.018 
  13   (0.079) 0.069 0.094 0.056 0.075 
  14   (0.021) 0.017 0.019 0.021 0.017 
  15   (0.027) 0.023 0.027 0.015 0.033 
  16   (0.028) 0.024 0.030 0.016 0.031 
  17   (0.019) 0.015 0.021 0.010 0.016 
  18   (0.026) 0.021 0.024 0.014 0.037 

Locus 84 : locus84 
15 alleles
0.0% missing data
   1   (0.079) 0.067 0.076 0.108 0.077 
   2   (0.114) 0.125 0.112 0.138 0.103 
   3   (0.086) 0.089 0.084 0.116 0.075 
   4   (0.105) 0.118 0.101 0.128 0.097 
   5   (0.119) 0.113 0.131 0.087 0.129 
   6   (0.086) 0.071 0.086 0.101 0.086 
   7   (0.058) 0.062 0.055 0.040 0.069 
   8   (0.030) 0.037 0.026 0.027 0.024 
   9   (0.046) 0.057 0.043 0.047 0.038 
  10   (0.043) 0.035 0.044 0.048 0.040 
  11   (0.082) 0.074 0.087 0.063 0.095 
  12   (0.075) 0.088 0.078 0.047 0.082 
  13   (0.030) 0.025 0.029 0.025 0.028 
  14   (0.027) 0.022 0.025 0.015 0.039 
  15   (0.020) 0.016 0.022 0.011 0.016 

Locus 85 : locus85 
17 alleles
0.0% missing data
   1   (0.068) 0.057 0.065 0.117 0.057 
   2   (0.081) 0.095 0.078 0.099 0.068 
   3   (0.082) 0.074 0.094 0.065 0.075 
   4   (0.102) 0.112 0.103 0.084 0.107 
   5   (0.093) 0.076 0.096 0.130 0.079 
   6   (0.020) 0.016 0.019 0.016 0.017 
   7   (0.044) 0.067 0.045 0.025 0.041 
   8   (0.021) 0.029 0.019 0.011 0.017 
   9   (0.056) 0.058 0.055 0.073 0.046 
  10   (0.090) 0.096 0.092 0.081 0.090 
  11   (0.098) 0.084 0.101 0.118 0.094 
  12   (0.073) 0.085 0.068 0.055 0.086 
  13   (0.053) 0.045 0.050 0.059 0.060 
  14   (0.052) 0.050 0.049 0.029 0.082 
  15   (0.027) 0.022 0.025 0.015 0.039 
  16   (0.020) 0.016 0.019 0.011 0.024 
  17   (0.021) 0.018 0.022 0.012 0.017 

Locus 86 : locus86 
21 alleles
0.0% missing data
   1   (0.070) 0.072 0.072 0.061 0.075 
   2   (0.095) 0.082 0.096 0.113 0.099 
   3   (0.057) 0.051 0.053 0.066 0.065 
   4   (0.071) 0.116 0.067 0.063 0.062 
   5   (0.019) 0.016 0.017 0.020 0.016 
   6   (0.032) 0.028 0.031 0.043 0.027 
   7   (0.059) 0.077 0.062 0.043 0.057 
   8   (0.020) 0.029 0.018 0.011 0.016 
   9   (0.051) 0.052 0.050 0.060 0.042 
  10   (0.097) 0.094 0.101 0.108 0.092 
  11   (0.097) 0.092 0.100 0.130 0.087 
  12   (0.042) 0.035 0.040 0.030 0.062 
  13   (0.032) 0.026 0.028 0.057 0.027 
  14   (0.042) 0.036 0.041 0.049 0.038 
  15   (0.036) 0.039 0.037 0.025 0.039 
  16   (0.039) 0.034 0.039 0.031 0.040 
  17   (0.043) 0.037 0.051 0.034 0.036 
  18   (0.035) 0.035 0.039 0.019 0.036 
  19   (0.026) 0.021 0.024 0.014 0.038 
  20   (0.018) 0.016 0.017 0.010 0.021 
  21   (0.019) 0.015 0.017 0.011 0.024 

Locus 87 : locus87 
18 alleles
0.0% missing data
   1   (0.090) 0.077 0.086 0.126 0.095 
   2   (0.095) 0.120 0.098 0.085 0.086 
   3   (0.098) 0.084 0.095 0.135 0.102 
   4   (0.070) 0.075 0.072 0.072 0.063 
   5   (0.089) 0.094 0.089 0.072 0.104 
   6   (0.032) 0.028 0.030 0.042 0.027 
   7   (0.060) 0.073 0.058 0.065 0.050 
   8   (0.091) 0.130 0.093 0.079 0.082 
   9   (0.112) 0.094 0.111 0.132 0.126 
  10   (0.036) 0.030 0.039 0.033 0.030 
  11   (0.046) 0.040 0.049 0.041 0.043 
  12   (0.038) 0.031 0.041 0.028 0.038 
  13   (0.030) 0.026 0.029 0.026 0.028 
  14   (0.026) 0.021 0.024 0.014 0.038 
  15   (0.028) 0.025 0.028 0.016 0.032 
  16   (0.019) 0.015 0.017 0.011 0.024 
  17   (0.019) 0.015 0.022 0.011 0.016 
  18   (0.020) 0.024 0.019 0.011 0.017 

Locus 88 : locus88 
23 alleles
0.0% missing data
   1   (0.063) 0.058 0.059 0.072 0.070 
   2   (0.089) 0.103 0.096 0.085 0.075 
   3   (0.077) 0.067 0.075 0.089 0.090 
   4   (0.028) 0.023 0.028 0.025 0.028 
   5   (0.097) 0.080 0.092 0.133 0.124 
   6   (0.046) 0.038 0.043 0.060 0.047 
   7   (0.033) 0.051 0.030 0.029 0.027 
   8   (0.033) 0.040 0.031 0.018 0.044 
   9   (0.033) 0.038 0.029 0.040 0.027 
  10   (0.051) 0.064 0.052 0.041 0.048 
  11   (0.038) 0.033 0.037 0.053 0.031 
  12   (0.064) 0.074 0.066 0.067 0.056 
  13   (0.043) 0.037 0.041 0.044 0.044 
  14   (0.028) 0.025 0.029 0.024 0.023 
  15   (0.059) 0.062 0.070 0.037 0.054 
  16   (0.058) 0.054 0.059 0.057 0.063 
  17   (0.028) 0.023 0.028 0.026 0.023 
  18   (0.040) 0.034 0.043 0.046 0.033 
  19   (0.019) 0.015 0.019 0.010 0.020 
  20   (0.019) 0.015 0.017 0.010 0.024 
  21   (0.018) 0.015 0.021 0.010 0.015 
  22   (0.019) 0.024 0.019 0.011 0.016 
  23   (0.019) 0.028 0.017 0.010 0.015 

Locus 89 : locus89 
22 alleles
0.0% missing data
   1   (0.084) 0.086 0.079 0.109 0.085 
   2   (0.110) 0.124 0.107 0.124 0.111 
   3   (0.039) 0.035 0.035 0.069 0.035 
   4   (0.067) 0.112 0.061 0.070 0.059 
   5   (0.074) 0.062 0.078 0.103 0.062 
   6   (0.037) 0.031 0.035 0.056 0.031 
   7   (0.028) 0.036 0.025 0.026 0.023 
   8   (0.028) 0.034 0.025 0.026 0.024 
   9   (0.050) 0.062 0.046 0.058 0.042 
  10   (0.043) 0.051 0.046 0.037 0.036 
  11   (0.103) 0.089 0.117 0.070 0.118 
  12   (0.027) 0.023 0.026 0.022 0.032 
  13   (0.054) 0.047 0.063 0.044 0.045 
  14   (0.035) 0.028 0.032 0.029 0.047 
  15   (0.036) 0.030 0.037 0.035 0.034 
  16   (0.033) 0.028 0.032 0.037 0.032 
  17   (0.019) 0.016 0.021 0.011 0.016 
  18   (0.043) 0.034 0.049 0.024 0.054 
  19   (0.027) 0.021 0.027 0.015 0.037 
  20   (0.026) 0.021 0.024 0.014 0.038 
  21   (0.019) 0.015 0.017 0.010 0.025 
  22   (0.018) 0.014 0.020 0.010 0.015 

Locus 90 : locus90 
23 alleles
0.0% missing data
   1   (0.084) 0.072 0.084 0.103 0.089 
   2   (0.028) 0.026 0.030 0.017 0.024 
   3   (0.051) 0.047 0.054 0.043 0.051 
   4   (0.060) 0.067 0.056 0.078 0.057 
   5   (0.020) 0.016 0.018 0.021 0.016 
   6   (0.020) 0.016 0.019 0.016 0.017 
   7   (0.031) 0.027 0.029 0.042 0.026 
   8   (0.052) 0.056 0.052 0.049 0.050 
   9   (0.034) 0.041 0.031 0.019 0.045 
  10   (0.035) 0.039 0.031 0.052 0.029 
  11   (0.067) 0.081 0.068 0.059 0.065 
  12   (0.121) 0.129 0.124 0.118 0.129 
  13   (0.042) 0.060 0.043 0.024 0.045 
  14   (0.068) 0.057 0.064 0.107 0.070 
  15   (0.060) 0.063 0.060 0.078 0.051 
  16   (0.026) 0.021 0.025 0.030 0.021 
  17   (0.026) 0.021 0.023 0.033 0.023 
  18   (0.042) 0.034 0.047 0.036 0.039 
  19   (0.035) 0.034 0.036 0.019 0.044 
  20   (0.037) 0.033 0.037 0.020 0.047 
  21   (0.028) 0.031 0.027 0.016 0.032 
  22   (0.019) 0.015 0.021 0.010 0.015 
  23   (0.018) 0.014 0.020 0.010 0.015 

Locus 91 : locus91 
9 alleles
0.0% missing data
   1   (0.096) 0.082 0.099 0.092 0.092 
   2   (0.118) 0.116 0.125 0.089 0.123 
   3   (0.179) 0.193 0.173 0.196 0.173 
   4   (0.057) 0.055 0.052 0.082 0.049 
   5   (0.184) 0.186 0.186 0.192 0.175 
   6   (0.041) 0.046 0.038 0.036 0.034 
   7   (0.187) 0.156 0.195 0.164 0.223 
   8   (0.049) 0.066 0.049 0.028 0.048 
   9   (0.090) 0.100 0.081 0.122 0.083 

Locus 92 : locus92 
18 alleles
0.0% missing data
   1   (0.061) 0.062 0.057 0.068 0.058 
   2   (0.085) 0.072 0.087 0.111 0.084 
   3   (0.125) 0.123 0.116 0.153 0.144 
   4   (0.051) 0.064 0.048 0.054 0.044 
   5   (0.082) 0.080 0.089 0.072 0.076 
   6   (0.094) 0.116 0.088 0.081 0.111 
   7   (0.076) 0.081 0.079 0.082 0.064 
   8   (0.035) 0.029 0.031 0.060 0.029 
   9   (0.020) 0.027 0.018 0.012 0.016 
  10   (0.081) 0.070 0.093 0.052 0.089 
  11   (0.038) 0.044 0.037 0.022 0.045 
  12   (0.030) 0.025 0.027 0.047 0.024 
  13   (0.030) 0.024 0.027 0.046 0.025 
  14   (0.064) 0.059 0.062 0.056 0.075 
  15   (0.046) 0.039 0.053 0.036 0.038 
  16   (0.044) 0.042 0.054 0.027 0.037 
  17   (0.019) 0.016 0.018 0.011 0.025 
  18   (0.020) 0.029 0.018 0.011 0.017 

Locus 93 : locus93 
13 alleles
0.0% missing data
   1   (0.110) 0.125 0.109 0.099 0.108 
   2   (0.086) 0.074 0.086 0.098 0.085 
   3   (0.056) 0.064 0.050 0.075 0.049 
   4   (0.121) 0.149 0.115 0.150 0.107 
   5   (0.055) 0.051 0.052 0.059 0.056 
   6   (0.097) 0.086 0.107 0.102 0.081 
   7   (0.021) 0.028 0.019 0.012 0.017 
   8   (0.055) 0.045 0.052 0.048 0.072 
   9   (0.115) 0.143 0.111 0.115 0.104 
  10   (0.121) 0.103 0.130 0.103 0.132 
  11   (0.020) 0.016 0.018 0.020 0.016 
  12   (0.081) 0.067 0.080 0.084 0.090 
  13   (0.062) 0.051 0.070 0.035 0.081 

Locus 94 : locus94 
14 alleles
0.0% missing data
   1   (0.020) 0.019 0.020 0.013 0.018 
   2   (0.058) 0.063 0.054 0.074 0.050 
   3   (0.135) 0.145 0.129 0.155 0.138 
   4   (0.039) 0.048 0.036 0.026 0.044 
   5   (0.097) 0.083 0.095 0.162 0.082 
   6   (0.057) 0.060 0.052 0.062 0.054 
   7   (0.071) 0.058 0.072 0.044 0.103 
   8   (0.106) 0.103 0.111 0.110 0.096 
   9   (0.095) 0.081 0.102 0.107 0.082 
  10   (0.060) 0.062 0.056 0.044 0.072 
  11   (0.065) 0.078 0.059 0.057 0.069 
  12   (0.131) 0.121 0.146 0.103 0.131 
  13   (0.046) 0.057 0.047 0.032 0.043 
  14   (0.021) 0.023 0.021 0.012 0.017 

Locus 95 : locus95 
14 alleles
0.0% missing data
   1   (0.093) 0.092 0.085 0.131 0.092 
   2   (0.052) 0.044 0.052 0.061 0.044 
   3   (0.154) 0.133 0.156 0.176 0.165 
   4   (0.049) 0.040 0.044 0.100 0.040 
   5   (0.037) 0.057 0.034 0.031 0.031 
   6   (0.114) 0.118 0.116 0.102 0.112 
   7   (0.081) 0.119 0.074 0.066 0.080 
   8   (0.118) 0.130 0.128 0.099 0.105 
   9   (0.065) 0.054 0.066 0.043 0.089 
  10   (0.053) 0.043 0.048 0.060 0.063 
  11   (0.094) 0.091 0.101 0.081 0.090 
  12   (0.048) 0.045 0.054 0.027 0.048 
  13   (0.021) 0.017 0.021 0.012 0.021 
  14   (0.021) 0.018 0.020 0.012 0.020 

Locus 96 : locus96 
20 alleles
0.0% missing data
   1   (0.070) 0.088 0.069 0.046 0.081 
   2   (0.045) 0.051 0.042 0.046 0.038 
   3   (0.076) 0.068 0.080 0.074 0.077 
   4   (0.095) 0.098 0.098 0.114 0.086 
   5   (0.028) 0.023 0.026 0.045 0.023 
   6   (0.064) 0.078 0.060 0.070 0.062 
   7   (0.063) 0.073 0.059 0.095 0.052 
   8   (0.060) 0.064 0.058 0.063 0.059 
   9   (0.028) 0.023 0.027 0.029 0.023 
  10   (0.093) 0.079 0.098 0.090 0.104 
  11   (0.034) 0.042 0.031 0.039 0.028 
  12   (0.020) 0.029 0.018 0.011 0.016 
  13   (0.034) 0.027 0.031 0.058 0.030 
  14   (0.036) 0.030 0.036 0.038 0.032 
  15   (0.086) 0.084 0.091 0.087 0.081 
  16   (0.028) 0.023 0.032 0.015 0.027 
  17   (0.026) 0.020 0.023 0.014 0.041 
  18   (0.069) 0.063 0.079 0.038 0.082 
  19   (0.026) 0.021 0.026 0.015 0.036 
  20   (0.019) 0.016 0.018 0.011 0.023 

Locus 97 : locus97 
11 alleles
0.0% missing data
   1   (0.172) 0.172 0.173 0.175 0.171 
   2   (0.050) 0.043 0.054 0.029 0.054 
   3   (0.083) 0.098 0.081 0.080 0.077 
   4   (0.061) 0.083 0.057 0.065 0.051 
   5   (0.174) 0.168 0.187 0.172 0.157 
   6   (0.087) 0.073 0.097 0.070 0.088 
   7   (0.032) 0.026 0.028 0.049 0.026 
   8   (0.118) 0.110 0.116 0.117 0.134 
   9   (0.092) 0.089 0.085 0.120 0.093 
  10   (0.064) 0.051 0.058 0.085 0.074 
  11   (0.067) 0.087 0.065 0.037 0.074 

Locus 98 : locus98 
22 alleles
0.0% missing data
   1   (0.049) 0.053 0.050 0.051 0.042 
   2   (0.036) 0.043 0.037 0.025 0.031 
   3   (0.029) 0.028 0.029 0.020 0.027 
   4   (0.072) 0.063 0.067 0.065 0.105 
   5   (0.070) 0.095 0.072 0.067 0.064 
   6   (0.073) 0.074 0.073 0.082 0.071 
   7   (0.032) 0.027 0.030 0.043 0.027 
   8   (0.044) 0.036 0.044 0.037 0.053 
   9   (0.091) 0.092 0.101 0.090 0.080 
  10   (0.103) 0.113 0.102 0.120 0.100 
  11   (0.024) 0.020 0.021 0.033 0.020 
  12   (0.038) 0.031 0.034 0.071 0.033 
  13   (0.036) 0.029 0.038 0.029 0.040 
  14   (0.067) 0.057 0.075 0.064 0.062 
  15   (0.057) 0.066 0.054 0.062 0.053 
  16   (0.063) 0.055 0.068 0.075 0.052 
  17   (0.025) 0.020 0.023 0.014 0.040 
  18   (0.019) 0.015 0.017 0.010 0.022 
  19   (0.018) 0.014 0.016 0.010 0.024 
  20   (0.018) 0.015 0.016 0.010 0.024 
  21   (0.018) 0.028 0.016 0.010 0.015 
  22   (0.019) 0.028 0.017 0.010 0.015 

Locus 99 : locus99 
18 alleles
0.0% missing data
   1   (0.077) 0.081 0.072 0.081 0.081 
   2   (0.037) 0.045 0.035 0.033 0.031 
   3   (0.085) 0.093 0.089 0.082 0.077 
   4   (0.095) 0.106 0.098 0.085 0.095 
   5   (0.103) 0.130 0.097 0.120 0.094 
   6   (0.061) 0.052 0.067 0.061 0.050 
   7   (0.045) 0.050 0.045 0.041 0.042 
   8   (0.063) 0.065 0.059 0.098 0.053 
   9   (0.055) 0.048 0.056 0.050 0.056 
  10   (0.065) 0.065 0.068 0.056 0.066 
  11   (0.044) 0.037 0.046 0.045 0.040 
  12   (0.040) 0.032 0.036 0.072 0.034 
  13   (0.080) 0.065 0.075 0.072 0.120 
  14   (0.037) 0.032 0.041 0.031 0.031 
  15   (0.028) 0.023 0.030 0.016 0.031 
  16   (0.029) 0.030 0.028 0.025 0.024 
  17   (0.037) 0.030 0.039 0.021 0.048 
  18   (0.020) 0.016 0.018 0.011 0.025 

Locus 100 : locus100 
19 alleles
0.0% missing data
   1   (0.028) 0.037 0.027 0.018 0.024 
   2   (0.067) 0.057 0.065 0.094 0.064 
   3   (0.027) 0.026 0.025 0.019 0.034 
   4   (0.037) 0.034 0.034 0.024 0.047 
   5   (0.095) 0.104 0.092 0.119 0.089 
   6   (0.084) 0.071 0.089 0.114 0.072 
   7   (0.104) 0.104 0.117 0.093 0.093 
   8   (0.040) 0.046 0.038 0.033 0.036 
   9   (0.090) 0.075 0.091 0.098 0.105 
  10   (0.041) 0.072 0.038 0.024 0.041 
  11   (0.080) 0.081 0.080 0.098 0.070 
  12   (0.046) 0.057 0.045 0.033 0.047 
  13   (0.035) 0.028 0.031 0.040 0.039 
  14   (0.033) 0.027 0.030 0.060 0.027 
  15   (0.053) 0.043 0.053 0.038 0.073 
  16   (0.035) 0.031 0.032 0.038 0.038 
  17   (0.064) 0.062 0.074 0.036 0.068 
  18   (0.020) 0.017 0.022 0.011 0.016 
  19   (0.020) 0.029 0.018 0.011 0.016 

Values of parameters used in structure:
DATAFILE=C:\Users\CHendrikse\Documents\fsc26_win64\4Demes\4deme\project_data,	OUTFILE=C:\Users\CHendrikse\Documents\fsc26_win64\4Demes\4deme\parentandhybridset\Results\parentandhybridset_run_1,	NUMINDS=50,	NUMLOCI=100,	MISSING=-9,	LABEL=1,	POPDATA=0,	POPFLAG=0,	PHENOTYPE=0,	EXTRACOLS=0,	MAXPOPS=4,	BURNIN=50000,	NUMREPS=50000,	USEPOPINFO=0,	INFERALPHA=1,	INFERLAMBDA=0,	POPSPECIFICLAMBDA=0,	POPALPHAS=0,	COMPUTEPROB=1,	NOADMIX=0,	ADMBURNIN=2500,	UPDATEFREQ=1,	PRINTLIKES=0,	INTERMEDSAVE=0,	PRINTKLD=0,	PRINTNET=0,	PRINTLAMBDA=0,	ANCESTDIST=0,	NUMBOXES=1000,	ANCESTPINT=0.90000,	GENSBACK=2,	MIGRPRIOR=0.05000,	PRINTQHAT=0,	PRINTQSUM=0,	ALPHA=1.0000,	FREQSCORR=1,	FPRIORMEAN=0.0100,	FPRIORSD=0.0500,	ONEFST=0,	LAMBDA=1.0000,	UNIFPRIORALPHA=1,	ALPHAMAX=10.0000,	ALPHAPRIORA=1.0000,	ALPHAPRIORB=2.0000,	ALPHAPROPSD=0.0250,	STARTATPOPINFO=0,	RANDOMIZE=1,	LINKAGE=0,	METROFREQ=10,	REPORTHITRATE=0,	MARKOVPHASE=-1,	PHASED=0,	PLOIDY=2,	PHASEINFO=0	LOCPRIOR=0, 	LOCPRIORINIT=1.000000, 	LOCDATA=0, 	LOCISPOP=0, 	LOCPRIORSTEP=0.100000, 	MAXLOCPRIOR=20.000000, 	SEED=1655839698,	
[STRAT parameters]:    NUMSIMSTATS=1000,	PHENOTYPECOL=-9,	POOLFREQ=10,	LOCUSxONLY=0,	EMERROR=0.00100,	MISSINGPHENO=-9,	