1665237656
1665237661
1665237666
1665237671
1665237676
1665237681
1665237686
1665237691
1665237696
1665237701
1665237706
1665237711
1665237716
1665237721
1665237726
1665237731
1665237736
1665237741
1665237746
1665237751
1665237756
1665237761
1665237766
1665237771
1665237776
1665237781
1665237786
1665237791
1665237796
1665237801
1665237806
1665237811
1665237816
1665237821
1665237826
1665237831
1665237836
1665237841
1665237846
1665237851
1665237856
1665237861
1665237866
1665237871
1665237876
1665237881
1665237886
1665237891
1665237896
1665237901
