

----------------------------------------------------
STRUCTURE by Pritchard, Stephens and Donnelly (2000)
     and Falush, Stephens and Pritchard (2003)
       Code by Pritchard, Falush and Hubisz
             Version 2.3.4 (Jul 2012)
----------------------------------------------------



Command line arguments:   /usr/local/bin/structure -i parentandhybrid8.str -m mainparams.txt -e extraparams.txt -K 4 -o parentandhybrid4Deme_2 
Input File:    parentandhybrid8.str

Run parameters:
   50 individuals
   100 loci
   4 populations assumed
   200000 Burn-in period
   200000 Reps


--------------------------------------------
Overall proportion of membership of the
sample in each of the 4 clusters

Inferred Clusters
  1      2      3      4    
0.200  0.301  0.299  0.200  

--------------------------------------------

Allele-freq. divergence among pops (Net nucleotide distance),
computed using point estimates of P.

      1       2       3       4      
 1      -    0.1012  0.1009  0.0816  
 2   0.1012     -    0.1107  0.0985  
 3   0.1009  0.1107     -    0.0940  
 4   0.0816  0.0985  0.0940     -    

Average distances (expected heterozygosity) between individuals in same cluster:
cluster  1  : 0.8665 
cluster  2  : 0.8397 
cluster  3  : 0.8426 
cluster  4  : 0.8811 

--------------------------------------------
Estimated Ln Prob of Data   = -23311.3
Mean value of ln likelihood = -21689.2
Variance of ln likelihood   = 3244.1
Mean value of alpha         = 0.0279

Mean value of Fst_1         = 0.1229
Mean value of Fst_2         = 0.1596
Mean value of Fst_3         = 0.1505
Mean value of Fst_4         = 0.1054


Inferred ancestry of individuals:
        Label (%Miss) :  Inferred clusters
  1       01    (0)   :  0.001 0.001 0.998 0.000 
  2       02    (0)   :  0.000 0.000 0.999 0.001 
  3       03    (0)   :  0.000 0.000 0.999 0.000 
  4       04    (0)   :  0.000 0.000 0.999 0.001 
  5       05    (0)   :  0.000 0.000 0.999 0.000 
  6       06    (0)   :  0.001 0.001 0.998 0.001 
  7       07    (0)   :  0.000 0.001 0.999 0.000 
  8       08    (0)   :  0.000 0.000 0.999 0.000 
  9       09    (0)   :  0.001 0.000 0.999 0.001 
 10       10    (0)   :  0.001 0.001 0.998 0.001 
 11       11    (0)   :  0.000 0.999 0.001 0.000 
 12       12    (0)   :  0.000 0.999 0.000 0.000 
 13       13    (0)   :  0.001 0.995 0.003 0.001 
 14       14    (0)   :  0.001 0.998 0.001 0.001 
 15       15    (0)   :  0.000 0.999 0.000 0.000 
 16       16    (0)   :  0.000 0.998 0.000 0.001 
 17       17    (0)   :  0.000 0.999 0.000 0.000 
 18       18    (0)   :  0.000 0.999 0.000 0.000 
 19       19    (0)   :  0.000 0.999 0.000 0.000 
 20       20    (0)   :  0.000 0.998 0.000 0.001 
 21      h01    (0)   :  0.000 0.517 0.483 0.000 
 22      h02    (0)   :  0.000 0.504 0.496 0.000 
 23      h03    (0)   :  0.000 0.499 0.500 0.000 
 24      h04    (0)   :  0.000 0.504 0.496 0.000 
 25      h05    (0)   :  0.000 0.504 0.495 0.000 
 26      h06    (0)   :  0.000 0.500 0.499 0.000 
 27      h07    (0)   :  0.000 0.507 0.492 0.000 
 28      h08    (0)   :  0.000 0.495 0.505 0.000 
 29      h09    (0)   :  0.000 0.506 0.493 0.000 
 30      h10    (0)   :  0.000 0.524 0.475 0.000 
 31       21    (0)   :  0.000 0.000 0.000 0.999 
 32       22    (0)   :  0.000 0.000 0.000 0.999 
 33       23    (0)   :  0.000 0.000 0.000 0.999 
 34       24    (0)   :  0.000 0.000 0.000 0.999 
 35       25    (0)   :  0.000 0.000 0.000 0.999 
 36       26    (0)   :  0.001 0.000 0.001 0.998 
 37       27    (0)   :  0.001 0.000 0.000 0.998 
 38       28    (0)   :  0.000 0.000 0.000 0.999 
 39       29    (0)   :  0.000 0.000 0.000 0.999 
 40       30    (0)   :  0.000 0.000 0.000 0.999 
 41       31    (0)   :  0.999 0.000 0.000 0.001 
 42       32    (0)   :  0.999 0.000 0.000 0.000 
 43       33    (0)   :  0.999 0.000 0.001 0.000 
 44       34    (0)   :  0.999 0.001 0.000 0.000 
 45       35    (0)   :  0.998 0.000 0.000 0.001 
 46       36    (0)   :  0.999 0.000 0.000 0.000 
 47       37    (0)   :  0.999 0.000 0.000 0.000 
 48       38    (0)   :  0.999 0.000 0.000 0.000 
 49       39    (0)   :  0.999 0.001 0.000 0.000 
 50       40    (0)   :  0.999 0.000 0.001 0.000 


Estimated Allele Frequencies in each cluster
First column gives estimated ancestral frequencies


Locus 1 : locus1 
25 alleles
0.0% missing data
   1   (0.045) 0.086 0.007 0.035 0.013 
   2   (0.076) 0.204 0.016 0.262 0.022 
   3   (0.039) 0.010 0.010 0.114 0.012 
   4   (0.058) 0.089 0.013 0.146 0.017 
   5   (0.042) 0.011 0.010 0.144 0.013 
   6   (0.054) 0.235 0.008 0.037 0.016 
   7   (0.046) 0.049 0.007 0.036 0.014 
   8   (0.060) 0.126 0.009 0.066 0.018 
   9   (0.034) 0.009 0.008 0.059 0.010 
  10   (0.040) 0.010 0.140 0.013 0.012 
  11   (0.041) 0.011 0.313 0.010 0.012 
  12   (0.034) 0.009 0.146 0.006 0.010 
  13   (0.029) 0.008 0.032 0.005 0.009 
  14   (0.031) 0.008 0.033 0.005 0.009 
  15   (0.038) 0.010 0.170 0.011 0.011 
  16   (0.033) 0.009 0.033 0.005 0.010 
  17   (0.032) 0.008 0.005 0.005 0.115 
  18   (0.029) 0.008 0.004 0.005 0.044 
  19   (0.041) 0.011 0.006 0.007 0.222 
  20   (0.030) 0.008 0.004 0.005 0.044 
  21   (0.039) 0.010 0.006 0.006 0.152 
  22   (0.036) 0.010 0.005 0.006 0.081 
  23   (0.035) 0.009 0.005 0.006 0.081 
  24   (0.029) 0.008 0.004 0.005 0.044 
  25   (0.031) 0.045 0.005 0.005 0.009 

Locus 2 : locus2 
23 alleles
0.0% missing data
   1   (0.068) 0.018 0.014 0.179 0.161 
   2   (0.073) 0.056 0.014 0.094 0.092 
   3   (0.090) 0.208 0.013 0.158 0.097 
   4   (0.062) 0.016 0.015 0.119 0.088 
   5   (0.037) 0.010 0.005 0.092 0.011 
   6   (0.062) 0.201 0.019 0.085 0.019 
   7   (0.057) 0.015 0.022 0.109 0.052 
   8   (0.033) 0.009 0.005 0.063 0.010 
   9   (0.034) 0.009 0.143 0.007 0.010 
  10   (0.038) 0.010 0.141 0.009 0.011 
  11   (0.040) 0.011 0.224 0.010 0.012 
  12   (0.037) 0.010 0.115 0.008 0.011 
  13   (0.038) 0.010 0.141 0.010 0.012 
  14   (0.037) 0.010 0.086 0.008 0.011 
  15   (0.040) 0.010 0.006 0.006 0.222 
  16   (0.030) 0.008 0.004 0.005 0.044 
  17   (0.030) 0.008 0.004 0.005 0.044 
  18   (0.029) 0.008 0.004 0.005 0.044 
  19   (0.038) 0.158 0.006 0.006 0.011 
  20   (0.029) 0.044 0.004 0.005 0.009 
  21   (0.035) 0.083 0.005 0.006 0.010 
  22   (0.029) 0.044 0.004 0.005 0.009 
  23   (0.032) 0.045 0.005 0.005 0.010 

Locus 3 : locus3 
18 alleles
0.0% missing data
   1   (0.096) 0.320 0.019 0.097 0.063 
   2   (0.072) 0.167 0.014 0.094 0.022 
   3   (0.072) 0.019 0.015 0.179 0.092 
   4   (0.093) 0.025 0.063 0.335 0.063 
   5   (0.063) 0.017 0.011 0.180 0.054 
   6   (0.071) 0.019 0.256 0.016 0.056 
   7   (0.072) 0.019 0.310 0.019 0.056 
   8   (0.058) 0.016 0.089 0.013 0.053 
   9   (0.036) 0.009 0.061 0.006 0.011 
  10   (0.058) 0.015 0.036 0.009 0.088 
  11   (0.041) 0.011 0.087 0.009 0.012 
  12   (0.048) 0.013 0.007 0.008 0.189 
  13   (0.038) 0.010 0.006 0.006 0.082 
  14   (0.032) 0.009 0.005 0.005 0.045 
  15   (0.034) 0.009 0.005 0.006 0.045 
  16   (0.032) 0.009 0.005 0.005 0.045 
  17   (0.046) 0.233 0.007 0.007 0.014 
  18   (0.037) 0.083 0.005 0.006 0.011 

Locus 4 : locus4 
23 alleles
0.0% missing data
   1   (0.040) 0.011 0.009 0.144 0.012 
   2   (0.044) 0.011 0.012 0.283 0.013 
   3   (0.040) 0.010 0.010 0.058 0.012 
   4   (0.036) 0.010 0.005 0.090 0.011 
   5   (0.041) 0.011 0.009 0.172 0.012 
   6   (0.053) 0.051 0.008 0.065 0.016 
   7   (0.054) 0.088 0.008 0.064 0.016 
   8   (0.033) 0.009 0.062 0.005 0.010 
   9   (0.041) 0.011 0.228 0.011 0.012 
  10   (0.036) 0.010 0.088 0.008 0.011 
  11   (0.052) 0.014 0.064 0.008 0.051 
  12   (0.030) 0.008 0.033 0.005 0.009 
  13   (0.035) 0.009 0.058 0.009 0.011 
  14   (0.040) 0.011 0.314 0.009 0.012 
  15   (0.031) 0.008 0.033 0.005 0.009 
  16   (0.044) 0.012 0.007 0.007 0.259 
  17   (0.060) 0.127 0.009 0.009 0.123 
  18   (0.062) 0.127 0.009 0.010 0.088 
  19   (0.063) 0.053 0.009 0.010 0.230 
  20   (0.056) 0.125 0.008 0.009 0.052 
  21   (0.035) 0.083 0.005 0.005 0.010 
  22   (0.035) 0.083 0.005 0.006 0.011 
  23   (0.038) 0.121 0.006 0.006 0.011 

Locus 5 : locus5 
25 alleles
0.0% missing data
   1   (0.029) 0.008 0.004 0.033 0.009 
   2   (0.035) 0.009 0.005 0.090 0.010 
   3   (0.032) 0.008 0.006 0.116 0.010 
   4   (0.061) 0.016 0.012 0.120 0.194 
   5   (0.038) 0.010 0.009 0.228 0.011 
   6   (0.034) 0.009 0.011 0.139 0.010 
   7   (0.052) 0.014 0.013 0.060 0.121 
   8   (0.032) 0.009 0.008 0.058 0.010 
   9   (0.053) 0.014 0.008 0.036 0.156 
  10   (0.051) 0.050 0.146 0.012 0.015 
  11   (0.045) 0.122 0.035 0.007 0.013 
  12   (0.045) 0.122 0.035 0.007 0.013 
  13   (0.069) 0.239 0.229 0.019 0.021 
  14   (0.042) 0.048 0.034 0.007 0.013 
  15   (0.033) 0.009 0.117 0.007 0.010 
  16   (0.030) 0.008 0.033 0.005 0.009 
  17   (0.040) 0.047 0.034 0.006 0.012 
  18   (0.053) 0.161 0.090 0.011 0.016 
  19   (0.051) 0.050 0.145 0.012 0.015 
  20   (0.035) 0.009 0.005 0.006 0.116 
  21   (0.028) 0.007 0.004 0.004 0.043 
  22   (0.029) 0.008 0.004 0.005 0.044 
  23   (0.028) 0.007 0.004 0.004 0.043 
  24   (0.028) 0.007 0.004 0.004 0.043 
  25   (0.028) 0.007 0.004 0.004 0.043 

Locus 6 : locus6 
25 alleles
0.0% missing data
   1   (0.029) 0.008 0.004 0.032 0.009 
   2   (0.036) 0.009 0.005 0.062 0.011 
   3   (0.033) 0.009 0.006 0.115 0.010 
   4   (0.033) 0.009 0.006 0.115 0.010 
   5   (0.039) 0.010 0.010 0.113 0.012 
   6   (0.034) 0.009 0.009 0.198 0.010 
   7   (0.035) 0.009 0.008 0.142 0.010 
   8   (0.033) 0.009 0.008 0.058 0.010 
   9   (0.031) 0.008 0.005 0.033 0.009 
  10   (0.037) 0.010 0.145 0.009 0.011 
  11   (0.073) 0.277 0.209 0.013 0.022 
  12   (0.106) 0.249 0.409 0.024 0.102 
  13   (0.068) 0.165 0.084 0.022 0.020 
  14   (0.052) 0.014 0.036 0.008 0.121 
  15   (0.031) 0.008 0.005 0.005 0.080 
  16   (0.034) 0.009 0.005 0.005 0.080 
  17   (0.030) 0.008 0.005 0.005 0.044 
  18   (0.031) 0.008 0.005 0.005 0.044 
  19   (0.032) 0.008 0.005 0.005 0.044 
  20   (0.033) 0.009 0.005 0.005 0.080 
  21   (0.033) 0.009 0.005 0.005 0.115 
  22   (0.030) 0.008 0.005 0.005 0.079 
  23   (0.047) 0.049 0.007 0.008 0.049 
  24   (0.031) 0.045 0.005 0.005 0.009 
  25   (0.027) 0.044 0.004 0.004 0.008 

Locus 7 : locus7 
23 alleles
0.0% missing data
   1   (0.033) 0.009 0.006 0.144 0.010 
   2   (0.041) 0.011 0.013 0.196 0.012 
   3   (0.030) 0.008 0.005 0.033 0.009 
   4   (0.037) 0.010 0.009 0.142 0.011 
   5   (0.038) 0.010 0.009 0.143 0.011 
   6   (0.031) 0.008 0.005 0.033 0.009 
   7   (0.070) 0.055 0.104 0.058 0.021 
   8   (0.088) 0.171 0.232 0.051 0.026 
   9   (0.031) 0.008 0.005 0.061 0.009 
  10   (0.028) 0.007 0.004 0.032 0.008 
  11   (0.033) 0.009 0.033 0.005 0.010 
  12   (0.030) 0.008 0.062 0.005 0.009 
  13   (0.061) 0.016 0.037 0.010 0.299 
  14   (0.059) 0.089 0.286 0.016 0.018 
  15   (0.070) 0.313 0.092 0.015 0.021 
  16   (0.060) 0.016 0.060 0.015 0.158 
  17   (0.053) 0.051 0.008 0.008 0.086 
  18   (0.031) 0.008 0.005 0.005 0.079 
  19   (0.030) 0.008 0.004 0.005 0.044 
  20   (0.049) 0.086 0.007 0.008 0.049 
  21   (0.032) 0.008 0.005 0.005 0.044 
  22   (0.031) 0.008 0.005 0.005 0.044 
  23   (0.035) 0.083 0.005 0.006 0.010 

Locus 8 : locus8 
26 alleles
0.0% missing data
   1   (0.058) 0.015 0.055 0.295 0.017 
   2   (0.026) 0.007 0.004 0.032 0.008 
   3   (0.041) 0.011 0.012 0.166 0.012 
   4   (0.035) 0.009 0.008 0.086 0.011 
   5   (0.035) 0.009 0.009 0.057 0.010 
   6   (0.035) 0.009 0.008 0.169 0.011 
   7   (0.028) 0.007 0.004 0.032 0.008 
   8   (0.053) 0.014 0.084 0.045 0.016 
   9   (0.056) 0.051 0.149 0.013 0.017 
  10   (0.039) 0.010 0.262 0.010 0.012 
  11   (0.037) 0.010 0.147 0.009 0.011 
  12   (0.030) 0.008 0.091 0.005 0.009 
  13   (0.030) 0.008 0.062 0.005 0.009 
  14   (0.031) 0.008 0.034 0.005 0.009 
  15   (0.035) 0.009 0.005 0.005 0.081 
  16   (0.033) 0.009 0.005 0.005 0.080 
  17   (0.036) 0.010 0.005 0.006 0.081 
  18   (0.034) 0.009 0.005 0.005 0.185 
  19   (0.052) 0.161 0.008 0.008 0.050 
  20   (0.029) 0.008 0.004 0.005 0.044 
  21   (0.053) 0.051 0.008 0.008 0.121 
  22   (0.033) 0.009 0.005 0.005 0.080 
  23   (0.057) 0.199 0.009 0.009 0.087 
  24   (0.036) 0.157 0.006 0.006 0.011 
  25   (0.029) 0.081 0.004 0.005 0.009 
  26   (0.037) 0.120 0.006 0.006 0.011 

Locus 9 : locus9 
21 alleles
0.0% missing data
   1   (0.051) 0.050 0.010 0.120 0.015 
   2   (0.052) 0.050 0.010 0.120 0.015 
   3   (0.082) 0.169 0.014 0.182 0.059 
   4   (0.058) 0.015 0.011 0.121 0.087 
   5   (0.073) 0.204 0.021 0.143 0.022 
   6   (0.102) 0.175 0.042 0.074 0.101 
   7   (0.036) 0.009 0.009 0.059 0.011 
   8   (0.054) 0.014 0.017 0.084 0.051 
   9   (0.053) 0.014 0.118 0.011 0.051 
  10   (0.041) 0.011 0.229 0.008 0.012 
  11   (0.038) 0.010 0.142 0.009 0.011 
  12   (0.033) 0.009 0.061 0.005 0.010 
  13   (0.039) 0.010 0.113 0.011 0.012 
  14   (0.038) 0.010 0.139 0.012 0.011 
  15   (0.032) 0.008 0.033 0.005 0.009 
  16   (0.031) 0.008 0.005 0.005 0.080 
  17   (0.030) 0.008 0.005 0.005 0.044 
  18   (0.034) 0.009 0.005 0.005 0.115 
  19   (0.035) 0.009 0.005 0.006 0.116 
  20   (0.060) 0.163 0.009 0.010 0.158 
  21   (0.029) 0.044 0.004 0.005 0.009 

Locus 10 : locus10 
22 alleles
0.0% missing data
   1   (0.049) 0.087 0.007 0.036 0.015 
   2   (0.055) 0.051 0.011 0.204 0.016 
   3   (0.033) 0.009 0.008 0.058 0.010 
   4   (0.059) 0.126 0.011 0.120 0.017 
   5   (0.054) 0.088 0.010 0.148 0.016 
   6   (0.058) 0.015 0.014 0.061 0.158 
   7   (0.053) 0.050 0.016 0.140 0.016 
   8   (0.057) 0.126 0.012 0.090 0.017 
   9   (0.043) 0.048 0.006 0.035 0.013 
  10   (0.042) 0.011 0.034 0.007 0.048 
  11   (0.068) 0.018 0.260 0.015 0.160 
  12   (0.034) 0.009 0.146 0.007 0.010 
  13   (0.040) 0.011 0.200 0.010 0.012 
  14   (0.054) 0.014 0.059 0.014 0.086 
  15   (0.055) 0.015 0.065 0.009 0.122 
  16   (0.058) 0.015 0.059 0.014 0.158 
  17   (0.034) 0.009 0.058 0.009 0.010 
  18   (0.028) 0.007 0.004 0.005 0.043 
  19   (0.031) 0.008 0.005 0.005 0.044 
  20   (0.030) 0.081 0.004 0.005 0.009 
  21   (0.030) 0.082 0.004 0.005 0.009 
  22   (0.035) 0.120 0.005 0.006 0.010 

Locus 11 : locus11 
24 alleles
0.0% missing data
   1   (0.066) 0.017 0.288 0.127 0.020 
   2   (0.058) 0.015 0.014 0.201 0.052 
   3   (0.053) 0.014 0.010 0.118 0.051 
   4   (0.069) 0.018 0.189 0.142 0.021 
   5   (0.056) 0.015 0.010 0.119 0.052 
   6   (0.049) 0.013 0.007 0.036 0.085 
   7   (0.038) 0.010 0.009 0.143 0.011 
   8   (0.033) 0.009 0.058 0.009 0.010 
   9   (0.029) 0.008 0.089 0.005 0.009 
  10   (0.072) 0.276 0.142 0.022 0.021 
  11   (0.039) 0.010 0.089 0.009 0.012 
  12   (0.031) 0.008 0.033 0.005 0.009 
  13   (0.041) 0.011 0.006 0.006 0.257 
  14   (0.032) 0.009 0.005 0.005 0.045 
  15   (0.030) 0.008 0.005 0.005 0.044 
  16   (0.031) 0.008 0.005 0.005 0.044 
  17   (0.040) 0.010 0.006 0.006 0.152 
  18   (0.029) 0.008 0.004 0.005 0.044 
  19   (0.036) 0.083 0.005 0.006 0.011 
  20   (0.038) 0.158 0.006 0.006 0.011 
  21   (0.036) 0.120 0.005 0.006 0.011 
  22   (0.034) 0.083 0.005 0.005 0.010 
  23   (0.031) 0.045 0.005 0.005 0.009 
  24   (0.030) 0.045 0.005 0.005 0.009 

Locus 12 : locus12 
24 alleles
0.0% missing data
   1   (0.032) 0.008 0.005 0.089 0.010 
   2   (0.057) 0.200 0.009 0.093 0.017 
   3   (0.034) 0.009 0.009 0.057 0.010 
   4   (0.066) 0.091 0.020 0.307 0.020 
   5   (0.058) 0.051 0.011 0.259 0.017 
   6   (0.035) 0.009 0.009 0.058 0.010 
   7   (0.064) 0.017 0.235 0.013 0.124 
   8   (0.051) 0.013 0.120 0.010 0.050 
   9   (0.047) 0.012 0.035 0.007 0.085 
  10   (0.052) 0.014 0.091 0.011 0.086 
  11   (0.037) 0.010 0.174 0.008 0.011 
  12   (0.051) 0.013 0.116 0.013 0.050 
  13   (0.056) 0.015 0.060 0.013 0.157 
  14   (0.055) 0.014 0.060 0.013 0.121 
  15   (0.028) 0.007 0.004 0.004 0.044 
  16   (0.032) 0.008 0.005 0.005 0.115 
  17   (0.032) 0.082 0.005 0.005 0.010 
  18   (0.032) 0.082 0.005 0.005 0.010 
  19   (0.030) 0.045 0.005 0.005 0.009 
  20   (0.033) 0.082 0.005 0.005 0.010 
  21   (0.031) 0.082 0.005 0.005 0.009 
  22   (0.029) 0.044 0.004 0.005 0.009 
  23   (0.033) 0.045 0.005 0.005 0.010 
  24   (0.027) 0.044 0.004 0.004 0.008 

Locus 13 : locus13 
21 alleles
0.0% missing data
   1   (0.037) 0.010 0.009 0.143 0.011 
   2   (0.038) 0.010 0.007 0.145 0.011 
   3   (0.036) 0.009 0.009 0.058 0.011 
   4   (0.033) 0.009 0.006 0.116 0.010 
   5   (0.036) 0.010 0.008 0.171 0.011 
   6   (0.054) 0.088 0.013 0.060 0.016 
   7   (0.032) 0.008 0.005 0.033 0.010 
   8   (0.036) 0.010 0.009 0.113 0.011 
   9   (0.046) 0.049 0.007 0.035 0.014 
  10   (0.087) 0.059 0.178 0.019 0.131 
  11   (0.081) 0.095 0.209 0.015 0.059 
  12   (0.064) 0.090 0.229 0.018 0.019 
  13   (0.079) 0.095 0.148 0.018 0.059 
  14   (0.064) 0.017 0.121 0.013 0.089 
  15   (0.072) 0.313 0.011 0.012 0.162 
  16   (0.034) 0.009 0.005 0.005 0.045 
  17   (0.033) 0.009 0.005 0.005 0.080 
  18   (0.036) 0.010 0.005 0.006 0.081 
  19   (0.034) 0.009 0.005 0.005 0.115 
  20   (0.034) 0.009 0.005 0.005 0.045 
  21   (0.033) 0.083 0.005 0.005 0.010 

Locus 14 : locus14 
23 alleles
0.0% missing data
   1   (0.041) 0.011 0.008 0.200 0.012 
   2   (0.041) 0.011 0.012 0.225 0.012 
   3   (0.058) 0.052 0.014 0.144 0.018 
   4   (0.034) 0.009 0.005 0.061 0.010 
   5   (0.035) 0.009 0.005 0.061 0.011 
   6   (0.038) 0.010 0.008 0.171 0.011 
   7   (0.070) 0.019 0.206 0.015 0.126 
   8   (0.076) 0.020 0.234 0.017 0.163 
   9   (0.064) 0.017 0.203 0.016 0.089 
  10   (0.055) 0.015 0.120 0.011 0.052 
  11   (0.061) 0.016 0.120 0.012 0.088 
  12   (0.038) 0.010 0.006 0.006 0.081 
  13   (0.035) 0.009 0.005 0.005 0.045 
  14   (0.035) 0.009 0.005 0.006 0.116 
  15   (0.037) 0.010 0.006 0.006 0.081 
  16   (0.037) 0.157 0.006 0.006 0.011 
  17   (0.037) 0.083 0.006 0.006 0.011 
  18   (0.037) 0.157 0.006 0.006 0.011 
  19   (0.038) 0.120 0.006 0.006 0.011 
  20   (0.038) 0.121 0.006 0.006 0.011 
  21   (0.028) 0.044 0.004 0.004 0.008 
  22   (0.035) 0.046 0.005 0.006 0.011 
  23   (0.031) 0.045 0.005 0.005 0.009 

Locus 15 : locus15 
20 alleles
0.0% missing data
   1   (0.080) 0.058 0.067 0.153 0.024 
   2   (0.029) 0.008 0.005 0.032 0.009 
   3   (0.051) 0.014 0.051 0.049 0.015 
   4   (0.074) 0.019 0.013 0.176 0.197 
   5   (0.042) 0.011 0.010 0.225 0.012 
   6   (0.038) 0.010 0.010 0.057 0.011 
   7   (0.035) 0.009 0.005 0.061 0.011 
   8   (0.043) 0.011 0.014 0.137 0.013 
   9   (0.092) 0.098 0.243 0.016 0.097 
  10   (0.068) 0.018 0.290 0.018 0.090 
  11   (0.064) 0.127 0.122 0.012 0.019 
  12   (0.032) 0.008 0.033 0.005 0.010 
  13   (0.037) 0.010 0.090 0.008 0.011 
  14   (0.040) 0.010 0.006 0.006 0.117 
  15   (0.059) 0.089 0.009 0.009 0.123 
  16   (0.038) 0.010 0.006 0.006 0.082 
  17   (0.030) 0.008 0.005 0.005 0.044 
  18   (0.057) 0.200 0.009 0.009 0.052 
  19   (0.059) 0.236 0.009 0.009 0.053 
  20   (0.032) 0.045 0.005 0.005 0.009 

Locus 16 : locus16 
25 alleles
0.0% missing data
   1   (0.056) 0.051 0.011 0.115 0.017 
   2   (0.035) 0.009 0.008 0.085 0.011 
   3   (0.028) 0.007 0.004 0.031 0.008 
   4   (0.063) 0.017 0.083 0.239 0.019 
   5   (0.054) 0.014 0.045 0.138 0.016 
   6   (0.034) 0.009 0.005 0.032 0.010 
   7   (0.038) 0.010 0.011 0.164 0.011 
   8   (0.063) 0.017 0.187 0.089 0.019 
   9   (0.042) 0.011 0.119 0.011 0.012 
  10   (0.033) 0.009 0.093 0.005 0.010 
  11   (0.038) 0.010 0.209 0.008 0.011 
  12   (0.062) 0.016 0.154 0.011 0.089 
  13   (0.041) 0.011 0.006 0.006 0.223 
  14   (0.040) 0.011 0.006 0.006 0.187 
  15   (0.034) 0.009 0.005 0.005 0.080 
  16   (0.034) 0.009 0.005 0.005 0.115 
  17   (0.028) 0.007 0.004 0.004 0.043 
  18   (0.029) 0.008 0.004 0.004 0.044 
  19   (0.042) 0.342 0.007 0.006 0.013 
  20   (0.036) 0.083 0.006 0.006 0.011 
  21   (0.036) 0.083 0.006 0.006 0.011 
  22   (0.035) 0.120 0.005 0.005 0.011 
  23   (0.033) 0.046 0.005 0.005 0.010 
  24   (0.032) 0.045 0.005 0.005 0.009 
  25   (0.035) 0.046 0.005 0.005 0.011 

Locus 17 : locus17 
22 alleles
0.0% missing data
   1   (0.078) 0.057 0.020 0.177 0.093 
   2   (0.029) 0.008 0.004 0.033 0.009 
   3   (0.050) 0.013 0.007 0.037 0.085 
   4   (0.059) 0.016 0.191 0.106 0.018 
   5   (0.052) 0.014 0.049 0.137 0.016 
   6   (0.061) 0.016 0.092 0.095 0.018 
   7   (0.050) 0.087 0.007 0.037 0.015 
   8   (0.061) 0.016 0.084 0.276 0.018 
   9   (0.038) 0.010 0.223 0.011 0.011 
  10   (0.032) 0.008 0.032 0.005 0.009 
  11   (0.034) 0.009 0.061 0.006 0.010 
  12   (0.036) 0.010 0.115 0.007 0.011 
  13   (0.037) 0.010 0.057 0.010 0.011 
  14   (0.033) 0.009 0.005 0.005 0.150 
  15   (0.032) 0.008 0.005 0.005 0.080 
  16   (0.050) 0.087 0.007 0.008 0.050 
  17   (0.028) 0.007 0.004 0.005 0.044 
  18   (0.055) 0.088 0.008 0.009 0.087 
  19   (0.059) 0.274 0.009 0.010 0.052 
  20   (0.064) 0.238 0.010 0.010 0.124 
  21   (0.031) 0.008 0.005 0.005 0.044 
  22   (0.029) 0.008 0.004 0.005 0.044 

Locus 18 : locus18 
24 alleles
0.0% missing data
   1   (0.037) 0.010 0.007 0.118 0.011 
   2   (0.036) 0.010 0.005 0.091 0.011 
   3   (0.057) 0.015 0.008 0.037 0.088 
   4   (0.076) 0.020 0.017 0.234 0.163 
   5   (0.073) 0.019 0.021 0.142 0.127 
   6   (0.077) 0.020 0.017 0.148 0.268 
   7   (0.035) 0.009 0.008 0.059 0.010 
   8   (0.036) 0.010 0.005 0.062 0.011 
   9   (0.037) 0.010 0.172 0.008 0.011 
  10   (0.043) 0.011 0.284 0.010 0.013 
  11   (0.039) 0.010 0.088 0.009 0.012 
  12   (0.042) 0.011 0.169 0.012 0.013 
  13   (0.042) 0.011 0.058 0.011 0.012 
  14   (0.029) 0.008 0.032 0.005 0.009 
  15   (0.031) 0.008 0.033 0.005 0.009 
  16   (0.033) 0.009 0.033 0.005 0.010 
  17   (0.035) 0.009 0.005 0.006 0.116 
  18   (0.030) 0.008 0.004 0.005 0.044 
  19   (0.042) 0.379 0.006 0.007 0.012 
  20   (0.038) 0.120 0.006 0.006 0.011 
  21   (0.037) 0.120 0.006 0.006 0.011 
  22   (0.035) 0.083 0.005 0.006 0.010 
  23   (0.030) 0.045 0.004 0.005 0.009 
  24   (0.032) 0.045 0.005 0.005 0.009 

Locus 19 : locus19 
25 alleles
0.0% missing data
   1   (0.064) 0.017 0.013 0.176 0.124 
   2   (0.049) 0.013 0.007 0.036 0.120 
   3   (0.027) 0.007 0.004 0.033 0.008 
   4   (0.027) 0.007 0.004 0.089 0.008 
   5   (0.035) 0.009 0.007 0.089 0.011 
   6   (0.034) 0.009 0.011 0.141 0.010 
   7   (0.057) 0.015 0.013 0.060 0.192 
   8   (0.052) 0.014 0.016 0.141 0.050 
   9   (0.054) 0.014 0.008 0.094 0.086 
  10   (0.052) 0.014 0.008 0.036 0.121 
  11   (0.037) 0.010 0.143 0.009 0.011 
  12   (0.029) 0.008 0.033 0.005 0.009 
  13   (0.030) 0.008 0.061 0.005 0.009 
  14   (0.049) 0.087 0.035 0.008 0.015 
  15   (0.028) 0.008 0.032 0.005 0.008 
  16   (0.059) 0.274 0.036 0.010 0.018 
  17   (0.031) 0.008 0.058 0.008 0.009 
  18   (0.033) 0.009 0.116 0.007 0.010 
  19   (0.043) 0.011 0.282 0.012 0.013 
  20   (0.055) 0.088 0.089 0.012 0.016 
  21   (0.031) 0.008 0.005 0.005 0.079 
  22   (0.026) 0.007 0.004 0.004 0.043 
  23   (0.034) 0.119 0.005 0.005 0.010 
  24   (0.031) 0.045 0.005 0.005 0.009 
  25   (0.034) 0.193 0.005 0.005 0.010 

Locus 20 : locus20 
25 alleles
0.0% missing data
   1   (0.037) 0.010 0.009 0.142 0.011 
   2   (0.055) 0.014 0.112 0.075 0.016 
   3   (0.053) 0.014 0.013 0.059 0.121 
   4   (0.065) 0.017 0.046 0.114 0.055 
   5   (0.077) 0.020 0.080 0.305 0.058 
   6   (0.052) 0.014 0.065 0.148 0.016 
   7   (0.047) 0.013 0.050 0.048 0.014 
   8   (0.064) 0.091 0.262 0.016 0.019 
   9   (0.035) 0.009 0.119 0.007 0.010 
  10   (0.034) 0.009 0.118 0.007 0.010 
  11   (0.048) 0.013 0.060 0.012 0.049 
  12   (0.036) 0.009 0.005 0.006 0.116 
  13   (0.029) 0.008 0.004 0.005 0.079 
  14   (0.035) 0.009 0.005 0.005 0.116 
  15   (0.029) 0.008 0.004 0.005 0.079 
  16   (0.028) 0.007 0.004 0.004 0.043 
  17   (0.032) 0.009 0.005 0.005 0.080 
  18   (0.024) 0.006 0.004 0.004 0.042 
  19   (0.033) 0.156 0.005 0.005 0.010 
  20   (0.034) 0.230 0.005 0.005 0.010 
  21   (0.031) 0.082 0.005 0.005 0.009 
  22   (0.034) 0.083 0.005 0.005 0.010 
  23   (0.032) 0.082 0.005 0.005 0.010 
  24   (0.028) 0.044 0.004 0.004 0.008 
  25   (0.029) 0.045 0.004 0.005 0.009 

Locus 21 : locus21 
21 alleles
0.0% missing data
   1   (0.069) 0.129 0.018 0.229 0.021 
   2   (0.085) 0.059 0.019 0.234 0.095 
   3   (0.034) 0.009 0.005 0.090 0.010 
   4   (0.109) 0.102 0.084 0.118 0.138 
   5   (0.071) 0.092 0.013 0.122 0.056 
   6   (0.031) 0.008 0.005 0.033 0.009 
   7   (0.036) 0.009 0.009 0.059 0.011 
   8   (0.034) 0.009 0.255 0.009 0.010 
   9   (0.037) 0.010 0.058 0.010 0.011 
  10   (0.045) 0.012 0.035 0.007 0.084 
  11   (0.036) 0.009 0.173 0.007 0.011 
  12   (0.036) 0.010 0.143 0.009 0.011 
  13   (0.077) 0.094 0.083 0.024 0.058 
  14   (0.031) 0.008 0.033 0.005 0.009 
  15   (0.044) 0.086 0.035 0.007 0.013 
  16   (0.034) 0.009 0.005 0.005 0.080 
  17   (0.063) 0.090 0.009 0.010 0.264 
  18   (0.032) 0.008 0.005 0.005 0.080 
  19   (0.032) 0.082 0.005 0.005 0.010 
  20   (0.035) 0.120 0.005 0.006 0.010 
  21   (0.030) 0.044 0.004 0.005 0.009 

Locus 22 : locus22 
24 alleles
0.0% missing data
   1   (0.038) 0.010 0.013 0.138 0.012 
   2   (0.028) 0.007 0.004 0.088 0.008 
   3   (0.040) 0.010 0.008 0.116 0.012 
   4   (0.058) 0.015 0.181 0.092 0.017 
   5   (0.034) 0.009 0.008 0.142 0.010 
   6   (0.057) 0.089 0.012 0.089 0.017 
   7   (0.032) 0.008 0.008 0.057 0.010 
   8   (0.033) 0.009 0.007 0.115 0.010 
   9   (0.074) 0.020 0.087 0.049 0.093 
  10   (0.051) 0.013 0.091 0.011 0.050 
  11   (0.046) 0.012 0.064 0.007 0.048 
  12   (0.040) 0.010 0.262 0.009 0.012 
  13   (0.061) 0.016 0.061 0.015 0.159 
  14   (0.054) 0.014 0.037 0.008 0.192 
  15   (0.054) 0.014 0.085 0.017 0.051 
  16   (0.030) 0.008 0.033 0.005 0.009 
  17   (0.034) 0.009 0.005 0.005 0.115 
  18   (0.030) 0.008 0.004 0.005 0.079 
  19   (0.030) 0.008 0.004 0.005 0.044 
  20   (0.037) 0.230 0.006 0.006 0.011 
  21   (0.031) 0.045 0.005 0.005 0.009 
  22   (0.037) 0.194 0.006 0.006 0.011 
  23   (0.031) 0.045 0.005 0.005 0.009 
  24   (0.039) 0.194 0.006 0.006 0.012 

Locus 23 : locus23 
18 alleles
0.0% missing data
   1   (0.109) 0.102 0.266 0.163 0.033 
   2   (0.091) 0.060 0.112 0.254 0.027 
   3   (0.093) 0.099 0.058 0.224 0.028 
   4   (0.042) 0.011 0.008 0.203 0.013 
   5   (0.052) 0.051 0.008 0.037 0.015 
   6   (0.072) 0.166 0.091 0.015 0.022 
   7   (0.073) 0.130 0.171 0.020 0.022 
   8   (0.067) 0.091 0.175 0.015 0.020 
   9   (0.058) 0.052 0.060 0.014 0.017 
  10   (0.037) 0.010 0.005 0.006 0.116 
  11   (0.046) 0.012 0.007 0.007 0.189 
  12   (0.032) 0.008 0.005 0.005 0.044 
  13   (0.038) 0.010 0.006 0.006 0.081 
  14   (0.035) 0.009 0.005 0.006 0.046 
  15   (0.040) 0.011 0.006 0.007 0.152 
  16   (0.038) 0.010 0.006 0.006 0.082 
  17   (0.035) 0.009 0.005 0.006 0.081 
  18   (0.040) 0.158 0.006 0.007 0.012 

Locus 24 : locus24 
18 alleles
0.0% missing data
   1   (0.041) 0.011 0.007 0.146 0.012 
   2   (0.037) 0.010 0.006 0.034 0.011 
   3   (0.040) 0.011 0.008 0.089 0.012 
   4   (0.042) 0.011 0.008 0.146 0.012 
   5   (0.096) 0.025 0.023 0.344 0.169 
   6   (0.068) 0.018 0.010 0.039 0.266 
   7   (0.062) 0.053 0.019 0.084 0.019 
   8   (0.081) 0.132 0.288 0.019 0.024 
   9   (0.102) 0.174 0.237 0.021 0.065 
  10   (0.042) 0.011 0.144 0.010 0.012 
  11   (0.070) 0.018 0.091 0.015 0.126 
  12   (0.055) 0.088 0.036 0.009 0.017 
  13   (0.042) 0.011 0.089 0.009 0.013 
  14   (0.068) 0.165 0.010 0.011 0.090 
  15   (0.043) 0.011 0.006 0.007 0.118 
  16   (0.038) 0.084 0.006 0.006 0.011 
  17   (0.040) 0.121 0.006 0.006 0.012 
  18   (0.033) 0.045 0.005 0.005 0.010 

Locus 25 : locus25 
24 alleles
0.0% missing data
   1   (0.039) 0.010 0.008 0.115 0.012 
   2   (0.037) 0.010 0.010 0.250 0.011 
   3   (0.084) 0.022 0.066 0.236 0.095 
   4   (0.035) 0.009 0.006 0.142 0.010 
   5   (0.085) 0.022 0.064 0.102 0.200 
   6   (0.030) 0.008 0.005 0.032 0.009 
   7   (0.061) 0.016 0.239 0.012 0.088 
   8   (0.036) 0.010 0.178 0.007 0.011 
   9   (0.035) 0.009 0.175 0.009 0.011 
  10   (0.057) 0.015 0.061 0.014 0.122 
  11   (0.058) 0.015 0.092 0.012 0.088 
  12   (0.050) 0.013 0.036 0.008 0.085 
  13   (0.038) 0.010 0.006 0.006 0.116 
  14   (0.028) 0.007 0.004 0.004 0.044 
  15   (0.029) 0.044 0.004 0.005 0.009 
  16   (0.033) 0.082 0.005 0.005 0.010 
  17   (0.041) 0.232 0.006 0.006 0.012 
  18   (0.036) 0.120 0.005 0.006 0.011 
  19   (0.034) 0.083 0.005 0.005 0.010 
  20   (0.029) 0.044 0.004 0.005 0.009 
  21   (0.035) 0.083 0.005 0.005 0.011 
  22   (0.032) 0.045 0.005 0.005 0.010 
  23   (0.030) 0.044 0.005 0.005 0.009 
  24   (0.029) 0.044 0.004 0.005 0.009 

Locus 26 : locus26 
29 alleles
0.0% missing data
   1   (0.033) 0.009 0.007 0.088 0.010 
   2   (0.034) 0.009 0.008 0.144 0.010 
   3   (0.068) 0.018 0.012 0.150 0.196 
   4   (0.029) 0.008 0.004 0.061 0.009 
   5   (0.041) 0.011 0.009 0.314 0.012 
   6   (0.034) 0.009 0.011 0.083 0.010 
   7   (0.048) 0.013 0.007 0.036 0.085 
   8   (0.041) 0.011 0.309 0.013 0.012 
   9   (0.028) 0.008 0.032 0.005 0.008 
  10   (0.035) 0.009 0.090 0.006 0.010 
  11   (0.036) 0.010 0.228 0.009 0.011 
  12   (0.033) 0.009 0.145 0.006 0.010 
  13   (0.035) 0.009 0.033 0.006 0.011 
  14   (0.033) 0.009 0.033 0.005 0.010 
  15   (0.032) 0.009 0.005 0.005 0.080 
  16   (0.029) 0.008 0.004 0.005 0.044 
  17   (0.035) 0.009 0.005 0.006 0.221 
  18   (0.032) 0.008 0.005 0.005 0.079 
  19   (0.032) 0.008 0.005 0.005 0.045 
  20   (0.030) 0.008 0.005 0.005 0.044 
  21   (0.036) 0.231 0.005 0.006 0.011 
  22   (0.031) 0.119 0.005 0.005 0.009 
  23   (0.034) 0.156 0.005 0.005 0.010 
  24   (0.029) 0.081 0.004 0.005 0.009 
  25   (0.029) 0.044 0.004 0.005 0.009 
  26   (0.029) 0.044 0.004 0.005 0.009 
  27   (0.031) 0.045 0.005 0.005 0.009 
  28   (0.034) 0.046 0.005 0.005 0.010 
  29   (0.029) 0.045 0.004 0.005 0.009 

Locus 27 : locus27 
23 alleles
0.0% missing data
   1   (0.035) 0.009 0.008 0.061 0.010 
   2   (0.038) 0.010 0.008 0.149 0.011 
   3   (0.035) 0.009 0.005 0.035 0.011 
   4   (0.036) 0.010 0.007 0.092 0.011 
   5   (0.065) 0.017 0.011 0.184 0.089 
   6   (0.058) 0.015 0.011 0.181 0.052 
   7   (0.064) 0.017 0.201 0.067 0.019 
   8   (0.067) 0.018 0.183 0.088 0.020 
   9   (0.047) 0.049 0.007 0.037 0.014 
  10   (0.033) 0.009 0.056 0.009 0.010 
  11   (0.039) 0.010 0.221 0.010 0.012 
  12   (0.038) 0.010 0.139 0.010 0.011 
  13   (0.040) 0.010 0.056 0.011 0.012 
  14   (0.034) 0.009 0.032 0.006 0.010 
  15   (0.040) 0.011 0.006 0.007 0.258 
  16   (0.066) 0.164 0.009 0.011 0.125 
  17   (0.036) 0.009 0.005 0.006 0.081 
  18   (0.037) 0.010 0.005 0.006 0.116 
  19   (0.058) 0.237 0.008 0.010 0.052 
  20   (0.031) 0.008 0.004 0.005 0.044 
  21   (0.030) 0.045 0.004 0.005 0.009 
  22   (0.034) 0.082 0.005 0.006 0.010 
  23   (0.039) 0.231 0.006 0.006 0.012 

Locus 28 : locus28 
15 alleles
0.0% missing data
   1   (0.046) 0.012 0.009 0.200 0.014 
   2   (0.092) 0.171 0.025 0.227 0.027 
   3   (0.078) 0.020 0.239 0.123 0.023 
   4   (0.064) 0.017 0.010 0.122 0.054 
   5   (0.054) 0.014 0.008 0.036 0.051 
   6   (0.058) 0.015 0.009 0.037 0.088 
   7   (0.093) 0.025 0.023 0.117 0.308 
   8   (0.062) 0.016 0.116 0.045 0.018 
   9   (0.043) 0.011 0.150 0.007 0.013 
  10   (0.041) 0.011 0.119 0.008 0.012 
  11   (0.097) 0.210 0.064 0.022 0.064 
  12   (0.085) 0.354 0.095 0.017 0.025 
  13   (0.103) 0.101 0.120 0.026 0.101 
  14   (0.044) 0.011 0.007 0.007 0.118 
  15   (0.041) 0.011 0.006 0.006 0.082 

Locus 29 : locus29 
28 alleles
0.0% missing data
   1   (0.048) 0.086 0.010 0.091 0.014 
   2   (0.057) 0.125 0.018 0.085 0.017 
   3   (0.037) 0.010 0.008 0.146 0.011 
   4   (0.053) 0.014 0.185 0.083 0.016 
   5   (0.028) 0.007 0.006 0.089 0.009 
   6   (0.033) 0.009 0.008 0.146 0.010 
   7   (0.026) 0.007 0.004 0.033 0.008 
   8   (0.042) 0.048 0.010 0.060 0.012 
   9   (0.044) 0.012 0.007 0.036 0.084 
  10   (0.043) 0.085 0.006 0.035 0.013 
  11   (0.023) 0.006 0.003 0.032 0.007 
  12   (0.044) 0.160 0.007 0.035 0.013 
  13   (0.029) 0.008 0.004 0.033 0.009 
  14   (0.030) 0.008 0.143 0.006 0.009 
  15   (0.032) 0.008 0.194 0.010 0.009 
  16   (0.043) 0.011 0.087 0.009 0.048 
  17   (0.032) 0.008 0.115 0.007 0.010 
  18   (0.025) 0.007 0.032 0.004 0.008 
  19   (0.034) 0.009 0.112 0.010 0.010 
  20   (0.028) 0.007 0.004 0.005 0.114 
  21   (0.037) 0.010 0.005 0.006 0.221 
  22   (0.030) 0.008 0.004 0.005 0.114 
  23   (0.045) 0.048 0.007 0.007 0.119 
  24   (0.028) 0.007 0.004 0.005 0.044 
  25   (0.040) 0.047 0.006 0.007 0.047 
  26   (0.031) 0.082 0.005 0.005 0.009 
  27   (0.028) 0.118 0.004 0.005 0.008 
  28   (0.027) 0.044 0.004 0.004 0.008 

Locus 30 : locus30 
22 alleles
0.0% missing data
   1   (0.037) 0.010 0.008 0.169 0.011 
   2   (0.037) 0.010 0.011 0.221 0.011 
   3   (0.036) 0.010 0.007 0.143 0.011 
   4   (0.035) 0.009 0.008 0.140 0.010 
   5   (0.031) 0.008 0.005 0.032 0.009 
   6   (0.031) 0.008 0.005 0.032 0.009 
   7   (0.030) 0.008 0.005 0.032 0.009 
   8   (0.036) 0.009 0.009 0.057 0.011 
   9   (0.067) 0.166 0.039 0.038 0.020 
  10   (0.079) 0.058 0.208 0.019 0.094 
  11   (0.054) 0.051 0.210 0.010 0.016 
  12   (0.066) 0.017 0.086 0.020 0.125 
  13   (0.069) 0.349 0.119 0.017 0.021 
  14   (0.028) 0.007 0.033 0.004 0.008 
  15   (0.086) 0.059 0.095 0.018 0.201 
  16   (0.059) 0.126 0.061 0.014 0.018 
  17   (0.044) 0.012 0.036 0.007 0.048 
  18   (0.047) 0.012 0.036 0.007 0.084 
  19   (0.034) 0.009 0.005 0.005 0.080 
  20   (0.037) 0.010 0.006 0.006 0.151 
  21   (0.026) 0.007 0.004 0.004 0.043 
  22   (0.031) 0.045 0.005 0.005 0.009 

Locus 31 : locus31 
14 alleles
0.0% missing data
   1   (0.048) 0.013 0.012 0.317 0.014 
   2   (0.117) 0.067 0.148 0.112 0.105 
   3   (0.059) 0.052 0.011 0.122 0.018 
   4   (0.039) 0.010 0.006 0.121 0.012 
   5   (0.032) 0.009 0.005 0.034 0.010 
   6   (0.122) 0.290 0.054 0.125 0.071 
   7   (0.096) 0.025 0.157 0.069 0.134 
   8   (0.123) 0.106 0.258 0.032 0.212 
   9   (0.095) 0.099 0.179 0.018 0.099 
  10   (0.103) 0.101 0.147 0.024 0.136 
  11   (0.037) 0.010 0.006 0.006 0.116 
  12   (0.056) 0.088 0.008 0.009 0.052 
  13   (0.036) 0.083 0.005 0.006 0.011 
  14   (0.035) 0.046 0.005 0.006 0.011 

Locus 32 : locus32 
23 alleles
0.0% missing data
   1   (0.040) 0.011 0.006 0.118 0.012 
   2   (0.039) 0.010 0.007 0.117 0.012 
   3   (0.046) 0.012 0.013 0.113 0.014 
   4   (0.045) 0.012 0.011 0.310 0.013 
   5   (0.040) 0.011 0.008 0.088 0.012 
   6   (0.065) 0.017 0.012 0.120 0.089 
   7   (0.045) 0.012 0.141 0.015 0.014 
   8   (0.061) 0.053 0.179 0.011 0.018 
   9   (0.042) 0.011 0.147 0.008 0.012 
  10   (0.082) 0.169 0.234 0.019 0.025 
  11   (0.042) 0.011 0.145 0.010 0.013 
  12   (0.034) 0.009 0.034 0.005 0.010 
  13   (0.037) 0.010 0.005 0.006 0.081 
  14   (0.040) 0.010 0.006 0.006 0.117 
  15   (0.040) 0.011 0.006 0.006 0.152 
  16   (0.037) 0.010 0.006 0.006 0.116 
  17   (0.037) 0.010 0.006 0.006 0.081 
  18   (0.043) 0.011 0.007 0.007 0.153 
  19   (0.040) 0.195 0.006 0.006 0.012 
  20   (0.032) 0.082 0.005 0.005 0.010 
  21   (0.044) 0.195 0.007 0.007 0.013 
  22   (0.037) 0.084 0.006 0.006 0.011 
  23   (0.032) 0.045 0.005 0.005 0.009 

Locus 33 : locus33 
16 alleles
0.0% missing data
   1   (0.090) 0.024 0.067 0.341 0.027 
   2   (0.040) 0.011 0.006 0.033 0.012 
   3   (0.061) 0.016 0.016 0.325 0.018 
   4   (0.087) 0.023 0.205 0.081 0.026 
   5   (0.052) 0.014 0.015 0.109 0.016 
   6   (0.044) 0.012 0.066 0.007 0.013 
   7   (0.050) 0.013 0.094 0.010 0.015 
   8   (0.052) 0.014 0.214 0.010 0.016 
   9   (0.056) 0.015 0.243 0.012 0.017 
  10   (0.086) 0.133 0.013 0.013 0.131 
  11   (0.054) 0.014 0.009 0.008 0.227 
  12   (0.052) 0.014 0.008 0.008 0.156 
  13   (0.101) 0.248 0.016 0.015 0.170 
  14   (0.082) 0.205 0.013 0.012 0.095 
  15   (0.041) 0.011 0.006 0.006 0.047 
  16   (0.052) 0.235 0.008 0.008 0.016 

Locus 34 : locus34 
18 alleles
0.0% missing data
   1   (0.048) 0.013 0.008 0.152 0.014 
   2   (0.124) 0.106 0.256 0.231 0.037 
   3   (0.082) 0.353 0.012 0.072 0.025 
   4   (0.075) 0.020 0.098 0.152 0.022 
   5   (0.066) 0.017 0.078 0.084 0.020 
   6   (0.072) 0.019 0.083 0.167 0.021 
   7   (0.076) 0.020 0.370 0.067 0.023 
   8   (0.036) 0.010 0.033 0.006 0.011 
   9   (0.036) 0.010 0.005 0.006 0.046 
  10   (0.042) 0.011 0.006 0.007 0.118 
  11   (0.051) 0.013 0.007 0.008 0.226 
  12   (0.043) 0.011 0.006 0.007 0.153 
  13   (0.038) 0.010 0.006 0.006 0.046 
  14   (0.041) 0.011 0.006 0.007 0.082 
  15   (0.042) 0.011 0.006 0.007 0.083 
  16   (0.039) 0.010 0.006 0.006 0.047 
  17   (0.048) 0.271 0.007 0.008 0.014 
  18   (0.042) 0.085 0.006 0.007 0.013 

Locus 35 : locus35 
24 alleles
0.0% missing data
   1   (0.033) 0.009 0.005 0.033 0.010 
   2   (0.053) 0.088 0.008 0.065 0.016 
   3   (0.036) 0.009 0.007 0.088 0.011 
   4   (0.038) 0.010 0.007 0.117 0.011 
   5   (0.056) 0.015 0.014 0.116 0.052 
   6   (0.060) 0.016 0.015 0.313 0.053 
   7   (0.052) 0.050 0.011 0.090 0.015 
   8   (0.052) 0.124 0.008 0.036 0.016 
   9   (0.032) 0.008 0.005 0.033 0.010 
  10   (0.062) 0.053 0.287 0.015 0.019 
  11   (0.038) 0.010 0.230 0.008 0.011 
  12   (0.036) 0.009 0.088 0.008 0.011 
  13   (0.067) 0.091 0.201 0.017 0.020 
  14   (0.034) 0.009 0.061 0.005 0.010 
  15   (0.039) 0.010 0.006 0.006 0.152 
  16   (0.030) 0.008 0.004 0.005 0.044 
  17   (0.034) 0.009 0.005 0.005 0.186 
  18   (0.037) 0.010 0.005 0.006 0.116 
  19   (0.036) 0.010 0.005 0.006 0.116 
  20   (0.030) 0.008 0.004 0.005 0.044 
  21   (0.030) 0.008 0.004 0.005 0.044 
  22   (0.037) 0.120 0.006 0.006 0.011 
  23   (0.035) 0.083 0.005 0.006 0.011 
  24   (0.042) 0.232 0.006 0.007 0.012 

Locus 36 : locus36 
17 alleles
0.0% missing data
   1   (0.072) 0.130 0.011 0.039 0.057 
   2   (0.035) 0.009 0.005 0.061 0.011 
   3   (0.037) 0.010 0.007 0.116 0.011 
   4   (0.067) 0.018 0.018 0.170 0.090 
   5   (0.119) 0.142 0.162 0.157 0.070 
   6   (0.132) 0.071 0.082 0.127 0.390 
   7   (0.052) 0.014 0.057 0.099 0.016 
   8   (0.057) 0.015 0.168 0.049 0.017 
   9   (0.067) 0.054 0.010 0.038 0.090 
  10   (0.036) 0.009 0.009 0.058 0.011 
  11   (0.082) 0.132 0.012 0.040 0.129 
  12   (0.041) 0.011 0.233 0.008 0.012 
  13   (0.039) 0.010 0.119 0.008 0.012 
  14   (0.033) 0.009 0.034 0.005 0.010 
  15   (0.037) 0.010 0.059 0.010 0.011 
  16   (0.058) 0.236 0.009 0.009 0.052 
  17   (0.036) 0.120 0.005 0.006 0.011 

Locus 37 : locus37 
23 alleles
0.0% missing data
   1   (0.051) 0.014 0.036 0.036 0.015 
   2   (0.041) 0.011 0.009 0.256 0.012 
   3   (0.068) 0.018 0.052 0.361 0.020 
   4   (0.043) 0.011 0.012 0.169 0.013 
   5   (0.034) 0.009 0.005 0.033 0.010 
   6   (0.040) 0.011 0.176 0.008 0.012 
   7   (0.066) 0.054 0.199 0.019 0.020 
   8   (0.043) 0.011 0.175 0.010 0.013 
   9   (0.038) 0.010 0.089 0.008 0.011 
  10   (0.036) 0.010 0.059 0.009 0.011 
  11   (0.052) 0.051 0.036 0.008 0.016 
  12   (0.032) 0.009 0.033 0.005 0.010 
  13   (0.062) 0.127 0.060 0.015 0.018 
  14   (0.041) 0.011 0.006 0.006 0.188 
  15   (0.041) 0.011 0.006 0.007 0.153 
  16   (0.044) 0.011 0.007 0.007 0.223 
  17   (0.041) 0.011 0.006 0.006 0.117 
  18   (0.034) 0.009 0.005 0.005 0.045 
  19   (0.034) 0.009 0.005 0.005 0.045 
  20   (0.045) 0.343 0.007 0.007 0.013 
  21   (0.039) 0.121 0.006 0.006 0.012 
  22   (0.033) 0.046 0.005 0.005 0.010 
  23   (0.038) 0.084 0.006 0.006 0.012 

Locus 38 : locus38 
17 alleles
0.0% missing data
   1   (0.049) 0.013 0.012 0.258 0.015 
   2   (0.088) 0.060 0.130 0.094 0.026 
   3   (0.138) 0.184 0.165 0.131 0.076 
   4   (0.041) 0.011 0.008 0.118 0.012 
   5   (0.040) 0.011 0.008 0.118 0.012 
   6   (0.067) 0.018 0.038 0.039 0.055 
   7   (0.056) 0.015 0.046 0.084 0.017 
   8   (0.038) 0.010 0.009 0.059 0.011 
   9   (0.042) 0.011 0.114 0.011 0.013 
  10   (0.061) 0.090 0.065 0.010 0.018 
  11   (0.094) 0.283 0.228 0.026 0.028 
  12   (0.082) 0.243 0.147 0.019 0.025 
  13   (0.041) 0.011 0.006 0.007 0.118 
  14   (0.039) 0.010 0.006 0.006 0.082 
  15   (0.035) 0.009 0.005 0.006 0.045 
  16   (0.044) 0.012 0.007 0.007 0.224 
  17   (0.045) 0.012 0.007 0.007 0.224 

Locus 39 : locus39 
17 alleles
0.0% missing data
   1   (0.112) 0.030 0.118 0.201 0.209 
   2   (0.031) 0.008 0.005 0.034 0.009 
   3   (0.056) 0.051 0.011 0.094 0.017 
   4   (0.081) 0.021 0.039 0.072 0.165 
   5   (0.032) 0.008 0.005 0.035 0.009 
   6   (0.035) 0.009 0.005 0.065 0.011 
   7   (0.110) 0.029 0.297 0.155 0.138 
   8   (0.052) 0.014 0.048 0.053 0.016 
   9   (0.063) 0.090 0.018 0.088 0.019 
  10   (0.062) 0.090 0.015 0.121 0.018 
  11   (0.065) 0.017 0.215 0.024 0.054 
  12   (0.062) 0.016 0.063 0.010 0.158 
  13   (0.068) 0.018 0.111 0.019 0.125 
  14   (0.056) 0.162 0.035 0.009 0.017 
  15   (0.043) 0.232 0.006 0.007 0.013 
  16   (0.037) 0.120 0.005 0.006 0.011 
  17   (0.036) 0.083 0.005 0.006 0.011 

Locus 40 : locus40 
20 alleles
0.0% missing data
   1   (0.058) 0.015 0.012 0.089 0.052 
   2   (0.073) 0.019 0.223 0.112 0.022 
   3   (0.059) 0.015 0.085 0.046 0.017 
   4   (0.091) 0.024 0.026 0.333 0.132 
   5   (0.038) 0.010 0.006 0.089 0.011 
   6   (0.040) 0.011 0.006 0.089 0.012 
   7   (0.065) 0.017 0.015 0.143 0.055 
   8   (0.041) 0.011 0.150 0.008 0.012 
   9   (0.042) 0.011 0.148 0.010 0.013 
  10   (0.042) 0.011 0.091 0.009 0.012 
  11   (0.072) 0.240 0.098 0.011 0.022 
  12   (0.039) 0.010 0.060 0.010 0.012 
  13   (0.034) 0.009 0.034 0.005 0.010 
  14   (0.035) 0.009 0.005 0.005 0.045 
  15   (0.043) 0.011 0.007 0.007 0.188 
  16   (0.049) 0.013 0.007 0.008 0.295 
  17   (0.064) 0.238 0.010 0.010 0.054 
  18   (0.040) 0.121 0.006 0.006 0.012 
  19   (0.041) 0.121 0.006 0.006 0.012 
  20   (0.034) 0.083 0.005 0.005 0.010 

Locus 41 : locus41 
18 alleles
0.0% missing data
   1   (0.109) 0.029 0.185 0.298 0.103 
   2   (0.064) 0.017 0.049 0.195 0.019 
   3   (0.058) 0.052 0.011 0.119 0.017 
   4   (0.075) 0.020 0.056 0.135 0.058 
   5   (0.058) 0.126 0.009 0.037 0.017 
   6   (0.071) 0.129 0.028 0.105 0.021 
   7   (0.066) 0.017 0.092 0.014 0.125 
   8   (0.067) 0.018 0.180 0.012 0.090 
   9   (0.066) 0.017 0.236 0.013 0.090 
  10   (0.061) 0.016 0.108 0.024 0.053 
  11   (0.045) 0.012 0.007 0.007 0.224 
  12   (0.037) 0.010 0.006 0.006 0.081 
  13   (0.033) 0.009 0.005 0.005 0.045 
  14   (0.042) 0.195 0.006 0.007 0.012 
  15   (0.038) 0.083 0.006 0.006 0.011 
  16   (0.033) 0.045 0.005 0.005 0.010 
  17   (0.038) 0.084 0.006 0.006 0.011 
  18   (0.039) 0.120 0.006 0.006 0.012 

Locus 42 : locus42 
18 alleles
0.0% missing data
   1   (0.075) 0.020 0.014 0.264 0.128 
   2   (0.086) 0.023 0.136 0.059 0.096 
   3   (0.079) 0.021 0.018 0.148 0.234 
   4   (0.038) 0.010 0.006 0.091 0.011 
   5   (0.063) 0.017 0.016 0.117 0.054 
   6   (0.046) 0.012 0.014 0.141 0.014 
   7   (0.034) 0.009 0.005 0.034 0.010 
   8   (0.032) 0.009 0.005 0.033 0.010 
   9   (0.067) 0.165 0.066 0.011 0.020 
  10   (0.032) 0.009 0.033 0.005 0.010 
  11   (0.042) 0.011 0.174 0.008 0.013 
  12   (0.115) 0.288 0.254 0.034 0.069 
  13   (0.087) 0.244 0.202 0.022 0.026 
  14   (0.035) 0.009 0.033 0.006 0.011 
  15   (0.057) 0.052 0.008 0.009 0.123 
  16   (0.037) 0.010 0.006 0.006 0.116 
  17   (0.035) 0.009 0.005 0.006 0.046 
  18   (0.039) 0.084 0.006 0.006 0.011 

Locus 43 : locus43 
27 alleles
0.0% missing data
   1   (0.033) 0.009 0.005 0.061 0.010 
   2   (0.031) 0.008 0.008 0.057 0.009 
   3   (0.036) 0.010 0.009 0.198 0.011 
   4   (0.040) 0.010 0.009 0.311 0.012 
   5   (0.033) 0.009 0.005 0.061 0.010 
   6   (0.033) 0.009 0.007 0.087 0.010 
   7   (0.030) 0.008 0.005 0.033 0.009 
   8   (0.030) 0.008 0.008 0.057 0.009 
   9   (0.032) 0.008 0.059 0.008 0.010 
  10   (0.045) 0.012 0.035 0.007 0.048 
  11   (0.037) 0.010 0.259 0.008 0.011 
  12   (0.036) 0.009 0.089 0.008 0.011 
  13   (0.037) 0.010 0.174 0.008 0.011 
  14   (0.036) 0.009 0.089 0.008 0.011 
  15   (0.032) 0.009 0.033 0.005 0.010 
  16   (0.035) 0.009 0.059 0.009 0.010 
  17   (0.031) 0.008 0.058 0.008 0.009 
  18   (0.029) 0.008 0.033 0.005 0.009 
  19   (0.084) 0.280 0.013 0.013 0.305 
  20   (0.059) 0.052 0.009 0.009 0.299 
  21   (0.035) 0.009 0.005 0.006 0.080 
  22   (0.046) 0.049 0.007 0.007 0.049 
  23   (0.034) 0.083 0.005 0.005 0.010 
  24   (0.030) 0.045 0.005 0.005 0.009 
  25   (0.029) 0.044 0.004 0.005 0.009 
  26   (0.035) 0.120 0.005 0.005 0.010 
  27   (0.035) 0.156 0.005 0.006 0.010 

Locus 44 : locus44 
21 alleles
0.0% missing data
   1   (0.064) 0.017 0.142 0.131 0.019 
   2   (0.095) 0.062 0.127 0.401 0.029 
   3   (0.057) 0.015 0.067 0.092 0.017 
   4   (0.063) 0.017 0.217 0.060 0.019 
   5   (0.040) 0.010 0.010 0.140 0.012 
   6   (0.057) 0.015 0.148 0.042 0.017 
   7   (0.072) 0.056 0.150 0.045 0.022 
   8   (0.037) 0.010 0.060 0.009 0.011 
   9   (0.057) 0.089 0.009 0.009 0.087 
  10   (0.041) 0.011 0.006 0.006 0.223 
  11   (0.043) 0.011 0.007 0.007 0.223 
  12   (0.047) 0.049 0.007 0.007 0.049 
  13   (0.041) 0.011 0.006 0.006 0.152 
  14   (0.047) 0.049 0.007 0.007 0.049 
  15   (0.033) 0.119 0.005 0.005 0.010 
  16   (0.034) 0.046 0.005 0.005 0.010 
  17   (0.031) 0.045 0.005 0.005 0.009 
  18   (0.032) 0.082 0.005 0.005 0.010 
  19   (0.040) 0.121 0.006 0.006 0.012 
  20   (0.036) 0.083 0.005 0.006 0.011 
  21   (0.034) 0.083 0.005 0.005 0.010 

Locus 45 : locus45 
22 alleles
0.0% missing data
   1   (0.063) 0.017 0.106 0.285 0.019 
   2   (0.052) 0.014 0.080 0.048 0.016 
   3   (0.065) 0.017 0.113 0.334 0.019 
   4   (0.032) 0.009 0.005 0.034 0.010 
   5   (0.029) 0.008 0.004 0.034 0.009 
   6   (0.032) 0.009 0.005 0.034 0.010 
   7   (0.061) 0.016 0.203 0.065 0.018 
   8   (0.030) 0.008 0.004 0.034 0.009 
   9   (0.030) 0.008 0.059 0.005 0.009 
  10   (0.056) 0.015 0.112 0.016 0.052 
  11   (0.030) 0.008 0.060 0.005 0.009 
  12   (0.035) 0.009 0.033 0.006 0.010 
  13   (0.037) 0.010 0.080 0.014 0.011 
  14   (0.062) 0.017 0.080 0.022 0.089 
  15   (0.054) 0.051 0.008 0.009 0.086 
  16   (0.061) 0.200 0.009 0.010 0.123 
  17   (0.039) 0.010 0.006 0.006 0.257 
  18   (0.057) 0.199 0.008 0.009 0.052 
  19   (0.053) 0.125 0.008 0.009 0.050 
  20   (0.057) 0.162 0.008 0.009 0.087 
  21   (0.029) 0.008 0.004 0.005 0.044 
  22   (0.035) 0.083 0.005 0.006 0.011 

Locus 46 : locus46 
17 alleles
0.0% missing data
   1   (0.146) 0.296 0.034 0.374 0.149 
   2   (0.120) 0.142 0.026 0.262 0.177 
   3   (0.066) 0.017 0.199 0.049 0.020 
   4   (0.067) 0.018 0.179 0.068 0.020 
   5   (0.061) 0.016 0.199 0.048 0.018 
   6   (0.034) 0.009 0.005 0.033 0.010 
   7   (0.071) 0.019 0.235 0.098 0.021 
   8   (0.035) 0.009 0.034 0.005 0.010 
   9   (0.034) 0.009 0.034 0.005 0.010 
  10   (0.041) 0.011 0.006 0.007 0.153 
  11   (0.035) 0.009 0.005 0.005 0.046 
  12   (0.042) 0.011 0.006 0.007 0.118 
  13   (0.061) 0.201 0.009 0.010 0.053 
  14   (0.055) 0.088 0.008 0.009 0.051 
  15   (0.060) 0.090 0.009 0.010 0.088 
  16   (0.037) 0.010 0.006 0.006 0.046 
  17   (0.035) 0.046 0.005 0.005 0.010 

Locus 47 : locus47 
25 alleles
0.0% missing data
   1   (0.047) 0.012 0.014 0.416 0.014 
   2   (0.032) 0.009 0.005 0.033 0.010 
   3   (0.034) 0.009 0.006 0.143 0.010 
   4   (0.037) 0.010 0.007 0.171 0.011 
   5   (0.030) 0.008 0.005 0.032 0.009 
   6   (0.032) 0.008 0.005 0.060 0.010 
   7   (0.067) 0.018 0.085 0.021 0.090 
   8   (0.033) 0.009 0.204 0.007 0.010 
   9   (0.039) 0.010 0.262 0.009 0.012 
  10   (0.035) 0.009 0.121 0.006 0.011 
  11   (0.031) 0.008 0.033 0.005 0.009 
  12   (0.055) 0.015 0.037 0.009 0.087 
  13   (0.040) 0.011 0.143 0.012 0.012 
  14   (0.045) 0.086 0.007 0.007 0.048 
  15   (0.066) 0.165 0.010 0.010 0.160 
  16   (0.041) 0.011 0.006 0.006 0.118 
  17   (0.043) 0.011 0.007 0.007 0.188 
  18   (0.046) 0.049 0.007 0.007 0.049 
  19   (0.050) 0.124 0.008 0.008 0.050 
  20   (0.033) 0.009 0.005 0.005 0.045 
  21   (0.034) 0.046 0.005 0.005 0.010 
  22   (0.028) 0.044 0.004 0.004 0.008 
  23   (0.033) 0.082 0.005 0.005 0.010 
  24   (0.038) 0.157 0.006 0.006 0.011 
  25   (0.031) 0.081 0.005 0.005 0.009 

Locus 48 : locus48 
18 alleles
0.0% missing data
   1   (0.056) 0.015 0.012 0.396 0.017 
   2   (0.061) 0.016 0.014 0.312 0.018 
   3   (0.052) 0.014 0.009 0.146 0.015 
   4   (0.054) 0.014 0.230 0.015 0.016 
   5   (0.057) 0.015 0.375 0.012 0.017 
   6   (0.051) 0.014 0.146 0.012 0.015 
   7   (0.043) 0.011 0.063 0.007 0.013 
   8   (0.039) 0.010 0.034 0.006 0.012 
   9   (0.039) 0.010 0.034 0.006 0.012 
  10   (0.039) 0.010 0.006 0.006 0.082 
  11   (0.099) 0.210 0.015 0.016 0.276 
  12   (0.099) 0.210 0.015 0.016 0.205 
  13   (0.072) 0.093 0.011 0.012 0.092 
  14   (0.037) 0.010 0.005 0.006 0.046 
  15   (0.043) 0.011 0.006 0.007 0.083 
  16   (0.070) 0.129 0.011 0.011 0.056 
  17   (0.042) 0.085 0.006 0.007 0.012 
  18   (0.046) 0.122 0.007 0.007 0.014 

Locus 49 : locus49 
21 alleles
0.0% missing data
   1   (0.043) 0.011 0.009 0.347 0.013 
   2   (0.035) 0.009 0.006 0.148 0.011 
   3   (0.091) 0.171 0.110 0.114 0.027 
   4   (0.074) 0.056 0.062 0.158 0.022 
   5   (0.028) 0.007 0.004 0.033 0.008 
   6   (0.029) 0.008 0.004 0.033 0.009 
   7   (0.054) 0.125 0.008 0.037 0.016 
   8   (0.058) 0.015 0.059 0.015 0.123 
   9   (0.051) 0.087 0.063 0.008 0.015 
  10   (0.052) 0.050 0.088 0.011 0.016 
  11   (0.093) 0.171 0.176 0.020 0.098 
  12   (0.069) 0.018 0.225 0.020 0.125 
  13   (0.047) 0.012 0.035 0.008 0.049 
  14   (0.036) 0.009 0.087 0.008 0.011 
  15   (0.046) 0.049 0.035 0.007 0.014 
  16   (0.037) 0.010 0.005 0.006 0.256 
  17   (0.030) 0.008 0.004 0.005 0.044 
  18   (0.037) 0.010 0.005 0.006 0.116 
  19   (0.030) 0.045 0.004 0.005 0.009 
  20   (0.031) 0.082 0.005 0.005 0.009 
  21   (0.030) 0.044 0.004 0.005 0.009 

Locus 50 : locus50 
22 alleles
0.0% missing data
   1   (0.078) 0.021 0.185 0.345 0.023 
   2   (0.037) 0.010 0.009 0.058 0.011 
   3   (0.061) 0.016 0.077 0.111 0.018 
   4   (0.045) 0.012 0.012 0.170 0.013 
   5   (0.061) 0.016 0.009 0.066 0.159 
   6   (0.053) 0.014 0.056 0.101 0.016 
   7   (0.046) 0.012 0.035 0.035 0.014 
   8   (0.069) 0.018 0.095 0.011 0.161 
   9   (0.048) 0.013 0.316 0.011 0.014 
  10   (0.054) 0.088 0.036 0.009 0.016 
  11   (0.041) 0.011 0.108 0.018 0.012 
  12   (0.039) 0.010 0.006 0.006 0.117 
  13   (0.040) 0.011 0.006 0.006 0.152 
  14   (0.043) 0.011 0.006 0.007 0.188 
  15   (0.043) 0.195 0.007 0.007 0.013 
  16   (0.037) 0.083 0.006 0.006 0.011 
  17   (0.029) 0.044 0.004 0.005 0.009 
  18   (0.036) 0.120 0.005 0.006 0.011 
  19   (0.032) 0.045 0.005 0.005 0.010 
  20   (0.037) 0.083 0.006 0.006 0.011 
  21   (0.036) 0.046 0.005 0.006 0.011 
  22   (0.035) 0.119 0.005 0.006 0.011 

Locus 51 : locus51 
18 alleles
0.0% missing data
   1   (0.066) 0.017 0.054 0.302 0.020 
   2   (0.097) 0.099 0.186 0.125 0.029 
   3   (0.042) 0.011 0.008 0.145 0.013 
   4   (0.095) 0.025 0.100 0.098 0.099 
   5   (0.041) 0.011 0.009 0.172 0.012 
   6   (0.119) 0.105 0.336 0.069 0.070 
   7   (0.041) 0.011 0.149 0.007 0.012 
   8   (0.074) 0.020 0.093 0.016 0.162 
   9   (0.060) 0.053 0.009 0.009 0.123 
  10   (0.064) 0.311 0.010 0.010 0.054 
  11   (0.038) 0.010 0.006 0.006 0.082 
  12   (0.034) 0.009 0.005 0.005 0.045 
  13   (0.044) 0.012 0.007 0.007 0.153 
  14   (0.034) 0.009 0.005 0.005 0.045 
  15   (0.035) 0.009 0.005 0.006 0.045 
  16   (0.040) 0.121 0.006 0.006 0.012 
  17   (0.038) 0.084 0.006 0.006 0.011 
  18   (0.038) 0.084 0.006 0.006 0.011 

Locus 52 : locus52 
23 alleles
0.0% missing data
   1   (0.042) 0.011 0.008 0.202 0.012 
   2   (0.052) 0.014 0.008 0.065 0.051 
   3   (0.055) 0.015 0.008 0.037 0.122 
   4   (0.067) 0.018 0.015 0.287 0.090 
   5   (0.057) 0.015 0.012 0.090 0.087 
   6   (0.030) 0.008 0.005 0.033 0.009 
   7   (0.057) 0.052 0.017 0.141 0.017 
   8   (0.047) 0.049 0.007 0.036 0.014 
   9   (0.061) 0.090 0.201 0.015 0.018 
  10   (0.041) 0.011 0.370 0.010 0.012 
  11   (0.065) 0.202 0.060 0.016 0.019 
  12   (0.030) 0.008 0.033 0.005 0.009 
  13   (0.027) 0.007 0.032 0.004 0.008 
  14   (0.066) 0.239 0.178 0.012 0.020 
  15   (0.040) 0.011 0.006 0.006 0.223 
  16   (0.032) 0.008 0.005 0.005 0.044 
  17   (0.035) 0.009 0.005 0.006 0.081 
  18   (0.032) 0.008 0.005 0.005 0.045 
  19   (0.035) 0.009 0.005 0.006 0.080 
  20   (0.034) 0.082 0.005 0.005 0.010 
  21   (0.031) 0.045 0.005 0.005 0.009 
  22   (0.031) 0.045 0.005 0.005 0.009 
  23   (0.031) 0.045 0.005 0.005 0.009 

Locus 53 : locus53 
21 alleles
0.0% missing data
   1   (0.035) 0.009 0.007 0.088 0.010 
   2   (0.058) 0.015 0.014 0.201 0.052 
   3   (0.081) 0.022 0.140 0.139 0.059 
   4   (0.031) 0.008 0.005 0.033 0.009 
   5   (0.051) 0.013 0.010 0.090 0.050 
   6   (0.063) 0.016 0.013 0.091 0.194 
   7   (0.047) 0.012 0.007 0.092 0.049 
   8   (0.038) 0.010 0.013 0.083 0.011 
   9   (0.031) 0.008 0.005 0.033 0.009 
  10   (0.083) 0.022 0.055 0.055 0.201 
  11   (0.068) 0.091 0.346 0.015 0.020 
  12   (0.036) 0.009 0.083 0.013 0.011 
  13   (0.067) 0.165 0.150 0.013 0.020 
  14   (0.050) 0.088 0.035 0.008 0.015 
  15   (0.062) 0.201 0.060 0.015 0.019 
  16   (0.030) 0.008 0.033 0.005 0.009 
  17   (0.034) 0.009 0.005 0.006 0.115 
  18   (0.032) 0.008 0.005 0.005 0.045 
  19   (0.031) 0.008 0.005 0.005 0.080 
  20   (0.038) 0.194 0.006 0.006 0.011 
  21   (0.033) 0.082 0.005 0.005 0.010 

Locus 54 : locus54 
29 alleles
0.0% missing data
   1   (0.056) 0.015 0.013 0.144 0.087 
   2   (0.034) 0.009 0.008 0.227 0.010 
   3   (0.047) 0.012 0.010 0.089 0.049 
   4   (0.036) 0.010 0.007 0.257 0.011 
   5   (0.052) 0.014 0.012 0.060 0.121 
   6   (0.030) 0.008 0.008 0.058 0.009 
   7   (0.028) 0.007 0.004 0.032 0.008 
   8   (0.034) 0.009 0.144 0.008 0.010 
   9   (0.052) 0.124 0.119 0.010 0.016 
  10   (0.027) 0.007 0.032 0.004 0.008 
  11   (0.055) 0.125 0.120 0.011 0.017 
  12   (0.032) 0.009 0.083 0.012 0.010 
  13   (0.033) 0.009 0.117 0.007 0.010 
  14   (0.034) 0.009 0.144 0.008 0.010 
  15   (0.038) 0.047 0.034 0.006 0.012 
  16   (0.027) 0.007 0.087 0.006 0.008 
  17   (0.036) 0.010 0.005 0.006 0.151 
  18   (0.035) 0.009 0.005 0.006 0.186 
  19   (0.028) 0.007 0.004 0.005 0.044 
  20   (0.027) 0.007 0.004 0.004 0.043 
  21   (0.028) 0.007 0.004 0.004 0.078 
  22   (0.025) 0.007 0.004 0.004 0.042 
  23   (0.032) 0.119 0.005 0.005 0.009 
  24   (0.027) 0.081 0.004 0.004 0.008 
  25   (0.028) 0.044 0.004 0.004 0.008 
  26   (0.029) 0.081 0.004 0.005 0.009 
  27   (0.033) 0.082 0.005 0.005 0.010 
  28   (0.031) 0.082 0.005 0.005 0.009 
  29   (0.025) 0.043 0.004 0.004 0.007 

Locus 55 : locus55 
22 alleles
0.0% missing data
   1   (0.058) 0.052 0.009 0.037 0.052 
   2   (0.053) 0.014 0.010 0.205 0.051 
   3   (0.057) 0.015 0.012 0.261 0.052 
   4   (0.056) 0.015 0.011 0.091 0.122 
   5   (0.075) 0.056 0.017 0.062 0.198 
   6   (0.050) 0.013 0.007 0.036 0.085 
   7   (0.080) 0.095 0.016 0.094 0.129 
   8   (0.057) 0.199 0.013 0.061 0.017 
   9   (0.048) 0.049 0.011 0.060 0.015 
  10   (0.037) 0.010 0.145 0.007 0.011 
  11   (0.036) 0.010 0.338 0.009 0.011 
  12   (0.035) 0.009 0.116 0.007 0.010 
  13   (0.051) 0.050 0.059 0.013 0.015 
  14   (0.057) 0.126 0.118 0.012 0.017 
  15   (0.032) 0.008 0.057 0.009 0.009 
  16   (0.031) 0.008 0.033 0.005 0.009 
  17   (0.031) 0.008 0.005 0.005 0.079 
  18   (0.032) 0.008 0.005 0.005 0.080 
  19   (0.037) 0.120 0.005 0.006 0.011 
  20   (0.029) 0.044 0.004 0.005 0.009 
  21   (0.030) 0.045 0.004 0.005 0.009 
  22   (0.030) 0.045 0.004 0.005 0.009 

Locus 56 : locus56 
21 alleles
0.0% missing data
   1   (0.043) 0.011 0.010 0.311 0.013 
   2   (0.040) 0.011 0.008 0.228 0.012 
   3   (0.066) 0.017 0.012 0.120 0.125 
   4   (0.038) 0.010 0.010 0.113 0.011 
   5   (0.036) 0.009 0.008 0.087 0.011 
   6   (0.067) 0.018 0.262 0.015 0.055 
   7   (0.055) 0.088 0.037 0.009 0.017 
   8   (0.067) 0.018 0.207 0.014 0.090 
   9   (0.066) 0.091 0.147 0.015 0.020 
  10   (0.073) 0.019 0.204 0.018 0.092 
  11   (0.034) 0.009 0.034 0.005 0.010 
  12   (0.053) 0.088 0.008 0.008 0.051 
  13   (0.038) 0.010 0.006 0.006 0.116 
  14   (0.036) 0.009 0.005 0.006 0.046 
  15   (0.033) 0.009 0.005 0.005 0.080 
  16   (0.058) 0.052 0.009 0.009 0.123 
  17   (0.056) 0.089 0.008 0.009 0.052 
  18   (0.031) 0.008 0.005 0.005 0.044 
  19   (0.034) 0.120 0.005 0.005 0.010 
  20   (0.041) 0.195 0.006 0.006 0.012 
  21   (0.035) 0.120 0.005 0.006 0.010 

Locus 57 : locus57 
19 alleles
0.0% missing data
   1   (0.070) 0.019 0.015 0.178 0.126 
   2   (0.099) 0.063 0.017 0.185 0.170 
   3   (0.092) 0.061 0.017 0.125 0.133 
   4   (0.035) 0.009 0.008 0.059 0.011 
   5   (0.040) 0.010 0.010 0.116 0.012 
   6   (0.100) 0.174 0.028 0.144 0.065 
   7   (0.071) 0.019 0.010 0.039 0.302 
   8   (0.036) 0.009 0.005 0.063 0.011 
   9   (0.042) 0.011 0.284 0.009 0.012 
  10   (0.041) 0.011 0.142 0.010 0.012 
  11   (0.041) 0.011 0.142 0.010 0.012 
  12   (0.040) 0.010 0.088 0.009 0.012 
  13   (0.039) 0.010 0.087 0.009 0.012 
  14   (0.040) 0.011 0.087 0.009 0.012 
  15   (0.034) 0.009 0.033 0.006 0.010 
  16   (0.065) 0.238 0.010 0.010 0.054 
  17   (0.041) 0.158 0.006 0.007 0.012 
  18   (0.040) 0.121 0.006 0.006 0.012 
  19   (0.035) 0.046 0.005 0.006 0.010 

Locus 58 : locus58 
19 alleles
0.0% missing data
   1   (0.038) 0.010 0.009 0.143 0.011 
   2   (0.037) 0.010 0.010 0.114 0.011 
   3   (0.035) 0.009 0.007 0.087 0.010 
   4   (0.062) 0.016 0.012 0.231 0.053 
   5   (0.055) 0.015 0.011 0.090 0.052 
   6   (0.040) 0.010 0.008 0.088 0.012 
   7   (0.035) 0.009 0.009 0.058 0.011 
   8   (0.033) 0.009 0.005 0.061 0.010 
   9   (0.120) 0.252 0.376 0.031 0.141 
  10   (0.036) 0.010 0.118 0.007 0.011 
  11   (0.089) 0.208 0.149 0.020 0.062 
  12   (0.100) 0.211 0.042 0.016 0.276 
  13   (0.032) 0.008 0.033 0.005 0.010 
  14   (0.047) 0.049 0.035 0.007 0.014 
  15   (0.054) 0.014 0.065 0.008 0.086 
  16   (0.054) 0.051 0.090 0.012 0.016 
  17   (0.050) 0.050 0.007 0.008 0.050 
  18   (0.031) 0.008 0.005 0.005 0.044 
  19   (0.053) 0.050 0.008 0.008 0.121 

Locus 59 : locus59 
18 alleles
0.0% missing data
   1   (0.113) 0.251 0.064 0.197 0.034 
   2   (0.085) 0.022 0.015 0.183 0.166 
   3   (0.141) 0.332 0.031 0.212 0.147 
   4   (0.077) 0.020 0.016 0.265 0.093 
   5   (0.032) 0.008 0.005 0.034 0.010 
   6   (0.034) 0.009 0.033 0.005 0.010 
   7   (0.078) 0.205 0.120 0.016 0.023 
   8   (0.045) 0.012 0.226 0.011 0.013 
   9   (0.039) 0.010 0.058 0.010 0.012 
  10   (0.039) 0.010 0.087 0.009 0.012 
  11   (0.048) 0.013 0.226 0.012 0.014 
  12   (0.042) 0.011 0.087 0.009 0.012 
  13   (0.039) 0.010 0.006 0.006 0.082 
  14   (0.046) 0.012 0.007 0.007 0.189 
  15   (0.032) 0.008 0.005 0.005 0.044 
  16   (0.037) 0.010 0.005 0.006 0.081 
  17   (0.036) 0.009 0.005 0.006 0.046 
  18   (0.038) 0.047 0.006 0.006 0.011 

Locus 60 : locus60 
18 alleles
0.0% missing data
   1   (0.044) 0.011 0.012 0.112 0.013 
   2   (0.058) 0.015 0.038 0.064 0.017 
   3   (0.089) 0.133 0.020 0.421 0.027 
   4   (0.102) 0.101 0.174 0.112 0.030 
   5   (0.070) 0.019 0.319 0.049 0.021 
   6   (0.082) 0.206 0.019 0.144 0.024 
   7   (0.078) 0.131 0.181 0.017 0.023 
   8   (0.040) 0.011 0.060 0.010 0.012 
   9   (0.061) 0.164 0.037 0.010 0.018 
  10   (0.057) 0.089 0.038 0.009 0.017 
  11   (0.041) 0.011 0.060 0.010 0.012 
  12   (0.045) 0.012 0.007 0.007 0.154 
  13   (0.053) 0.014 0.008 0.008 0.332 
  14   (0.043) 0.011 0.007 0.007 0.153 
  15   (0.033) 0.009 0.005 0.005 0.045 
  16   (0.033) 0.009 0.005 0.005 0.045 
  17   (0.037) 0.010 0.006 0.006 0.046 
  18   (0.033) 0.046 0.005 0.005 0.010 

Locus 61 : locus61 
15 alleles
0.0% missing data
   1   (0.093) 0.356 0.052 0.089 0.028 
   2   (0.102) 0.100 0.200 0.197 0.030 
   3   (0.103) 0.027 0.129 0.129 0.207 
   4   (0.099) 0.026 0.111 0.201 0.135 
   5   (0.061) 0.016 0.109 0.108 0.018 
   6   (0.068) 0.018 0.052 0.053 0.055 
   7   (0.054) 0.051 0.013 0.060 0.016 
   8   (0.053) 0.051 0.013 0.060 0.016 
   9   (0.068) 0.091 0.038 0.039 0.020 
  10   (0.065) 0.091 0.146 0.015 0.019 
  11   (0.055) 0.125 0.036 0.009 0.017 
  12   (0.072) 0.019 0.084 0.023 0.162 
  13   (0.038) 0.010 0.006 0.006 0.117 
  14   (0.037) 0.010 0.005 0.006 0.116 
  15   (0.032) 0.009 0.005 0.005 0.045 

Locus 62 : locus62 
18 alleles
0.0% missing data
   1   (0.070) 0.055 0.014 0.094 0.056 
   2   (0.105) 0.101 0.135 0.180 0.066 
   3   (0.048) 0.013 0.049 0.051 0.014 
   4   (0.067) 0.018 0.205 0.211 0.020 
   5   (0.066) 0.054 0.093 0.039 0.020 
   6   (0.093) 0.430 0.095 0.101 0.028 
   7   (0.052) 0.014 0.010 0.121 0.050 
   8   (0.072) 0.092 0.011 0.040 0.126 
   9   (0.070) 0.092 0.047 0.087 0.021 
  10   (0.053) 0.014 0.064 0.009 0.086 
  11   (0.030) 0.008 0.032 0.005 0.009 
  12   (0.037) 0.010 0.138 0.013 0.011 
  13   (0.063) 0.017 0.082 0.021 0.124 
  14   (0.033) 0.009 0.005 0.005 0.080 
  15   (0.029) 0.008 0.004 0.005 0.044 
  16   (0.048) 0.049 0.007 0.008 0.085 
  17   (0.031) 0.008 0.005 0.005 0.080 
  18   (0.033) 0.009 0.005 0.005 0.080 

Locus 63 : locus63 
22 alleles
0.0% missing data
   1   (0.033) 0.009 0.005 0.061 0.010 
   2   (0.041) 0.011 0.010 0.279 0.012 
   3   (0.035) 0.009 0.005 0.061 0.010 
   4   (0.048) 0.013 0.013 0.306 0.014 
   5   (0.036) 0.009 0.008 0.086 0.011 
   6   (0.051) 0.050 0.008 0.063 0.015 
   7   (0.035) 0.009 0.090 0.008 0.011 
   8   (0.066) 0.017 0.209 0.013 0.090 
   9   (0.069) 0.239 0.118 0.017 0.021 
  10   (0.066) 0.017 0.097 0.010 0.160 
  11   (0.072) 0.019 0.179 0.016 0.162 
  12   (0.061) 0.016 0.092 0.013 0.124 
  13   (0.045) 0.012 0.036 0.007 0.049 
  14   (0.040) 0.010 0.085 0.013 0.012 
  15   (0.059) 0.089 0.009 0.009 0.088 
  16   (0.034) 0.009 0.005 0.005 0.080 
  17   (0.032) 0.009 0.005 0.005 0.045 
  18   (0.032) 0.009 0.005 0.005 0.045 
  19   (0.040) 0.194 0.006 0.006 0.012 
  20   (0.036) 0.120 0.006 0.006 0.011 
  21   (0.032) 0.045 0.005 0.005 0.010 
  22   (0.035) 0.083 0.005 0.005 0.010 

Locus 64 : locus64 
18 alleles
0.0% missing data
   1   (0.124) 0.217 0.072 0.353 0.037 
   2   (0.082) 0.021 0.151 0.182 0.024 
   3   (0.063) 0.164 0.010 0.037 0.019 
   4   (0.088) 0.023 0.157 0.317 0.026 
   5   (0.066) 0.017 0.150 0.015 0.055 
   6   (0.072) 0.166 0.127 0.011 0.021 
   7   (0.038) 0.010 0.064 0.006 0.011 
   8   (0.069) 0.055 0.208 0.016 0.021 
   9   (0.047) 0.012 0.007 0.007 0.225 
  10   (0.046) 0.012 0.007 0.007 0.154 
  11   (0.040) 0.011 0.006 0.006 0.117 
  12   (0.036) 0.010 0.006 0.006 0.081 
  13   (0.036) 0.010 0.006 0.006 0.046 
  14   (0.038) 0.010 0.006 0.006 0.046 
  15   (0.040) 0.011 0.006 0.006 0.082 
  16   (0.045) 0.159 0.007 0.007 0.014 
  17   (0.036) 0.046 0.006 0.006 0.011 
  18   (0.035) 0.046 0.005 0.005 0.010 

Locus 65 : locus65 
24 alleles
0.0% missing data
   1   (0.039) 0.010 0.006 0.063 0.012 
   2   (0.074) 0.020 0.015 0.374 0.127 
   3   (0.059) 0.015 0.012 0.175 0.053 
   4   (0.056) 0.015 0.014 0.116 0.052 
   5   (0.032) 0.008 0.005 0.033 0.009 
   6   (0.064) 0.017 0.016 0.116 0.089 
   7   (0.036) 0.010 0.088 0.008 0.011 
   8   (0.039) 0.010 0.174 0.007 0.012 
   9   (0.042) 0.011 0.166 0.016 0.013 
  10   (0.033) 0.009 0.062 0.005 0.010 
  11   (0.040) 0.011 0.228 0.009 0.012 
  12   (0.038) 0.010 0.117 0.008 0.011 
  13   (0.032) 0.008 0.033 0.005 0.009 
  14   (0.036) 0.010 0.005 0.006 0.151 
  15   (0.040) 0.011 0.006 0.006 0.152 
  16   (0.037) 0.010 0.006 0.006 0.117 
  17   (0.058) 0.200 0.009 0.009 0.052 
  18   (0.029) 0.008 0.004 0.005 0.044 
  19   (0.033) 0.045 0.005 0.005 0.010 
  20   (0.037) 0.194 0.006 0.006 0.011 
  21   (0.041) 0.158 0.006 0.007 0.012 
  22   (0.033) 0.045 0.005 0.005 0.010 
  23   (0.036) 0.083 0.005 0.006 0.011 
  24   (0.035) 0.083 0.005 0.006 0.010 

Locus 66 : locus66 
24 alleles
0.0% missing data
   1   (0.055) 0.088 0.008 0.037 0.016 
   2   (0.039) 0.010 0.008 0.230 0.012 
   3   (0.037) 0.010 0.009 0.058 0.011 
   4   (0.041) 0.011 0.010 0.200 0.012 
   5   (0.069) 0.018 0.017 0.201 0.090 
   6   (0.060) 0.089 0.012 0.091 0.018 
   7   (0.050) 0.087 0.008 0.036 0.015 
   8   (0.047) 0.049 0.007 0.036 0.014 
   9   (0.031) 0.008 0.033 0.005 0.009 
  10   (0.038) 0.010 0.118 0.008 0.011 
  11   (0.036) 0.009 0.117 0.007 0.011 
  12   (0.040) 0.011 0.144 0.010 0.012 
  13   (0.034) 0.009 0.062 0.005 0.010 
  14   (0.043) 0.011 0.200 0.011 0.013 
  15   (0.036) 0.010 0.058 0.009 0.011 
  16   (0.036) 0.010 0.144 0.009 0.011 
  17   (0.036) 0.009 0.005 0.006 0.081 
  18   (0.040) 0.011 0.006 0.006 0.117 
  19   (0.043) 0.011 0.006 0.007 0.188 
  20   (0.030) 0.008 0.005 0.005 0.044 
  21   (0.043) 0.011 0.006 0.007 0.223 
  22   (0.032) 0.008 0.005 0.005 0.045 
  23   (0.037) 0.120 0.006 0.006 0.011 
  24   (0.045) 0.380 0.007 0.007 0.014 

Locus 67 : locus67 
22 alleles
0.0% missing data
   1   (0.085) 0.059 0.014 0.185 0.166 
   2   (0.048) 0.013 0.074 0.081 0.014 
   3   (0.080) 0.168 0.068 0.126 0.024 
   4   (0.079) 0.131 0.014 0.155 0.058 
   5   (0.066) 0.202 0.015 0.149 0.020 
   6   (0.070) 0.055 0.052 0.140 0.021 
   7   (0.074) 0.130 0.011 0.041 0.127 
   8   (0.044) 0.012 0.006 0.036 0.048 
   9   (0.039) 0.010 0.279 0.010 0.012 
  10   (0.037) 0.010 0.111 0.011 0.011 
  11   (0.035) 0.009 0.112 0.010 0.010 
  12   (0.029) 0.008 0.032 0.005 0.009 
  13   (0.030) 0.008 0.032 0.005 0.009 
  14   (0.030) 0.008 0.087 0.005 0.009 
  15   (0.031) 0.008 0.060 0.005 0.009 
  16   (0.031) 0.008 0.005 0.005 0.044 
  17   (0.035) 0.009 0.005 0.006 0.151 
  18   (0.035) 0.009 0.005 0.006 0.116 
  19   (0.030) 0.008 0.004 0.005 0.044 
  20   (0.029) 0.008 0.004 0.005 0.044 
  21   (0.029) 0.008 0.004 0.005 0.044 
  22   (0.034) 0.119 0.005 0.006 0.010 

Locus 68 : locus68 
18 alleles
0.0% missing data
   1   (0.103) 0.432 0.025 0.256 0.031 
   2   (0.045) 0.012 0.008 0.284 0.013 
   3   (0.049) 0.013 0.011 0.227 0.014 
   4   (0.091) 0.098 0.014 0.042 0.203 
   5   (0.039) 0.010 0.010 0.058 0.012 
   6   (0.046) 0.012 0.234 0.009 0.014 
   7   (0.070) 0.019 0.093 0.015 0.126 
   8   (0.040) 0.011 0.090 0.009 0.012 
   9   (0.054) 0.014 0.036 0.008 0.051 
  10   (0.042) 0.011 0.090 0.009 0.013 
  11   (0.042) 0.011 0.148 0.008 0.013 
  12   (0.044) 0.012 0.116 0.012 0.013 
  13   (0.060) 0.016 0.084 0.019 0.053 
  14   (0.038) 0.010 0.006 0.006 0.081 
  15   (0.055) 0.088 0.008 0.009 0.051 
  16   (0.051) 0.050 0.008 0.008 0.050 
  17   (0.073) 0.130 0.011 0.012 0.162 
  18   (0.057) 0.052 0.009 0.009 0.087 

Locus 69 : locus69 
22 alleles
0.0% missing data
   1   (0.063) 0.017 0.009 0.068 0.194 
   2   (0.112) 0.029 0.238 0.475 0.103 
   3   (0.058) 0.015 0.205 0.093 0.017 
   4   (0.036) 0.009 0.009 0.060 0.011 
   5   (0.056) 0.015 0.011 0.092 0.052 
   6   (0.034) 0.009 0.005 0.034 0.010 
   7   (0.059) 0.016 0.009 0.067 0.088 
   8   (0.036) 0.009 0.170 0.008 0.011 
   9   (0.059) 0.015 0.088 0.013 0.088 
  10   (0.059) 0.016 0.138 0.020 0.053 
  11   (0.053) 0.014 0.035 0.009 0.086 
  12   (0.034) 0.009 0.033 0.006 0.010 
  13   (0.030) 0.008 0.004 0.005 0.044 
  14   (0.037) 0.010 0.005 0.006 0.081 
  15   (0.033) 0.009 0.005 0.005 0.045 
  16   (0.031) 0.008 0.005 0.005 0.044 
  17   (0.032) 0.045 0.005 0.005 0.009 
  18   (0.041) 0.306 0.006 0.007 0.012 
  19   (0.034) 0.119 0.005 0.005 0.010 
  20   (0.034) 0.156 0.005 0.006 0.010 
  21   (0.032) 0.045 0.005 0.005 0.010 
  22   (0.037) 0.120 0.005 0.006 0.011 

Locus 70 : locus70 
22 alleles
0.0% missing data
   1   (0.055) 0.015 0.253 0.045 0.017 
   2   (0.033) 0.009 0.005 0.034 0.010 
   3   (0.032) 0.009 0.005 0.062 0.010 
   4   (0.039) 0.010 0.010 0.201 0.012 
   5   (0.037) 0.010 0.007 0.147 0.011 
   6   (0.029) 0.008 0.004 0.033 0.009 
   7   (0.038) 0.010 0.010 0.115 0.011 
   8   (0.043) 0.011 0.013 0.141 0.013 
   9   (0.058) 0.015 0.165 0.050 0.017 
  10   (0.030) 0.008 0.005 0.033 0.009 
  11   (0.031) 0.008 0.005 0.033 0.009 
  12   (0.041) 0.011 0.255 0.011 0.012 
  13   (0.050) 0.013 0.064 0.008 0.050 
  14   (0.038) 0.010 0.058 0.010 0.011 
  15   (0.039) 0.010 0.082 0.014 0.012 
  16   (0.082) 0.316 0.012 0.013 0.165 
  17   (0.060) 0.052 0.009 0.010 0.193 
  18   (0.056) 0.051 0.008 0.009 0.157 
  19   (0.052) 0.087 0.008 0.008 0.050 
  20   (0.060) 0.127 0.009 0.010 0.088 
  21   (0.065) 0.164 0.010 0.011 0.125 
  22   (0.032) 0.045 0.005 0.005 0.010 

Locus 71 : locus71 
22 alleles
0.0% missing data
   1   (0.030) 0.008 0.005 0.061 0.009 
   2   (0.052) 0.050 0.010 0.259 0.016 
   3   (0.031) 0.008 0.005 0.061 0.009 
   4   (0.027) 0.007 0.004 0.032 0.008 
   5   (0.037) 0.010 0.015 0.165 0.011 
   6   (0.032) 0.008 0.007 0.087 0.010 
   7   (0.047) 0.049 0.007 0.063 0.014 
   8   (0.049) 0.050 0.016 0.083 0.015 
   9   (0.048) 0.049 0.012 0.059 0.014 
  10   (0.058) 0.089 0.142 0.018 0.017 
  11   (0.046) 0.012 0.089 0.010 0.049 
  12   (0.029) 0.008 0.145 0.006 0.009 
  13   (0.051) 0.013 0.090 0.011 0.085 
  14   (0.043) 0.011 0.035 0.007 0.048 
  15   (0.066) 0.054 0.121 0.013 0.054 
  16   (0.083) 0.133 0.069 0.013 0.165 
  17   (0.087) 0.097 0.174 0.023 0.096 
  18   (0.052) 0.014 0.036 0.008 0.156 
  19   (0.035) 0.009 0.005 0.006 0.186 
  20   (0.032) 0.119 0.005 0.005 0.010 
  21   (0.033) 0.119 0.005 0.005 0.010 
  22   (0.033) 0.082 0.005 0.005 0.010 

Locus 72 : locus72 
16 alleles
0.0% missing data
   1   (0.088) 0.023 0.050 0.090 0.167 
   2   (0.062) 0.016 0.076 0.114 0.018 
   3   (0.066) 0.018 0.048 0.316 0.020 
   4   (0.081) 0.021 0.085 0.052 0.095 
   5   (0.102) 0.027 0.172 0.282 0.065 
   6   (0.033) 0.009 0.005 0.034 0.010 
   7   (0.064) 0.054 0.168 0.018 0.019 
   8   (0.104) 0.101 0.230 0.025 0.101 
   9   (0.076) 0.057 0.039 0.012 0.128 
  10   (0.070) 0.166 0.090 0.015 0.021 
  11   (0.035) 0.009 0.005 0.006 0.045 
  12   (0.069) 0.055 0.010 0.011 0.266 
  13   (0.039) 0.194 0.006 0.006 0.012 
  14   (0.036) 0.083 0.005 0.006 0.011 
  15   (0.037) 0.083 0.005 0.006 0.011 
  16   (0.037) 0.084 0.006 0.006 0.011 

Locus 73 : locus73 
20 alleles
0.0% missing data
   1   (0.049) 0.013 0.064 0.064 0.015 
   2   (0.058) 0.015 0.047 0.336 0.017 
   3   (0.096) 0.136 0.028 0.141 0.134 
   4   (0.077) 0.057 0.193 0.085 0.023 
   5   (0.075) 0.020 0.163 0.114 0.057 
   6   (0.030) 0.008 0.004 0.033 0.009 
   7   (0.071) 0.092 0.016 0.062 0.056 
   8   (0.066) 0.128 0.021 0.083 0.020 
   9   (0.038) 0.010 0.115 0.010 0.011 
  10   (0.038) 0.010 0.230 0.009 0.011 
  11   (0.057) 0.162 0.065 0.009 0.017 
  12   (0.033) 0.009 0.005 0.005 0.080 
  13   (0.059) 0.089 0.009 0.009 0.123 
  14   (0.034) 0.009 0.005 0.005 0.115 
  15   (0.031) 0.008 0.005 0.005 0.045 
  16   (0.033) 0.009 0.005 0.005 0.115 
  17   (0.045) 0.049 0.007 0.007 0.048 
  18   (0.046) 0.049 0.007 0.007 0.049 
  19   (0.031) 0.008 0.005 0.005 0.044 
  20   (0.034) 0.119 0.005 0.005 0.010 

Locus 74 : locus74 
18 alleles
0.0% missing data
   1   (0.090) 0.024 0.079 0.171 0.097 
   2   (0.090) 0.060 0.221 0.202 0.027 
   3   (0.100) 0.026 0.141 0.224 0.100 
   4   (0.071) 0.166 0.013 0.201 0.021 
   5   (0.080) 0.021 0.237 0.048 0.059 
   6   (0.075) 0.020 0.087 0.077 0.057 
   7   (0.033) 0.009 0.064 0.005 0.010 
   8   (0.065) 0.017 0.068 0.010 0.160 
   9   (0.034) 0.009 0.034 0.005 0.010 
  10   (0.039) 0.010 0.006 0.006 0.152 
  11   (0.053) 0.051 0.008 0.008 0.086 
  12   (0.039) 0.010 0.006 0.006 0.117 
  13   (0.051) 0.088 0.008 0.008 0.050 
  14   (0.038) 0.157 0.006 0.006 0.011 
  15   (0.040) 0.158 0.006 0.006 0.012 
  16   (0.032) 0.045 0.005 0.005 0.010 
  17   (0.035) 0.083 0.005 0.006 0.011 
  18   (0.034) 0.046 0.005 0.005 0.010 

Locus 75 : locus75 
27 alleles
0.0% missing data
   1   (0.051) 0.013 0.081 0.047 0.015 
   2   (0.076) 0.094 0.050 0.287 0.023 
   3   (0.036) 0.010 0.007 0.119 0.011 
   4   (0.057) 0.015 0.298 0.111 0.017 
   5   (0.057) 0.015 0.172 0.069 0.017 
   6   (0.035) 0.009 0.012 0.084 0.011 
   7   (0.033) 0.009 0.008 0.059 0.010 
   8   (0.032) 0.008 0.005 0.063 0.009 
   9   (0.061) 0.053 0.065 0.038 0.018 
  10   (0.029) 0.008 0.004 0.033 0.009 
  11   (0.031) 0.008 0.060 0.005 0.009 
  12   (0.031) 0.008 0.060 0.005 0.009 
  13   (0.031) 0.008 0.112 0.009 0.009 
  14   (0.037) 0.010 0.005 0.006 0.326 
  15   (0.030) 0.008 0.004 0.005 0.044 
  16   (0.032) 0.008 0.005 0.005 0.045 
  17   (0.032) 0.008 0.005 0.005 0.185 
  18   (0.031) 0.008 0.005 0.005 0.044 
  19   (0.033) 0.009 0.005 0.005 0.080 
  20   (0.031) 0.008 0.005 0.005 0.044 
  21   (0.029) 0.044 0.004 0.005 0.009 
  22   (0.031) 0.082 0.004 0.005 0.009 
  23   (0.034) 0.193 0.005 0.005 0.010 
  24   (0.034) 0.083 0.005 0.006 0.010 
  25   (0.029) 0.081 0.004 0.005 0.009 
  26   (0.034) 0.156 0.005 0.005 0.010 
  27   (0.024) 0.043 0.004 0.004 0.007 

Locus 76 : locus76 
25 alleles
0.0% missing data
   1   (0.072) 0.019 0.226 0.189 0.021 
   2   (0.068) 0.018 0.072 0.233 0.020 
   3   (0.041) 0.011 0.010 0.260 0.012 
   4   (0.037) 0.010 0.012 0.085 0.011 
   5   (0.034) 0.009 0.005 0.063 0.010 
   6   (0.052) 0.014 0.050 0.051 0.016 
   7   (0.038) 0.010 0.198 0.008 0.011 
   8   (0.045) 0.012 0.337 0.012 0.013 
   9   (0.048) 0.013 0.007 0.008 0.225 
  10   (0.038) 0.010 0.006 0.006 0.152 
  11   (0.036) 0.010 0.005 0.006 0.046 
  12   (0.041) 0.011 0.006 0.007 0.188 
  13   (0.032) 0.008 0.005 0.005 0.045 
  14   (0.037) 0.010 0.005 0.006 0.081 
  15   (0.033) 0.009 0.005 0.005 0.045 
  16   (0.043) 0.158 0.006 0.007 0.013 
  17   (0.040) 0.195 0.006 0.007 0.012 
  18   (0.032) 0.045 0.005 0.005 0.010 
  19   (0.035) 0.083 0.005 0.006 0.010 
  20   (0.031) 0.045 0.005 0.005 0.009 
  21   (0.034) 0.120 0.005 0.006 0.010 
  22   (0.032) 0.045 0.005 0.005 0.010 
  23   (0.034) 0.046 0.005 0.005 0.010 
  24   (0.031) 0.045 0.005 0.005 0.009 
  25   (0.037) 0.046 0.005 0.006 0.011 

Locus 77 : locus77 
21 alleles
0.0% missing data
   1   (0.057) 0.052 0.013 0.060 0.017 
   2   (0.043) 0.011 0.015 0.082 0.013 
   3   (0.039) 0.010 0.006 0.062 0.012 
   4   (0.050) 0.013 0.012 0.368 0.015 
   5   (0.073) 0.166 0.015 0.175 0.022 
   6   (0.041) 0.011 0.006 0.119 0.012 
   7   (0.062) 0.090 0.123 0.010 0.019 
   8   (0.043) 0.011 0.203 0.009 0.013 
   9   (0.083) 0.169 0.230 0.022 0.025 
  10   (0.032) 0.009 0.033 0.005 0.010 
  11   (0.040) 0.011 0.118 0.008 0.012 
  12   (0.044) 0.011 0.115 0.011 0.013 
  13   (0.071) 0.239 0.061 0.017 0.021 
  14   (0.045) 0.012 0.007 0.007 0.154 
  15   (0.041) 0.011 0.006 0.006 0.082 
  16   (0.033) 0.009 0.005 0.005 0.045 
  17   (0.039) 0.010 0.006 0.006 0.082 
  18   (0.042) 0.011 0.006 0.007 0.153 
  19   (0.042) 0.011 0.006 0.007 0.188 
  20   (0.040) 0.011 0.006 0.006 0.082 
  21   (0.040) 0.121 0.006 0.006 0.012 

Locus 78 : locus78 
23 alleles
0.0% missing data
   1   (0.034) 0.009 0.008 0.059 0.010 
   2   (0.057) 0.015 0.054 0.191 0.017 
   3   (0.066) 0.017 0.124 0.092 0.020 
   4   (0.041) 0.011 0.008 0.119 0.012 
   5   (0.039) 0.010 0.008 0.205 0.012 
   6   (0.039) 0.010 0.007 0.120 0.012 
   7   (0.034) 0.009 0.005 0.034 0.010 
   8   (0.034) 0.009 0.008 0.059 0.010 
   9   (0.043) 0.011 0.337 0.010 0.013 
  10   (0.036) 0.009 0.057 0.009 0.011 
  11   (0.044) 0.012 0.197 0.011 0.013 
  12   (0.035) 0.009 0.086 0.008 0.011 
  13   (0.033) 0.009 0.033 0.005 0.010 
  14   (0.063) 0.163 0.009 0.010 0.089 
  15   (0.033) 0.009 0.005 0.005 0.045 
  16   (0.066) 0.091 0.010 0.011 0.160 
  17   (0.040) 0.011 0.006 0.006 0.082 
  18   (0.038) 0.010 0.006 0.006 0.152 
  19   (0.041) 0.011 0.006 0.007 0.188 
  20   (0.055) 0.236 0.008 0.009 0.051 
  21   (0.055) 0.125 0.008 0.009 0.051 
  22   (0.038) 0.120 0.006 0.006 0.011 
  23   (0.035) 0.083 0.005 0.006 0.011 

Locus 79 : locus79 
25 alleles
0.0% missing data
   1   (0.065) 0.017 0.245 0.136 0.019 
   2   (0.038) 0.010 0.007 0.293 0.011 
   3   (0.066) 0.017 0.284 0.157 0.020 
   4   (0.033) 0.009 0.005 0.063 0.010 
   5   (0.075) 0.094 0.084 0.052 0.022 
   6   (0.031) 0.008 0.005 0.034 0.009 
   7   (0.048) 0.013 0.034 0.066 0.015 
   8   (0.035) 0.009 0.011 0.086 0.011 
   9   (0.033) 0.009 0.060 0.005 0.010 
  10   (0.036) 0.010 0.033 0.006 0.011 
  11   (0.063) 0.090 0.161 0.024 0.019 
  12   (0.032) 0.009 0.005 0.005 0.080 
  13   (0.045) 0.012 0.007 0.007 0.294 
  14   (0.036) 0.009 0.005 0.006 0.151 
  15   (0.033) 0.009 0.005 0.005 0.045 
  16   (0.029) 0.008 0.004 0.005 0.044 
  17   (0.031) 0.008 0.004 0.005 0.044 
  18   (0.028) 0.008 0.004 0.005 0.044 
  19   (0.031) 0.008 0.005 0.005 0.044 
  20   (0.032) 0.008 0.005 0.005 0.044 
  21   (0.035) 0.120 0.005 0.006 0.010 
  22   (0.039) 0.194 0.006 0.006 0.012 
  23   (0.032) 0.045 0.005 0.005 0.010 
  24   (0.035) 0.120 0.005 0.006 0.011 
  25   (0.038) 0.157 0.006 0.006 0.011 

Locus 80 : locus80 
23 alleles
0.0% missing data
   1   (0.038) 0.010 0.007 0.287 0.011 
   2   (0.034) 0.009 0.005 0.062 0.010 
   3   (0.037) 0.010 0.010 0.114 0.011 
   4   (0.063) 0.017 0.014 0.146 0.089 
   5   (0.084) 0.059 0.028 0.166 0.095 
   6   (0.048) 0.049 0.007 0.064 0.014 
   7   (0.029) 0.008 0.004 0.033 0.009 
   8   (0.040) 0.011 0.200 0.010 0.012 
   9   (0.035) 0.009 0.170 0.010 0.011 
  10   (0.034) 0.009 0.061 0.005 0.010 
  11   (0.036) 0.009 0.088 0.008 0.011 
  12   (0.031) 0.008 0.033 0.005 0.009 
  13   (0.055) 0.088 0.065 0.009 0.016 
  14   (0.035) 0.009 0.118 0.006 0.011 
  15   (0.035) 0.009 0.033 0.006 0.010 
  16   (0.039) 0.010 0.107 0.017 0.012 
  17   (0.038) 0.010 0.006 0.006 0.222 
  18   (0.051) 0.087 0.008 0.008 0.050 
  19   (0.067) 0.128 0.010 0.011 0.266 
  20   (0.055) 0.162 0.008 0.009 0.051 
  21   (0.050) 0.050 0.007 0.008 0.050 
  22   (0.036) 0.157 0.005 0.006 0.011 
  23   (0.031) 0.082 0.005 0.005 0.009 

Locus 81 : locus81 
13 alleles
0.0% missing data
   1   (0.054) 0.051 0.008 0.037 0.016 
   2   (0.084) 0.022 0.022 0.172 0.130 
   3   (0.091) 0.024 0.042 0.071 0.168 
   4   (0.169) 0.228 0.211 0.290 0.085 
   5   (0.183) 0.233 0.110 0.256 0.195 
   6   (0.080) 0.021 0.069 0.068 0.059 
   7   (0.078) 0.278 0.018 0.062 0.023 
   8   (0.048) 0.013 0.460 0.011 0.014 
   9   (0.064) 0.017 0.038 0.010 0.159 
  10   (0.041) 0.011 0.006 0.006 0.082 
  11   (0.036) 0.009 0.005 0.006 0.046 
  12   (0.036) 0.046 0.006 0.006 0.011 
  13   (0.034) 0.046 0.005 0.006 0.010 

Locus 82 : locus82 
20 alleles
0.0% missing data
   1   (0.045) 0.012 0.009 0.201 0.013 
   2   (0.085) 0.022 0.020 0.342 0.095 
   3   (0.089) 0.023 0.013 0.098 0.377 
   4   (0.044) 0.012 0.014 0.139 0.013 
   5   (0.064) 0.017 0.010 0.038 0.159 
   6   (0.037) 0.010 0.006 0.034 0.011 
   7   (0.036) 0.009 0.005 0.034 0.011 
   8   (0.067) 0.018 0.092 0.014 0.090 
   9   (0.050) 0.013 0.315 0.013 0.015 
  10   (0.042) 0.011 0.092 0.007 0.013 
  11   (0.041) 0.011 0.059 0.011 0.012 
  12   (0.044) 0.012 0.147 0.008 0.013 
  13   (0.070) 0.018 0.147 0.016 0.091 
  14   (0.038) 0.010 0.034 0.006 0.011 
  15   (0.046) 0.270 0.007 0.007 0.014 
  16   (0.043) 0.159 0.006 0.007 0.013 
  17   (0.038) 0.047 0.006 0.006 0.011 
  18   (0.042) 0.122 0.006 0.007 0.013 
  19   (0.042) 0.121 0.006 0.007 0.012 
  20   (0.038) 0.084 0.006 0.006 0.012 

Locus 83 : locus83 
24 alleles
0.0% missing data
   1   (0.041) 0.011 0.010 0.058 0.012 
   2   (0.044) 0.012 0.011 0.251 0.013 
   3   (0.036) 0.009 0.007 0.087 0.011 
   4   (0.038) 0.010 0.009 0.141 0.011 
   5   (0.072) 0.019 0.423 0.139 0.022 
   6   (0.030) 0.008 0.005 0.032 0.009 
   7   (0.035) 0.009 0.005 0.033 0.011 
   8   (0.069) 0.018 0.039 0.066 0.056 
   9   (0.036) 0.009 0.009 0.057 0.011 
  10   (0.052) 0.014 0.066 0.036 0.015 
  11   (0.039) 0.010 0.207 0.007 0.012 
  12   (0.068) 0.018 0.062 0.016 0.196 
  13   (0.040) 0.011 0.085 0.014 0.012 
  14   (0.039) 0.010 0.006 0.006 0.187 
  15   (0.038) 0.010 0.006 0.006 0.081 
  16   (0.039) 0.010 0.006 0.006 0.116 
  17   (0.036) 0.009 0.005 0.006 0.116 
  18   (0.029) 0.008 0.004 0.005 0.044 
  19   (0.042) 0.232 0.006 0.007 0.013 
  20   (0.039) 0.157 0.006 0.006 0.012 
  21   (0.037) 0.194 0.006 0.006 0.011 
  22   (0.039) 0.121 0.006 0.006 0.012 
  23   (0.031) 0.045 0.005 0.005 0.009 
  24   (0.032) 0.045 0.005 0.005 0.009 

Locus 84 : locus84 
30 alleles
0.0% missing data
   1   (0.033) 0.009 0.005 0.089 0.010 
   2   (0.039) 0.010 0.010 0.339 0.012 
   3   (0.033) 0.009 0.007 0.256 0.010 
   4   (0.037) 0.010 0.009 0.058 0.011 
   5   (0.028) 0.007 0.007 0.058 0.008 
   6   (0.030) 0.008 0.005 0.033 0.009 
   7   (0.029) 0.008 0.004 0.033 0.009 
   8   (0.033) 0.008 0.314 0.008 0.010 
   9   (0.036) 0.010 0.286 0.009 0.011 
  10   (0.029) 0.008 0.033 0.005 0.009 
  11   (0.035) 0.009 0.058 0.009 0.011 
  12   (0.033) 0.009 0.058 0.009 0.010 
  13   (0.027) 0.007 0.032 0.004 0.008 
  14   (0.030) 0.008 0.033 0.005 0.009 
  15   (0.026) 0.007 0.032 0.004 0.008 
  16   (0.031) 0.008 0.033 0.005 0.009 
  17   (0.053) 0.235 0.008 0.008 0.086 
  18   (0.028) 0.007 0.004 0.004 0.043 
  19   (0.036) 0.010 0.005 0.006 0.186 
  20   (0.032) 0.009 0.005 0.005 0.045 
  21   (0.033) 0.009 0.005 0.005 0.150 
  22   (0.029) 0.008 0.004 0.005 0.079 
  23   (0.056) 0.162 0.008 0.009 0.087 
  24   (0.047) 0.049 0.007 0.007 0.084 
  25   (0.030) 0.008 0.005 0.005 0.044 
  26   (0.025) 0.044 0.004 0.004 0.007 
  27   (0.028) 0.081 0.004 0.004 0.008 
  28   (0.030) 0.081 0.004 0.005 0.009 
  29   (0.028) 0.044 0.004 0.004 0.008 
  30   (0.033) 0.119 0.005 0.005 0.010 

Locus 85 : locus85 
18 alleles
0.0% missing data
   1   (0.037) 0.010 0.007 0.089 0.011 
   2   (0.128) 0.071 0.217 0.218 0.143 
   3   (0.112) 0.029 0.223 0.176 0.174 
   4   (0.104) 0.027 0.065 0.193 0.206 
   5   (0.085) 0.022 0.061 0.106 0.131 
   6   (0.059) 0.016 0.188 0.056 0.018 
   7   (0.063) 0.016 0.009 0.066 0.159 
   8   (0.048) 0.050 0.007 0.036 0.015 
   9   (0.040) 0.010 0.146 0.008 0.012 
  10   (0.050) 0.087 0.035 0.008 0.015 
  11   (0.033) 0.009 0.005 0.005 0.045 
  12   (0.039) 0.195 0.006 0.006 0.012 
  13   (0.037) 0.120 0.005 0.006 0.011 
  14   (0.032) 0.045 0.005 0.005 0.010 
  15   (0.031) 0.045 0.005 0.005 0.009 
  16   (0.034) 0.083 0.005 0.006 0.010 
  17   (0.037) 0.120 0.006 0.006 0.011 
  18   (0.031) 0.045 0.005 0.005 0.009 

Locus 86 : locus86 
19 alleles
0.0% missing data
   1   (0.070) 0.019 0.010 0.097 0.161 
   2   (0.120) 0.068 0.023 0.329 0.246 
   3   (0.100) 0.432 0.031 0.169 0.030 
   4   (0.067) 0.018 0.013 0.093 0.090 
   5   (0.051) 0.050 0.008 0.037 0.015 
   6   (0.058) 0.015 0.008 0.067 0.052 
   7   (0.059) 0.015 0.009 0.038 0.123 
   8   (0.043) 0.011 0.014 0.085 0.013 
   9   (0.046) 0.012 0.223 0.013 0.014 
  10   (0.045) 0.012 0.283 0.010 0.013 
  11   (0.037) 0.010 0.033 0.006 0.011 
  12   (0.039) 0.010 0.171 0.007 0.012 
  13   (0.034) 0.009 0.033 0.005 0.010 
  14   (0.045) 0.012 0.113 0.013 0.013 
  15   (0.037) 0.010 0.005 0.006 0.046 
  16   (0.041) 0.011 0.006 0.007 0.118 
  17   (0.035) 0.120 0.005 0.006 0.010 
  18   (0.037) 0.083 0.005 0.006 0.011 
  19   (0.036) 0.083 0.005 0.006 0.011 

Locus 87 : locus87 
18 alleles
0.0% missing data
   1   (0.038) 0.010 0.014 0.081 0.012 
   2   (0.062) 0.053 0.013 0.285 0.018 
   3   (0.041) 0.011 0.012 0.168 0.012 
   4   (0.037) 0.010 0.007 0.144 0.011 
   5   (0.031) 0.008 0.005 0.033 0.009 
   6   (0.031) 0.008 0.005 0.033 0.009 
   7   (0.038) 0.010 0.008 0.087 0.011 
   8   (0.032) 0.008 0.005 0.033 0.009 
   9   (0.065) 0.017 0.209 0.012 0.090 
  10   (0.053) 0.050 0.060 0.013 0.016 
  11   (0.110) 0.214 0.233 0.029 0.103 
  12   (0.073) 0.019 0.200 0.022 0.127 
  13   (0.103) 0.248 0.073 0.016 0.171 
  14   (0.059) 0.015 0.037 0.009 0.158 
  15   (0.047) 0.013 0.036 0.007 0.049 
  16   (0.075) 0.130 0.068 0.012 0.057 
  17   (0.054) 0.088 0.008 0.009 0.086 
  18   (0.051) 0.087 0.008 0.008 0.050 

Locus 88 : locus88 
28 alleles
0.0% missing data
   1   (0.058) 0.015 0.155 0.203 0.017 
   2   (0.052) 0.014 0.045 0.200 0.016 
   3   (0.033) 0.009 0.008 0.147 0.010 
   4   (0.060) 0.016 0.142 0.244 0.018 
   5   (0.025) 0.007 0.004 0.033 0.007 
   6   (0.047) 0.012 0.080 0.047 0.014 
   7   (0.031) 0.008 0.361 0.009 0.009 
   8   (0.045) 0.086 0.034 0.007 0.013 
   9   (0.049) 0.013 0.034 0.008 0.120 
  10   (0.049) 0.050 0.057 0.013 0.015 
  11   (0.024) 0.006 0.004 0.004 0.042 
  12   (0.037) 0.010 0.005 0.006 0.116 
  13   (0.033) 0.009 0.005 0.005 0.080 
  14   (0.028) 0.007 0.004 0.005 0.043 
  15   (0.031) 0.008 0.005 0.005 0.114 
  16   (0.031) 0.008 0.005 0.005 0.079 
  17   (0.029) 0.008 0.004 0.005 0.044 
  18   (0.031) 0.008 0.005 0.005 0.114 
  19   (0.030) 0.008 0.004 0.005 0.044 
  20   (0.029) 0.081 0.004 0.005 0.009 
  21   (0.028) 0.044 0.004 0.004 0.008 
  22   (0.033) 0.083 0.005 0.005 0.010 
  23   (0.031) 0.082 0.005 0.005 0.009 
  24   (0.035) 0.120 0.005 0.006 0.010 
  25   (0.031) 0.082 0.005 0.005 0.009 
  26   (0.030) 0.045 0.004 0.005 0.009 
  27   (0.034) 0.119 0.005 0.006 0.010 
  28   (0.028) 0.044 0.004 0.005 0.008 

Locus 89 : locus89 
19 alleles
0.0% missing data
   1   (0.080) 0.021 0.256 0.219 0.024 
   2   (0.041) 0.011 0.009 0.146 0.012 
   3   (0.059) 0.016 0.093 0.066 0.018 
   4   (0.064) 0.053 0.015 0.204 0.019 
   5   (0.060) 0.016 0.057 0.102 0.018 
   6   (0.065) 0.017 0.158 0.087 0.019 
   7   (0.056) 0.089 0.008 0.037 0.017 
   8   (0.050) 0.050 0.008 0.036 0.015 
   9   (0.040) 0.011 0.139 0.013 0.012 
  10   (0.044) 0.012 0.143 0.011 0.013 
  11   (0.107) 0.065 0.064 0.025 0.348 
  12   (0.044) 0.012 0.006 0.007 0.153 
  13   (0.041) 0.011 0.006 0.007 0.118 
  14   (0.060) 0.052 0.009 0.010 0.158 
  15   (0.044) 0.269 0.007 0.007 0.013 
  16   (0.038) 0.084 0.006 0.006 0.011 
  17   (0.038) 0.121 0.006 0.006 0.011 
  18   (0.033) 0.045 0.005 0.005 0.010 
  19   (0.035) 0.046 0.005 0.006 0.011 

Locus 90 : locus90 
17 alleles
0.0% missing data
   1   (0.042) 0.011 0.011 0.113 0.012 
   2   (0.073) 0.019 0.014 0.121 0.162 
   3   (0.042) 0.011 0.010 0.198 0.013 
   4   (0.041) 0.011 0.010 0.143 0.012 
   5   (0.044) 0.011 0.008 0.174 0.013 
   6   (0.056) 0.015 0.008 0.037 0.122 
   7   (0.034) 0.009 0.005 0.033 0.010 
   8   (0.055) 0.015 0.013 0.060 0.051 
   9   (0.073) 0.130 0.207 0.015 0.022 
  10   (0.050) 0.050 0.036 0.008 0.015 
  11   (0.067) 0.091 0.176 0.014 0.020 
  12   (0.088) 0.097 0.179 0.019 0.061 
  13   (0.153) 0.335 0.295 0.035 0.186 
  14   (0.063) 0.127 0.010 0.010 0.089 
  15   (0.033) 0.009 0.005 0.005 0.045 
  16   (0.047) 0.049 0.007 0.007 0.049 
  17   (0.040) 0.010 0.006 0.006 0.117 

Locus 91 : locus91 
20 alleles
0.0% missing data
   1   (0.062) 0.163 0.011 0.152 0.019 
   2   (0.097) 0.099 0.019 0.298 0.134 
   3   (0.116) 0.031 0.468 0.181 0.175 
   4   (0.069) 0.092 0.010 0.040 0.091 
   5   (0.059) 0.016 0.013 0.149 0.088 
   6   (0.054) 0.014 0.099 0.058 0.016 
   7   (0.071) 0.056 0.010 0.040 0.162 
   8   (0.056) 0.015 0.064 0.009 0.122 
   9   (0.031) 0.008 0.032 0.005 0.009 
  10   (0.037) 0.010 0.087 0.008 0.011 
  11   (0.044) 0.012 0.062 0.007 0.048 
  12   (0.035) 0.009 0.057 0.010 0.010 
  13   (0.045) 0.012 0.034 0.007 0.049 
  14   (0.034) 0.082 0.005 0.006 0.010 
  15   (0.030) 0.045 0.004 0.005 0.009 
  16   (0.031) 0.082 0.005 0.005 0.009 
  17   (0.035) 0.083 0.005 0.006 0.010 
  18   (0.034) 0.083 0.005 0.006 0.010 
  19   (0.030) 0.045 0.004 0.005 0.009 
  20   (0.031) 0.045 0.004 0.005 0.009 

Locus 92 : locus92 
26 alleles
0.0% missing data
   1   (0.032) 0.008 0.007 0.144 0.009 
   2   (0.033) 0.009 0.008 0.230 0.010 
   3   (0.032) 0.008 0.005 0.033 0.010 
   4   (0.035) 0.009 0.006 0.175 0.011 
   5   (0.041) 0.011 0.008 0.089 0.012 
   6   (0.056) 0.162 0.013 0.060 0.017 
   7   (0.051) 0.013 0.185 0.054 0.015 
   8   (0.026) 0.007 0.004 0.033 0.008 
   9   (0.032) 0.009 0.008 0.058 0.010 
  10   (0.054) 0.088 0.089 0.012 0.016 
  11   (0.060) 0.126 0.202 0.013 0.018 
  12   (0.053) 0.087 0.089 0.012 0.016 
  13   (0.055) 0.051 0.229 0.013 0.016 
  14   (0.054) 0.162 0.089 0.012 0.016 
  15   (0.032) 0.008 0.005 0.005 0.045 
  16   (0.037) 0.010 0.005 0.006 0.081 
  17   (0.043) 0.011 0.006 0.007 0.328 
  18   (0.035) 0.009 0.005 0.006 0.081 
  19   (0.032) 0.009 0.005 0.005 0.080 
  20   (0.027) 0.007 0.004 0.004 0.043 
  21   (0.030) 0.008 0.004 0.005 0.044 
  22   (0.030) 0.008 0.004 0.005 0.044 
  23   (0.030) 0.008 0.004 0.005 0.044 
  24   (0.029) 0.044 0.004 0.005 0.009 
  25   (0.029) 0.044 0.004 0.005 0.009 
  26   (0.032) 0.082 0.005 0.005 0.010 

Locus 93 : locus93 
22 alleles
0.0% missing data
   1   (0.077) 0.205 0.019 0.319 0.023 
   2   (0.035) 0.009 0.005 0.063 0.010 
   3   (0.078) 0.021 0.139 0.110 0.058 
   4   (0.063) 0.164 0.009 0.096 0.019 
   5   (0.035) 0.009 0.005 0.063 0.010 
   6   (0.052) 0.014 0.010 0.091 0.051 
   7   (0.053) 0.014 0.017 0.085 0.051 
   8   (0.034) 0.009 0.008 0.059 0.010 
   9   (0.041) 0.011 0.281 0.010 0.012 
  10   (0.037) 0.010 0.087 0.008 0.011 
  11   (0.078) 0.021 0.091 0.017 0.304 
  12   (0.036) 0.009 0.113 0.010 0.011 
  13   (0.031) 0.008 0.032 0.005 0.009 
  14   (0.071) 0.019 0.114 0.019 0.162 
  15   (0.032) 0.009 0.033 0.005 0.010 
  16   (0.044) 0.012 0.006 0.007 0.188 
  17   (0.038) 0.157 0.006 0.006 0.011 
  18   (0.035) 0.083 0.005 0.006 0.010 
  19   (0.034) 0.083 0.005 0.005 0.010 
  20   (0.031) 0.045 0.005 0.005 0.009 
  21   (0.032) 0.045 0.005 0.005 0.010 
  22   (0.031) 0.045 0.005 0.005 0.009 

Locus 94 : locus94 
23 alleles
0.0% missing data
   1   (0.063) 0.017 0.148 0.152 0.019 
   2   (0.067) 0.091 0.015 0.290 0.020 
   3   (0.059) 0.052 0.012 0.177 0.018 
   4   (0.034) 0.009 0.005 0.062 0.010 
   5   (0.074) 0.093 0.165 0.054 0.022 
   6   (0.067) 0.055 0.037 0.068 0.020 
   7   (0.056) 0.015 0.093 0.094 0.017 
   8   (0.073) 0.019 0.255 0.019 0.127 
   9   (0.039) 0.010 0.200 0.008 0.012 
  10   (0.036) 0.010 0.005 0.006 0.116 
  11   (0.033) 0.009 0.005 0.005 0.080 
  12   (0.034) 0.009 0.005 0.005 0.080 
  13   (0.036) 0.010 0.005 0.006 0.116 
  14   (0.031) 0.008 0.005 0.005 0.044 
  15   (0.035) 0.009 0.005 0.006 0.116 
  16   (0.032) 0.009 0.005 0.005 0.080 
  17   (0.030) 0.008 0.004 0.005 0.044 
  18   (0.034) 0.082 0.005 0.005 0.010 
  19   (0.038) 0.194 0.006 0.006 0.011 
  20   (0.032) 0.082 0.005 0.005 0.010 
  21   (0.031) 0.082 0.005 0.005 0.009 
  22   (0.034) 0.083 0.005 0.005 0.010 
  23   (0.033) 0.045 0.005 0.005 0.010 

Locus 95 : locus95 
16 alleles
0.0% missing data
   1   (0.079) 0.021 0.019 0.260 0.094 
   2   (0.034) 0.009 0.005 0.034 0.010 
   3   (0.121) 0.216 0.023 0.213 0.106 
   4   (0.100) 0.063 0.022 0.236 0.100 
   5   (0.043) 0.011 0.009 0.089 0.013 
   6   (0.086) 0.170 0.013 0.042 0.061 
   7   (0.110) 0.213 0.016 0.046 0.173 
   8   (0.046) 0.012 0.225 0.013 0.014 
   9   (0.052) 0.014 0.482 0.011 0.016 
  10   (0.044) 0.012 0.088 0.010 0.013 
  11   (0.035) 0.009 0.033 0.006 0.010 
  12   (0.036) 0.010 0.033 0.006 0.011 
  13   (0.052) 0.050 0.008 0.008 0.050 
  14   (0.081) 0.169 0.012 0.013 0.165 
  15   (0.042) 0.011 0.006 0.007 0.118 
  16   (0.039) 0.010 0.006 0.006 0.047 

Locus 96 : locus96 
25 alleles
0.0% missing data
   1   (0.059) 0.126 0.009 0.065 0.018 
   2   (0.059) 0.016 0.179 0.093 0.018 
   3   (0.044) 0.012 0.007 0.035 0.048 
   4   (0.062) 0.053 0.015 0.285 0.019 
   5   (0.069) 0.018 0.147 0.184 0.021 
   6   (0.031) 0.008 0.008 0.058 0.009 
   7   (0.049) 0.013 0.051 0.049 0.015 
   8   (0.061) 0.016 0.218 0.111 0.018 
   9   (0.032) 0.009 0.005 0.033 0.010 
  10   (0.036) 0.010 0.147 0.007 0.011 
  11   (0.035) 0.009 0.146 0.007 0.010 
  12   (0.045) 0.012 0.007 0.007 0.329 
  13   (0.033) 0.009 0.005 0.005 0.045 
  14   (0.032) 0.008 0.005 0.005 0.080 
  15   (0.037) 0.010 0.006 0.006 0.116 
  16   (0.029) 0.008 0.004 0.005 0.079 
  17   (0.029) 0.008 0.004 0.005 0.044 
  18   (0.033) 0.009 0.005 0.005 0.045 
  19   (0.032) 0.045 0.005 0.005 0.009 
  20   (0.035) 0.156 0.005 0.006 0.010 
  21   (0.029) 0.044 0.004 0.005 0.009 
  22   (0.035) 0.193 0.005 0.006 0.010 
  23   (0.033) 0.082 0.005 0.005 0.010 
  24   (0.031) 0.082 0.005 0.005 0.009 
  25   (0.029) 0.045 0.004 0.005 0.009 

Locus 97 : locus97 
22 alleles
0.0% missing data
   1   (0.057) 0.015 0.182 0.058 0.017 
   2   (0.058) 0.015 0.076 0.082 0.017 
   3   (0.032) 0.008 0.005 0.092 0.010 
   4   (0.065) 0.017 0.134 0.141 0.019 
   5   (0.101) 0.137 0.136 0.264 0.030 
   6   (0.093) 0.061 0.311 0.195 0.028 
   7   (0.059) 0.016 0.077 0.081 0.018 
   8   (0.042) 0.011 0.006 0.007 0.188 
   9   (0.033) 0.009 0.005 0.005 0.045 
  10   (0.060) 0.052 0.009 0.010 0.298 
  11   (0.032) 0.008 0.005 0.005 0.044 
  12   (0.030) 0.008 0.004 0.005 0.044 
  13   (0.032) 0.008 0.005 0.005 0.044 
  14   (0.033) 0.009 0.005 0.005 0.045 
  15   (0.030) 0.008 0.005 0.005 0.044 
  16   (0.032) 0.008 0.005 0.005 0.045 
  17   (0.034) 0.082 0.005 0.006 0.010 
  18   (0.041) 0.122 0.006 0.007 0.012 
  19   (0.034) 0.082 0.005 0.006 0.010 
  20   (0.035) 0.120 0.005 0.006 0.010 
  21   (0.038) 0.157 0.006 0.006 0.011 
  22   (0.031) 0.045 0.005 0.005 0.009 

Locus 98 : locus98 
28 alleles
0.0% missing data
   1   (0.031) 0.008 0.005 0.118 0.009 
   2   (0.034) 0.009 0.008 0.059 0.010 
   3   (0.027) 0.007 0.004 0.061 0.008 
   4   (0.062) 0.163 0.014 0.147 0.018 
   5   (0.055) 0.088 0.013 0.146 0.017 
   6   (0.034) 0.009 0.009 0.115 0.010 
   7   (0.046) 0.049 0.009 0.090 0.014 
   8   (0.028) 0.007 0.004 0.033 0.008 
   9   (0.067) 0.312 0.017 0.117 0.020 
  10   (0.031) 0.008 0.089 0.005 0.009 
  11   (0.037) 0.010 0.229 0.008 0.011 
  12   (0.035) 0.009 0.116 0.007 0.010 
  13   (0.033) 0.009 0.169 0.009 0.010 
  14   (0.031) 0.008 0.057 0.008 0.009 
  15   (0.037) 0.010 0.087 0.008 0.011 
  16   (0.033) 0.009 0.113 0.009 0.010 
  17   (0.034) 0.009 0.005 0.005 0.080 
  18   (0.028) 0.007 0.004 0.004 0.043 
  19   (0.043) 0.011 0.006 0.007 0.223 
  20   (0.031) 0.008 0.005 0.005 0.080 
  21   (0.032) 0.008 0.005 0.005 0.080 
  22   (0.029) 0.008 0.004 0.005 0.044 
  23   (0.033) 0.009 0.005 0.005 0.115 
  24   (0.031) 0.008 0.005 0.005 0.044 
  25   (0.030) 0.008 0.004 0.005 0.044 
  26   (0.029) 0.008 0.004 0.005 0.044 
  27   (0.032) 0.156 0.005 0.005 0.010 
  28   (0.027) 0.044 0.004 0.004 0.008 

Locus 99 : locus99 
18 alleles
0.0% missing data
   1   (0.044) 0.012 0.008 0.200 0.013 
   2   (0.038) 0.010 0.008 0.087 0.011 
   3   (0.034) 0.009 0.005 0.033 0.010 
   4   (0.073) 0.167 0.016 0.173 0.022 
   5   (0.042) 0.011 0.010 0.197 0.012 
   6   (0.031) 0.008 0.005 0.033 0.009 
   7   (0.044) 0.012 0.014 0.138 0.013 
   8   (0.115) 0.067 0.209 0.027 0.280 
   9   (0.129) 0.218 0.292 0.034 0.178 
  10   (0.066) 0.017 0.239 0.012 0.054 
  11   (0.089) 0.097 0.064 0.021 0.132 
  12   (0.058) 0.089 0.066 0.009 0.017 
  13   (0.033) 0.009 0.034 0.005 0.010 
  14   (0.073) 0.167 0.011 0.011 0.127 
  15   (0.033) 0.009 0.005 0.005 0.045 
  16   (0.032) 0.008 0.005 0.005 0.045 
  17   (0.035) 0.046 0.005 0.005 0.010 
  18   (0.032) 0.045 0.005 0.005 0.010 

Locus 100 : locus100 
27 alleles
0.0% missing data
   1   (0.052) 0.050 0.012 0.230 0.016 
   2   (0.054) 0.125 0.008 0.037 0.016 
   3   (0.033) 0.009 0.008 0.058 0.010 
   4   (0.052) 0.050 0.013 0.201 0.016 
   5   (0.037) 0.010 0.008 0.144 0.011 
   6   (0.050) 0.050 0.007 0.093 0.015 
   7   (0.030) 0.008 0.005 0.033 0.009 
   8   (0.031) 0.008 0.005 0.033 0.009 
   9   (0.034) 0.009 0.008 0.059 0.010 
  10   (0.043) 0.011 0.427 0.010 0.013 
  11   (0.033) 0.009 0.087 0.007 0.010 
  12   (0.037) 0.010 0.199 0.009 0.011 
  13   (0.057) 0.126 0.060 0.014 0.017 
  14   (0.029) 0.008 0.061 0.005 0.009 
  15   (0.028) 0.007 0.032 0.004 0.008 
  16   (0.060) 0.052 0.009 0.010 0.404 
  17   (0.033) 0.009 0.005 0.005 0.115 
  18   (0.029) 0.008 0.004 0.005 0.044 
  19   (0.037) 0.010 0.005 0.006 0.116 
  20   (0.030) 0.008 0.004 0.005 0.044 
  21   (0.030) 0.008 0.005 0.005 0.044 
  22   (0.028) 0.044 0.004 0.004 0.008 
  23   (0.029) 0.044 0.004 0.005 0.009 
  24   (0.036) 0.157 0.005 0.006 0.011 
  25   (0.033) 0.082 0.005 0.005 0.010 
  26   (0.031) 0.045 0.005 0.005 0.009 
  27   (0.025) 0.043 0.004 0.004 0.007 

Values of parameters used in structure:
DATAFILE=parentandhybrid8.str,	OUTFILE=parentandhybrid4Deme_2,	NUMINDS=50,	NUMLOCI=100,	MISSING=0,	LABEL=1,	POPDATA=0,	POPFLAG=0,	PHENOTYPE=0,	EXTRACOLS=0,	MAXPOPS=4,	BURNIN=200000,	NUMREPS=200000,	USEPOPINFO=0,	INFERALPHA=1,	INFERLAMBDA=0,	POPSPECIFICLAMBDA=0,	POPALPHAS=0,	COMPUTEPROB=1,	NOADMIX=0,	ADMBURNIN=500,	UPDATEFREQ=100,	PRINTLIKES=0,	INTERMEDSAVE=0,	PRINTKLD=0,	PRINTNET=1,	PRINTLAMBDA=1,	ANCESTDIST=0,	NUMBOXES=1000,	ANCESTPINT=0.90000,	GENSBACK=2,	MIGRPRIOR=0.01000,	PRINTQHAT=0,	PRINTQSUM=1,	ALPHA=1.0000,	FREQSCORR=1,	FPRIORMEAN=0.0100,	FPRIORSD=0.0500,	ONEFST=0,	LAMBDA=1.0000,	UNIFPRIORALPHA=1,	ALPHAMAX=10.0000,	ALPHAPRIORA=1.0000,	ALPHAPRIORB=2.0000,	ALPHAPROPSD=0.0250,	STARTATPOPINFO=0,	RANDOMIZE=1,	LINKAGE=0,	METROFREQ=10,	REPORTHITRATE=0,	MARKOVPHASE=0,	PHASED=0,	PLOIDY=2,	PHASEINFO=0	LOCPRIOR=0, 	LOCPRIORINIT=1.000000, 	LOCDATA=0, 	LOCISPOP=0, 	LOCPRIORSTEP=0.100000, 	MAXLOCPRIOR=20.000000, 	SEED=1658931065,	
[STRAT parameters]:    NUMSIMSTATS=1000,	PHENOTYPECOL=-9,	POOLFREQ=10,	LOCUSxONLY=0,	EMERROR=0.00100,	MISSINGPHENO=-9,	