

----------------------------------------------------
STRUCTURE by Pritchard, Stephens and Donnelly (2000)
     and Falush, Stephens and Pritchard (2003)
       Code by Pritchard, Falush and Hubisz
             Version 2.3.4 (Jul 2012)
----------------------------------------------------



Command line arguments:   /usr/local/bin/structure -i parentandhybrid8.str -m mainparams.txt -e extraparams.txt -K 4 -o parentandhybrid4Deme_5 
Input File:    parentandhybrid8.str

Run parameters:
   50 individuals
   100 loci
   4 populations assumed
   200000 Burn-in period
   200000 Reps


--------------------------------------------
Overall proportion of membership of the
sample in each of the 4 clusters

Inferred Clusters
  1      2      3      4    
0.200  0.200  0.299  0.301  

--------------------------------------------

Allele-freq. divergence among pops (Net nucleotide distance),
computed using point estimates of P.

      1       2       3       4      
 1      -    0.0817  0.1006  0.1010  
 2   0.0817     -    0.0940  0.0985  
 3   0.1006  0.0940     -    0.1104  
 4   0.1010  0.0985  0.1104     -    

Average distances (expected heterozygosity) between individuals in same cluster:
cluster  1  : 0.8666 
cluster  2  : 0.8809 
cluster  3  : 0.8428 
cluster  4  : 0.8399 

--------------------------------------------
Estimated Ln Prob of Data   = -23343.8
Mean value of ln likelihood = -21690.6
Variance of ln likelihood   = 3306.2
Mean value of alpha         = 0.0279

Mean value of Fst_1         = 0.1225
Mean value of Fst_2         = 0.1059
Mean value of Fst_3         = 0.1495
Mean value of Fst_4         = 0.1590


Inferred ancestry of individuals:
        Label (%Miss) :  Inferred clusters
  1       01    (0)   :  0.001 0.000 0.998 0.001 
  2       02    (0)   :  0.000 0.001 0.999 0.000 
  3       03    (0)   :  0.000 0.000 0.999 0.000 
  4       04    (0)   :  0.000 0.001 0.999 0.000 
  5       05    (0)   :  0.000 0.000 0.999 0.000 
  6       06    (0)   :  0.001 0.001 0.998 0.001 
  7       07    (0)   :  0.000 0.000 0.999 0.001 
  8       08    (0)   :  0.000 0.000 0.999 0.000 
  9       09    (0)   :  0.000 0.001 0.999 0.000 
 10       10    (0)   :  0.001 0.001 0.998 0.001 
 11       11    (0)   :  0.000 0.000 0.001 0.999 
 12       12    (0)   :  0.000 0.000 0.000 0.999 
 13       13    (0)   :  0.002 0.001 0.003 0.994 
 14       14    (0)   :  0.001 0.001 0.001 0.998 
 15       15    (0)   :  0.000 0.000 0.000 0.999 
 16       16    (0)   :  0.000 0.001 0.000 0.998 
 17       17    (0)   :  0.000 0.000 0.000 0.999 
 18       18    (0)   :  0.000 0.000 0.000 0.999 
 19       19    (0)   :  0.000 0.000 0.000 0.999 
 20       20    (0)   :  0.000 0.001 0.000 0.998 
 21      h01    (0)   :  0.000 0.000 0.483 0.516 
 22      h02    (0)   :  0.000 0.000 0.497 0.503 
 23      h03    (0)   :  0.000 0.000 0.499 0.500 
 24      h04    (0)   :  0.000 0.000 0.496 0.504 
 25      h05    (0)   :  0.000 0.000 0.496 0.504 
 26      h06    (0)   :  0.000 0.000 0.498 0.501 
 27      h07    (0)   :  0.000 0.000 0.492 0.508 
 28      h08    (0)   :  0.000 0.000 0.504 0.496 
 29      h09    (0)   :  0.000 0.000 0.494 0.506 
 30      h10    (0)   :  0.000 0.000 0.475 0.524 
 31       21    (0)   :  0.000 0.999 0.000 0.000 
 32       22    (0)   :  0.000 0.999 0.000 0.000 
 33       23    (0)   :  0.001 0.999 0.000 0.000 
 34       24    (0)   :  0.000 0.999 0.000 0.000 
 35       25    (0)   :  0.000 0.999 0.000 0.000 
 36       26    (0)   :  0.001 0.998 0.001 0.000 
 37       27    (0)   :  0.001 0.998 0.000 0.000 
 38       28    (0)   :  0.000 0.999 0.000 0.000 
 39       29    (0)   :  0.000 0.999 0.000 0.000 
 40       30    (0)   :  0.000 0.999 0.000 0.000 
 41       31    (0)   :  0.999 0.001 0.000 0.000 
 42       32    (0)   :  0.999 0.000 0.000 0.000 
 43       33    (0)   :  0.999 0.000 0.001 0.000 
 44       34    (0)   :  0.999 0.000 0.000 0.001 
 45       35    (0)   :  0.998 0.001 0.000 0.000 
 46       36    (0)   :  0.999 0.000 0.000 0.000 
 47       37    (0)   :  0.999 0.000 0.000 0.000 
 48       38    (0)   :  0.999 0.000 0.000 0.000 
 49       39    (0)   :  0.999 0.000 0.000 0.001 
 50       40    (0)   :  0.999 0.000 0.001 0.000 


Estimated Allele Frequencies in each cluster
First column gives estimated ancestral frequencies


Locus 1 : locus1 
25 alleles
0.0% missing data
   1   (0.049) 0.087 0.015 0.036 0.007 
   2   (0.073) 0.203 0.022 0.261 0.016 
   3   (0.039) 0.010 0.012 0.115 0.010 
   4   (0.059) 0.089 0.018 0.146 0.013 
   5   (0.040) 0.010 0.012 0.144 0.009 
   6   (0.058) 0.236 0.017 0.037 0.009 
   7   (0.047) 0.049 0.014 0.036 0.007 
   8   (0.053) 0.124 0.016 0.065 0.008 
   9   (0.036) 0.009 0.011 0.058 0.009 
  10   (0.038) 0.010 0.011 0.012 0.140 
  11   (0.039) 0.010 0.012 0.009 0.313 
  12   (0.037) 0.010 0.011 0.006 0.147 
  13   (0.031) 0.008 0.009 0.005 0.033 
  14   (0.027) 0.007 0.008 0.004 0.032 
  15   (0.040) 0.010 0.012 0.011 0.170 
  16   (0.028) 0.007 0.008 0.005 0.032 
  17   (0.039) 0.010 0.117 0.006 0.006 
  18   (0.031) 0.008 0.044 0.005 0.005 
  19   (0.037) 0.010 0.222 0.006 0.005 
  20   (0.031) 0.008 0.044 0.005 0.005 
  21   (0.039) 0.010 0.152 0.006 0.006 
  22   (0.034) 0.009 0.080 0.005 0.005 
  23   (0.034) 0.009 0.080 0.005 0.005 
  24   (0.032) 0.008 0.045 0.005 0.005 
  25   (0.031) 0.045 0.009 0.005 0.005 

Locus 2 : locus2 
23 alleles
0.0% missing data
   1   (0.070) 0.018 0.161 0.179 0.014 
   2   (0.074) 0.056 0.092 0.095 0.014 
   3   (0.094) 0.209 0.098 0.159 0.014 
   4   (0.061) 0.016 0.088 0.118 0.015 
   5   (0.038) 0.010 0.011 0.092 0.006 
   6   (0.063) 0.201 0.019 0.086 0.019 
   7   (0.055) 0.015 0.051 0.109 0.021 
   8   (0.028) 0.007 0.008 0.062 0.004 
   9   (0.039) 0.010 0.012 0.008 0.143 
  10   (0.038) 0.010 0.011 0.010 0.141 
  11   (0.040) 0.011 0.012 0.010 0.224 
  12   (0.035) 0.009 0.010 0.007 0.114 
  13   (0.038) 0.010 0.011 0.010 0.141 
  14   (0.033) 0.009 0.010 0.007 0.086 
  15   (0.037) 0.010 0.222 0.006 0.006 
  16   (0.029) 0.008 0.044 0.005 0.004 
  17   (0.031) 0.008 0.044 0.005 0.005 
  18   (0.032) 0.008 0.045 0.005 0.005 
  19   (0.037) 0.157 0.011 0.006 0.005 
  20   (0.031) 0.045 0.009 0.005 0.005 
  21   (0.033) 0.082 0.010 0.006 0.005 
  22   (0.030) 0.045 0.009 0.005 0.004 
  23   (0.033) 0.045 0.010 0.005 0.005 

Locus 3 : locus3 
18 alleles
0.0% missing data
   1   (0.101) 0.322 0.065 0.097 0.020 
   2   (0.072) 0.166 0.021 0.093 0.014 
   3   (0.073) 0.019 0.092 0.179 0.015 
   4   (0.093) 0.025 0.063 0.335 0.063 
   5   (0.066) 0.017 0.055 0.181 0.011 
   6   (0.068) 0.018 0.055 0.016 0.256 
   7   (0.071) 0.019 0.056 0.019 0.309 
   8   (0.061) 0.016 0.053 0.013 0.089 
   9   (0.036) 0.010 0.011 0.006 0.061 
  10   (0.056) 0.015 0.087 0.009 0.036 
  11   (0.038) 0.010 0.011 0.009 0.087 
  12   (0.045) 0.012 0.189 0.007 0.007 
  13   (0.037) 0.010 0.081 0.006 0.005 
  14   (0.034) 0.009 0.045 0.006 0.005 
  15   (0.034) 0.009 0.045 0.005 0.005 
  16   (0.035) 0.009 0.045 0.006 0.005 
  17   (0.047) 0.233 0.014 0.008 0.007 
  18   (0.034) 0.082 0.010 0.006 0.005 

Locus 4 : locus4 
23 alleles
0.0% missing data
   1   (0.040) 0.011 0.012 0.143 0.009 
   2   (0.044) 0.012 0.013 0.282 0.012 
   3   (0.039) 0.010 0.012 0.058 0.010 
   4   (0.039) 0.010 0.012 0.091 0.006 
   5   (0.041) 0.011 0.012 0.172 0.009 
   6   (0.052) 0.051 0.016 0.064 0.008 
   7   (0.054) 0.088 0.016 0.065 0.008 
   8   (0.034) 0.009 0.010 0.005 0.062 
   9   (0.041) 0.011 0.012 0.012 0.227 
  10   (0.043) 0.011 0.013 0.009 0.089 
  11   (0.049) 0.013 0.050 0.008 0.064 
  12   (0.032) 0.009 0.010 0.005 0.033 
  13   (0.035) 0.009 0.010 0.009 0.058 
  14   (0.044) 0.012 0.013 0.010 0.315 
  15   (0.032) 0.008 0.009 0.005 0.033 
  16   (0.044) 0.012 0.259 0.007 0.007 
  17   (0.065) 0.128 0.125 0.010 0.010 
  18   (0.057) 0.125 0.087 0.009 0.009 
  19   (0.059) 0.052 0.228 0.009 0.009 
  20   (0.056) 0.125 0.052 0.009 0.008 
  21   (0.035) 0.083 0.010 0.006 0.005 
  22   (0.034) 0.082 0.010 0.005 0.005 
  23   (0.031) 0.119 0.009 0.005 0.005 

Locus 5 : locus5 
25 alleles
0.0% missing data
   1   (0.028) 0.008 0.008 0.033 0.004 
   2   (0.028) 0.007 0.008 0.089 0.004 
   3   (0.028) 0.007 0.008 0.115 0.006 
   4   (0.063) 0.017 0.194 0.119 0.012 
   5   (0.034) 0.009 0.010 0.227 0.008 
   6   (0.038) 0.010 0.011 0.139 0.012 
   7   (0.054) 0.014 0.122 0.060 0.013 
   8   (0.031) 0.008 0.009 0.058 0.008 
   9   (0.051) 0.014 0.156 0.036 0.008 
  10   (0.055) 0.051 0.016 0.013 0.146 
  11   (0.050) 0.124 0.015 0.008 0.036 
  12   (0.046) 0.123 0.014 0.007 0.035 
  13   (0.070) 0.239 0.021 0.019 0.229 
  14   (0.039) 0.047 0.012 0.006 0.034 
  15   (0.033) 0.009 0.010 0.007 0.117 
  16   (0.028) 0.008 0.009 0.005 0.033 
  17   (0.041) 0.048 0.012 0.007 0.035 
  18   (0.056) 0.161 0.017 0.012 0.090 
  19   (0.052) 0.050 0.015 0.012 0.145 
  20   (0.032) 0.008 0.115 0.005 0.005 
  21   (0.026) 0.007 0.043 0.004 0.004 
  22   (0.030) 0.008 0.044 0.005 0.005 
  23   (0.029) 0.008 0.044 0.005 0.004 
  24   (0.029) 0.008 0.044 0.005 0.004 
  25   (0.028) 0.007 0.043 0.005 0.004 

Locus 6 : locus6 
25 alleles
0.0% missing data
   1   (0.030) 0.008 0.009 0.033 0.005 
   2   (0.030) 0.008 0.009 0.061 0.005 
   3   (0.042) 0.011 0.013 0.117 0.008 
   4   (0.037) 0.010 0.011 0.116 0.007 
   5   (0.036) 0.010 0.011 0.113 0.010 
   6   (0.040) 0.010 0.012 0.198 0.010 
   7   (0.036) 0.010 0.011 0.142 0.009 
   8   (0.035) 0.009 0.010 0.058 0.009 
   9   (0.026) 0.007 0.008 0.032 0.004 
  10   (0.038) 0.010 0.011 0.009 0.145 
  11   (0.070) 0.276 0.021 0.013 0.209 
  12   (0.114) 0.251 0.104 0.026 0.409 
  13   (0.059) 0.163 0.018 0.020 0.083 
  14   (0.048) 0.013 0.120 0.008 0.035 
  15   (0.036) 0.009 0.081 0.006 0.006 
  16   (0.033) 0.009 0.080 0.005 0.005 
  17   (0.028) 0.007 0.044 0.005 0.004 
  18   (0.030) 0.008 0.044 0.005 0.004 
  19   (0.031) 0.008 0.044 0.005 0.005 
  20   (0.032) 0.008 0.080 0.005 0.005 
  21   (0.036) 0.009 0.116 0.006 0.005 
  22   (0.031) 0.008 0.079 0.005 0.005 
  23   (0.044) 0.048 0.048 0.007 0.007 
  24   (0.033) 0.045 0.010 0.005 0.005 
  25   (0.025) 0.043 0.007 0.004 0.004 

Locus 7 : locus7 
23 alleles
0.0% missing data
   1   (0.034) 0.009 0.010 0.144 0.006 
   2   (0.041) 0.011 0.012 0.195 0.013 
   3   (0.029) 0.008 0.009 0.032 0.004 
   4   (0.035) 0.009 0.011 0.142 0.008 
   5   (0.037) 0.010 0.011 0.142 0.009 
   6   (0.030) 0.008 0.009 0.033 0.005 
   7   (0.072) 0.056 0.021 0.059 0.104 
   8   (0.084) 0.170 0.025 0.050 0.231 
   9   (0.032) 0.008 0.009 0.061 0.005 
  10   (0.032) 0.008 0.009 0.033 0.005 
  11   (0.033) 0.009 0.010 0.005 0.033 
  12   (0.029) 0.008 0.009 0.005 0.061 
  13   (0.057) 0.015 0.299 0.009 0.036 
  14   (0.065) 0.091 0.019 0.018 0.287 
  15   (0.068) 0.312 0.020 0.015 0.092 
  16   (0.063) 0.017 0.159 0.016 0.061 
  17   (0.050) 0.050 0.085 0.008 0.007 
  18   (0.034) 0.009 0.080 0.005 0.005 
  19   (0.031) 0.008 0.044 0.005 0.005 
  20   (0.050) 0.087 0.050 0.008 0.008 
  21   (0.030) 0.008 0.044 0.005 0.005 
  22   (0.033) 0.009 0.045 0.005 0.005 
  23   (0.033) 0.083 0.010 0.005 0.005 

Locus 8 : locus8 
26 alleles
0.0% missing data
   1   (0.059) 0.016 0.017 0.295 0.056 
   2   (0.028) 0.007 0.008 0.032 0.004 
   3   (0.039) 0.011 0.012 0.166 0.011 
   4   (0.037) 0.010 0.011 0.086 0.008 
   5   (0.030) 0.008 0.009 0.056 0.008 
   6   (0.036) 0.009 0.011 0.169 0.008 
   7   (0.027) 0.007 0.008 0.032 0.004 
   8   (0.049) 0.013 0.015 0.045 0.084 
   9   (0.055) 0.051 0.016 0.013 0.149 
  10   (0.038) 0.010 0.011 0.010 0.262 
  11   (0.039) 0.010 0.012 0.009 0.147 
  12   (0.033) 0.009 0.010 0.005 0.092 
  13   (0.033) 0.009 0.010 0.005 0.063 
  14   (0.031) 0.008 0.009 0.005 0.034 
  15   (0.032) 0.008 0.080 0.005 0.005 
  16   (0.033) 0.009 0.080 0.005 0.005 
  17   (0.034) 0.009 0.080 0.005 0.005 
  18   (0.034) 0.009 0.186 0.005 0.005 
  19   (0.048) 0.160 0.049 0.008 0.007 
  20   (0.033) 0.009 0.045 0.005 0.005 
  21   (0.053) 0.051 0.121 0.008 0.008 
  22   (0.034) 0.009 0.080 0.005 0.005 
  23   (0.062) 0.200 0.089 0.010 0.010 
  24   (0.032) 0.156 0.010 0.005 0.005 
  25   (0.035) 0.083 0.010 0.005 0.005 
  26   (0.036) 0.120 0.011 0.006 0.006 

Locus 9 : locus9 
21 alleles
0.0% missing data
   1   (0.048) 0.049 0.014 0.119 0.009 
   2   (0.052) 0.050 0.016 0.120 0.010 
   3   (0.085) 0.170 0.060 0.182 0.015 
   4   (0.059) 0.016 0.088 0.121 0.011 
   5   (0.073) 0.203 0.022 0.143 0.021 
   6   (0.099) 0.174 0.100 0.073 0.042 
   7   (0.034) 0.009 0.010 0.059 0.008 
   8   (0.057) 0.015 0.052 0.085 0.018 
   9   (0.053) 0.014 0.051 0.011 0.118 
  10   (0.041) 0.011 0.012 0.009 0.228 
  11   (0.039) 0.010 0.012 0.010 0.142 
  12   (0.035) 0.009 0.010 0.006 0.061 
  13   (0.034) 0.009 0.010 0.009 0.113 
  14   (0.034) 0.009 0.010 0.011 0.139 
  15   (0.032) 0.009 0.010 0.005 0.033 
  16   (0.034) 0.009 0.080 0.006 0.005 
  17   (0.032) 0.008 0.045 0.005 0.005 
  18   (0.037) 0.010 0.116 0.006 0.005 
  19   (0.032) 0.009 0.115 0.005 0.005 
  20   (0.064) 0.164 0.159 0.010 0.009 
  21   (0.027) 0.044 0.008 0.004 0.004 

Locus 10 : locus10 
22 alleles
0.0% missing data
   1   (0.048) 0.087 0.014 0.036 0.007 
   2   (0.055) 0.051 0.016 0.203 0.011 
   3   (0.033) 0.009 0.010 0.058 0.008 
   4   (0.060) 0.126 0.018 0.120 0.011 
   5   (0.052) 0.087 0.015 0.148 0.009 
   6   (0.058) 0.015 0.158 0.060 0.014 
   7   (0.053) 0.050 0.016 0.140 0.016 
   8   (0.057) 0.125 0.017 0.090 0.012 
   9   (0.044) 0.049 0.013 0.035 0.007 
  10   (0.046) 0.012 0.049 0.007 0.035 
  11   (0.070) 0.018 0.161 0.016 0.260 
  12   (0.031) 0.008 0.009 0.006 0.145 
  13   (0.035) 0.009 0.011 0.009 0.199 
  14   (0.054) 0.015 0.087 0.014 0.059 
  15   (0.058) 0.015 0.123 0.009 0.065 
  16   (0.058) 0.015 0.158 0.014 0.060 
  17   (0.032) 0.008 0.010 0.008 0.058 
  18   (0.029) 0.008 0.044 0.005 0.004 
  19   (0.029) 0.008 0.044 0.005 0.004 
  20   (0.034) 0.083 0.010 0.005 0.005 
  21   (0.032) 0.082 0.010 0.005 0.005 
  22   (0.032) 0.119 0.009 0.005 0.005 

Locus 11 : locus11 
24 alleles
0.0% missing data
   1   (0.067) 0.018 0.020 0.127 0.288 
   2   (0.054) 0.014 0.051 0.200 0.013 
   3   (0.056) 0.015 0.051 0.119 0.011 
   4   (0.066) 0.017 0.020 0.141 0.189 
   5   (0.053) 0.014 0.051 0.119 0.010 
   6   (0.048) 0.013 0.085 0.036 0.007 
   7   (0.041) 0.011 0.012 0.143 0.010 
   8   (0.034) 0.009 0.010 0.009 0.058 
   9   (0.034) 0.009 0.010 0.005 0.090 
  10   (0.071) 0.277 0.021 0.022 0.141 
  11   (0.038) 0.010 0.011 0.008 0.088 
  12   (0.030) 0.008 0.009 0.005 0.033 
  13   (0.042) 0.011 0.259 0.007 0.006 
  14   (0.030) 0.008 0.044 0.005 0.005 
  15   (0.032) 0.009 0.045 0.005 0.005 
  16   (0.031) 0.008 0.044 0.005 0.005 
  17   (0.038) 0.010 0.152 0.006 0.006 
  18   (0.034) 0.009 0.045 0.005 0.005 
  19   (0.032) 0.082 0.010 0.005 0.005 
  20   (0.038) 0.157 0.011 0.006 0.006 
  21   (0.035) 0.120 0.010 0.006 0.005 
  22   (0.033) 0.082 0.010 0.005 0.005 
  23   (0.031) 0.045 0.009 0.005 0.005 
  24   (0.033) 0.045 0.010 0.005 0.005 

Locus 12 : locus12 
24 alleles
0.0% missing data
   1   (0.033) 0.009 0.010 0.089 0.005 
   2   (0.055) 0.198 0.016 0.092 0.008 
   3   (0.033) 0.009 0.010 0.057 0.008 
   4   (0.066) 0.091 0.020 0.306 0.020 
   5   (0.056) 0.051 0.017 0.258 0.011 
   6   (0.031) 0.008 0.009 0.057 0.008 
   7   (0.065) 0.017 0.125 0.013 0.235 
   8   (0.052) 0.014 0.050 0.010 0.120 
   9   (0.048) 0.013 0.085 0.008 0.036 
  10   (0.054) 0.014 0.086 0.012 0.091 
  11   (0.036) 0.009 0.011 0.008 0.174 
  12   (0.052) 0.014 0.050 0.014 0.116 
  13   (0.057) 0.015 0.158 0.014 0.061 
  14   (0.057) 0.015 0.122 0.014 0.060 
  15   (0.031) 0.008 0.045 0.005 0.005 
  16   (0.037) 0.010 0.116 0.006 0.006 
  17   (0.030) 0.081 0.009 0.005 0.005 
  18   (0.029) 0.082 0.009 0.005 0.004 
  19   (0.028) 0.044 0.008 0.004 0.004 
  20   (0.029) 0.081 0.009 0.005 0.004 
  21   (0.032) 0.082 0.010 0.005 0.005 
  22   (0.029) 0.045 0.009 0.005 0.005 
  23   (0.032) 0.045 0.010 0.005 0.005 
  24   (0.029) 0.044 0.009 0.005 0.004 

Locus 13 : locus13 
21 alleles
0.0% missing data
   1   (0.040) 0.011 0.012 0.143 0.009 
   2   (0.038) 0.010 0.011 0.145 0.007 
   3   (0.037) 0.010 0.011 0.058 0.009 
   4   (0.035) 0.009 0.010 0.116 0.007 
   5   (0.040) 0.011 0.012 0.172 0.009 
   6   (0.054) 0.088 0.016 0.060 0.013 
   7   (0.031) 0.008 0.009 0.033 0.005 
   8   (0.038) 0.010 0.011 0.114 0.010 
   9   (0.046) 0.049 0.014 0.035 0.007 
  10   (0.091) 0.061 0.133 0.020 0.178 
  11   (0.078) 0.094 0.058 0.014 0.209 
  12   (0.063) 0.090 0.019 0.017 0.229 
  13   (0.079) 0.095 0.059 0.018 0.148 
  14   (0.060) 0.016 0.088 0.012 0.120 
  15   (0.073) 0.313 0.162 0.012 0.011 
  16   (0.029) 0.008 0.044 0.005 0.004 
  17   (0.034) 0.009 0.080 0.005 0.005 
  18   (0.032) 0.008 0.080 0.005 0.005 
  19   (0.036) 0.010 0.116 0.006 0.005 
  20   (0.030) 0.008 0.044 0.005 0.005 
  21   (0.033) 0.082 0.010 0.005 0.005 

Locus 14 : locus14 
23 alleles
0.0% missing data
   1   (0.043) 0.012 0.013 0.200 0.009 
   2   (0.039) 0.010 0.012 0.224 0.011 
   3   (0.055) 0.051 0.016 0.143 0.013 
   4   (0.032) 0.009 0.010 0.061 0.005 
   5   (0.034) 0.009 0.010 0.061 0.005 
   6   (0.042) 0.011 0.013 0.171 0.009 
   7   (0.067) 0.018 0.126 0.014 0.206 
   8   (0.074) 0.020 0.163 0.017 0.233 
   9   (0.069) 0.018 0.091 0.017 0.203 
  10   (0.056) 0.015 0.052 0.011 0.120 
  11   (0.060) 0.016 0.088 0.012 0.120 
  12   (0.040) 0.010 0.082 0.006 0.006 
  13   (0.033) 0.009 0.045 0.005 0.005 
  14   (0.037) 0.010 0.116 0.006 0.006 
  15   (0.034) 0.009 0.080 0.005 0.005 
  16   (0.038) 0.157 0.011 0.006 0.006 
  17   (0.036) 0.083 0.011 0.006 0.005 
  18   (0.040) 0.158 0.012 0.006 0.006 
  19   (0.038) 0.121 0.011 0.006 0.006 
  20   (0.040) 0.121 0.012 0.006 0.006 
  21   (0.033) 0.046 0.010 0.005 0.005 
  22   (0.030) 0.044 0.009 0.005 0.005 
  23   (0.030) 0.045 0.009 0.005 0.005 

Locus 15 : locus15 
20 alleles
0.0% missing data
   1   (0.081) 0.058 0.024 0.153 0.067 
   2   (0.033) 0.009 0.010 0.033 0.005 
   3   (0.049) 0.013 0.015 0.049 0.051 
   4   (0.075) 0.020 0.198 0.175 0.014 
   5   (0.043) 0.011 0.013 0.224 0.010 
   6   (0.037) 0.010 0.011 0.057 0.010 
   7   (0.032) 0.009 0.010 0.060 0.005 
   8   (0.040) 0.010 0.012 0.138 0.013 
   9   (0.092) 0.098 0.098 0.016 0.243 
  10   (0.072) 0.019 0.092 0.020 0.290 
  11   (0.061) 0.127 0.018 0.012 0.122 
  12   (0.032) 0.008 0.009 0.005 0.034 
  13   (0.038) 0.010 0.011 0.008 0.090 
  14   (0.038) 0.010 0.117 0.006 0.006 
  15   (0.059) 0.089 0.123 0.009 0.009 
  16   (0.036) 0.010 0.081 0.006 0.006 
  17   (0.032) 0.008 0.045 0.005 0.005 
  18   (0.057) 0.199 0.052 0.009 0.009 
  19   (0.062) 0.237 0.054 0.010 0.010 
  20   (0.031) 0.045 0.009 0.005 0.005 

Locus 16 : locus16 
25 alleles
0.0% missing data
   1   (0.054) 0.051 0.016 0.115 0.011 
   2   (0.036) 0.010 0.011 0.085 0.008 
   3   (0.031) 0.008 0.009 0.032 0.005 
   4   (0.059) 0.016 0.018 0.239 0.082 
   5   (0.060) 0.016 0.018 0.139 0.045 
   6   (0.031) 0.008 0.009 0.032 0.005 
   7   (0.041) 0.011 0.012 0.164 0.012 
   8   (0.062) 0.016 0.018 0.090 0.186 
   9   (0.035) 0.009 0.010 0.009 0.119 
  10   (0.035) 0.009 0.010 0.005 0.093 
  11   (0.036) 0.010 0.011 0.007 0.209 
  12   (0.063) 0.017 0.089 0.012 0.154 
  13   (0.040) 0.011 0.222 0.006 0.006 
  14   (0.037) 0.010 0.187 0.006 0.006 
  15   (0.039) 0.010 0.082 0.006 0.006 
  16   (0.037) 0.010 0.116 0.006 0.006 
  17   (0.031) 0.008 0.044 0.005 0.005 
  18   (0.029) 0.008 0.044 0.005 0.005 
  19   (0.045) 0.343 0.013 0.007 0.007 
  20   (0.033) 0.082 0.010 0.005 0.005 
  21   (0.034) 0.083 0.010 0.005 0.005 
  22   (0.032) 0.119 0.010 0.005 0.005 
  23   (0.032) 0.045 0.010 0.005 0.005 
  24   (0.033) 0.046 0.010 0.005 0.005 
  25   (0.036) 0.046 0.011 0.006 0.006 

Locus 17 : locus17 
22 alleles
0.0% missing data
   1   (0.081) 0.058 0.094 0.176 0.020 
   2   (0.032) 0.009 0.010 0.034 0.005 
   3   (0.050) 0.013 0.085 0.037 0.007 
   4   (0.062) 0.016 0.019 0.107 0.192 
   5   (0.053) 0.014 0.016 0.137 0.049 
   6   (0.054) 0.014 0.016 0.094 0.091 
   7   (0.047) 0.086 0.014 0.036 0.007 
   8   (0.060) 0.016 0.018 0.276 0.084 
   9   (0.040) 0.011 0.012 0.012 0.223 
  10   (0.032) 0.008 0.010 0.005 0.032 
  11   (0.030) 0.008 0.009 0.005 0.060 
  12   (0.035) 0.009 0.010 0.007 0.115 
  13   (0.035) 0.009 0.010 0.009 0.057 
  14   (0.037) 0.010 0.152 0.006 0.006 
  15   (0.033) 0.009 0.080 0.005 0.005 
  16   (0.053) 0.088 0.051 0.009 0.008 
  17   (0.029) 0.008 0.044 0.005 0.004 
  18   (0.056) 0.088 0.087 0.009 0.008 
  19   (0.054) 0.272 0.051 0.009 0.008 
  20   (0.065) 0.238 0.125 0.011 0.010 
  21   (0.031) 0.008 0.044 0.005 0.005 
  22   (0.031) 0.008 0.044 0.005 0.005 

Locus 18 : locus18 
24 alleles
0.0% missing data
   1   (0.032) 0.009 0.010 0.117 0.006 
   2   (0.035) 0.009 0.010 0.091 0.005 
   3   (0.056) 0.015 0.087 0.037 0.008 
   4   (0.078) 0.021 0.164 0.234 0.017 
   5   (0.076) 0.020 0.128 0.143 0.022 
   6   (0.080) 0.021 0.270 0.149 0.018 
   7   (0.039) 0.010 0.011 0.059 0.009 
   8   (0.035) 0.009 0.010 0.062 0.005 
   9   (0.041) 0.011 0.012 0.009 0.171 
  10   (0.036) 0.009 0.011 0.008 0.283 
  11   (0.037) 0.010 0.011 0.008 0.087 
  12   (0.041) 0.011 0.012 0.012 0.169 
  13   (0.037) 0.010 0.011 0.010 0.058 
  14   (0.028) 0.008 0.008 0.005 0.032 
  15   (0.032) 0.009 0.010 0.005 0.033 
  16   (0.029) 0.008 0.009 0.005 0.032 
  17   (0.034) 0.009 0.115 0.006 0.005 
  18   (0.034) 0.009 0.045 0.005 0.005 
  19   (0.047) 0.380 0.014 0.008 0.007 
  20   (0.037) 0.120 0.011 0.006 0.005 
  21   (0.039) 0.121 0.011 0.006 0.006 
  22   (0.036) 0.083 0.011 0.006 0.005 
  23   (0.031) 0.045 0.009 0.005 0.005 
  24   (0.031) 0.045 0.009 0.005 0.005 

Locus 19 : locus19 
25 alleles
0.0% missing data
   1   (0.056) 0.015 0.122 0.176 0.012 
   2   (0.050) 0.013 0.121 0.036 0.008 
   3   (0.026) 0.007 0.008 0.032 0.004 
   4   (0.034) 0.009 0.010 0.091 0.005 
   5   (0.037) 0.010 0.011 0.089 0.008 
   6   (0.037) 0.010 0.011 0.141 0.012 
   7   (0.058) 0.015 0.193 0.061 0.014 
   8   (0.054) 0.014 0.051 0.141 0.017 
   9   (0.051) 0.014 0.085 0.093 0.008 
  10   (0.051) 0.014 0.121 0.036 0.008 
  11   (0.034) 0.009 0.010 0.008 0.143 
  12   (0.030) 0.008 0.009 0.005 0.033 
  13   (0.031) 0.008 0.009 0.005 0.061 
  14   (0.047) 0.086 0.014 0.008 0.035 
  15   (0.029) 0.008 0.009 0.005 0.032 
  16   (0.049) 0.270 0.015 0.008 0.035 
  17   (0.032) 0.009 0.010 0.009 0.057 
  18   (0.032) 0.009 0.010 0.007 0.116 
  19   (0.042) 0.011 0.012 0.012 0.282 
  20   (0.057) 0.089 0.017 0.013 0.089 
  21   (0.034) 0.009 0.080 0.006 0.005 
  22   (0.030) 0.008 0.044 0.005 0.004 
  23   (0.032) 0.118 0.009 0.005 0.005 
  24   (0.031) 0.045 0.009 0.005 0.005 
  25   (0.035) 0.193 0.010 0.006 0.005 

Locus 20 : locus20 
25 alleles
0.0% missing data
   1   (0.034) 0.009 0.010 0.142 0.008 
   2   (0.050) 0.013 0.015 0.074 0.111 
   3   (0.055) 0.015 0.122 0.059 0.013 
   4   (0.064) 0.017 0.054 0.113 0.046 
   5   (0.078) 0.021 0.058 0.304 0.080 
   6   (0.055) 0.014 0.016 0.148 0.065 
   7   (0.043) 0.012 0.013 0.048 0.050 
   8   (0.063) 0.090 0.019 0.016 0.262 
   9   (0.034) 0.009 0.010 0.007 0.118 
  10   (0.032) 0.009 0.010 0.006 0.118 
  11   (0.048) 0.013 0.049 0.012 0.060 
  12   (0.034) 0.009 0.116 0.005 0.005 
  13   (0.033) 0.009 0.080 0.005 0.005 
  14   (0.032) 0.009 0.115 0.005 0.005 
  15   (0.029) 0.008 0.079 0.005 0.005 
  16   (0.034) 0.009 0.045 0.005 0.005 
  17   (0.033) 0.009 0.080 0.005 0.005 
  18   (0.028) 0.007 0.043 0.005 0.004 
  19   (0.035) 0.156 0.010 0.006 0.005 
  20   (0.033) 0.229 0.010 0.005 0.005 
  21   (0.034) 0.082 0.010 0.005 0.005 
  22   (0.033) 0.082 0.010 0.005 0.005 
  23   (0.031) 0.082 0.009 0.005 0.005 
  24   (0.029) 0.044 0.009 0.005 0.004 
  25   (0.027) 0.044 0.008 0.004 0.004 

Locus 21 : locus21 
21 alleles
0.0% missing data
   1   (0.068) 0.128 0.020 0.229 0.018 
   2   (0.082) 0.058 0.094 0.233 0.018 
   3   (0.035) 0.009 0.011 0.090 0.005 
   4   (0.108) 0.102 0.138 0.118 0.084 
   5   (0.072) 0.093 0.056 0.122 0.013 
   6   (0.028) 0.007 0.008 0.033 0.004 
   7   (0.035) 0.009 0.011 0.058 0.009 
   8   (0.040) 0.011 0.012 0.011 0.255 
   9   (0.033) 0.009 0.010 0.009 0.058 
  10   (0.049) 0.013 0.085 0.008 0.035 
  11   (0.034) 0.009 0.010 0.006 0.173 
  12   (0.036) 0.010 0.011 0.009 0.143 
  13   (0.071) 0.093 0.056 0.023 0.083 
  14   (0.031) 0.008 0.009 0.005 0.033 
  15   (0.049) 0.087 0.015 0.008 0.035 
  16   (0.031) 0.008 0.079 0.005 0.005 
  17   (0.067) 0.091 0.266 0.011 0.010 
  18   (0.032) 0.008 0.080 0.005 0.005 
  19   (0.035) 0.083 0.010 0.006 0.005 
  20   (0.033) 0.119 0.010 0.005 0.005 
  21   (0.029) 0.044 0.009 0.005 0.004 

Locus 22 : locus22 
24 alleles
0.0% missing data
   1   (0.037) 0.010 0.011 0.138 0.012 
   2   (0.034) 0.009 0.010 0.089 0.005 
   3   (0.034) 0.009 0.010 0.115 0.007 
   4   (0.059) 0.016 0.017 0.092 0.181 
   5   (0.038) 0.010 0.011 0.142 0.009 
   6   (0.057) 0.089 0.017 0.089 0.012 
   7   (0.033) 0.009 0.010 0.057 0.008 
   8   (0.034) 0.009 0.010 0.115 0.007 
   9   (0.070) 0.019 0.091 0.049 0.086 
  10   (0.049) 0.013 0.050 0.011 0.091 
  11   (0.050) 0.013 0.050 0.008 0.065 
  12   (0.038) 0.010 0.011 0.008 0.261 
  13   (0.058) 0.015 0.158 0.014 0.061 
  14   (0.054) 0.014 0.192 0.009 0.036 
  15   (0.057) 0.015 0.052 0.018 0.085 
  16   (0.030) 0.008 0.009 0.005 0.033 
  17   (0.034) 0.009 0.116 0.005 0.005 
  18   (0.031) 0.008 0.080 0.005 0.005 
  19   (0.027) 0.007 0.043 0.004 0.004 
  20   (0.039) 0.231 0.012 0.006 0.006 
  21   (0.033) 0.045 0.010 0.005 0.005 
  22   (0.035) 0.193 0.011 0.006 0.005 
  23   (0.029) 0.044 0.009 0.005 0.004 
  24   (0.039) 0.194 0.012 0.006 0.006 

Locus 23 : locus23 
18 alleles
0.0% missing data
   1   (0.105) 0.101 0.032 0.162 0.265 
   2   (0.093) 0.061 0.028 0.253 0.113 
   3   (0.092) 0.098 0.027 0.224 0.058 
   4   (0.042) 0.011 0.013 0.203 0.008 
   5   (0.049) 0.050 0.015 0.036 0.007 
   6   (0.070) 0.166 0.021 0.015 0.091 
   7   (0.078) 0.131 0.023 0.021 0.171 
   8   (0.067) 0.092 0.020 0.015 0.175 
   9   (0.057) 0.052 0.017 0.014 0.060 
  10   (0.040) 0.011 0.117 0.007 0.006 
  11   (0.044) 0.011 0.189 0.007 0.006 
  12   (0.036) 0.009 0.046 0.006 0.005 
  13   (0.036) 0.009 0.081 0.006 0.005 
  14   (0.036) 0.010 0.046 0.006 0.005 
  15   (0.040) 0.011 0.152 0.006 0.006 
  16   (0.036) 0.010 0.081 0.006 0.005 
  17   (0.038) 0.010 0.082 0.006 0.006 
  18   (0.039) 0.158 0.012 0.006 0.006 

Locus 24 : locus24 
18 alleles
0.0% missing data
   1   (0.040) 0.011 0.012 0.146 0.007 
   2   (0.034) 0.009 0.010 0.034 0.005 
   3   (0.039) 0.010 0.011 0.088 0.008 
   4   (0.043) 0.011 0.013 0.146 0.008 
   5   (0.093) 0.025 0.168 0.344 0.023 
   6   (0.067) 0.018 0.266 0.038 0.010 
   7   (0.063) 0.053 0.019 0.084 0.020 
   8   (0.085) 0.133 0.025 0.021 0.288 
   9   (0.106) 0.175 0.067 0.021 0.238 
  10   (0.045) 0.012 0.013 0.011 0.144 
  11   (0.070) 0.018 0.126 0.015 0.092 
  12   (0.057) 0.089 0.017 0.009 0.037 
  13   (0.039) 0.010 0.012 0.009 0.088 
  14   (0.067) 0.165 0.090 0.011 0.010 
  15   (0.042) 0.011 0.118 0.007 0.006 
  16   (0.037) 0.083 0.011 0.006 0.006 
  17   (0.039) 0.121 0.012 0.006 0.006 
  18   (0.034) 0.046 0.010 0.006 0.005 

Locus 25 : locus25 
24 alleles
0.0% missing data
   1   (0.039) 0.010 0.012 0.115 0.008 
   2   (0.037) 0.010 0.011 0.249 0.010 
   3   (0.084) 0.022 0.095 0.237 0.066 
   4   (0.034) 0.009 0.010 0.142 0.006 
   5   (0.089) 0.023 0.203 0.102 0.064 
   6   (0.029) 0.008 0.009 0.032 0.004 
   7   (0.059) 0.016 0.088 0.012 0.238 
   8   (0.037) 0.010 0.011 0.007 0.178 
   9   (0.040) 0.011 0.012 0.011 0.175 
  10   (0.057) 0.015 0.122 0.014 0.061 
  11   (0.056) 0.015 0.087 0.012 0.092 
  12   (0.049) 0.013 0.085 0.008 0.036 
  13   (0.039) 0.010 0.117 0.006 0.006 
  14   (0.030) 0.008 0.044 0.005 0.005 
  15   (0.030) 0.045 0.009 0.005 0.005 
  16   (0.035) 0.083 0.010 0.005 0.005 
  17   (0.036) 0.231 0.011 0.006 0.006 
  18   (0.038) 0.120 0.011 0.006 0.006 
  19   (0.034) 0.082 0.010 0.005 0.005 
  20   (0.026) 0.044 0.008 0.004 0.004 
  21   (0.032) 0.082 0.010 0.005 0.005 
  22   (0.029) 0.044 0.009 0.005 0.004 
  23   (0.031) 0.045 0.009 0.005 0.005 
  24   (0.029) 0.044 0.009 0.005 0.004 

Locus 26 : locus26 
29 alleles
0.0% missing data
   1   (0.037) 0.010 0.011 0.088 0.008 
   2   (0.033) 0.009 0.010 0.144 0.008 
   3   (0.069) 0.018 0.196 0.150 0.012 
   4   (0.036) 0.009 0.011 0.062 0.005 
   5   (0.037) 0.010 0.011 0.314 0.009 
   6   (0.037) 0.010 0.011 0.083 0.012 
   7   (0.048) 0.013 0.085 0.036 0.007 
   8   (0.036) 0.010 0.011 0.011 0.309 
   9   (0.027) 0.007 0.008 0.004 0.032 
  10   (0.030) 0.008 0.009 0.005 0.089 
  11   (0.040) 0.011 0.012 0.009 0.228 
  12   (0.034) 0.009 0.010 0.007 0.144 
  13   (0.031) 0.008 0.009 0.005 0.033 
  14   (0.029) 0.008 0.009 0.005 0.032 
  15   (0.032) 0.008 0.080 0.005 0.005 
  16   (0.032) 0.008 0.045 0.005 0.005 
  17   (0.040) 0.011 0.223 0.006 0.006 
  18   (0.029) 0.008 0.079 0.005 0.004 
  19   (0.031) 0.008 0.044 0.005 0.005 
  20   (0.028) 0.007 0.044 0.005 0.004 
  21   (0.040) 0.231 0.012 0.006 0.006 
  22   (0.037) 0.120 0.011 0.006 0.005 
  23   (0.038) 0.157 0.011 0.006 0.006 
  24   (0.028) 0.081 0.008 0.004 0.004 
  25   (0.026) 0.044 0.008 0.004 0.004 
  26   (0.029) 0.044 0.009 0.005 0.004 
  27   (0.030) 0.044 0.009 0.005 0.004 
  28   (0.032) 0.045 0.009 0.005 0.005 
  29   (0.025) 0.043 0.008 0.004 0.004 

Locus 27 : locus27 
23 alleles
0.0% missing data
   1   (0.036) 0.009 0.011 0.061 0.008 
   2   (0.038) 0.010 0.011 0.149 0.008 
   3   (0.031) 0.008 0.009 0.034 0.005 
   4   (0.039) 0.010 0.012 0.092 0.008 
   5   (0.062) 0.016 0.089 0.184 0.010 
   6   (0.058) 0.015 0.052 0.181 0.012 
   7   (0.065) 0.017 0.019 0.067 0.201 
   8   (0.059) 0.016 0.017 0.086 0.182 
   9   (0.050) 0.050 0.015 0.037 0.007 
  10   (0.037) 0.010 0.011 0.010 0.056 
  11   (0.041) 0.011 0.012 0.011 0.221 
  12   (0.040) 0.011 0.012 0.010 0.139 
  13   (0.037) 0.010 0.011 0.010 0.056 
  14   (0.031) 0.008 0.009 0.005 0.032 
  15   (0.041) 0.011 0.259 0.007 0.006 
  16   (0.067) 0.165 0.125 0.011 0.010 
  17   (0.035) 0.009 0.080 0.006 0.005 
  18   (0.037) 0.010 0.116 0.006 0.005 
  19   (0.058) 0.237 0.052 0.010 0.008 
  20   (0.031) 0.008 0.044 0.005 0.005 
  21   (0.032) 0.045 0.010 0.005 0.005 
  22   (0.033) 0.082 0.010 0.006 0.005 
  23   (0.043) 0.232 0.013 0.007 0.006 

Locus 28 : locus28 
15 alleles
0.0% missing data
   1   (0.045) 0.012 0.014 0.200 0.009 
   2   (0.089) 0.171 0.027 0.226 0.024 
   3   (0.079) 0.021 0.023 0.122 0.240 
   4   (0.061) 0.016 0.053 0.121 0.009 
   5   (0.054) 0.014 0.051 0.036 0.008 
   6   (0.060) 0.016 0.088 0.037 0.009 
   7   (0.095) 0.025 0.310 0.117 0.024 
   8   (0.059) 0.016 0.018 0.045 0.115 
   9   (0.044) 0.012 0.013 0.007 0.150 
  10   (0.043) 0.011 0.013 0.009 0.119 
  11   (0.095) 0.210 0.063 0.022 0.064 
  12   (0.087) 0.354 0.026 0.018 0.095 
  13   (0.106) 0.101 0.102 0.026 0.120 
  14   (0.043) 0.011 0.118 0.007 0.007 
  15   (0.039) 0.010 0.082 0.006 0.006 

Locus 29 : locus29 
28 alleles
0.0% missing data
   1   (0.049) 0.086 0.014 0.091 0.010 
   2   (0.053) 0.124 0.016 0.085 0.016 
   3   (0.035) 0.009 0.011 0.146 0.008 
   4   (0.053) 0.014 0.016 0.083 0.186 
   5   (0.029) 0.008 0.008 0.089 0.006 
   6   (0.031) 0.008 0.009 0.145 0.007 
   7   (0.029) 0.008 0.008 0.033 0.004 
   8   (0.044) 0.048 0.013 0.060 0.010 
   9   (0.045) 0.012 0.084 0.036 0.007 
  10   (0.043) 0.085 0.013 0.035 0.006 
  11   (0.027) 0.007 0.008 0.033 0.004 
  12   (0.044) 0.160 0.013 0.035 0.006 
  13   (0.030) 0.008 0.009 0.034 0.004 
  14   (0.032) 0.009 0.010 0.006 0.143 
  15   (0.033) 0.009 0.010 0.011 0.194 
  16   (0.045) 0.012 0.048 0.010 0.087 
  17   (0.031) 0.008 0.009 0.006 0.115 
  18   (0.029) 0.008 0.009 0.005 0.032 
  19   (0.031) 0.008 0.009 0.009 0.112 
  20   (0.031) 0.008 0.115 0.005 0.005 
  21   (0.034) 0.009 0.221 0.006 0.005 
  22   (0.028) 0.007 0.113 0.005 0.004 
  23   (0.048) 0.049 0.120 0.008 0.007 
  24   (0.029) 0.008 0.044 0.005 0.004 
  25   (0.039) 0.047 0.047 0.006 0.006 
  26   (0.029) 0.081 0.009 0.005 0.004 
  27   (0.028) 0.118 0.008 0.005 0.004 
  28   (0.021) 0.042 0.006 0.003 0.003 

Locus 30 : locus30 
22 alleles
0.0% missing data
   1   (0.035) 0.009 0.010 0.169 0.008 
   2   (0.040) 0.011 0.012 0.221 0.011 
   3   (0.037) 0.010 0.011 0.142 0.007 
   4   (0.036) 0.009 0.011 0.140 0.009 
   5   (0.028) 0.007 0.008 0.032 0.004 
   6   (0.029) 0.008 0.009 0.032 0.005 
   7   (0.031) 0.008 0.009 0.032 0.005 
   8   (0.037) 0.010 0.011 0.057 0.010 
   9   (0.069) 0.166 0.020 0.038 0.039 
  10   (0.079) 0.057 0.094 0.019 0.207 
  11   (0.054) 0.050 0.016 0.010 0.210 
  12   (0.062) 0.016 0.124 0.019 0.086 
  13   (0.069) 0.349 0.020 0.017 0.119 
  14   (0.028) 0.007 0.008 0.004 0.033 
  15   (0.084) 0.059 0.201 0.017 0.095 
  16   (0.056) 0.125 0.017 0.014 0.061 
  17   (0.046) 0.012 0.049 0.007 0.036 
  18   (0.049) 0.013 0.085 0.008 0.036 
  19   (0.031) 0.008 0.080 0.005 0.005 
  20   (0.037) 0.010 0.152 0.006 0.006 
  21   (0.031) 0.008 0.044 0.005 0.005 
  22   (0.032) 0.045 0.010 0.005 0.005 

Locus 31 : locus31 
14 alleles
0.0% missing data
   1   (0.044) 0.012 0.013 0.316 0.011 
   2   (0.118) 0.068 0.105 0.113 0.148 
   3   (0.059) 0.052 0.018 0.122 0.011 
   4   (0.040) 0.011 0.012 0.121 0.006 
   5   (0.035) 0.009 0.010 0.034 0.005 
   6   (0.122) 0.290 0.071 0.125 0.054 
   7   (0.096) 0.025 0.134 0.069 0.156 
   8   (0.121) 0.105 0.212 0.031 0.258 
   9   (0.096) 0.099 0.099 0.018 0.179 
  10   (0.105) 0.101 0.137 0.024 0.148 
  11   (0.039) 0.010 0.117 0.006 0.006 
  12   (0.054) 0.088 0.051 0.009 0.008 
  13   (0.036) 0.083 0.011 0.006 0.005 
  14   (0.035) 0.046 0.010 0.006 0.005 

Locus 32 : locus32 
23 alleles
0.0% missing data
   1   (0.041) 0.011 0.012 0.119 0.006 
   2   (0.040) 0.011 0.012 0.117 0.008 
   3   (0.044) 0.012 0.013 0.113 0.012 
   4   (0.046) 0.012 0.014 0.310 0.012 
   5   (0.037) 0.010 0.011 0.087 0.008 
   6   (0.065) 0.017 0.089 0.119 0.012 
   7   (0.043) 0.011 0.013 0.014 0.141 
   8   (0.059) 0.052 0.018 0.011 0.178 
   9   (0.038) 0.010 0.011 0.007 0.147 
  10   (0.078) 0.168 0.023 0.018 0.233 
  11   (0.041) 0.011 0.012 0.010 0.145 
  12   (0.032) 0.009 0.010 0.005 0.033 
  13   (0.034) 0.009 0.080 0.005 0.005 
  14   (0.043) 0.011 0.118 0.007 0.006 
  15   (0.041) 0.011 0.153 0.007 0.006 
  16   (0.040) 0.010 0.117 0.006 0.006 
  17   (0.039) 0.010 0.082 0.006 0.006 
  18   (0.043) 0.011 0.153 0.007 0.006 
  19   (0.041) 0.195 0.012 0.006 0.006 
  20   (0.037) 0.083 0.011 0.006 0.006 
  21   (0.042) 0.195 0.013 0.007 0.006 
  22   (0.038) 0.084 0.011 0.006 0.006 
  23   (0.037) 0.046 0.011 0.006 0.006 

Locus 33 : locus33 
16 alleles
0.0% missing data
   1   (0.089) 0.024 0.026 0.340 0.067 
   2   (0.040) 0.011 0.012 0.033 0.006 
   3   (0.061) 0.016 0.018 0.325 0.016 
   4   (0.083) 0.022 0.025 0.081 0.205 
   5   (0.049) 0.013 0.015 0.109 0.014 
   6   (0.046) 0.012 0.014 0.007 0.066 
   7   (0.049) 0.013 0.014 0.010 0.094 
   8   (0.053) 0.014 0.016 0.011 0.214 
   9   (0.054) 0.014 0.016 0.012 0.242 
  10   (0.086) 0.133 0.131 0.013 0.014 
  11   (0.055) 0.014 0.227 0.008 0.009 
  12   (0.052) 0.014 0.156 0.008 0.008 
  13   (0.100) 0.247 0.170 0.015 0.016 
  14   (0.088) 0.207 0.096 0.013 0.014 
  15   (0.041) 0.011 0.047 0.006 0.007 
  16   (0.054) 0.235 0.016 0.008 0.009 

Locus 34 : locus34 
18 alleles
0.0% missing data
   1   (0.043) 0.011 0.013 0.151 0.007 
   2   (0.127) 0.107 0.038 0.231 0.256 
   3   (0.077) 0.351 0.023 0.071 0.011 
   4   (0.076) 0.020 0.023 0.152 0.098 
   5   (0.067) 0.018 0.020 0.084 0.078 
   6   (0.076) 0.020 0.023 0.167 0.084 
   7   (0.081) 0.021 0.024 0.068 0.372 
   8   (0.038) 0.010 0.011 0.006 0.033 
   9   (0.039) 0.010 0.047 0.006 0.006 
  10   (0.043) 0.011 0.118 0.007 0.006 
  11   (0.051) 0.013 0.226 0.008 0.007 
  12   (0.045) 0.012 0.154 0.007 0.006 
  13   (0.038) 0.010 0.046 0.006 0.006 
  14   (0.041) 0.011 0.082 0.007 0.006 
  15   (0.040) 0.011 0.082 0.007 0.006 
  16   (0.033) 0.009 0.045 0.006 0.005 
  17   (0.046) 0.269 0.014 0.008 0.007 
  18   (0.040) 0.084 0.012 0.007 0.006 

Locus 35 : locus35 
24 alleles
0.0% missing data
   1   (0.032) 0.008 0.009 0.033 0.005 
   2   (0.052) 0.087 0.016 0.065 0.008 
   3   (0.036) 0.010 0.011 0.088 0.008 
   4   (0.039) 0.010 0.011 0.117 0.007 
   5   (0.059) 0.016 0.052 0.116 0.015 
   6   (0.067) 0.018 0.055 0.313 0.017 
   7   (0.052) 0.050 0.015 0.090 0.011 
   8   (0.051) 0.124 0.015 0.036 0.008 
   9   (0.030) 0.008 0.009 0.033 0.005 
  10   (0.064) 0.053 0.019 0.016 0.286 
  11   (0.040) 0.011 0.012 0.008 0.230 
  12   (0.034) 0.009 0.010 0.008 0.087 
  13   (0.063) 0.090 0.019 0.016 0.201 
  14   (0.031) 0.008 0.009 0.005 0.061 
  15   (0.035) 0.009 0.151 0.006 0.005 
  16   (0.034) 0.009 0.045 0.005 0.005 
  17   (0.040) 0.010 0.188 0.006 0.006 
  18   (0.035) 0.009 0.116 0.006 0.005 
  19   (0.039) 0.010 0.117 0.006 0.006 
  20   (0.031) 0.008 0.044 0.005 0.005 
  21   (0.026) 0.007 0.043 0.004 0.004 
  22   (0.035) 0.120 0.010 0.006 0.005 
  23   (0.035) 0.083 0.010 0.006 0.005 
  24   (0.042) 0.232 0.013 0.007 0.006 

Locus 36 : locus36 
17 alleles
0.0% missing data
   1   (0.070) 0.129 0.056 0.039 0.011 
   2   (0.034) 0.009 0.010 0.061 0.005 
   3   (0.035) 0.009 0.010 0.115 0.007 
   4   (0.064) 0.017 0.089 0.170 0.017 
   5   (0.121) 0.142 0.071 0.157 0.162 
   6   (0.130) 0.071 0.390 0.126 0.081 
   7   (0.056) 0.015 0.016 0.100 0.058 
   8   (0.059) 0.016 0.017 0.049 0.168 
   9   (0.067) 0.055 0.090 0.038 0.010 
  10   (0.037) 0.010 0.011 0.058 0.009 
  11   (0.084) 0.133 0.131 0.041 0.013 
  12   (0.040) 0.011 0.012 0.008 0.233 
  13   (0.039) 0.010 0.012 0.008 0.118 
  14   (0.031) 0.008 0.009 0.005 0.033 
  15   (0.037) 0.010 0.011 0.009 0.059 
  16   (0.060) 0.236 0.053 0.010 0.009 
  17   (0.036) 0.120 0.011 0.006 0.006 

Locus 37 : locus37 
23 alleles
0.0% missing data
   1   (0.053) 0.014 0.016 0.036 0.036 
   2   (0.043) 0.011 0.013 0.255 0.009 
   3   (0.063) 0.017 0.019 0.360 0.051 
   4   (0.043) 0.011 0.013 0.169 0.012 
   5   (0.036) 0.009 0.011 0.034 0.005 
   6   (0.039) 0.010 0.012 0.007 0.176 
   7   (0.067) 0.054 0.020 0.020 0.200 
   8   (0.046) 0.012 0.014 0.010 0.175 
   9   (0.039) 0.010 0.012 0.009 0.089 
  10   (0.036) 0.010 0.011 0.009 0.059 
  11   (0.051) 0.050 0.015 0.008 0.036 
  12   (0.036) 0.009 0.011 0.006 0.034 
  13   (0.062) 0.126 0.019 0.015 0.061 
  14   (0.047) 0.012 0.189 0.007 0.007 
  15   (0.039) 0.010 0.152 0.006 0.006 
  16   (0.043) 0.011 0.224 0.007 0.006 
  17   (0.037) 0.010 0.116 0.006 0.006 
  18   (0.036) 0.010 0.046 0.006 0.005 
  19   (0.032) 0.009 0.045 0.005 0.005 
  20   (0.046) 0.343 0.013 0.007 0.007 
  21   (0.040) 0.121 0.012 0.006 0.006 
  22   (0.032) 0.045 0.010 0.005 0.005 
  23   (0.035) 0.083 0.010 0.006 0.005 

Locus 38 : locus38 
17 alleles
0.0% missing data
   1   (0.049) 0.013 0.015 0.258 0.012 
   2   (0.086) 0.059 0.025 0.093 0.130 
   3   (0.133) 0.182 0.075 0.130 0.164 
   4   (0.042) 0.011 0.012 0.118 0.008 
   5   (0.040) 0.011 0.012 0.118 0.008 
   6   (0.069) 0.018 0.056 0.039 0.038 
   7   (0.057) 0.015 0.017 0.084 0.047 
   8   (0.041) 0.011 0.012 0.059 0.010 
   9   (0.042) 0.011 0.013 0.011 0.114 
  10   (0.060) 0.089 0.018 0.010 0.065 
  11   (0.093) 0.282 0.028 0.026 0.228 
  12   (0.085) 0.244 0.025 0.020 0.147 
  13   (0.043) 0.011 0.118 0.007 0.006 
  14   (0.035) 0.009 0.081 0.006 0.005 
  15   (0.036) 0.009 0.046 0.006 0.005 
  16   (0.043) 0.011 0.224 0.007 0.006 
  17   (0.046) 0.012 0.224 0.007 0.007 

Locus 39 : locus39 
17 alleles
0.0% missing data
   1   (0.108) 0.029 0.208 0.201 0.118 
   2   (0.032) 0.008 0.009 0.035 0.005 
   3   (0.055) 0.051 0.016 0.094 0.011 
   4   (0.083) 0.022 0.165 0.072 0.039 
   5   (0.031) 0.008 0.009 0.035 0.005 
   6   (0.033) 0.009 0.010 0.064 0.005 
   7   (0.110) 0.029 0.138 0.155 0.296 
   8   (0.052) 0.014 0.015 0.053 0.047 
   9   (0.061) 0.090 0.018 0.088 0.018 
  10   (0.063) 0.090 0.019 0.121 0.015 
  11   (0.067) 0.018 0.055 0.025 0.215 
  12   (0.062) 0.017 0.159 0.010 0.064 
  13   (0.069) 0.018 0.126 0.020 0.111 
  14   (0.058) 0.163 0.017 0.010 0.035 
  15   (0.041) 0.231 0.012 0.007 0.006 
  16   (0.038) 0.120 0.011 0.006 0.005 
  17   (0.037) 0.083 0.011 0.006 0.005 

Locus 40 : locus40 
20 alleles
0.0% missing data
   1   (0.059) 0.016 0.053 0.089 0.012 
   2   (0.075) 0.020 0.022 0.111 0.223 
   3   (0.058) 0.015 0.017 0.046 0.085 
   4   (0.085) 0.022 0.130 0.332 0.025 
   5   (0.039) 0.010 0.011 0.089 0.006 
   6   (0.040) 0.011 0.012 0.089 0.006 
   7   (0.068) 0.018 0.055 0.143 0.016 
   8   (0.044) 0.012 0.013 0.008 0.150 
   9   (0.044) 0.011 0.013 0.010 0.148 
  10   (0.043) 0.011 0.013 0.009 0.091 
  11   (0.068) 0.238 0.020 0.011 0.097 
  12   (0.037) 0.010 0.011 0.009 0.060 
  13   (0.031) 0.008 0.009 0.005 0.034 
  14   (0.035) 0.009 0.045 0.005 0.005 
  15   (0.045) 0.012 0.189 0.007 0.007 
  16   (0.047) 0.013 0.296 0.007 0.007 
  17   (0.067) 0.239 0.055 0.010 0.010 
  18   (0.040) 0.121 0.012 0.006 0.006 
  19   (0.037) 0.120 0.011 0.006 0.006 
  20   (0.039) 0.084 0.012 0.006 0.006 

Locus 41 : locus41 
18 alleles
0.0% missing data
   1   (0.112) 0.030 0.104 0.298 0.186 
   2   (0.063) 0.017 0.019 0.195 0.049 
   3   (0.058) 0.052 0.017 0.119 0.011 
   4   (0.078) 0.021 0.058 0.135 0.057 
   5   (0.055) 0.125 0.016 0.036 0.008 
   6   (0.072) 0.129 0.022 0.105 0.028 
   7   (0.066) 0.017 0.125 0.014 0.092 
   8   (0.065) 0.017 0.090 0.012 0.179 
   9   (0.073) 0.019 0.092 0.015 0.237 
  10   (0.061) 0.016 0.053 0.024 0.108 
  11   (0.043) 0.011 0.224 0.007 0.006 
  12   (0.037) 0.010 0.081 0.006 0.006 
  13   (0.032) 0.009 0.045 0.005 0.005 
  14   (0.040) 0.195 0.012 0.006 0.006 
  15   (0.037) 0.083 0.011 0.006 0.005 
  16   (0.032) 0.045 0.009 0.005 0.005 
  17   (0.037) 0.084 0.011 0.006 0.006 
  18   (0.038) 0.120 0.011 0.006 0.006 

Locus 42 : locus42 
18 alleles
0.0% missing data
   1   (0.079) 0.021 0.129 0.265 0.015 
   2   (0.086) 0.023 0.096 0.059 0.136 
   3   (0.086) 0.023 0.237 0.149 0.019 
   4   (0.037) 0.010 0.011 0.091 0.006 
   5   (0.063) 0.017 0.054 0.117 0.016 
   6   (0.042) 0.011 0.012 0.141 0.013 
   7   (0.032) 0.008 0.009 0.033 0.005 
   8   (0.034) 0.009 0.010 0.034 0.005 
   9   (0.064) 0.164 0.019 0.010 0.066 
  10   (0.035) 0.009 0.010 0.006 0.033 
  11   (0.041) 0.011 0.012 0.008 0.174 
  12   (0.116) 0.288 0.070 0.034 0.254 
  13   (0.082) 0.242 0.024 0.021 0.201 
  14   (0.033) 0.009 0.010 0.005 0.033 
  15   (0.059) 0.052 0.123 0.010 0.009 
  16   (0.041) 0.011 0.117 0.007 0.006 
  17   (0.034) 0.009 0.045 0.005 0.005 
  18   (0.035) 0.083 0.010 0.006 0.005 

Locus 43 : locus43 
27 alleles
0.0% missing data
   1   (0.032) 0.008 0.010 0.061 0.005 
   2   (0.036) 0.010 0.011 0.058 0.009 
   3   (0.033) 0.009 0.010 0.197 0.008 
   4   (0.037) 0.010 0.011 0.310 0.009 
   5   (0.033) 0.009 0.010 0.061 0.005 
   6   (0.035) 0.009 0.010 0.087 0.008 
   7   (0.028) 0.007 0.008 0.032 0.004 
   8   (0.034) 0.009 0.010 0.058 0.009 
   9   (0.033) 0.009 0.010 0.009 0.058 
  10   (0.046) 0.012 0.049 0.007 0.035 
  11   (0.039) 0.010 0.012 0.009 0.259 
  12   (0.032) 0.009 0.009 0.007 0.088 
  13   (0.038) 0.010 0.011 0.008 0.174 
  14   (0.039) 0.010 0.011 0.008 0.089 
  15   (0.029) 0.008 0.009 0.005 0.033 
  16   (0.037) 0.010 0.011 0.010 0.059 
  17   (0.035) 0.009 0.010 0.009 0.059 
  18   (0.031) 0.008 0.009 0.005 0.033 
  19   (0.080) 0.279 0.305 0.013 0.012 
  20   (0.055) 0.051 0.298 0.009 0.008 
  21   (0.031) 0.008 0.079 0.005 0.005 
  22   (0.045) 0.049 0.048 0.007 0.007 
  23   (0.032) 0.082 0.009 0.005 0.005 
  24   (0.030) 0.045 0.009 0.005 0.005 
  25   (0.027) 0.044 0.008 0.004 0.004 
  26   (0.035) 0.120 0.010 0.006 0.005 
  27   (0.040) 0.158 0.012 0.006 0.006 

Locus 44 : locus44 
21 alleles
0.0% missing data
   1   (0.062) 0.016 0.018 0.131 0.142 
   2   (0.095) 0.062 0.028 0.401 0.128 
   3   (0.057) 0.015 0.017 0.091 0.067 
   4   (0.060) 0.016 0.018 0.059 0.217 
   5   (0.039) 0.010 0.012 0.140 0.010 
   6   (0.054) 0.014 0.016 0.041 0.148 
   7   (0.077) 0.057 0.023 0.046 0.150 
   8   (0.038) 0.010 0.011 0.010 0.060 
   9   (0.058) 0.089 0.088 0.009 0.009 
  10   (0.039) 0.010 0.222 0.006 0.006 
  11   (0.040) 0.011 0.222 0.006 0.006 
  12   (0.046) 0.049 0.049 0.007 0.007 
  13   (0.042) 0.011 0.153 0.007 0.006 
  14   (0.050) 0.050 0.050 0.008 0.008 
  15   (0.037) 0.120 0.011 0.006 0.006 
  16   (0.034) 0.046 0.010 0.005 0.005 
  17   (0.029) 0.044 0.009 0.005 0.004 
  18   (0.036) 0.083 0.011 0.006 0.006 
  19   (0.037) 0.120 0.011 0.006 0.006 
  20   (0.035) 0.083 0.010 0.005 0.005 
  21   (0.036) 0.083 0.011 0.006 0.006 

Locus 45 : locus45 
22 alleles
0.0% missing data
   1   (0.067) 0.018 0.020 0.285 0.107 
   2   (0.052) 0.014 0.015 0.048 0.080 
   3   (0.063) 0.017 0.019 0.334 0.113 
   4   (0.030) 0.008 0.009 0.034 0.004 
   5   (0.031) 0.008 0.009 0.034 0.005 
   6   (0.031) 0.008 0.009 0.034 0.005 
   7   (0.058) 0.015 0.017 0.065 0.202 
   8   (0.033) 0.009 0.010 0.035 0.005 
   9   (0.032) 0.009 0.010 0.005 0.060 
  10   (0.055) 0.014 0.051 0.016 0.112 
  11   (0.031) 0.008 0.009 0.005 0.060 
  12   (0.028) 0.007 0.008 0.005 0.032 
  13   (0.038) 0.010 0.011 0.015 0.080 
  14   (0.058) 0.015 0.088 0.021 0.080 
  15   (0.049) 0.050 0.085 0.008 0.007 
  16   (0.069) 0.202 0.126 0.011 0.010 
  17   (0.039) 0.010 0.258 0.006 0.006 
  18   (0.056) 0.199 0.052 0.009 0.008 
  19   (0.051) 0.124 0.050 0.009 0.007 
  20   (0.064) 0.164 0.089 0.011 0.009 
  21   (0.029) 0.008 0.044 0.005 0.004 
  22   (0.036) 0.083 0.011 0.006 0.005 

Locus 46 : locus46 
17 alleles
0.0% missing data
   1   (0.145) 0.296 0.148 0.373 0.034 
   2   (0.126) 0.143 0.178 0.263 0.027 
   3   (0.064) 0.017 0.019 0.048 0.199 
   4   (0.065) 0.017 0.019 0.067 0.179 
   5   (0.064) 0.017 0.019 0.048 0.200 
   6   (0.032) 0.008 0.010 0.033 0.005 
   7   (0.075) 0.020 0.022 0.099 0.235 
   8   (0.032) 0.009 0.010 0.005 0.033 
   9   (0.032) 0.008 0.010 0.005 0.033 
  10   (0.042) 0.011 0.153 0.007 0.006 
  11   (0.035) 0.009 0.045 0.006 0.005 
  12   (0.039) 0.010 0.117 0.006 0.006 
  13   (0.062) 0.200 0.053 0.010 0.009 
  14   (0.056) 0.088 0.052 0.009 0.008 
  15   (0.062) 0.090 0.089 0.010 0.009 
  16   (0.034) 0.009 0.045 0.005 0.005 
  17   (0.035) 0.046 0.010 0.006 0.005 

Locus 47 : locus47 
25 alleles
0.0% missing data
   1   (0.046) 0.012 0.014 0.416 0.014 
   2   (0.034) 0.009 0.010 0.033 0.005 
   3   (0.036) 0.010 0.011 0.143 0.007 
   4   (0.037) 0.010 0.011 0.171 0.007 
   5   (0.030) 0.008 0.009 0.032 0.005 
   6   (0.031) 0.008 0.009 0.060 0.005 
   7   (0.063) 0.017 0.089 0.020 0.085 
   8   (0.040) 0.011 0.012 0.008 0.205 
   9   (0.034) 0.009 0.010 0.008 0.261 
  10   (0.036) 0.010 0.011 0.006 0.120 
  11   (0.032) 0.008 0.010 0.005 0.034 
  12   (0.055) 0.015 0.086 0.009 0.037 
  13   (0.039) 0.010 0.012 0.012 0.142 
  14   (0.052) 0.087 0.051 0.008 0.008 
  15   (0.067) 0.165 0.161 0.011 0.010 
  16   (0.037) 0.010 0.117 0.006 0.006 
  17   (0.039) 0.010 0.187 0.006 0.006 
  18   (0.043) 0.048 0.048 0.007 0.007 
  19   (0.053) 0.125 0.051 0.008 0.008 
  20   (0.035) 0.009 0.045 0.006 0.005 
  21   (0.031) 0.045 0.009 0.005 0.005 
  22   (0.027) 0.044 0.008 0.004 0.004 
  23   (0.032) 0.082 0.009 0.005 0.005 
  24   (0.035) 0.156 0.010 0.006 0.005 
  25   (0.036) 0.083 0.011 0.006 0.006 

Locus 48 : locus48 
18 alleles
0.0% missing data
   1   (0.060) 0.016 0.018 0.396 0.013 
   2   (0.058) 0.015 0.017 0.312 0.013 
   3   (0.050) 0.013 0.015 0.146 0.009 
   4   (0.058) 0.015 0.017 0.016 0.229 
   5   (0.054) 0.014 0.016 0.012 0.374 
   6   (0.050) 0.013 0.015 0.012 0.146 
   7   (0.047) 0.013 0.014 0.008 0.064 
   8   (0.036) 0.010 0.011 0.006 0.034 
   9   (0.037) 0.010 0.011 0.006 0.034 
  10   (0.042) 0.011 0.083 0.007 0.006 
  11   (0.102) 0.211 0.277 0.016 0.015 
  12   (0.096) 0.209 0.204 0.015 0.015 
  13   (0.074) 0.093 0.092 0.012 0.011 
  14   (0.040) 0.011 0.047 0.006 0.006 
  15   (0.042) 0.011 0.083 0.007 0.006 
  16   (0.064) 0.127 0.054 0.010 0.010 
  17   (0.042) 0.085 0.012 0.007 0.006 
  18   (0.047) 0.123 0.014 0.008 0.007 

Locus 49 : locus49 
21 alleles
0.0% missing data
   1   (0.037) 0.010 0.011 0.346 0.008 
   2   (0.038) 0.010 0.011 0.148 0.007 
   3   (0.088) 0.170 0.026 0.113 0.111 
   4   (0.075) 0.057 0.022 0.159 0.062 
   5   (0.031) 0.008 0.009 0.034 0.005 
   6   (0.031) 0.008 0.009 0.034 0.005 
   7   (0.052) 0.124 0.015 0.037 0.008 
   8   (0.059) 0.016 0.123 0.015 0.059 
   9   (0.048) 0.086 0.014 0.008 0.063 
  10   (0.054) 0.051 0.016 0.012 0.089 
  11   (0.095) 0.172 0.098 0.021 0.176 
  12   (0.070) 0.019 0.126 0.020 0.225 
  13   (0.045) 0.012 0.049 0.007 0.035 
  14   (0.035) 0.009 0.011 0.008 0.087 
  15   (0.046) 0.049 0.014 0.007 0.035 
  16   (0.039) 0.010 0.257 0.006 0.006 
  17   (0.031) 0.008 0.044 0.005 0.005 
  18   (0.037) 0.010 0.116 0.006 0.005 
  19   (0.028) 0.044 0.008 0.005 0.004 
  20   (0.033) 0.082 0.010 0.005 0.005 
  21   (0.028) 0.044 0.008 0.005 0.004 

Locus 50 : locus50 
22 alleles
0.0% missing data
   1   (0.080) 0.021 0.024 0.346 0.185 
   2   (0.039) 0.010 0.012 0.059 0.010 
   3   (0.064) 0.017 0.019 0.111 0.078 
   4   (0.042) 0.011 0.013 0.170 0.012 
   5   (0.063) 0.017 0.159 0.066 0.010 
   6   (0.056) 0.015 0.017 0.101 0.057 
   7   (0.051) 0.014 0.015 0.036 0.036 
   8   (0.068) 0.018 0.161 0.011 0.095 
   9   (0.043) 0.011 0.013 0.010 0.315 
  10   (0.051) 0.088 0.015 0.008 0.036 
  11   (0.040) 0.011 0.012 0.017 0.108 
  12   (0.038) 0.010 0.116 0.006 0.006 
  13   (0.040) 0.011 0.152 0.006 0.006 
  14   (0.039) 0.010 0.187 0.006 0.006 
  15   (0.039) 0.194 0.012 0.006 0.006 
  16   (0.035) 0.083 0.010 0.006 0.005 
  17   (0.035) 0.046 0.011 0.006 0.005 
  18   (0.037) 0.120 0.011 0.006 0.006 
  19   (0.032) 0.045 0.009 0.005 0.005 
  20   (0.034) 0.082 0.010 0.005 0.005 
  21   (0.031) 0.045 0.009 0.005 0.005 
  22   (0.040) 0.121 0.012 0.006 0.006 

Locus 51 : locus51 
18 alleles
0.0% missing data
   1   (0.068) 0.018 0.020 0.302 0.055 
   2   (0.100) 0.100 0.030 0.125 0.186 
   3   (0.042) 0.011 0.012 0.145 0.008 
   4   (0.092) 0.024 0.098 0.097 0.100 
   5   (0.042) 0.011 0.013 0.172 0.009 
   6   (0.120) 0.105 0.071 0.070 0.336 
   7   (0.041) 0.011 0.012 0.007 0.149 
   8   (0.074) 0.019 0.163 0.016 0.093 
   9   (0.057) 0.052 0.123 0.009 0.009 
  10   (0.067) 0.312 0.055 0.011 0.010 
  11   (0.038) 0.010 0.081 0.006 0.006 
  12   (0.033) 0.009 0.045 0.005 0.005 
  13   (0.043) 0.011 0.153 0.007 0.006 
  14   (0.032) 0.008 0.045 0.005 0.005 
  15   (0.035) 0.009 0.045 0.006 0.005 
  16   (0.044) 0.122 0.013 0.007 0.007 
  17   (0.036) 0.083 0.011 0.006 0.005 
  18   (0.036) 0.083 0.011 0.006 0.005 

Locus 52 : locus52 
23 alleles
0.0% missing data
   1   (0.040) 0.011 0.012 0.201 0.008 
   2   (0.050) 0.013 0.050 0.064 0.007 
   3   (0.053) 0.014 0.121 0.036 0.008 
   4   (0.064) 0.017 0.089 0.286 0.015 
   5   (0.059) 0.016 0.088 0.090 0.012 
   6   (0.032) 0.009 0.010 0.033 0.005 
   7   (0.060) 0.052 0.018 0.140 0.018 
   8   (0.048) 0.049 0.014 0.036 0.007 
   9   (0.061) 0.090 0.018 0.015 0.201 
  10   (0.045) 0.012 0.013 0.011 0.370 
  11   (0.061) 0.200 0.018 0.015 0.060 
  12   (0.031) 0.008 0.009 0.005 0.033 
  13   (0.027) 0.007 0.008 0.004 0.032 
  14   (0.070) 0.239 0.021 0.013 0.178 
  15   (0.038) 0.010 0.222 0.006 0.006 
  16   (0.029) 0.008 0.044 0.005 0.004 
  17   (0.035) 0.009 0.081 0.006 0.005 
  18   (0.033) 0.009 0.045 0.005 0.005 
  19   (0.036) 0.009 0.081 0.006 0.005 
  20   (0.035) 0.083 0.010 0.006 0.005 
  21   (0.029) 0.044 0.009 0.005 0.004 
  22   (0.030) 0.045 0.009 0.005 0.005 
  23   (0.033) 0.046 0.010 0.005 0.005 

Locus 53 : locus53 
21 alleles
0.0% missing data
   1   (0.036) 0.009 0.011 0.088 0.007 
   2   (0.058) 0.015 0.052 0.200 0.014 
   3   (0.082) 0.022 0.059 0.138 0.140 
   4   (0.030) 0.008 0.009 0.033 0.004 
   5   (0.050) 0.013 0.050 0.090 0.010 
   6   (0.068) 0.018 0.196 0.092 0.014 
   7   (0.048) 0.013 0.049 0.092 0.007 
   8   (0.036) 0.010 0.011 0.083 0.013 
   9   (0.030) 0.008 0.009 0.033 0.005 
  10   (0.078) 0.021 0.199 0.055 0.054 
  11   (0.069) 0.091 0.020 0.016 0.346 
  12   (0.039) 0.010 0.012 0.014 0.083 
  13   (0.063) 0.164 0.019 0.012 0.149 
  14   (0.049) 0.087 0.015 0.008 0.035 
  15   (0.062) 0.201 0.018 0.015 0.060 
  16   (0.029) 0.008 0.008 0.005 0.033 
  17   (0.036) 0.010 0.116 0.006 0.005 
  18   (0.031) 0.008 0.044 0.005 0.005 
  19   (0.035) 0.009 0.081 0.006 0.005 
  20   (0.037) 0.193 0.011 0.006 0.006 
  21   (0.033) 0.082 0.010 0.005 0.005 

Locus 54 : locus54 
29 alleles
0.0% missing data
   1   (0.052) 0.014 0.086 0.144 0.012 
   2   (0.035) 0.009 0.010 0.227 0.008 
   3   (0.047) 0.012 0.049 0.089 0.010 
   4   (0.034) 0.009 0.010 0.256 0.007 
   5   (0.052) 0.014 0.121 0.060 0.013 
   6   (0.031) 0.008 0.009 0.058 0.008 
   7   (0.029) 0.008 0.009 0.033 0.004 
   8   (0.034) 0.009 0.010 0.008 0.144 
   9   (0.053) 0.124 0.016 0.011 0.119 
  10   (0.027) 0.007 0.008 0.004 0.032 
  11   (0.054) 0.125 0.016 0.011 0.120 
  12   (0.029) 0.008 0.009 0.011 0.083 
  13   (0.034) 0.009 0.010 0.007 0.117 
  14   (0.035) 0.009 0.010 0.008 0.144 
  15   (0.041) 0.048 0.012 0.007 0.034 
  16   (0.030) 0.008 0.009 0.007 0.088 
  17   (0.031) 0.008 0.150 0.005 0.005 
  18   (0.034) 0.009 0.186 0.005 0.005 
  19   (0.024) 0.006 0.042 0.004 0.004 
  20   (0.031) 0.008 0.044 0.005 0.005 
  21   (0.029) 0.008 0.079 0.005 0.004 
  22   (0.027) 0.007 0.043 0.004 0.004 
  23   (0.032) 0.119 0.009 0.005 0.005 
  24   (0.030) 0.082 0.009 0.005 0.005 
  25   (0.028) 0.044 0.008 0.004 0.004 
  26   (0.032) 0.082 0.010 0.005 0.005 
  27   (0.027) 0.081 0.008 0.004 0.004 
  28   (0.028) 0.081 0.008 0.005 0.004 
  29   (0.028) 0.044 0.008 0.004 0.004 

Locus 55 : locus55 
22 alleles
0.0% missing data
   1   (0.058) 0.052 0.052 0.037 0.009 
   2   (0.056) 0.015 0.052 0.205 0.011 
   3   (0.058) 0.015 0.052 0.261 0.012 
   4   (0.057) 0.015 0.122 0.091 0.011 
   5   (0.080) 0.058 0.200 0.063 0.018 
   6   (0.046) 0.012 0.084 0.036 0.007 
   7   (0.080) 0.095 0.129 0.094 0.016 
   8   (0.058) 0.200 0.017 0.061 0.013 
   9   (0.050) 0.050 0.015 0.060 0.012 
  10   (0.034) 0.009 0.010 0.007 0.144 
  11   (0.043) 0.011 0.013 0.011 0.338 
  12   (0.032) 0.009 0.009 0.007 0.115 
  13   (0.050) 0.050 0.015 0.013 0.059 
  14   (0.059) 0.126 0.018 0.012 0.118 
  15   (0.034) 0.009 0.010 0.009 0.057 
  16   (0.030) 0.008 0.009 0.005 0.032 
  17   (0.032) 0.008 0.080 0.005 0.005 
  18   (0.031) 0.008 0.079 0.005 0.005 
  19   (0.030) 0.118 0.009 0.005 0.004 
  20   (0.027) 0.044 0.008 0.004 0.004 
  21   (0.028) 0.044 0.008 0.004 0.004 
  22   (0.028) 0.044 0.008 0.004 0.004 

Locus 56 : locus56 
21 alleles
0.0% missing data
   1   (0.044) 0.012 0.013 0.311 0.010 
   2   (0.043) 0.011 0.013 0.228 0.009 
   3   (0.066) 0.018 0.125 0.120 0.013 
   4   (0.040) 0.011 0.012 0.113 0.011 
   5   (0.037) 0.010 0.011 0.087 0.008 
   6   (0.062) 0.016 0.054 0.014 0.261 
   7   (0.052) 0.087 0.016 0.008 0.036 
   8   (0.067) 0.018 0.090 0.014 0.206 
   9   (0.063) 0.090 0.019 0.015 0.147 
  10   (0.069) 0.018 0.091 0.017 0.203 
  11   (0.033) 0.009 0.010 0.005 0.033 
  12   (0.054) 0.088 0.051 0.009 0.008 
  13   (0.039) 0.010 0.117 0.006 0.006 
  14   (0.034) 0.009 0.045 0.005 0.005 
  15   (0.035) 0.009 0.081 0.006 0.005 
  16   (0.057) 0.052 0.123 0.009 0.009 
  17   (0.052) 0.087 0.050 0.008 0.008 
  18   (0.033) 0.009 0.045 0.005 0.005 
  19   (0.039) 0.121 0.012 0.006 0.006 
  20   (0.041) 0.195 0.012 0.007 0.006 
  21   (0.038) 0.120 0.011 0.006 0.006 

Locus 57 : locus57 
19 alleles
0.0% missing data
   1   (0.072) 0.019 0.127 0.178 0.015 
   2   (0.099) 0.063 0.170 0.185 0.017 
   3   (0.090) 0.060 0.132 0.125 0.017 
   4   (0.038) 0.010 0.011 0.059 0.009 
   5   (0.038) 0.010 0.011 0.115 0.010 
   6   (0.100) 0.173 0.065 0.144 0.028 
   7   (0.069) 0.018 0.302 0.039 0.010 
   8   (0.037) 0.010 0.011 0.063 0.006 
   9   (0.043) 0.011 0.013 0.010 0.283 
  10   (0.045) 0.012 0.013 0.011 0.143 
  11   (0.042) 0.011 0.013 0.010 0.142 
  12   (0.037) 0.010 0.011 0.008 0.087 
  13   (0.040) 0.011 0.012 0.009 0.087 
  14   (0.041) 0.011 0.012 0.009 0.087 
  15   (0.036) 0.010 0.011 0.006 0.033 
  16   (0.062) 0.237 0.053 0.010 0.009 
  17   (0.040) 0.158 0.012 0.006 0.006 
  18   (0.040) 0.121 0.012 0.007 0.006 
  19   (0.031) 0.045 0.009 0.005 0.005 

Locus 58 : locus58 
19 alleles
0.0% missing data
   1   (0.039) 0.010 0.011 0.143 0.009 
   2   (0.038) 0.010 0.011 0.113 0.010 
   3   (0.037) 0.010 0.011 0.087 0.008 
   4   (0.058) 0.015 0.052 0.231 0.011 
   5   (0.055) 0.015 0.051 0.089 0.011 
   6   (0.034) 0.009 0.010 0.087 0.007 
   7   (0.036) 0.009 0.011 0.058 0.009 
   8   (0.034) 0.009 0.010 0.061 0.005 
   9   (0.123) 0.253 0.142 0.032 0.376 
  10   (0.037) 0.010 0.011 0.007 0.118 
  11   (0.093) 0.208 0.063 0.021 0.149 
  12   (0.098) 0.210 0.276 0.016 0.042 
  13   (0.032) 0.008 0.009 0.005 0.033 
  14   (0.047) 0.049 0.014 0.008 0.035 
  15   (0.053) 0.014 0.086 0.008 0.065 
  16   (0.053) 0.051 0.016 0.011 0.090 
  17   (0.048) 0.050 0.049 0.008 0.007 
  18   (0.032) 0.009 0.045 0.005 0.005 
  19   (0.055) 0.051 0.122 0.009 0.008 

Locus 59 : locus59 
18 alleles
0.0% missing data
   1   (0.108) 0.250 0.032 0.197 0.063 
   2   (0.080) 0.021 0.165 0.183 0.014 
   3   (0.144) 0.332 0.148 0.212 0.032 
   4   (0.076) 0.020 0.093 0.265 0.016 
   5   (0.037) 0.010 0.011 0.034 0.005 
   6   (0.036) 0.009 0.011 0.006 0.033 
   7   (0.079) 0.205 0.023 0.016 0.120 
   8   (0.044) 0.012 0.013 0.011 0.226 
   9   (0.038) 0.010 0.011 0.010 0.057 
  10   (0.041) 0.011 0.012 0.009 0.087 
  11   (0.049) 0.013 0.015 0.012 0.226 
  12   (0.041) 0.011 0.012 0.009 0.087 
  13   (0.040) 0.011 0.082 0.007 0.006 
  14   (0.045) 0.012 0.189 0.007 0.007 
  15   (0.034) 0.009 0.045 0.006 0.005 
  16   (0.040) 0.011 0.082 0.007 0.006 
  17   (0.035) 0.009 0.045 0.006 0.005 
  18   (0.033) 0.045 0.010 0.005 0.005 

Locus 60 : locus60 
18 alleles
0.0% missing data
   1   (0.042) 0.011 0.012 0.111 0.011 
   2   (0.058) 0.015 0.017 0.064 0.038 
   3   (0.087) 0.134 0.026 0.420 0.020 
   4   (0.104) 0.101 0.031 0.112 0.174 
   5   (0.067) 0.018 0.020 0.048 0.318 
   6   (0.086) 0.206 0.026 0.145 0.020 
   7   (0.079) 0.131 0.024 0.017 0.181 
   8   (0.038) 0.010 0.011 0.010 0.060 
   9   (0.065) 0.165 0.020 0.010 0.038 
  10   (0.056) 0.088 0.017 0.009 0.038 
  11   (0.039) 0.010 0.012 0.010 0.060 
  12   (0.043) 0.011 0.153 0.007 0.007 
  13   (0.048) 0.013 0.331 0.008 0.007 
  14   (0.045) 0.012 0.154 0.007 0.007 
  15   (0.034) 0.009 0.045 0.005 0.005 
  16   (0.039) 0.010 0.047 0.006 0.006 
  17   (0.036) 0.010 0.046 0.006 0.006 
  18   (0.034) 0.046 0.010 0.005 0.005 

Locus 61 : locus61 
15 alleles
0.0% missing data
   1   (0.091) 0.355 0.027 0.089 0.052 
   2   (0.099) 0.100 0.030 0.197 0.200 
   3   (0.105) 0.028 0.207 0.129 0.129 
   4   (0.101) 0.027 0.136 0.201 0.111 
   5   (0.061) 0.016 0.018 0.108 0.108 
   6   (0.069) 0.018 0.055 0.053 0.053 
   7   (0.056) 0.051 0.016 0.060 0.013 
   8   (0.054) 0.051 0.016 0.060 0.013 
   9   (0.069) 0.092 0.021 0.039 0.038 
  10   (0.065) 0.091 0.019 0.015 0.146 
  11   (0.055) 0.125 0.016 0.009 0.036 
  12   (0.070) 0.018 0.161 0.023 0.083 
  13   (0.038) 0.010 0.117 0.006 0.006 
  14   (0.038) 0.010 0.116 0.006 0.006 
  15   (0.031) 0.008 0.044 0.005 0.005 

Locus 62 : locus62 
18 alleles
0.0% missing data
   1   (0.068) 0.055 0.055 0.093 0.014 
   2   (0.108) 0.102 0.067 0.181 0.135 
   3   (0.047) 0.012 0.014 0.051 0.048 
   4   (0.066) 0.018 0.020 0.210 0.205 
   5   (0.067) 0.055 0.020 0.039 0.094 
   6   (0.095) 0.430 0.028 0.101 0.095 
   7   (0.049) 0.013 0.050 0.121 0.009 
   8   (0.072) 0.093 0.127 0.040 0.011 
   9   (0.069) 0.092 0.021 0.087 0.047 
  10   (0.051) 0.014 0.085 0.008 0.063 
  11   (0.030) 0.008 0.009 0.005 0.032 
  12   (0.038) 0.010 0.011 0.013 0.138 
  13   (0.060) 0.016 0.123 0.020 0.082 
  14   (0.034) 0.009 0.080 0.006 0.005 
  15   (0.031) 0.008 0.044 0.005 0.005 
  16   (0.049) 0.050 0.085 0.008 0.007 
  17   (0.033) 0.009 0.080 0.005 0.005 
  18   (0.034) 0.009 0.080 0.006 0.005 

Locus 63 : locus63 
22 alleles
0.0% missing data
   1   (0.034) 0.009 0.010 0.061 0.005 
   2   (0.044) 0.012 0.013 0.279 0.011 
   3   (0.035) 0.009 0.010 0.061 0.005 
   4   (0.044) 0.012 0.013 0.306 0.012 
   5   (0.037) 0.010 0.011 0.086 0.008 
   6   (0.052) 0.051 0.016 0.063 0.008 
   7   (0.034) 0.009 0.010 0.007 0.090 
   8   (0.067) 0.018 0.090 0.014 0.209 
   9   (0.076) 0.241 0.023 0.019 0.118 
  10   (0.066) 0.017 0.160 0.010 0.096 
  11   (0.070) 0.019 0.161 0.015 0.179 
  12   (0.064) 0.017 0.124 0.013 0.093 
  13   (0.048) 0.013 0.049 0.008 0.036 
  14   (0.036) 0.010 0.011 0.012 0.085 
  15   (0.053) 0.087 0.086 0.008 0.008 
  16   (0.035) 0.009 0.081 0.006 0.005 
  17   (0.031) 0.008 0.045 0.005 0.005 
  18   (0.030) 0.008 0.044 0.005 0.004 
  19   (0.041) 0.195 0.012 0.006 0.006 
  20   (0.037) 0.120 0.011 0.006 0.006 
  21   (0.032) 0.045 0.009 0.005 0.005 
  22   (0.034) 0.082 0.010 0.005 0.005 

Locus 64 : locus64 
18 alleles
0.0% missing data
   1   (0.127) 0.218 0.038 0.353 0.073 
   2   (0.077) 0.020 0.023 0.182 0.151 
   3   (0.062) 0.164 0.018 0.037 0.009 
   4   (0.087) 0.023 0.026 0.316 0.156 
   5   (0.065) 0.017 0.054 0.015 0.150 
   6   (0.075) 0.167 0.022 0.012 0.128 
   7   (0.037) 0.010 0.011 0.006 0.064 
   8   (0.071) 0.055 0.021 0.017 0.208 
   9   (0.046) 0.012 0.225 0.007 0.007 
  10   (0.042) 0.011 0.153 0.007 0.007 
  11   (0.042) 0.011 0.118 0.007 0.006 
  12   (0.040) 0.010 0.082 0.006 0.006 
  13   (0.033) 0.009 0.045 0.005 0.005 
  14   (0.038) 0.010 0.046 0.006 0.006 
  15   (0.038) 0.010 0.081 0.006 0.006 
  16   (0.047) 0.160 0.014 0.007 0.007 
  17   (0.036) 0.046 0.011 0.006 0.006 
  18   (0.037) 0.046 0.011 0.006 0.006 

Locus 65 : locus65 
24 alleles
0.0% missing data
   1   (0.030) 0.008 0.009 0.061 0.004 
   2   (0.081) 0.021 0.129 0.375 0.017 
   3   (0.059) 0.016 0.053 0.174 0.013 
   4   (0.058) 0.015 0.052 0.116 0.015 
   5   (0.034) 0.009 0.010 0.034 0.005 
   6   (0.061) 0.016 0.088 0.116 0.015 
   7   (0.039) 0.010 0.012 0.009 0.088 
   8   (0.037) 0.010 0.011 0.007 0.173 
   9   (0.036) 0.010 0.011 0.014 0.166 
  10   (0.036) 0.009 0.011 0.006 0.062 
  11   (0.040) 0.011 0.012 0.010 0.229 
  12   (0.037) 0.010 0.011 0.007 0.117 
  13   (0.036) 0.010 0.011 0.006 0.034 
  14   (0.041) 0.011 0.153 0.007 0.006 
  15   (0.044) 0.012 0.154 0.007 0.007 
  16   (0.036) 0.009 0.116 0.006 0.005 
  17   (0.060) 0.200 0.052 0.010 0.009 
  18   (0.033) 0.009 0.045 0.005 0.005 
  19   (0.031) 0.045 0.009 0.005 0.005 
  20   (0.031) 0.192 0.009 0.005 0.005 
  21   (0.041) 0.158 0.012 0.007 0.006 
  22   (0.032) 0.045 0.009 0.005 0.005 
  23   (0.032) 0.082 0.009 0.005 0.005 
  24   (0.036) 0.083 0.011 0.006 0.005 

Locus 66 : locus66 
24 alleles
0.0% missing data
   1   (0.051) 0.087 0.015 0.036 0.008 
   2   (0.042) 0.011 0.013 0.229 0.008 
   3   (0.037) 0.010 0.011 0.059 0.009 
   4   (0.041) 0.011 0.012 0.199 0.010 
   5   (0.070) 0.018 0.091 0.201 0.017 
   6   (0.059) 0.089 0.018 0.091 0.012 
   7   (0.050) 0.087 0.015 0.036 0.007 
   8   (0.045) 0.049 0.014 0.035 0.007 
   9   (0.030) 0.008 0.009 0.005 0.033 
  10   (0.035) 0.009 0.011 0.007 0.117 
  11   (0.040) 0.010 0.012 0.008 0.117 
  12   (0.038) 0.010 0.011 0.009 0.144 
  13   (0.035) 0.009 0.010 0.006 0.062 
  14   (0.043) 0.011 0.013 0.011 0.201 
  15   (0.039) 0.010 0.011 0.010 0.058 
  16   (0.038) 0.010 0.011 0.009 0.144 
  17   (0.040) 0.011 0.082 0.006 0.006 
  18   (0.037) 0.010 0.116 0.006 0.005 
  19   (0.040) 0.011 0.188 0.006 0.006 
  20   (0.032) 0.008 0.045 0.005 0.005 
  21   (0.042) 0.011 0.223 0.007 0.006 
  22   (0.033) 0.009 0.045 0.005 0.005 
  23   (0.038) 0.120 0.011 0.006 0.006 
  24   (0.046) 0.380 0.014 0.007 0.007 

Locus 67 : locus67 
22 alleles
0.0% missing data
   1   (0.083) 0.059 0.165 0.185 0.014 
   2   (0.051) 0.014 0.015 0.081 0.075 
   3   (0.080) 0.168 0.024 0.126 0.068 
   4   (0.084) 0.133 0.060 0.156 0.015 
   5   (0.065) 0.201 0.019 0.150 0.015 
   6   (0.069) 0.055 0.021 0.141 0.052 
   7   (0.073) 0.130 0.127 0.041 0.011 
   8   (0.042) 0.011 0.048 0.036 0.006 
   9   (0.038) 0.010 0.011 0.010 0.279 
  10   (0.033) 0.009 0.010 0.010 0.111 
  11   (0.034) 0.009 0.010 0.010 0.111 
  12   (0.030) 0.008 0.009 0.005 0.032 
  13   (0.028) 0.008 0.008 0.005 0.032 
  14   (0.031) 0.008 0.009 0.005 0.088 
  15   (0.031) 0.008 0.009 0.005 0.060 
  16   (0.029) 0.008 0.044 0.005 0.004 
  17   (0.041) 0.011 0.153 0.007 0.006 
  18   (0.035) 0.009 0.116 0.006 0.005 
  19   (0.030) 0.008 0.044 0.005 0.005 
  20   (0.027) 0.007 0.043 0.004 0.004 
  21   (0.027) 0.007 0.043 0.005 0.004 
  22   (0.035) 0.120 0.010 0.006 0.005 

Locus 68 : locus68 
18 alleles
0.0% missing data
   1   (0.103) 0.432 0.031 0.256 0.026 
   2   (0.049) 0.013 0.015 0.285 0.009 
   3   (0.045) 0.012 0.013 0.226 0.010 
   4   (0.093) 0.098 0.203 0.042 0.014 
   5   (0.039) 0.010 0.012 0.058 0.010 
   6   (0.043) 0.011 0.013 0.009 0.234 
   7   (0.071) 0.019 0.127 0.015 0.093 
   8   (0.038) 0.010 0.011 0.008 0.089 
   9   (0.052) 0.014 0.051 0.008 0.036 
  10   (0.039) 0.010 0.012 0.008 0.089 
  11   (0.042) 0.011 0.012 0.008 0.148 
  12   (0.044) 0.011 0.013 0.012 0.116 
  13   (0.063) 0.017 0.054 0.020 0.085 
  14   (0.042) 0.011 0.083 0.007 0.006 
  15   (0.056) 0.088 0.052 0.009 0.009 
  16   (0.052) 0.051 0.050 0.008 0.008 
  17   (0.072) 0.129 0.162 0.011 0.011 
  18   (0.057) 0.052 0.087 0.009 0.009 

Locus 69 : locus69 
22 alleles
0.0% missing data
   1   (0.065) 0.017 0.195 0.068 0.010 
   2   (0.112) 0.030 0.103 0.474 0.239 
   3   (0.061) 0.016 0.018 0.093 0.206 
   4   (0.033) 0.009 0.010 0.060 0.008 
   5   (0.052) 0.014 0.050 0.092 0.011 
   6   (0.031) 0.008 0.009 0.034 0.005 
   7   (0.057) 0.015 0.087 0.067 0.008 
   8   (0.039) 0.010 0.012 0.009 0.170 
   9   (0.059) 0.016 0.088 0.013 0.089 
  10   (0.062) 0.016 0.054 0.021 0.137 
  11   (0.053) 0.014 0.086 0.009 0.035 
  12   (0.030) 0.008 0.009 0.005 0.032 
  13   (0.031) 0.008 0.044 0.005 0.005 
  14   (0.032) 0.008 0.080 0.005 0.005 
  15   (0.032) 0.008 0.045 0.005 0.005 
  16   (0.031) 0.008 0.044 0.005 0.005 
  17   (0.035) 0.046 0.011 0.006 0.005 
  18   (0.045) 0.306 0.013 0.007 0.007 
  19   (0.037) 0.120 0.011 0.006 0.005 
  20   (0.037) 0.157 0.011 0.006 0.005 
  21   (0.030) 0.045 0.009 0.005 0.004 
  22   (0.036) 0.120 0.011 0.006 0.005 

Locus 70 : locus70 
22 alleles
0.0% missing data
   1   (0.061) 0.016 0.018 0.046 0.254 
   2   (0.030) 0.008 0.009 0.033 0.004 
   3   (0.031) 0.008 0.009 0.061 0.005 
   4   (0.037) 0.010 0.011 0.200 0.009 
   5   (0.038) 0.010 0.011 0.146 0.007 
   6   (0.032) 0.008 0.010 0.033 0.005 
   7   (0.038) 0.010 0.011 0.115 0.010 
   8   (0.039) 0.010 0.012 0.141 0.012 
   9   (0.060) 0.016 0.018 0.050 0.165 
  10   (0.033) 0.009 0.010 0.034 0.005 
  11   (0.032) 0.008 0.009 0.033 0.005 
  12   (0.044) 0.012 0.013 0.011 0.255 
  13   (0.049) 0.013 0.050 0.008 0.064 
  14   (0.035) 0.009 0.011 0.009 0.058 
  15   (0.039) 0.010 0.012 0.014 0.082 
  16   (0.077) 0.315 0.163 0.013 0.012 
  17   (0.057) 0.052 0.193 0.009 0.009 
  18   (0.058) 0.052 0.158 0.009 0.009 
  19   (0.051) 0.087 0.050 0.008 0.008 
  20   (0.062) 0.127 0.089 0.010 0.009 
  21   (0.066) 0.164 0.125 0.011 0.010 
  22   (0.031) 0.045 0.009 0.005 0.005 

Locus 71 : locus71 
22 alleles
0.0% missing data
   1   (0.029) 0.008 0.009 0.061 0.004 
   2   (0.051) 0.050 0.015 0.258 0.010 
   3   (0.027) 0.007 0.008 0.060 0.004 
   4   (0.029) 0.008 0.009 0.033 0.004 
   5   (0.037) 0.010 0.011 0.165 0.014 
   6   (0.036) 0.009 0.011 0.088 0.007 
   7   (0.047) 0.049 0.014 0.064 0.007 
   8   (0.050) 0.050 0.015 0.083 0.016 
   9   (0.050) 0.050 0.015 0.059 0.012 
  10   (0.057) 0.089 0.017 0.018 0.141 
  11   (0.048) 0.013 0.049 0.011 0.089 
  12   (0.034) 0.009 0.010 0.006 0.146 
  13   (0.052) 0.014 0.086 0.011 0.090 
  14   (0.044) 0.012 0.048 0.007 0.035 
  15   (0.062) 0.053 0.054 0.012 0.121 
  16   (0.080) 0.131 0.165 0.013 0.069 
  17   (0.082) 0.095 0.094 0.022 0.173 
  18   (0.049) 0.013 0.156 0.008 0.035 
  19   (0.036) 0.010 0.186 0.006 0.006 
  20   (0.033) 0.119 0.010 0.005 0.005 
  21   (0.033) 0.119 0.010 0.005 0.005 
  22   (0.033) 0.082 0.010 0.005 0.005 

Locus 72 : locus72 
16 alleles
0.0% missing data
   1   (0.092) 0.025 0.168 0.091 0.051 
   2   (0.062) 0.016 0.018 0.113 0.076 
   3   (0.068) 0.018 0.020 0.316 0.049 
   4   (0.081) 0.021 0.094 0.053 0.085 
   5   (0.097) 0.026 0.064 0.281 0.172 
   6   (0.035) 0.009 0.010 0.035 0.005 
   7   (0.063) 0.053 0.019 0.018 0.168 
   8   (0.100) 0.100 0.100 0.024 0.229 
   9   (0.076) 0.057 0.128 0.013 0.039 
  10   (0.072) 0.166 0.021 0.016 0.090 
  11   (0.034) 0.009 0.045 0.006 0.005 
  12   (0.065) 0.054 0.265 0.011 0.010 
  13   (0.042) 0.195 0.012 0.007 0.006 
  14   (0.038) 0.083 0.011 0.006 0.006 
  15   (0.037) 0.083 0.011 0.006 0.005 
  16   (0.037) 0.083 0.011 0.006 0.005 

Locus 73 : locus73 
20 alleles
0.0% missing data
   1   (0.051) 0.013 0.015 0.064 0.065 
   2   (0.057) 0.015 0.017 0.335 0.047 
   3   (0.096) 0.136 0.134 0.141 0.029 
   4   (0.079) 0.057 0.024 0.085 0.194 
   5   (0.079) 0.021 0.059 0.114 0.163 
   6   (0.031) 0.008 0.009 0.033 0.005 
   7   (0.071) 0.092 0.056 0.061 0.017 
   8   (0.059) 0.126 0.018 0.083 0.019 
   9   (0.037) 0.010 0.011 0.010 0.115 
  10   (0.040) 0.011 0.012 0.009 0.230 
  11   (0.056) 0.162 0.017 0.009 0.065 
  12   (0.035) 0.009 0.081 0.006 0.005 
  13   (0.058) 0.089 0.123 0.009 0.009 
  14   (0.033) 0.009 0.115 0.005 0.005 
  15   (0.029) 0.008 0.044 0.005 0.004 
  16   (0.033) 0.009 0.115 0.005 0.005 
  17   (0.044) 0.048 0.048 0.007 0.007 
  18   (0.045) 0.049 0.049 0.007 0.007 
  19   (0.028) 0.008 0.043 0.005 0.004 
  20   (0.037) 0.120 0.011 0.006 0.006 

Locus 74 : locus74 
18 alleles
0.0% missing data
   1   (0.087) 0.023 0.096 0.170 0.078 
   2   (0.095) 0.062 0.028 0.203 0.222 
   3   (0.097) 0.026 0.099 0.223 0.141 
   4   (0.074) 0.167 0.022 0.201 0.013 
   5   (0.080) 0.021 0.059 0.048 0.237 
   6   (0.074) 0.020 0.057 0.077 0.087 
   7   (0.034) 0.009 0.010 0.005 0.064 
   8   (0.063) 0.017 0.159 0.010 0.068 
   9   (0.033) 0.009 0.010 0.005 0.034 
  10   (0.038) 0.010 0.152 0.006 0.006 
  11   (0.052) 0.051 0.086 0.008 0.008 
  12   (0.039) 0.010 0.117 0.006 0.006 
  13   (0.056) 0.088 0.052 0.009 0.009 
  14   (0.039) 0.157 0.012 0.006 0.006 
  15   (0.040) 0.158 0.012 0.006 0.006 
  16   (0.031) 0.045 0.009 0.005 0.005 
  17   (0.037) 0.083 0.011 0.006 0.006 
  18   (0.029) 0.044 0.009 0.005 0.004 

Locus 75 : locus75 
27 alleles
0.0% missing data
   1   (0.050) 0.013 0.015 0.047 0.081 
   2   (0.080) 0.095 0.024 0.287 0.051 
   3   (0.032) 0.009 0.010 0.118 0.006 
   4   (0.059) 0.016 0.018 0.111 0.298 
   5   (0.054) 0.014 0.016 0.068 0.172 
   6   (0.035) 0.009 0.010 0.084 0.012 
   7   (0.035) 0.009 0.010 0.060 0.008 
   8   (0.029) 0.008 0.009 0.062 0.004 
   9   (0.059) 0.052 0.017 0.038 0.065 
  10   (0.029) 0.008 0.009 0.033 0.004 
  11   (0.031) 0.008 0.009 0.005 0.060 
  12   (0.029) 0.008 0.009 0.005 0.060 
  13   (0.032) 0.008 0.009 0.009 0.112 
  14   (0.038) 0.010 0.327 0.006 0.006 
  15   (0.029) 0.008 0.044 0.005 0.004 
  16   (0.030) 0.008 0.044 0.005 0.004 
  17   (0.037) 0.010 0.186 0.006 0.005 
  18   (0.028) 0.007 0.043 0.005 0.004 
  19   (0.029) 0.008 0.079 0.005 0.004 
  20   (0.028) 0.008 0.044 0.005 0.004 
  21   (0.027) 0.044 0.008 0.004 0.004 
  22   (0.032) 0.082 0.010 0.005 0.005 
  23   (0.036) 0.193 0.011 0.006 0.005 
  24   (0.036) 0.083 0.011 0.006 0.005 
  25   (0.027) 0.081 0.008 0.004 0.004 
  26   (0.038) 0.157 0.011 0.006 0.006 
  27   (0.031) 0.045 0.009 0.005 0.005 

Locus 76 : locus76 
25 alleles
0.0% missing data
   1   (0.068) 0.018 0.020 0.189 0.225 
   2   (0.071) 0.019 0.021 0.234 0.073 
   3   (0.049) 0.013 0.015 0.261 0.012 
   4   (0.040) 0.011 0.012 0.085 0.013 
   5   (0.034) 0.009 0.010 0.063 0.005 
   6   (0.055) 0.014 0.016 0.051 0.050 
   7   (0.044) 0.012 0.013 0.010 0.199 
   8   (0.041) 0.011 0.012 0.011 0.336 
   9   (0.038) 0.010 0.222 0.006 0.006 
  10   (0.041) 0.011 0.153 0.007 0.006 
  11   (0.034) 0.009 0.045 0.006 0.005 
  12   (0.043) 0.011 0.188 0.007 0.006 
  13   (0.032) 0.008 0.044 0.005 0.005 
  14   (0.031) 0.008 0.080 0.005 0.005 
  15   (0.028) 0.007 0.043 0.005 0.004 
  16   (0.037) 0.157 0.011 0.006 0.005 
  17   (0.041) 0.195 0.012 0.007 0.006 
  18   (0.034) 0.046 0.010 0.006 0.005 
  19   (0.035) 0.083 0.011 0.006 0.005 
  20   (0.033) 0.045 0.010 0.005 0.005 
  21   (0.033) 0.119 0.010 0.005 0.005 
  22   (0.037) 0.047 0.011 0.006 0.006 
  23   (0.035) 0.046 0.010 0.006 0.005 
  24   (0.033) 0.046 0.010 0.005 0.005 
  25   (0.033) 0.045 0.010 0.005 0.005 

Locus 77 : locus77 
21 alleles
0.0% missing data
   1   (0.057) 0.052 0.017 0.060 0.014 
   2   (0.041) 0.011 0.012 0.082 0.014 
   3   (0.036) 0.009 0.011 0.062 0.005 
   4   (0.048) 0.013 0.014 0.367 0.011 
   5   (0.078) 0.168 0.023 0.175 0.017 
   6   (0.041) 0.011 0.012 0.118 0.006 
   7   (0.063) 0.090 0.019 0.010 0.123 
   8   (0.041) 0.011 0.012 0.009 0.203 
   9   (0.082) 0.169 0.024 0.022 0.230 
  10   (0.034) 0.009 0.010 0.005 0.034 
  11   (0.040) 0.011 0.012 0.008 0.118 
  12   (0.045) 0.012 0.013 0.012 0.115 
  13   (0.074) 0.240 0.022 0.018 0.062 
  14   (0.044) 0.012 0.153 0.007 0.007 
  15   (0.037) 0.010 0.081 0.006 0.006 
  16   (0.035) 0.009 0.045 0.006 0.005 
  17   (0.038) 0.010 0.082 0.006 0.006 
  18   (0.042) 0.011 0.153 0.007 0.006 
  19   (0.044) 0.012 0.189 0.007 0.007 
  20   (0.041) 0.011 0.083 0.007 0.006 
  21   (0.040) 0.121 0.012 0.006 0.006 

Locus 78 : locus78 
23 alleles
0.0% missing data
   1   (0.040) 0.011 0.012 0.060 0.010 
   2   (0.058) 0.015 0.017 0.191 0.054 
   3   (0.063) 0.017 0.019 0.092 0.124 
   4   (0.040) 0.011 0.012 0.120 0.007 
   5   (0.043) 0.011 0.013 0.206 0.008 
   6   (0.040) 0.010 0.012 0.120 0.007 
   7   (0.030) 0.008 0.009 0.034 0.004 
   8   (0.039) 0.010 0.012 0.060 0.009 
   9   (0.038) 0.010 0.011 0.009 0.335 
  10   (0.034) 0.009 0.010 0.009 0.057 
  11   (0.041) 0.011 0.012 0.011 0.196 
  12   (0.038) 0.010 0.011 0.009 0.087 
  13   (0.031) 0.008 0.009 0.005 0.032 
  14   (0.064) 0.164 0.090 0.011 0.009 
  15   (0.035) 0.009 0.045 0.006 0.005 
  16   (0.065) 0.091 0.160 0.011 0.010 
  17   (0.036) 0.010 0.081 0.006 0.005 
  18   (0.038) 0.010 0.152 0.006 0.006 
  19   (0.040) 0.010 0.187 0.006 0.006 
  20   (0.056) 0.236 0.052 0.009 0.008 
  21   (0.056) 0.125 0.052 0.009 0.008 
  22   (0.037) 0.120 0.011 0.006 0.005 
  23   (0.035) 0.083 0.011 0.006 0.005 

Locus 79 : locus79 
25 alleles
0.0% missing data
   1   (0.059) 0.016 0.018 0.135 0.245 
   2   (0.041) 0.011 0.012 0.293 0.008 
   3   (0.073) 0.019 0.022 0.158 0.286 
   4   (0.035) 0.009 0.010 0.063 0.005 
   5   (0.076) 0.094 0.022 0.052 0.084 
   6   (0.032) 0.009 0.010 0.034 0.005 
   7   (0.051) 0.014 0.015 0.067 0.034 
   8   (0.036) 0.010 0.011 0.086 0.011 
   9   (0.031) 0.008 0.009 0.005 0.060 
  10   (0.033) 0.009 0.010 0.005 0.032 
  11   (0.064) 0.090 0.019 0.025 0.161 
  12   (0.034) 0.009 0.080 0.006 0.005 
  13   (0.039) 0.010 0.293 0.006 0.006 
  14   (0.038) 0.010 0.152 0.006 0.006 
  15   (0.030) 0.008 0.044 0.005 0.004 
  16   (0.033) 0.009 0.045 0.005 0.005 
  17   (0.031) 0.008 0.044 0.005 0.005 
  18   (0.032) 0.009 0.045 0.005 0.005 
  19   (0.029) 0.008 0.044 0.005 0.004 
  20   (0.029) 0.008 0.044 0.005 0.004 
  21   (0.035) 0.120 0.010 0.006 0.005 
  22   (0.035) 0.193 0.011 0.006 0.005 
  23   (0.031) 0.045 0.009 0.005 0.005 
  24   (0.036) 0.120 0.011 0.006 0.005 
  25   (0.038) 0.157 0.011 0.006 0.006 

Locus 80 : locus80 
23 alleles
0.0% missing data
   1   (0.037) 0.010 0.011 0.287 0.007 
   2   (0.032) 0.009 0.010 0.061 0.005 
   3   (0.036) 0.010 0.011 0.114 0.009 
   4   (0.064) 0.017 0.089 0.146 0.015 
   5   (0.085) 0.059 0.096 0.166 0.029 
   6   (0.050) 0.050 0.015 0.065 0.008 
   7   (0.030) 0.008 0.009 0.033 0.005 
   8   (0.038) 0.010 0.011 0.010 0.199 
   9   (0.037) 0.010 0.011 0.011 0.170 
  10   (0.035) 0.009 0.010 0.006 0.062 
  11   (0.031) 0.008 0.009 0.007 0.087 
  12   (0.031) 0.008 0.009 0.005 0.033 
  13   (0.054) 0.088 0.016 0.009 0.065 
  14   (0.037) 0.010 0.011 0.006 0.118 
  15   (0.031) 0.008 0.009 0.005 0.033 
  16   (0.041) 0.011 0.012 0.017 0.107 
  17   (0.042) 0.011 0.223 0.007 0.006 
  18   (0.050) 0.087 0.050 0.008 0.007 
  19   (0.074) 0.130 0.268 0.012 0.011 
  20   (0.053) 0.161 0.051 0.008 0.008 
  21   (0.047) 0.049 0.049 0.008 0.007 
  22   (0.036) 0.157 0.011 0.006 0.005 
  23   (0.031) 0.082 0.009 0.005 0.005 

Locus 81 : locus81 
13 alleles
0.0% missing data
   1   (0.052) 0.051 0.015 0.036 0.008 
   2   (0.083) 0.022 0.130 0.172 0.022 
   3   (0.092) 0.024 0.168 0.071 0.042 
   4   (0.171) 0.229 0.086 0.291 0.211 
   5   (0.186) 0.233 0.196 0.256 0.110 
   6   (0.080) 0.021 0.059 0.068 0.069 
   7   (0.079) 0.278 0.024 0.062 0.018 
   8   (0.052) 0.014 0.016 0.011 0.461 
   9   (0.064) 0.017 0.160 0.010 0.038 
  10   (0.039) 0.010 0.082 0.006 0.006 
  11   (0.034) 0.009 0.045 0.005 0.005 
  12   (0.035) 0.046 0.010 0.005 0.005 
  13   (0.033) 0.046 0.010 0.005 0.005 

Locus 82 : locus82 
20 alleles
0.0% missing data
   1   (0.050) 0.013 0.015 0.202 0.010 
   2   (0.086) 0.023 0.096 0.342 0.021 
   3   (0.087) 0.023 0.377 0.098 0.013 
   4   (0.047) 0.012 0.014 0.140 0.015 
   5   (0.068) 0.018 0.161 0.039 0.010 
   6   (0.035) 0.009 0.010 0.033 0.005 
   7   (0.037) 0.010 0.011 0.034 0.006 
   8   (0.068) 0.018 0.091 0.015 0.092 
   9   (0.050) 0.013 0.015 0.013 0.314 
  10   (0.041) 0.011 0.012 0.006 0.091 
  11   (0.041) 0.011 0.012 0.011 0.059 
  12   (0.041) 0.011 0.012 0.008 0.147 
  13   (0.072) 0.019 0.092 0.016 0.148 
  14   (0.035) 0.009 0.010 0.005 0.034 
  15   (0.047) 0.270 0.014 0.008 0.007 
  16   (0.041) 0.158 0.012 0.007 0.006 
  17   (0.032) 0.045 0.009 0.005 0.005 
  18   (0.043) 0.122 0.013 0.007 0.006 
  19   (0.042) 0.121 0.013 0.007 0.006 
  20   (0.038) 0.083 0.011 0.006 0.006 

Locus 83 : locus83 
24 alleles
0.0% missing data
   1   (0.033) 0.009 0.010 0.057 0.009 
   2   (0.043) 0.011 0.013 0.251 0.011 
   3   (0.036) 0.009 0.011 0.086 0.008 
   4   (0.040) 0.011 0.012 0.141 0.010 
   5   (0.073) 0.019 0.022 0.139 0.423 
   6   (0.030) 0.008 0.009 0.032 0.005 
   7   (0.033) 0.009 0.010 0.033 0.005 
   8   (0.069) 0.018 0.056 0.066 0.039 
   9   (0.035) 0.009 0.011 0.057 0.009 
  10   (0.050) 0.013 0.015 0.036 0.065 
  11   (0.041) 0.011 0.012 0.007 0.207 
  12   (0.078) 0.020 0.199 0.018 0.063 
  13   (0.040) 0.010 0.012 0.014 0.085 
  14   (0.043) 0.011 0.188 0.007 0.007 
  15   (0.033) 0.009 0.080 0.005 0.005 
  16   (0.036) 0.010 0.116 0.006 0.006 
  17   (0.034) 0.009 0.115 0.005 0.005 
  18   (0.029) 0.008 0.044 0.005 0.004 
  19   (0.041) 0.232 0.012 0.006 0.006 
  20   (0.041) 0.158 0.012 0.006 0.006 
  21   (0.036) 0.194 0.011 0.006 0.006 
  22   (0.037) 0.120 0.011 0.006 0.006 
  23   (0.034) 0.046 0.010 0.005 0.005 
  24   (0.035) 0.046 0.010 0.006 0.005 

Locus 84 : locus84 
30 alleles
0.0% missing data
   1   (0.031) 0.008 0.009 0.089 0.005 
   2   (0.035) 0.009 0.010 0.339 0.009 
   3   (0.039) 0.010 0.012 0.256 0.008 
   4   (0.030) 0.008 0.009 0.058 0.008 
   5   (0.033) 0.009 0.010 0.058 0.008 
   6   (0.030) 0.008 0.009 0.033 0.005 
   7   (0.027) 0.007 0.008 0.032 0.004 
   8   (0.034) 0.009 0.010 0.008 0.314 
   9   (0.035) 0.009 0.010 0.008 0.286 
  10   (0.027) 0.007 0.008 0.004 0.032 
  11   (0.030) 0.008 0.009 0.008 0.058 
  12   (0.032) 0.008 0.009 0.008 0.058 
  13   (0.027) 0.007 0.008 0.004 0.032 
  14   (0.028) 0.007 0.008 0.005 0.033 
  15   (0.033) 0.009 0.010 0.005 0.033 
  16   (0.026) 0.007 0.008 0.004 0.032 
  17   (0.060) 0.237 0.088 0.010 0.009 
  18   (0.027) 0.007 0.043 0.004 0.004 
  19   (0.040) 0.010 0.188 0.006 0.006 
  20   (0.027) 0.007 0.043 0.004 0.004 
  21   (0.036) 0.010 0.151 0.006 0.005 
  22   (0.033) 0.009 0.080 0.005 0.005 
  23   (0.053) 0.161 0.086 0.008 0.008 
  24   (0.049) 0.050 0.085 0.008 0.007 
  25   (0.026) 0.007 0.043 0.004 0.004 
  26   (0.031) 0.045 0.009 0.005 0.005 
  27   (0.032) 0.082 0.009 0.005 0.005 
  28   (0.028) 0.081 0.008 0.004 0.004 
  29   (0.029) 0.044 0.009 0.005 0.004 
  30   (0.034) 0.119 0.010 0.005 0.005 

Locus 85 : locus85 
18 alleles
0.0% missing data
   1   (0.036) 0.010 0.011 0.089 0.008 
   2   (0.130) 0.071 0.144 0.218 0.217 
   3   (0.113) 0.030 0.174 0.176 0.223 
   4   (0.100) 0.027 0.206 0.192 0.064 
   5   (0.087) 0.023 0.131 0.106 0.062 
   6   (0.060) 0.016 0.018 0.057 0.187 
   7   (0.060) 0.016 0.159 0.066 0.009 
   8   (0.050) 0.050 0.015 0.036 0.008 
   9   (0.039) 0.010 0.012 0.008 0.146 
  10   (0.052) 0.088 0.016 0.008 0.036 
  11   (0.032) 0.008 0.045 0.005 0.005 
  12   (0.040) 0.194 0.012 0.006 0.006 
  13   (0.035) 0.120 0.011 0.006 0.005 
  14   (0.031) 0.045 0.009 0.005 0.005 
  15   (0.031) 0.045 0.009 0.005 0.005 
  16   (0.034) 0.083 0.010 0.006 0.005 
  17   (0.038) 0.120 0.011 0.006 0.006 
  18   (0.030) 0.045 0.009 0.005 0.004 

Locus 86 : locus86 
19 alleles
0.0% missing data
   1   (0.068) 0.018 0.161 0.097 0.010 
   2   (0.118) 0.067 0.246 0.328 0.023 
   3   (0.097) 0.431 0.029 0.169 0.031 
   4   (0.068) 0.018 0.090 0.093 0.013 
   5   (0.051) 0.050 0.015 0.037 0.008 
   6   (0.053) 0.014 0.051 0.066 0.008 
   7   (0.061) 0.016 0.124 0.038 0.009 
   8   (0.044) 0.012 0.013 0.085 0.014 
   9   (0.048) 0.013 0.014 0.014 0.223 
  10   (0.046) 0.012 0.014 0.010 0.283 
  11   (0.031) 0.008 0.009 0.005 0.032 
  12   (0.046) 0.012 0.014 0.009 0.173 
  13   (0.035) 0.009 0.010 0.006 0.033 
  14   (0.042) 0.011 0.012 0.012 0.112 
  15   (0.033) 0.009 0.045 0.006 0.005 
  16   (0.040) 0.011 0.117 0.007 0.006 
  17   (0.041) 0.121 0.012 0.007 0.006 
  18   (0.039) 0.084 0.012 0.006 0.006 
  19   (0.040) 0.084 0.012 0.006 0.006 

Locus 87 : locus87 
18 alleles
0.0% missing data
   1   (0.041) 0.011 0.012 0.082 0.015 
   2   (0.063) 0.053 0.019 0.285 0.013 
   3   (0.041) 0.011 0.012 0.168 0.011 
   4   (0.038) 0.010 0.011 0.144 0.007 
   5   (0.032) 0.009 0.010 0.033 0.005 
   6   (0.032) 0.008 0.010 0.033 0.005 
   7   (0.038) 0.010 0.011 0.087 0.008 
   8   (0.033) 0.009 0.010 0.033 0.005 
   9   (0.064) 0.017 0.089 0.012 0.208 
  10   (0.053) 0.050 0.016 0.013 0.061 
  11   (0.112) 0.214 0.104 0.029 0.233 
  12   (0.069) 0.018 0.126 0.021 0.200 
  13   (0.098) 0.247 0.169 0.016 0.072 
  14   (0.058) 0.015 0.158 0.009 0.037 
  15   (0.047) 0.012 0.049 0.007 0.036 
  16   (0.078) 0.131 0.058 0.012 0.069 
  17   (0.054) 0.088 0.086 0.009 0.008 
  18   (0.050) 0.087 0.050 0.008 0.008 

Locus 88 : locus88 
28 alleles
0.0% missing data
   1   (0.058) 0.015 0.017 0.202 0.155 
   2   (0.050) 0.013 0.015 0.199 0.045 
   3   (0.036) 0.010 0.011 0.147 0.008 
   4   (0.056) 0.015 0.017 0.243 0.141 
   5   (0.024) 0.006 0.007 0.033 0.004 
   6   (0.049) 0.013 0.015 0.047 0.080 
   7   (0.038) 0.010 0.011 0.011 0.361 
   8   (0.049) 0.086 0.014 0.008 0.035 
   9   (0.050) 0.013 0.121 0.008 0.035 
  10   (0.050) 0.050 0.015 0.013 0.058 
  11   (0.031) 0.008 0.044 0.005 0.004 
  12   (0.033) 0.009 0.115 0.005 0.005 
  13   (0.030) 0.008 0.079 0.005 0.004 
  14   (0.029) 0.008 0.044 0.005 0.004 
  15   (0.027) 0.007 0.113 0.004 0.004 
  16   (0.033) 0.009 0.080 0.005 0.005 
  17   (0.026) 0.007 0.043 0.004 0.004 
  18   (0.033) 0.009 0.115 0.005 0.005 
  19   (0.027) 0.007 0.043 0.004 0.004 
  20   (0.029) 0.081 0.009 0.005 0.004 
  21   (0.026) 0.044 0.008 0.004 0.004 
  22   (0.027) 0.081 0.008 0.004 0.004 
  23   (0.034) 0.083 0.010 0.006 0.005 
  24   (0.033) 0.119 0.010 0.005 0.005 
  25   (0.031) 0.082 0.009 0.005 0.005 
  26   (0.028) 0.044 0.008 0.005 0.004 
  27   (0.034) 0.119 0.010 0.006 0.005 
  28   (0.029) 0.045 0.009 0.005 0.004 

Locus 89 : locus89 
19 alleles
0.0% missing data
   1   (0.081) 0.021 0.024 0.219 0.256 
   2   (0.042) 0.011 0.012 0.145 0.010 
   3   (0.063) 0.017 0.019 0.067 0.094 
   4   (0.067) 0.054 0.020 0.204 0.016 
   5   (0.058) 0.015 0.017 0.102 0.057 
   6   (0.065) 0.017 0.019 0.087 0.158 
   7   (0.055) 0.088 0.016 0.037 0.008 
   8   (0.050) 0.050 0.015 0.036 0.007 
   9   (0.045) 0.012 0.014 0.015 0.139 
  10   (0.040) 0.011 0.012 0.010 0.143 
  11   (0.097) 0.062 0.345 0.023 0.063 
  12   (0.041) 0.011 0.153 0.007 0.006 
  13   (0.040) 0.010 0.117 0.006 0.006 
  14   (0.062) 0.053 0.159 0.010 0.009 
  15   (0.045) 0.269 0.013 0.007 0.007 
  16   (0.038) 0.084 0.011 0.006 0.006 
  17   (0.038) 0.121 0.011 0.006 0.006 
  18   (0.035) 0.046 0.010 0.006 0.005 
  19   (0.037) 0.047 0.011 0.006 0.006 

Locus 90 : locus90 
17 alleles
0.0% missing data
   1   (0.044) 0.012 0.013 0.114 0.012 
   2   (0.072) 0.019 0.162 0.121 0.014 
   3   (0.043) 0.011 0.013 0.198 0.011 
   4   (0.040) 0.011 0.012 0.143 0.010 
   5   (0.042) 0.011 0.013 0.174 0.008 
   6   (0.055) 0.015 0.122 0.037 0.008 
   7   (0.036) 0.010 0.011 0.034 0.005 
   8   (0.057) 0.015 0.052 0.060 0.013 
   9   (0.075) 0.130 0.022 0.016 0.206 
  10   (0.052) 0.050 0.015 0.008 0.036 
  11   (0.069) 0.092 0.021 0.015 0.176 
  12   (0.085) 0.096 0.060 0.018 0.178 
  13   (0.143) 0.332 0.183 0.034 0.294 
  14   (0.062) 0.127 0.088 0.010 0.009 
  15   (0.035) 0.009 0.045 0.006 0.005 
  16   (0.051) 0.050 0.050 0.008 0.008 
  17   (0.039) 0.010 0.117 0.006 0.006 

Locus 91 : locus91 
20 alleles
0.0% missing data
   1   (0.064) 0.164 0.019 0.152 0.011 
   2   (0.099) 0.100 0.135 0.298 0.020 
   3   (0.118) 0.031 0.175 0.181 0.468 
   4   (0.069) 0.092 0.091 0.040 0.010 
   5   (0.058) 0.015 0.087 0.148 0.013 
   6   (0.053) 0.014 0.016 0.058 0.099 
   7   (0.070) 0.055 0.162 0.040 0.010 
   8   (0.056) 0.015 0.122 0.009 0.064 
   9   (0.028) 0.008 0.009 0.005 0.032 
  10   (0.034) 0.009 0.010 0.008 0.086 
  11   (0.050) 0.013 0.050 0.008 0.063 
  12   (0.034) 0.009 0.010 0.009 0.057 
  13   (0.044) 0.012 0.049 0.007 0.034 
  14   (0.033) 0.082 0.010 0.005 0.005 
  15   (0.030) 0.044 0.009 0.005 0.004 
  16   (0.033) 0.082 0.010 0.005 0.005 
  17   (0.035) 0.083 0.010 0.006 0.005 
  18   (0.033) 0.082 0.010 0.005 0.005 
  19   (0.030) 0.045 0.009 0.005 0.004 
  20   (0.029) 0.044 0.008 0.005 0.004 

Locus 92 : locus92 
26 alleles
0.0% missing data
   1   (0.035) 0.009 0.010 0.144 0.008 
   2   (0.037) 0.010 0.011 0.230 0.008 
   3   (0.030) 0.008 0.009 0.033 0.004 
   4   (0.035) 0.009 0.011 0.175 0.006 
   5   (0.029) 0.008 0.009 0.088 0.006 
   6   (0.054) 0.162 0.016 0.060 0.013 
   7   (0.048) 0.013 0.014 0.054 0.185 
   8   (0.030) 0.008 0.009 0.033 0.005 
   9   (0.034) 0.009 0.010 0.059 0.008 
  10   (0.052) 0.087 0.015 0.011 0.089 
  11   (0.063) 0.127 0.019 0.013 0.203 
  12   (0.049) 0.087 0.015 0.011 0.089 
  13   (0.055) 0.051 0.016 0.013 0.228 
  14   (0.062) 0.163 0.018 0.013 0.090 
  15   (0.032) 0.009 0.045 0.005 0.005 
  16   (0.035) 0.009 0.081 0.006 0.005 
  17   (0.045) 0.012 0.329 0.007 0.007 
  18   (0.033) 0.009 0.080 0.005 0.005 
  19   (0.031) 0.008 0.079 0.005 0.005 
  20   (0.030) 0.008 0.044 0.005 0.004 
  21   (0.029) 0.008 0.044 0.005 0.004 
  22   (0.032) 0.008 0.044 0.005 0.005 
  23   (0.028) 0.007 0.044 0.005 0.004 
  24   (0.029) 0.045 0.009 0.005 0.004 
  25   (0.027) 0.044 0.008 0.004 0.004 
  26   (0.035) 0.083 0.010 0.006 0.005 

Locus 93 : locus93 
22 alleles
0.0% missing data
   1   (0.078) 0.204 0.023 0.319 0.019 
   2   (0.034) 0.009 0.010 0.062 0.005 
   3   (0.080) 0.021 0.059 0.110 0.139 
   4   (0.062) 0.164 0.019 0.096 0.009 
   5   (0.035) 0.009 0.010 0.063 0.005 
   6   (0.054) 0.014 0.051 0.091 0.011 
   7   (0.056) 0.015 0.051 0.085 0.017 
   8   (0.033) 0.009 0.010 0.059 0.008 
   9   (0.041) 0.011 0.012 0.010 0.281 
  10   (0.038) 0.010 0.011 0.009 0.087 
  11   (0.073) 0.019 0.303 0.016 0.090 
  12   (0.038) 0.010 0.011 0.011 0.112 
  13   (0.032) 0.008 0.010 0.005 0.033 
  14   (0.071) 0.019 0.162 0.019 0.114 
  15   (0.031) 0.008 0.009 0.005 0.032 
  16   (0.041) 0.011 0.188 0.007 0.006 
  17   (0.037) 0.157 0.011 0.006 0.006 
  18   (0.034) 0.083 0.010 0.006 0.005 
  19   (0.034) 0.083 0.010 0.006 0.005 
  20   (0.033) 0.045 0.010 0.005 0.005 
  21   (0.032) 0.045 0.010 0.005 0.005 
  22   (0.032) 0.045 0.009 0.005 0.005 

Locus 94 : locus94 
23 alleles
0.0% missing data
   1   (0.067) 0.018 0.020 0.153 0.148 
   2   (0.068) 0.092 0.020 0.290 0.016 
   3   (0.055) 0.051 0.016 0.177 0.011 
   4   (0.036) 0.010 0.011 0.063 0.005 
   5   (0.080) 0.095 0.024 0.055 0.166 
   6   (0.065) 0.054 0.019 0.068 0.037 
   7   (0.054) 0.015 0.016 0.093 0.092 
   8   (0.071) 0.019 0.127 0.019 0.255 
   9   (0.037) 0.010 0.011 0.008 0.200 
  10   (0.035) 0.009 0.116 0.006 0.005 
  11   (0.032) 0.008 0.080 0.005 0.005 
  12   (0.031) 0.008 0.080 0.005 0.005 
  13   (0.035) 0.009 0.116 0.006 0.005 
  14   (0.031) 0.008 0.044 0.005 0.005 
  15   (0.037) 0.010 0.116 0.006 0.005 
  16   (0.034) 0.009 0.080 0.006 0.005 
  17   (0.030) 0.008 0.044 0.005 0.004 
  18   (0.031) 0.082 0.009 0.005 0.005 
  19   (0.036) 0.194 0.011 0.006 0.005 
  20   (0.033) 0.082 0.010 0.005 0.005 
  21   (0.032) 0.082 0.010 0.005 0.005 
  22   (0.036) 0.083 0.011 0.006 0.005 
  23   (0.033) 0.045 0.010 0.005 0.005 

Locus 95 : locus95 
16 alleles
0.0% missing data
   1   (0.078) 0.021 0.094 0.260 0.019 
   2   (0.037) 0.010 0.011 0.034 0.006 
   3   (0.125) 0.217 0.107 0.213 0.024 
   4   (0.102) 0.064 0.101 0.236 0.022 
   5   (0.042) 0.011 0.012 0.089 0.009 
   6   (0.084) 0.170 0.060 0.042 0.013 
   7   (0.108) 0.213 0.173 0.045 0.016 
   8   (0.046) 0.012 0.014 0.013 0.225 
   9   (0.051) 0.013 0.015 0.011 0.481 
  10   (0.042) 0.011 0.013 0.009 0.088 
  11   (0.037) 0.010 0.011 0.006 0.034 
  12   (0.037) 0.010 0.011 0.006 0.033 
  13   (0.053) 0.051 0.051 0.009 0.008 
  14   (0.082) 0.168 0.165 0.013 0.012 
  15   (0.041) 0.011 0.118 0.007 0.006 
  16   (0.036) 0.010 0.046 0.006 0.005 

Locus 96 : locus96 
25 alleles
0.0% missing data
   1   (0.054) 0.125 0.016 0.065 0.008 
   2   (0.059) 0.016 0.018 0.093 0.179 
   3   (0.047) 0.012 0.049 0.035 0.007 
   4   (0.064) 0.053 0.019 0.285 0.015 
   5   (0.061) 0.016 0.018 0.182 0.146 
   6   (0.033) 0.009 0.010 0.058 0.008 
   7   (0.046) 0.012 0.014 0.049 0.050 
   8   (0.060) 0.016 0.018 0.111 0.217 
   9   (0.027) 0.007 0.008 0.032 0.004 
  10   (0.033) 0.009 0.010 0.006 0.146 
  11   (0.036) 0.010 0.011 0.007 0.147 
  12   (0.043) 0.011 0.329 0.007 0.006 
  13   (0.028) 0.007 0.043 0.004 0.004 
  14   (0.031) 0.008 0.079 0.005 0.005 
  15   (0.034) 0.009 0.115 0.006 0.005 
  16   (0.037) 0.010 0.081 0.006 0.006 
  17   (0.032) 0.008 0.045 0.005 0.005 
  18   (0.031) 0.008 0.044 0.005 0.005 
  19   (0.034) 0.046 0.010 0.005 0.005 
  20   (0.037) 0.157 0.011 0.006 0.006 
  21   (0.032) 0.045 0.009 0.005 0.005 
  22   (0.041) 0.195 0.012 0.006 0.006 
  23   (0.034) 0.082 0.010 0.005 0.005 
  24   (0.034) 0.082 0.010 0.005 0.005 
  25   (0.032) 0.045 0.009 0.005 0.005 

Locus 97 : locus97 
22 alleles
0.0% missing data
   1   (0.055) 0.014 0.016 0.058 0.183 
   2   (0.056) 0.015 0.017 0.081 0.076 
   3   (0.036) 0.010 0.011 0.092 0.005 
   4   (0.068) 0.018 0.020 0.141 0.135 
   5   (0.105) 0.138 0.031 0.265 0.136 
   6   (0.094) 0.061 0.028 0.195 0.311 
   7   (0.055) 0.015 0.016 0.081 0.076 
   8   (0.036) 0.010 0.187 0.006 0.005 
   9   (0.030) 0.008 0.044 0.005 0.004 
  10   (0.063) 0.053 0.300 0.010 0.009 
  11   (0.033) 0.009 0.045 0.005 0.005 
  12   (0.029) 0.008 0.044 0.005 0.004 
  13   (0.032) 0.008 0.044 0.005 0.005 
  14   (0.033) 0.009 0.045 0.005 0.005 
  15   (0.035) 0.009 0.045 0.006 0.005 
  16   (0.031) 0.008 0.044 0.005 0.005 
  17   (0.033) 0.082 0.010 0.005 0.005 
  18   (0.035) 0.120 0.010 0.006 0.005 
  19   (0.037) 0.083 0.011 0.006 0.005 
  20   (0.037) 0.120 0.011 0.006 0.005 
  21   (0.037) 0.157 0.011 0.006 0.005 
  22   (0.031) 0.045 0.009 0.005 0.005 

Locus 98 : locus98 
28 alleles
0.0% missing data
   1   (0.035) 0.009 0.010 0.119 0.005 
   2   (0.035) 0.009 0.010 0.059 0.009 
   3   (0.030) 0.008 0.009 0.062 0.004 
   4   (0.066) 0.165 0.019 0.147 0.015 
   5   (0.057) 0.088 0.017 0.146 0.013 
   6   (0.035) 0.009 0.010 0.114 0.009 
   7   (0.046) 0.049 0.014 0.090 0.009 
   8   (0.028) 0.008 0.008 0.033 0.004 
   9   (0.065) 0.312 0.019 0.117 0.016 
  10   (0.032) 0.009 0.010 0.005 0.089 
  11   (0.034) 0.009 0.010 0.007 0.228 
  12   (0.030) 0.008 0.009 0.006 0.116 
  13   (0.038) 0.010 0.011 0.011 0.169 
  14   (0.035) 0.009 0.011 0.010 0.058 
  15   (0.034) 0.009 0.010 0.008 0.087 
  16   (0.036) 0.009 0.011 0.010 0.113 
  17   (0.033) 0.009 0.080 0.005 0.005 
  18   (0.027) 0.007 0.043 0.004 0.004 
  19   (0.038) 0.010 0.222 0.006 0.006 
  20   (0.027) 0.007 0.078 0.004 0.004 
  21   (0.033) 0.009 0.080 0.005 0.005 
  22   (0.028) 0.007 0.044 0.005 0.004 
  23   (0.032) 0.008 0.115 0.005 0.005 
  24   (0.029) 0.008 0.044 0.005 0.004 
  25   (0.028) 0.007 0.043 0.005 0.004 
  26   (0.028) 0.007 0.044 0.005 0.004 
  27   (0.035) 0.156 0.010 0.006 0.005 
  28   (0.028) 0.044 0.008 0.004 0.004 

Locus 99 : locus99 
18 alleles
0.0% missing data
   1   (0.039) 0.010 0.012 0.199 0.007 
   2   (0.036) 0.009 0.011 0.087 0.008 
   3   (0.035) 0.009 0.011 0.033 0.005 
   4   (0.074) 0.167 0.022 0.173 0.016 
   5   (0.045) 0.012 0.014 0.196 0.012 
   6   (0.032) 0.008 0.010 0.033 0.005 
   7   (0.042) 0.011 0.013 0.138 0.014 
   8   (0.113) 0.066 0.280 0.027 0.209 
   9   (0.135) 0.220 0.181 0.035 0.293 
  10   (0.062) 0.016 0.053 0.011 0.238 
  11   (0.092) 0.098 0.133 0.021 0.064 
  12   (0.058) 0.089 0.017 0.009 0.066 
  13   (0.035) 0.009 0.011 0.006 0.034 
  14   (0.070) 0.166 0.126 0.011 0.011 
  15   (0.034) 0.009 0.045 0.005 0.005 
  16   (0.031) 0.008 0.044 0.005 0.005 
  17   (0.032) 0.045 0.009 0.005 0.005 
  18   (0.035) 0.046 0.010 0.006 0.005 

Locus 100 : locus100 
27 alleles
0.0% missing data
   1   (0.056) 0.051 0.017 0.230 0.013 
   2   (0.053) 0.125 0.016 0.036 0.008 
   3   (0.033) 0.009 0.010 0.058 0.008 
   4   (0.058) 0.052 0.017 0.202 0.014 
   5   (0.035) 0.009 0.010 0.143 0.008 
   6   (0.046) 0.049 0.014 0.092 0.007 
   7   (0.029) 0.008 0.009 0.033 0.004 
   8   (0.029) 0.008 0.009 0.033 0.004 
   9   (0.031) 0.008 0.009 0.058 0.008 
  10   (0.041) 0.011 0.012 0.009 0.426 
  11   (0.033) 0.009 0.010 0.007 0.087 
  12   (0.035) 0.009 0.010 0.009 0.199 
  13   (0.054) 0.125 0.016 0.014 0.059 
  14   (0.034) 0.009 0.010 0.005 0.061 
  15   (0.028) 0.007 0.008 0.004 0.032 
  16   (0.060) 0.053 0.404 0.010 0.009 
  17   (0.035) 0.009 0.116 0.006 0.005 
  18   (0.031) 0.008 0.044 0.005 0.005 
  19   (0.038) 0.010 0.117 0.006 0.006 
  20   (0.029) 0.008 0.044 0.005 0.004 
  21   (0.031) 0.008 0.044 0.005 0.005 
  22   (0.027) 0.044 0.008 0.004 0.004 
  23   (0.033) 0.046 0.010 0.005 0.005 
  24   (0.032) 0.156 0.009 0.005 0.005 
  25   (0.032) 0.082 0.010 0.005 0.005 
  26   (0.025) 0.044 0.008 0.004 0.004 
  27   (0.031) 0.045 0.009 0.005 0.005 

Values of parameters used in structure:
DATAFILE=parentandhybrid8.str,	OUTFILE=parentandhybrid4Deme_5,	NUMINDS=50,	NUMLOCI=100,	MISSING=0,	LABEL=1,	POPDATA=0,	POPFLAG=0,	PHENOTYPE=0,	EXTRACOLS=0,	MAXPOPS=4,	BURNIN=200000,	NUMREPS=200000,	USEPOPINFO=0,	INFERALPHA=1,	INFERLAMBDA=0,	POPSPECIFICLAMBDA=0,	POPALPHAS=0,	COMPUTEPROB=1,	NOADMIX=0,	ADMBURNIN=500,	UPDATEFREQ=100,	PRINTLIKES=0,	INTERMEDSAVE=0,	PRINTKLD=0,	PRINTNET=1,	PRINTLAMBDA=1,	ANCESTDIST=0,	NUMBOXES=1000,	ANCESTPINT=0.90000,	GENSBACK=2,	MIGRPRIOR=0.01000,	PRINTQHAT=0,	PRINTQSUM=1,	ALPHA=1.0000,	FREQSCORR=1,	FPRIORMEAN=0.0100,	FPRIORSD=0.0500,	ONEFST=0,	LAMBDA=1.0000,	UNIFPRIORALPHA=1,	ALPHAMAX=10.0000,	ALPHAPRIORA=1.0000,	ALPHAPRIORB=2.0000,	ALPHAPROPSD=0.0250,	STARTATPOPINFO=0,	RANDOMIZE=1,	LINKAGE=0,	METROFREQ=10,	REPORTHITRATE=0,	MARKOVPHASE=0,	PHASED=0,	PLOIDY=2,	PHASEINFO=0	LOCPRIOR=0, 	LOCPRIORINIT=1.000000, 	LOCDATA=0, 	LOCISPOP=0, 	LOCPRIORSTEP=0.100000, 	MAXLOCPRIOR=20.000000, 	SEED=1658931074,	
[STRAT parameters]:    NUMSIMSTATS=1000,	PHENOTYPECOL=-9,	POOLFREQ=10,	LOCUSxONLY=0,	EMERROR=0.00100,	MISSINGPHENO=-9,	