

----------------------------------------------------
STRUCTURE by Pritchard, Stephens and Donnelly (2000)
     and Falush, Stephens and Pritchard (2003)
       Code by Pritchard, Falush and Hubisz
             Version 2.3.4 (Jul 2012)
----------------------------------------------------



Command line arguments:   /usr/local/bin/structure -i parentandhybrid8.str -m mainparams.txt -e extraparams.txt -K 4 -o parentandhybrid4Deme_3 
Input File:    parentandhybrid8.str

Run parameters:
   50 individuals
   100 loci
   4 populations assumed
   200000 Burn-in period
   200000 Reps


--------------------------------------------
Overall proportion of membership of the
sample in each of the 4 clusters

Inferred Clusters
  1      2      3      4    
0.301  0.299  0.200  0.200  

--------------------------------------------

Allele-freq. divergence among pops (Net nucleotide distance),
computed using point estimates of P.

      1       2       3       4      
 1      -    0.1107  0.0985  0.1011  
 2   0.1107     -    0.0940  0.1007  
 3   0.0985  0.0940     -    0.0816  
 4   0.1011  0.1007  0.0816     -    

Average distances (expected heterozygosity) between individuals in same cluster:
cluster  1  : 0.8398 
cluster  2  : 0.8427 
cluster  3  : 0.8811 
cluster  4  : 0.8667 

--------------------------------------------
Estimated Ln Prob of Data   = -23346.6
Mean value of ln likelihood = -21690.8
Variance of ln likelihood   = 3311.7
Mean value of alpha         = 0.0279

Mean value of Fst_1         = 0.1598
Mean value of Fst_2         = 0.1501
Mean value of Fst_3         = 0.1054
Mean value of Fst_4         = 0.1224


Inferred ancestry of individuals:
        Label (%Miss) :  Inferred clusters
  1       01    (0)   :  0.001 0.998 0.000 0.001 
  2       02    (0)   :  0.000 0.999 0.001 0.000 
  3       03    (0)   :  0.000 0.999 0.000 0.000 
  4       04    (0)   :  0.000 0.999 0.001 0.000 
  5       05    (0)   :  0.000 0.999 0.000 0.000 
  6       06    (0)   :  0.001 0.998 0.001 0.001 
  7       07    (0)   :  0.001 0.999 0.000 0.000 
  8       08    (0)   :  0.000 0.999 0.000 0.000 
  9       09    (0)   :  0.000 0.999 0.001 0.001 
 10       10    (0)   :  0.001 0.998 0.001 0.001 
 11       11    (0)   :  0.999 0.001 0.000 0.000 
 12       12    (0)   :  0.999 0.000 0.000 0.000 
 13       13    (0)   :  0.995 0.003 0.001 0.002 
 14       14    (0)   :  0.998 0.001 0.001 0.001 
 15       15    (0)   :  0.999 0.000 0.000 0.000 
 16       16    (0)   :  0.998 0.000 0.001 0.000 
 17       17    (0)   :  0.999 0.000 0.000 0.000 
 18       18    (0)   :  0.999 0.000 0.000 0.000 
 19       19    (0)   :  0.999 0.000 0.000 0.000 
 20       20    (0)   :  0.998 0.000 0.001 0.000 
 21      h01    (0)   :  0.516 0.483 0.000 0.000 
 22      h02    (0)   :  0.504 0.495 0.000 0.000 
 23      h03    (0)   :  0.500 0.499 0.000 0.000 
 24      h04    (0)   :  0.504 0.496 0.000 0.000 
 25      h05    (0)   :  0.505 0.495 0.000 0.000 
 26      h06    (0)   :  0.501 0.498 0.000 0.000 
 27      h07    (0)   :  0.508 0.491 0.000 0.000 
 28      h08    (0)   :  0.496 0.503 0.000 0.000 
 29      h09    (0)   :  0.507 0.492 0.000 0.000 
 30      h10    (0)   :  0.525 0.474 0.000 0.000 
 31       21    (0)   :  0.000 0.000 0.999 0.000 
 32       22    (0)   :  0.000 0.000 0.999 0.000 
 33       23    (0)   :  0.000 0.000 0.999 0.000 
 34       24    (0)   :  0.000 0.000 0.999 0.000 
 35       25    (0)   :  0.000 0.000 0.999 0.000 
 36       26    (0)   :  0.000 0.001 0.998 0.001 
 37       27    (0)   :  0.000 0.000 0.998 0.001 
 38       28    (0)   :  0.000 0.000 0.999 0.000 
 39       29    (0)   :  0.000 0.000 0.999 0.000 
 40       30    (0)   :  0.000 0.000 0.999 0.000 
 41       31    (0)   :  0.000 0.000 0.000 0.999 
 42       32    (0)   :  0.000 0.000 0.000 0.999 
 43       33    (0)   :  0.000 0.001 0.000 0.999 
 44       34    (0)   :  0.001 0.000 0.000 0.999 
 45       35    (0)   :  0.000 0.000 0.001 0.998 
 46       36    (0)   :  0.000 0.000 0.000 0.999 
 47       37    (0)   :  0.000 0.000 0.000 0.999 
 48       38    (0)   :  0.000 0.000 0.000 0.999 
 49       39    (0)   :  0.001 0.000 0.000 0.999 
 50       40    (0)   :  0.000 0.001 0.000 0.999 


Estimated Allele Frequencies in each cluster
First column gives estimated ancestral frequencies


Locus 1 : locus1 
25 alleles
0.0% missing data
   1   (0.048) 0.007 0.035 0.014 0.086 
   2   (0.074) 0.015 0.262 0.022 0.203 
   3   (0.037) 0.010 0.114 0.011 0.010 
   4   (0.061) 0.014 0.146 0.018 0.090 
   5   (0.040) 0.009 0.144 0.012 0.011 
   6   (0.055) 0.008 0.037 0.016 0.235 
   7   (0.047) 0.007 0.036 0.014 0.049 
   8   (0.057) 0.008 0.066 0.017 0.125 
   9   (0.037) 0.009 0.059 0.011 0.010 
  10   (0.036) 0.140 0.012 0.011 0.009 
  11   (0.040) 0.313 0.009 0.012 0.010 
  12   (0.035) 0.146 0.006 0.010 0.009 
  13   (0.031) 0.033 0.005 0.009 0.008 
  14   (0.030) 0.032 0.005 0.009 0.008 
  15   (0.039) 0.170 0.011 0.012 0.010 
  16   (0.032) 0.033 0.005 0.010 0.008 
  17   (0.037) 0.006 0.006 0.116 0.010 
  18   (0.033) 0.005 0.005 0.045 0.009 
  19   (0.038) 0.006 0.006 0.222 0.010 
  20   (0.031) 0.005 0.005 0.044 0.008 
  21   (0.037) 0.005 0.006 0.151 0.010 
  22   (0.033) 0.005 0.005 0.080 0.009 
  23   (0.030) 0.004 0.005 0.079 0.008 
  24   (0.031) 0.005 0.005 0.044 0.008 
  25   (0.032) 0.005 0.005 0.010 0.045 

Locus 2 : locus2 
23 alleles
0.0% missing data
   1   (0.072) 0.015 0.180 0.162 0.019 
   2   (0.076) 0.015 0.095 0.093 0.057 
   3   (0.093) 0.014 0.159 0.098 0.209 
   4   (0.059) 0.015 0.118 0.088 0.016 
   5   (0.034) 0.005 0.092 0.010 0.009 
   6   (0.065) 0.019 0.086 0.019 0.201 
   7   (0.055) 0.021 0.109 0.051 0.015 
   8   (0.031) 0.005 0.062 0.009 0.008 
   9   (0.034) 0.143 0.007 0.010 0.009 
  10   (0.043) 0.141 0.011 0.013 0.011 
  11   (0.042) 0.224 0.010 0.012 0.011 
  12   (0.036) 0.115 0.007 0.011 0.009 
  13   (0.036) 0.141 0.009 0.011 0.010 
  14   (0.038) 0.086 0.009 0.011 0.010 
  15   (0.035) 0.005 0.006 0.221 0.009 
  16   (0.031) 0.005 0.005 0.045 0.008 
  17   (0.031) 0.004 0.005 0.044 0.008 
  18   (0.032) 0.005 0.005 0.045 0.008 
  19   (0.033) 0.005 0.005 0.010 0.156 
  20   (0.029) 0.004 0.005 0.009 0.044 
  21   (0.032) 0.005 0.005 0.009 0.082 
  22   (0.031) 0.005 0.005 0.009 0.045 
  23   (0.033) 0.005 0.005 0.010 0.046 

Locus 3 : locus3 
18 alleles
0.0% missing data
   1   (0.101) 0.019 0.098 0.065 0.321 
   2   (0.073) 0.014 0.094 0.022 0.166 
   3   (0.073) 0.015 0.179 0.092 0.019 
   4   (0.089) 0.062 0.334 0.062 0.024 
   5   (0.062) 0.011 0.180 0.053 0.016 
   6   (0.067) 0.256 0.015 0.055 0.018 
   7   (0.072) 0.310 0.019 0.056 0.019 
   8   (0.058) 0.089 0.013 0.052 0.015 
   9   (0.036) 0.061 0.006 0.011 0.010 
  10   (0.057) 0.036 0.009 0.087 0.015 
  11   (0.040) 0.087 0.009 0.012 0.011 
  12   (0.046) 0.007 0.008 0.189 0.012 
  13   (0.040) 0.006 0.006 0.082 0.011 
  14   (0.034) 0.005 0.006 0.045 0.009 
  15   (0.036) 0.005 0.006 0.046 0.010 
  16   (0.034) 0.005 0.005 0.045 0.009 
  17   (0.042) 0.006 0.007 0.013 0.232 
  18   (0.039) 0.006 0.006 0.012 0.084 

Locus 4 : locus4 
23 alleles
0.0% missing data
   1   (0.038) 0.009 0.143 0.011 0.010 
   2   (0.042) 0.012 0.282 0.013 0.011 
   3   (0.037) 0.009 0.058 0.011 0.010 
   4   (0.036) 0.005 0.090 0.011 0.010 
   5   (0.045) 0.010 0.172 0.014 0.012 
   6   (0.049) 0.007 0.064 0.015 0.050 
   7   (0.054) 0.008 0.065 0.016 0.088 
   8   (0.035) 0.062 0.006 0.011 0.009 
   9   (0.042) 0.228 0.012 0.013 0.011 
  10   (0.031) 0.088 0.007 0.009 0.008 
  11   (0.052) 0.064 0.008 0.051 0.014 
  12   (0.031) 0.033 0.005 0.009 0.008 
  13   (0.036) 0.058 0.009 0.011 0.009 
  14   (0.046) 0.315 0.011 0.014 0.012 
  15   (0.033) 0.033 0.005 0.010 0.009 
  16   (0.045) 0.007 0.007 0.259 0.012 
  17   (0.062) 0.009 0.010 0.124 0.127 
  18   (0.062) 0.009 0.010 0.088 0.127 
  19   (0.065) 0.010 0.010 0.230 0.054 
  20   (0.054) 0.008 0.009 0.051 0.125 
  21   (0.033) 0.005 0.005 0.010 0.082 
  22   (0.036) 0.005 0.006 0.011 0.083 
  23   (0.034) 0.005 0.005 0.010 0.119 

Locus 5 : locus5 
25 alleles
0.0% missing data
   1   (0.028) 0.004 0.032 0.008 0.007 
   2   (0.028) 0.004 0.089 0.008 0.007 
   3   (0.032) 0.006 0.116 0.009 0.008 
   4   (0.061) 0.012 0.119 0.193 0.016 
   5   (0.036) 0.008 0.227 0.011 0.010 
   6   (0.034) 0.011 0.139 0.010 0.009 
   7   (0.053) 0.013 0.060 0.121 0.014 
   8   (0.030) 0.008 0.058 0.009 0.008 
   9   (0.054) 0.008 0.036 0.157 0.014 
  10   (0.048) 0.146 0.011 0.014 0.049 
  11   (0.050) 0.035 0.008 0.015 0.124 
  12   (0.047) 0.035 0.007 0.014 0.123 
  13   (0.069) 0.229 0.019 0.020 0.239 
  14   (0.045) 0.035 0.007 0.013 0.049 
  15   (0.031) 0.117 0.006 0.009 0.008 
  16   (0.031) 0.033 0.005 0.009 0.008 
  17   (0.041) 0.034 0.006 0.012 0.047 
  18   (0.058) 0.090 0.012 0.017 0.162 
  19   (0.051) 0.145 0.012 0.015 0.050 
  20   (0.033) 0.005 0.005 0.115 0.009 
  21   (0.027) 0.004 0.004 0.043 0.007 
  22   (0.030) 0.004 0.005 0.044 0.008 
  23   (0.028) 0.004 0.004 0.043 0.007 
  24   (0.030) 0.004 0.005 0.044 0.008 
  25   (0.028) 0.004 0.004 0.043 0.007 

Locus 6 : locus6 
25 alleles
0.0% missing data
   1   (0.030) 0.005 0.033 0.009 0.008 
   2   (0.032) 0.005 0.061 0.010 0.009 
   3   (0.037) 0.007 0.116 0.011 0.010 
   4   (0.032) 0.006 0.116 0.010 0.009 
   5   (0.042) 0.011 0.113 0.013 0.011 
   6   (0.037) 0.009 0.198 0.011 0.010 
   7   (0.036) 0.009 0.142 0.011 0.010 
   8   (0.029) 0.008 0.057 0.009 0.008 
   9   (0.027) 0.004 0.032 0.008 0.007 
  10   (0.036) 0.145 0.009 0.011 0.010 
  11   (0.073) 0.209 0.013 0.022 0.276 
  12   (0.105) 0.408 0.024 0.101 0.248 
  13   (0.066) 0.084 0.021 0.020 0.165 
  14   (0.054) 0.036 0.009 0.122 0.014 
  15   (0.033) 0.005 0.005 0.080 0.009 
  16   (0.031) 0.005 0.005 0.079 0.008 
  17   (0.031) 0.005 0.005 0.044 0.008 
  18   (0.029) 0.004 0.005 0.044 0.008 
  19   (0.029) 0.004 0.005 0.044 0.008 
  20   (0.035) 0.005 0.006 0.080 0.009 
  21   (0.034) 0.005 0.005 0.115 0.009 
  22   (0.035) 0.005 0.006 0.081 0.009 
  23   (0.046) 0.007 0.007 0.049 0.049 
  24   (0.028) 0.004 0.004 0.008 0.044 
  25   (0.032) 0.005 0.005 0.010 0.045 

Locus 7 : locus7 
23 alleles
0.0% missing data
   1   (0.040) 0.007 0.145 0.012 0.011 
   2   (0.041) 0.013 0.196 0.012 0.011 
   3   (0.030) 0.004 0.033 0.009 0.008 
   4   (0.037) 0.009 0.142 0.011 0.010 
   5   (0.039) 0.009 0.143 0.012 0.010 
   6   (0.028) 0.004 0.032 0.008 0.007 
   7   (0.071) 0.104 0.059 0.021 0.055 
   8   (0.083) 0.231 0.050 0.025 0.169 
   9   (0.032) 0.005 0.061 0.010 0.008 
  10   (0.029) 0.004 0.033 0.009 0.008 
  11   (0.030) 0.033 0.005 0.009 0.008 
  12   (0.034) 0.062 0.005 0.010 0.009 
  13   (0.063) 0.037 0.010 0.300 0.017 
  14   (0.063) 0.286 0.017 0.019 0.090 
  15   (0.070) 0.092 0.015 0.021 0.312 
  16   (0.060) 0.061 0.015 0.158 0.016 
  17   (0.048) 0.007 0.008 0.084 0.049 
  18   (0.032) 0.005 0.005 0.080 0.009 
  19   (0.029) 0.004 0.005 0.044 0.008 
  20   (0.048) 0.007 0.008 0.049 0.086 
  21   (0.031) 0.005 0.005 0.044 0.008 
  22   (0.031) 0.005 0.005 0.044 0.008 
  23   (0.033) 0.005 0.005 0.010 0.082 

Locus 8 : locus8 
26 alleles
0.0% missing data
   1   (0.056) 0.055 0.295 0.017 0.015 
   2   (0.028) 0.004 0.032 0.009 0.007 
   3   (0.044) 0.012 0.167 0.013 0.012 
   4   (0.034) 0.007 0.086 0.010 0.009 
   5   (0.036) 0.009 0.057 0.011 0.010 
   6   (0.039) 0.008 0.169 0.012 0.010 
   7   (0.027) 0.004 0.032 0.008 0.007 
   8   (0.052) 0.084 0.045 0.016 0.014 
   9   (0.051) 0.148 0.012 0.015 0.050 
  10   (0.038) 0.262 0.009 0.011 0.010 
  11   (0.036) 0.147 0.009 0.011 0.010 
  12   (0.034) 0.092 0.005 0.010 0.009 
  13   (0.034) 0.063 0.005 0.010 0.009 
  14   (0.031) 0.033 0.005 0.009 0.008 
  15   (0.032) 0.005 0.005 0.080 0.008 
  16   (0.035) 0.005 0.005 0.081 0.009 
  17   (0.032) 0.005 0.005 0.080 0.008 
  18   (0.038) 0.006 0.006 0.186 0.010 
  19   (0.050) 0.008 0.008 0.050 0.161 
  20   (0.028) 0.004 0.004 0.043 0.007 
  21   (0.056) 0.008 0.009 0.122 0.051 
  22   (0.036) 0.005 0.006 0.081 0.009 
  23   (0.058) 0.009 0.009 0.087 0.199 
  24   (0.034) 0.005 0.005 0.010 0.156 
  25   (0.032) 0.005 0.005 0.009 0.082 
  26   (0.031) 0.005 0.005 0.009 0.118 

Locus 9 : locus9 
21 alleles
0.0% missing data
   1   (0.052) 0.010 0.120 0.016 0.050 
   2   (0.052) 0.010 0.120 0.015 0.050 
   3   (0.084) 0.014 0.182 0.060 0.169 
   4   (0.058) 0.011 0.120 0.088 0.015 
   5   (0.073) 0.021 0.143 0.022 0.203 
   6   (0.100) 0.042 0.073 0.100 0.174 
   7   (0.034) 0.008 0.059 0.010 0.009 
   8   (0.055) 0.017 0.085 0.052 0.015 
   9   (0.055) 0.118 0.011 0.051 0.015 
  10   (0.040) 0.229 0.008 0.012 0.011 
  11   (0.038) 0.142 0.009 0.011 0.010 
  12   (0.033) 0.061 0.005 0.010 0.009 
  13   (0.036) 0.113 0.010 0.011 0.009 
  14   (0.038) 0.139 0.013 0.011 0.010 
  15   (0.027) 0.032 0.004 0.008 0.007 
  16   (0.035) 0.005 0.006 0.081 0.009 
  17   (0.032) 0.005 0.005 0.045 0.008 
  18   (0.033) 0.005 0.005 0.115 0.009 
  19   (0.034) 0.005 0.006 0.116 0.009 
  20   (0.063) 0.009 0.010 0.159 0.164 
  21   (0.027) 0.004 0.004 0.008 0.044 

Locus 10 : locus10 
22 alleles
0.0% missing data
   1   (0.049) 0.007 0.036 0.015 0.087 
   2   (0.053) 0.011 0.203 0.016 0.051 
   3   (0.032) 0.008 0.058 0.010 0.009 
   4   (0.057) 0.011 0.120 0.017 0.125 
   5   (0.059) 0.011 0.149 0.018 0.089 
   6   (0.058) 0.013 0.060 0.158 0.015 
   7   (0.055) 0.017 0.141 0.017 0.051 
   8   (0.059) 0.012 0.091 0.018 0.126 
   9   (0.041) 0.006 0.035 0.012 0.048 
  10   (0.045) 0.035 0.007 0.048 0.012 
  11   (0.066) 0.260 0.015 0.160 0.017 
  12   (0.029) 0.145 0.006 0.009 0.008 
  13   (0.038) 0.200 0.010 0.011 0.010 
  14   (0.052) 0.059 0.013 0.086 0.014 
  15   (0.056) 0.065 0.009 0.122 0.015 
  16   (0.058) 0.060 0.014 0.157 0.015 
  17   (0.034) 0.058 0.009 0.010 0.009 
  18   (0.033) 0.005 0.005 0.045 0.009 
  19   (0.031) 0.005 0.005 0.044 0.008 
  20   (0.031) 0.005 0.005 0.009 0.082 
  21   (0.033) 0.005 0.005 0.010 0.082 
  22   (0.031) 0.005 0.005 0.009 0.119 

Locus 11 : locus11 
24 alleles
0.0% missing data
   1   (0.070) 0.289 0.128 0.021 0.019 
   2   (0.059) 0.014 0.201 0.052 0.015 
   3   (0.055) 0.010 0.119 0.051 0.014 
   4   (0.059) 0.188 0.140 0.018 0.016 
   5   (0.054) 0.010 0.119 0.051 0.014 
   6   (0.051) 0.008 0.036 0.086 0.014 
   7   (0.039) 0.009 0.143 0.011 0.010 
   8   (0.031) 0.058 0.008 0.009 0.008 
   9   (0.036) 0.091 0.006 0.011 0.009 
  10   (0.077) 0.142 0.023 0.023 0.278 
  11   (0.035) 0.088 0.008 0.011 0.009 
  12   (0.028) 0.033 0.005 0.009 0.008 
  13   (0.038) 0.006 0.006 0.257 0.010 
  14   (0.031) 0.005 0.005 0.044 0.008 
  15   (0.026) 0.004 0.004 0.043 0.007 
  16   (0.030) 0.005 0.005 0.044 0.008 
  17   (0.040) 0.006 0.006 0.152 0.011 
  18   (0.030) 0.005 0.005 0.044 0.008 
  19   (0.032) 0.005 0.005 0.010 0.082 
  20   (0.040) 0.006 0.006 0.012 0.158 
  21   (0.037) 0.006 0.006 0.011 0.120 
  22   (0.036) 0.005 0.006 0.011 0.083 
  23   (0.035) 0.005 0.006 0.010 0.046 
  24   (0.029) 0.004 0.005 0.009 0.044 

Locus 12 : locus12 
24 alleles
0.0% missing data
   1   (0.030) 0.005 0.088 0.009 0.008 
   2   (0.055) 0.008 0.092 0.016 0.199 
   3   (0.031) 0.008 0.057 0.009 0.008 
   4   (0.066) 0.020 0.306 0.020 0.091 
   5   (0.051) 0.010 0.257 0.015 0.050 
   6   (0.037) 0.009 0.058 0.011 0.010 
   7   (0.060) 0.235 0.012 0.123 0.016 
   8   (0.051) 0.120 0.010 0.050 0.013 
   9   (0.048) 0.036 0.008 0.085 0.013 
  10   (0.056) 0.091 0.012 0.087 0.015 
  11   (0.036) 0.174 0.008 0.011 0.010 
  12   (0.054) 0.116 0.014 0.051 0.014 
  13   (0.060) 0.061 0.014 0.158 0.016 
  14   (0.060) 0.060 0.015 0.123 0.016 
  15   (0.030) 0.005 0.005 0.044 0.008 
  16   (0.035) 0.005 0.005 0.116 0.009 
  17   (0.031) 0.005 0.005 0.009 0.082 
  18   (0.031) 0.005 0.005 0.009 0.082 
  19   (0.027) 0.004 0.004 0.008 0.044 
  20   (0.035) 0.005 0.006 0.010 0.082 
  21   (0.032) 0.005 0.005 0.010 0.082 
  22   (0.026) 0.004 0.004 0.008 0.044 
  23   (0.026) 0.004 0.004 0.008 0.044 
  24   (0.032) 0.005 0.005 0.010 0.045 

Locus 13 : locus13 
21 alleles
0.0% missing data
   1   (0.041) 0.009 0.143 0.012 0.011 
   2   (0.037) 0.007 0.145 0.011 0.010 
   3   (0.033) 0.008 0.058 0.010 0.009 
   4   (0.034) 0.007 0.116 0.010 0.009 
   5   (0.038) 0.008 0.172 0.011 0.010 
   6   (0.057) 0.013 0.060 0.017 0.088 
   7   (0.028) 0.004 0.033 0.009 0.007 
   8   (0.038) 0.010 0.114 0.011 0.010 
   9   (0.045) 0.007 0.035 0.013 0.049 
  10   (0.092) 0.179 0.020 0.133 0.061 
  11   (0.080) 0.209 0.015 0.059 0.095 
  12   (0.065) 0.229 0.018 0.020 0.091 
  13   (0.080) 0.148 0.018 0.059 0.095 
  14   (0.059) 0.120 0.012 0.088 0.016 
  15   (0.071) 0.011 0.011 0.162 0.313 
  16   (0.032) 0.005 0.005 0.044 0.008 
  17   (0.034) 0.005 0.005 0.080 0.009 
  18   (0.036) 0.005 0.006 0.081 0.009 
  19   (0.036) 0.005 0.006 0.116 0.010 
  20   (0.033) 0.005 0.005 0.045 0.009 
  21   (0.033) 0.005 0.005 0.010 0.082 

Locus 14 : locus14 
23 alleles
0.0% missing data
   1   (0.039) 0.008 0.199 0.012 0.010 
   2   (0.039) 0.011 0.224 0.012 0.010 
   3   (0.060) 0.014 0.144 0.018 0.053 
   4   (0.036) 0.005 0.061 0.011 0.009 
   5   (0.036) 0.005 0.062 0.011 0.010 
   6   (0.043) 0.009 0.172 0.013 0.011 
   7   (0.067) 0.206 0.014 0.125 0.018 
   8   (0.076) 0.234 0.017 0.164 0.020 
   9   (0.068) 0.204 0.017 0.090 0.018 
  10   (0.057) 0.121 0.011 0.052 0.015 
  11   (0.060) 0.120 0.012 0.088 0.016 
  12   (0.036) 0.005 0.006 0.081 0.010 
  13   (0.033) 0.005 0.005 0.045 0.009 
  14   (0.035) 0.005 0.006 0.116 0.009 
  15   (0.035) 0.005 0.006 0.081 0.009 
  16   (0.033) 0.005 0.005 0.010 0.156 
  17   (0.034) 0.005 0.005 0.010 0.083 
  18   (0.042) 0.006 0.007 0.013 0.158 
  19   (0.040) 0.006 0.006 0.012 0.121 
  20   (0.036) 0.005 0.006 0.011 0.120 
  21   (0.034) 0.005 0.005 0.010 0.046 
  22   (0.026) 0.004 0.004 0.008 0.044 
  23   (0.034) 0.005 0.005 0.010 0.046 

Locus 15 : locus15 
20 alleles
0.0% missing data
   1   (0.077) 0.066 0.153 0.023 0.057 
   2   (0.034) 0.005 0.033 0.010 0.009 
   3   (0.049) 0.051 0.049 0.015 0.013 
   4   (0.074) 0.013 0.176 0.197 0.020 
   5   (0.043) 0.010 0.225 0.013 0.011 
   6   (0.036) 0.009 0.057 0.011 0.009 
   7   (0.035) 0.005 0.061 0.010 0.009 
   8   (0.041) 0.014 0.137 0.012 0.011 
   9   (0.095) 0.243 0.017 0.099 0.098 
  10   (0.067) 0.290 0.018 0.090 0.018 
  11   (0.065) 0.122 0.013 0.019 0.127 
  12   (0.032) 0.034 0.005 0.010 0.009 
  13   (0.036) 0.089 0.008 0.011 0.009 
  14   (0.039) 0.006 0.006 0.117 0.010 
  15   (0.057) 0.009 0.009 0.122 0.088 
  16   (0.035) 0.005 0.005 0.080 0.009 
  17   (0.032) 0.005 0.005 0.045 0.008 
  18   (0.060) 0.009 0.010 0.053 0.200 
  19   (0.061) 0.009 0.010 0.053 0.237 
  20   (0.034) 0.005 0.005 0.010 0.046 

Locus 16 : locus16 
25 alleles
0.0% missing data
   1   (0.058) 0.012 0.115 0.017 0.052 
   2   (0.040) 0.009 0.085 0.012 0.011 
   3   (0.031) 0.005 0.032 0.009 0.008 
   4   (0.059) 0.081 0.239 0.018 0.016 
   5   (0.059) 0.045 0.139 0.018 0.015 
   6   (0.031) 0.005 0.032 0.009 0.008 
   7   (0.037) 0.011 0.164 0.011 0.010 
   8   (0.063) 0.187 0.089 0.019 0.017 
   9   (0.040) 0.119 0.010 0.012 0.011 
  10   (0.035) 0.093 0.005 0.010 0.009 
  11   (0.040) 0.209 0.008 0.012 0.011 
  12   (0.061) 0.154 0.011 0.088 0.016 
  13   (0.037) 0.006 0.006 0.222 0.010 
  14   (0.038) 0.006 0.006 0.187 0.010 
  15   (0.040) 0.006 0.006 0.082 0.011 
  16   (0.033) 0.005 0.005 0.115 0.009 
  17   (0.033) 0.005 0.005 0.045 0.009 
  18   (0.030) 0.005 0.005 0.044 0.008 
  19   (0.038) 0.006 0.006 0.011 0.341 
  20   (0.033) 0.005 0.005 0.010 0.082 
  21   (0.035) 0.005 0.005 0.011 0.083 
  22   (0.036) 0.006 0.006 0.011 0.120 
  23   (0.034) 0.005 0.005 0.010 0.046 
  24   (0.029) 0.005 0.005 0.009 0.044 
  25   (0.030) 0.005 0.005 0.009 0.045 

Locus 17 : locus17 
22 alleles
0.0% missing data
   1   (0.081) 0.020 0.177 0.094 0.058 
   2   (0.028) 0.004 0.033 0.008 0.007 
   3   (0.051) 0.008 0.037 0.085 0.014 
   4   (0.061) 0.192 0.106 0.018 0.016 
   5   (0.054) 0.050 0.137 0.016 0.014 
   6   (0.053) 0.091 0.094 0.016 0.014 
   7   (0.046) 0.007 0.036 0.014 0.085 
   8   (0.061) 0.084 0.276 0.018 0.016 
   9   (0.038) 0.223 0.011 0.011 0.010 
  10   (0.029) 0.032 0.005 0.009 0.008 
  11   (0.029) 0.060 0.005 0.009 0.008 
  12   (0.038) 0.115 0.008 0.011 0.010 
  13   (0.035) 0.057 0.009 0.010 0.009 
  14   (0.034) 0.005 0.006 0.150 0.009 
  15   (0.033) 0.005 0.005 0.080 0.009 
  16   (0.049) 0.007 0.008 0.050 0.087 
  17   (0.033) 0.005 0.005 0.045 0.009 
  18   (0.055) 0.008 0.009 0.087 0.088 
  19   (0.058) 0.008 0.009 0.052 0.273 
  20   (0.071) 0.010 0.012 0.126 0.239 
  21   (0.031) 0.005 0.005 0.044 0.008 
  22   (0.033) 0.005 0.005 0.045 0.009 

Locus 18 : locus18 
24 alleles
0.0% missing data
   1   (0.037) 0.007 0.118 0.011 0.010 
   2   (0.036) 0.005 0.091 0.011 0.009 
   3   (0.050) 0.007 0.036 0.085 0.013 
   4   (0.078) 0.017 0.233 0.163 0.021 
   5   (0.070) 0.021 0.142 0.126 0.019 
   6   (0.076) 0.017 0.148 0.268 0.020 
   7   (0.034) 0.008 0.059 0.010 0.009 
   8   (0.033) 0.005 0.062 0.010 0.009 
   9   (0.041) 0.172 0.009 0.012 0.011 
  10   (0.041) 0.285 0.009 0.012 0.011 
  11   (0.036) 0.087 0.008 0.011 0.010 
  12   (0.046) 0.170 0.013 0.014 0.012 
  13   (0.035) 0.058 0.009 0.010 0.009 
  14   (0.031) 0.033 0.005 0.009 0.008 
  15   (0.035) 0.033 0.006 0.010 0.009 
  16   (0.030) 0.032 0.005 0.009 0.008 
  17   (0.038) 0.006 0.006 0.116 0.010 
  18   (0.033) 0.005 0.005 0.045 0.009 
  19   (0.045) 0.007 0.007 0.013 0.380 
  20   (0.037) 0.006 0.006 0.011 0.120 
  21   (0.037) 0.005 0.006 0.011 0.120 
  22   (0.035) 0.005 0.006 0.010 0.083 
  23   (0.034) 0.005 0.005 0.010 0.046 
  24   (0.032) 0.005 0.005 0.010 0.045 

Locus 19 : locus19 
25 alleles
0.0% missing data
   1   (0.060) 0.013 0.176 0.123 0.016 
   2   (0.047) 0.007 0.036 0.119 0.012 
   3   (0.028) 0.004 0.033 0.008 0.007 
   4   (0.035) 0.005 0.091 0.011 0.009 
   5   (0.035) 0.007 0.089 0.010 0.009 
   6   (0.035) 0.011 0.141 0.010 0.009 
   7   (0.059) 0.014 0.061 0.193 0.016 
   8   (0.050) 0.016 0.141 0.050 0.013 
   9   (0.053) 0.008 0.094 0.086 0.014 
  10   (0.052) 0.008 0.037 0.121 0.014 
  11   (0.033) 0.142 0.008 0.010 0.009 
  12   (0.032) 0.033 0.005 0.009 0.008 
  13   (0.030) 0.061 0.005 0.009 0.008 
  14   (0.047) 0.035 0.008 0.014 0.086 
  15   (0.026) 0.032 0.004 0.008 0.007 
  16   (0.053) 0.035 0.009 0.016 0.272 
  17   (0.034) 0.057 0.009 0.010 0.009 
  18   (0.032) 0.116 0.007 0.010 0.009 
  19   (0.035) 0.282 0.010 0.010 0.009 
  20   (0.056) 0.089 0.012 0.017 0.088 
  21   (0.032) 0.005 0.005 0.080 0.009 
  22   (0.029) 0.004 0.005 0.044 0.008 
  23   (0.037) 0.005 0.006 0.011 0.120 
  24   (0.031) 0.005 0.005 0.009 0.045 
  25   (0.038) 0.006 0.006 0.011 0.193 

Locus 20 : locus20 
25 alleles
0.0% missing data
   1   (0.036) 0.009 0.142 0.011 0.010 
   2   (0.052) 0.111 0.075 0.016 0.014 
   3   (0.059) 0.014 0.060 0.123 0.015 
   4   (0.065) 0.047 0.114 0.055 0.017 
   5   (0.080) 0.081 0.305 0.059 0.021 
   6   (0.056) 0.065 0.148 0.017 0.015 
   7   (0.044) 0.050 0.048 0.013 0.012 
   8   (0.055) 0.261 0.014 0.016 0.088 
   9   (0.031) 0.118 0.006 0.009 0.008 
  10   (0.032) 0.118 0.007 0.010 0.009 
  11   (0.046) 0.060 0.012 0.049 0.012 
  12   (0.031) 0.005 0.005 0.115 0.008 
  13   (0.031) 0.005 0.005 0.079 0.008 
  14   (0.037) 0.006 0.006 0.116 0.010 
  15   (0.032) 0.005 0.005 0.080 0.009 
  16   (0.027) 0.004 0.004 0.043 0.007 
  17   (0.033) 0.005 0.005 0.080 0.009 
  18   (0.029) 0.004 0.005 0.044 0.008 
  19   (0.036) 0.005 0.006 0.011 0.157 
  20   (0.036) 0.005 0.006 0.011 0.230 
  21   (0.032) 0.005 0.005 0.010 0.082 
  22   (0.031) 0.005 0.005 0.009 0.082 
  23   (0.032) 0.005 0.005 0.009 0.082 
  24   (0.030) 0.005 0.005 0.009 0.045 
  25   (0.029) 0.004 0.005 0.009 0.044 

Locus 21 : locus21 
21 alleles
0.0% missing data
   1   (0.068) 0.018 0.229 0.020 0.128 
   2   (0.079) 0.017 0.234 0.094 0.057 
   3   (0.032) 0.005 0.090 0.009 0.008 
   4   (0.109) 0.084 0.118 0.138 0.102 
   5   (0.075) 0.014 0.122 0.057 0.094 
   6   (0.030) 0.004 0.033 0.009 0.008 
   7   (0.032) 0.008 0.058 0.010 0.008 
   8   (0.038) 0.255 0.010 0.011 0.010 
   9   (0.034) 0.057 0.009 0.010 0.009 
  10   (0.050) 0.036 0.008 0.085 0.013 
  11   (0.036) 0.173 0.007 0.011 0.010 
  12   (0.037) 0.143 0.009 0.011 0.010 
  13   (0.075) 0.083 0.024 0.058 0.094 
  14   (0.032) 0.033 0.005 0.010 0.009 
  15   (0.049) 0.035 0.008 0.015 0.087 
  16   (0.029) 0.004 0.005 0.079 0.008 
  17   (0.063) 0.009 0.010 0.264 0.090 
  18   (0.033) 0.005 0.005 0.080 0.009 
  19   (0.034) 0.005 0.005 0.010 0.082 
  20   (0.035) 0.005 0.006 0.010 0.120 
  21   (0.030) 0.004 0.005 0.009 0.045 

Locus 22 : locus22 
24 alleles
0.0% missing data
   1   (0.039) 0.013 0.138 0.012 0.010 
   2   (0.036) 0.005 0.089 0.011 0.009 
   3   (0.033) 0.007 0.115 0.010 0.009 
   4   (0.056) 0.180 0.091 0.017 0.015 
   5   (0.037) 0.009 0.141 0.011 0.010 
   6   (0.057) 0.012 0.089 0.017 0.089 
   7   (0.035) 0.009 0.058 0.011 0.009 
   8   (0.035) 0.007 0.115 0.010 0.009 
   9   (0.069) 0.086 0.048 0.091 0.018 
  10   (0.051) 0.091 0.011 0.050 0.013 
  11   (0.047) 0.064 0.007 0.049 0.012 
  12   (0.032) 0.261 0.007 0.010 0.009 
  13   (0.060) 0.061 0.015 0.159 0.016 
  14   (0.061) 0.038 0.010 0.194 0.016 
  15   (0.053) 0.085 0.017 0.051 0.014 
  16   (0.031) 0.033 0.005 0.009 0.008 
  17   (0.035) 0.005 0.005 0.115 0.009 
  18   (0.031) 0.005 0.005 0.079 0.008 
  19   (0.031) 0.005 0.005 0.044 0.008 
  20   (0.038) 0.006 0.006 0.011 0.230 
  21   (0.031) 0.005 0.005 0.009 0.045 
  22   (0.037) 0.006 0.006 0.011 0.194 
  23   (0.028) 0.004 0.004 0.008 0.044 
  24   (0.037) 0.006 0.006 0.011 0.194 

Locus 23 : locus23 
18 alleles
0.0% missing data
   1   (0.108) 0.265 0.163 0.032 0.102 
   2   (0.094) 0.113 0.254 0.028 0.062 
   3   (0.092) 0.058 0.224 0.028 0.098 
   4   (0.041) 0.008 0.203 0.012 0.011 
   5   (0.050) 0.007 0.036 0.015 0.050 
   6   (0.068) 0.091 0.014 0.020 0.165 
   7   (0.074) 0.171 0.020 0.022 0.130 
   8   (0.068) 0.175 0.015 0.020 0.091 
   9   (0.056) 0.059 0.014 0.017 0.051 
  10   (0.040) 0.006 0.006 0.117 0.011 
  11   (0.043) 0.006 0.007 0.188 0.011 
  12   (0.032) 0.005 0.005 0.045 0.009 
  13   (0.037) 0.006 0.006 0.081 0.010 
  14   (0.034) 0.005 0.005 0.045 0.009 
  15   (0.043) 0.006 0.007 0.153 0.011 
  16   (0.041) 0.006 0.007 0.082 0.011 
  17   (0.038) 0.006 0.006 0.081 0.010 
  18   (0.041) 0.006 0.007 0.012 0.158 

Locus 24 : locus24 
18 alleles
0.0% missing data
   1   (0.043) 0.008 0.147 0.013 0.011 
   2   (0.036) 0.005 0.034 0.011 0.010 
   3   (0.040) 0.008 0.089 0.012 0.011 
   4   (0.043) 0.008 0.146 0.013 0.011 
   5   (0.092) 0.022 0.344 0.167 0.024 
   6   (0.071) 0.011 0.039 0.267 0.019 
   7   (0.064) 0.020 0.084 0.019 0.054 
   8   (0.077) 0.288 0.018 0.023 0.131 
   9   (0.106) 0.238 0.021 0.067 0.175 
  10   (0.042) 0.144 0.010 0.013 0.011 
  11   (0.070) 0.092 0.015 0.126 0.019 
  12   (0.056) 0.036 0.009 0.017 0.089 
  13   (0.039) 0.088 0.008 0.012 0.010 
  14   (0.069) 0.010 0.011 0.091 0.165 
  15   (0.039) 0.006 0.006 0.117 0.010 
  16   (0.039) 0.006 0.006 0.012 0.084 
  17   (0.039) 0.006 0.006 0.012 0.121 
  18   (0.034) 0.005 0.006 0.010 0.046 

Locus 25 : locus25 
24 alleles
0.0% missing data
   1   (0.037) 0.007 0.114 0.011 0.010 
   2   (0.041) 0.011 0.250 0.012 0.011 
   3   (0.082) 0.066 0.236 0.095 0.022 
   4   (0.036) 0.007 0.142 0.011 0.009 
   5   (0.084) 0.063 0.102 0.200 0.022 
   6   (0.030) 0.005 0.032 0.009 0.008 
   7   (0.062) 0.239 0.012 0.089 0.017 
   8   (0.035) 0.178 0.006 0.011 0.009 
   9   (0.038) 0.175 0.010 0.011 0.010 
  10   (0.060) 0.062 0.014 0.123 0.016 
  11   (0.058) 0.092 0.012 0.087 0.015 
  12   (0.050) 0.036 0.008 0.085 0.013 
  13   (0.038) 0.006 0.006 0.116 0.010 
  14   (0.031) 0.005 0.005 0.044 0.008 
  15   (0.029) 0.004 0.005 0.009 0.044 
  16   (0.033) 0.005 0.005 0.010 0.082 
  17   (0.034) 0.005 0.005 0.010 0.230 
  18   (0.035) 0.005 0.006 0.010 0.120 
  19   (0.035) 0.005 0.006 0.011 0.083 
  20   (0.029) 0.004 0.004 0.009 0.044 
  21   (0.034) 0.005 0.005 0.010 0.083 
  22   (0.031) 0.005 0.005 0.009 0.045 
  23   (0.030) 0.005 0.005 0.009 0.044 
  24   (0.029) 0.004 0.005 0.009 0.044 

Locus 26 : locus26 
29 alleles
0.0% missing data
   1   (0.034) 0.007 0.088 0.010 0.009 
   2   (0.036) 0.008 0.144 0.011 0.009 
   3   (0.062) 0.011 0.149 0.194 0.016 
   4   (0.033) 0.005 0.062 0.010 0.009 
   5   (0.037) 0.008 0.314 0.011 0.010 
   6   (0.040) 0.013 0.083 0.012 0.011 
   7   (0.045) 0.007 0.035 0.084 0.012 
   8   (0.039) 0.309 0.012 0.012 0.011 
   9   (0.032) 0.033 0.005 0.010 0.008 
  10   (0.035) 0.090 0.006 0.010 0.009 
  11   (0.034) 0.228 0.008 0.010 0.009 
  12   (0.033) 0.144 0.006 0.010 0.009 
  13   (0.027) 0.032 0.004 0.008 0.007 
  14   (0.030) 0.033 0.005 0.009 0.008 
  15   (0.031) 0.005 0.005 0.079 0.008 
  16   (0.032) 0.005 0.005 0.045 0.008 
  17   (0.040) 0.006 0.006 0.222 0.010 
  18   (0.032) 0.005 0.005 0.080 0.009 
  19   (0.033) 0.005 0.005 0.045 0.009 
  20   (0.029) 0.004 0.005 0.044 0.008 
  21   (0.038) 0.006 0.006 0.012 0.231 
  22   (0.033) 0.005 0.005 0.010 0.119 
  23   (0.037) 0.006 0.006 0.011 0.157 
  24   (0.031) 0.005 0.005 0.009 0.082 
  25   (0.031) 0.005 0.005 0.009 0.045 
  26   (0.031) 0.005 0.005 0.009 0.045 
  27   (0.029) 0.004 0.005 0.009 0.044 
  28   (0.032) 0.005 0.005 0.010 0.045 
  29   (0.026) 0.004 0.004 0.008 0.044 

Locus 27 : locus27 
23 alleles
0.0% missing data
   1   (0.037) 0.009 0.061 0.011 0.010 
   2   (0.038) 0.008 0.149 0.011 0.010 
   3   (0.034) 0.005 0.035 0.010 0.009 
   4   (0.037) 0.007 0.092 0.011 0.010 
   5   (0.062) 0.010 0.184 0.089 0.016 
   6   (0.062) 0.012 0.182 0.053 0.016 
   7   (0.059) 0.201 0.066 0.018 0.015 
   8   (0.061) 0.182 0.086 0.018 0.016 
   9   (0.047) 0.007 0.037 0.014 0.050 
  10   (0.037) 0.056 0.010 0.011 0.010 
  11   (0.041) 0.221 0.010 0.012 0.011 
  12   (0.036) 0.139 0.009 0.011 0.010 
  13   (0.037) 0.056 0.010 0.011 0.010 
  14   (0.032) 0.032 0.005 0.010 0.008 
  15   (0.045) 0.007 0.007 0.259 0.012 
  16   (0.062) 0.009 0.010 0.124 0.163 
  17   (0.035) 0.005 0.006 0.080 0.009 
  18   (0.038) 0.006 0.006 0.117 0.010 
  19   (0.060) 0.009 0.010 0.052 0.237 
  20   (0.032) 0.005 0.005 0.045 0.009 
  21   (0.032) 0.005 0.005 0.010 0.045 
  22   (0.034) 0.005 0.006 0.010 0.082 
  23   (0.042) 0.006 0.007 0.013 0.232 

Locus 28 : locus28 
15 alleles
0.0% missing data
   1   (0.048) 0.010 0.200 0.014 0.013 
   2   (0.087) 0.023 0.226 0.026 0.170 
   3   (0.079) 0.240 0.122 0.023 0.021 
   4   (0.063) 0.010 0.122 0.054 0.017 
   5   (0.054) 0.008 0.036 0.051 0.014 
   6   (0.060) 0.009 0.037 0.088 0.016 
   7   (0.092) 0.023 0.117 0.308 0.024 
   8   (0.063) 0.116 0.045 0.019 0.017 
   9   (0.041) 0.150 0.006 0.012 0.011 
  10   (0.040) 0.119 0.008 0.012 0.011 
  11   (0.095) 0.064 0.022 0.063 0.210 
  12   (0.086) 0.095 0.018 0.026 0.353 
  13   (0.104) 0.120 0.026 0.101 0.101 
  14   (0.045) 0.007 0.007 0.119 0.012 
  15   (0.042) 0.006 0.007 0.083 0.011 

Locus 29 : locus29 
28 alleles
0.0% missing data
   1   (0.047) 0.009 0.091 0.014 0.085 
   2   (0.053) 0.016 0.085 0.016 0.124 
   3   (0.029) 0.007 0.145 0.009 0.008 
   4   (0.055) 0.185 0.083 0.016 0.015 
   5   (0.031) 0.006 0.089 0.009 0.008 
   6   (0.033) 0.008 0.146 0.010 0.009 
   7   (0.025) 0.004 0.033 0.007 0.007 
   8   (0.044) 0.010 0.060 0.013 0.048 
   9   (0.042) 0.006 0.035 0.083 0.011 
  10   (0.042) 0.006 0.035 0.013 0.085 
  11   (0.025) 0.004 0.033 0.008 0.007 
  12   (0.044) 0.007 0.035 0.013 0.159 
  13   (0.027) 0.004 0.033 0.008 0.007 
  14   (0.032) 0.143 0.006 0.010 0.009 
  15   (0.026) 0.194 0.008 0.008 0.007 
  16   (0.051) 0.088 0.011 0.050 0.013 
  17   (0.032) 0.115 0.007 0.010 0.009 
  18   (0.026) 0.032 0.004 0.008 0.007 
  19   (0.031) 0.112 0.009 0.009 0.008 
  20   (0.030) 0.004 0.005 0.114 0.008 
  21   (0.035) 0.005 0.006 0.221 0.009 
  22   (0.031) 0.005 0.005 0.114 0.008 
  23   (0.050) 0.007 0.008 0.120 0.050 
  24   (0.027) 0.004 0.004 0.043 0.007 
  25   (0.039) 0.006 0.006 0.047 0.047 
  26   (0.034) 0.005 0.006 0.010 0.083 
  27   (0.028) 0.004 0.005 0.008 0.118 
  28   (0.030) 0.004 0.005 0.009 0.045 

Locus 30 : locus30 
22 alleles
0.0% missing data
   1   (0.037) 0.008 0.169 0.011 0.010 
   2   (0.039) 0.011 0.222 0.012 0.010 
   3   (0.036) 0.007 0.143 0.011 0.010 
   4   (0.037) 0.009 0.141 0.011 0.010 
   5   (0.030) 0.005 0.032 0.009 0.008 
   6   (0.030) 0.005 0.032 0.009 0.008 
   7   (0.031) 0.005 0.032 0.009 0.008 
   8   (0.033) 0.009 0.057 0.010 0.009 
   9   (0.071) 0.039 0.039 0.021 0.167 
  10   (0.080) 0.208 0.019 0.094 0.058 
  11   (0.052) 0.209 0.009 0.016 0.050 
  12   (0.058) 0.086 0.018 0.123 0.015 
  13   (0.066) 0.118 0.017 0.020 0.349 
  14   (0.034) 0.034 0.005 0.010 0.009 
  15   (0.078) 0.094 0.016 0.199 0.057 
  16   (0.056) 0.061 0.014 0.017 0.125 
  17   (0.045) 0.036 0.007 0.048 0.012 
  18   (0.049) 0.036 0.008 0.085 0.013 
  19   (0.036) 0.006 0.006 0.081 0.010 
  20   (0.038) 0.006 0.006 0.151 0.010 
  21   (0.029) 0.004 0.004 0.044 0.008 
  22   (0.032) 0.005 0.005 0.010 0.045 

Locus 31 : locus31 
14 alleles
0.0% missing data
   1   (0.046) 0.011 0.316 0.014 0.012 
   2   (0.118) 0.148 0.113 0.106 0.068 
   3   (0.060) 0.011 0.122 0.018 0.053 
   4   (0.040) 0.006 0.121 0.012 0.011 
   5   (0.032) 0.005 0.034 0.010 0.008 
   6   (0.120) 0.054 0.125 0.071 0.290 
   7   (0.098) 0.157 0.069 0.134 0.026 
   8   (0.120) 0.257 0.031 0.211 0.105 
   9   (0.098) 0.179 0.018 0.100 0.099 
  10   (0.104) 0.147 0.024 0.136 0.101 
  11   (0.040) 0.006 0.006 0.117 0.010 
  12   (0.054) 0.008 0.009 0.051 0.088 
  13   (0.037) 0.005 0.006 0.011 0.084 
  14   (0.034) 0.005 0.005 0.010 0.046 

Locus 32 : locus32 
23 alleles
0.0% missing data
   1   (0.037) 0.006 0.118 0.011 0.010 
   2   (0.038) 0.007 0.116 0.011 0.010 
   3   (0.045) 0.012 0.113 0.013 0.012 
   4   (0.047) 0.012 0.310 0.014 0.012 
   5   (0.036) 0.007 0.088 0.011 0.009 
   6   (0.066) 0.012 0.120 0.090 0.017 
   7   (0.041) 0.141 0.013 0.012 0.011 
   8   (0.066) 0.179 0.012 0.020 0.054 
   9   (0.043) 0.147 0.008 0.013 0.011 
  10   (0.079) 0.234 0.018 0.024 0.168 
  11   (0.041) 0.145 0.010 0.012 0.011 
  12   (0.035) 0.034 0.006 0.011 0.009 
  13   (0.038) 0.006 0.006 0.081 0.010 
  14   (0.040) 0.006 0.006 0.117 0.011 
  15   (0.041) 0.006 0.006 0.152 0.011 
  16   (0.038) 0.006 0.006 0.116 0.010 
  17   (0.038) 0.006 0.006 0.082 0.010 
  18   (0.042) 0.006 0.007 0.153 0.011 
  19   (0.043) 0.006 0.007 0.013 0.195 
  20   (0.034) 0.005 0.005 0.010 0.083 
  21   (0.041) 0.006 0.007 0.012 0.195 
  22   (0.036) 0.005 0.006 0.011 0.083 
  23   (0.035) 0.005 0.006 0.010 0.046 

Locus 33 : locus33 
16 alleles
0.0% missing data
   1   (0.088) 0.067 0.341 0.027 0.023 
   2   (0.043) 0.007 0.033 0.013 0.011 
   3   (0.063) 0.017 0.326 0.019 0.017 
   4   (0.084) 0.204 0.081 0.025 0.022 
   5   (0.055) 0.015 0.110 0.016 0.015 
   6   (0.045) 0.066 0.007 0.013 0.012 
   7   (0.044) 0.094 0.009 0.013 0.012 
   8   (0.050) 0.214 0.010 0.015 0.013 
   9   (0.053) 0.242 0.011 0.016 0.014 
  10   (0.087) 0.014 0.013 0.131 0.133 
  11   (0.057) 0.009 0.009 0.227 0.015 
  12   (0.051) 0.008 0.008 0.156 0.014 
  13   (0.102) 0.016 0.016 0.171 0.248 
  14   (0.084) 0.013 0.013 0.095 0.206 
  15   (0.038) 0.006 0.006 0.047 0.010 
  16   (0.054) 0.009 0.008 0.016 0.235 

Locus 34 : locus34 
18 alleles
0.0% missing data
   1   (0.045) 0.008 0.152 0.013 0.012 
   2   (0.130) 0.257 0.232 0.039 0.108 
   3   (0.081) 0.012 0.072 0.024 0.353 
   4   (0.073) 0.098 0.151 0.022 0.019 
   5   (0.067) 0.078 0.084 0.020 0.018 
   6   (0.074) 0.084 0.167 0.022 0.020 
   7   (0.079) 0.371 0.067 0.023 0.021 
   8   (0.035) 0.032 0.006 0.011 0.009 
   9   (0.037) 0.005 0.006 0.046 0.010 
  10   (0.041) 0.006 0.007 0.118 0.011 
  11   (0.051) 0.007 0.008 0.226 0.013 
  12   (0.044) 0.006 0.007 0.153 0.012 
  13   (0.037) 0.005 0.006 0.046 0.010 
  14   (0.042) 0.006 0.007 0.083 0.011 
  15   (0.041) 0.006 0.007 0.082 0.011 
  16   (0.035) 0.005 0.006 0.045 0.009 
  17   (0.049) 0.007 0.008 0.015 0.270 
  18   (0.039) 0.006 0.006 0.012 0.084 

Locus 35 : locus35 
24 alleles
0.0% missing data
   1   (0.032) 0.005 0.033 0.010 0.009 
   2   (0.052) 0.008 0.064 0.016 0.087 
   3   (0.037) 0.008 0.088 0.011 0.010 
   4   (0.039) 0.007 0.118 0.012 0.010 
   5   (0.054) 0.014 0.115 0.051 0.014 
   6   (0.064) 0.016 0.314 0.054 0.017 
   7   (0.055) 0.011 0.090 0.016 0.051 
   8   (0.054) 0.008 0.037 0.016 0.125 
   9   (0.030) 0.004 0.033 0.009 0.008 
  10   (0.057) 0.286 0.014 0.017 0.052 
  11   (0.039) 0.230 0.008 0.012 0.010 
  12   (0.036) 0.088 0.008 0.011 0.009 
  13   (0.058) 0.200 0.015 0.017 0.089 
  14   (0.034) 0.062 0.006 0.010 0.009 
  15   (0.037) 0.006 0.006 0.152 0.010 
  16   (0.033) 0.005 0.005 0.045 0.009 
  17   (0.039) 0.006 0.006 0.187 0.010 
  18   (0.038) 0.006 0.006 0.117 0.010 
  19   (0.034) 0.005 0.005 0.116 0.009 
  20   (0.028) 0.004 0.004 0.043 0.007 
  21   (0.033) 0.005 0.005 0.045 0.009 
  22   (0.038) 0.006 0.006 0.011 0.121 
  23   (0.037) 0.005 0.006 0.011 0.083 
  24   (0.041) 0.006 0.007 0.012 0.231 

Locus 36 : locus36 
17 alleles
0.0% missing data
   1   (0.069) 0.011 0.039 0.056 0.129 
   2   (0.035) 0.005 0.061 0.010 0.009 
   3   (0.038) 0.007 0.116 0.011 0.010 
   4   (0.068) 0.018 0.170 0.090 0.018 
   5   (0.121) 0.162 0.157 0.071 0.142 
   6   (0.127) 0.081 0.127 0.390 0.070 
   7   (0.055) 0.058 0.100 0.016 0.014 
   8   (0.060) 0.168 0.049 0.018 0.016 
   9   (0.072) 0.011 0.039 0.092 0.056 
  10   (0.036) 0.009 0.058 0.011 0.010 
  11   (0.082) 0.012 0.041 0.130 0.132 
  12   (0.040) 0.233 0.008 0.012 0.011 
  13   (0.037) 0.118 0.007 0.011 0.010 
  14   (0.030) 0.033 0.005 0.009 0.008 
  15   (0.036) 0.059 0.009 0.011 0.010 
  16   (0.058) 0.009 0.009 0.052 0.236 
  17   (0.036) 0.005 0.006 0.011 0.120 

Locus 37 : locus37 
23 alleles
0.0% missing data
   1   (0.051) 0.036 0.036 0.015 0.014 
   2   (0.046) 0.010 0.256 0.014 0.012 
   3   (0.062) 0.051 0.360 0.019 0.016 
   4   (0.044) 0.012 0.169 0.013 0.012 
   5   (0.034) 0.005 0.033 0.010 0.009 
   6   (0.039) 0.175 0.007 0.012 0.010 
   7   (0.065) 0.199 0.019 0.019 0.053 
   8   (0.042) 0.175 0.009 0.013 0.011 
   9   (0.038) 0.089 0.008 0.011 0.010 
  10   (0.041) 0.059 0.011 0.012 0.011 
  11   (0.050) 0.036 0.008 0.015 0.050 
  12   (0.033) 0.033 0.005 0.010 0.009 
  13   (0.066) 0.061 0.016 0.020 0.128 
  14   (0.044) 0.007 0.007 0.189 0.012 
  15   (0.041) 0.006 0.006 0.152 0.011 
  16   (0.044) 0.007 0.007 0.223 0.012 
  17   (0.040) 0.006 0.006 0.117 0.011 
  18   (0.034) 0.005 0.005 0.045 0.009 
  19   (0.035) 0.005 0.006 0.045 0.009 
  20   (0.046) 0.007 0.007 0.014 0.343 
  21   (0.032) 0.005 0.005 0.010 0.119 
  22   (0.037) 0.005 0.006 0.011 0.046 
  23   (0.038) 0.006 0.006 0.011 0.084 

Locus 38 : locus38 
17 alleles
0.0% missing data
   1   (0.048) 0.012 0.257 0.014 0.013 
   2   (0.086) 0.130 0.094 0.026 0.059 
   3   (0.134) 0.164 0.131 0.075 0.182 
   4   (0.039) 0.007 0.118 0.012 0.010 
   5   (0.039) 0.007 0.118 0.012 0.010 
   6   (0.070) 0.038 0.039 0.056 0.018 
   7   (0.059) 0.047 0.084 0.018 0.016 
   8   (0.036) 0.009 0.059 0.011 0.010 
   9   (0.041) 0.114 0.011 0.012 0.011 
  10   (0.060) 0.065 0.010 0.018 0.089 
  11   (0.091) 0.228 0.025 0.027 0.282 
  12   (0.087) 0.147 0.020 0.026 0.244 
  13   (0.040) 0.006 0.006 0.117 0.010 
  14   (0.039) 0.006 0.006 0.082 0.010 
  15   (0.036) 0.005 0.006 0.046 0.010 
  16   (0.047) 0.007 0.008 0.224 0.012 
  17   (0.049) 0.007 0.008 0.224 0.013 

Locus 39 : locus39 
17 alleles
0.0% missing data
   1   (0.107) 0.117 0.200 0.208 0.028 
   2   (0.033) 0.005 0.035 0.010 0.009 
   3   (0.056) 0.011 0.094 0.017 0.051 
   4   (0.083) 0.039 0.073 0.165 0.022 
   5   (0.032) 0.005 0.035 0.010 0.008 
   6   (0.037) 0.005 0.065 0.011 0.010 
   7   (0.106) 0.296 0.154 0.137 0.028 
   8   (0.052) 0.047 0.053 0.016 0.014 
   9   (0.063) 0.018 0.088 0.019 0.090 
  10   (0.064) 0.015 0.121 0.019 0.091 
  11   (0.066) 0.215 0.024 0.054 0.017 
  12   (0.064) 0.064 0.011 0.159 0.017 
  13   (0.067) 0.111 0.019 0.126 0.018 
  14   (0.058) 0.035 0.010 0.017 0.163 
  15   (0.041) 0.006 0.007 0.012 0.231 
  16   (0.038) 0.006 0.006 0.011 0.120 
  17   (0.034) 0.005 0.006 0.010 0.083 

Locus 40 : locus40 
20 alleles
0.0% missing data
   1   (0.063) 0.013 0.089 0.054 0.017 
   2   (0.072) 0.223 0.111 0.022 0.019 
   3   (0.059) 0.086 0.046 0.018 0.016 
   4   (0.088) 0.025 0.333 0.131 0.023 
   5   (0.038) 0.006 0.089 0.011 0.010 
   6   (0.042) 0.006 0.090 0.013 0.011 
   7   (0.064) 0.015 0.143 0.054 0.017 
   8   (0.040) 0.149 0.007 0.012 0.010 
   9   (0.042) 0.147 0.010 0.013 0.011 
  10   (0.039) 0.091 0.008 0.012 0.010 
  11   (0.071) 0.098 0.011 0.021 0.239 
  12   (0.040) 0.060 0.010 0.012 0.011 
  13   (0.035) 0.034 0.005 0.010 0.009 
  14   (0.035) 0.005 0.005 0.045 0.009 
  15   (0.044) 0.007 0.007 0.189 0.012 
  16   (0.049) 0.007 0.008 0.295 0.013 
  17   (0.061) 0.009 0.010 0.053 0.237 
  18   (0.041) 0.006 0.006 0.012 0.121 
  19   (0.039) 0.006 0.006 0.012 0.121 
  20   (0.038) 0.006 0.006 0.011 0.084 

Locus 41 : locus41 
18 alleles
0.0% missing data
   1   (0.112) 0.186 0.299 0.104 0.030 
   2   (0.063) 0.049 0.195 0.019 0.017 
   3   (0.060) 0.011 0.119 0.018 0.053 
   4   (0.078) 0.057 0.136 0.059 0.021 
   5   (0.053) 0.008 0.036 0.016 0.124 
   6   (0.072) 0.028 0.105 0.022 0.129 
   7   (0.065) 0.092 0.014 0.125 0.017 
   8   (0.068) 0.180 0.012 0.090 0.018 
   9   (0.068) 0.236 0.014 0.090 0.018 
  10   (0.061) 0.108 0.024 0.053 0.016 
  11   (0.045) 0.007 0.007 0.224 0.012 
  12   (0.036) 0.005 0.006 0.081 0.010 
  13   (0.033) 0.005 0.005 0.045 0.009 
  14   (0.041) 0.006 0.006 0.012 0.195 
  15   (0.037) 0.006 0.006 0.011 0.084 
  16   (0.033) 0.005 0.005 0.010 0.045 
  17   (0.034) 0.005 0.005 0.010 0.082 
  18   (0.039) 0.006 0.006 0.012 0.121 

Locus 42 : locus42 
18 alleles
0.0% missing data
   1   (0.080) 0.015 0.265 0.129 0.021 
   2   (0.088) 0.137 0.059 0.097 0.023 
   3   (0.081) 0.018 0.149 0.235 0.021 
   4   (0.038) 0.006 0.091 0.011 0.010 
   5   (0.062) 0.015 0.117 0.053 0.016 
   6   (0.042) 0.013 0.141 0.013 0.011 
   7   (0.035) 0.005 0.034 0.010 0.009 
   8   (0.033) 0.005 0.034 0.010 0.009 
   9   (0.065) 0.066 0.011 0.019 0.164 
  10   (0.032) 0.033 0.005 0.010 0.009 
  11   (0.038) 0.173 0.007 0.011 0.010 
  12   (0.115) 0.254 0.033 0.069 0.288 
  13   (0.083) 0.201 0.021 0.025 0.243 
  14   (0.036) 0.033 0.006 0.011 0.010 
  15   (0.058) 0.009 0.009 0.123 0.052 
  16   (0.042) 0.006 0.007 0.118 0.011 
  17   (0.034) 0.005 0.005 0.045 0.009 
  18   (0.039) 0.006 0.006 0.012 0.084 

Locus 43 : locus43 
27 alleles
0.0% missing data
   1   (0.036) 0.005 0.061 0.011 0.010 
   2   (0.032) 0.008 0.058 0.010 0.009 
   3   (0.043) 0.011 0.199 0.013 0.011 
   4   (0.042) 0.009 0.311 0.012 0.011 
   5   (0.032) 0.005 0.061 0.009 0.008 
   6   (0.037) 0.008 0.088 0.011 0.010 
   7   (0.029) 0.004 0.033 0.009 0.008 
   8   (0.035) 0.009 0.058 0.011 0.009 
   9   (0.037) 0.059 0.009 0.011 0.010 
  10   (0.043) 0.035 0.007 0.048 0.011 
  11   (0.039) 0.259 0.009 0.012 0.010 
  12   (0.035) 0.089 0.008 0.010 0.009 
  13   (0.033) 0.173 0.007 0.010 0.009 
  14   (0.033) 0.088 0.007 0.010 0.009 
  15   (0.030) 0.033 0.005 0.009 0.008 
  16   (0.032) 0.058 0.008 0.010 0.008 
  17   (0.033) 0.058 0.009 0.010 0.009 
  18   (0.028) 0.033 0.004 0.008 0.007 
  19   (0.073) 0.011 0.012 0.302 0.277 
  20   (0.055) 0.008 0.009 0.298 0.051 
  21   (0.036) 0.005 0.006 0.081 0.009 
  22   (0.047) 0.007 0.007 0.049 0.049 
  23   (0.032) 0.005 0.005 0.010 0.082 
  24   (0.033) 0.005 0.005 0.010 0.046 
  25   (0.029) 0.004 0.005 0.009 0.044 
  26   (0.032) 0.005 0.005 0.010 0.119 
  27   (0.033) 0.005 0.005 0.010 0.156 

Locus 44 : locus44 
21 alleles
0.0% missing data
   1   (0.064) 0.142 0.132 0.019 0.017 
   2   (0.090) 0.127 0.400 0.027 0.061 
   3   (0.061) 0.067 0.092 0.018 0.016 
   4   (0.060) 0.217 0.059 0.018 0.016 
   5   (0.043) 0.011 0.140 0.013 0.011 
   6   (0.054) 0.148 0.042 0.016 0.014 
   7   (0.071) 0.149 0.045 0.021 0.056 
   8   (0.034) 0.060 0.009 0.010 0.009 
   9   (0.059) 0.009 0.009 0.088 0.089 
  10   (0.045) 0.007 0.007 0.224 0.012 
  11   (0.043) 0.006 0.007 0.223 0.011 
  12   (0.047) 0.007 0.007 0.049 0.049 
  13   (0.042) 0.006 0.007 0.153 0.011 
  14   (0.048) 0.007 0.007 0.049 0.049 
  15   (0.035) 0.005 0.005 0.010 0.119 
  16   (0.032) 0.005 0.005 0.010 0.045 
  17   (0.033) 0.005 0.005 0.010 0.045 
  18   (0.036) 0.006 0.006 0.011 0.083 
  19   (0.038) 0.006 0.006 0.011 0.120 
  20   (0.033) 0.005 0.005 0.010 0.082 
  21   (0.033) 0.005 0.005 0.010 0.082 

Locus 45 : locus45 
22 alleles
0.0% missing data
   1   (0.066) 0.107 0.286 0.020 0.018 
   2   (0.051) 0.080 0.048 0.015 0.013 
   3   (0.066) 0.113 0.335 0.020 0.018 
   4   (0.035) 0.005 0.035 0.010 0.009 
   5   (0.029) 0.004 0.034 0.009 0.008 
   6   (0.030) 0.004 0.034 0.009 0.008 
   7   (0.060) 0.203 0.066 0.018 0.016 
   8   (0.031) 0.004 0.034 0.009 0.008 
   9   (0.032) 0.060 0.005 0.010 0.009 
  10   (0.055) 0.112 0.016 0.051 0.014 
  11   (0.032) 0.060 0.005 0.009 0.008 
  12   (0.029) 0.032 0.005 0.009 0.008 
  13   (0.036) 0.080 0.014 0.011 0.010 
  14   (0.059) 0.080 0.021 0.088 0.016 
  15   (0.048) 0.007 0.008 0.085 0.049 
  16   (0.070) 0.010 0.012 0.126 0.202 
  17   (0.040) 0.006 0.007 0.258 0.011 
  18   (0.055) 0.008 0.009 0.051 0.199 
  19   (0.049) 0.007 0.008 0.049 0.124 
  20   (0.063) 0.009 0.010 0.089 0.163 
  21   (0.031) 0.004 0.005 0.044 0.008 
  22   (0.035) 0.005 0.006 0.010 0.083 

Locus 46 : locus46 
17 alleles
0.0% missing data
   1   (0.146) 0.034 0.373 0.149 0.296 
   2   (0.128) 0.027 0.264 0.179 0.144 
   3   (0.065) 0.199 0.049 0.019 0.017 
   4   (0.064) 0.179 0.067 0.019 0.017 
   5   (0.060) 0.199 0.047 0.018 0.016 
   6   (0.033) 0.005 0.033 0.010 0.009 
   7   (0.071) 0.235 0.098 0.021 0.019 
   8   (0.034) 0.034 0.005 0.010 0.009 
   9   (0.034) 0.034 0.005 0.010 0.009 
  10   (0.044) 0.007 0.007 0.154 0.012 
  11   (0.033) 0.005 0.005 0.045 0.009 
  12   (0.039) 0.006 0.006 0.117 0.010 
  13   (0.063) 0.009 0.010 0.053 0.201 
  14   (0.057) 0.009 0.009 0.052 0.089 
  15   (0.062) 0.009 0.010 0.088 0.090 
  16   (0.034) 0.005 0.005 0.045 0.009 
  17   (0.033) 0.005 0.005 0.010 0.045 

Locus 47 : locus47 
25 alleles
0.0% missing data
   1   (0.044) 0.014 0.416 0.013 0.012 
   2   (0.032) 0.005 0.033 0.010 0.008 
   3   (0.040) 0.007 0.144 0.012 0.011 
   4   (0.042) 0.008 0.172 0.012 0.011 
   5   (0.033) 0.005 0.033 0.010 0.009 
   6   (0.035) 0.005 0.061 0.010 0.009 
   7   (0.065) 0.085 0.020 0.090 0.017 
   8   (0.040) 0.205 0.008 0.012 0.010 
   9   (0.040) 0.262 0.009 0.012 0.011 
  10   (0.037) 0.120 0.006 0.011 0.010 
  11   (0.032) 0.034 0.005 0.010 0.008 
  12   (0.047) 0.036 0.007 0.084 0.012 
  13   (0.035) 0.143 0.011 0.010 0.009 
  14   (0.051) 0.008 0.008 0.050 0.087 
  15   (0.062) 0.009 0.010 0.159 0.163 
  16   (0.036) 0.005 0.006 0.116 0.009 
  17   (0.040) 0.006 0.006 0.187 0.011 
  18   (0.046) 0.007 0.007 0.048 0.049 
  19   (0.053) 0.008 0.008 0.051 0.125 
  20   (0.030) 0.005 0.005 0.044 0.008 
  21   (0.035) 0.005 0.005 0.010 0.046 
  22   (0.027) 0.004 0.004 0.008 0.044 
  23   (0.033) 0.005 0.005 0.010 0.082 
  24   (0.038) 0.006 0.006 0.011 0.157 
  25   (0.030) 0.005 0.005 0.009 0.082 

Locus 48 : locus48 
18 alleles
0.0% missing data
   1   (0.061) 0.014 0.396 0.018 0.016 
   2   (0.055) 0.012 0.312 0.017 0.015 
   3   (0.050) 0.009 0.146 0.015 0.013 
   4   (0.052) 0.230 0.014 0.015 0.014 
   5   (0.060) 0.375 0.013 0.018 0.016 
   6   (0.051) 0.146 0.012 0.015 0.013 
   7   (0.042) 0.063 0.007 0.013 0.011 
   8   (0.040) 0.034 0.006 0.012 0.011 
   9   (0.035) 0.034 0.006 0.011 0.009 
  10   (0.045) 0.007 0.007 0.084 0.012 
  11   (0.109) 0.016 0.017 0.278 0.213 
  12   (0.094) 0.014 0.015 0.203 0.209 
  13   (0.069) 0.010 0.011 0.091 0.092 
  14   (0.041) 0.006 0.006 0.047 0.011 
  15   (0.043) 0.006 0.007 0.083 0.011 
  16   (0.068) 0.010 0.011 0.055 0.129 
  17   (0.042) 0.006 0.007 0.013 0.085 
  18   (0.044) 0.007 0.007 0.013 0.122 

Locus 49 : locus49 
21 alleles
0.0% missing data
   1   (0.039) 0.008 0.347 0.012 0.010 
   2   (0.039) 0.007 0.148 0.012 0.010 
   3   (0.090) 0.111 0.114 0.027 0.171 
   4   (0.073) 0.062 0.158 0.022 0.056 
   5   (0.030) 0.004 0.033 0.009 0.008 
   6   (0.029) 0.004 0.033 0.009 0.008 
   7   (0.048) 0.007 0.036 0.015 0.124 
   8   (0.060) 0.059 0.015 0.123 0.016 
   9   (0.050) 0.063 0.008 0.015 0.087 
  10   (0.050) 0.088 0.011 0.015 0.050 
  11   (0.095) 0.176 0.021 0.098 0.172 
  12   (0.070) 0.225 0.020 0.126 0.019 
  13   (0.046) 0.035 0.007 0.049 0.012 
  14   (0.037) 0.087 0.008 0.011 0.010 
  15   (0.046) 0.035 0.007 0.014 0.049 
  16   (0.040) 0.006 0.006 0.257 0.011 
  17   (0.029) 0.004 0.005 0.044 0.008 
  18   (0.033) 0.005 0.005 0.115 0.009 
  19   (0.031) 0.005 0.005 0.009 0.045 
  20   (0.034) 0.005 0.005 0.010 0.082 
  21   (0.031) 0.005 0.005 0.009 0.045 

Locus 50 : locus50 
22 alleles
0.0% missing data
   1   (0.075) 0.185 0.344 0.023 0.020 
   2   (0.037) 0.009 0.058 0.011 0.010 
   3   (0.058) 0.077 0.110 0.017 0.016 
   4   (0.040) 0.011 0.170 0.012 0.011 
   5   (0.062) 0.009 0.066 0.159 0.016 
   6   (0.056) 0.057 0.101 0.017 0.015 
   7   (0.047) 0.035 0.036 0.014 0.013 
   8   (0.068) 0.095 0.011 0.161 0.018 
   9   (0.043) 0.315 0.010 0.013 0.011 
  10   (0.056) 0.037 0.009 0.017 0.089 
  11   (0.043) 0.107 0.018 0.013 0.011 
  12   (0.041) 0.006 0.007 0.117 0.011 
  13   (0.041) 0.006 0.007 0.153 0.011 
  14   (0.044) 0.007 0.007 0.188 0.012 
  15   (0.038) 0.006 0.006 0.011 0.193 
  16   (0.038) 0.006 0.006 0.011 0.084 
  17   (0.032) 0.005 0.005 0.010 0.045 
  18   (0.043) 0.006 0.007 0.013 0.122 
  19   (0.032) 0.005 0.005 0.010 0.045 
  20   (0.036) 0.005 0.006 0.011 0.083 
  21   (0.032) 0.005 0.005 0.010 0.045 
  22   (0.038) 0.006 0.006 0.011 0.120 

Locus 51 : locus51 
18 alleles
0.0% missing data
   1   (0.068) 0.055 0.301 0.020 0.018 
   2   (0.099) 0.186 0.126 0.029 0.100 
   3   (0.042) 0.008 0.145 0.012 0.011 
   4   (0.094) 0.100 0.097 0.098 0.025 
   5   (0.041) 0.009 0.172 0.012 0.011 
   6   (0.119) 0.337 0.070 0.071 0.105 
   7   (0.040) 0.149 0.006 0.012 0.011 
   8   (0.075) 0.093 0.016 0.163 0.020 
   9   (0.060) 0.009 0.009 0.123 0.052 
  10   (0.068) 0.010 0.011 0.055 0.312 
  11   (0.040) 0.006 0.006 0.082 0.011 
  12   (0.034) 0.005 0.005 0.045 0.009 
  13   (0.043) 0.006 0.007 0.153 0.011 
  14   (0.032) 0.005 0.005 0.045 0.009 
  15   (0.032) 0.005 0.005 0.045 0.008 
  16   (0.039) 0.006 0.006 0.012 0.121 
  17   (0.037) 0.006 0.006 0.011 0.083 
  18   (0.037) 0.006 0.006 0.011 0.083 

Locus 52 : locus52 
23 alleles
0.0% missing data
   1   (0.037) 0.008 0.201 0.011 0.010 
   2   (0.052) 0.008 0.064 0.051 0.014 
   3   (0.057) 0.008 0.037 0.122 0.015 
   4   (0.069) 0.016 0.287 0.091 0.018 
   5   (0.061) 0.013 0.091 0.088 0.016 
   6   (0.033) 0.005 0.033 0.010 0.009 
   7   (0.055) 0.017 0.141 0.017 0.051 
   8   (0.047) 0.007 0.036 0.014 0.049 
   9   (0.060) 0.201 0.015 0.018 0.089 
  10   (0.039) 0.370 0.010 0.012 0.010 
  11   (0.065) 0.060 0.016 0.020 0.201 
  12   (0.029) 0.033 0.005 0.009 0.008 
  13   (0.030) 0.033 0.005 0.009 0.008 
  14   (0.074) 0.179 0.014 0.022 0.240 
  15   (0.038) 0.006 0.006 0.222 0.010 
  16   (0.030) 0.004 0.005 0.044 0.008 
  17   (0.034) 0.005 0.005 0.080 0.009 
  18   (0.033) 0.005 0.005 0.045 0.009 
  19   (0.032) 0.005 0.005 0.080 0.009 
  20   (0.033) 0.005 0.005 0.010 0.082 
  21   (0.030) 0.004 0.005 0.009 0.045 
  22   (0.030) 0.004 0.005 0.009 0.045 
  23   (0.030) 0.005 0.005 0.009 0.045 

Locus 53 : locus53 
21 alleles
0.0% missing data
   1   (0.034) 0.007 0.088 0.010 0.009 
   2   (0.056) 0.014 0.201 0.052 0.015 
   3   (0.080) 0.139 0.139 0.059 0.021 
   4   (0.030) 0.004 0.033 0.009 0.008 
   5   (0.052) 0.011 0.090 0.051 0.014 
   6   (0.071) 0.014 0.092 0.197 0.019 
   7   (0.049) 0.007 0.092 0.050 0.013 
   8   (0.039) 0.013 0.083 0.012 0.010 
   9   (0.032) 0.005 0.033 0.009 0.009 
  10   (0.078) 0.054 0.054 0.198 0.021 
  11   (0.063) 0.345 0.014 0.019 0.090 
  12   (0.036) 0.083 0.013 0.011 0.010 
  13   (0.064) 0.149 0.012 0.019 0.164 
  14   (0.051) 0.035 0.008 0.015 0.088 
  15   (0.060) 0.060 0.015 0.018 0.200 
  16   (0.030) 0.033 0.005 0.009 0.008 
  17   (0.038) 0.006 0.006 0.116 0.010 
  18   (0.029) 0.004 0.005 0.044 0.008 
  19   (0.035) 0.005 0.006 0.081 0.009 
  20   (0.039) 0.006 0.006 0.012 0.194 
  21   (0.035) 0.005 0.006 0.011 0.083 

Locus 54 : locus54 
29 alleles
0.0% missing data
   1   (0.058) 0.013 0.144 0.087 0.015 
   2   (0.036) 0.008 0.227 0.011 0.009 
   3   (0.046) 0.010 0.089 0.049 0.012 
   4   (0.035) 0.007 0.257 0.010 0.009 
   5   (0.052) 0.012 0.060 0.121 0.014 
   6   (0.029) 0.007 0.058 0.009 0.008 
   7   (0.030) 0.004 0.033 0.009 0.008 
   8   (0.037) 0.144 0.009 0.011 0.010 
   9   (0.049) 0.119 0.010 0.015 0.123 
  10   (0.027) 0.032 0.004 0.008 0.007 
  11   (0.052) 0.119 0.010 0.016 0.124 
  12   (0.031) 0.083 0.011 0.009 0.008 
  13   (0.034) 0.117 0.007 0.010 0.009 
  14   (0.034) 0.144 0.008 0.010 0.009 
  15   (0.042) 0.035 0.007 0.013 0.048 
  16   (0.032) 0.088 0.007 0.009 0.008 
  17   (0.035) 0.005 0.005 0.151 0.009 
  18   (0.034) 0.005 0.005 0.185 0.009 
  19   (0.021) 0.003 0.003 0.041 0.005 
  20   (0.026) 0.004 0.004 0.043 0.007 
  21   (0.032) 0.005 0.005 0.080 0.009 
  22   (0.025) 0.004 0.004 0.042 0.007 
  23   (0.034) 0.005 0.005 0.010 0.120 
  24   (0.029) 0.004 0.005 0.009 0.081 
  25   (0.025) 0.004 0.004 0.007 0.043 
  26   (0.033) 0.005 0.005 0.010 0.082 
  27   (0.029) 0.004 0.005 0.009 0.081 
  28   (0.028) 0.004 0.004 0.008 0.081 
  29   (0.026) 0.004 0.004 0.008 0.044 

Locus 55 : locus55 
22 alleles
0.0% missing data
   1   (0.056) 0.008 0.037 0.052 0.052 
   2   (0.055) 0.011 0.205 0.051 0.015 
   3   (0.058) 0.012 0.261 0.052 0.015 
   4   (0.059) 0.012 0.092 0.123 0.016 
   5   (0.075) 0.017 0.063 0.198 0.057 
   6   (0.048) 0.007 0.036 0.085 0.013 
   7   (0.081) 0.016 0.094 0.129 0.095 
   8   (0.057) 0.013 0.061 0.017 0.199 
   9   (0.049) 0.012 0.060 0.015 0.050 
  10   (0.032) 0.144 0.006 0.009 0.008 
  11   (0.039) 0.339 0.010 0.012 0.010 
  12   (0.034) 0.116 0.007 0.010 0.009 
  13   (0.048) 0.058 0.012 0.015 0.049 
  14   (0.057) 0.118 0.011 0.017 0.125 
  15   (0.034) 0.057 0.009 0.010 0.009 
  16   (0.030) 0.032 0.005 0.009 0.008 
  17   (0.033) 0.005 0.005 0.080 0.009 
  18   (0.032) 0.005 0.005 0.080 0.008 
  19   (0.036) 0.005 0.006 0.011 0.120 
  20   (0.027) 0.004 0.004 0.008 0.044 
  21   (0.032) 0.005 0.005 0.009 0.045 
  22   (0.028) 0.004 0.005 0.008 0.044 

Locus 56 : locus56 
21 alleles
0.0% missing data
   1   (0.045) 0.010 0.311 0.013 0.012 
   2   (0.045) 0.009 0.228 0.013 0.012 
   3   (0.065) 0.012 0.120 0.125 0.017 
   4   (0.042) 0.011 0.114 0.013 0.011 
   5   (0.035) 0.007 0.087 0.010 0.009 
   6   (0.062) 0.262 0.014 0.053 0.017 
   7   (0.053) 0.036 0.009 0.016 0.088 
   8   (0.064) 0.206 0.013 0.089 0.017 
   9   (0.068) 0.147 0.016 0.020 0.092 
  10   (0.072) 0.204 0.018 0.091 0.019 
  11   (0.032) 0.033 0.005 0.010 0.009 
  12   (0.052) 0.008 0.008 0.051 0.087 
  13   (0.041) 0.006 0.006 0.118 0.011 
  14   (0.035) 0.005 0.006 0.045 0.009 
  15   (0.033) 0.005 0.005 0.080 0.009 
  16   (0.055) 0.008 0.009 0.122 0.051 
  17   (0.051) 0.008 0.008 0.050 0.087 
  18   (0.033) 0.005 0.005 0.045 0.009 
  19   (0.036) 0.005 0.006 0.011 0.120 
  20   (0.040) 0.006 0.006 0.012 0.194 
  21   (0.040) 0.006 0.006 0.012 0.121 

Locus 57 : locus57 
19 alleles
0.0% missing data
   1   (0.076) 0.016 0.178 0.128 0.020 
   2   (0.098) 0.017 0.185 0.169 0.062 
   3   (0.091) 0.017 0.126 0.133 0.061 
   4   (0.034) 0.008 0.059 0.010 0.009 
   5   (0.038) 0.010 0.116 0.011 0.010 
   6   (0.103) 0.029 0.144 0.066 0.175 
   7   (0.068) 0.010 0.039 0.301 0.018 
   8   (0.037) 0.006 0.063 0.011 0.010 
   9   (0.044) 0.284 0.010 0.013 0.012 
  10   (0.041) 0.143 0.010 0.012 0.011 
  11   (0.041) 0.142 0.010 0.012 0.011 
  12   (0.039) 0.087 0.009 0.012 0.010 
  13   (0.042) 0.088 0.009 0.013 0.011 
  14   (0.039) 0.087 0.009 0.012 0.010 
  15   (0.034) 0.033 0.005 0.010 0.009 
  16   (0.063) 0.009 0.010 0.054 0.238 
  17   (0.041) 0.006 0.007 0.012 0.158 
  18   (0.038) 0.006 0.006 0.011 0.121 
  19   (0.032) 0.005 0.005 0.009 0.045 

Locus 58 : locus58 
19 alleles
0.0% missing data
   1   (0.043) 0.010 0.143 0.013 0.011 
   2   (0.039) 0.010 0.114 0.012 0.010 
   3   (0.033) 0.007 0.087 0.010 0.009 
   4   (0.060) 0.012 0.231 0.053 0.016 
   5   (0.051) 0.010 0.089 0.050 0.013 
   6   (0.037) 0.008 0.087 0.011 0.010 
   7   (0.036) 0.009 0.058 0.011 0.010 
   8   (0.031) 0.005 0.061 0.009 0.008 
   9   (0.122) 0.376 0.031 0.141 0.253 
  10   (0.037) 0.118 0.007 0.011 0.010 
  11   (0.092) 0.149 0.021 0.062 0.208 
  12   (0.095) 0.042 0.015 0.275 0.209 
  13   (0.032) 0.033 0.005 0.010 0.009 
  14   (0.048) 0.035 0.008 0.014 0.049 
  15   (0.053) 0.065 0.008 0.086 0.014 
  16   (0.056) 0.090 0.012 0.017 0.051 
  17   (0.048) 0.007 0.008 0.049 0.050 
  18   (0.032) 0.005 0.005 0.044 0.008 
  19   (0.056) 0.008 0.009 0.122 0.051 

Locus 59 : locus59 
18 alleles
0.0% missing data
   1   (0.112) 0.064 0.197 0.033 0.251 
   2   (0.083) 0.014 0.183 0.165 0.022 
   3   (0.141) 0.031 0.212 0.147 0.331 
   4   (0.078) 0.016 0.265 0.093 0.020 
   5   (0.033) 0.005 0.034 0.010 0.009 
   6   (0.034) 0.033 0.005 0.010 0.009 
   7   (0.078) 0.120 0.016 0.023 0.204 
   8   (0.045) 0.226 0.011 0.013 0.012 
   9   (0.041) 0.058 0.011 0.012 0.011 
  10   (0.040) 0.087 0.009 0.012 0.011 
  11   (0.049) 0.226 0.012 0.015 0.013 
  12   (0.039) 0.087 0.009 0.012 0.010 
  13   (0.041) 0.006 0.007 0.082 0.011 
  14   (0.042) 0.006 0.007 0.188 0.011 
  15   (0.035) 0.005 0.006 0.045 0.009 
  16   (0.040) 0.006 0.006 0.082 0.011 
  17   (0.036) 0.005 0.006 0.046 0.009 
  18   (0.036) 0.005 0.006 0.011 0.046 

Locus 60 : locus60 
18 alleles
0.0% missing data
   1   (0.045) 0.012 0.112 0.013 0.012 
   2   (0.060) 0.038 0.064 0.018 0.016 
   3   (0.090) 0.020 0.421 0.027 0.134 
   4   (0.101) 0.173 0.112 0.030 0.100 
   5   (0.070) 0.319 0.049 0.021 0.019 
   6   (0.081) 0.019 0.144 0.024 0.206 
   7   (0.080) 0.182 0.017 0.024 0.131 
   8   (0.041) 0.060 0.010 0.012 0.011 
   9   (0.060) 0.037 0.009 0.018 0.164 
  10   (0.055) 0.037 0.009 0.017 0.088 
  11   (0.037) 0.060 0.009 0.011 0.010 
  12   (0.047) 0.007 0.007 0.154 0.012 
  13   (0.050) 0.008 0.008 0.330 0.013 
  14   (0.040) 0.006 0.006 0.152 0.011 
  15   (0.036) 0.006 0.006 0.046 0.010 
  16   (0.036) 0.006 0.006 0.046 0.009 
  17   (0.035) 0.005 0.006 0.046 0.009 
  18   (0.035) 0.005 0.006 0.011 0.046 

Locus 61 : locus61 
15 alleles
0.0% missing data
   1   (0.096) 0.053 0.089 0.029 0.356 
   2   (0.100) 0.200 0.197 0.030 0.100 
   3   (0.107) 0.129 0.129 0.207 0.028 
   4   (0.098) 0.110 0.201 0.134 0.026 
   5   (0.061) 0.109 0.108 0.018 0.016 
   6   (0.069) 0.053 0.053 0.056 0.018 
   7   (0.055) 0.013 0.060 0.016 0.051 
   8   (0.053) 0.013 0.060 0.016 0.051 
   9   (0.069) 0.039 0.039 0.021 0.092 
  10   (0.063) 0.146 0.015 0.019 0.090 
  11   (0.054) 0.036 0.009 0.016 0.125 
  12   (0.070) 0.084 0.022 0.162 0.019 
  13   (0.036) 0.005 0.006 0.116 0.010 
  14   (0.037) 0.006 0.006 0.116 0.010 
  15   (0.031) 0.005 0.005 0.044 0.008 

Locus 62 : locus62 
18 alleles
0.0% missing data
   1   (0.068) 0.014 0.093 0.055 0.055 
   2   (0.106) 0.135 0.180 0.067 0.102 
   3   (0.048) 0.049 0.051 0.014 0.013 
   4   (0.066) 0.205 0.211 0.020 0.018 
   5   (0.063) 0.093 0.039 0.019 0.053 
   6   (0.098) 0.095 0.102 0.029 0.430 
   7   (0.051) 0.010 0.121 0.050 0.014 
   8   (0.074) 0.011 0.041 0.127 0.093 
   9   (0.071) 0.047 0.088 0.021 0.093 
  10   (0.052) 0.063 0.008 0.086 0.014 
  11   (0.032) 0.032 0.005 0.010 0.009 
  12   (0.038) 0.138 0.013 0.011 0.010 
  13   (0.060) 0.082 0.020 0.123 0.016 
  14   (0.033) 0.005 0.005 0.080 0.009 
  15   (0.030) 0.004 0.005 0.044 0.008 
  16   (0.048) 0.007 0.008 0.084 0.049 
  17   (0.032) 0.005 0.005 0.080 0.008 
  18   (0.033) 0.005 0.005 0.080 0.008 

Locus 63 : locus63 
22 alleles
0.0% missing data
   1   (0.032) 0.005 0.061 0.010 0.009 
   2   (0.041) 0.010 0.279 0.012 0.011 
   3   (0.034) 0.005 0.060 0.010 0.009 
   4   (0.039) 0.011 0.305 0.012 0.010 
   5   (0.037) 0.008 0.086 0.011 0.010 
   6   (0.052) 0.008 0.063 0.016 0.050 
   7   (0.037) 0.090 0.008 0.011 0.010 
   8   (0.068) 0.210 0.014 0.090 0.018 
   9   (0.073) 0.119 0.018 0.022 0.240 
  10   (0.064) 0.096 0.010 0.159 0.017 
  11   (0.073) 0.180 0.016 0.162 0.019 
  12   (0.063) 0.093 0.013 0.124 0.017 
  13   (0.050) 0.036 0.008 0.050 0.013 
  14   (0.038) 0.085 0.012 0.011 0.010 
  15   (0.058) 0.009 0.009 0.087 0.089 
  16   (0.034) 0.005 0.005 0.080 0.009 
  17   (0.033) 0.005 0.005 0.045 0.009 
  18   (0.032) 0.005 0.005 0.045 0.009 
  19   (0.037) 0.006 0.006 0.011 0.194 
  20   (0.038) 0.006 0.006 0.011 0.120 
  21   (0.032) 0.005 0.005 0.010 0.045 
  22   (0.035) 0.005 0.005 0.010 0.082 

Locus 64 : locus64 
18 alleles
0.0% missing data
   1   (0.125) 0.072 0.354 0.037 0.217 
   2   (0.079) 0.151 0.182 0.024 0.021 
   3   (0.066) 0.010 0.038 0.020 0.165 
   4   (0.082) 0.156 0.315 0.025 0.022 
   5   (0.066) 0.150 0.015 0.054 0.017 
   6   (0.076) 0.128 0.012 0.022 0.167 
   7   (0.038) 0.064 0.006 0.011 0.010 
   8   (0.067) 0.208 0.016 0.020 0.054 
   9   (0.047) 0.007 0.007 0.225 0.012 
  10   (0.045) 0.007 0.007 0.154 0.012 
  11   (0.044) 0.007 0.007 0.118 0.012 
  12   (0.038) 0.006 0.006 0.082 0.010 
  13   (0.036) 0.005 0.006 0.046 0.009 
  14   (0.036) 0.005 0.006 0.046 0.010 
  15   (0.039) 0.006 0.006 0.082 0.010 
  16   (0.043) 0.007 0.007 0.013 0.158 
  17   (0.036) 0.006 0.006 0.011 0.046 
  18   (0.038) 0.006 0.006 0.011 0.046 

Locus 65 : locus65 
24 alleles
0.0% missing data
   1   (0.033) 0.005 0.062 0.010 0.009 
   2   (0.076) 0.016 0.374 0.128 0.020 
   3   (0.061) 0.013 0.175 0.053 0.016 
   4   (0.057) 0.015 0.115 0.052 0.015 
   5   (0.032) 0.005 0.033 0.010 0.008 
   6   (0.065) 0.016 0.116 0.090 0.017 
   7   (0.037) 0.088 0.008 0.011 0.010 
   8   (0.037) 0.174 0.007 0.011 0.010 
   9   (0.043) 0.166 0.016 0.013 0.011 
  10   (0.031) 0.061 0.005 0.009 0.008 
  11   (0.046) 0.229 0.011 0.014 0.012 
  12   (0.036) 0.117 0.007 0.011 0.009 
  13   (0.034) 0.033 0.005 0.010 0.009 
  14   (0.040) 0.006 0.006 0.152 0.011 
  15   (0.040) 0.006 0.006 0.152 0.010 
  16   (0.038) 0.006 0.006 0.117 0.010 
  17   (0.060) 0.009 0.010 0.052 0.200 
  18   (0.029) 0.004 0.005 0.044 0.008 
  19   (0.029) 0.004 0.005 0.009 0.044 
  20   (0.040) 0.006 0.006 0.012 0.194 
  21   (0.037) 0.006 0.006 0.011 0.157 
  22   (0.028) 0.004 0.004 0.008 0.044 
  23   (0.036) 0.005 0.006 0.011 0.083 
  24   (0.036) 0.005 0.006 0.011 0.083 

Locus 66 : locus66 
24 alleles
0.0% missing data
   1   (0.054) 0.008 0.037 0.016 0.088 
   2   (0.041) 0.008 0.230 0.012 0.011 
   3   (0.036) 0.009 0.058 0.011 0.009 
   4   (0.043) 0.010 0.199 0.013 0.011 
   5   (0.066) 0.016 0.201 0.090 0.017 
   6   (0.064) 0.013 0.091 0.019 0.091 
   7   (0.050) 0.008 0.036 0.015 0.087 
   8   (0.047) 0.007 0.036 0.014 0.049 
   9   (0.032) 0.033 0.005 0.010 0.009 
  10   (0.039) 0.118 0.008 0.012 0.010 
  11   (0.038) 0.118 0.008 0.011 0.010 
  12   (0.038) 0.144 0.009 0.011 0.010 
  13   (0.034) 0.062 0.005 0.010 0.009 
  14   (0.040) 0.200 0.010 0.012 0.011 
  15   (0.037) 0.058 0.010 0.011 0.010 
  16   (0.039) 0.144 0.009 0.012 0.010 
  17   (0.035) 0.005 0.006 0.081 0.009 
  18   (0.034) 0.005 0.006 0.116 0.009 
  19   (0.039) 0.006 0.006 0.187 0.010 
  20   (0.032) 0.005 0.005 0.045 0.009 
  21   (0.043) 0.006 0.007 0.223 0.011 
  22   (0.033) 0.005 0.005 0.045 0.009 
  23   (0.037) 0.005 0.006 0.011 0.120 
  24   (0.047) 0.007 0.008 0.014 0.380 

Locus 67 : locus67 
22 alleles
0.0% missing data
   1   (0.083) 0.014 0.184 0.165 0.059 
   2   (0.053) 0.075 0.082 0.016 0.014 
   3   (0.082) 0.069 0.126 0.024 0.169 
   4   (0.079) 0.014 0.155 0.058 0.131 
   5   (0.063) 0.014 0.149 0.019 0.201 
   6   (0.068) 0.052 0.140 0.020 0.055 
   7   (0.079) 0.011 0.041 0.128 0.131 
   8   (0.044) 0.006 0.036 0.048 0.012 
   9   (0.040) 0.280 0.010 0.012 0.011 
  10   (0.037) 0.111 0.011 0.011 0.010 
  11   (0.035) 0.111 0.010 0.010 0.009 
  12   (0.027) 0.032 0.004 0.008 0.007 
  13   (0.028) 0.032 0.005 0.008 0.007 
  14   (0.028) 0.087 0.005 0.008 0.007 
  15   (0.033) 0.060 0.005 0.010 0.009 
  16   (0.027) 0.004 0.004 0.043 0.007 
  17   (0.038) 0.006 0.006 0.152 0.010 
  18   (0.033) 0.005 0.005 0.115 0.009 
  19   (0.030) 0.004 0.005 0.044 0.008 
  20   (0.029) 0.004 0.005 0.044 0.008 
  21   (0.029) 0.004 0.005 0.044 0.008 
  22   (0.035) 0.005 0.006 0.010 0.119 

Locus 68 : locus68 
18 alleles
0.0% missing data
   1   (0.101) 0.025 0.256 0.030 0.431 
   2   (0.047) 0.009 0.284 0.014 0.012 
   3   (0.047) 0.011 0.227 0.014 0.012 
   4   (0.093) 0.014 0.042 0.204 0.098 
   5   (0.038) 0.010 0.058 0.012 0.010 
   6   (0.044) 0.234 0.009 0.013 0.012 
   7   (0.072) 0.093 0.015 0.126 0.019 
   8   (0.041) 0.090 0.009 0.012 0.011 
   9   (0.050) 0.036 0.008 0.050 0.013 
  10   (0.040) 0.089 0.009 0.012 0.011 
  11   (0.044) 0.148 0.008 0.013 0.012 
  12   (0.044) 0.116 0.012 0.013 0.012 
  13   (0.063) 0.085 0.020 0.054 0.017 
  14   (0.041) 0.006 0.006 0.082 0.011 
  15   (0.055) 0.008 0.009 0.052 0.088 
  16   (0.054) 0.008 0.009 0.051 0.051 
  17   (0.072) 0.011 0.011 0.162 0.129 
  18   (0.054) 0.008 0.009 0.086 0.051 

Locus 69 : locus69 
22 alleles
0.0% missing data
   1   (0.066) 0.010 0.068 0.195 0.017 
   2   (0.111) 0.238 0.475 0.103 0.030 
   3   (0.061) 0.206 0.093 0.018 0.016 
   4   (0.037) 0.009 0.060 0.011 0.010 
   5   (0.054) 0.011 0.092 0.051 0.014 
   6   (0.033) 0.005 0.034 0.010 0.009 
   7   (0.057) 0.008 0.067 0.087 0.015 
   8   (0.042) 0.170 0.010 0.012 0.011 
   9   (0.065) 0.089 0.014 0.089 0.017 
  10   (0.055) 0.137 0.018 0.051 0.015 
  11   (0.047) 0.035 0.008 0.085 0.013 
  12   (0.031) 0.032 0.005 0.009 0.008 
  13   (0.032) 0.005 0.005 0.045 0.008 
  14   (0.034) 0.005 0.005 0.080 0.009 
  15   (0.030) 0.004 0.005 0.044 0.008 
  16   (0.030) 0.004 0.005 0.044 0.008 
  17   (0.031) 0.005 0.005 0.009 0.045 
  18   (0.042) 0.006 0.007 0.012 0.305 
  19   (0.037) 0.005 0.006 0.011 0.120 
  20   (0.040) 0.006 0.006 0.012 0.158 
  21   (0.031) 0.004 0.005 0.009 0.045 
  22   (0.034) 0.005 0.006 0.010 0.120 

Locus 70 : locus70 
22 alleles
0.0% missing data
   1   (0.058) 0.254 0.046 0.017 0.015 
   2   (0.030) 0.004 0.033 0.009 0.008 
   3   (0.036) 0.005 0.062 0.011 0.009 
   4   (0.043) 0.011 0.201 0.013 0.011 
   5   (0.039) 0.007 0.147 0.012 0.010 
   6   (0.032) 0.005 0.033 0.010 0.008 
   7   (0.037) 0.010 0.115 0.011 0.010 
   8   (0.041) 0.013 0.141 0.012 0.011 
   9   (0.056) 0.164 0.049 0.017 0.015 
  10   (0.033) 0.005 0.033 0.010 0.009 
  11   (0.034) 0.005 0.034 0.010 0.009 
  12   (0.045) 0.255 0.012 0.013 0.012 
  13   (0.051) 0.064 0.008 0.050 0.014 
  14   (0.034) 0.058 0.009 0.010 0.009 
  15   (0.041) 0.082 0.014 0.012 0.011 
  16   (0.072) 0.011 0.012 0.162 0.314 
  17   (0.058) 0.009 0.009 0.193 0.052 
  18   (0.057) 0.008 0.009 0.158 0.052 
  19   (0.053) 0.008 0.008 0.051 0.088 
  20   (0.056) 0.008 0.009 0.087 0.125 
  21   (0.066) 0.010 0.011 0.125 0.164 
  22   (0.029) 0.004 0.005 0.009 0.044 

Locus 71 : locus71 
22 alleles
0.0% missing data
   1   (0.030) 0.005 0.061 0.009 0.008 
   2   (0.053) 0.010 0.259 0.016 0.051 
   3   (0.032) 0.005 0.061 0.009 0.008 
   4   (0.031) 0.005 0.033 0.009 0.008 
   5   (0.037) 0.014 0.166 0.011 0.010 
   6   (0.032) 0.007 0.087 0.010 0.009 
   7   (0.049) 0.007 0.064 0.015 0.050 
   8   (0.052) 0.017 0.083 0.016 0.050 
   9   (0.049) 0.012 0.059 0.015 0.050 
  10   (0.056) 0.141 0.018 0.017 0.088 
  11   (0.047) 0.089 0.010 0.049 0.012 
  12   (0.034) 0.146 0.007 0.010 0.009 
  13   (0.053) 0.090 0.011 0.086 0.014 
  14   (0.042) 0.034 0.007 0.048 0.011 
  15   (0.066) 0.121 0.013 0.055 0.054 
  16   (0.085) 0.069 0.014 0.165 0.133 
  17   (0.079) 0.173 0.021 0.094 0.095 
  18   (0.051) 0.036 0.008 0.156 0.013 
  19   (0.036) 0.005 0.006 0.186 0.010 
  20   (0.028) 0.004 0.005 0.009 0.118 
  21   (0.029) 0.004 0.005 0.009 0.118 
  22   (0.028) 0.004 0.004 0.008 0.081 

Locus 72 : locus72 
16 alleles
0.0% missing data
   1   (0.093) 0.051 0.091 0.168 0.025 
   2   (0.064) 0.076 0.114 0.019 0.017 
   3   (0.065) 0.048 0.316 0.020 0.017 
   4   (0.079) 0.085 0.052 0.094 0.021 
   5   (0.096) 0.172 0.281 0.063 0.025 
   6   (0.034) 0.005 0.034 0.010 0.009 
   7   (0.065) 0.168 0.019 0.020 0.054 
   8   (0.101) 0.229 0.024 0.100 0.100 
   9   (0.076) 0.039 0.012 0.128 0.057 
  10   (0.070) 0.090 0.015 0.021 0.166 
  11   (0.032) 0.005 0.005 0.045 0.009 
  12   (0.068) 0.010 0.011 0.266 0.055 
  13   (0.042) 0.006 0.007 0.013 0.195 
  14   (0.037) 0.005 0.006 0.011 0.084 
  15   (0.039) 0.006 0.006 0.012 0.084 
  16   (0.037) 0.005 0.006 0.011 0.083 

Locus 73 : locus73 
20 alleles
0.0% missing data
   1   (0.048) 0.064 0.064 0.014 0.013 
   2   (0.059) 0.047 0.336 0.018 0.016 
   3   (0.104) 0.030 0.142 0.136 0.138 
   4   (0.077) 0.193 0.085 0.023 0.057 
   5   (0.076) 0.163 0.113 0.058 0.020 
   6   (0.029) 0.004 0.033 0.009 0.008 
   7   (0.071) 0.016 0.062 0.056 0.093 
   8   (0.060) 0.019 0.083 0.018 0.126 
   9   (0.036) 0.115 0.010 0.011 0.010 
  10   (0.037) 0.230 0.009 0.011 0.010 
  11   (0.057) 0.065 0.009 0.017 0.162 
  12   (0.032) 0.005 0.005 0.080 0.008 
  13   (0.058) 0.009 0.009 0.123 0.089 
  14   (0.033) 0.005 0.005 0.115 0.009 
  15   (0.031) 0.005 0.005 0.044 0.008 
  16   (0.036) 0.005 0.006 0.116 0.010 
  17   (0.043) 0.006 0.007 0.048 0.048 
  18   (0.046) 0.007 0.007 0.049 0.049 
  19   (0.032) 0.005 0.005 0.045 0.009 
  20   (0.035) 0.005 0.006 0.010 0.120 

Locus 74 : locus74 
18 alleles
0.0% missing data
   1   (0.090) 0.079 0.171 0.097 0.024 
   2   (0.094) 0.222 0.203 0.028 0.062 
   3   (0.099) 0.141 0.224 0.100 0.026 
   4   (0.069) 0.012 0.201 0.021 0.166 
   5   (0.077) 0.236 0.048 0.058 0.021 
   6   (0.074) 0.087 0.077 0.057 0.020 
   7   (0.033) 0.064 0.005 0.010 0.009 
   8   (0.061) 0.068 0.009 0.158 0.016 
   9   (0.033) 0.034 0.005 0.010 0.009 
  10   (0.041) 0.006 0.006 0.152 0.011 
  11   (0.052) 0.008 0.008 0.086 0.050 
  12   (0.041) 0.006 0.006 0.118 0.011 
  13   (0.052) 0.008 0.008 0.051 0.087 
  14   (0.041) 0.006 0.006 0.012 0.158 
  15   (0.038) 0.006 0.006 0.011 0.157 
  16   (0.035) 0.005 0.005 0.011 0.046 
  17   (0.035) 0.006 0.005 0.011 0.083 
  18   (0.033) 0.005 0.005 0.010 0.045 

Locus 75 : locus75 
27 alleles
0.0% missing data
   1   (0.047) 0.081 0.046 0.014 0.013 
   2   (0.080) 0.051 0.287 0.024 0.095 
   3   (0.032) 0.006 0.119 0.009 0.008 
   4   (0.063) 0.298 0.112 0.019 0.017 
   5   (0.051) 0.172 0.068 0.015 0.014 
   6   (0.033) 0.011 0.084 0.010 0.009 
   7   (0.029) 0.007 0.059 0.009 0.008 
   8   (0.026) 0.004 0.061 0.008 0.007 
   9   (0.059) 0.065 0.038 0.018 0.052 
  10   (0.028) 0.004 0.033 0.008 0.008 
  11   (0.032) 0.061 0.005 0.010 0.008 
  12   (0.032) 0.061 0.005 0.010 0.009 
  13   (0.032) 0.112 0.009 0.009 0.008 
  14   (0.044) 0.006 0.007 0.329 0.012 
  15   (0.033) 0.005 0.005 0.045 0.009 
  16   (0.025) 0.004 0.004 0.043 0.007 
  17   (0.038) 0.006 0.006 0.186 0.010 
  18   (0.029) 0.004 0.005 0.044 0.008 
  19   (0.033) 0.005 0.005 0.080 0.009 
  20   (0.029) 0.004 0.005 0.044 0.008 
  21   (0.026) 0.004 0.004 0.008 0.044 
  22   (0.034) 0.005 0.006 0.010 0.082 
  23   (0.036) 0.005 0.006 0.011 0.193 
  24   (0.032) 0.005 0.005 0.009 0.082 
  25   (0.032) 0.005 0.005 0.009 0.082 
  26   (0.034) 0.005 0.006 0.010 0.156 
  27   (0.032) 0.005 0.005 0.010 0.045 

Locus 76 : locus76 
25 alleles
0.0% missing data
   1   (0.075) 0.226 0.190 0.022 0.020 
   2   (0.064) 0.072 0.233 0.019 0.017 
   3   (0.045) 0.011 0.260 0.013 0.012 
   4   (0.042) 0.013 0.085 0.012 0.011 
   5   (0.036) 0.005 0.063 0.011 0.009 
   6   (0.051) 0.049 0.051 0.015 0.014 
   7   (0.042) 0.199 0.009 0.012 0.011 
   8   (0.044) 0.336 0.011 0.013 0.012 
   9   (0.043) 0.006 0.007 0.223 0.011 
  10   (0.041) 0.006 0.007 0.152 0.011 
  11   (0.029) 0.004 0.005 0.044 0.008 
  12   (0.039) 0.006 0.006 0.187 0.010 
  13   (0.032) 0.005 0.005 0.045 0.009 
  14   (0.036) 0.005 0.006 0.081 0.010 
  15   (0.034) 0.005 0.006 0.045 0.009 
  16   (0.040) 0.006 0.007 0.012 0.158 
  17   (0.042) 0.006 0.007 0.013 0.195 
  18   (0.032) 0.005 0.005 0.010 0.045 
  19   (0.034) 0.005 0.006 0.010 0.082 
  20   (0.031) 0.005 0.005 0.009 0.045 
  21   (0.035) 0.005 0.006 0.010 0.120 
  22   (0.034) 0.005 0.005 0.010 0.045 
  23   (0.032) 0.005 0.005 0.010 0.045 
  24   (0.035) 0.005 0.006 0.010 0.046 
  25   (0.033) 0.005 0.005 0.010 0.046 

Locus 77 : locus77 
21 alleles
0.0% missing data
   1   (0.060) 0.014 0.060 0.018 0.053 
   2   (0.040) 0.014 0.082 0.012 0.011 
   3   (0.035) 0.005 0.062 0.010 0.009 
   4   (0.050) 0.012 0.368 0.015 0.013 
   5   (0.075) 0.016 0.175 0.022 0.167 
   6   (0.040) 0.006 0.118 0.012 0.010 
   7   (0.065) 0.124 0.010 0.019 0.091 
   8   (0.049) 0.204 0.010 0.015 0.013 
   9   (0.081) 0.230 0.022 0.024 0.169 
  10   (0.032) 0.033 0.005 0.010 0.009 
  11   (0.039) 0.118 0.008 0.012 0.010 
  12   (0.041) 0.115 0.011 0.012 0.011 
  13   (0.076) 0.062 0.018 0.023 0.241 
  14   (0.039) 0.006 0.006 0.152 0.010 
  15   (0.039) 0.006 0.006 0.082 0.010 
  16   (0.033) 0.005 0.005 0.045 0.009 
  17   (0.041) 0.006 0.007 0.082 0.011 
  18   (0.046) 0.007 0.007 0.154 0.012 
  19   (0.043) 0.006 0.007 0.188 0.011 
  20   (0.038) 0.006 0.006 0.081 0.010 
  21   (0.039) 0.006 0.006 0.012 0.121 

Locus 78 : locus78 
23 alleles
0.0% missing data
   1   (0.038) 0.009 0.060 0.011 0.010 
   2   (0.060) 0.055 0.191 0.018 0.016 
   3   (0.060) 0.123 0.091 0.018 0.016 
   4   (0.041) 0.008 0.120 0.012 0.011 
   5   (0.040) 0.008 0.205 0.012 0.011 
   6   (0.042) 0.008 0.120 0.012 0.011 
   7   (0.032) 0.005 0.034 0.010 0.008 
   8   (0.033) 0.008 0.059 0.010 0.009 
   9   (0.038) 0.335 0.009 0.011 0.010 
  10   (0.034) 0.057 0.009 0.010 0.009 
  11   (0.044) 0.196 0.011 0.013 0.011 
  12   (0.035) 0.086 0.008 0.010 0.009 
  13   (0.031) 0.032 0.005 0.009 0.008 
  14   (0.067) 0.010 0.011 0.090 0.165 
  15   (0.031) 0.005 0.005 0.044 0.008 
  16   (0.071) 0.010 0.012 0.161 0.093 
  17   (0.038) 0.006 0.006 0.082 0.010 
  18   (0.037) 0.005 0.006 0.151 0.010 
  19   (0.040) 0.006 0.007 0.187 0.011 
  20   (0.059) 0.009 0.010 0.052 0.236 
  21   (0.054) 0.008 0.009 0.051 0.125 
  22   (0.038) 0.006 0.006 0.011 0.120 
  23   (0.037) 0.005 0.006 0.011 0.084 

Locus 79 : locus79 
25 alleles
0.0% missing data
   1   (0.065) 0.246 0.136 0.020 0.017 
   2   (0.039) 0.008 0.294 0.012 0.010 
   3   (0.073) 0.285 0.158 0.022 0.019 
   4   (0.031) 0.005 0.063 0.009 0.008 
   5   (0.073) 0.083 0.051 0.022 0.093 
   6   (0.032) 0.005 0.034 0.010 0.008 
   7   (0.047) 0.034 0.066 0.014 0.013 
   8   (0.039) 0.013 0.085 0.012 0.010 
   9   (0.035) 0.060 0.006 0.010 0.009 
  10   (0.031) 0.032 0.005 0.009 0.008 
  11   (0.060) 0.161 0.023 0.018 0.090 
  12   (0.034) 0.005 0.006 0.080 0.009 
  13   (0.044) 0.006 0.007 0.294 0.012 
  14   (0.037) 0.005 0.006 0.151 0.010 
  15   (0.030) 0.004 0.005 0.044 0.008 
  16   (0.031) 0.004 0.005 0.044 0.008 
  17   (0.030) 0.004 0.005 0.044 0.008 
  18   (0.031) 0.005 0.005 0.044 0.008 
  19   (0.030) 0.004 0.005 0.044 0.008 
  20   (0.029) 0.004 0.005 0.044 0.007 
  21   (0.036) 0.005 0.006 0.011 0.120 
  22   (0.039) 0.006 0.006 0.012 0.194 
  23   (0.033) 0.005 0.005 0.010 0.045 
  24   (0.034) 0.005 0.006 0.010 0.119 
  25   (0.038) 0.006 0.006 0.011 0.157 

Locus 80 : locus80 
23 alleles
0.0% missing data
   1   (0.043) 0.008 0.288 0.013 0.011 
   2   (0.039) 0.006 0.063 0.011 0.010 
   3   (0.038) 0.010 0.114 0.011 0.010 
   4   (0.063) 0.014 0.146 0.089 0.017 
   5   (0.084) 0.029 0.165 0.095 0.059 
   6   (0.050) 0.007 0.065 0.015 0.050 
   7   (0.027) 0.004 0.033 0.008 0.007 
   8   (0.037) 0.200 0.009 0.011 0.010 
   9   (0.040) 0.170 0.011 0.012 0.011 
  10   (0.032) 0.061 0.005 0.010 0.009 
  11   (0.033) 0.088 0.007 0.010 0.009 
  12   (0.031) 0.033 0.005 0.009 0.008 
  13   (0.052) 0.064 0.008 0.016 0.087 
  14   (0.035) 0.118 0.006 0.010 0.009 
  15   (0.033) 0.033 0.005 0.010 0.009 
  16   (0.039) 0.107 0.017 0.012 0.010 
  17   (0.035) 0.005 0.006 0.221 0.009 
  18   (0.048) 0.007 0.008 0.049 0.086 
  19   (0.068) 0.010 0.011 0.266 0.128 
  20   (0.054) 0.008 0.009 0.051 0.162 
  21   (0.047) 0.007 0.008 0.049 0.049 
  22   (0.038) 0.006 0.006 0.011 0.157 
  23   (0.033) 0.005 0.005 0.010 0.082 

Locus 81 : locus81 
13 alleles
0.0% missing data
   1   (0.054) 0.008 0.037 0.016 0.051 
   2   (0.084) 0.022 0.172 0.131 0.022 
   3   (0.091) 0.042 0.070 0.168 0.024 
   4   (0.169) 0.210 0.291 0.085 0.228 
   5   (0.181) 0.109 0.255 0.194 0.231 
   6   (0.079) 0.069 0.068 0.059 0.021 
   7   (0.082) 0.018 0.063 0.024 0.279 
   8   (0.050) 0.461 0.011 0.015 0.013 
   9   (0.065) 0.038 0.010 0.160 0.017 
  10   (0.041) 0.006 0.006 0.082 0.011 
  11   (0.036) 0.005 0.006 0.046 0.010 
  12   (0.035) 0.005 0.006 0.010 0.046 
  13   (0.034) 0.005 0.005 0.010 0.046 

Locus 82 : locus82 
20 alleles
0.0% missing data
   1   (0.049) 0.010 0.201 0.015 0.013 
   2   (0.080) 0.019 0.341 0.094 0.021 
   3   (0.086) 0.013 0.098 0.377 0.023 
   4   (0.047) 0.015 0.139 0.014 0.012 
   5   (0.068) 0.010 0.039 0.161 0.018 
   6   (0.036) 0.005 0.034 0.011 0.009 
   7   (0.037) 0.006 0.034 0.011 0.010 
   8   (0.068) 0.092 0.014 0.090 0.018 
   9   (0.053) 0.315 0.014 0.016 0.014 
  10   (0.042) 0.092 0.007 0.013 0.011 
  11   (0.039) 0.059 0.010 0.012 0.010 
  12   (0.042) 0.147 0.008 0.012 0.011 
  13   (0.075) 0.148 0.017 0.093 0.020 
  14   (0.033) 0.033 0.005 0.010 0.009 
  15   (0.046) 0.007 0.007 0.014 0.270 
  16   (0.046) 0.007 0.007 0.014 0.159 
  17   (0.033) 0.005 0.005 0.010 0.045 
  18   (0.044) 0.007 0.007 0.013 0.122 
  19   (0.040) 0.006 0.006 0.012 0.121 
  20   (0.037) 0.006 0.006 0.011 0.083 

Locus 83 : locus83 
24 alleles
0.0% missing data
   1   (0.036) 0.009 0.057 0.011 0.009 
   2   (0.043) 0.011 0.251 0.013 0.011 
   3   (0.041) 0.009 0.087 0.012 0.011 
   4   (0.039) 0.009 0.141 0.012 0.010 
   5   (0.078) 0.424 0.140 0.023 0.021 
   6   (0.031) 0.005 0.033 0.009 0.008 
   7   (0.031) 0.005 0.033 0.009 0.008 
   8   (0.068) 0.039 0.066 0.055 0.018 
   9   (0.037) 0.009 0.058 0.011 0.010 
  10   (0.054) 0.066 0.036 0.016 0.014 
  11   (0.038) 0.206 0.007 0.011 0.010 
  12   (0.063) 0.062 0.015 0.194 0.017 
  13   (0.041) 0.085 0.014 0.012 0.011 
  14   (0.043) 0.007 0.007 0.188 0.011 
  15   (0.036) 0.005 0.006 0.081 0.009 
  16   (0.039) 0.006 0.006 0.117 0.010 
  17   (0.036) 0.006 0.006 0.116 0.010 
  18   (0.033) 0.005 0.005 0.045 0.009 
  19   (0.037) 0.006 0.006 0.011 0.230 
  20   (0.038) 0.006 0.006 0.011 0.157 
  21   (0.038) 0.006 0.006 0.011 0.194 
  22   (0.039) 0.006 0.006 0.012 0.121 
  23   (0.033) 0.005 0.005 0.010 0.045 
  24   (0.029) 0.004 0.005 0.009 0.044 

Locus 84 : locus84 
30 alleles
0.0% missing data
   1   (0.026) 0.004 0.089 0.008 0.007 
   2   (0.036) 0.009 0.339 0.011 0.009 
   3   (0.038) 0.008 0.256 0.011 0.010 
   4   (0.040) 0.010 0.058 0.012 0.011 
   5   (0.033) 0.008 0.058 0.010 0.009 
   6   (0.028) 0.004 0.032 0.008 0.007 
   7   (0.029) 0.004 0.032 0.009 0.008 
   8   (0.042) 0.315 0.010 0.013 0.011 
   9   (0.031) 0.285 0.008 0.009 0.008 
  10   (0.031) 0.033 0.005 0.009 0.008 
  11   (0.032) 0.058 0.008 0.009 0.008 
  12   (0.032) 0.058 0.008 0.009 0.008 
  13   (0.029) 0.033 0.005 0.009 0.008 
  14   (0.029) 0.033 0.005 0.009 0.008 
  15   (0.027) 0.032 0.004 0.008 0.007 
  16   (0.028) 0.033 0.004 0.009 0.007 
  17   (0.058) 0.009 0.009 0.087 0.236 
  18   (0.029) 0.004 0.005 0.044 0.008 
  19   (0.036) 0.005 0.006 0.186 0.010 
  20   (0.029) 0.004 0.005 0.044 0.008 
  21   (0.033) 0.005 0.005 0.150 0.009 
  22   (0.035) 0.005 0.005 0.081 0.009 
  23   (0.052) 0.008 0.008 0.086 0.161 
  24   (0.049) 0.007 0.008 0.085 0.050 
  25   (0.029) 0.004 0.005 0.044 0.008 
  26   (0.026) 0.004 0.004 0.008 0.043 
  27   (0.028) 0.004 0.004 0.008 0.081 
  28   (0.032) 0.005 0.005 0.009 0.082 
  29   (0.026) 0.004 0.004 0.008 0.044 
  30   (0.029) 0.004 0.005 0.009 0.118 

Locus 85 : locus85 
18 alleles
0.0% missing data
   1   (0.038) 0.008 0.089 0.011 0.010 
   2   (0.131) 0.217 0.219 0.144 0.071 
   3   (0.110) 0.223 0.176 0.173 0.029 
   4   (0.104) 0.065 0.193 0.206 0.028 
   5   (0.087) 0.062 0.106 0.131 0.023 
   6   (0.057) 0.187 0.056 0.017 0.015 
   7   (0.058) 0.009 0.066 0.158 0.016 
   8   (0.050) 0.007 0.036 0.015 0.050 
   9   (0.036) 0.145 0.007 0.011 0.010 
  10   (0.053) 0.036 0.009 0.016 0.088 
  11   (0.032) 0.005 0.005 0.044 0.008 
  12   (0.039) 0.006 0.006 0.012 0.194 
  13   (0.038) 0.006 0.006 0.011 0.120 
  14   (0.033) 0.005 0.005 0.010 0.045 
  15   (0.032) 0.005 0.005 0.009 0.045 
  16   (0.032) 0.005 0.005 0.010 0.082 
  17   (0.036) 0.005 0.006 0.011 0.120 
  18   (0.032) 0.005 0.005 0.010 0.045 

Locus 86 : locus86 
19 alleles
0.0% missing data
   1   (0.071) 0.010 0.097 0.162 0.019 
   2   (0.116) 0.022 0.328 0.245 0.067 
   3   (0.096) 0.031 0.169 0.029 0.430 
   4   (0.065) 0.013 0.093 0.089 0.017 
   5   (0.052) 0.008 0.037 0.016 0.050 
   6   (0.058) 0.009 0.067 0.052 0.015 
   7   (0.061) 0.009 0.038 0.123 0.016 
   8   (0.042) 0.014 0.084 0.013 0.011 
   9   (0.046) 0.224 0.014 0.014 0.012 
  10   (0.047) 0.283 0.010 0.014 0.012 
  11   (0.036) 0.033 0.006 0.011 0.009 
  12   (0.042) 0.172 0.008 0.012 0.011 
  13   (0.034) 0.033 0.006 0.010 0.009 
  14   (0.042) 0.113 0.012 0.013 0.011 
  15   (0.035) 0.005 0.006 0.045 0.009 
  16   (0.041) 0.006 0.007 0.117 0.011 
  17   (0.041) 0.006 0.007 0.012 0.121 
  18   (0.037) 0.005 0.006 0.011 0.084 
  19   (0.038) 0.006 0.006 0.011 0.083 

Locus 87 : locus87 
18 alleles
0.0% missing data
   1   (0.040) 0.014 0.081 0.012 0.011 
   2   (0.061) 0.013 0.285 0.018 0.052 
   3   (0.042) 0.011 0.168 0.012 0.011 
   4   (0.038) 0.007 0.144 0.011 0.010 
   5   (0.033) 0.005 0.033 0.010 0.009 
   6   (0.032) 0.005 0.033 0.009 0.008 
   7   (0.036) 0.008 0.087 0.011 0.010 
   8   (0.035) 0.005 0.033 0.010 0.009 
   9   (0.063) 0.209 0.011 0.089 0.017 
  10   (0.053) 0.060 0.013 0.016 0.051 
  11   (0.109) 0.233 0.028 0.102 0.213 
  12   (0.071) 0.200 0.021 0.127 0.019 
  13   (0.103) 0.073 0.016 0.171 0.248 
  14   (0.054) 0.036 0.008 0.157 0.014 
  15   (0.048) 0.036 0.008 0.050 0.013 
  16   (0.075) 0.069 0.012 0.057 0.130 
  17   (0.058) 0.009 0.009 0.087 0.089 
  18   (0.051) 0.008 0.008 0.050 0.087 

Locus 88 : locus88 
28 alleles
0.0% missing data
   1   (0.058) 0.155 0.202 0.017 0.015 
   2   (0.055) 0.046 0.200 0.016 0.015 
   3   (0.031) 0.007 0.147 0.009 0.008 
   4   (0.060) 0.142 0.244 0.018 0.016 
   5   (0.029) 0.004 0.034 0.009 0.008 
   6   (0.044) 0.080 0.046 0.013 0.012 
   7   (0.036) 0.361 0.010 0.011 0.010 
   8   (0.045) 0.034 0.007 0.013 0.086 
   9   (0.050) 0.035 0.008 0.120 0.013 
  10   (0.052) 0.058 0.014 0.015 0.050 
  11   (0.028) 0.004 0.004 0.043 0.007 
  12   (0.036) 0.005 0.006 0.116 0.010 
  13   (0.030) 0.004 0.005 0.079 0.008 
  14   (0.026) 0.004 0.004 0.043 0.007 
  15   (0.032) 0.005 0.005 0.115 0.008 
  16   (0.036) 0.005 0.006 0.081 0.010 
  17   (0.026) 0.004 0.004 0.043 0.007 
  18   (0.035) 0.005 0.006 0.116 0.009 
  19   (0.029) 0.004 0.005 0.044 0.008 
  20   (0.031) 0.004 0.005 0.009 0.081 
  21   (0.026) 0.004 0.004 0.008 0.044 
  22   (0.029) 0.004 0.005 0.009 0.081 
  23   (0.029) 0.004 0.005 0.009 0.081 
  24   (0.027) 0.004 0.005 0.008 0.118 
  25   (0.030) 0.004 0.005 0.009 0.081 
  26   (0.028) 0.004 0.005 0.009 0.044 
  27   (0.033) 0.005 0.005 0.010 0.119 
  28   (0.028) 0.004 0.005 0.008 0.044 

Locus 89 : locus89 
19 alleles
0.0% missing data
   1   (0.075) 0.255 0.218 0.022 0.020 
   2   (0.044) 0.010 0.146 0.013 0.012 
   3   (0.059) 0.093 0.066 0.018 0.016 
   4   (0.064) 0.015 0.204 0.019 0.053 
   5   (0.062) 0.057 0.103 0.018 0.016 
   6   (0.066) 0.158 0.087 0.020 0.018 
   7   (0.055) 0.008 0.037 0.017 0.088 
   8   (0.053) 0.008 0.037 0.016 0.051 
   9   (0.040) 0.139 0.013 0.012 0.011 
  10   (0.044) 0.143 0.011 0.013 0.012 
  11   (0.103) 0.063 0.024 0.347 0.063 
  12   (0.042) 0.006 0.007 0.153 0.011 
  13   (0.039) 0.006 0.006 0.117 0.010 
  14   (0.061) 0.009 0.010 0.158 0.053 
  15   (0.046) 0.007 0.007 0.014 0.270 
  16   (0.038) 0.006 0.006 0.011 0.084 
  17   (0.040) 0.006 0.007 0.012 0.121 
  18   (0.034) 0.005 0.005 0.010 0.046 
  19   (0.034) 0.005 0.006 0.010 0.046 

Locus 90 : locus90 
17 alleles
0.0% missing data
   1   (0.040) 0.011 0.114 0.012 0.011 
   2   (0.072) 0.013 0.121 0.162 0.019 
   3   (0.044) 0.011 0.199 0.013 0.012 
   4   (0.045) 0.011 0.143 0.013 0.012 
   5   (0.044) 0.008 0.174 0.013 0.012 
   6   (0.058) 0.009 0.037 0.123 0.015 
   7   (0.032) 0.005 0.033 0.009 0.008 
   8   (0.058) 0.014 0.060 0.052 0.015 
   9   (0.072) 0.206 0.015 0.021 0.130 
  10   (0.049) 0.036 0.008 0.015 0.050 
  11   (0.067) 0.177 0.015 0.020 0.091 
  12   (0.089) 0.179 0.019 0.062 0.097 
  13   (0.143) 0.294 0.033 0.183 0.332 
  14   (0.063) 0.009 0.010 0.089 0.127 
  15   (0.033) 0.005 0.005 0.045 0.009 
  16   (0.050) 0.007 0.008 0.050 0.050 
  17   (0.041) 0.006 0.007 0.117 0.011 

Locus 91 : locus91 
20 alleles
0.0% missing data
   1   (0.065) 0.011 0.152 0.019 0.164 
   2   (0.095) 0.019 0.298 0.133 0.099 
   3   (0.116) 0.468 0.181 0.175 0.031 
   4   (0.072) 0.011 0.040 0.092 0.093 
   5   (0.062) 0.014 0.149 0.088 0.016 
   6   (0.052) 0.099 0.057 0.016 0.014 
   7   (0.072) 0.011 0.040 0.162 0.056 
   8   (0.056) 0.064 0.009 0.122 0.015 
   9   (0.029) 0.032 0.005 0.009 0.008 
  10   (0.034) 0.086 0.008 0.010 0.009 
  11   (0.048) 0.063 0.008 0.049 0.013 
  12   (0.033) 0.057 0.009 0.010 0.009 
  13   (0.044) 0.034 0.007 0.049 0.012 
  14   (0.032) 0.005 0.005 0.010 0.082 
  15   (0.028) 0.004 0.005 0.009 0.044 
  16   (0.033) 0.005 0.005 0.010 0.082 
  17   (0.035) 0.005 0.006 0.010 0.083 
  18   (0.033) 0.005 0.005 0.010 0.082 
  19   (0.032) 0.005 0.005 0.010 0.045 
  20   (0.030) 0.004 0.005 0.009 0.045 

Locus 92 : locus92 
26 alleles
0.0% missing data
   1   (0.042) 0.009 0.145 0.012 0.011 
   2   (0.036) 0.008 0.230 0.011 0.010 
   3   (0.029) 0.004 0.033 0.009 0.008 
   4   (0.036) 0.006 0.175 0.011 0.009 
   5   (0.035) 0.007 0.089 0.010 0.009 
   6   (0.058) 0.014 0.060 0.017 0.163 
   7   (0.051) 0.185 0.055 0.015 0.014 
   8   (0.029) 0.004 0.033 0.009 0.008 
   9   (0.035) 0.009 0.059 0.010 0.009 
  10   (0.054) 0.089 0.012 0.016 0.088 
  11   (0.057) 0.202 0.012 0.017 0.125 
  12   (0.053) 0.089 0.012 0.016 0.087 
  13   (0.056) 0.229 0.013 0.017 0.051 
  14   (0.058) 0.089 0.012 0.017 0.162 
  15   (0.030) 0.004 0.005 0.044 0.008 
  16   (0.034) 0.005 0.005 0.080 0.009 
  17   (0.035) 0.005 0.006 0.326 0.009 
  18   (0.033) 0.005 0.005 0.080 0.009 
  19   (0.031) 0.005 0.005 0.079 0.008 
  20   (0.029) 0.004 0.005 0.044 0.008 
  21   (0.028) 0.004 0.005 0.044 0.008 
  22   (0.029) 0.004 0.005 0.044 0.008 
  23   (0.027) 0.004 0.004 0.043 0.007 
  24   (0.031) 0.005 0.005 0.009 0.045 
  25   (0.030) 0.004 0.005 0.009 0.044 
  26   (0.034) 0.005 0.005 0.010 0.083 

Locus 93 : locus93 
22 alleles
0.0% missing data
   1   (0.079) 0.019 0.319 0.024 0.205 
   2   (0.035) 0.005 0.063 0.010 0.009 
   3   (0.079) 0.139 0.110 0.059 0.021 
   4   (0.064) 0.009 0.096 0.019 0.164 
   5   (0.033) 0.005 0.062 0.010 0.009 
   6   (0.055) 0.011 0.091 0.051 0.014 
   7   (0.059) 0.018 0.085 0.053 0.016 
   8   (0.033) 0.008 0.059 0.010 0.009 
   9   (0.043) 0.281 0.011 0.013 0.011 
  10   (0.035) 0.087 0.008 0.011 0.009 
  11   (0.075) 0.090 0.016 0.303 0.020 
  12   (0.038) 0.113 0.011 0.012 0.010 
  13   (0.031) 0.032 0.005 0.009 0.008 
  14   (0.071) 0.114 0.019 0.161 0.019 
  15   (0.030) 0.032 0.005 0.009 0.008 
  16   (0.041) 0.006 0.007 0.188 0.011 
  17   (0.035) 0.005 0.006 0.010 0.156 
  18   (0.034) 0.005 0.005 0.010 0.082 
  19   (0.034) 0.005 0.006 0.010 0.082 
  20   (0.032) 0.005 0.005 0.010 0.045 
  21   (0.033) 0.005 0.005 0.010 0.045 
  22   (0.032) 0.005 0.005 0.009 0.045 

Locus 94 : locus94 
23 alleles
0.0% missing data
   1   (0.062) 0.148 0.152 0.019 0.017 
   2   (0.066) 0.015 0.290 0.020 0.091 
   3   (0.058) 0.012 0.177 0.017 0.052 
   4   (0.033) 0.005 0.062 0.010 0.009 
   5   (0.080) 0.166 0.055 0.024 0.095 
   6   (0.060) 0.036 0.067 0.018 0.053 
   7   (0.056) 0.093 0.093 0.017 0.015 
   8   (0.069) 0.255 0.018 0.126 0.018 
   9   (0.037) 0.199 0.008 0.011 0.010 
  10   (0.038) 0.006 0.006 0.116 0.010 
  11   (0.037) 0.005 0.006 0.081 0.010 
  12   (0.033) 0.005 0.005 0.080 0.009 
  13   (0.034) 0.005 0.005 0.115 0.009 
  14   (0.032) 0.005 0.005 0.045 0.009 
  15   (0.035) 0.005 0.006 0.116 0.009 
  16   (0.035) 0.005 0.006 0.081 0.009 
  17   (0.029) 0.004 0.005 0.044 0.008 
  18   (0.035) 0.005 0.006 0.011 0.083 
  19   (0.035) 0.005 0.006 0.011 0.193 
  20   (0.037) 0.006 0.006 0.011 0.083 
  21   (0.031) 0.005 0.005 0.009 0.082 
  22   (0.035) 0.005 0.006 0.010 0.083 
  23   (0.032) 0.005 0.005 0.010 0.045 

Locus 95 : locus95 
16 alleles
0.0% missing data
   1   (0.082) 0.020 0.260 0.094 0.022 
   2   (0.036) 0.005 0.034 0.011 0.009 
   3   (0.127) 0.024 0.214 0.108 0.217 
   4   (0.103) 0.022 0.237 0.101 0.064 
   5   (0.041) 0.008 0.089 0.012 0.011 
   6   (0.086) 0.013 0.042 0.061 0.170 
   7   (0.104) 0.015 0.045 0.171 0.212 
   8   (0.049) 0.225 0.014 0.015 0.013 
   9   (0.051) 0.482 0.011 0.015 0.014 
  10   (0.042) 0.088 0.009 0.013 0.011 
  11   (0.035) 0.033 0.006 0.010 0.009 
  12   (0.036) 0.033 0.006 0.011 0.010 
  13   (0.052) 0.008 0.008 0.051 0.050 
  14   (0.080) 0.012 0.013 0.165 0.168 
  15   (0.041) 0.006 0.007 0.118 0.011 
  16   (0.035) 0.005 0.006 0.045 0.009 

Locus 96 : locus96 
25 alleles
0.0% missing data
   1   (0.057) 0.009 0.065 0.017 0.126 
   2   (0.058) 0.179 0.093 0.017 0.016 
   3   (0.045) 0.007 0.035 0.049 0.012 
   4   (0.060) 0.014 0.285 0.018 0.052 
   5   (0.064) 0.146 0.183 0.019 0.017 
   6   (0.033) 0.008 0.058 0.010 0.009 
   7   (0.046) 0.050 0.048 0.014 0.012 
   8   (0.062) 0.218 0.111 0.019 0.017 
   9   (0.030) 0.005 0.033 0.009 0.008 
  10   (0.040) 0.147 0.008 0.012 0.011 
  11   (0.036) 0.147 0.007 0.011 0.010 
  12   (0.039) 0.006 0.006 0.327 0.010 
  13   (0.033) 0.005 0.005 0.045 0.009 
  14   (0.033) 0.005 0.005 0.080 0.009 
  15   (0.036) 0.005 0.006 0.116 0.009 
  16   (0.032) 0.005 0.005 0.080 0.008 
  17   (0.030) 0.004 0.005 0.044 0.008 
  18   (0.030) 0.005 0.005 0.044 0.008 
  19   (0.032) 0.005 0.005 0.009 0.045 
  20   (0.036) 0.005 0.006 0.011 0.157 
  21   (0.031) 0.005 0.005 0.009 0.045 
  22   (0.039) 0.006 0.006 0.012 0.194 
  23   (0.035) 0.005 0.005 0.010 0.083 
  24   (0.034) 0.005 0.005 0.010 0.083 
  25   (0.029) 0.004 0.005 0.008 0.044 

Locus 97 : locus97 
22 alleles
0.0% missing data
   1   (0.059) 0.183 0.058 0.018 0.016 
   2   (0.057) 0.077 0.082 0.017 0.015 
   3   (0.035) 0.005 0.092 0.011 0.009 
   4   (0.067) 0.134 0.141 0.020 0.018 
   5   (0.098) 0.135 0.263 0.029 0.137 
   6   (0.094) 0.311 0.195 0.028 0.061 
   7   (0.055) 0.076 0.081 0.017 0.015 
   8   (0.038) 0.006 0.006 0.187 0.010 
   9   (0.033) 0.005 0.005 0.045 0.009 
  10   (0.065) 0.010 0.011 0.300 0.054 
  11   (0.032) 0.005 0.005 0.044 0.008 
  12   (0.032) 0.005 0.005 0.045 0.008 
  13   (0.031) 0.004 0.005 0.044 0.008 
  14   (0.032) 0.005 0.005 0.045 0.009 
  15   (0.031) 0.005 0.005 0.044 0.008 
  16   (0.031) 0.005 0.005 0.044 0.008 
  17   (0.032) 0.005 0.005 0.010 0.082 
  18   (0.035) 0.005 0.006 0.010 0.120 
  19   (0.035) 0.005 0.006 0.010 0.083 
  20   (0.035) 0.005 0.006 0.010 0.120 
  21   (0.040) 0.006 0.006 0.012 0.158 
  22   (0.032) 0.005 0.005 0.010 0.045 

Locus 98 : locus98 
28 alleles
0.0% missing data
   1   (0.031) 0.005 0.118 0.009 0.008 
   2   (0.031) 0.008 0.058 0.009 0.008 
   3   (0.032) 0.005 0.062 0.009 0.008 
   4   (0.056) 0.013 0.146 0.017 0.162 
   5   (0.048) 0.011 0.145 0.014 0.086 
   6   (0.031) 0.008 0.114 0.009 0.008 
   7   (0.053) 0.011 0.090 0.016 0.051 
   8   (0.027) 0.004 0.033 0.008 0.007 
   9   (0.074) 0.018 0.117 0.022 0.314 
  10   (0.033) 0.090 0.005 0.010 0.009 
  11   (0.038) 0.229 0.008 0.011 0.010 
  12   (0.035) 0.116 0.007 0.011 0.009 
  13   (0.035) 0.169 0.010 0.010 0.009 
  14   (0.034) 0.057 0.009 0.010 0.009 
  15   (0.031) 0.087 0.007 0.009 0.008 
  16   (0.031) 0.113 0.009 0.009 0.008 
  17   (0.032) 0.005 0.005 0.080 0.009 
  18   (0.034) 0.005 0.006 0.045 0.009 
  19   (0.036) 0.005 0.006 0.221 0.010 
  20   (0.028) 0.004 0.005 0.079 0.007 
  21   (0.033) 0.005 0.005 0.080 0.009 
  22   (0.028) 0.004 0.005 0.043 0.007 
  23   (0.035) 0.005 0.006 0.115 0.009 
  24   (0.028) 0.004 0.004 0.043 0.007 
  25   (0.027) 0.004 0.004 0.043 0.007 
  26   (0.029) 0.004 0.005 0.044 0.008 
  27   (0.039) 0.006 0.006 0.012 0.158 
  28   (0.029) 0.004 0.005 0.009 0.044 

Locus 99 : locus99 
18 alleles
0.0% missing data
   1   (0.042) 0.007 0.200 0.013 0.011 
   2   (0.037) 0.008 0.087 0.011 0.010 
   3   (0.033) 0.005 0.033 0.010 0.009 
   4   (0.073) 0.016 0.173 0.022 0.167 
   5   (0.044) 0.011 0.197 0.013 0.012 
   6   (0.034) 0.005 0.033 0.010 0.009 
   7   (0.044) 0.014 0.138 0.013 0.011 
   8   (0.112) 0.209 0.026 0.279 0.066 
   9   (0.137) 0.293 0.035 0.181 0.220 
  10   (0.061) 0.238 0.011 0.053 0.016 
  11   (0.089) 0.064 0.021 0.132 0.097 
  12   (0.057) 0.066 0.009 0.017 0.089 
  13   (0.034) 0.034 0.005 0.010 0.009 
  14   (0.068) 0.010 0.011 0.125 0.165 
  15   (0.033) 0.005 0.005 0.045 0.009 
  16   (0.034) 0.005 0.005 0.045 0.009 
  17   (0.034) 0.005 0.005 0.010 0.046 
  18   (0.034) 0.005 0.005 0.010 0.046 

Locus 100 : locus100 
27 alleles
0.0% missing data
   1   (0.052) 0.012 0.230 0.016 0.050 
   2   (0.050) 0.007 0.036 0.015 0.124 
   3   (0.033) 0.008 0.058 0.010 0.009 
   4   (0.055) 0.013 0.201 0.016 0.051 
   5   (0.039) 0.009 0.144 0.012 0.010 
   6   (0.047) 0.007 0.092 0.014 0.049 
   7   (0.031) 0.005 0.033 0.009 0.008 
   8   (0.027) 0.004 0.032 0.008 0.007 
   9   (0.035) 0.008 0.058 0.010 0.009 
  10   (0.040) 0.426 0.009 0.012 0.011 
  11   (0.033) 0.088 0.007 0.010 0.009 
  12   (0.040) 0.199 0.010 0.012 0.011 
  13   (0.057) 0.060 0.014 0.017 0.126 
  14   (0.032) 0.061 0.005 0.010 0.008 
  15   (0.029) 0.033 0.005 0.009 0.008 
  16   (0.063) 0.009 0.010 0.405 0.053 
  17   (0.031) 0.005 0.005 0.114 0.008 
  18   (0.029) 0.004 0.005 0.044 0.008 
  19   (0.036) 0.005 0.006 0.116 0.010 
  20   (0.031) 0.005 0.005 0.044 0.008 
  21   (0.026) 0.004 0.004 0.043 0.007 
  22   (0.028) 0.004 0.005 0.008 0.044 
  23   (0.029) 0.004 0.005 0.009 0.044 
  24   (0.035) 0.005 0.006 0.011 0.156 
  25   (0.032) 0.005 0.005 0.009 0.082 
  26   (0.031) 0.005 0.005 0.009 0.045 
  27   (0.030) 0.004 0.005 0.009 0.045 

Values of parameters used in structure:
DATAFILE=parentandhybrid8.str,	OUTFILE=parentandhybrid4Deme_3,	NUMINDS=50,	NUMLOCI=100,	MISSING=0,	LABEL=1,	POPDATA=0,	POPFLAG=0,	PHENOTYPE=0,	EXTRACOLS=0,	MAXPOPS=4,	BURNIN=200000,	NUMREPS=200000,	USEPOPINFO=0,	INFERALPHA=1,	INFERLAMBDA=0,	POPSPECIFICLAMBDA=0,	POPALPHAS=0,	COMPUTEPROB=1,	NOADMIX=0,	ADMBURNIN=500,	UPDATEFREQ=100,	PRINTLIKES=0,	INTERMEDSAVE=0,	PRINTKLD=0,	PRINTNET=1,	PRINTLAMBDA=1,	ANCESTDIST=0,	NUMBOXES=1000,	ANCESTPINT=0.90000,	GENSBACK=2,	MIGRPRIOR=0.01000,	PRINTQHAT=0,	PRINTQSUM=1,	ALPHA=1.0000,	FREQSCORR=1,	FPRIORMEAN=0.0100,	FPRIORSD=0.0500,	ONEFST=0,	LAMBDA=1.0000,	UNIFPRIORALPHA=1,	ALPHAMAX=10.0000,	ALPHAPRIORA=1.0000,	ALPHAPRIORB=2.0000,	ALPHAPROPSD=0.0250,	STARTATPOPINFO=0,	RANDOMIZE=1,	LINKAGE=0,	METROFREQ=10,	REPORTHITRATE=0,	MARKOVPHASE=0,	PHASED=0,	PLOIDY=2,	PHASEINFO=0	LOCPRIOR=0, 	LOCPRIORINIT=1.000000, 	LOCDATA=0, 	LOCISPOP=0, 	LOCPRIORSTEP=0.100000, 	MAXLOCPRIOR=20.000000, 	SEED=1658931068,	
[STRAT parameters]:    NUMSIMSTATS=1000,	PHENOTYPECOL=-9,	POOLFREQ=10,	LOCUSxONLY=0,	EMERROR=0.00100,	MISSINGPHENO=-9,	