

----------------------------------------------------
STRUCTURE by Pritchard, Stephens and Donnelly (2000)
     and Falush, Stephens and Pritchard (2003)
       Code by Pritchard, Falush and Hubisz
             Version 2.3.4 (Jul 2012)
----------------------------------------------------



Command line arguments:   /usr/local/bin/structure -i parentandhybrid5.str -m mainparams.txt -e extraparams.txt -K 4 -o parentandhybrid4Deme_3 
Input File:    parentandhybrid5.str

Run parameters:
   50 individuals
   100 loci
   4 populations assumed
   200000 Burn-in period
   200000 Reps


--------------------------------------------
Overall proportion of membership of the
sample in each of the 4 clusters

Inferred Clusters
  1      2      3      4    
0.200  0.299  0.301  0.200  

--------------------------------------------

Allele-freq. divergence among pops (Net nucleotide distance),
computed using point estimates of P.

      1       2       3       4      
 1      -    0.0932  0.0991  0.0776  
 2   0.0932     -    0.1056  0.0939  
 3   0.0991  0.1056     -    0.0947  
 4   0.0776  0.0939  0.0947     -    

Average distances (expected heterozygosity) between individuals in same cluster:
cluster  1  : 0.8728 
cluster  2  : 0.8395 
cluster  3  : 0.8451 
cluster  4  : 0.8724 

--------------------------------------------
Estimated Ln Prob of Data   = -23249.1
Mean value of ln likelihood = -21637.3
Variance of ln likelihood   = 3223.6
Mean value of alpha         = 0.0282

Mean value of Fst_1         = 0.1129
Mean value of Fst_2         = 0.1439
Mean value of Fst_3         = 0.1460
Mean value of Fst_4         = 0.1105


Inferred ancestry of individuals:
        Label (%Miss) :  Inferred clusters
  1       01    (0)   :  0.000 0.001 0.998 0.000 
  2       02    (0)   :  0.001 0.001 0.998 0.001 
  3       03    (0)   :  0.000 0.001 0.998 0.000 
  4       04    (0)   :  0.001 0.001 0.998 0.001 
  5       05    (0)   :  0.001 0.000 0.998 0.001 
  6       06    (0)   :  0.000 0.000 0.999 0.000 
  7       07    (0)   :  0.001 0.001 0.998 0.001 
  8       08    (0)   :  0.000 0.000 0.999 0.000 
  9       09    (0)   :  0.000 0.001 0.999 0.000 
 10       10    (0)   :  0.000 0.000 0.999 0.001 
 11       11    (0)   :  0.001 0.998 0.001 0.001 
 12       12    (0)   :  0.000 0.998 0.001 0.000 
 13       13    (0)   :  0.000 0.999 0.000 0.000 
 14       14    (0)   :  0.000 0.999 0.000 0.000 
 15       15    (0)   :  0.001 0.997 0.000 0.002 
 16       16    (0)   :  0.000 0.999 0.000 0.000 
 17       17    (0)   :  0.000 0.998 0.000 0.001 
 18       18    (0)   :  0.001 0.997 0.001 0.000 
 19       19    (0)   :  0.001 0.998 0.001 0.001 
 20       20    (0)   :  0.001 0.996 0.000 0.002 
 21      h01    (0)   :  0.000 0.479 0.521 0.000 
 22      h02    (0)   :  0.000 0.503 0.496 0.000 
 23      h03    (0)   :  0.000 0.484 0.516 0.000 
 24      h04    (0)   :  0.000 0.492 0.507 0.000 
 25      h05    (0)   :  0.000 0.524 0.476 0.000 
 26      h06    (0)   :  0.000 0.502 0.497 0.000 
 27      h07    (0)   :  0.000 0.485 0.514 0.000 
 28      h08    (0)   :  0.000 0.502 0.497 0.000 
 29      h09    (0)   :  0.000 0.483 0.516 0.000 
 30      h10    (0)   :  0.000 0.499 0.500 0.000 
 31       21    (0)   :  0.001 0.001 0.001 0.998 
 32       22    (0)   :  0.001 0.000 0.000 0.998 
 33       23    (0)   :  0.001 0.001 0.001 0.998 
 34       24    (0)   :  0.000 0.000 0.000 0.999 
 35       25    (0)   :  0.002 0.001 0.000 0.997 
 36       26    (0)   :  0.000 0.000 0.000 0.999 
 37       27    (0)   :  0.000 0.000 0.000 0.999 
 38       28    (0)   :  0.000 0.000 0.000 0.999 
 39       29    (0)   :  0.001 0.000 0.001 0.998 
 40       30    (0)   :  0.000 0.001 0.000 0.999 
 41       31    (0)   :  0.999 0.001 0.000 0.001 
 42       32    (0)   :  0.999 0.001 0.000 0.001 
 43       33    (0)   :  0.998 0.001 0.001 0.001 
 44       34    (0)   :  0.999 0.001 0.000 0.000 
 45       35    (0)   :  0.999 0.000 0.000 0.000 
 46       36    (0)   :  0.998 0.001 0.000 0.000 
 47       37    (0)   :  0.999 0.000 0.000 0.000 
 48       38    (0)   :  0.999 0.000 0.000 0.000 
 49       39    (0)   :  0.999 0.000 0.000 0.000 
 50       40    (0)   :  0.998 0.001 0.000 0.001 


Estimated Allele Frequencies in each cluster
First column gives estimated ancestral frequencies


Locus 1 : locus1 
19 alleles
0.0% missing data
   1   (0.076) 0.022 0.016 0.260 0.129 
   2   (0.041) 0.012 0.010 0.143 0.012 
   3   (0.062) 0.017 0.014 0.174 0.053 
   4   (0.081) 0.023 0.020 0.146 0.273 
   5   (0.071) 0.020 0.015 0.091 0.234 
   6   (0.052) 0.015 0.014 0.059 0.051 
   7   (0.098) 0.279 0.454 0.024 0.028 
   8   (0.059) 0.124 0.065 0.010 0.017 
   9   (0.060) 0.088 0.066 0.010 0.017 
  10   (0.037) 0.010 0.058 0.010 0.011 
  11   (0.032) 0.009 0.033 0.005 0.009 
  12   (0.058) 0.016 0.090 0.013 0.052 
  13   (0.053) 0.087 0.036 0.009 0.015 
  14   (0.057) 0.052 0.082 0.019 0.016 
  15   (0.031) 0.009 0.005 0.005 0.045 
  16   (0.035) 0.081 0.006 0.006 0.010 
  17   (0.032) 0.045 0.005 0.005 0.009 
  18   (0.033) 0.045 0.005 0.005 0.009 
  19   (0.032) 0.045 0.005 0.005 0.009 

Locus 2 : locus2 
21 alleles
0.0% missing data
   1   (0.041) 0.012 0.010 0.173 0.012 
   2   (0.055) 0.051 0.015 0.115 0.016 
   3   (0.048) 0.014 0.008 0.036 0.050 
   4   (0.044) 0.013 0.009 0.259 0.013 
   5   (0.040) 0.011 0.011 0.114 0.012 
   6   (0.065) 0.162 0.011 0.095 0.019 
   7   (0.095) 0.099 0.138 0.086 0.027 
   8   (0.068) 0.091 0.173 0.016 0.019 
   9   (0.063) 0.053 0.143 0.016 0.018 
  10   (0.042) 0.012 0.087 0.009 0.012 
  11   (0.035) 0.010 0.086 0.008 0.010 
  12   (0.058) 0.052 0.113 0.017 0.017 
  13   (0.035) 0.010 0.116 0.006 0.010 
  14   (0.053) 0.087 0.036 0.009 0.015 
  15   (0.046) 0.013 0.008 0.008 0.369 
  16   (0.036) 0.010 0.006 0.006 0.082 
  17   (0.035) 0.010 0.006 0.006 0.081 
  18   (0.037) 0.010 0.006 0.006 0.153 
  19   (0.031) 0.009 0.005 0.005 0.045 
  20   (0.040) 0.226 0.007 0.007 0.011 
  21   (0.033) 0.045 0.005 0.005 0.009 

Locus 3 : locus3 
22 alleles
0.0% missing data
   1   (0.040) 0.011 0.010 0.227 0.011 
   2   (0.058) 0.016 0.020 0.083 0.052 
   3   (0.044) 0.012 0.009 0.200 0.013 
   4   (0.042) 0.012 0.009 0.088 0.012 
   5   (0.076) 0.021 0.016 0.204 0.236 
   6   (0.058) 0.016 0.010 0.037 0.160 
   7   (0.029) 0.008 0.005 0.033 0.008 
   8   (0.042) 0.012 0.224 0.012 0.012 
   9   (0.082) 0.238 0.204 0.018 0.023 
  10   (0.038) 0.011 0.112 0.011 0.011 
  11   (0.051) 0.086 0.064 0.008 0.015 
  12   (0.039) 0.011 0.115 0.008 0.011 
  13   (0.062) 0.018 0.090 0.014 0.089 
  14   (0.055) 0.087 0.064 0.009 0.016 
  15   (0.034) 0.010 0.006 0.006 0.045 
  16   (0.034) 0.009 0.006 0.005 0.081 
  17   (0.034) 0.010 0.006 0.006 0.045 
  18   (0.033) 0.009 0.005 0.005 0.081 
  19   (0.033) 0.009 0.005 0.005 0.045 
  20   (0.042) 0.155 0.007 0.007 0.012 
  21   (0.040) 0.119 0.007 0.007 0.012 
  22   (0.036) 0.118 0.006 0.006 0.010 

Locus 4 : locus4 
16 alleles
0.0% missing data
   1   (0.129) 0.144 0.324 0.076 0.073 
   2   (0.111) 0.139 0.219 0.150 0.032 
   3   (0.069) 0.020 0.013 0.180 0.091 
   4   (0.086) 0.096 0.017 0.154 0.060 
   5   (0.034) 0.010 0.006 0.034 0.010 
   6   (0.074) 0.021 0.022 0.199 0.092 
   7   (0.039) 0.011 0.009 0.089 0.011 
   8   (0.060) 0.017 0.010 0.038 0.160 
   9   (0.064) 0.053 0.137 0.022 0.018 
  10   (0.037) 0.010 0.061 0.006 0.010 
  11   (0.037) 0.011 0.057 0.010 0.011 
  12   (0.036) 0.010 0.061 0.006 0.010 
  13   (0.034) 0.010 0.033 0.006 0.010 
  14   (0.067) 0.163 0.011 0.011 0.091 
  15   (0.038) 0.011 0.006 0.006 0.082 
  16   (0.087) 0.275 0.014 0.014 0.238 

Locus 5 : locus5 
20 alleles
0.0% missing data
   1   (0.062) 0.018 0.015 0.254 0.089 
   2   (0.040) 0.011 0.011 0.279 0.012 
   3   (0.068) 0.019 0.016 0.172 0.162 
   4   (0.036) 0.010 0.008 0.115 0.010 
   5   (0.029) 0.008 0.005 0.032 0.008 
   6   (0.071) 0.020 0.121 0.014 0.234 
   7   (0.081) 0.058 0.288 0.020 0.058 
   8   (0.049) 0.086 0.036 0.008 0.014 
   9   (0.061) 0.017 0.230 0.015 0.053 
  10   (0.083) 0.167 0.094 0.018 0.060 
  11   (0.032) 0.009 0.033 0.005 0.009 
  12   (0.054) 0.015 0.060 0.013 0.051 
  13   (0.060) 0.053 0.038 0.010 0.053 
  14   (0.049) 0.086 0.008 0.008 0.050 
  15   (0.052) 0.122 0.009 0.008 0.050 
  16   (0.044) 0.048 0.007 0.007 0.048 
  17   (0.035) 0.081 0.006 0.006 0.010 
  18   (0.033) 0.081 0.006 0.005 0.010 
  19   (0.032) 0.045 0.005 0.005 0.009 
  20   (0.027) 0.044 0.005 0.004 0.008 

Locus 6 : locus6 
26 alleles
0.0% missing data
   1   (0.077) 0.057 0.129 0.091 0.022 
   2   (0.048) 0.013 0.036 0.063 0.014 
   3   (0.061) 0.017 0.134 0.136 0.018 
   4   (0.035) 0.010 0.011 0.112 0.010 
   5   (0.048) 0.014 0.046 0.081 0.014 
   6   (0.036) 0.010 0.013 0.081 0.010 
   7   (0.031) 0.009 0.009 0.057 0.009 
   8   (0.035) 0.010 0.010 0.112 0.010 
   9   (0.053) 0.230 0.009 0.036 0.015 
  10   (0.070) 0.056 0.079 0.111 0.020 
  11   (0.031) 0.009 0.005 0.033 0.009 
  12   (0.037) 0.011 0.197 0.012 0.011 
  13   (0.036) 0.010 0.143 0.009 0.010 
  14   (0.029) 0.008 0.117 0.005 0.009 
  15   (0.034) 0.010 0.006 0.006 0.117 
  16   (0.029) 0.008 0.005 0.005 0.044 
  17   (0.034) 0.009 0.006 0.005 0.152 
  18   (0.034) 0.010 0.006 0.006 0.259 
  19   (0.027) 0.008 0.004 0.004 0.043 
  20   (0.033) 0.009 0.005 0.005 0.152 
  21   (0.028) 0.044 0.005 0.005 0.008 
  22   (0.033) 0.081 0.005 0.005 0.009 
  23   (0.029) 0.080 0.005 0.005 0.008 
  24   (0.031) 0.116 0.005 0.005 0.009 
  25   (0.033) 0.117 0.006 0.005 0.010 
  26   (0.028) 0.044 0.005 0.005 0.008 

Locus 7 : locus7 
19 alleles
0.0% missing data
   1   (0.034) 0.010 0.010 0.057 0.010 
   2   (0.034) 0.009 0.008 0.087 0.010 
   3   (0.041) 0.012 0.010 0.338 0.012 
   4   (0.086) 0.096 0.019 0.205 0.096 
   5   (0.033) 0.009 0.005 0.061 0.009 
   6   (0.033) 0.009 0.009 0.057 0.010 
   7   (0.081) 0.059 0.054 0.055 0.059 
   8   (0.055) 0.016 0.093 0.009 0.087 
   9   (0.036) 0.010 0.116 0.007 0.010 
  10   (0.069) 0.055 0.115 0.019 0.055 
  11   (0.107) 0.173 0.066 0.024 0.316 
  12   (0.049) 0.086 0.036 0.008 0.014 
  13   (0.078) 0.130 0.041 0.013 0.129 
  14   (0.052) 0.015 0.089 0.012 0.051 
  15   (0.038) 0.011 0.168 0.011 0.011 
  16   (0.055) 0.016 0.114 0.015 0.051 
  17   (0.029) 0.008 0.033 0.005 0.008 
  18   (0.059) 0.232 0.010 0.010 0.052 
  19   (0.032) 0.045 0.005 0.005 0.009 

Locus 8 : locus8 
19 alleles
0.0% missing data
   1   (0.038) 0.011 0.008 0.114 0.011 
   2   (0.059) 0.017 0.067 0.119 0.017 
   3   (0.120) 0.142 0.217 0.319 0.035 
   4   (0.103) 0.137 0.129 0.156 0.030 
   5   (0.101) 0.172 0.146 0.138 0.029 
   6   (0.086) 0.096 0.126 0.070 0.025 
   7   (0.036) 0.010 0.092 0.006 0.010 
   8   (0.037) 0.010 0.092 0.006 0.011 
   9   (0.055) 0.051 0.061 0.013 0.016 
  10   (0.041) 0.012 0.007 0.007 0.190 
  11   (0.033) 0.009 0.006 0.005 0.045 
  12   (0.044) 0.013 0.008 0.007 0.298 
  13   (0.031) 0.009 0.005 0.005 0.044 
  14   (0.037) 0.010 0.006 0.006 0.118 
  15   (0.030) 0.008 0.005 0.005 0.044 
  16   (0.050) 0.050 0.008 0.008 0.050 
  17   (0.031) 0.045 0.005 0.005 0.009 
  18   (0.034) 0.081 0.006 0.006 0.010 
  19   (0.035) 0.118 0.006 0.006 0.010 

Locus 9 : locus9 
33 alleles
0.0% missing data
   1   (0.050) 0.014 0.012 0.172 0.086 
   2   (0.034) 0.010 0.010 0.335 0.010 
   3   (0.029) 0.008 0.006 0.115 0.008 
   4   (0.028) 0.008 0.005 0.060 0.008 
   5   (0.042) 0.012 0.007 0.063 0.048 
   6   (0.029) 0.008 0.005 0.032 0.008 
   7   (0.059) 0.017 0.047 0.083 0.052 
   8   (0.029) 0.008 0.060 0.005 0.008 
   9   (0.034) 0.010 0.282 0.008 0.010 
  10   (0.029) 0.008 0.061 0.005 0.008 
  11   (0.029) 0.008 0.057 0.008 0.008 
  12   (0.027) 0.008 0.138 0.010 0.008 
  13   (0.030) 0.009 0.057 0.009 0.009 
  14   (0.030) 0.008 0.057 0.008 0.009 
  15   (0.030) 0.009 0.086 0.007 0.009 
  16   (0.028) 0.008 0.033 0.005 0.008 
  17   (0.028) 0.008 0.005 0.005 0.079 
  18   (0.028) 0.008 0.005 0.005 0.044 
  19   (0.027) 0.008 0.004 0.004 0.044 
  20   (0.034) 0.010 0.006 0.006 0.081 
  21   (0.026) 0.007 0.004 0.004 0.043 
  22   (0.042) 0.120 0.007 0.007 0.047 
  23   (0.025) 0.007 0.004 0.004 0.186 
  24   (0.025) 0.007 0.004 0.004 0.043 
  25   (0.027) 0.008 0.004 0.004 0.044 
  26   (0.026) 0.007 0.004 0.004 0.043 
  27   (0.031) 0.188 0.005 0.005 0.009 
  28   (0.023) 0.042 0.004 0.004 0.007 
  29   (0.024) 0.078 0.004 0.004 0.007 
  30   (0.029) 0.151 0.005 0.005 0.008 
  31   (0.024) 0.078 0.004 0.004 0.007 
  32   (0.021) 0.042 0.004 0.003 0.006 
  33   (0.024) 0.078 0.004 0.004 0.007 

Locus 10 : locus10 
29 alleles
0.0% missing data
   1   (0.035) 0.010 0.008 0.281 0.010 
   2   (0.035) 0.010 0.008 0.170 0.010 
   3   (0.037) 0.010 0.009 0.280 0.011 
   4   (0.032) 0.009 0.005 0.033 0.009 
   5   (0.032) 0.009 0.005 0.033 0.009 
   6   (0.051) 0.050 0.013 0.059 0.015 
   7   (0.037) 0.010 0.090 0.006 0.011 
   8   (0.043) 0.012 0.283 0.011 0.012 
   9   (0.034) 0.010 0.062 0.006 0.010 
  10   (0.031) 0.009 0.113 0.009 0.009 
  11   (0.039) 0.011 0.143 0.010 0.011 
  12   (0.029) 0.008 0.033 0.005 0.008 
  13   (0.032) 0.009 0.087 0.007 0.009 
  14   (0.037) 0.010 0.058 0.010 0.011 
  15   (0.032) 0.009 0.005 0.005 0.081 
  16   (0.029) 0.008 0.005 0.005 0.044 
  17   (0.035) 0.010 0.006 0.006 0.117 
  18   (0.039) 0.011 0.007 0.006 0.225 
  19   (0.031) 0.009 0.005 0.005 0.080 
  20   (0.034) 0.010 0.006 0.006 0.045 
  21   (0.028) 0.008 0.005 0.005 0.044 
  22   (0.027) 0.008 0.004 0.004 0.043 
  23   (0.034) 0.010 0.006 0.006 0.117 
  24   (0.043) 0.335 0.007 0.007 0.012 
  25   (0.028) 0.044 0.005 0.005 0.008 
  26   (0.028) 0.044 0.005 0.005 0.008 
  27   (0.033) 0.081 0.006 0.005 0.009 
  28   (0.036) 0.154 0.006 0.006 0.010 
  29   (0.038) 0.083 0.006 0.006 0.011 

Locus 11 : locus11 
16 alleles
0.0% missing data
   1   (0.065) 0.018 0.013 0.119 0.162 
   2   (0.115) 0.140 0.029 0.286 0.140 
   3   (0.061) 0.017 0.188 0.055 0.018 
   4   (0.101) 0.136 0.022 0.095 0.172 
   5   (0.066) 0.019 0.017 0.200 0.090 
   6   (0.094) 0.062 0.054 0.088 0.098 
   7   (0.083) 0.023 0.146 0.048 0.095 
   8   (0.076) 0.201 0.013 0.040 0.057 
   9   (0.036) 0.010 0.088 0.008 0.010 
  10   (0.071) 0.056 0.092 0.016 0.056 
  11   (0.038) 0.011 0.113 0.011 0.011 
  12   (0.041) 0.012 0.172 0.010 0.012 
  13   (0.031) 0.009 0.033 0.005 0.009 
  14   (0.056) 0.160 0.009 0.009 0.052 
  15   (0.034) 0.081 0.006 0.006 0.010 
  16   (0.031) 0.045 0.005 0.005 0.009 

Locus 12 : locus12 
22 alleles
0.0% missing data
   1   (0.076) 0.022 0.080 0.112 0.058 
   2   (0.100) 0.028 0.220 0.257 0.135 
   3   (0.038) 0.011 0.009 0.170 0.011 
   4   (0.068) 0.019 0.323 0.118 0.020 
   5   (0.056) 0.016 0.013 0.089 0.052 
   6   (0.052) 0.015 0.057 0.100 0.015 
   7   (0.034) 0.010 0.009 0.058 0.010 
   8   (0.056) 0.016 0.119 0.011 0.087 
   9   (0.033) 0.009 0.062 0.005 0.010 
  10   (0.053) 0.015 0.036 0.009 0.194 
  11   (0.034) 0.010 0.006 0.006 0.081 
  12   (0.032) 0.009 0.005 0.005 0.080 
  13   (0.035) 0.010 0.006 0.006 0.081 
  14   (0.047) 0.049 0.008 0.008 0.049 
  15   (0.051) 0.122 0.009 0.008 0.050 
  16   (0.036) 0.118 0.006 0.006 0.011 
  17   (0.035) 0.153 0.006 0.006 0.010 
  18   (0.034) 0.081 0.006 0.006 0.010 
  19   (0.030) 0.044 0.005 0.005 0.009 
  20   (0.030) 0.080 0.005 0.005 0.009 
  21   (0.034) 0.117 0.006 0.005 0.010 
  22   (0.032) 0.045 0.005 0.005 0.009 

Locus 13 : locus13 
20 alleles
0.0% missing data
   1   (0.059) 0.017 0.044 0.142 0.017 
   2   (0.080) 0.023 0.200 0.242 0.023 
   3   (0.083) 0.024 0.368 0.190 0.024 
   4   (0.063) 0.018 0.065 0.205 0.018 
   5   (0.058) 0.016 0.045 0.112 0.017 
   6   (0.055) 0.051 0.094 0.009 0.016 
   7   (0.036) 0.010 0.088 0.008 0.011 
   8   (0.037) 0.010 0.006 0.006 0.118 
   9   (0.060) 0.052 0.010 0.010 0.196 
  10   (0.036) 0.010 0.006 0.006 0.082 
  11   (0.039) 0.011 0.007 0.006 0.118 
  12   (0.061) 0.089 0.010 0.010 0.089 
  13   (0.058) 0.125 0.010 0.009 0.052 
  14   (0.032) 0.009 0.005 0.005 0.045 
  15   (0.066) 0.198 0.011 0.011 0.090 
  16   (0.035) 0.010 0.006 0.006 0.046 
  17   (0.039) 0.119 0.007 0.006 0.011 
  18   (0.033) 0.045 0.006 0.005 0.010 
  19   (0.037) 0.118 0.006 0.006 0.011 
  20   (0.032) 0.045 0.005 0.005 0.009 

Locus 14 : locus14 
22 alleles
0.0% missing data
   1   (0.032) 0.009 0.008 0.085 0.009 
   2   (0.050) 0.014 0.101 0.137 0.014 
   3   (0.085) 0.024 0.316 0.215 0.060 
   4   (0.034) 0.010 0.010 0.057 0.010 
   5   (0.033) 0.009 0.009 0.139 0.009 
   6   (0.060) 0.017 0.067 0.037 0.053 
   7   (0.072) 0.020 0.148 0.099 0.056 
   8   (0.033) 0.009 0.010 0.056 0.010 
   9   (0.028) 0.008 0.005 0.032 0.008 
  10   (0.073) 0.021 0.106 0.058 0.092 
  11   (0.043) 0.012 0.065 0.007 0.048 
  12   (0.053) 0.015 0.061 0.013 0.086 
  13   (0.042) 0.012 0.035 0.007 0.048 
  14   (0.053) 0.123 0.009 0.009 0.087 
  15   (0.059) 0.232 0.010 0.009 0.088 
  16   (0.027) 0.008 0.005 0.004 0.043 
  17   (0.033) 0.009 0.006 0.005 0.116 
  18   (0.053) 0.087 0.009 0.009 0.087 
  19   (0.045) 0.120 0.008 0.007 0.049 
  20   (0.029) 0.080 0.005 0.005 0.008 
  21   (0.032) 0.081 0.005 0.005 0.009 
  22   (0.031) 0.080 0.005 0.005 0.009 

Locus 15 : locus15 
20 alleles
0.0% missing data
   1   (0.068) 0.019 0.015 0.090 0.127 
   2   (0.043) 0.012 0.011 0.197 0.012 
   3   (0.078) 0.022 0.016 0.315 0.130 
   4   (0.042) 0.012 0.010 0.170 0.012 
   5   (0.039) 0.011 0.015 0.081 0.011 
   6   (0.088) 0.060 0.099 0.014 0.168 
   7   (0.104) 0.101 0.347 0.024 0.101 
   8   (0.039) 0.011 0.117 0.008 0.011 
   9   (0.038) 0.011 0.117 0.008 0.011 
  10   (0.071) 0.235 0.062 0.017 0.020 
  11   (0.040) 0.011 0.082 0.015 0.011 
  12   (0.035) 0.010 0.058 0.009 0.010 
  13   (0.036) 0.010 0.006 0.006 0.117 
  14   (0.039) 0.011 0.006 0.006 0.118 
  15   (0.051) 0.087 0.009 0.008 0.050 
  16   (0.054) 0.087 0.009 0.009 0.051 
  17   (0.040) 0.155 0.007 0.006 0.012 
  18   (0.030) 0.044 0.005 0.005 0.009 
  19   (0.032) 0.045 0.005 0.005 0.009 
  20   (0.033) 0.045 0.006 0.005 0.010 

Locus 16 : locus16 
20 alleles
0.0% missing data
   1   (0.038) 0.011 0.008 0.142 0.011 
   2   (0.032) 0.009 0.005 0.060 0.009 
   3   (0.077) 0.022 0.023 0.467 0.093 
   4   (0.078) 0.022 0.048 0.143 0.094 
   5   (0.064) 0.018 0.053 0.051 0.054 
   6   (0.038) 0.011 0.176 0.007 0.011 
   7   (0.073) 0.021 0.204 0.018 0.163 
   8   (0.053) 0.051 0.091 0.012 0.015 
   9   (0.068) 0.235 0.122 0.014 0.019 
  10   (0.039) 0.011 0.115 0.011 0.011 
  11   (0.031) 0.009 0.034 0.005 0.009 
  12   (0.064) 0.197 0.061 0.016 0.019 
  13   (0.033) 0.009 0.006 0.005 0.081 
  14   (0.030) 0.009 0.005 0.005 0.044 
  15   (0.056) 0.051 0.009 0.009 0.123 
  16   (0.061) 0.125 0.010 0.010 0.089 
  17   (0.030) 0.008 0.005 0.005 0.044 
  18   (0.052) 0.086 0.009 0.008 0.050 
  19   (0.048) 0.049 0.008 0.008 0.049 
  20   (0.035) 0.046 0.006 0.006 0.010 

Locus 17 : locus17 
27 alleles
0.0% missing data
   1   (0.026) 0.007 0.004 0.032 0.007 
   2   (0.032) 0.009 0.007 0.114 0.009 
   3   (0.032) 0.009 0.005 0.033 0.009 
   4   (0.030) 0.008 0.007 0.086 0.009 
   5   (0.034) 0.010 0.010 0.111 0.010 
   6   (0.025) 0.007 0.004 0.032 0.007 
   7   (0.040) 0.011 0.011 0.305 0.011 
   8   (0.031) 0.009 0.005 0.032 0.009 
   9   (0.033) 0.009 0.008 0.086 0.009 
  10   (0.026) 0.008 0.004 0.032 0.008 
  11   (0.028) 0.008 0.058 0.008 0.008 
  12   (0.068) 0.306 0.173 0.018 0.019 
  13   (0.052) 0.086 0.177 0.010 0.015 
  14   (0.047) 0.014 0.148 0.009 0.049 
  15   (0.053) 0.123 0.065 0.009 0.015 
  16   (0.051) 0.086 0.060 0.013 0.015 
  17   (0.033) 0.009 0.059 0.009 0.009 
  18   (0.049) 0.050 0.115 0.014 0.014 
  19   (0.046) 0.013 0.036 0.008 0.085 
  20   (0.031) 0.009 0.005 0.005 0.151 
  21   (0.033) 0.009 0.006 0.005 0.081 
  22   (0.036) 0.010 0.006 0.006 0.152 
  23   (0.050) 0.050 0.008 0.008 0.157 
  24   (0.029) 0.008 0.005 0.005 0.079 
  25   (0.027) 0.008 0.004 0.004 0.043 
  26   (0.027) 0.044 0.005 0.004 0.008 
  27   (0.031) 0.080 0.005 0.005 0.009 

Locus 18 : locus18 
21 alleles
0.0% missing data
   1   (0.087) 0.060 0.032 0.109 0.132 
   2   (0.067) 0.019 0.013 0.121 0.126 
   3   (0.087) 0.025 0.124 0.127 0.096 
   4   (0.041) 0.011 0.009 0.371 0.012 
   5   (0.034) 0.010 0.009 0.058 0.010 
   6   (0.056) 0.016 0.012 0.091 0.087 
   7   (0.040) 0.011 0.251 0.010 0.012 
   8   (0.034) 0.010 0.061 0.006 0.010 
   9   (0.039) 0.011 0.136 0.014 0.011 
  10   (0.041) 0.012 0.195 0.011 0.012 
  11   (0.030) 0.009 0.032 0.005 0.009 
  12   (0.039) 0.011 0.057 0.010 0.011 
  13   (0.057) 0.088 0.009 0.010 0.088 
  14   (0.061) 0.161 0.010 0.010 0.089 
  15   (0.051) 0.050 0.008 0.009 0.086 
  16   (0.063) 0.197 0.010 0.010 0.089 
  17   (0.032) 0.009 0.005 0.005 0.080 
  18   (0.039) 0.083 0.006 0.006 0.011 
  19   (0.034) 0.082 0.006 0.006 0.010 
  20   (0.035) 0.082 0.006 0.006 0.010 
  21   (0.033) 0.045 0.005 0.006 0.010 

Locus 19 : locus19 
24 alleles
0.0% missing data
   1   (0.052) 0.086 0.013 0.141 0.015 
   2   (0.053) 0.051 0.011 0.144 0.015 
   3   (0.062) 0.053 0.018 0.221 0.018 
   4   (0.035) 0.010 0.008 0.306 0.010 
   5   (0.045) 0.049 0.008 0.035 0.013 
   6   (0.054) 0.015 0.066 0.009 0.158 
   7   (0.037) 0.011 0.089 0.008 0.011 
   8   (0.035) 0.010 0.089 0.008 0.010 
   9   (0.038) 0.011 0.084 0.013 0.011 
  10   (0.031) 0.009 0.090 0.005 0.009 
  11   (0.035) 0.010 0.174 0.008 0.010 
  12   (0.047) 0.085 0.036 0.008 0.014 
  13   (0.049) 0.014 0.090 0.011 0.049 
  14   (0.055) 0.088 0.061 0.014 0.016 
  15   (0.061) 0.017 0.084 0.020 0.124 
  16   (0.054) 0.015 0.036 0.009 0.231 
  17   (0.032) 0.009 0.005 0.005 0.116 
  18   (0.029) 0.008 0.005 0.005 0.044 
  19   (0.033) 0.009 0.006 0.005 0.081 
  20   (0.041) 0.227 0.007 0.007 0.012 
  21   (0.029) 0.044 0.005 0.005 0.008 
  22   (0.027) 0.043 0.005 0.004 0.008 
  23   (0.030) 0.044 0.005 0.005 0.009 
  24   (0.034) 0.081 0.006 0.005 0.010 

Locus 20 : locus20 
24 alleles
0.0% missing data
   1   (0.039) 0.011 0.009 0.251 0.011 
   2   (0.033) 0.009 0.009 0.057 0.010 
   3   (0.039) 0.011 0.009 0.307 0.011 
   4   (0.039) 0.011 0.009 0.169 0.011 
   5   (0.034) 0.010 0.009 0.057 0.010 
   6   (0.064) 0.018 0.146 0.015 0.125 
   7   (0.057) 0.016 0.116 0.015 0.088 
   8   (0.063) 0.090 0.202 0.016 0.018 
   9   (0.064) 0.018 0.116 0.017 0.161 
  10   (0.057) 0.016 0.091 0.012 0.087 
  11   (0.043) 0.012 0.035 0.007 0.048 
  12   (0.028) 0.008 0.033 0.005 0.008 
  13   (0.033) 0.009 0.118 0.005 0.009 
  14   (0.050) 0.014 0.036 0.008 0.085 
  15   (0.048) 0.049 0.008 0.008 0.085 
  16   (0.052) 0.086 0.009 0.008 0.086 
  17   (0.032) 0.009 0.005 0.005 0.080 
  18   (0.034) 0.189 0.006 0.006 0.010 
  19   (0.031) 0.081 0.005 0.005 0.009 
  20   (0.031) 0.045 0.005 0.005 0.009 
  21   (0.037) 0.118 0.006 0.006 0.011 
  22   (0.028) 0.044 0.005 0.005 0.008 
  23   (0.034) 0.081 0.006 0.005 0.010 
  24   (0.030) 0.044 0.005 0.005 0.009 

Locus 21 : locus21 
13 alleles
0.0% missing data
   1   (0.125) 0.143 0.033 0.313 0.071 
   2   (0.099) 0.028 0.349 0.185 0.028 
   3   (0.137) 0.074 0.030 0.210 0.325 
   4   (0.070) 0.020 0.014 0.148 0.056 
   5   (0.096) 0.027 0.229 0.054 0.063 
   6   (0.046) 0.013 0.115 0.013 0.013 
   7   (0.078) 0.093 0.117 0.020 0.022 
   8   (0.061) 0.089 0.038 0.010 0.018 
   9   (0.038) 0.011 0.034 0.006 0.011 
  10   (0.049) 0.014 0.008 0.008 0.156 
  11   (0.074) 0.237 0.012 0.012 0.056 
  12   (0.091) 0.205 0.015 0.015 0.169 
  13   (0.037) 0.046 0.006 0.006 0.011 

Locus 22 : locus22 
23 alleles
0.0% missing data
   1   (0.054) 0.015 0.013 0.146 0.087 
   2   (0.047) 0.013 0.111 0.044 0.014 
   3   (0.065) 0.054 0.011 0.067 0.090 
   4   (0.066) 0.054 0.011 0.039 0.126 
   5   (0.051) 0.014 0.107 0.076 0.014 
   6   (0.062) 0.053 0.010 0.038 0.089 
   7   (0.053) 0.015 0.052 0.218 0.015 
   8   (0.033) 0.009 0.009 0.114 0.009 
   9   (0.032) 0.009 0.007 0.088 0.009 
  10   (0.051) 0.014 0.133 0.076 0.015 
  11   (0.036) 0.010 0.167 0.011 0.010 
  12   (0.034) 0.010 0.171 0.007 0.010 
  13   (0.046) 0.013 0.059 0.012 0.049 
  14   (0.028) 0.008 0.032 0.005 0.008 
  15   (0.034) 0.010 0.057 0.009 0.010 
  16   (0.048) 0.121 0.008 0.008 0.049 
  17   (0.029) 0.008 0.005 0.005 0.044 
  18   (0.030) 0.008 0.005 0.005 0.116 
  19   (0.026) 0.007 0.004 0.004 0.043 
  20   (0.056) 0.195 0.009 0.009 0.087 
  21   (0.054) 0.159 0.009 0.009 0.087 
  22   (0.035) 0.154 0.006 0.006 0.010 
  23   (0.029) 0.044 0.005 0.005 0.008 

Locus 23 : locus23 
19 alleles
0.0% missing data
   1   (0.035) 0.010 0.008 0.089 0.010 
   2   (0.076) 0.129 0.067 0.041 0.022 
   3   (0.036) 0.010 0.006 0.091 0.010 
   4   (0.033) 0.009 0.005 0.034 0.009 
   5   (0.059) 0.017 0.012 0.121 0.088 
   6   (0.056) 0.124 0.009 0.037 0.016 
   7   (0.087) 0.025 0.152 0.097 0.097 
   8   (0.040) 0.011 0.010 0.145 0.011 
   9   (0.057) 0.016 0.015 0.117 0.088 
  10   (0.093) 0.026 0.096 0.101 0.205 
  11   (0.090) 0.025 0.116 0.052 0.169 
  12   (0.064) 0.018 0.278 0.017 0.053 
  13   (0.038) 0.011 0.116 0.006 0.011 
  14   (0.057) 0.016 0.080 0.021 0.052 
  15   (0.036) 0.010 0.006 0.006 0.117 
  16   (0.040) 0.227 0.007 0.007 0.012 
  17   (0.037) 0.154 0.006 0.006 0.011 
  18   (0.034) 0.117 0.006 0.006 0.010 
  19   (0.033) 0.045 0.005 0.006 0.010 

Locus 24 : locus24 
18 alleles
0.0% missing data
   1   (0.099) 0.063 0.127 0.400 0.029 
   2   (0.081) 0.059 0.180 0.045 0.023 
   3   (0.107) 0.282 0.087 0.114 0.031 
   4   (0.036) 0.010 0.006 0.060 0.010 
   5   (0.092) 0.062 0.157 0.151 0.026 
   6   (0.143) 0.400 0.254 0.156 0.041 
   7   (0.038) 0.011 0.090 0.008 0.011 
   8   (0.049) 0.014 0.037 0.008 0.050 
   9   (0.035) 0.010 0.006 0.006 0.046 
  10   (0.033) 0.009 0.006 0.005 0.045 
  11   (0.035) 0.010 0.006 0.006 0.045 
  12   (0.040) 0.011 0.007 0.007 0.154 
  13   (0.042) 0.012 0.007 0.007 0.119 
  14   (0.034) 0.010 0.006 0.006 0.081 
  15   (0.030) 0.008 0.005 0.005 0.044 
  16   (0.031) 0.009 0.005 0.005 0.045 
  17   (0.040) 0.011 0.007 0.006 0.118 
  18   (0.035) 0.010 0.006 0.006 0.081 

Locus 25 : locus25 
18 alleles
0.0% missing data
   1   (0.040) 0.011 0.009 0.172 0.011 
   2   (0.067) 0.198 0.015 0.091 0.019 
   3   (0.086) 0.060 0.019 0.094 0.168 
   4   (0.067) 0.126 0.017 0.145 0.019 
   5   (0.093) 0.206 0.015 0.099 0.098 
   6   (0.057) 0.016 0.014 0.060 0.088 
   7   (0.070) 0.020 0.017 0.230 0.091 
   8   (0.058) 0.016 0.173 0.013 0.052 
   9   (0.033) 0.009 0.033 0.005 0.009 
  10   (0.069) 0.091 0.340 0.016 0.020 
  11   (0.073) 0.093 0.040 0.012 0.092 
  12   (0.038) 0.011 0.087 0.009 0.011 
  13   (0.035) 0.010 0.057 0.009 0.010 
  14   (0.051) 0.015 0.036 0.008 0.086 
  15   (0.052) 0.015 0.059 0.013 0.051 
  16   (0.035) 0.010 0.058 0.009 0.010 
  17   (0.040) 0.011 0.007 0.007 0.154 
  18   (0.035) 0.082 0.006 0.006 0.010 

Locus 26 : locus26 
29 alleles
0.0% missing data
   1   (0.028) 0.008 0.005 0.087 0.008 
   2   (0.031) 0.009 0.009 0.111 0.009 
   3   (0.035) 0.010 0.008 0.086 0.010 
   4   (0.035) 0.010 0.009 0.224 0.010 
   5   (0.038) 0.011 0.010 0.195 0.011 
   6   (0.055) 0.015 0.012 0.117 0.087 
   7   (0.025) 0.007 0.004 0.032 0.007 
   8   (0.033) 0.009 0.062 0.005 0.009 
   9   (0.026) 0.007 0.032 0.004 0.008 
  10   (0.035) 0.010 0.145 0.007 0.010 
  11   (0.032) 0.009 0.062 0.005 0.009 
  12   (0.031) 0.009 0.058 0.009 0.009 
  13   (0.036) 0.010 0.170 0.010 0.010 
  14   (0.032) 0.009 0.058 0.009 0.009 
  15   (0.032) 0.009 0.033 0.005 0.009 
  16   (0.034) 0.010 0.058 0.009 0.010 
  17   (0.030) 0.009 0.107 0.014 0.009 
  18   (0.031) 0.009 0.061 0.005 0.009 
  19   (0.025) 0.007 0.032 0.004 0.007 
  20   (0.050) 0.086 0.009 0.008 0.157 
  21   (0.055) 0.123 0.009 0.009 0.194 
  22   (0.052) 0.230 0.009 0.008 0.086 
  23   (0.043) 0.120 0.007 0.007 0.048 
  24   (0.028) 0.008 0.005 0.005 0.079 
  25   (0.033) 0.009 0.005 0.005 0.081 
  26   (0.024) 0.007 0.004 0.004 0.043 
  27   (0.027) 0.008 0.005 0.004 0.043 
  28   (0.035) 0.189 0.006 0.006 0.010 
  29   (0.026) 0.043 0.004 0.004 0.008 

Locus 27 : locus27 
17 alleles
0.0% missing data
   1   (0.053) 0.015 0.009 0.090 0.051 
   2   (0.076) 0.021 0.017 0.199 0.200 
   3   (0.063) 0.018 0.191 0.055 0.018 
   4   (0.117) 0.105 0.089 0.116 0.105 
   5   (0.073) 0.057 0.051 0.084 0.021 
   6   (0.037) 0.011 0.011 0.057 0.011 
   7   (0.070) 0.020 0.020 0.112 0.127 
   8   (0.036) 0.010 0.010 0.056 0.010 
   9   (0.040) 0.011 0.015 0.080 0.011 
  10   (0.068) 0.019 0.023 0.081 0.126 
  11   (0.073) 0.236 0.094 0.015 0.021 
  12   (0.069) 0.163 0.093 0.015 0.020 
  13   (0.084) 0.203 0.353 0.017 0.024 
  14   (0.040) 0.011 0.007 0.006 0.154 
  15   (0.035) 0.010 0.006 0.006 0.081 
  16   (0.032) 0.045 0.005 0.005 0.009 
  17   (0.033) 0.045 0.006 0.005 0.010 

Locus 28 : locus28 
21 alleles
0.0% missing data
   1   (0.038) 0.011 0.009 0.173 0.011 
   2   (0.037) 0.010 0.006 0.062 0.011 
   3   (0.032) 0.009 0.005 0.062 0.009 
   4   (0.076) 0.165 0.024 0.141 0.022 
   5   (0.059) 0.088 0.015 0.061 0.017 
   6   (0.039) 0.011 0.009 0.088 0.011 
   7   (0.071) 0.020 0.114 0.048 0.056 
   8   (0.079) 0.166 0.019 0.148 0.023 
   9   (0.041) 0.012 0.009 0.088 0.012 
  10   (0.031) 0.009 0.005 0.033 0.009 
  11   (0.084) 0.024 0.504 0.022 0.166 
  12   (0.058) 0.016 0.037 0.010 0.196 
  13   (0.059) 0.017 0.117 0.012 0.089 
  14   (0.053) 0.015 0.089 0.012 0.051 
  15   (0.034) 0.010 0.006 0.006 0.117 
  16   (0.037) 0.011 0.006 0.006 0.082 
  17   (0.027) 0.008 0.004 0.005 0.043 
  18   (0.030) 0.008 0.005 0.005 0.044 
  19   (0.042) 0.227 0.007 0.007 0.012 
  20   (0.042) 0.119 0.007 0.007 0.012 
  21   (0.030) 0.044 0.005 0.005 0.009 

Locus 29 : locus29 
20 alleles
0.0% missing data
   1   (0.065) 0.126 0.018 0.114 0.019 
   2   (0.037) 0.010 0.008 0.087 0.011 
   3   (0.037) 0.010 0.007 0.143 0.011 
   4   (0.031) 0.009 0.005 0.033 0.009 
   5   (0.038) 0.011 0.009 0.169 0.011 
   6   (0.034) 0.010 0.008 0.086 0.010 
   7   (0.037) 0.010 0.010 0.195 0.011 
   8   (0.051) 0.086 0.009 0.036 0.015 
   9   (0.051) 0.014 0.093 0.008 0.050 
  10   (0.067) 0.019 0.197 0.021 0.126 
  11   (0.064) 0.018 0.177 0.012 0.125 
  12   (0.087) 0.060 0.203 0.022 0.132 
  13   (0.050) 0.050 0.065 0.008 0.014 
  14   (0.069) 0.128 0.039 0.011 0.056 
  15   (0.079) 0.094 0.117 0.021 0.058 
  16   (0.047) 0.049 0.008 0.008 0.085 
  17   (0.038) 0.011 0.006 0.006 0.118 
  18   (0.031) 0.009 0.005 0.005 0.045 
  19   (0.050) 0.050 0.008 0.008 0.086 
  20   (0.038) 0.226 0.006 0.006 0.011 

Locus 30 : locus30 
26 alleles
0.0% missing data
   1   (0.067) 0.019 0.132 0.170 0.019 
   2   (0.031) 0.009 0.006 0.118 0.009 
   3   (0.033) 0.009 0.005 0.063 0.010 
   4   (0.054) 0.015 0.073 0.082 0.016 
   5   (0.036) 0.010 0.013 0.084 0.010 
   6   (0.039) 0.011 0.010 0.259 0.011 
   7   (0.055) 0.016 0.009 0.066 0.123 
   8   (0.030) 0.008 0.005 0.033 0.009 
   9   (0.044) 0.012 0.356 0.013 0.013 
  10   (0.035) 0.010 0.060 0.006 0.010 
  11   (0.033) 0.009 0.060 0.006 0.009 
  12   (0.042) 0.012 0.110 0.013 0.012 
  13   (0.029) 0.008 0.032 0.005 0.008 
  14   (0.033) 0.009 0.056 0.009 0.009 
  15   (0.035) 0.010 0.006 0.006 0.188 
  16   (0.035) 0.010 0.006 0.006 0.117 
  17   (0.050) 0.086 0.008 0.008 0.050 
  18   (0.058) 0.088 0.009 0.010 0.159 
  19   (0.031) 0.009 0.005 0.005 0.044 
  20   (0.034) 0.010 0.006 0.006 0.116 
  21   (0.034) 0.225 0.005 0.006 0.010 
  22   (0.034) 0.117 0.006 0.006 0.010 
  23   (0.036) 0.118 0.006 0.006 0.011 
  24   (0.038) 0.082 0.006 0.006 0.011 
  25   (0.025) 0.043 0.004 0.004 0.007 
  26   (0.029) 0.044 0.005 0.005 0.008 

Locus 31 : locus31 
22 alleles
0.0% missing data
   1   (0.046) 0.049 0.008 0.063 0.013 
   2   (0.041) 0.048 0.007 0.034 0.012 
   3   (0.056) 0.016 0.092 0.092 0.016 
   4   (0.064) 0.126 0.014 0.201 0.018 
   5   (0.054) 0.015 0.060 0.151 0.015 
   6   (0.035) 0.010 0.008 0.086 0.010 
   7   (0.042) 0.048 0.007 0.034 0.012 
   8   (0.068) 0.127 0.022 0.194 0.020 
   9   (0.026) 0.007 0.004 0.032 0.008 
  10   (0.063) 0.018 0.116 0.017 0.089 
  11   (0.037) 0.010 0.143 0.009 0.011 
  12   (0.057) 0.016 0.122 0.009 0.087 
  13   (0.072) 0.021 0.147 0.017 0.306 
  14   (0.063) 0.018 0.091 0.013 0.196 
  15   (0.056) 0.016 0.120 0.011 0.087 
  16   (0.031) 0.009 0.005 0.005 0.045 
  17   (0.032) 0.081 0.005 0.005 0.009 
  18   (0.032) 0.081 0.005 0.005 0.009 
  19   (0.035) 0.117 0.006 0.006 0.010 
  20   (0.034) 0.081 0.006 0.005 0.010 
  21   (0.027) 0.043 0.005 0.004 0.008 
  22   (0.029) 0.044 0.005 0.005 0.008 

Locus 32 : locus32 
21 alleles
0.0% missing data
   1   (0.043) 0.012 0.010 0.252 0.013 
   2   (0.038) 0.011 0.008 0.114 0.011 
   3   (0.040) 0.011 0.010 0.141 0.011 
   4   (0.039) 0.011 0.010 0.140 0.011 
   5   (0.040) 0.011 0.008 0.142 0.011 
   6   (0.036) 0.010 0.010 0.057 0.010 
   7   (0.057) 0.016 0.175 0.013 0.052 
   8   (0.082) 0.202 0.207 0.017 0.024 
   9   (0.067) 0.199 0.061 0.017 0.019 
  10   (0.057) 0.052 0.116 0.015 0.016 
  11   (0.038) 0.011 0.089 0.009 0.011 
  12   (0.073) 0.056 0.122 0.015 0.057 
  13   (0.053) 0.123 0.037 0.009 0.015 
  14   (0.050) 0.014 0.037 0.008 0.050 
  15   (0.054) 0.051 0.060 0.014 0.016 
  16   (0.044) 0.012 0.007 0.007 0.262 
  17   (0.048) 0.014 0.008 0.008 0.263 
  18   (0.033) 0.009 0.006 0.005 0.045 
  19   (0.038) 0.011 0.006 0.006 0.082 
  20   (0.036) 0.082 0.006 0.006 0.010 
  21   (0.033) 0.081 0.006 0.005 0.010 

Locus 33 : locus33 
17 alleles
0.0% missing data
   1   (0.074) 0.021 0.094 0.292 0.021 
   2   (0.041) 0.012 0.015 0.082 0.012 
   3   (0.060) 0.017 0.010 0.121 0.053 
   4   (0.108) 0.066 0.233 0.275 0.031 
   5   (0.039) 0.011 0.010 0.058 0.011 
   6   (0.093) 0.098 0.159 0.067 0.027 
   7   (0.042) 0.012 0.089 0.009 0.012 
   8   (0.115) 0.104 0.264 0.026 0.140 
   9   (0.034) 0.010 0.034 0.006 0.010 
  10   (0.033) 0.009 0.033 0.005 0.010 
  11   (0.042) 0.012 0.007 0.007 0.155 
  12   (0.072) 0.092 0.012 0.012 0.235 
  13   (0.059) 0.161 0.010 0.010 0.052 
  14   (0.086) 0.239 0.014 0.014 0.203 
  15   (0.034) 0.045 0.006 0.006 0.010 
  16   (0.033) 0.045 0.006 0.005 0.010 
  17   (0.034) 0.045 0.006 0.006 0.010 

Locus 34 : locus34 
20 alleles
0.0% missing data
   1   (0.037) 0.011 0.008 0.197 0.011 
   2   (0.036) 0.010 0.008 0.197 0.010 
   3   (0.030) 0.009 0.005 0.033 0.009 
   4   (0.034) 0.009 0.007 0.114 0.010 
   5   (0.034) 0.010 0.008 0.086 0.010 
   6   (0.037) 0.010 0.014 0.081 0.011 
   7   (0.032) 0.009 0.005 0.033 0.009 
   8   (0.033) 0.009 0.009 0.057 0.010 
   9   (0.033) 0.009 0.009 0.057 0.010 
  10   (0.069) 0.019 0.202 0.018 0.126 
  11   (0.066) 0.055 0.039 0.011 0.126 
  12   (0.084) 0.096 0.063 0.020 0.131 
  13   (0.067) 0.127 0.147 0.016 0.019 
  14   (0.107) 0.138 0.213 0.020 0.244 
  15   (0.055) 0.088 0.060 0.014 0.016 
  16   (0.080) 0.058 0.148 0.019 0.094 
  17   (0.078) 0.166 0.040 0.013 0.129 
  18   (0.033) 0.081 0.006 0.005 0.010 
  19   (0.027) 0.043 0.005 0.004 0.008 
  20   (0.029) 0.044 0.005 0.005 0.008 

Locus 35 : locus35 
18 alleles
0.0% missing data
   1   (0.043) 0.012 0.009 0.115 0.012 
   2   (0.049) 0.014 0.010 0.253 0.014 
   3   (0.057) 0.088 0.010 0.064 0.017 
   4   (0.113) 0.211 0.271 0.074 0.033 
   5   (0.109) 0.211 0.173 0.059 0.031 
   6   (0.042) 0.012 0.011 0.141 0.012 
   7   (0.080) 0.059 0.088 0.050 0.023 
   8   (0.041) 0.012 0.015 0.081 0.012 
   9   (0.044) 0.012 0.016 0.080 0.013 
  10   (0.070) 0.091 0.182 0.011 0.020 
  11   (0.087) 0.204 0.142 0.027 0.025 
  12   (0.034) 0.009 0.034 0.005 0.010 
  13   (0.038) 0.011 0.006 0.006 0.118 
  14   (0.035) 0.010 0.006 0.006 0.046 
  15   (0.049) 0.014 0.008 0.008 0.370 
  16   (0.034) 0.010 0.006 0.006 0.045 
  17   (0.042) 0.012 0.007 0.007 0.155 
  18   (0.033) 0.009 0.006 0.005 0.045 

Locus 36 : locus36 
15 alleles
0.0% missing data
   1   (0.123) 0.035 0.249 0.182 0.106 
   2   (0.108) 0.031 0.152 0.052 0.245 
   3   (0.092) 0.026 0.022 0.147 0.312 
   4   (0.087) 0.025 0.107 0.448 0.025 
   5   (0.094) 0.062 0.232 0.077 0.027 
   6   (0.061) 0.125 0.038 0.010 0.018 
   7   (0.040) 0.011 0.059 0.010 0.012 
   8   (0.045) 0.013 0.082 0.016 0.013 
   9   (0.052) 0.051 0.009 0.009 0.051 
  10   (0.060) 0.089 0.010 0.010 0.053 
  11   (0.053) 0.051 0.009 0.009 0.051 
  12   (0.070) 0.271 0.012 0.012 0.056 
  13   (0.043) 0.120 0.007 0.007 0.012 
  14   (0.035) 0.046 0.006 0.006 0.010 
  15   (0.035) 0.046 0.006 0.006 0.010 

Locus 37 : locus37 
18 alleles
0.0% missing data
   1   (0.045) 0.013 0.012 0.354 0.013 
   2   (0.039) 0.011 0.012 0.109 0.011 
   3   (0.105) 0.174 0.076 0.070 0.102 
   4   (0.034) 0.010 0.007 0.112 0.010 
   5   (0.035) 0.010 0.008 0.112 0.010 
   6   (0.032) 0.009 0.006 0.032 0.009 
   7   (0.097) 0.028 0.185 0.072 0.206 
   8   (0.064) 0.090 0.011 0.037 0.054 
   9   (0.078) 0.202 0.071 0.012 0.057 
  10   (0.056) 0.052 0.119 0.015 0.016 
  11   (0.055) 0.016 0.038 0.009 0.159 
  12   (0.053) 0.015 0.092 0.011 0.051 
  13   (0.062) 0.089 0.213 0.010 0.018 
  14   (0.075) 0.057 0.121 0.018 0.057 
  15   (0.054) 0.087 0.009 0.009 0.087 
  16   (0.051) 0.050 0.009 0.008 0.122 
  17   (0.034) 0.045 0.006 0.005 0.010 
  18   (0.031) 0.045 0.005 0.005 0.009 

Locus 38 : locus38 
29 alleles
0.0% missing data
   1   (0.039) 0.011 0.010 0.198 0.011 
   2   (0.036) 0.010 0.010 0.197 0.010 
   3   (0.039) 0.011 0.009 0.200 0.011 
   4   (0.030) 0.008 0.008 0.057 0.009 
   5   (0.038) 0.011 0.007 0.172 0.011 
   6   (0.043) 0.012 0.035 0.035 0.012 
   7   (0.039) 0.011 0.113 0.011 0.011 
   8   (0.030) 0.008 0.086 0.007 0.009 
   9   (0.036) 0.010 0.363 0.010 0.010 
  10   (0.056) 0.124 0.093 0.009 0.016 
  11   (0.027) 0.008 0.032 0.004 0.008 
  12   (0.057) 0.088 0.146 0.011 0.016 
  13   (0.029) 0.008 0.005 0.005 0.044 
  14   (0.043) 0.012 0.007 0.007 0.190 
  15   (0.028) 0.008 0.005 0.005 0.044 
  16   (0.032) 0.009 0.005 0.005 0.045 
  17   (0.035) 0.010 0.006 0.006 0.259 
  18   (0.033) 0.009 0.005 0.005 0.081 
  19   (0.031) 0.009 0.005 0.005 0.080 
  20   (0.025) 0.007 0.004 0.004 0.043 
  21   (0.036) 0.154 0.006 0.006 0.010 
  22   (0.029) 0.044 0.005 0.005 0.008 
  23   (0.028) 0.079 0.005 0.005 0.008 
  24   (0.031) 0.045 0.005 0.005 0.009 
  25   (0.031) 0.080 0.005 0.005 0.009 
  26   (0.026) 0.043 0.004 0.004 0.008 
  27   (0.034) 0.045 0.006 0.006 0.010 
  28   (0.032) 0.081 0.005 0.005 0.009 
  29   (0.027) 0.043 0.004 0.004 0.008 

Locus 39 : locus39 
14 alleles
0.0% missing data
   1   (0.190) 0.305 0.125 0.215 0.269 
   2   (0.140) 0.075 0.211 0.252 0.112 
   3   (0.094) 0.027 0.093 0.133 0.099 
   4   (0.044) 0.012 0.011 0.144 0.013 
   5   (0.066) 0.019 0.039 0.039 0.055 
   6   (0.063) 0.198 0.010 0.038 0.018 
   7   (0.038) 0.011 0.010 0.058 0.011 
   8   (0.067) 0.019 0.017 0.061 0.126 
   9   (0.117) 0.104 0.454 0.029 0.104 
  10   (0.037) 0.010 0.006 0.006 0.082 
  11   (0.035) 0.010 0.006 0.006 0.046 
  12   (0.033) 0.009 0.005 0.005 0.045 
  13   (0.042) 0.155 0.007 0.007 0.012 
  14   (0.033) 0.045 0.006 0.005 0.010 

Locus 40 : locus40 
21 alleles
0.0% missing data
   1   (0.073) 0.021 0.079 0.254 0.021 
   2   (0.063) 0.089 0.016 0.061 0.018 
   3   (0.054) 0.051 0.009 0.037 0.015 
   4   (0.040) 0.011 0.010 0.060 0.011 
   5   (0.046) 0.013 0.011 0.316 0.013 
   6   (0.064) 0.018 0.066 0.122 0.018 
   7   (0.059) 0.017 0.092 0.038 0.017 
   8   (0.044) 0.012 0.143 0.009 0.013 
   9   (0.036) 0.010 0.033 0.006 0.010 
  10   (0.039) 0.011 0.086 0.009 0.011 
  11   (0.054) 0.015 0.385 0.017 0.016 
  12   (0.046) 0.013 0.008 0.008 0.156 
  13   (0.045) 0.013 0.007 0.007 0.227 
  14   (0.041) 0.012 0.007 0.007 0.190 
  15   (0.052) 0.050 0.008 0.009 0.050 
  16   (0.042) 0.012 0.007 0.007 0.119 
  17   (0.035) 0.010 0.006 0.006 0.045 
  18   (0.047) 0.228 0.008 0.008 0.013 
  19   (0.048) 0.265 0.008 0.008 0.014 
  20   (0.040) 0.083 0.007 0.007 0.011 
  21   (0.033) 0.045 0.005 0.006 0.010 

Locus 41 : locus41 
21 alleles
0.0% missing data
   1   (0.042) 0.012 0.011 0.058 0.012 
   2   (0.046) 0.013 0.009 0.144 0.013 
   3   (0.079) 0.022 0.140 0.137 0.023 
   4   (0.058) 0.016 0.016 0.390 0.017 
   5   (0.036) 0.010 0.006 0.034 0.010 
   6   (0.085) 0.024 0.290 0.127 0.024 
   7   (0.052) 0.050 0.037 0.008 0.015 
   8   (0.051) 0.014 0.314 0.012 0.015 
   9   (0.041) 0.011 0.091 0.007 0.012 
  10   (0.045) 0.013 0.007 0.007 0.191 
  11   (0.045) 0.013 0.008 0.007 0.155 
  12   (0.042) 0.012 0.007 0.007 0.083 
  13   (0.043) 0.012 0.007 0.007 0.119 
  14   (0.042) 0.012 0.007 0.007 0.119 
  15   (0.042) 0.012 0.007 0.007 0.083 
  16   (0.036) 0.010 0.006 0.006 0.046 
  17   (0.044) 0.156 0.007 0.007 0.013 
  18   (0.056) 0.339 0.009 0.009 0.016 
  19   (0.043) 0.119 0.007 0.007 0.012 
  20   (0.039) 0.083 0.006 0.006 0.011 
  21   (0.036) 0.046 0.006 0.006 0.010 

Locus 42 : locus42 
26 alleles
0.0% missing data
   1   (0.044) 0.012 0.013 0.279 0.013 
   2   (0.048) 0.014 0.010 0.339 0.014 
   3   (0.039) 0.011 0.010 0.142 0.011 
   4   (0.036) 0.010 0.006 0.061 0.010 
   5   (0.031) 0.009 0.005 0.033 0.009 
   6   (0.041) 0.012 0.091 0.007 0.012 
   7   (0.047) 0.013 0.336 0.014 0.014 
   8   (0.040) 0.011 0.088 0.009 0.011 
   9   (0.032) 0.009 0.061 0.005 0.009 
  10   (0.032) 0.009 0.033 0.005 0.009 
  11   (0.033) 0.009 0.033 0.005 0.010 
  12   (0.037) 0.010 0.171 0.009 0.011 
  13   (0.034) 0.010 0.058 0.009 0.010 
  14   (0.032) 0.009 0.005 0.005 0.045 
  15   (0.034) 0.010 0.006 0.006 0.081 
  16   (0.045) 0.013 0.007 0.007 0.227 
  17   (0.052) 0.087 0.009 0.008 0.050 
  18   (0.055) 0.051 0.009 0.009 0.087 
  19   (0.042) 0.012 0.007 0.007 0.190 
  20   (0.035) 0.010 0.006 0.006 0.117 
  21   (0.032) 0.081 0.005 0.005 0.009 
  22   (0.038) 0.190 0.006 0.006 0.011 
  23   (0.036) 0.082 0.006 0.006 0.010 
  24   (0.039) 0.226 0.007 0.006 0.011 
  25   (0.035) 0.046 0.006 0.006 0.010 
  26   (0.032) 0.045 0.005 0.005 0.009 

Locus 43 : locus43 
21 alleles
0.0% missing data
   1   (0.045) 0.013 0.010 0.172 0.013 
   2   (0.031) 0.009 0.005 0.033 0.009 
   3   (0.083) 0.023 0.050 0.117 0.095 
   4   (0.068) 0.019 0.014 0.148 0.162 
   5   (0.040) 0.011 0.009 0.116 0.012 
   6   (0.055) 0.016 0.009 0.036 0.123 
   7   (0.044) 0.012 0.017 0.164 0.013 
   8   (0.088) 0.025 0.062 0.105 0.168 
   9   (0.040) 0.011 0.173 0.008 0.011 
  10   (0.039) 0.011 0.082 0.014 0.011 
  11   (0.043) 0.012 0.172 0.010 0.012 
  12   (0.042) 0.012 0.198 0.011 0.012 
  13   (0.053) 0.087 0.036 0.009 0.015 
  14   (0.064) 0.090 0.090 0.014 0.018 
  15   (0.033) 0.009 0.033 0.005 0.010 
  16   (0.040) 0.011 0.007 0.007 0.118 
  17   (0.038) 0.011 0.006 0.006 0.153 
  18   (0.040) 0.191 0.007 0.007 0.012 
  19   (0.043) 0.227 0.007 0.007 0.012 
  20   (0.034) 0.046 0.006 0.006 0.010 
  21   (0.037) 0.154 0.006 0.006 0.011 

Locus 44 : locus44 
20 alleles
0.0% missing data
   1   (0.038) 0.011 0.008 0.170 0.011 
   2   (0.035) 0.010 0.006 0.061 0.010 
   3   (0.039) 0.011 0.008 0.170 0.011 
   4   (0.040) 0.011 0.014 0.247 0.012 
   5   (0.035) 0.010 0.010 0.057 0.010 
   6   (0.038) 0.011 0.009 0.086 0.011 
   7   (0.035) 0.010 0.010 0.057 0.010 
   8   (0.086) 0.132 0.178 0.019 0.060 
   9   (0.053) 0.051 0.177 0.010 0.015 
  10   (0.045) 0.049 0.036 0.007 0.013 
  11   (0.080) 0.095 0.149 0.019 0.059 
  12   (0.079) 0.166 0.098 0.013 0.058 
  13   (0.125) 0.143 0.201 0.036 0.286 
  14   (0.051) 0.050 0.060 0.013 0.015 
  15   (0.036) 0.010 0.006 0.006 0.153 
  16   (0.056) 0.087 0.009 0.009 0.123 
  17   (0.035) 0.010 0.006 0.006 0.081 
  18   (0.027) 0.008 0.005 0.004 0.043 
  19   (0.036) 0.082 0.006 0.006 0.010 
  20   (0.031) 0.044 0.005 0.005 0.009 

Locus 45 : locus45 
20 alleles
0.0% missing data
   1   (0.046) 0.013 0.010 0.202 0.013 
   2   (0.069) 0.020 0.152 0.064 0.020 
   3   (0.070) 0.020 0.188 0.085 0.020 
   4   (0.039) 0.011 0.009 0.089 0.011 
   5   (0.070) 0.020 0.101 0.144 0.020 
   6   (0.041) 0.012 0.011 0.114 0.012 
   7   (0.068) 0.019 0.156 0.088 0.020 
   8   (0.038) 0.011 0.006 0.062 0.011 
   9   (0.066) 0.019 0.205 0.066 0.019 
  10   (0.034) 0.010 0.033 0.006 0.010 
  11   (0.040) 0.011 0.058 0.011 0.012 
  12   (0.041) 0.012 0.007 0.007 0.119 
  13   (0.047) 0.013 0.008 0.008 0.371 
  14   (0.068) 0.306 0.011 0.011 0.055 
  15   (0.035) 0.010 0.006 0.006 0.046 
  16   (0.068) 0.235 0.011 0.011 0.055 
  17   (0.040) 0.011 0.007 0.007 0.118 
  18   (0.036) 0.010 0.006 0.006 0.046 
  19   (0.042) 0.119 0.007 0.007 0.012 
  20   (0.041) 0.119 0.007 0.007 0.012 

Locus 46 : locus46 
18 alleles
0.0% missing data
   1   (0.035) 0.010 0.006 0.034 0.010 
   2   (0.035) 0.010 0.006 0.091 0.010 
   3   (0.062) 0.018 0.010 0.095 0.125 
   4   (0.036) 0.010 0.007 0.118 0.010 
   5   (0.039) 0.011 0.009 0.089 0.011 
   6   (0.058) 0.016 0.020 0.083 0.052 
   7   (0.097) 0.028 0.066 0.161 0.206 
   8   (0.088) 0.025 0.096 0.099 0.096 
   9   (0.062) 0.018 0.020 0.084 0.054 
  10   (0.037) 0.011 0.010 0.059 0.011 
  11   (0.054) 0.051 0.092 0.009 0.016 
  12   (0.075) 0.021 0.418 0.020 0.092 
  13   (0.078) 0.201 0.173 0.018 0.023 
  14   (0.094) 0.134 0.043 0.016 0.241 
  15   (0.034) 0.082 0.006 0.006 0.010 
  16   (0.042) 0.191 0.007 0.007 0.012 
  17   (0.035) 0.082 0.006 0.006 0.010 
  18   (0.037) 0.082 0.006 0.006 0.011 

Locus 47 : locus47 
21 alleles
0.0% missing data
   1   (0.105) 0.137 0.093 0.294 0.030 
   2   (0.068) 0.055 0.020 0.245 0.020 
   3   (0.058) 0.052 0.012 0.141 0.017 
   4   (0.057) 0.016 0.046 0.137 0.016 
   5   (0.062) 0.125 0.011 0.036 0.018 
   6   (0.067) 0.019 0.381 0.045 0.019 
   7   (0.039) 0.011 0.086 0.013 0.011 
   8   (0.042) 0.012 0.124 0.007 0.012 
   9   (0.042) 0.012 0.119 0.011 0.012 
  10   (0.035) 0.010 0.035 0.006 0.010 
  11   (0.043) 0.012 0.007 0.007 0.119 
  12   (0.042) 0.012 0.007 0.007 0.154 
  13   (0.037) 0.011 0.006 0.006 0.082 
  14   (0.032) 0.009 0.006 0.005 0.045 
  15   (0.035) 0.010 0.006 0.006 0.081 
  16   (0.044) 0.012 0.008 0.007 0.119 
  17   (0.035) 0.010 0.006 0.006 0.082 
  18   (0.038) 0.011 0.007 0.006 0.082 
  19   (0.033) 0.009 0.006 0.005 0.045 
  20   (0.050) 0.372 0.009 0.008 0.014 
  21   (0.036) 0.082 0.006 0.006 0.010 

Locus 48 : locus48 
23 alleles
0.0% missing data
   1   (0.048) 0.014 0.016 0.304 0.014 
   2   (0.041) 0.011 0.008 0.143 0.012 
   3   (0.032) 0.009 0.005 0.033 0.009 
   4   (0.039) 0.011 0.007 0.145 0.011 
   5   (0.042) 0.012 0.011 0.141 0.012 
   6   (0.040) 0.011 0.009 0.087 0.011 
   7   (0.034) 0.010 0.058 0.009 0.010 
   8   (0.067) 0.054 0.287 0.016 0.019 
   9   (0.063) 0.090 0.061 0.016 0.018 
  10   (0.042) 0.012 0.146 0.008 0.012 
  11   (0.035) 0.010 0.118 0.006 0.010 
  12   (0.072) 0.092 0.171 0.020 0.021 
  13   (0.054) 0.087 0.037 0.009 0.016 
  14   (0.040) 0.011 0.007 0.007 0.083 
  15   (0.039) 0.011 0.007 0.006 0.118 
  16   (0.039) 0.011 0.006 0.006 0.154 
  17   (0.041) 0.011 0.007 0.007 0.118 
  18   (0.041) 0.012 0.007 0.007 0.154 
  19   (0.033) 0.009 0.006 0.005 0.045 
  20   (0.040) 0.011 0.007 0.007 0.118 
  21   (0.040) 0.191 0.007 0.007 0.012 
  22   (0.046) 0.264 0.008 0.007 0.013 
  23   (0.032) 0.045 0.005 0.005 0.009 

Locus 49 : locus49 
13 alleles
0.0% missing data
   1   (0.076) 0.165 0.017 0.093 0.022 
   2   (0.126) 0.071 0.118 0.119 0.143 
   3   (0.128) 0.036 0.111 0.238 0.251 
   4   (0.052) 0.050 0.009 0.037 0.015 
   5   (0.100) 0.064 0.272 0.094 0.029 
   6   (0.062) 0.017 0.077 0.081 0.018 
   7   (0.042) 0.012 0.009 0.089 0.012 
   8   (0.131) 0.073 0.276 0.072 0.145 
   9   (0.059) 0.017 0.047 0.084 0.017 
  10   (0.078) 0.022 0.013 0.069 0.272 
  11   (0.036) 0.010 0.034 0.006 0.010 
  12   (0.066) 0.234 0.011 0.011 0.054 
  13   (0.045) 0.228 0.007 0.007 0.013 

Locus 50 : locus50 
19 alleles
0.0% missing data
   1   (0.056) 0.124 0.009 0.037 0.016 
   2   (0.045) 0.013 0.014 0.252 0.013 
   3   (0.043) 0.012 0.008 0.146 0.012 
   4   (0.061) 0.053 0.012 0.148 0.017 
   5   (0.037) 0.011 0.009 0.088 0.011 
   6   (0.038) 0.011 0.009 0.088 0.011 
   7   (0.033) 0.009 0.005 0.033 0.009 
   8   (0.039) 0.011 0.011 0.058 0.011 
   9   (0.031) 0.009 0.005 0.033 0.009 
  10   (0.054) 0.015 0.036 0.009 0.087 
  11   (0.104) 0.065 0.178 0.024 0.208 
  12   (0.073) 0.021 0.449 0.020 0.056 
  13   (0.056) 0.016 0.036 0.009 0.124 
  14   (0.065) 0.018 0.119 0.013 0.090 
  15   (0.103) 0.101 0.073 0.017 0.243 
  16   (0.035) 0.010 0.006 0.006 0.045 
  17   (0.044) 0.263 0.007 0.007 0.013 
  18   (0.041) 0.119 0.007 0.007 0.012 
  19   (0.043) 0.120 0.007 0.007 0.012 

Locus 51 : locus51 
22 alleles
0.0% missing data
   1   (0.038) 0.011 0.006 0.090 0.011 
   2   (0.038) 0.011 0.010 0.058 0.011 
   3   (0.041) 0.012 0.012 0.113 0.012 
   4   (0.043) 0.012 0.013 0.280 0.012 
   5   (0.039) 0.011 0.008 0.116 0.011 
   6   (0.040) 0.011 0.008 0.145 0.012 
   7   (0.034) 0.010 0.006 0.033 0.010 
   8   (0.031) 0.009 0.005 0.033 0.009 
   9   (0.037) 0.010 0.116 0.008 0.011 
  10   (0.043) 0.012 0.202 0.008 0.012 
  11   (0.041) 0.012 0.142 0.010 0.012 
  12   (0.044) 0.012 0.142 0.011 0.013 
  13   (0.041) 0.012 0.142 0.010 0.012 
  14   (0.045) 0.013 0.113 0.013 0.013 
  15   (0.071) 0.199 0.012 0.012 0.162 
  16   (0.054) 0.051 0.009 0.009 0.087 
  17   (0.056) 0.124 0.009 0.009 0.051 
  18   (0.072) 0.092 0.012 0.012 0.234 
  19   (0.054) 0.051 0.009 0.009 0.087 
  20   (0.067) 0.055 0.011 0.011 0.198 
  21   (0.041) 0.227 0.007 0.007 0.012 
  22   (0.031) 0.045 0.005 0.005 0.009 

Locus 52 : locus52 
22 alleles
0.0% missing data
   1   (0.069) 0.020 0.017 0.061 0.198 
   2   (0.075) 0.200 0.012 0.154 0.021 
   3   (0.036) 0.010 0.009 0.059 0.010 
   4   (0.076) 0.129 0.017 0.262 0.022 
   5   (0.051) 0.050 0.008 0.065 0.015 
   6   (0.062) 0.018 0.017 0.172 0.053 
   7   (0.058) 0.088 0.014 0.061 0.017 
   8   (0.038) 0.011 0.010 0.059 0.011 
   9   (0.035) 0.010 0.089 0.006 0.010 
  10   (0.043) 0.012 0.445 0.010 0.012 
  11   (0.035) 0.010 0.057 0.010 0.010 
  12   (0.039) 0.011 0.057 0.011 0.011 
  13   (0.039) 0.011 0.111 0.011 0.011 
  14   (0.036) 0.010 0.057 0.010 0.010 
  15   (0.033) 0.009 0.033 0.006 0.010 
  16   (0.037) 0.010 0.006 0.006 0.082 
  17   (0.040) 0.011 0.007 0.007 0.189 
  18   (0.041) 0.012 0.007 0.007 0.154 
  19   (0.034) 0.010 0.006 0.006 0.045 
  20   (0.036) 0.010 0.006 0.006 0.082 
  21   (0.044) 0.192 0.007 0.007 0.013 
  22   (0.043) 0.156 0.007 0.007 0.012 

Locus 53 : locus53 
21 alleles
0.0% missing data
   1   (0.033) 0.009 0.006 0.033 0.009 
   2   (0.065) 0.018 0.153 0.146 0.019 
   3   (0.043) 0.012 0.013 0.166 0.012 
   4   (0.056) 0.016 0.055 0.129 0.016 
   5   (0.052) 0.015 0.047 0.081 0.015 
   6   (0.112) 0.031 0.272 0.210 0.103 
   7   (0.076) 0.022 0.170 0.053 0.057 
   8   (0.035) 0.010 0.006 0.060 0.010 
   9   (0.092) 0.026 0.090 0.052 0.277 
  10   (0.054) 0.015 0.124 0.009 0.051 
  11   (0.042) 0.012 0.007 0.007 0.225 
  12   (0.029) 0.008 0.005 0.005 0.044 
  13   (0.033) 0.009 0.006 0.005 0.081 
  14   (0.035) 0.118 0.006 0.006 0.010 
  15   (0.041) 0.191 0.007 0.007 0.012 
  16   (0.035) 0.082 0.006 0.006 0.010 
  17   (0.040) 0.191 0.007 0.006 0.012 
  18   (0.036) 0.082 0.006 0.006 0.010 
  19   (0.031) 0.044 0.005 0.005 0.009 
  20   (0.032) 0.045 0.005 0.005 0.009 
  21   (0.029) 0.044 0.005 0.005 0.008 

Locus 54 : locus54 
20 alleles
0.0% missing data
   1   (0.054) 0.015 0.046 0.083 0.016 
   2   (0.045) 0.013 0.010 0.314 0.013 
   3   (0.064) 0.018 0.046 0.115 0.018 
   4   (0.073) 0.021 0.114 0.216 0.021 
   5   (0.056) 0.016 0.112 0.045 0.016 
   6   (0.076) 0.021 0.352 0.116 0.022 
   7   (0.038) 0.011 0.087 0.009 0.011 
   8   (0.040) 0.011 0.058 0.011 0.011 
   9   (0.034) 0.009 0.061 0.006 0.010 
  10   (0.032) 0.009 0.033 0.005 0.009 
  11   (0.065) 0.126 0.011 0.011 0.090 
  12   (0.066) 0.054 0.011 0.011 0.233 
  13   (0.069) 0.127 0.011 0.011 0.162 
  14   (0.069) 0.091 0.011 0.011 0.198 
  15   (0.035) 0.010 0.006 0.006 0.045 
  16   (0.036) 0.010 0.006 0.006 0.082 
  17   (0.037) 0.118 0.006 0.006 0.011 
  18   (0.040) 0.155 0.007 0.007 0.012 
  19   (0.039) 0.119 0.006 0.006 0.011 
  20   (0.034) 0.045 0.006 0.006 0.010 

Locus 55 : locus55 
14 alleles
0.0% missing data
   1   (0.076) 0.021 0.125 0.177 0.022 
   2   (0.111) 0.175 0.107 0.152 0.032 
   3   (0.058) 0.016 0.066 0.037 0.017 
   4   (0.146) 0.149 0.185 0.058 0.185 
   5   (0.041) 0.012 0.009 0.116 0.012 
   6   (0.046) 0.013 0.011 0.227 0.013 
   7   (0.082) 0.310 0.020 0.062 0.024 
   8   (0.035) 0.010 0.006 0.034 0.010 
   9   (0.035) 0.010 0.006 0.034 0.010 
  10   (0.088) 0.060 0.015 0.042 0.239 
  11   (0.133) 0.145 0.129 0.026 0.323 
  12   (0.047) 0.013 0.198 0.012 0.014 
  13   (0.043) 0.012 0.114 0.012 0.012 
  14   (0.059) 0.052 0.010 0.010 0.088 

Locus 56 : locus56 
13 alleles
0.0% missing data
   1   (0.124) 0.287 0.028 0.244 0.107 
   2   (0.095) 0.063 0.022 0.153 0.134 
   3   (0.128) 0.108 0.099 0.110 0.144 
   4   (0.090) 0.026 0.054 0.059 0.240 
   5   (0.133) 0.181 0.026 0.249 0.216 
   6   (0.034) 0.009 0.005 0.035 0.010 
   7   (0.073) 0.056 0.012 0.070 0.056 
   8   (0.039) 0.011 0.084 0.009 0.011 
   9   (0.049) 0.014 0.244 0.014 0.014 
  10   (0.041) 0.012 0.113 0.009 0.012 
  11   (0.068) 0.091 0.116 0.015 0.020 
  12   (0.063) 0.054 0.110 0.019 0.018 
  13   (0.065) 0.090 0.087 0.015 0.019 

Locus 57 : locus57 
24 alleles
0.0% missing data
   1   (0.041) 0.012 0.007 0.035 0.048 
   2   (0.051) 0.014 0.014 0.115 0.050 
   3   (0.056) 0.016 0.013 0.090 0.159 
   4   (0.048) 0.013 0.011 0.089 0.085 
   5   (0.049) 0.014 0.012 0.144 0.050 
   6   (0.043) 0.012 0.007 0.035 0.048 
   7   (0.051) 0.015 0.009 0.121 0.050 
   8   (0.035) 0.010 0.010 0.169 0.010 
   9   (0.047) 0.013 0.011 0.089 0.049 
  10   (0.056) 0.016 0.194 0.018 0.051 
  11   (0.067) 0.019 0.258 0.014 0.161 
  12   (0.056) 0.016 0.252 0.015 0.051 
  13   (0.045) 0.013 0.034 0.007 0.085 
  14   (0.044) 0.048 0.035 0.007 0.013 
  15   (0.029) 0.008 0.032 0.005 0.008 
  16   (0.024) 0.007 0.032 0.004 0.007 
  17   (0.042) 0.048 0.034 0.007 0.012 
  18   (0.034) 0.117 0.006 0.006 0.010 
  19   (0.034) 0.225 0.006 0.006 0.010 
  20   (0.027) 0.043 0.005 0.005 0.008 
  21   (0.029) 0.080 0.005 0.005 0.008 
  22   (0.031) 0.080 0.005 0.005 0.009 
  23   (0.029) 0.080 0.005 0.005 0.008 
  24   (0.030) 0.081 0.005 0.005 0.009 

Locus 58 : locus58 
22 alleles
0.0% missing data
   1   (0.058) 0.016 0.010 0.093 0.195 
   2   (0.070) 0.055 0.186 0.059 0.020 
   3   (0.060) 0.017 0.017 0.114 0.088 
   4   (0.078) 0.130 0.017 0.092 0.093 
   5   (0.052) 0.015 0.009 0.064 0.122 
   6   (0.038) 0.011 0.011 0.113 0.011 
   7   (0.034) 0.010 0.009 0.142 0.010 
   8   (0.090) 0.205 0.056 0.056 0.062 
   9   (0.035) 0.010 0.009 0.142 0.010 
  10   (0.041) 0.011 0.007 0.034 0.047 
  11   (0.040) 0.011 0.311 0.010 0.012 
  12   (0.032) 0.009 0.089 0.005 0.009 
  13   (0.057) 0.088 0.083 0.019 0.016 
  14   (0.027) 0.008 0.032 0.004 0.008 
  15   (0.056) 0.123 0.060 0.014 0.016 
  16   (0.031) 0.009 0.033 0.005 0.009 
  17   (0.029) 0.008 0.033 0.005 0.008 
  18   (0.032) 0.009 0.005 0.005 0.080 
  19   (0.049) 0.049 0.008 0.008 0.086 
  20   (0.030) 0.008 0.005 0.005 0.080 
  21   (0.033) 0.152 0.005 0.005 0.009 
  22   (0.029) 0.044 0.005 0.005 0.008 

Locus 59 : locus59 
24 alleles
0.0% missing data
   1   (0.061) 0.017 0.016 0.059 0.160 
   2   (0.046) 0.013 0.008 0.035 0.049 
   3   (0.044) 0.013 0.010 0.224 0.013 
   4   (0.037) 0.010 0.006 0.088 0.011 
   5   (0.040) 0.011 0.014 0.246 0.012 
   6   (0.074) 0.021 0.350 0.150 0.021 
   7   (0.065) 0.018 0.177 0.068 0.019 
   8   (0.044) 0.048 0.007 0.034 0.013 
   9   (0.051) 0.086 0.037 0.008 0.015 
  10   (0.072) 0.236 0.210 0.013 0.021 
  11   (0.032) 0.009 0.062 0.005 0.009 
  12   (0.034) 0.010 0.034 0.005 0.010 
  13   (0.037) 0.011 0.006 0.006 0.153 
  14   (0.040) 0.012 0.007 0.007 0.261 
  15   (0.030) 0.008 0.005 0.005 0.044 
  16   (0.029) 0.008 0.005 0.005 0.044 
  17   (0.028) 0.008 0.005 0.005 0.044 
  18   (0.031) 0.009 0.005 0.005 0.045 
  19   (0.033) 0.081 0.006 0.005 0.010 
  20   (0.036) 0.082 0.006 0.006 0.010 
  21   (0.038) 0.118 0.007 0.006 0.011 
  22   (0.029) 0.044 0.005 0.005 0.008 
  23   (0.036) 0.082 0.006 0.006 0.010 
  24   (0.030) 0.044 0.005 0.005 0.009 

Locus 60 : locus60 
28 alleles
0.0% missing data
   1   (0.046) 0.013 0.043 0.111 0.013 
   2   (0.035) 0.010 0.006 0.061 0.010 
   3   (0.048) 0.014 0.064 0.063 0.014 
   4   (0.034) 0.009 0.008 0.087 0.010 
   5   (0.030) 0.009 0.009 0.113 0.009 
   6   (0.062) 0.018 0.048 0.084 0.054 
   7   (0.049) 0.014 0.010 0.118 0.050 
   8   (0.056) 0.016 0.176 0.177 0.016 
   9   (0.052) 0.015 0.134 0.077 0.015 
  10   (0.032) 0.009 0.089 0.005 0.009 
  11   (0.028) 0.008 0.033 0.005 0.008 
  12   (0.032) 0.009 0.058 0.009 0.009 
  13   (0.030) 0.008 0.058 0.008 0.009 
  14   (0.028) 0.008 0.032 0.005 0.008 
  15   (0.034) 0.010 0.087 0.008 0.010 
  16   (0.034) 0.010 0.058 0.009 0.010 
  17   (0.029) 0.008 0.033 0.005 0.008 
  18   (0.031) 0.009 0.005 0.005 0.080 
  19   (0.032) 0.009 0.005 0.005 0.258 
  20   (0.031) 0.009 0.005 0.005 0.222 
  21   (0.031) 0.009 0.005 0.005 0.116 
  22   (0.033) 0.117 0.005 0.005 0.009 
  23   (0.029) 0.080 0.005 0.005 0.008 
  24   (0.031) 0.188 0.005 0.005 0.009 
  25   (0.032) 0.153 0.005 0.005 0.009 
  26   (0.032) 0.152 0.005 0.005 0.009 
  27   (0.030) 0.044 0.005 0.005 0.009 
  28   (0.028) 0.044 0.005 0.005 0.008 

Locus 61 : locus61 
20 alleles
0.0% missing data
   1   (0.042) 0.048 0.007 0.034 0.012 
   2   (0.137) 0.218 0.262 0.284 0.075 
   3   (0.034) 0.010 0.008 0.085 0.010 
   4   (0.053) 0.015 0.168 0.047 0.015 
   5   (0.086) 0.204 0.043 0.041 0.061 
   6   (0.034) 0.010 0.010 0.110 0.010 
   7   (0.053) 0.015 0.014 0.058 0.086 
   8   (0.046) 0.013 0.008 0.035 0.084 
   9   (0.061) 0.089 0.029 0.101 0.018 
  10   (0.047) 0.013 0.011 0.086 0.049 
  11   (0.085) 0.131 0.160 0.064 0.024 
  12   (0.049) 0.049 0.066 0.008 0.014 
  13   (0.034) 0.010 0.146 0.008 0.010 
  14   (0.049) 0.086 0.037 0.008 0.014 
  15   (0.036) 0.010 0.006 0.006 0.189 
  16   (0.028) 0.008 0.005 0.004 0.044 
  17   (0.034) 0.010 0.006 0.005 0.152 
  18   (0.035) 0.010 0.006 0.005 0.081 
  19   (0.026) 0.008 0.004 0.004 0.043 
  20   (0.030) 0.044 0.005 0.005 0.009 

Locus 62 : locus62 
24 alleles
0.0% missing data
   1   (0.063) 0.018 0.246 0.085 0.018 
   2   (0.033) 0.009 0.006 0.060 0.009 
   3   (0.036) 0.010 0.009 0.085 0.010 
   4   (0.038) 0.011 0.009 0.167 0.011 
   5   (0.037) 0.010 0.010 0.220 0.011 
   6   (0.039) 0.011 0.011 0.056 0.011 
   7   (0.065) 0.018 0.166 0.107 0.019 
   8   (0.035) 0.010 0.010 0.056 0.010 
   9   (0.037) 0.010 0.010 0.056 0.011 
  10   (0.055) 0.015 0.151 0.011 0.051 
  11   (0.064) 0.018 0.093 0.014 0.197 
  12   (0.043) 0.012 0.036 0.007 0.048 
  13   (0.032) 0.009 0.034 0.005 0.009 
  14   (0.043) 0.012 0.117 0.011 0.012 
  15   (0.058) 0.017 0.038 0.009 0.231 
  16   (0.038) 0.011 0.006 0.006 0.082 
  17   (0.032) 0.009 0.005 0.005 0.045 
  18   (0.039) 0.011 0.007 0.006 0.118 
  19   (0.034) 0.010 0.006 0.006 0.045 
  20   (0.031) 0.080 0.005 0.005 0.009 
  21   (0.034) 0.117 0.006 0.005 0.010 
  22   (0.035) 0.189 0.006 0.006 0.010 
  23   (0.043) 0.263 0.007 0.007 0.012 
  24   (0.035) 0.117 0.006 0.006 0.010 

Locus 63 : locus63 
17 alleles
0.0% missing data
   1   (0.078) 0.058 0.018 0.256 0.058 
   2   (0.100) 0.064 0.032 0.139 0.279 
   3   (0.053) 0.159 0.009 0.036 0.015 
   4   (0.054) 0.087 0.009 0.092 0.016 
   5   (0.092) 0.133 0.029 0.084 0.098 
   6   (0.051) 0.086 0.009 0.036 0.015 
   7   (0.095) 0.134 0.101 0.179 0.027 
   8   (0.078) 0.094 0.019 0.062 0.058 
   9   (0.079) 0.022 0.274 0.060 0.058 
  10   (0.030) 0.009 0.033 0.005 0.009 
  11   (0.051) 0.014 0.093 0.008 0.050 
  12   (0.031) 0.009 0.033 0.005 0.009 
  13   (0.042) 0.012 0.284 0.011 0.012 
  14   (0.045) 0.049 0.036 0.007 0.013 
  15   (0.030) 0.009 0.005 0.005 0.044 
  16   (0.054) 0.051 0.009 0.009 0.123 
  17   (0.036) 0.010 0.006 0.006 0.117 

Locus 64 : locus64 
20 alleles
0.0% missing data
   1   (0.083) 0.023 0.021 0.344 0.095 
   2   (0.076) 0.022 0.016 0.205 0.093 
   3   (0.056) 0.016 0.009 0.037 0.088 
   4   (0.061) 0.017 0.013 0.091 0.053 
   5   (0.083) 0.024 0.018 0.178 0.131 
   6   (0.052) 0.015 0.009 0.037 0.050 
   7   (0.051) 0.015 0.307 0.013 0.015 
   8   (0.045) 0.013 0.198 0.010 0.013 
   9   (0.048) 0.014 0.307 0.012 0.014 
  10   (0.034) 0.010 0.033 0.006 0.010 
  11   (0.043) 0.012 0.007 0.007 0.119 
  12   (0.038) 0.011 0.006 0.006 0.082 
  13   (0.040) 0.011 0.007 0.007 0.083 
  14   (0.040) 0.011 0.007 0.007 0.083 
  15   (0.044) 0.120 0.007 0.007 0.013 
  16   (0.045) 0.156 0.007 0.007 0.013 
  17   (0.037) 0.046 0.006 0.006 0.010 
  18   (0.046) 0.228 0.008 0.008 0.013 
  19   (0.042) 0.192 0.007 0.007 0.012 
  20   (0.036) 0.046 0.006 0.006 0.010 

Locus 65 : locus65 
23 alleles
0.0% missing data
   1   (0.038) 0.011 0.011 0.115 0.011 
   2   (0.035) 0.010 0.008 0.089 0.010 
   3   (0.058) 0.016 0.015 0.202 0.052 
   4   (0.030) 0.008 0.005 0.033 0.009 
   5   (0.035) 0.010 0.008 0.089 0.010 
   6   (0.035) 0.010 0.006 0.063 0.010 
   7   (0.046) 0.013 0.010 0.174 0.013 
   8   (0.057) 0.016 0.009 0.038 0.159 
   9   (0.075) 0.021 0.163 0.055 0.057 
  10   (0.033) 0.009 0.005 0.034 0.009 
  11   (0.042) 0.012 0.141 0.011 0.012 
  12   (0.086) 0.024 0.331 0.026 0.167 
  13   (0.062) 0.017 0.092 0.010 0.125 
  14   (0.036) 0.010 0.114 0.008 0.010 
  15   (0.030) 0.009 0.032 0.005 0.009 
  16   (0.040) 0.011 0.007 0.007 0.190 
  17   (0.033) 0.009 0.005 0.006 0.045 
  18   (0.038) 0.011 0.006 0.006 0.046 
  19   (0.045) 0.335 0.007 0.007 0.013 
  20   (0.044) 0.228 0.007 0.007 0.013 
  21   (0.036) 0.118 0.006 0.006 0.010 
  22   (0.032) 0.045 0.005 0.005 0.009 
  23   (0.034) 0.045 0.006 0.006 0.010 

Locus 66 : locus66 
18 alleles
0.0% missing data
   1   (0.048) 0.014 0.013 0.199 0.014 
   2   (0.089) 0.025 0.230 0.271 0.026 
   3   (0.039) 0.011 0.008 0.116 0.011 
   4   (0.041) 0.011 0.009 0.088 0.012 
   5   (0.078) 0.022 0.343 0.100 0.022 
   6   (0.061) 0.017 0.080 0.080 0.018 
   7   (0.034) 0.010 0.006 0.033 0.010 
   8   (0.035) 0.010 0.062 0.006 0.010 
   9   (0.065) 0.054 0.115 0.018 0.019 
  10   (0.057) 0.052 0.060 0.015 0.016 
  11   (0.081) 0.274 0.013 0.013 0.166 
  12   (0.040) 0.011 0.007 0.007 0.119 
  13   (0.067) 0.090 0.011 0.011 0.162 
  14   (0.060) 0.052 0.010 0.010 0.124 
  15   (0.081) 0.202 0.013 0.013 0.166 
  16   (0.052) 0.051 0.009 0.009 0.050 
  17   (0.031) 0.009 0.005 0.005 0.045 
  18   (0.039) 0.083 0.007 0.006 0.011 

Locus 67 : locus67 
18 alleles
0.0% missing data
   1   (0.092) 0.026 0.089 0.136 0.098 
   2   (0.076) 0.021 0.015 0.154 0.236 
   3   (0.037) 0.010 0.007 0.149 0.011 
   4   (0.080) 0.023 0.083 0.054 0.094 
   5   (0.060) 0.017 0.016 0.118 0.053 
   6   (0.078) 0.022 0.052 0.057 0.130 
   7   (0.039) 0.011 0.013 0.085 0.011 
   8   (0.033) 0.009 0.005 0.034 0.009 
   9   (0.030) 0.008 0.005 0.034 0.009 
  10   (0.050) 0.014 0.008 0.037 0.050 
  11   (0.061) 0.017 0.015 0.062 0.089 
  12   (0.045) 0.013 0.300 0.013 0.013 
  13   (0.041) 0.011 0.141 0.008 0.012 
  14   (0.075) 0.165 0.145 0.015 0.022 
  15   (0.039) 0.011 0.079 0.015 0.011 
  16   (0.060) 0.124 0.010 0.010 0.089 
  17   (0.063) 0.341 0.010 0.011 0.053 
  18   (0.041) 0.155 0.007 0.007 0.012 

Locus 68 : locus68 
19 alleles
0.0% missing data
   1   (0.066) 0.019 0.064 0.069 0.055 
   2   (0.081) 0.058 0.015 0.215 0.166 
   3   (0.093) 0.026 0.164 0.143 0.134 
   4   (0.066) 0.019 0.045 0.119 0.055 
   5   (0.083) 0.131 0.092 0.102 0.024 
   6   (0.081) 0.131 0.024 0.146 0.059 
   7   (0.091) 0.062 0.212 0.063 0.062 
   8   (0.052) 0.122 0.008 0.067 0.015 
   9   (0.040) 0.011 0.244 0.012 0.011 
  10   (0.043) 0.048 0.034 0.007 0.012 
  11   (0.034) 0.010 0.055 0.010 0.010 
  12   (0.032) 0.009 0.005 0.005 0.080 
  13   (0.031) 0.009 0.005 0.005 0.080 
  14   (0.031) 0.009 0.005 0.005 0.044 
  15   (0.051) 0.086 0.008 0.009 0.086 
  16   (0.033) 0.009 0.005 0.006 0.081 
  17   (0.032) 0.081 0.005 0.005 0.009 
  18   (0.029) 0.044 0.005 0.005 0.008 
  19   (0.033) 0.117 0.005 0.006 0.009 

Locus 69 : locus69 
21 alleles
0.0% missing data
   1   (0.051) 0.014 0.008 0.036 0.050 
   2   (0.041) 0.012 0.008 0.117 0.012 
   3   (0.050) 0.014 0.013 0.366 0.014 
   4   (0.038) 0.011 0.006 0.062 0.011 
   5   (0.046) 0.013 0.011 0.172 0.013 
   6   (0.067) 0.019 0.017 0.061 0.126 
   7   (0.038) 0.011 0.010 0.058 0.011 
   8   (0.051) 0.014 0.227 0.012 0.015 
   9   (0.041) 0.012 0.088 0.009 0.012 
  10   (0.045) 0.013 0.282 0.011 0.013 
  11   (0.071) 0.020 0.123 0.012 0.127 
  12   (0.059) 0.017 0.038 0.010 0.088 
  13   (0.086) 0.024 0.116 0.023 0.274 
  14   (0.043) 0.012 0.007 0.007 0.155 
  15   (0.041) 0.155 0.007 0.007 0.012 
  16   (0.041) 0.191 0.007 0.007 0.012 
  17   (0.037) 0.046 0.006 0.006 0.011 
  18   (0.037) 0.082 0.006 0.006 0.011 
  19   (0.034) 0.045 0.006 0.005 0.010 
  20   (0.045) 0.156 0.008 0.007 0.013 
  21   (0.038) 0.119 0.006 0.006 0.011 

Locus 70 : locus70 
22 alleles
0.0% missing data
   1   (0.042) 0.012 0.008 0.144 0.012 
   2   (0.043) 0.012 0.011 0.226 0.012 
   3   (0.030) 0.009 0.005 0.033 0.009 
   4   (0.037) 0.010 0.009 0.141 0.011 
   5   (0.044) 0.012 0.012 0.197 0.013 
   6   (0.037) 0.011 0.008 0.115 0.011 
   7   (0.064) 0.018 0.148 0.012 0.090 
   8   (0.066) 0.126 0.061 0.016 0.019 
   9   (0.069) 0.020 0.230 0.017 0.055 
  10   (0.056) 0.016 0.147 0.011 0.052 
  11   (0.041) 0.012 0.254 0.011 0.012 
  12   (0.033) 0.009 0.033 0.005 0.010 
  13   (0.037) 0.010 0.006 0.006 0.082 
  14   (0.033) 0.009 0.006 0.005 0.045 
  15   (0.060) 0.088 0.010 0.010 0.160 
  16   (0.029) 0.008 0.005 0.005 0.044 
  17   (0.072) 0.164 0.012 0.012 0.128 
  18   (0.061) 0.341 0.010 0.010 0.052 
  19   (0.032) 0.009 0.005 0.005 0.081 
  20   (0.048) 0.049 0.008 0.008 0.049 
  21   (0.031) 0.009 0.005 0.005 0.045 
  22   (0.033) 0.045 0.005 0.005 0.010 

Locus 71 : locus71 
25 alleles
0.0% missing data
   1   (0.037) 0.011 0.009 0.251 0.011 
   2   (0.041) 0.012 0.012 0.221 0.012 
   3   (0.050) 0.014 0.036 0.063 0.014 
   4   (0.036) 0.010 0.010 0.057 0.010 
   5   (0.060) 0.017 0.187 0.056 0.017 
   6   (0.031) 0.009 0.005 0.033 0.009 
   7   (0.035) 0.010 0.009 0.086 0.010 
   8   (0.035) 0.010 0.008 0.114 0.010 
   9   (0.066) 0.019 0.288 0.016 0.054 
  10   (0.059) 0.017 0.176 0.013 0.053 
  11   (0.039) 0.011 0.118 0.008 0.011 
  12   (0.050) 0.014 0.036 0.008 0.086 
  13   (0.029) 0.008 0.033 0.005 0.009 
  14   (0.042) 0.012 0.007 0.007 0.226 
  15   (0.035) 0.010 0.006 0.006 0.188 
  16   (0.039) 0.011 0.007 0.006 0.082 
  17   (0.036) 0.010 0.006 0.006 0.082 
  18   (0.036) 0.010 0.006 0.006 0.046 
  19   (0.032) 0.045 0.005 0.005 0.009 
  20   (0.049) 0.372 0.008 0.008 0.014 
  21   (0.035) 0.153 0.006 0.006 0.010 
  22   (0.037) 0.082 0.006 0.006 0.011 
  23   (0.033) 0.045 0.006 0.005 0.009 
  24   (0.029) 0.044 0.005 0.005 0.008 
  25   (0.029) 0.044 0.005 0.005 0.008 

Locus 72 : locus72 
15 alleles
0.0% missing data
   1   (0.110) 0.175 0.062 0.227 0.032 
   2   (0.116) 0.104 0.125 0.306 0.033 
   3   (0.136) 0.074 0.264 0.112 0.110 
   4   (0.105) 0.030 0.346 0.074 0.101 
   5   (0.041) 0.012 0.009 0.089 0.012 
   6   (0.080) 0.166 0.021 0.118 0.023 
   7   (0.072) 0.020 0.090 0.016 0.128 
   8   (0.066) 0.019 0.038 0.011 0.198 
   9   (0.040) 0.011 0.007 0.007 0.118 
  10   (0.043) 0.012 0.007 0.007 0.155 
  11   (0.036) 0.010 0.006 0.006 0.046 
  12   (0.036) 0.046 0.006 0.006 0.010 
  13   (0.043) 0.155 0.007 0.007 0.012 
  14   (0.038) 0.082 0.006 0.006 0.011 
  15   (0.038) 0.082 0.006 0.006 0.011 

Locus 73 : locus73 
16 alleles
0.0% missing data
   1   (0.094) 0.027 0.024 0.283 0.205 
   2   (0.101) 0.065 0.026 0.284 0.100 
   3   (0.077) 0.022 0.342 0.074 0.022 
   4   (0.032) 0.009 0.005 0.033 0.009 
   5   (0.034) 0.010 0.006 0.033 0.010 
   6   (0.057) 0.016 0.010 0.037 0.088 
   7   (0.116) 0.212 0.025 0.096 0.140 
   8   (0.061) 0.161 0.010 0.037 0.018 
   9   (0.067) 0.126 0.018 0.060 0.019 
  10   (0.044) 0.013 0.173 0.010 0.013 
  11   (0.059) 0.052 0.123 0.010 0.017 
  12   (0.042) 0.012 0.118 0.009 0.012 
  13   (0.068) 0.127 0.096 0.011 0.020 
  14   (0.075) 0.128 0.013 0.012 0.200 
  15   (0.035) 0.010 0.006 0.006 0.046 
  16   (0.038) 0.011 0.006 0.006 0.082 

Locus 74 : locus74 
21 alleles
0.0% missing data
   1   (0.048) 0.014 0.014 0.360 0.014 
   2   (0.043) 0.012 0.010 0.169 0.012 
   3   (0.035) 0.010 0.006 0.033 0.010 
   4   (0.037) 0.010 0.006 0.033 0.011 
   5   (0.057) 0.160 0.010 0.036 0.016 
   6   (0.071) 0.020 0.153 0.149 0.020 
   7   (0.043) 0.012 0.010 0.087 0.012 
   8   (0.068) 0.091 0.235 0.014 0.020 
   9   (0.065) 0.018 0.092 0.014 0.126 
  10   (0.041) 0.012 0.171 0.012 0.012 
  11   (0.063) 0.125 0.067 0.010 0.018 
  12   (0.057) 0.052 0.061 0.014 0.016 
  13   (0.064) 0.018 0.062 0.016 0.125 
  14   (0.037) 0.010 0.059 0.009 0.010 
  15   (0.044) 0.013 0.007 0.007 0.191 
  16   (0.048) 0.014 0.008 0.008 0.263 
  17   (0.033) 0.009 0.006 0.005 0.081 
  18   (0.032) 0.045 0.005 0.005 0.009 
  19   (0.038) 0.119 0.006 0.006 0.011 
  20   (0.041) 0.191 0.007 0.007 0.012 
  21   (0.035) 0.046 0.006 0.006 0.010 

Locus 75 : locus75 
16 alleles
0.0% missing data
   1   (0.091) 0.276 0.015 0.099 0.062 
   2   (0.036) 0.010 0.010 0.058 0.010 
   3   (0.128) 0.108 0.063 0.175 0.179 
   4   (0.091) 0.061 0.021 0.233 0.097 
   5   (0.058) 0.160 0.009 0.037 0.017 
   6   (0.096) 0.027 0.072 0.126 0.170 
   7   (0.083) 0.023 0.054 0.057 0.203 
   8   (0.047) 0.049 0.008 0.036 0.014 
   9   (0.059) 0.052 0.017 0.115 0.017 
  10   (0.037) 0.011 0.087 0.009 0.011 
  11   (0.082) 0.167 0.041 0.014 0.095 
  12   (0.037) 0.011 0.115 0.008 0.011 
  13   (0.038) 0.011 0.089 0.006 0.011 
  14   (0.041) 0.012 0.170 0.010 0.012 
  15   (0.040) 0.011 0.223 0.012 0.012 
  16   (0.036) 0.010 0.006 0.006 0.081 

Locus 76 : locus76 
24 alleles
0.0% missing data
   1   (0.057) 0.052 0.012 0.201 0.016 
   2   (0.058) 0.016 0.014 0.060 0.123 
   3   (0.065) 0.090 0.020 0.252 0.019 
   4   (0.051) 0.050 0.008 0.092 0.015 
   5   (0.060) 0.233 0.010 0.037 0.017 
   6   (0.055) 0.051 0.012 0.230 0.016 
   7   (0.036) 0.010 0.170 0.008 0.010 
   8   (0.030) 0.009 0.033 0.005 0.009 
   9   (0.053) 0.050 0.229 0.011 0.015 
  10   (0.038) 0.011 0.138 0.014 0.011 
  11   (0.028) 0.008 0.032 0.005 0.008 
  12   (0.050) 0.086 0.036 0.008 0.014 
  13   (0.063) 0.126 0.173 0.015 0.018 
  14   (0.034) 0.010 0.058 0.009 0.010 
  15   (0.037) 0.010 0.006 0.006 0.153 
  16   (0.032) 0.009 0.005 0.005 0.116 
  17   (0.031) 0.009 0.005 0.005 0.080 
  18   (0.030) 0.009 0.005 0.005 0.044 
  19   (0.033) 0.009 0.006 0.005 0.116 
  20   (0.029) 0.008 0.005 0.005 0.044 
  21   (0.036) 0.010 0.006 0.006 0.081 
  22   (0.030) 0.009 0.005 0.005 0.044 
  23   (0.029) 0.044 0.005 0.005 0.008 
  24   (0.033) 0.081 0.006 0.005 0.010 

Locus 77 : locus77 
22 alleles
0.0% missing data
   1   (0.038) 0.011 0.010 0.142 0.011 
   2   (0.037) 0.011 0.006 0.089 0.011 
   3   (0.034) 0.010 0.006 0.033 0.010 
   4   (0.038) 0.011 0.010 0.058 0.011 
   5   (0.041) 0.012 0.011 0.197 0.012 
   6   (0.076) 0.022 0.018 0.174 0.235 
   7   (0.038) 0.011 0.011 0.112 0.011 
   8   (0.033) 0.009 0.005 0.033 0.009 
   9   (0.031) 0.009 0.005 0.033 0.009 
  10   (0.042) 0.012 0.198 0.011 0.012 
  11   (0.070) 0.092 0.203 0.015 0.020 
  12   (0.061) 0.053 0.148 0.012 0.017 
  13   (0.062) 0.018 0.140 0.019 0.054 
  14   (0.039) 0.011 0.090 0.006 0.011 
  15   (0.034) 0.010 0.034 0.006 0.010 
  16   (0.062) 0.089 0.060 0.016 0.018 
  17   (0.045) 0.013 0.007 0.007 0.262 
  18   (0.037) 0.011 0.006 0.006 0.153 
  19   (0.059) 0.088 0.010 0.010 0.088 
  20   (0.040) 0.155 0.007 0.007 0.012 
  21   (0.036) 0.118 0.006 0.006 0.010 
  22   (0.046) 0.228 0.008 0.008 0.013 

Locus 78 : locus78 
20 alleles
0.0% missing data
   1   (0.068) 0.019 0.018 0.312 0.055 
   2   (0.039) 0.011 0.007 0.090 0.011 
   3   (0.035) 0.010 0.006 0.061 0.010 
   4   (0.076) 0.022 0.019 0.313 0.093 
   5   (0.093) 0.026 0.084 0.085 0.134 
   6   (0.034) 0.010 0.033 0.006 0.010 
   7   (0.033) 0.009 0.033 0.005 0.010 
   8   (0.045) 0.013 0.163 0.018 0.013 
   9   (0.071) 0.020 0.148 0.014 0.091 
  10   (0.043) 0.012 0.171 0.010 0.012 
  11   (0.086) 0.025 0.093 0.019 0.345 
  12   (0.073) 0.021 0.174 0.017 0.128 
  13   (0.035) 0.046 0.006 0.006 0.010 
  14   (0.043) 0.120 0.007 0.007 0.012 
  15   (0.042) 0.191 0.007 0.007 0.012 
  16   (0.039) 0.155 0.007 0.006 0.011 
  17   (0.036) 0.046 0.006 0.006 0.010 
  18   (0.040) 0.155 0.007 0.007 0.012 
  19   (0.033) 0.045 0.006 0.005 0.010 
  20   (0.034) 0.046 0.006 0.006 0.010 

Locus 79 : locus79 
21 alleles
0.0% missing data
   1   (0.051) 0.015 0.011 0.117 0.050 
   2   (0.038) 0.011 0.008 0.116 0.011 
   3   (0.084) 0.095 0.019 0.175 0.095 
   4   (0.038) 0.011 0.010 0.142 0.011 
   5   (0.051) 0.050 0.011 0.089 0.015 
   6   (0.090) 0.277 0.015 0.070 0.133 
   7   (0.038) 0.011 0.011 0.168 0.011 
   8   (0.040) 0.011 0.143 0.010 0.011 
   9   (0.033) 0.009 0.061 0.005 0.009 
  10   (0.063) 0.018 0.115 0.017 0.125 
  11   (0.042) 0.012 0.202 0.008 0.012 
  12   (0.051) 0.014 0.036 0.008 0.086 
  13   (0.060) 0.017 0.226 0.017 0.052 
  14   (0.048) 0.013 0.036 0.008 0.049 
  15   (0.054) 0.015 0.059 0.014 0.087 
  16   (0.035) 0.010 0.006 0.006 0.117 
  17   (0.030) 0.009 0.005 0.005 0.044 
  18   (0.060) 0.232 0.010 0.010 0.053 
  19   (0.033) 0.081 0.006 0.005 0.010 
  20   (0.032) 0.045 0.005 0.005 0.009 
  21   (0.028) 0.044 0.005 0.005 0.008 

Locus 80 : locus80 
17 alleles
0.0% missing data
   1   (0.062) 0.017 0.088 0.128 0.018 
   2   (0.072) 0.056 0.067 0.068 0.021 
   3   (0.085) 0.060 0.126 0.126 0.024 
   4   (0.060) 0.017 0.048 0.195 0.017 
   5   (0.060) 0.017 0.164 0.050 0.017 
   6   (0.120) 0.142 0.245 0.295 0.034 
   7   (0.050) 0.014 0.049 0.051 0.014 
   8   (0.064) 0.126 0.090 0.014 0.018 
   9   (0.036) 0.010 0.058 0.010 0.010 
  10   (0.056) 0.051 0.009 0.009 0.123 
  11   (0.063) 0.054 0.011 0.010 0.267 
  12   (0.038) 0.011 0.006 0.006 0.118 
  13   (0.054) 0.051 0.009 0.009 0.087 
  14   (0.057) 0.052 0.009 0.009 0.123 
  15   (0.051) 0.050 0.008 0.008 0.086 
  16   (0.036) 0.154 0.006 0.006 0.010 
  17   (0.037) 0.118 0.006 0.006 0.011 

Locus 81 : locus81 
17 alleles
0.0% missing data
   1   (0.060) 0.017 0.041 0.352 0.017 
   2   (0.032) 0.009 0.005 0.034 0.009 
   3   (0.042) 0.012 0.013 0.145 0.012 
   4   (0.087) 0.060 0.094 0.188 0.025 
   5   (0.052) 0.015 0.049 0.051 0.015 
   6   (0.050) 0.086 0.008 0.037 0.014 
   7   (0.071) 0.020 0.081 0.052 0.056 
   8   (0.073) 0.057 0.089 0.017 0.057 
   9   (0.145) 0.149 0.267 0.051 0.362 
  10   (0.068) 0.019 0.196 0.016 0.091 
  11   (0.096) 0.171 0.042 0.016 0.242 
  12   (0.038) 0.011 0.085 0.009 0.011 
  13   (0.051) 0.086 0.008 0.009 0.050 
  14   (0.032) 0.045 0.005 0.005 0.009 
  15   (0.037) 0.118 0.006 0.006 0.011 
  16   (0.034) 0.081 0.006 0.006 0.010 
  17   (0.032) 0.045 0.005 0.006 0.009 

Locus 82 : locus82 
13 alleles
0.0% missing data
   1   (0.070) 0.020 0.055 0.306 0.020 
   2   (0.095) 0.099 0.056 0.172 0.028 
   3   (0.040) 0.011 0.010 0.059 0.011 
   4   (0.172) 0.084 0.222 0.138 0.370 
   5   (0.066) 0.019 0.116 0.072 0.019 
   6   (0.039) 0.011 0.006 0.063 0.011 
   7   (0.036) 0.010 0.006 0.034 0.010 
   8   (0.062) 0.018 0.082 0.049 0.018 
   9   (0.135) 0.181 0.049 0.050 0.288 
  10   (0.130) 0.323 0.211 0.024 0.108 
  11   (0.047) 0.013 0.167 0.014 0.014 
  12   (0.069) 0.127 0.011 0.011 0.091 
  13   (0.039) 0.083 0.006 0.007 0.011 

Locus 83 : locus83 
18 alleles
0.0% missing data
   1   (0.044) 0.012 0.016 0.082 0.013 
   2   (0.041) 0.012 0.009 0.088 0.012 
   3   (0.044) 0.012 0.009 0.230 0.013 
   4   (0.047) 0.013 0.011 0.257 0.013 
   5   (0.042) 0.012 0.009 0.117 0.012 
   6   (0.039) 0.011 0.010 0.058 0.011 
   7   (0.034) 0.010 0.006 0.034 0.010 
   8   (0.123) 0.107 0.290 0.027 0.178 
   9   (0.073) 0.056 0.390 0.022 0.021 
  10   (0.101) 0.208 0.127 0.017 0.064 
  11   (0.073) 0.093 0.040 0.012 0.056 
  12   (0.065) 0.019 0.037 0.011 0.197 
  13   (0.068) 0.055 0.011 0.011 0.234 
  14   (0.039) 0.011 0.006 0.006 0.082 
  15   (0.050) 0.050 0.008 0.008 0.050 
  16   (0.040) 0.083 0.007 0.007 0.012 
  17   (0.043) 0.191 0.007 0.007 0.012 
  18   (0.034) 0.046 0.006 0.006 0.010 

Locus 84 : locus84 
18 alleles
0.0% missing data
   1   (0.149) 0.221 0.128 0.255 0.185 
   2   (0.075) 0.129 0.013 0.068 0.056 
   3   (0.063) 0.018 0.023 0.219 0.054 
   4   (0.058) 0.016 0.010 0.037 0.231 
   5   (0.083) 0.024 0.131 0.092 0.095 
   6   (0.036) 0.010 0.008 0.087 0.010 
   7   (0.058) 0.016 0.015 0.060 0.088 
   8   (0.031) 0.009 0.005 0.033 0.009 
   9   (0.085) 0.239 0.070 0.069 0.025 
  10   (0.060) 0.017 0.123 0.010 0.089 
  11   (0.036) 0.010 0.088 0.008 0.010 
  12   (0.041) 0.011 0.173 0.009 0.012 
  13   (0.062) 0.089 0.107 0.025 0.018 
  14   (0.031) 0.009 0.033 0.005 0.009 
  15   (0.033) 0.009 0.058 0.009 0.010 
  16   (0.030) 0.009 0.005 0.005 0.044 
  17   (0.032) 0.009 0.005 0.005 0.045 
  18   (0.036) 0.153 0.006 0.006 0.010 

Locus 85 : locus85 
22 alleles
0.0% missing data
   1   (0.032) 0.009 0.005 0.033 0.009 
   2   (0.056) 0.016 0.016 0.114 0.051 
   3   (0.042) 0.012 0.009 0.199 0.012 
   4   (0.040) 0.011 0.011 0.252 0.012 
   5   (0.039) 0.011 0.009 0.087 0.011 
   6   (0.032) 0.009 0.005 0.033 0.009 
   7   (0.031) 0.009 0.005 0.061 0.009 
   8   (0.037) 0.010 0.010 0.058 0.011 
   9   (0.054) 0.015 0.009 0.036 0.122 
  10   (0.066) 0.126 0.091 0.014 0.019 
  11   (0.067) 0.019 0.146 0.016 0.090 
  12   (0.063) 0.161 0.120 0.013 0.018 
  13   (0.069) 0.020 0.116 0.019 0.163 
  14   (0.038) 0.011 0.117 0.008 0.011 
  15   (0.067) 0.090 0.258 0.016 0.019 
  16   (0.058) 0.016 0.037 0.009 0.159 
  17   (0.032) 0.009 0.005 0.005 0.045 
  18   (0.040) 0.011 0.007 0.007 0.189 
  19   (0.037) 0.225 0.006 0.006 0.011 
  20   (0.031) 0.044 0.005 0.005 0.009 
  21   (0.035) 0.118 0.006 0.006 0.010 
  22   (0.031) 0.045 0.005 0.005 0.009 

Locus 86 : locus86 
20 alleles
0.0% missing data
   1   (0.049) 0.014 0.014 0.412 0.014 
   2   (0.039) 0.011 0.009 0.086 0.011 
   3   (0.040) 0.011 0.008 0.251 0.011 
   4   (0.032) 0.009 0.005 0.032 0.009 
   5   (0.032) 0.009 0.005 0.032 0.009 
   6   (0.030) 0.008 0.005 0.032 0.009 
   7   (0.064) 0.054 0.039 0.010 0.054 
   8   (0.080) 0.130 0.376 0.019 0.023 
   9   (0.090) 0.133 0.065 0.021 0.097 
  10   (0.051) 0.050 0.065 0.008 0.015 
  11   (0.040) 0.011 0.060 0.010 0.012 
  12   (0.034) 0.010 0.059 0.009 0.010 
  13   (0.123) 0.214 0.154 0.028 0.213 
  14   (0.043) 0.012 0.036 0.007 0.048 
  15   (0.061) 0.196 0.067 0.010 0.018 
  16   (0.040) 0.011 0.007 0.006 0.225 
  17   (0.035) 0.010 0.006 0.006 0.081 
  18   (0.032) 0.009 0.005 0.005 0.045 
  19   (0.052) 0.087 0.009 0.008 0.051 
  20   (0.033) 0.009 0.006 0.005 0.045 

Locus 87 : locus87 
21 alleles
0.0% missing data
   1   (0.069) 0.020 0.134 0.139 0.020 
   2   (0.072) 0.020 0.222 0.104 0.021 
   3   (0.066) 0.054 0.015 0.263 0.019 
   4   (0.041) 0.011 0.010 0.060 0.012 
   5   (0.042) 0.012 0.009 0.204 0.012 
   6   (0.034) 0.010 0.006 0.034 0.010 
   7   (0.057) 0.160 0.009 0.038 0.016 
   8   (0.061) 0.017 0.182 0.058 0.018 
   9   (0.047) 0.013 0.222 0.012 0.013 
  10   (0.042) 0.012 0.114 0.009 0.012 
  11   (0.047) 0.013 0.008 0.008 0.227 
  12   (0.069) 0.091 0.011 0.012 0.234 
  13   (0.041) 0.011 0.007 0.007 0.119 
  14   (0.039) 0.011 0.006 0.006 0.154 
  15   (0.049) 0.050 0.008 0.008 0.050 
  16   (0.036) 0.082 0.006 0.006 0.010 
  17   (0.043) 0.156 0.007 0.007 0.012 
  18   (0.036) 0.046 0.006 0.006 0.010 
  19   (0.036) 0.082 0.006 0.006 0.010 
  20   (0.037) 0.082 0.006 0.006 0.011 
  21   (0.036) 0.046 0.006 0.006 0.010 

Locus 88 : locus88 
26 alleles
0.0% missing data
   1   (0.063) 0.018 0.214 0.140 0.018 
   2   (0.034) 0.010 0.013 0.079 0.010 
   3   (0.032) 0.009 0.005 0.114 0.009 
   4   (0.034) 0.010 0.008 0.085 0.010 
   5   (0.034) 0.010 0.007 0.140 0.010 
   6   (0.056) 0.016 0.061 0.232 0.016 
   7   (0.032) 0.009 0.008 0.085 0.009 
   8   (0.062) 0.018 0.179 0.014 0.125 
   9   (0.029) 0.008 0.062 0.005 0.008 
  10   (0.066) 0.019 0.097 0.011 0.376 
  11   (0.051) 0.014 0.124 0.008 0.050 
  12   (0.051) 0.014 0.061 0.013 0.050 
  13   (0.049) 0.014 0.037 0.008 0.086 
  14   (0.032) 0.009 0.059 0.008 0.009 
  15   (0.034) 0.010 0.006 0.005 0.116 
  16   (0.033) 0.081 0.006 0.005 0.010 
  17   (0.034) 0.153 0.006 0.005 0.010 
  18   (0.030) 0.044 0.005 0.005 0.009 
  19   (0.032) 0.045 0.006 0.005 0.009 
  20   (0.028) 0.044 0.005 0.004 0.008 
  21   (0.033) 0.081 0.006 0.005 0.010 
  22   (0.031) 0.080 0.005 0.005 0.009 
  23   (0.034) 0.117 0.006 0.005 0.010 
  24   (0.028) 0.044 0.005 0.004 0.008 
  25   (0.031) 0.081 0.005 0.005 0.009 
  26   (0.027) 0.044 0.005 0.004 0.008 

Locus 89 : locus89 
17 alleles
0.0% missing data
   1   (0.084) 0.131 0.053 0.173 0.024 
   2   (0.035) 0.010 0.006 0.092 0.010 
   3   (0.082) 0.131 0.045 0.180 0.024 
   4   (0.034) 0.010 0.009 0.059 0.010 
   5   (0.102) 0.065 0.073 0.128 0.101 
   6   (0.030) 0.009 0.005 0.034 0.009 
   7   (0.078) 0.022 0.070 0.180 0.058 
   8   (0.029) 0.008 0.005 0.033 0.009 
   9   (0.054) 0.015 0.144 0.011 0.051 
  10   (0.069) 0.020 0.146 0.014 0.198 
  11   (0.108) 0.138 0.159 0.040 0.138 
  12   (0.079) 0.058 0.224 0.020 0.058 
  13   (0.032) 0.009 0.032 0.005 0.009 
  14   (0.046) 0.049 0.007 0.008 0.049 
  15   (0.038) 0.011 0.006 0.006 0.117 
  16   (0.062) 0.125 0.010 0.010 0.125 
  17   (0.037) 0.190 0.006 0.006 0.011 

Locus 90 : locus90 
25 alleles
0.0% missing data
   1   (0.031) 0.009 0.005 0.033 0.009 
   2   (0.031) 0.009 0.005 0.061 0.009 
   3   (0.041) 0.012 0.010 0.228 0.012 
   4   (0.064) 0.198 0.021 0.083 0.018 
   5   (0.059) 0.017 0.180 0.144 0.017 
   6   (0.058) 0.052 0.014 0.145 0.017 
   7   (0.047) 0.013 0.035 0.036 0.014 
   8   (0.034) 0.010 0.006 0.062 0.010 
   9   (0.050) 0.014 0.056 0.100 0.014 
  10   (0.038) 0.011 0.168 0.011 0.011 
  11   (0.035) 0.010 0.089 0.006 0.010 
  12   (0.039) 0.011 0.196 0.011 0.011 
  13   (0.038) 0.011 0.087 0.009 0.011 
  14   (0.031) 0.009 0.033 0.005 0.009 
  15   (0.030) 0.009 0.033 0.005 0.009 
  16   (0.036) 0.010 0.006 0.006 0.117 
  17   (0.039) 0.011 0.006 0.006 0.154 
  18   (0.038) 0.011 0.006 0.006 0.153 
  19   (0.058) 0.088 0.010 0.009 0.195 
  20   (0.033) 0.009 0.005 0.005 0.081 
  21   (0.032) 0.009 0.005 0.005 0.080 
  22   (0.040) 0.155 0.007 0.007 0.011 
  23   (0.038) 0.190 0.006 0.006 0.011 
  24   (0.033) 0.081 0.005 0.005 0.009 
  25   (0.029) 0.044 0.005 0.005 0.008 

Locus 91 : locus91 
19 alleles
0.0% missing data
   1   (0.041) 0.012 0.011 0.058 0.012 
   2   (0.056) 0.016 0.012 0.396 0.016 
   3   (0.066) 0.019 0.011 0.038 0.197 
   4   (0.072) 0.020 0.012 0.039 0.163 
   5   (0.051) 0.014 0.015 0.168 0.015 
   6   (0.048) 0.013 0.011 0.172 0.014 
   7   (0.052) 0.015 0.199 0.014 0.015 
   8   (0.078) 0.094 0.175 0.018 0.023 
   9   (0.049) 0.014 0.172 0.011 0.014 
  10   (0.042) 0.012 0.063 0.007 0.012 
  11   (0.071) 0.055 0.229 0.017 0.020 
  12   (0.036) 0.010 0.034 0.006 0.010 
  13   (0.051) 0.014 0.009 0.008 0.229 
  14   (0.044) 0.013 0.007 0.007 0.084 
  15   (0.037) 0.010 0.006 0.006 0.082 
  16   (0.066) 0.126 0.011 0.011 0.054 
  17   (0.049) 0.229 0.008 0.008 0.014 
  18   (0.048) 0.193 0.008 0.008 0.014 
  19   (0.043) 0.119 0.007 0.007 0.012 

Locus 92 : locus92 
18 alleles
0.0% missing data
   1   (0.074) 0.021 0.071 0.120 0.057 
   2   (0.092) 0.061 0.021 0.177 0.169 
   3   (0.049) 0.014 0.063 0.063 0.014 
   4   (0.062) 0.018 0.010 0.122 0.125 
   5   (0.086) 0.024 0.231 0.104 0.060 
   6   (0.076) 0.021 0.067 0.208 0.057 
   7   (0.054) 0.015 0.143 0.043 0.016 
   8   (0.100) 0.208 0.024 0.064 0.171 
   9   (0.053) 0.015 0.009 0.036 0.122 
  10   (0.035) 0.010 0.058 0.009 0.010 
  11   (0.042) 0.012 0.201 0.009 0.012 
  12   (0.034) 0.010 0.062 0.005 0.010 
  13   (0.060) 0.161 0.010 0.010 0.088 
  14   (0.051) 0.086 0.008 0.008 0.050 
  15   (0.035) 0.117 0.006 0.006 0.010 
  16   (0.034) 0.081 0.006 0.006 0.010 
  17   (0.032) 0.081 0.005 0.005 0.009 
  18   (0.031) 0.045 0.005 0.005 0.009 

Locus 93 : locus93 
17 alleles
0.0% missing data
   1   (0.098) 0.100 0.064 0.250 0.028 
   2   (0.064) 0.018 0.051 0.167 0.018 
   3   (0.094) 0.062 0.132 0.178 0.027 
   4   (0.106) 0.102 0.136 0.178 0.031 
   5   (0.036) 0.010 0.006 0.063 0.010 
   6   (0.114) 0.247 0.218 0.067 0.033 
   7   (0.071) 0.055 0.253 0.017 0.020 
   8   (0.060) 0.053 0.081 0.021 0.017 
   9   (0.037) 0.011 0.006 0.006 0.046 
  10   (0.044) 0.012 0.007 0.007 0.191 
  11   (0.034) 0.010 0.006 0.006 0.045 
  12   (0.034) 0.010 0.006 0.006 0.045 
  13   (0.049) 0.014 0.008 0.008 0.335 
  14   (0.038) 0.011 0.006 0.006 0.082 
  15   (0.036) 0.010 0.006 0.006 0.046 
  16   (0.045) 0.156 0.007 0.007 0.013 
  17   (0.041) 0.119 0.007 0.007 0.012 

Locus 94 : locus94 
20 alleles
0.0% missing data
   1   (0.039) 0.011 0.008 0.115 0.011 
   2   (0.047) 0.013 0.012 0.335 0.013 
   3   (0.035) 0.010 0.006 0.033 0.010 
   4   (0.047) 0.049 0.008 0.035 0.014 
   5   (0.043) 0.012 0.010 0.170 0.012 
   6   (0.032) 0.009 0.005 0.033 0.009 
   7   (0.037) 0.011 0.008 0.087 0.011 
   8   (0.035) 0.010 0.009 0.057 0.010 
   9   (0.054) 0.051 0.090 0.012 0.016 
  10   (0.077) 0.165 0.173 0.020 0.022 
  11   (0.099) 0.064 0.431 0.023 0.099 
  12   (0.136) 0.361 0.100 0.028 0.324 
  13   (0.063) 0.018 0.067 0.010 0.125 
  14   (0.055) 0.088 0.037 0.009 0.016 
  15   (0.043) 0.012 0.007 0.007 0.155 
  16   (0.030) 0.008 0.005 0.005 0.044 
  17   (0.034) 0.010 0.006 0.006 0.045 
  18   (0.034) 0.010 0.006 0.005 0.045 
  19   (0.033) 0.045 0.005 0.005 0.010 
  20   (0.029) 0.044 0.005 0.005 0.008 

Locus 95 : locus95 
21 alleles
0.0% missing data
   1   (0.077) 0.022 0.264 0.262 0.022 
   2   (0.074) 0.021 0.156 0.340 0.021 
   3   (0.031) 0.009 0.005 0.033 0.009 
   4   (0.058) 0.016 0.053 0.132 0.017 
   5   (0.061) 0.017 0.154 0.061 0.018 
   6   (0.033) 0.009 0.006 0.033 0.010 
   7   (0.049) 0.014 0.036 0.036 0.014 
   8   (0.032) 0.009 0.062 0.005 0.009 
   9   (0.040) 0.011 0.172 0.009 0.012 
  10   (0.065) 0.090 0.011 0.011 0.197 
  11   (0.067) 0.091 0.011 0.011 0.197 
  12   (0.053) 0.051 0.009 0.009 0.122 
  13   (0.058) 0.088 0.010 0.009 0.123 
  14   (0.052) 0.086 0.009 0.009 0.050 
  15   (0.034) 0.010 0.006 0.006 0.081 
  16   (0.045) 0.049 0.008 0.007 0.049 
  17   (0.032) 0.045 0.005 0.005 0.009 
  18   (0.037) 0.082 0.006 0.006 0.011 
  19   (0.038) 0.154 0.006 0.006 0.011 
  20   (0.033) 0.081 0.006 0.005 0.010 
  21   (0.030) 0.044 0.005 0.005 0.009 

Locus 96 : locus96 
15 alleles
0.0% missing data
   1   (0.106) 0.174 0.214 0.071 0.031 
   2   (0.071) 0.020 0.015 0.120 0.128 
   3   (0.095) 0.063 0.422 0.056 0.028 
   4   (0.085) 0.024 0.052 0.087 0.096 
   5   (0.094) 0.027 0.060 0.305 0.063 
   6   (0.115) 0.068 0.104 0.184 0.069 
   7   (0.068) 0.270 0.011 0.038 0.019 
   8   (0.063) 0.018 0.021 0.083 0.053 
   9   (0.069) 0.127 0.061 0.017 0.020 
  10   (0.048) 0.013 0.008 0.008 0.263 
  11   (0.038) 0.011 0.006 0.006 0.082 
  12   (0.039) 0.011 0.006 0.006 0.082 
  13   (0.034) 0.010 0.006 0.006 0.045 
  14   (0.034) 0.046 0.006 0.006 0.010 
  15   (0.040) 0.119 0.007 0.007 0.012 

Locus 97 : locus97 
22 alleles
0.0% missing data
   1   (0.031) 0.009 0.005 0.034 0.009 
   2   (0.075) 0.128 0.012 0.098 0.057 
   3   (0.095) 0.242 0.022 0.065 0.134 
   4   (0.091) 0.170 0.027 0.087 0.097 
   5   (0.073) 0.021 0.016 0.178 0.199 
   6   (0.039) 0.011 0.011 0.285 0.011 
   7   (0.053) 0.087 0.009 0.065 0.015 
   8   (0.050) 0.014 0.008 0.036 0.086 
   9   (0.032) 0.009 0.005 0.034 0.009 
  10   (0.045) 0.013 0.007 0.036 0.049 
  11   (0.031) 0.009 0.032 0.005 0.009 
  12   (0.042) 0.012 0.275 0.013 0.012 
  13   (0.036) 0.010 0.088 0.006 0.010 
  14   (0.034) 0.010 0.060 0.006 0.010 
  15   (0.041) 0.012 0.194 0.011 0.012 
  16   (0.031) 0.009 0.032 0.005 0.009 
  17   (0.035) 0.010 0.139 0.009 0.010 
  18   (0.028) 0.008 0.032 0.005 0.008 
  19   (0.033) 0.009 0.005 0.006 0.045 
  20   (0.037) 0.010 0.006 0.006 0.189 
  21   (0.037) 0.154 0.006 0.006 0.011 
  22   (0.031) 0.045 0.005 0.005 0.009 

Locus 98 : locus98 
12 alleles
0.0% missing data
   1   (0.095) 0.027 0.149 0.050 0.241 
   2   (0.099) 0.136 0.137 0.174 0.029 
   3   (0.096) 0.099 0.138 0.172 0.028 
   4   (0.091) 0.097 0.043 0.070 0.062 
   5   (0.125) 0.071 0.128 0.218 0.143 
   6   (0.133) 0.145 0.162 0.159 0.109 
   7   (0.099) 0.064 0.059 0.057 0.171 
   8   (0.065) 0.162 0.017 0.060 0.019 
   9   (0.063) 0.018 0.116 0.017 0.089 
  10   (0.068) 0.091 0.039 0.011 0.055 
  11   (0.032) 0.009 0.005 0.005 0.045 
  12   (0.035) 0.082 0.006 0.006 0.010 

Locus 99 : locus99 
26 alleles
0.0% missing data
   1   (0.054) 0.051 0.011 0.119 0.016 
   2   (0.061) 0.017 0.017 0.284 0.053 
   3   (0.053) 0.051 0.014 0.115 0.015 
   4   (0.055) 0.016 0.009 0.065 0.159 
   5   (0.051) 0.050 0.011 0.202 0.015 
   6   (0.032) 0.009 0.005 0.033 0.009 
   7   (0.029) 0.008 0.005 0.033 0.008 
   8   (0.043) 0.012 0.007 0.035 0.048 
   9   (0.045) 0.013 0.389 0.012 0.013 
  10   (0.038) 0.011 0.089 0.006 0.011 
  11   (0.038) 0.011 0.252 0.009 0.011 
  12   (0.037) 0.010 0.086 0.008 0.011 
  13   (0.044) 0.048 0.035 0.007 0.013 
  14   (0.037) 0.011 0.006 0.006 0.189 
  15   (0.034) 0.010 0.006 0.006 0.045 
  16   (0.029) 0.008 0.005 0.005 0.044 
  17   (0.041) 0.012 0.007 0.007 0.190 
  18   (0.033) 0.009 0.005 0.005 0.045 
  19   (0.030) 0.008 0.005 0.005 0.044 
  20   (0.030) 0.044 0.005 0.005 0.009 
  21   (0.036) 0.297 0.006 0.006 0.010 
  22   (0.028) 0.044 0.005 0.005 0.008 
  23   (0.029) 0.044 0.005 0.005 0.008 
  24   (0.032) 0.117 0.005 0.005 0.009 
  25   (0.031) 0.044 0.005 0.005 0.009 
  26   (0.029) 0.044 0.005 0.005 0.008 

Locus 100 : locus100 
18 alleles
0.0% missing data
   1   (0.040) 0.011 0.008 0.144 0.011 
   2   (0.043) 0.012 0.011 0.226 0.012 
   3   (0.092) 0.169 0.119 0.051 0.027 
   4   (0.045) 0.013 0.011 0.309 0.013 
   5   (0.038) 0.011 0.009 0.087 0.011 
   6   (0.076) 0.130 0.040 0.040 0.022 
   7   (0.072) 0.020 0.068 0.012 0.234 
   8   (0.079) 0.022 0.140 0.025 0.201 
   9   (0.065) 0.126 0.061 0.016 0.019 
  10   (0.075) 0.200 0.121 0.015 0.022 
  11   (0.062) 0.054 0.115 0.017 0.018 
  12   (0.074) 0.128 0.201 0.019 0.021 
  13   (0.048) 0.049 0.036 0.008 0.014 
  14   (0.050) 0.014 0.036 0.008 0.050 
  15   (0.039) 0.011 0.007 0.006 0.154 
  16   (0.032) 0.009 0.005 0.005 0.045 
  17   (0.036) 0.010 0.006 0.006 0.081 
  18   (0.034) 0.010 0.006 0.005 0.045 

Values of parameters used in structure:
DATAFILE=parentandhybrid5.str,	OUTFILE=parentandhybrid4Deme_3,	NUMINDS=50,	NUMLOCI=100,	MISSING=0,	LABEL=1,	POPDATA=0,	POPFLAG=0,	PHENOTYPE=0,	EXTRACOLS=0,	MAXPOPS=4,	BURNIN=200000,	NUMREPS=200000,	USEPOPINFO=0,	INFERALPHA=1,	INFERLAMBDA=0,	POPSPECIFICLAMBDA=0,	POPALPHAS=0,	COMPUTEPROB=1,	NOADMIX=0,	ADMBURNIN=500,	UPDATEFREQ=100,	PRINTLIKES=0,	INTERMEDSAVE=0,	PRINTKLD=0,	PRINTNET=1,	PRINTLAMBDA=1,	ANCESTDIST=0,	NUMBOXES=1000,	ANCESTPINT=0.90000,	GENSBACK=2,	MIGRPRIOR=0.01000,	PRINTQHAT=0,	PRINTQSUM=1,	ALPHA=1.0000,	FREQSCORR=1,	FPRIORMEAN=0.0100,	FPRIORSD=0.0500,	ONEFST=0,	LAMBDA=1.0000,	UNIFPRIORALPHA=1,	ALPHAMAX=10.0000,	ALPHAPRIORA=1.0000,	ALPHAPRIORB=2.0000,	ALPHAPROPSD=0.0250,	STARTATPOPINFO=0,	RANDOMIZE=1,	LINKAGE=0,	METROFREQ=10,	REPORTHITRATE=0,	MARKOVPHASE=0,	PHASED=0,	PLOIDY=2,	PHASEINFO=0	LOCPRIOR=0, 	LOCPRIORINIT=1.000000, 	LOCDATA=0, 	LOCISPOP=0, 	LOCPRIORSTEP=0.100000, 	MAXLOCPRIOR=20.000000, 	SEED=1658869899,	
[STRAT parameters]:    NUMSIMSTATS=1000,	PHENOTYPECOL=-9,	POOLFREQ=10,	LOCUSxONLY=0,	EMERROR=0.00100,	MISSINGPHENO=-9,	