	locus1	locus2	locus3	locus4	locus5	locus6	locus7	locus8	locus9	locus10	locus11	locus12	locus13	locus14	locus15	locus16	locus17	locus18	locus19	locus20	locus21	locus22	locus23	locus24	locus25	locus26	locus27	locus28	locus29	locus30	locus31	locus32	locus33	locus34	locus35	locus36	locus37	locus38	locus39	locus40	locus41	locus42	locus43	locus44	locus45	locus46	locus47	locus48	locus49	locus50	locus51	locus52	locus53	locus54	locus55	locus56	locus57	locus58	locus59	locus60	locus61	locus62	locus63	locus64	locus65	locus66	locus67	locus68	locus69	locus70	locus71	locus72	locus73	locus74	locus75	locus76	locus77	locus78	locus79	locus80	locus81	locus82	locus83	locus84	locus85	locus86	locus87	locus88	locus89	locus90	locus91	locus92	locus93	locus94	locus95	locus96	locus97	locus98	locus99	locus100
1	1	1	1	1	1	1	1	1	1	1	1	1	1	1	1	1	1	1	1	1	1	1	1	1	1	1	1	1	1	1	1	1	1	1	1	1	1	1	1	1	1	1	1	1	1	1	1	1	1	1	1	1	1	1	1	1	1	1	1	1	1	1	1	1	1	1	1	1	1	1	1	1	1	1	1	1	1	1	1	1	1	1	1	1	1	1	1	1	1	1	1	1	1	1	1	1	1	1	1	1
1	2	2	1	2	2	2	1	2	2	2	2	1	1	2	2	2	1	2	2	2	2	2	2	2	2	2	2	1	2	2	2	2	2	2	2	2	2	2	2	1	2	2	1	2	2	2	1	1	2	1	2	2	2	2	2	2	2	2	2	2	2	1	1	1	2	1	2	1	2	2	2	2	2	2	1	1	2	2	2	2	2	1	2	1	2	2	2	2	1	2	1	1	1	1	1	1	1	1	1	2
2	1	1	1	1	2	3	2	3	1	2	3	2	2	3	1	1	1	3	1	3	1	1	1	1	1	1	1	1	1	1	1	1	1	2	3	3	1	3	3	1	3	3	2	3	3	3	2	2	3	1	1	3	1	1	1	3	2	3	3	1	3	2	1	2	1	1	3	2	1	3	1	3	3	3	1	2	2	1	1	3	3	2	3	2	3	3	1	3	2	3	2	1	2	2	2	2	2	2	2	3
2	3	3	2	2	3	3	3	4	3	3	4	3	3	4	1	1	2	4	3	4	1	1	3	3	3	1	2	1	3	3	3	3	3	3	4	4	3	4	3	2	4	4	3	4	4	4	2	3	4	2	3	4	3	3	3	4	3	4	4	3	4	3	2	3	2	2	4	3	3	4	2	3	3	4	2	2	3	3	2	3	3	3	4	3	4	4	3	4	3	4	3	2	3	3	3	3	3	3	3	4
3	4	1	1	2	4	1	1	2	4	4	5	4	3	2	3	3	3	5	4	5	3	1	4	4	1	1	3	1	4	2	4	1	1	2	1	4	1	5	1	1	1	1	1	1	5	1	1	1	1	1	4	1	4	4	3	5	2	5	2	4	5	4	1	4	3	1	1	1	4	5	2	4	2	3	3	1	3	1	1	2	2	4	5	4	1	5	2	5	1	5	2	1	2	4	2	3	2	4	4	3
3	5	2	1	3	5	3	3	5	5	4	6	5	4	2	4	4	4	5	4	5	3	2	5	5	2	3	3	1	4	2	5	4	3	4	5	5	2	6	1	3	5	4	2	3	6	5	2	4	4	1	5	5	5	5	4	6	4	6	4	4	5	5	1	4	3	1	1	1	4	5	3	5	3	4	3	2	4	3	3	2	4	5	6	5	1	5	4	6	2	6	4	3	4	4	4	4	4	5	5	5
4	1	1	1	2	6	2	1	1	1	2	4	2	1	3	4	1	5	4	3	1	1	3	5	6	4	4	2	2	1	4	1	1	1	1	6	2	1	2	1	1	3	3	4	5	7	5	3	1	5	3	6	6	3	6	1	6	3	7	1	5	6	2	1	4	2	1	3	4	1	6	3	2	1	1	1	1	2	1	1	1	4	5	6	5	5	1	4	6	1	6	5	4	5	5	5	2	5	6	1	3
4	4	2	1	4	7	2	1	6	6	2	7	6	2	5	5	5	6	6	5	6	4	3	6	7	5	5	4	3	5	4	2	2	2	4	6	2	1	5	4	2	6	5	5	6	8	6	4	5	6	4	7	7	6	7	2	7	5	8	4	5	7	5	3	5	2	1	5	5	2	6	3	5	1	5	3	1	2	4	1	4	5	6	7	5	6	5	4	7	1	7	5	5	5	5	5	5	5	7	6	6
5	6	1	1	1	2	2	1	1	1	2	5	1	3	2	1	2	3	5	2	5	3	1	5	4	1	3	3	2	1	1	5	1	4	5	2	3	4	7	1	4	3	4	2	3	3	3	5	2	3	2	2	3	2	2	2	3	2	2	2	2	5	3	1	2	2	1	1	1	4	1	2	1	2	1	1	2	2	1	1	3	6	7	2	3	6	6	1	8	2	1	1	3	3	3	4	3	4	3	5	5
5	6	4	3	2	4	4	4	7	5	4	5	4	5	4	2	3	7	5	4	6	5	3	7	8	2	3	5	3	6	2	5	1	5	6	7	6	5	8	5	5	7	5	5	6	8	5	6	5	4	3	8	5	7	6	3	8	4	7	5	6	8	5	4	4	4	3	6	1	5	3	2	3	3	3	4	3	5	5	2	3	7	8	3	6	7	7	5	9	4	3	4	6	4	4	6	4	5	5	7	7
6	1	3	1	2	2	5	1	2	1	2	3	2	2	1	1	1	2	3	3	3	5	4	4	1	6	3	1	3	2	3	2	2	2	1	2	2	2	1	2	1	1	1	1	1	1	1	1	1	1	1	6	3	3	4	3	4	6	9	4	3	5	2	1	3	3	1	1	1	6	5	2	1	3	2	4	1	2	1	2	3	3	3	4	3	4	4	1	4	1	1	1	3	4	2	4	4	1	1	5	1
6	6	5	1	2	8	6	5	3	7	2	6	7	4	3	4	4	4	7	6	5	5	5	8	9	6	6	6	4	7	5	4	5	6	5	6	7	6	6	6	6	3	4	2	3	3	7	2	3	3	5	7	8	4	8	4	9	7	10	6	4	9	5	2	4	5	4	7	3	7	7	4	5	4	2	5	4	6	6	3	5	8	7	8	6	8	7	2	5	3	4	4	7	4	4	7	6	4	5	8	5
7	4	2	3	1	4	1	3	4	4	4	2	1	4	1	2	4	1	7	4	2	3	3	1	4	1	3	4	1	1	1	2	2	1	2	5	2	1	2	3	1	4	4	2	4	5	4	2	4	2	1	5	5	3	3	1	6	5	4	1	5	2	1	1	4	2	2	2	2	3	2	2	3	3	2	2	2	3	3	1	3	3	3	3	3	4	4	1	4	3	2	4	5	2	6	4	7	6	2	8	3
7	4	5	4	5	9	4	3	5	8	4	6	4	6	2	2	6	7	8	7	3	5	3	1	6	5	7	7	2	4	2	5	6	2	4	6	5	2	6	7	2	8	5	5	6	8	5	6	5	3	3	7	8	5	3	2	7	6	11	7	5	9	3	2	6	5	5	4	6	4	7	4	5	4	4	5	4	6	6	3	5	9	5	4	7	5	6	6	10	5	4	6	6	5	7	5	7	7	7	9	3
8	7	3	5	6	2	3	6	8	6	5	5	1	5	2	2	2	4	5	7	3	1	3	9	3	4	3	2	1	4	4	5	7	4	3	4	3	4	9	6	2	7	5	5	6	6	5	6	1	4	2	3	4	3	3	3	4	3	4	4	6	1	5	1	4	2	1	5	4	2	5	3	1	2	2	1	1	2	1	1	1	1	1	5	1	6	2	7	1	2	2	4	3	4	4	4	3	4	5	5	5
8	7	3	5	6	2	3	6	8	6	5	8	8	7	6	5	5	7	9	7	6	1	3	10	4	7	4	4	2	5	6	6	8	7	7	7	4	6	10	8	7	9	6	6	7	8	8	7	5	5	3	3	4	3	8	4	8	4	11	7	6	6	6	1	6	6	3	6	7	8	6	3	5	3	4	3	5	3	1	1	2	2	4	5	1	8	2	8	5	2	8	6	8	5	8	8	5	8	7	10	8
9	1	4	3	2	7	1	7	5	9	2	9	9	4	1	5	1	4	4	3	5	1	2	3	3	3	1	2	1	2	3	2	2	2	2	1	5	1	1	2	1	1	2	6	7	1	8	7	1	5	6	1	5	3	7	5	1	1	1	1	1	1	5	1	1	2	1	6	1	1	2	1	5	3	3	1	1	1	4	4	6	8	4	3	6	2	6	8	1	1	1	1	1	2	1	4	1	7	1	1	2
9	6	6	4	5	7	3	7	7	9	5	10	9	8	7	5	6	8	6	4	7	5	3	11	3	6	7	5	1	8	3	4	9	4	2	2	7	2	2	2	5	9	2	7	8	1	9	8	6	7	6	5	9	8	9	6	8	8	11	8	5	10	6	1	3	6	3	8	7	6	2	1	6	5	3	6	6	5	5	5	7	9	6	8	7	9	7	9	6	6	5	4	6	4	7	9	7	9	2	9	3
10	1	2	2	2	4	3	5	2	1	2	6	6	3	1	4	1	1	7	1	5	1	2	2	3	1	1	2	1	8	2	4	1	4	2	1	7	1	1	7	5	1	1	1	1	1	1	1	1	1	1	3	5	3	5	3	4	4	4	4	4	6	1	2	6	2	1	2	4	3	2	3	1	2	2	1	1	2	2	1	2	1	4	4	2	1	2	6	5	2	5	3	8	2	6	5	3	4	2	5	1
10	2	6	6	7	6	5	8	9	4	5	11	10	6	2	6	2	4	10	8	8	2	2	3	10	3	6	5	1	9	3	7	10	5	8	8	8	3	11	8	5	4	4	2	3	5	4	2	4	4	1	5	9	5	8	4	8	4	6	4	6	9	3	3	7	6	5	3	6	4	7	5	2	6	3	1	1	2	3	4	8	9	5	5	6	8	2	8	10	3	8	5	9	5	9	5	8	8	6	6	3
11	8	1	4	8	1	7	1	10	8	3	4	11	9	3	2	7	1	8	9	8	6	6	12	11	8	5	8	5	10	2	4	2	1	1	9	9	4	12	8	4	4	7	3	2	9	10	9	7	8	1	4	10	9	10	3	10	9	12	7	1	7	5	5	8	7	6	9	8	5	1	6	7	4	6	7	7	7	7	3	4	10	7	9	8	1	3	6	11	7	9	7	6	6	10	10	9	10	8	10	4
11	8	1	7	9	2	8	1	11	9	5	12	12	10	8	2	8	9	11	9	9	6	6	12	11	9	8	9	6	11	2	8	11	8	9	10	10	7	13	9	5	10	8	8	9	10	11	10	7	9	7	8	11	9	10	7	11	10	13	7	7	11	7	6	9	8	7	10	9	9	1	7	8	7	6	8	8	8	8	6	9	11	9	9	9	10	3	10	12	8	10	8	6	7	11	10	10	11	9	11	9
12	9	3	3	9	5	9	1	12	3	6	3	13	10	3	2	8	6	4	2	2	7	7	2	12	9	3	1	7	1	3	1	12	6	1	9	11	8	14	8	2	4	7	9	2	3	12	11	7	9	8	5	11	9	10	7	12	4	7	7	2	6	1	4	1	9	4	11	6	1	4	8	4	6	7	9	1	1	7	3	10	3	5	9	10	11	8	9	13	5	11	9	3	7	10	11	9	10	9	10	2
12	10	7	8	9	10	10	9	13	10	7	12	14	11	3	6	9	9	12	9	6	8	8	13	13	10	9	3	8	12	7	2	13	9	10	11	12	8	15	10	8	11	9	10	9	10	13	11	8	10	9	9	12	10	11	8	13	9	12	7	8	11	5	7	10	10	5	12	10	5	8	9	5	7	8	10	9	4	9	7	11	3	10	10	11	12	9	10	14	9	12	9	3	8	11	12	11	10	10	12	4
13	11	3	3	8	3	10	4	13	9	8	7	15	11	3	6	7	1	8	7	2	8	8	13	13	10	3	3	8	6	7	1	2	10	11	8	10	4	16	11	9	4	8	2	2	10	11	10	7	4	7	4	13	9	10	9	12	9	12	7	1	8	2	5	1	7	5	9	11	2	5	7	7	7	1	11	9	9	8	8	4	7	6	10	6	10	4	6	10	9	13	10	3	6	10	10	11	12	9	8	2
13	12	8	5	10	11	11	10	14	11	9	13	16	12	9	7	10	10	13	10	8	8	8	13	14	10	3	3	8	6	8	6	13	11	12	12	12	9	17	11	9	8	10	8	8	11	14	12	9	9	10	4	14	11	10	9	14	9	12	8	7	12	2	5	8	11	8	13	12	4	9	9	8	8	2	12	10	10	8	8	11	10	11	11	9	13	10	6	13	10	14	10	3	8	10	11	12	13	11	13	10
14	10	3	3	8	5	12	1	11	3	7	8	13	9	3	2	8	9	11	9	6	7	7	2	12	11	9	1	7	11	3	1	10	10	10	9	11	4	14	10	10	5	7	2	10	1	15	9	10	11	11	8	12	11	10	9	6	3	3	1	1	2	4	7	10	8	4	11	3	5	8	1	2	8	1	7	1	10	8	6	4	3	5	8	9	11	8	9	10	6	11	9	1	6	12	11	13	10	12	13	10
14	13	9	3	9	6	12	2	13	3	10	12	13	10	10	4	8	11	14	11	7	9	9	14	15	12	10	1	7	12	9	5	12	12	12	13	11	8	14	10	11	12	11	8	11	12	16	13	11	12	12	9	14	12	12	10	12	9	13	8	9	13	5	8	10	8	5	14	7	5	8	7	9	9	7	8	9	11	10	9	12	10	12	10	10	12	11	11	13	9	12	9	6	8	13	13	14	14	12	14	11
15	9	3	3	8	6	12	2	11	3	9	7	11	13	3	2	7	7	2	7	6	6	4	12	11	8	2	3	9	11	2	5	11	3	13	13	9	4	18	11	9	8	1	2	2	10	14	6	9	4	10	9	12	12	13	10	6	3	1	1	9	6	1	7	10	8	4	11	6	1	7	4	7	7	6	8	1	1	7	3	9	10	6	9	10	11	8	12	13	5	11	9	9	9	11	10	12	11	9	8	10
15	10	10	9	11	12	13	11	15	12	11	11	11	14	8	6	11	8	4	11	6	10	6	14	12	8	5	9	10	13	9	8	14	10	14	13	11	8	18	12	11	11	10	5	8	11	17	14	12	11	11	9	12	12	13	10	6	3	1	1	9	13	5	7	10	10	5	14	7	5	8	8	10	10	7	10	11	12	10	6	13	11	13	10	11	12	11	13	15	9	13	11	10	10	14	14	12	13	13	15	12
16	9	10	10	8	12	8	12	12	10	12	8	12	12	9	1	8	10	13	2	7	6	6	6	9	8	5	1	11	10	2	4	2	5	14	13	11	4	13	11	2	4	8	8	2	10	13	11	7	9	11	8	11	9	10	7	11	9	13	3	1	6	2	5	8	10	5	9	6	1	1	4	7	7	2	11	12	12	8	6	9	11	13	8	10	12	8	13	15	5	10	8	3	6	10	10	9	11	8	8	2
16	13	10	11	9	13	9	12	12	10	13	13	17	15	11	7	10	11	15	10	8	7	10	14	15	8	11	9	12	11	6	4	13	10	15	14	13	10	16	13	10	4	11	10	12	10	18	11	12	13	13	9	15	9	11	8	15	10	14	7	8	14	5	8	8	12	8	11	12	2	8	6	8	11	8	12	13	13	8	8	11	12	14	10	11	12	11	14	16	8	13	10	3	11	13	13	9	15	9	15	4
17	8	1	3	8	2	7	4	11	4	4	3	18	14	3	2	7	6	4	10	2	6	7	2	15	9	1	1	7	11	4	1	2	1	6	13	10	11	15	12	2	4	8	3	12	1	10	13	7	1	11	5	11	9	8	3	13	4	12	6	2	8	1	7	4	7	4	9	10	2	5	9	4	7	2	8	9	1	7	3	2	3	7	1	11	6	4	10	11	5	12	7	7	12	11	11	12	13	14	1	2
17	14	3	12	12	8	11	4	11	9	5	7	19	16	8	6	11	6	5	10	7	11	10	13	16	11	11	10	9	14	9	1	15	8	13	15	11	12	18	14	12	10	12	5	13	10	18	15	12	13	11	5	11	12	10	7	15	4	15	7	10	11	2	9	11	10	8	12	12	5	7	9	7	8	8	10	9	3	10	8	11	10	10	9	12	12	9	10	14	10	15	9	9	13	11	11	13	14	15	11	4
18	9	7	10	9	12	7	10	12	10	12	3	20	10	3	6	9	1	4	2	2	2	8	14	11	10	2	1	7	1	7	1	11	9	11	9	11	8	14	10	11	11	2	5	2	6	11	9	7	8	11	1	11	5	5	9	10	9	12	3	1	2	4	4	5	8	5	11	3	2	4	6	4	8	2	7	6	1	9	2	11	7	4	11	9	1	8	11	17	8	15	7	3	7	10	12	11	11	9	6	4
18	13	10	11	13	13	9	12	16	13	13	6	21	11	11	7	10	10	13	10	8	9	9	14	13	11	10	3	8	11	9	6	12	10	14	13	11	11	17	15	11	13	2	11	11	11	18	14	13	13	11	4	16	11	10	9	15	9	13	8	2	8	6	10	10	10	9	15	11	5	8	8	7	10	7	7	12	2	10	3	13	12	14	12	10	14	8	13	18	11	16	9	7	13	11	13	13	14	15	10	9
19	8	1	4	9	2	8	1	11	9	3	3	14	11	3	4	9	1	4	2	2	8	4	13	12	10	1	3	8	6	8	6	11	10	11	2	11	4	14	10	10	4	8	3	10	1	10	9	7	1	11	6	10	9	10	4	6	3	2	7	9	8	2	9	8	7	4	9	12	2	1	6	4	2	1	11	9	9	8	1	4	10	11	1	8	1	10	6	11	10	11	10	1	8	10	10	15	11	8	11	4
19	10	10	9	13	12	9	11	15	12	6	12	22	16	10	6	12	12	16	9	9	10	11	14	14	13	1	3	13	14	9	6	13	13	12	13	11	13	17	16	11	10	8	10	14	10	13	11	11	9	13	6	12	12	13	10	14	11	16	8	11	8	2	11	11	11	8	9	12	4	5	10	7	7	9	11	10	14	11	6	11	11	15	1	8	10	10	10	19	12	15	12	9	12	11	13	15	11	16	15	10
20	8	1	4	8	2	8	1	11	3	5	3	13	11	4	4	13	7	7	2	7	11	9	13	11	10	4	1	7	6	8	4	11	10	11	13	11	4	17	10	8	4	6	10	2	10	12	11	7	9	9	5	11	12	8	4	13	4	12	6	1	9	4	5	8	7	9	13	13	9	1	3	2	7	1	9	5	5	10	6	4	7	9	1	11	10	3	6	14	8	10	7	9	9	15	10	11	13	10	1	11
20	14	9	7	10	5	10	1	13	8	7	14	23	15	9	8	14	13	15	12	8	12	11	14	13	11	8	4	8	11	9	6	16	14	16	16	12	10	18	17	10	4	8	10	2	10	13	14	7	9	13	5	13	13	10	7	16	4	17	7	3	14	8	6	9	9	10	16	14	10	10	7	11	9	7	12	11	12	11	9	14	11	9	9	13	15	8	6	20	8	17	12	11	10	15	15	12	13	13	12	13
h01	6	1	3	7	2	3	3	6	3	5	7	1	2	5	1	2	6	5	3	7	3	1	10	1	3	3	3	2	1	6	1	2	5	3	7	5	4	5	1	5	9	5	2	2	8	8	4	5	3	6	2	3	4	3	3	1	6	3	3	1	1	1	1	1	2	1	3	1	2	1	3	5	3	2	3	1	5	1	1	2	1	5	4	1	1	7	4	4	1	5	1	3	3	1	8	2	3	3	6	4
h01	12	10	4	8	5	9	12	11	9	6	8	11	10	11	2	11	7	9	9	8	8	4	14	12	10	9	3	8	11	7	6	13	10	13	9	10	6	17	9	11	12	10	8	6	12	18	10	7	8	9	5	13	13	13	3	6	9	12	7	6	7	5	11	10	8	5	14	7	3	1	6	10	10	2	8	7	6	9	9	11	10	13	9	10	10	10	13	19	10	10	9	9	9	11	10	15	14	15	8	5
h02	6	6	1	1	1	2	1	4	5	1	3	4	5	2	2	1	1	5	4	2	1	1	9	3	5	3	1	2	4	1	3	2	1	4	1	6	2	10	1	5	1	5	2	2	5	1	8	5	6	1	1	7	2	1	2	6	4	11	1	2	6	3	1	4	5	1	6	6	2	5	2	1	2	1	6	2	3	6	2	5	8	2	1	2	6	1	2	4	1	2	3	3	5	3	4	2	2	1	8	3
h02	14	9	4	12	2	11	10	13	10	12	7	21	9	9	6	8	1	12	11	3	8	7	14	16	11	8	3	11	6	6	5	11	10	14	11	10	8	14	9	12	4	8	7	3	10	14	11	7	8	10	5	13	9	10	9	11	6	12	3	7	8	8	7	8	7	9	9	12	6	8	7	4	8	6	7	9	13	7	3	11	10	13	10	12	11	8	14	13	6	16	12	7	6	13	10	9	10	15	11	13
h03	4	1	1	6	2	3	1	4	1	2	6	6	3	3	2	2	4	3	2	2	5	1	4	3	6	3	1	3	6	2	1	2	1	2	6	2	1	5	6	2	4	1	1	2	1	3	2	1	4	6	6	5	2	3	4	8	6	4	4	6	8	5	1	6	2	1	3	7	1	1	4	1	4	4	3	4	4	5	1	3	3	5	4	6	3	7	6	2	2	4	6	3	5	1	5	5	7	6	8	3
h03	9	3	5	9	13	9	2	16	13	10	14	15	9	3	5	10	8	8	2	3	11	8	13	12	10	4	3	8	6	3	2	6	3	11	13	11	4	13	11	2	9	11	3	8	10	17	11	8	13	11	6	14	12	10	8	11	9	12	8	7	10	5	7	11	8	8	14	7	5	2	9	7	11	7	12	7	5	8	8	4	9	7	11	11	12	8	6	15	11	10	7	3	10	11	10	11	11	9	9	11
h04	6	5	3	7	5	2	1	5	4	1	1	5	4	2	2	1	1	5	8	6	3	1	10	6	1	3	2	1	8	2	2	3	4	5	2	3	1	2	1	5	1	4	4	1	1	4	1	1	2	3	2	1	3	8	1	3	3	4	4	4	7	6	1	6	2	1	2	1	4	1	1	4	2	2	1	1	1	1	1	8	3	5	4	6	1	3	6	1	1	3	4	5	5	9	5	8	4	2	7	4
h04	10	7	11	8	7	7	1	16	13	5	3	13	10	4	3	7	3	13	9	7	8	8	14	16	10	11	3	12	14	8	4	12	9	10	12	13	4	15	17	11	11	8	10	9	10	11	14	8	9	7	9	15	11	13	10	12	10	12	7	7	8	6	5	10	10	6	12	10	5	5	2	4	6	9	7	9	3	8	6	11	10	14	12	10	6	8	8	17	8	15	7	11	10	14	13	11	10	14	8	7
h05	1	3	4	1	1	2	6	8	1	2	6	9	3	3	2	5	5	7	8	2	2	3	7	9	1	5	1	4	1	2	1	2	1	4	2	7	2	6	1	5	4	2	1	6	7	4	7	1	4	1	3	5	1	8	3	1	3	3	1	2	1	1	4	4	3	4	1	2	4	2	4	1	3	3	1	2	5	3	3	6	2	5	3	7	6	7	2	10	1	1	4	3	4	7	5	5	2	6	5	3
h05	10	3	6	9	2	13	11	13	9	11	12	13	10	7	6	9	12	15	11	3	8	10	13	11	11	7	4	10	6	7	4	12	13	11	13	9	4	14	12	9	7	4	2	8	10	10	13	9	9	13	4	11	12	10	7	11	3	6	1	4	2	4	4	4	7	5	15	6	9	8	9	2	7	7	8	9	10	7	9	11	10	6	12	10	6	9	9	19	9	15	10	3	11	10	13	12	11	15	10	4
h06	3	2	1	2	4	1	3	1	1	2	4	1	1	1	2	3	1	8	7	5	3	1	5	3	5	3	1	1	1	3	2	2	1	1	6	3	1	5	1	2	8	6	2	7	1	5	2	5	1	1	5	8	3	5	1	3	6	1	1	2	1	2	1	7	3	1	4	4	5	7	5	1	3	1	1	6	2	1	1	1	7	5	3	1	1	2	5	6	4	1	4	1	4	4	4	7	9	5	1	2
h06	9	7	3	9	8	7	11	11	10	7	7	11	9	3	4	14	7	15	9	7	8	8	12	13	10	10	2	7	11	6	6	13	4	4	15	11	11	12	10	5	10	8	8	12	9	11	14	13	8	12	7	10	9	10	4	6	10	7	6	5	8	4	11	10	7	4	9	13	5	8	7	9	10	2	7	9	8	8	8	4	12	14	12	9	8	11	6	11	9	9	9	3	8	13	11	9	11	12	10	2
h07	6	1	3	1	4	4	1	8	1	2	1	2	1	2	1	3	4	6	7	6	1	3	8	4	4	3	3	1	1	2	4	1	2	2	1	7	2	1	8	5	7	1	2	6	1	4	2	1	1	1	1	2	3	5	3	7	4	8	1	2	5	2	4	4	2	2	1	1	2	5	2	4	3	3	2	1	2	1	1	3	1	1	5	6	6	3	1	9	2	7	1	3	3	4	1	3	8	1	5	2
h07	8	2	4	8	6	8	10	13	3	12	8	15	9	3	2	14	11	7	9	8	10	9	14	11	10	3	3	13	6	9	7	2	6	10	13	10	4	17	9	10	8	12	11	8	10	11	13	12	9	3	5	11	9	10	7	15	9	12	7	3	7	6	4	10	10	8	9	6	2	7	6	4	8	7	7	4	9	10	2	13	7	14	10	8	11	8	14	12	7	10	10	9	10	11	13	15	14	8	14	10
h08	1	1	5	2	5	3	4	6	2	2	5	1	2	2	2	5	5	4	7	5	5	2	1	1	1	1	1	3	4	3	2	7	1	4	6	4	1	2	1	5	1	1	1	2	1	8	1	1	5	6	2	1	2	3	2	4	2	2	4	1	1	2	1	3	2	2	1	6	3	2	3	5	4	2	4	1	1	3	2	3	2	8	3	7	5	1	9	2	1	5	2	3	2	8	5	5	6	2	4	1
h08	10	7	9	11	8	11	6	13	9	7	12	13	14	9	6	9	6	5	11	8	6	7	14	15	9	3	2	11	12	8	6	11	10	16	8	11	4	16	11	10	11	10	2	8	11	12	10	12	13	7	9	13	9	10	7	15	9	11	8	3	8	5	7	10	7	8	11	6	5	10	10	10	7	6	11	2	2	10	2	4	10	11	10	8	10	8	14	19	9	15	9	8	12	13	10	13	14	15	8	10
h09	6	3	4	2	4	3	3	2	2	4	4	1	5	2	4	6	1	4	2	2	1	2	7	2	7	1	2	1	6	1	6	1	4	5	4	4	1	4	4	2	3	4	2	2	3	5	3	5	3	1	5	4	3	3	3	8	3	7	6	3	2	2	3	1	5	1	6	6	4	6	2	3	1	1	1	1	1	2	3	3	9	3	8	6	1	2	2	6	3	6	1	6	2	2	1	5	7	6	1	1
h09	9	5	10	13	6	7	4	12	10	10	14	12	10	3	8	10	2	5	6	5	6	4	14	12	9	4	3	8	9	4	8	16	12	11	16	11	4	16	12	4	13	11	8	8	3	13	10	7	9	13	5	10	10	10	10	15	9	12	7	4	14	2	5	10	11	9	9	12	5	8	4	7	4	4	10	9	5	7	3	13	11	13	10	9	1	8	6	12	9	10	9	9	8	10	15	12	13	9	11	4
h10	1	3	4	2	1	2	1	7	3	3	7	4	5	1	1	2	1	9	1	2	1	3	2	1	2	1	1	4	1	4	1	2	4	1	1	4	1	2	1	1	5	5	6	3	1	1	2	6	4	1	4	8	2	6	1	8	1	11	4	2	3	1	1	1	2	1	6	7	1	4	2	1	2	4	1	2	1	1	1	1	4	3	4	3	2	2	4	8	1	6	5	1	4	7	7	4	7	2	3	3
h10	11	3	9	8	2	10	3	15	9	4	8	13	12	3	2	8	5	13	11	3	9	6	4	16	11	7	2	13	13	6	2	10	10	6	13	11	13	13	10	10	8	10	10	8	1	18	11	11	9	10	5	16	11	10	8	14	3	12	7	5	8	5	5	10	9	10	9	8	5	8	8	7	4	7	12	8	9	10	3	13	12	9	9	8	10	11	14	15	6	11	10	6	13	10	13	13	12	14	10	10
21	14	11	7	11	14	4	13	11	1	6	15	24	1	12	9	15	14	17	13	10	1	12	15	7	14	2	11	14	5	9	4	14	6	4	13	14	14	16	8	6	14	4	12	10	9	19	3	6	7	2	2	17	3	14	7	15	3	18	1	11	3	9	7	1	6	1	17	10	1	11	11	12	12	7	13	5	1	12	1	13	10	7	1	14	2	3	10	15	11	18	13	5	6	15	14	8	3	14	16	2
21	15	11	9	14	15	14	14	17	14	14	15	25	6	13	10	15	15	17	13	11	3	13	15	7	14	6	12	15	9	9	8	16	15	8	16	15	14	18	14	11	15	8	13	15	10	20	16	11	14	3	10	18	14	15	11	16	11	19	9	12	10	10	12	6	12	8	18	15	5	12	12	13	13	10	14	14	11	12	5	15	13	14	13	15	16	8	15	21	11	19	14	8	10	15	16	11	6	17	17	14
22	12	1	7	8	10	1	12	11	1	11	16	22	1	12	11	16	14	17	14	12	1	10	15	10	14	3	13	1	2	4	6	10	6	10	12	16	8	12	14	9	13	13	13	2	3	19	3	5	2	14	10	7	4	5	7	6	6	20	9	13	2	11	4	12	4	2	17	11	1	11	2	13	13	10	5	12	14	10	4	16	14	9	2	15	2	2	13	13	7	18	15	2	6	12	14	10	2	18	16	1
22	15	9	13	14	14	15	15	13	14	14	17	24	2	14	11	17	15	17	15	13	5	13	16	17	15	12	14	14	3	5	9	16	7	10	16	17	9	17	14	11	14	13	14	10	3	21	17	10	15	15	11	19	14	6	9	7	6	21	9	13	8	12	8	13	13	7	18	13	11	13	11	14	14	11	11	15	15	11	4	16	15	14	5	16	8	3	15	20	13	20	16	6	10	13	17	11	6	19	18	9
23	15	6	7	11	16	4	11	11	5	12	16	15	2	7	12	16	16	17	16	13	5	14	15	10	16	2	14	14	2	1	4	16	6	4	13	14	14	18	8	6	12	4	3	8	1	19	16	1	1	6	10	2	3	14	7	8	3	18	9	11	7	10	4	4	4	3	18	10	5	13	11	13	13	10	4	6	5	11	1	15	16	15	2	15	7	1	15	21	10	18	17	6	13	11	13	16	3	16	19	1
23	16	11	12	15	17	15	13	18	14	15	18	22	17	15	13	18	17	18	16	14	13	14	16	18	17	5	15	14	2	5	8	16	8	8	13	15	14	18	14	6	14	8	13	16	10	22	18	5	8	15	12	15	7	14	11	15	9	22	10	13	8	11	13	14	14	7	19	13	11	13	12	15	15	12	6	15	5	12	10	16	17	16	9	17	17	8	16	22	13	19	18	12	14	16	18	16	16	20	20	14
24	2	6	4	14	15	14	2	11	5	11	19	15	1	12	9	15	16	17	14	12	1	13	15	2	14	2	13	15	3	3	8	10	8	8	17	18	13	18	8	11	14	3	2	10	10	19	19	7	5	3	13	8	5	1	9	12	3	23	5	2	8	9	2	4	5	1	19	7	1	14	2	12	12	7	8	1	1	11	4	15	16	11	2	15	7	5	11	18	10	18	14	6	8	13	14	10	4	5	16	1
24	14	9	13	16	17	16	16	16	14	12	19	17	6	16	13	19	18	19	17	12	2	14	17	7	18	6	15	15	5	9	8	10	8	8	17	18	13	18	8	11	16	4	12	12	12	19	20	12	7	14	14	20	15	16	12	17	9	24	11	7	10	10	8	6	12	4	20	15	5	15	11	13	16	13	13	11	15	13	5	17	18	16	4	18	18	10	15	22	14	21	17	6	11	15	17	11	7	19	21	2
25	16	5	7	13	14	1	9	17	2	12	20	15	3	14	11	17	14	17	13	10	2	4	16	17	14	1	11	3	2	4	1	2	4	4	13	17	14	17	14	11	12	8	3	5	5	23	21	6	3	6	9	19	15	1	8	7	10	19	9	1	8	10	2	4	2	1	18	6	1	13	5	12	15	12	1	6	1	11	1	10	19	11	2	19	4	3	10	17	11	22	13	2	6	15	13	11	3	14	16	1
25	17	12	7	15	17	15	11	18	5	15	21	24	5	16	13	20	16	17	17	12	5	10	17	18	18	12	14	14	3	9	10	17	5	11	17	18	15	19	17	12	16	13	14	12	9	24	22	7	14	16	14	21	15	16	11	15	12	25	9	14	14	11	2	12	5	2	21	6	9	16	12	15	17	14	4	6	5	12	5	15	20	14	13	20	4	6	17	20	15	22	14	5	12	15	17	16	7	17	17	14
26	17	1	12	14	10	1	15	15	1	11	15	17	1	12	11	15	14	17	13	13	1	10	15	7	14	2	11	3	9	5	1	5	6	4	2	18	1	20	13	6	16	4	3	2	3	19	3	5	1	15	2	15	4	6	4	6	3	22	9	13	8	9	1	4	6	1	19	12	1	14	5	12	18	14	4	6	1	11	11	10	13	11	5	18	4	6	10	19	7	21	15	2	11	13	14	10	4	18	19	1
26	17	9	14	17	18	17	17	17	14	11	16	22	1	12	14	21	18	20	18	15	1	13	16	10	14	12	14	15	9	9	6	14	16	17	4	18	10	21	18	11	16	14	14	10	10	19	16	6	2	15	10	20	7	14	11	16	9	26	10	13	10	13	7	6	12	9	20	15	7	15	13	16	19	15	6	15	5	14	11	15	19	14	13	19	8	8	16	21	13	21	15	6	12	15	17	17	6	19	21	2
27	15	4	12	11	14	4	16	10	3	12	16	15	2	7	13	19	19	17	16	12	1	12	15	10	14	1	12	3	3	2	4	5	6	10	8	16	4	12	14	9	12	8	2	10	1	21	17	6	14	6	2	12	7	5	12	6	9	18	5	1	8	9	8	4	12	4	20	3	1	15	5	14	13	12	4	1	7	11	2	8	14	14	3	16	8	3	13	20	13	20	17	3	6	16	14	18	1	1	18	1
27	18	11	14	15	15	17	18	11	14	15	22	17	3	16	13	19	20	19	17	13	5	13	15	17	18	4	13	14	8	5	5	16	7	10	13	17	9	17	19	9	13	13	12	17	3	24	22	8	16	14	11	19	7	14	13	16	9	26	12	13	10	10	14	6	14	11	21	11	12	17	5	14	13	14	5	15	16	12	12	16	19	17	5	17	19	8	14	22	13	21	17	6	10	17	19	19	7	21	20	11
28	14	11	9	13	15	4	13	11	1	6	16	22	3	17	10	15	14	17	13	10	5	2	16	2	7	1	11	1	2	2	10	17	5	6	9	14	15	15	17	9	14	3	12	10	3	23	16	7	1	15	13	6	4	9	7	8	4	26	9	2	2	10	2	4	6	1	20	3	7	12	11	13	13	15	1	14	5	11	10	15	13	14	5	14	2	3	10	15	11	18	17	2	8	16	18	18	4	1	15	1
28	15	13	12	14	19	17	14	17	14	6	19	25	6	17	11	16	21	21	13	12	12	10	18	18	14	2	12	4	3	10	10	17	8	11	12	17	16	19	17	11	16	3	12	10	10	25	20	11	5	15	14	19	5	10	7	17	6	27	13	13	7	14	8	13	13	1	21	16	12	16	11	13	19	15	13	15	5	12	10	15	21	14	13	21	2	10	10	21	14	22	18	3	8	16	20	19	9	22	20	4
29	2	4	4	17	16	14	11	10	3	15	21	15	2	7	13	18	16	17	17	12	2	2	17	10	7	1	11	15	3	2	5	5	3	6	12	15	4	16	14	9	12	8	2	5	9	19	19	6	7	3	10	19	7	5	7	16	3	21	5	2	4	9	4	6	7	4	20	11	1	11	11	13	13	14	4	15	5	10	11	11	16	11	3	15	7	1	14	16	11	18	15	3	6	13	14	17	6	18	16	1
29	19	6	12	18	18	15	19	17	6	16	23	15	2	7	13	19	19	20	17	12	12	7	18	18	19	1	11	16	5	4	8	16	6	10	13	17	14	17	14	11	16	13	3	10	12	24	22	12	14	6	11	20	15	5	12	16	9	26	9	13	10	15	8	15	15	7	22	15	1	15	11	14	13	15	13	16	7	11	12	12	16	17	5	17	19	8	18	22	13	21	17	13	8	16	14	20	8	23	16	4
30	15	3	12	11	14	15	17	11	14	11	15	17	1	12	9	15	14	17	14	10	1	4	15	10	14	3	11	3	2	2	2	2	11	6	4	16	1	16	14	6	14	3	2	10	3	25	16	5	5	4	10	19	7	5	7	15	3	26	9	2	7	9	2	4	6	9	20	3	1	15	5	14	13	12	4	6	1	11	1	8	15	9	2	15	7	7	16	11	15	18	16	6	6	12	17	11	1	1	18	1
30	17	11	12	14	15	15	18	15	14	12	19	17	1	12	11	15	14	17	19	10	5	12	18	17	18	12	13	17	3	5	5	14	15	18	12	19	10	22	17	11	15	15	12	12	12	26	21	11	5	15	15	20	7	6	7	16	9	26	9	13	10	10	7	6	12	11	23	15	12	16	12	15	15	12	4	15	5	12	12	16	16	14	13	15	19	8	18	17	15	21	17	6	13	16	19	19	2	19	20	9
31	13	1	15	3	11	16	1	19	15	6	23	8	3	15	4	12	1	7	20	6	11	8	19	11	13	5	4	15	15	3	11	11	11	6	15	2	12	13	20	5	5	1	2	2	3	6	1	14	2	4	1	5	16	1	5	15	12	2	8	10	15	2	13	4	16	6	2	11	2	1	14	4	17	16	6	9	17	15	4	5	10	9	5	6	9	12	1	18	16	21	5	14	15	18	18	7	17	3	22	13
31	17	8	16	3	20	18	14	20	15	17	24	26	3	18	8	14	7	9	20	9	14	9	20	12	13	13	4	18	16	4	11	16	16	12	18	6	17	20	21	9	8	8	2	18	13	7	7	15	7	16	10	8	16	2	12	18	13	14	11	15	16	3	15	5	17	10	8	17	5	4	14	10	20	17	13	10	17	16	10	18	17	18	14	22	10	13	19	19	17	23	5	14	15	18	18	7	17	3	22	13
32	14	1	8	1	13	16	2	18	16	15	15	3	2	3	5	5	3	4	21	16	11	7	21	12	11	7	16	4	17	11	12	9	13	6	10	5	10	12	22	5	5	8	2	2	3	7	1	14	2	4	10	5	16	3	2	18	12	7	1	3	15	3	15	1	5	6	2	11	5	1	15	4	17	17	2	11	15	17	10	18	16	11	5	1	9	13	2	17	17	18	5	15	2	19	14	4	18	24	23	15
32	14	2	9	6	21	16	14	18	16	15	17	5	6	8	15	5	5	7	22	16	15	15	21	19	18	7	16	15	17	11	13	9	14	14	15	6	18	20	23	6	5	8	3	10	10	27	7	16	2	4	10	8	17	17	3	18	12	7	1	10	16	6	16	9	6	12	24	17	13	1	15	5	21	17	13	12	17	17	11	19	19	14	11	23	9	13	8	19	17	23	14	16	15	20	19	8	19	24	24	16
33	10	1	13	4	11	17	2	11	7	12	17	3	1	3	15	5	4	7	17	16	9	13	21	19	10	3	13	10	4	2	1	5	9	11	13	3	9	17	6	9	8	1	2	15	9	6	1	15	1	15	1	6	8	4	4	16	5	1	4	6	15	16	12	2	6	10	2	11	4	4	4	4	16	9	1	12	2	17	2	2	10	9	5	4	9	9	1	16	18	19	1	17	16	20	14	5	19	24	22	7
33	13	6	14	6	22	18	15	12	17	15	19	5	2	3	16	12	22	7	22	17	16	15	22	20	18	14	16	19	18	11	11	18	16	14	14	20	17	23	24	11	13	6	2	18	13	7	18	17	7	16	15	6	16	9	9	18	14	3	4	16	17	17	17	2	16	13	25	18	14	7	16	7	21	17	15	13	18	18	13	20	12	9	8	6	9	13	1	16	19	23	16	18	17	21	15	7	20	24	23	12
34	14	1	8	2	13	9	5	18	15	12	16	5	2	3	1	5	7	7	20	6	7	9	23	15	13	5	6	14	19	12	4	13	9	2	19	12	14	20	7	11	8	1	2	16	6	3	7	15	1	3	11	19	4	9	9	3	8	2	2	10	17	10	15	4	2	3	2	11	4	1	14	5	22	8	2	7	15	15	10	20	3	12	2	1	9	13	2	13	19	18	1	16	5	20	15	7	19	24	22	7
34	20	13	10	3	23	18	14	20	17	16	17	26	5	6	15	6	22	7	22	16	15	15	23	15	13	8	6	15	19	12	12	19	10	10	20	21	19	20	20	13	17	1	11	18	13	6	22	18	2	16	14	19	18	15	14	15	15	14	14	16	18	17	18	12	17	13	5	19	5	4	14	7	22	17	2	12	17	17	14	21	10	16	14	22	10	14	19	16	20	23	19	18	17	22	17	16	20	24	25	17
35	10	1	8	3	20	9	2	11	18	6	16	26	3	7	1	10	5	4	20	2	11	15	21	16	18	4	16	19	17	11	12	16	12	6	4	6	8	13	6	9	4	1	11	15	1	7	1	15	1	5	10	5	16	1	3	18	6	2	4	6	15	6	15	5	16	12	1	11	2	4	11	3	20	6	3	7	15	16	12	18	16	11	2	6	9	13	2	17	17	21	14	14	5	19	14	4	17	6	22	13
35	21	1	9	6	22	16	2	21	18	11	24	27	6	15	4	12	7	9	20	9	11	15	21	20	18	4	17	19	18	13	14	19	16	19	18	7	10	20	21	14	5	6	11	19	12	28	22	18	5	15	11	6	17	4	5	18	12	14	8	10	18	8	15	9	16	14	24	16	13	5	13	8	21	18	5	13	18	17	15	22	16	17	14	6	14	15	20	19	17	23	20	19	18	23	19	5	21	25	26	18
36	10	1	8	6	11	13	2	17	14	6	15	3	1	3	4	8	3	9	20	9	15	15	23	15	13	4	6	4	15	6	2	5	10	8	9	7	8	16	5	6	6	1	8	17	9	28	1	16	2	15	10	7	17	14	5	16	5	3	8	10	15	2	13	1	14	6	8	8	5	1	14	4	17	16	2	7	19	13	12	18	16	11	5	6	9	13	1	11	16	21	20	16	15	22	15	5	22	6	24	16
36	10	14	8	10	22	16	16	21	18	15	24	26	3	15	5	12	5	9	23	16	17	15	23	19	17	8	6	14	19	12	12	14	17	20	10	22	10	20	21	8	17	2	10	20	12	28	18	18	2	15	16	8	19	15	6	18	12	7	14	17	17	17	19	9	16	11	8	15	13	1	14	10	20	16	6	10	19	15	14	23	17	16	14	6	20	16	1	17	17	23	20	18	19	23	17	7	23	26	27	18
37	14	1	8	2	13	18	2	19	17	15	18	8	3	15	6	8	1	4	12	6	16	14	22	20	12	14	13	10	20	2	12	9	1	14	10	5	18	20	23	5	5	2	2	12	1	7	18	15	1	15	10	5	16	1	5	1	6	3	1	10	15	2	15	1	2	12	2	15	4	4	13	2	20	8	13	7	11	16	13	19	10	14	2	22	5	13	3	18	17	24	5	15	2	20	14	6	19	6	24	14
37	14	1	13	6	13	18	14	19	17	16	18	28	3	15	17	22	7	9	20	9	18	14	22	21	12	15	13	12	20	5	13	15	14	15	15	6	19	20	24	6	5	8	11	16	6	7	22	15	2	15	15	6	18	9	9	18	12	14	8	16	19	13	20	5	16	13	8	19	5	5	17	3	21	19	14	16	17	19	16	23	11	18	13	24	11	17	3	19	17	24	19	16	15	23	17	16	20	24	27	17
38	13	1	8	2	13	18	14	16	17	15	15	7	2	6	1	1	3	7	20	6	3	14	23	15	12	8	13	10	17	2	2	5	11	9	4	2	10	18	5	5	8	1	2	18	13	6	8	15	1	15	10	5	17	1	9	18	12	7	1	5	16	2	15	2	16	3	1	11	4	4	15	7	20	9	2	10	15	16	11	23	11	14	5	4	5	9	2	17	19	21	13	15	2	6	14	3	19	24	23	12
38	14	6	11	4	21	18	15	20	18	16	16	26	5	8	3	2	7	9	21	18	7	15	24	21	13	16	16	15	20	12	15	11	17	12	15	22	20	20	23	11	8	1	13	21	14	29	22	17	14	17	13	7	17	9	9	18	13	14	8	10	17	17	15	2	17	10	5	15	4	4	18	10	21	17	13	11	17	17	17	23	17	17	9	6	11	18	2	17	20	23	19	16	19	22	14	18	21	24	26	18
39	13	2	9	3	20	9	14	18	17	15	16	1	3	6	3	2	5	7	9	6	3	14	23	19	12	4	13	10	17	2	4	17	9	10	9	9	9	20	2	13	13	6	2	15	9	7	18	15	3	14	13	4	17	4	3	18	5	3	1	6	15	2	12	5	16	10	2	11	4	1	8	1	12	9	6	9	18	19	11	20	3	12	1	6	4	18	2	17	17	22	14	14	5	20	14	3	19	3	23	14
39	14	3	11	6	21	18	14	19	19	15	18	26	6	16	6	8	7	7	20	6	11	15	24	21	16	16	17	16	20	11	4	19	18	10	9	12	14	20	7	13	17	6	11	19	12	28	18	15	7	16	14	5	17	17	9	18	5	7	7	10	17	17	15	5	16	12	8	15	4	4	17	7	18	19	14	16	19	20	16	23	16	12	15	25	14	19	8	17	17	24	21	16	17	23	17	4	23	7	27	18
40	14	6	11	4	21	18	15	13	18	15	20	3	2	3	14	22	3	3	16	1	7	9	23	11	14	4	6	4	15	6	4	2	9	10	9	6	8	20	7	12	5	6	2	2	1	3	1	14	2	4	14	5	2	4	1	7	8	3	13	17	12	2	15	9	6	10	1	8	4	5	1	4	20	17	1	10	15	16	10	5	10	11	5	4	9	9	2	13	19	20	1	14	5	19	14	4	19	3	26	18
40	14	6	14	4	21	18	17	13	18	15	20	3	2	3	15	22	3	3	16	16	17	15	23	16	17	7	18	15	21	14	15	17	16	10	21	12	14	23	23	13	6	8	11	15	10	7	18	14	5	16	17	21	20	11	15	19	12	7	14	18	18	6	19	9	16	10	1	16	4	8	14	11	20	17	6	11	18	17	14	20	12	17	5	22	11	13	3	17	19	24	17	18	17	20	19	18	24	27	28	19
41	9	7	1	8	17	4	4	10	7	18	9	29	5	17	18	18	6	22	20	19	6	16	19	8	3	17	6	7	8	15	3	5	15	4	5	2	8	24	25	3	1	14	4	8	15	30	7	7	2	18	3	10	7	18	7	20	12	8	12	19	12	5	17	8	3	11	16	13	1	8	7	15	11	1	5	17	8	1	18	11	7	1	2	16	16	2	9	6	21	23	17	17	15	24	15	15	2	6	24	2
41	14	10	1	9	24	16	7	11	14	19	20	29	18	17	19	23	12	23	20	20	6	17	19	22	20	18	16	20	8	15	11	11	17	7	22	3	12	25	26	12	18	16	15	9	16	31	8	19	11	19	18	11	7	19	13	20	12	11	12	20	20	6	21	9	11	13	26	17	7	11	12	17	23	9	13	18	16	3	19	21	12	19	16	21	21	5	13	14	21	24	19	17	19	25	21	17	6	24	29	5
42	9	10	1	10	16	1	1	10	17	18	16	30	2	14	20	23	6	21	20	21	6	17	19	8	3	12	6	21	8	15	11	5	10	3	1	2	11	24	27	4	19	4	8	10	17	24	5	5	4	20	17	14	2	18	7	14	4	14	15	16	14	6	22	10	8	2	9	3	5	11	4	18	8	6	3	18	8	1	19	2	12	20	3	16	16	2	13	10	2	24	13	17	18	24	15	14	4	3	24	3
42	10	15	1	10	16	17	3	12	18	19	20	31	5	19	20	24	8	23	24	22	11	18	25	22	21	17	19	22	22	15	15	11	15	6	22	3	12	25	27	5	20	17	11	10	18	32	8	11	16	21	18	16	4	20	12	21	12	28	16	18	20	17	23	10	13	13	10	19	12	18	12	19	11	8	5	19	16	4	20	11	12	21	13	19	22	3	13	15	21	24	16	20	20	24	21	15	25	24	25	3
43	10	16	3	10	14	4	6	10	8	17	17	29	1	12	13	23	1	22	20	23	7	17	21	1	3	17	2	20	22	6	11	5	10	3	22	2	8	25	26	4	1	16	2	9	16	24	8	6	2	20	17	10	15	19	4	17	4	11	16	3	8	5	17	5	11	12	13	8	4	15	2	19	4	3	5	20	10	5	18	1	4	20	3	26	16	3	13	10	2	24	17	21	20	24	15	15	16	1	27	10
43	22	17	8	19	17	17	7	20	18	20	20	29	19	17	18	24	12	23	20	24	19	19	26	5	6	19	7	22	23	16	11	5	17	5	22	2	8	25	27	4	1	16	4	12	19	31	8	11	3	22	19	16	21	21	13	22	8	15	17	18	14	5	20	8	13	13	16	17	7	19	2	20	7	20	5	21	12	21	21	21	12	21	5	26	22	6	13	15	3	24	18	22	21	24	22	15	25	7	27	11
44	13	7	4	9	17	1	4	11	7	18	12	30	19	19	18	3	3	21	16	20	7	11	21	18	3	20	2	7	5	13	15	11	3	6	1	3	4	24	27	1	2	16	11	1	4	24	8	6	4	22	7	14	14	21	5	13	8	8	10	3	14	5	22	8	12	1	13	10	5	12	3	13	24	4	3	4	14	2	3	2	7	20	3	19	16	8	9	12	1	20	14	20	17	5	15	9	2	7	23	2
44	21	18	13	11	24	4	7	19	20	21	17	32	20	20	19	4	6	21	25	25	11	17	22	22	3	21	18	22	23	16	16	11	15	6	5	23	10	26	28	5	18	18	15	12	18	30	8	20	10	22	19	14	15	22	13	23	13	17	16	15	15	17	24	11	13	5	14	16	12	20	19	19	25	6	5	4	16	22	20	2	10	21	13	26	19	8	21	20	22	23	17	23	19	25	22	17	6	24	29	4
45	10	15	1	10	16	1	5	10	15	19	20	29	2	14	18	23	8	22	20	19	6	6	24	22	6	18	16	7	3	15	15	5	12	15	5	3	4	25	25	15	11	16	2	2	15	31	5	2	3	20	3	10	7	12	5	20	12	11	10	21	14	1	22	8	11	2	11	3	5	11	2	14	7	3	5	20	8	21	18	7	11	1	3	16	7	7	6	3	2	19	15	21	19	6	21	9	16	3	26	2
45	10	17	1	20	19	15	6	18	18	20	20	32	6	17	20	23	23	23	20	22	7	17	25	22	20	18	19	20	9	17	16	10	13	21	23	4	14	27	29	15	21	17	16	8	19	33	8	19	11	20	7	14	14	22	12	23	13	17	12	22	20	1	23	10	12	13	13	17	7	15	3	19	23	17	14	22	10	23	20	21	17	8	4	26	22	8	22	15	9	23	15	23	21	24	22	15	26	3	29	3
46	9	10	3	8	16	2	4	18	10	14	20	31	2	12	18	23	6	22	20	19	6	7	21	9	6	6	6	20	1	11	11	5	10	3	22	2	12	25	26	4	11	13	10	1	11	30	5	5	3	20	3	10	1	12	7	20	4	11	12	18	20	5	22	8	11	1	14	12	9	12	4	19	8	3	3	4	8	1	9	2	7	19	2	16	16	2	13	10	1	19	18	21	20	6	22	17	4	6	29	4
46	21	15	9	11	19	4	7	19	20	22	20	33	6	17	20	23	23	24	22	26	20	18	25	22	21	22	19	23	9	17	17	9	17	22	24	5	14	27	27	15	22	18	15	10	17	32	7	21	13	20	17	16	7	19	9	22	12	15	17	21	20	17	24	10	13	10	15	20	10	12	7	20	25	6	16	23	12	23	20	4	7	21	5	21	16	8	21	15	21	20	21	21	21	24	23	17	25	6	29	11
47	9	17	5	8	16	1	4	17	7	11	10	29	6	12	20	3	5	19	20	22	11	15	25	22	21	6	19	22	23	15	11	2	3	6	1	3	4	24	27	5	4	18	15	1	4	14	7	20	10	20	17	16	14	19	4	22	4	15	12	3	12	2	20	10	7	2	9	12	4	8	2	19	5	2	6	19	5	2	20	3	7	19	2	16	3	2	13	3	1	19	18	21	20	6	22	17	25	6	29	11
47	21	17	5	20	17	2	4	18	10	19	20	32	18	14	20	23	8	23	23	26	15	15	25	22	21	6	20	22	23	17	16	13	3	6	1	23	11	24	28	12	18	18	15	10	15	30	8	20	13	20	20	16	21	23	4	24	12	29	17	18	15	2	22	10	13	3	11	16	12	11	19	20	25	3	12	24	11	23	20	4	10	21	13	20	16	2	13	14	3	20	18	21	20	6	22	17	25	6	29	11
48	12	7	4	8	14	16	7	20	1	19	15	10	5	19	20	4	6	21	24	21	7	6	18	1	6	13	2	20	9	15	11	2	10	3	1	2	8	24	26	2	4	5	2	9	4	31	1	1	3	8	7	11	4	21	5	10	8	9	10	10	20	5	22	8	11	10	10	6	5	12	3	12	4	1	2	4	8	2	2	3	7	8	3	20	4	1	6	7	1	23	18	17	15	1	17	10	2	24	24	11
48	22	17	8	19	24	17	7	21	8	20	15	30	5	19	20	4	6	21	24	21	9	8	25	22	21	18	19	24	23	15	15	19	15	6	23	3	11	28	27	5	9	15	17	12	18	32	8	22	13	19	19	11	15	24	12	23	13	28	12	19	20	5	23	9	11	10	14	20	9	18	7	15	23	9	13	17	18	3	18	21	10	22	4	26	23	6	6	15	21	23	22	23	19	21	21	15	25	24	29	20
49	9	7	2	8	17	2	4	11	14	6	14	4	6	12	18	3	2	17	20	19	11	6	21	22	6	12	19	20	9	15	13	2	2	1	3	3	4	26	27	1	4	15	16	8	4	30	1	20	13	8	3	14	4	20	7	14	12	14	16	16	14	1	22	9	11	7	10	3	5	18	4	20	4	3	16	4	5	23	18	2	3	19	5	16	7	6	11	7	1	19	13	7	2	5	14	10	2	5	29	5
49	12	17	3	8	24	14	7	18	19	18	20	29	21	17	18	23	6	22	22	19	19	17	25	22	21	12	21	22	22	17	16	9	13	15	5	3	8	27	29	15	4	17	17	9	15	32	7	22	13	8	18	14	14	23	7	14	12	14	16	16	15	5	23	11	12	10	13	16	12	18	19	20	25	3	16	17	12	23	18	2	12	22	16	26	22	6	13	12	21	22	15	20	21	25	14	12	16	26	30	5
50	10	10	7	10	14	2	4	17	7	20	8	31	6	19	18	2	5	18	16	19	15	8	16	1	6	17	2	23	3	11	13	2	9	1	1	3	8	24	21	7	20	15	5	8	18	24	2	5	3	8	3	16	4	23	3	17	6	14	10	3	14	1	22	8	12	1	13	12	5	12	1	17	7	6	13	4	11	1	18	2	4	2	4	21	16	6	4	15	1	19	15	17	19	24	15	9	2	3	24	3
50	22	17	9	19	16	17	7	20	8	20	14	32	20	21	21	25	6	25	20	19	19	19	23	4	21	22	2	24	3	17	16	9	16	15	1	5	21	28	29	12	21	17	13	10	19	31	7	5	6	8	3	16	22	23	9	20	8	29	12	5	20	17	22	11	15	5	13	16	12	20	3	20	11	17	17	22	11	2	19	11	11	21	13	26	22	8	13	20	2	24	17	21	21	24	22	15	26	24	26	5
51	11	19	11	1	5	19	12	6	7	1	16	1	3	4	5	1	3	2	12	4	8	20	24	23	3	7	13	7	12	8	6	12	1	6	1	4	9	16	4	16	23	7	13	5	2	3	10	6	17	10	19	12	5	15	12	8	4	2	13	15	2	10	25	10	14	8	14	21	2	15	8	6	20	10	8	3	5	2	9	6	15	4	17	11	6	6	10	14	10	25	10	15	22	1	2	11	27	19	21	2
51	22	19	12	21	18	19	18	22	17	4	21	26	6	8	14	26	5	5	24	7	8	21	26	24	3	8	14	20	21	18	8	20	19	11	6	23	11	18	4	17	24	13	18	22	5	34	23	23	18	18	21	19	6	15	13	15	16	14	14	19	15	11	26	16	15	9	24	22	15	17	17	21	26	21	13	7	14	24	9	11	22	15	18	11	9	8	13	14	23	25	11	24	23	25	4	11	28	19	31	5
52	8	19	7	3	1	20	10	1	17	5	19	1	3	3	1	5	3	26	9	7	13	20	21	24	3	7	14	20	11	10	3	15	6	6	1	1	4	12	30	18	25	4	18	21	4	3	24	4	17	18	1	19	7	8	2	11	6	2	13	14	8	7	1	2	10	4	6	23	16	21	8	4	12	11	13	2	5	24	8	6	16	2	19	9	6	3	19	15	2	5	12	15	24	1	5	15	26	28	31	5
52	11	20	14	4	25	21	20	2	18	23	21	2	8	22	5	6	24	26	25	27	13	21	27	25	21	8	15	23	12	19	4	21	19	8	12	23	8	18	31	19	26	7	19	23	20	27	25	23	19	21	18	20	14	25	5	15	9	4	16	20	13	11	25	10	14	9	15	24	17	22	11	21	20	14	13	3	12	25	9	15	23	21	20	27	24	20	22	21	8	17	12	15	25	1	5	15	29	28	31	10
53	9	2	5	1	1	21	13	4	7	23	15	2	8	3	5	1	4	8	11	7	2	18	25	7	6	5	13	20	12	10	4	12	14	8	1	3	9	14	31	18	24	7	14	22	4	7	26	1	18	9	9	19	22	7	5	12	4	30	12	13	2	11	19	6	3	7	8	25	7	12	11	8	13	12	1	2	11	26	9	12	22	4	18	11	9	6	14	14	4	7	10	15	25	1	4	15	26	17	18	10
53	10	20	15	3	19	22	20	23	11	24	16	6	18	8	16	6	24	20	25	28	10	20	27	26	16	5	14	24	24	18	6	22	20	9	2	23	11	18	32	20	27	7	14	22	15	34	27	23	20	13	9	19	22	10	5	15	11	31	14	14	12	18	27	10	6	8	15	26	18	15	14	22	18	14	6	23	16	27	19	12	24	22	21	27	24	6	21	20	23	25	12	18	26	8	6	21	28	28	20	11
54	8	19	7	3	1	10	13	2	18	3	19	1	3	22	1	5	3	26	11	3	2	8	26	23	3	5	6	7	21	8	1	13	4	4	1	3	9	12	20	21	26	7	14	18	4	27	28	2	17	7	4	7	14	7	2	13	9	1	9	2	8	18	1	10	4	9	6	21	7	18	15	6	17	7	1	13	5	24	3	6	10	8	20	11	1	3	4	13	8	17	23	17	23	26	4	13	27	3	29	11
54	23	20	11	21	4	23	20	2	19	25	21	5	5	23	6	26	7	27	25	16	13	20	26	23	15	8	14	22	25	19	4	15	21	6	1	23	11	22	20	21	26	13	20	22	20	28	29	23	18	9	12	20	15	14	9	13	17	3	13	23	20	19	26	17	10	9	24	24	17	23	20	10	20	12	18	25	7	28	8	6	15	20	21	28	6	10	9	19	12	25	24	20	27	27	16	22	30	26	32	21
55	9	2	10	5	15	23	20	2	12	1	22	8	1	3	5	1	3	2	24	4	2	11	15	25	6	5	14	20	25	7	7	20	16	19	6	3	8	18	2	22	24	4	13	4	5	7	26	1	18	8	9	19	6	10	2	8	3	14	11	6	12	10	19	3	2	8	2	25	2	8	8	9	19	11	3	2	8	24	8	8	24	22	19	27	24	3	12	15	4	7	24	19	23	6	2	9	27	1	21	5
55	24	21	17	7	26	24	21	22	19	2	22	26	3	8	5	5	3	8	24	28	10	22	24	26	21	5	22	24	26	18	7	23	19	20	16	16	9	18	4	22	25	8	21	21	20	34	29	24	18	20	19	20	23	15	13	12	16	32	13	19	14	18	25	3	3	9	8	27	7	15	13	22	21	14	6	26	11	24	18	12	24	22	21	27	24	6	14	20	22	7	25	25	23	6	2	17	28	1	31	5
56	8	19	3	21	7	10	13	1	7	3	16	1	6	3	15	5	5	7	12	3	10	20	24	24	3	5	11	7	12	8	6	11	5	8	3	3	11	16	31	19	25	4	18	4	20	26	24	2	17	18	9	19	11	10	2	8	9	31	11	13	12	18	19	6	2	5	8	25	4	15	12	9	12	7	6	3	1	1	8	8	13	22	19	5	5	3	9	14	2	7	12	15	23	8	2	13	28	1	23	10
56	25	21	8	22	7	23	22	2	15	8	19	5	19	3	16	12	22	20	25	27	13	22	26	25	3	8	14	24	21	18	8	11	20	15	5	5	13	20	32	22	28	14	22	23	20	27	30	4	21	21	19	20	22	15	13	25	16	32	14	19	12	18	19	6	3	9	8	27	7	18	21	21	13	14	9	15	18	24	8	15	22	22	21	10	21	3	14	19	12	25	25	15	26	27	16	22	31	24	31	21
57	11	19	7	2	6	20	22	1	7	23	15	8	1	4	5	1	3	2	24	28	8	16	21	7	6	5	13	20	12	18	3	21	3	4	12	1	4	12	30	16	24	7	14	18	15	7	27	23	18	10	4	15	1	7	2	13	3	3	5	2	1	10	19	3	1	6	8	25	7	12	11	9	13	10	6	15	7	4	9	8	10	20	20	11	2	3	4	10	10	17	10	18	27	2	24	15	32	5	3	11
57	11	22	12	4	18	22	22	6	17	23	22	26	19	8	16	1	7	26	24	28	10	23	24	26	16	5	13	24	26	20	3	21	4	6	17	23	13	17	31	18	26	14	20	22	20	34	31	23	20	13	14	21	4	26	9	24	17	31	13	4	12	18	26	10	3	8	14	26	19	15	20	21	20	14	18	26	11	24	20	11	19	21	21	28	6	8	11	18	23	26	26	23	28	28	25	23	32	21	23	16
58	23	19	9	22	4	19	22	6	15	8	21	8	1	3	3	5	3	2	12	4	13	20	21	24	3	5	14	21	11	8	7	21	3	10	12	23	9	12	2	16	25	4	13	21	5	27	10	1	17	8	14	18	1	5	2	6	3	14	13	1	12	10	13	3	3	8	24	21	4	15	11	4	12	11	1	2	7	23	8	8	17	4	18	10	1	3	6	10	3	13	12	16	24	1	5	9	28	2	3	11
58	25	21	13	22	4	19	22	6	15	8	21	9	1	8	5	26	3	26	21	27	13	24	24	25	6	8	15	23	26	19	13	24	8	10	17	23	11	17	4	22	29	8	21	23	20	28	24	3	18	21	19	22	13	9	7	20	18	14	14	21	15	12	25	18	4	8	27	27	7	15	12	6	20	14	6	26	14	24	9	12	22	7	18	12	6	3	9	18	8	27	26	23	28	2	25	15	32	19	20	11
59	14	22	3	12	7	10	12	8	16	4	15	7	1	8	5	1	3	2	9	4	2	11	16	10	3	5	20	22	25	18	3	15	2	2	5	23	10	12	7	17	25	4	21	3	20	19	24	2	17	9	9	18	2	10	2	12	3	31	13	4	12	10	19	6	2	4	1	21	2	9	18	10	12	7	18	7	7	4	3	8	15	6	19	10	1	8	9	6	8	13	23	17	23	6	2	9	27	1	7	5
59	22	23	10	21	25	20	18	22	18	24	21	8	18	23	6	26	5	28	21	8	13	11	16	17	5	8	20	24	27	19	4	21	20	10	17	24	10	14	31	22	28	14	22	23	21	27	30	4	22	21	14	22	22	26	2	24	4	33	14	13	20	18	19	6	4	5	8	25	7	20	20	21	26	10	18	13	14	28	9	11	19	8	21	28	1	10	13	19	8	26	24	24	27	7	2	13	28	6	21	11
60	10	5	3	3	1	20	13	3	15	1	16	7	1	3	3	2	3	26	9	17	8	20	24	25	2	5	11	20	11	7	1	11	4	4	5	1	9	12	24	21	24	4	13	18	11	3	25	2	17	8	4	18	2	6	2	13	9	1	9	2	12	13	25	6	1	8	27	25	1	18	15	6	13	7	1	23	5	23	8	6	3	2	17	5	6	2	4	13	12	7	11	15	24	2	5	15	28	2	3	10
60	21	20	18	22	14	23	13	22	16	4	21	9	19	11	6	5	7	28	12	27	13	23	25	26	3	8	12	21	26	19	4	15	19	6	25	23	10	18	31	22	26	7	20	21	20	27	31	23	18	10	12	21	4	14	9	15	17	32	18	3	12	18	25	19	2	8	27	28	13	20	15	23	17	21	3	25	11	25	19	15	23	21	20	9	24	10	14	21	24	17	27	23	29	8	25	17	32	28	17	11
61	17	4	5	19	7	25	12	2	10	2	21	12	5	16	9	1	1	11	12	13	21	25	12	17	9	17	11	20	16	8	5	22	4	23	2	1	17	7	9	3	1	16	4	10	5	22	13	16	23	2	3	7	1	7	1	7	12	4	1	18	3	17	3	6	18	5	28	10	9	3	11	13	3	1	14	22	6	29	19	14	23	15	22	13	9	3	17	6	8	2	9	3	8	29	3	19	3	9	1	5
61	26	6	7	23	27	25	13	8	10	9	21	34	5	18	20	18	22	13	24	29	22	26	28	25	9	18	23	21	25	18	18	25	22	23	16	3	17	29	16	12	30	18	9	15	11	31	13	18	24	11	9	10	19	14	9	12	19	9	8	24	9	20	13	20	19	15	28	15	20	20	11	13	3	1	16	22	6	29	19	14	25	15	23	23	20	6	19	12	25	28	11	3	12	30	24	19	8	29	6	11
62	2	4	12	19	7	11	9	1	12	5	25	13	19	5	19	23	4	14	17	30	21	25	12	7	9	12	14	20	28	8	1	23	4	23	13	1	10	29	33	6	30	5	9	2	3	21	13	16	24	2	1	21	19	7	7	7	15	11	8	8	3	21	1	3	16	16	10	12	21	8	1	18	24	9	6	1	10	22	3	6	18	1	15	7	15	4	16	13	10	8	7	2	6	31	8	4	8	8	1	3
62	26	24	14	23	28	25	22	4	21	23	26	27	20	5	22	27	8	29	23	30	21	27	28	17	9	17	24	21	29	18	9	26	23	24	17	4	20	30	33	8	30	16	9	10	15	22	13	16	24	5	9	21	21	7	7	26	15	17	8	24	8	22	14	12	19	17	11	16	22	9	1	20	25	16	17	16	18	23	6	8	25	7	22	22	20	8	17	18	11	28	11	8	12	32	24	24	9	10	13	10
63	18	4	5	19	4	7	12	6	12	2	15	28	2	1	10	3	24	11	16	31	21	28	6	2	9	12	24	20	25	7	6	26	20	22	8	1	11	29	12	6	1	13	4	18	5	22	32	9	10	1	4	7	19	10	3	7	5	4	1	15	8	17	1	3	16	5	10	11	14	10	11	13	3	1	14	22	6	13	8	10	18	1	15	6	12	6	3	7	10	8	7	1	6	12	2	16	1	8	8	3
63	20	14	5	19	7	7	12	6	12	2	16	35	5	6	10	23	25	16	23	31	23	29	12	17	9	17	25	24	28	8	9	27	21	23	16	3	17	30	17	10	1	15	23	20	5	31	32	25	11	11	8	10	23	14	16	19	15	6	7	25	9	21	14	19	19	15	12	15	21	20	12	17	22	17	16	26	8	30	19	12	23	15	24	7	15	8	17	18	25	28	11	6	10	16	8	24	8	11	14	4
64	17	6	5	23	4	25	9	2	10	2	16	12	2	16	20	6	3	12	12	10	21	30	12	17	12	2	15	20	20	3	1	24	22	22	12	3	11	29	12	10	8	13	4	5	11	20	32	14	11	12	6	7	19	7	7	19	13	11	1	8	8	6	2	3	16	5	12	11	11	20	1	18	11	9	8	1	14	8	3	8	18	1	14	3	13	8	16	18	7	1	11	2	11	30	2	18	7	10	6	5
64	26	24	12	24	27	25	13	8	12	9	20	13	5	24	23	18	5	13	21	31	24	30	17	24	22	20	25	24	27	7	5	27	22	23	16	3	11	29	34	10	21	17	4	15	11	31	32	25	23	12	9	21	21	7	9	26	15	17	8	24	9	21	2	19	19	17	29	16	22	24	1	24	25	17	17	26	18	22	12	11	26	15	25	7	20	10	17	19	23	8	12	6	12	33	8	19	8	12	13	10
65	2	19	5	12	2	10	9	1	10	2	16	12	5	18	20	5	1	12	20	29	22	26	6	2	9	1	23	20	20	3	8	21	4	5	8	1	12	7	9	1	3	16	1	12	4	22	13	17	23	11	1	7	2	3	3	2	13	6	2	8	7	20	2	19	16	16	10	12	21	9	3	19	4	3	6	1	8	26	8	9	18	1	15	3	13	3	16	18	10	2	11	2	7	17	4	18	3	8	6	3
65	26	24	12	19	7	25	20	2	22	26	21	35	22	25	20	5	5	13	25	29	23	30	15	24	12	17	24	20	25	8	18	27	4	23	9	3	17	15	17	9	7	16	9	12	5	22	32	17	25	12	6	21	21	8	9	3	15	9	2	21	8	21	3	19	17	18	28	16	23	9	7	25	23	8	11	15	11	31	9	11	26	15	25	7	15	8	17	21	12	28	23	6	8	32	8	19	7	15	15	10
66	12	14	3	19	7	8	9	1	10	2	16	13	5	7	23	5	5	12	21	13	21	25	2	7	8	3	26	20	25	7	1	23	19	22	12	4	10	7	17	10	2	13	9	17	11	14	13	14	10	1	6	5	16	9	2	2	12	4	6	15	3	17	14	6	17	5	12	16	11	8	1	18	25	9	17	1	18	22	3	6	23	7	22	1	11	4	4	6	8	1	11	1	8	12	8	19	6	9	13	2
66	26	24	12	19	27	25	22	8	23	27	16	35	22	26	24	19	22	12	25	29	23	31	6	17	12	18	27	22	28	20	8	24	22	25	17	24	10	29	33	11	9	13	23	21	11	35	32	26	10	1	9	13	22	14	3	16	13	9	8	20	9	23	14	7	19	15	28	20	24	10	1	18	25	9	17	1	18	22	3	6	25	15	26	24	13	8	14	19	13	1	11	2	11	30	24	20	7	30	33	11
67	15	4	3	13	4	25	9	2	12	1	16	35	5	1	23	5	5	12	24	29	23	29	12	17	8	12	25	24	27	7	2	21	4	25	8	1	11	7	33	6	1	13	4	5	5	14	12	15	9	1	1	5	4	9	2	1	12	6	1	18	9	2	13	6	6	4	10	11	11	3	1	18	24	6	12	1	12	22	3	6	14	4	25	3	12	3	16	19	7	1	8	2	11	17	8	19	8	10	13	10
67	15	6	5	19	4	25	12	6	23	23	16	35	5	26	24	23	24	12	25	31	24	30	12	17	12	20	25	24	28	7	8	24	19	26	12	23	17	31	33	10	30	13	4	5	11	30	15	16	10	1	5	13	21	14	3	16	15	9	19	20	11	20	16	7	19	17	12	14	20	9	3	26	25	9	17	25	18	24	19	8	27	15	27	3	13	3	16	21	10	29	11	13	12	33	8	24	8	15	33	11
68	2	1	12	19	3	10	9	1	13	4	16	12	5	6	23	1	3	12	21	13	21	28	6	7	12	12	25	20	25	7	4	23	23	21	17	3	10	8	19	9	1	13	4	5	11	14	12	14	10	1	1	5	2	9	2	1	12	4	1	18	4	17	14	6	19	4	28	16	9	10	1	13	2	2	8	19	5	13	12	8	22	7	24	1	9	6	3	6	8	1	23	6	8	32	4	4	3	8	1	3
68	26	4	14	23	9	10	13	4	21	5	21	35	5	24	24	20	5	30	24	31	23	29	6	10	12	12	27	22	28	7	5	27	23	21	17	4	11	29	33	11	30	16	7	19	22	22	13	17	24	2	18	10	4	14	3	16	15	9	19	20	9	17	14	6	19	4	28	16	11	10	11	15	5	16	11	26	20	14	19	14	23	7	26	23	9	8	4	6	25	2	23	13	13	32	24	18	9	10	15	3
69	15	24	4	13	4	7	9	2	10	2	16	12	5	18	18	5	5	13	12	31	21	26	12	7	10	6	11	20	18	10	5	24	20	22	12	1	10	29	9	10	9	13	4	15	11	20	9	9	10	11	5	10	16	7	2	16	5	4	1	15	4	6	1	3	18	4	10	15	9	10	1	18	24	8	12	1	8	22	3	6	28	7	22	22	10	10	12	21	10	8	9	3	11	32	6	19	3	29	14	1
69	26	24	12	24	7	11	10	2	12	23	16	12	5	24	19	10	5	30	21	31	25	30	28	25	10	20	15	25	28	21	8	24	22	25	12	3	11	31	33	11	9	15	23	18	11	35	13	14	25	12	6	13	23	10	16	19	12	7	7	15	9	17	3	17	19	5	29	20	14	10	12	20	25	9	17	25	18	26	8	8	28	15	25	22	14	20	16	21	12	29	11	7	12	32	8	20	6	31	15	10
70	16	2	3	14	5	12	12	2	12	2	15	12	2	5	10	10	4	30	12	11	21	27	12	7	9	12	15	24	18	10	2	21	4	26	8	1	17	7	12	6	9	13	23	5	3	31	11	15	11	11	8	8	2	14	2	2	12	4	8	18	9	6	1	6	19	4	10	11	9	3	1	15	11	16	8	26	1	9	6	8	25	7	25	3	13	10	16	18	23	8	11	7	7	13	8	10	4	9	6	2
70	20	4	9	19	7	25	22	6	24	2	24	27	19	24	20	28	7	31	19	32	23	29	28	17	10	20	24	25	29	18	2	26	21	26	17	1	20	31	33	6	9	13	23	17	11	35	15	18	11	12	12	11	21	14	3	16	13	11	19	19	11	17	2	6	19	5	29	12	14	3	12	20	22	17	12	26	8	31	12	8	25	15	25	3	13	10	16	21	23	8	11	9	8	17	26	24	6	30	8	3
71	9	7	1	15	10	3	5	20	7	2	7	28	6	3	14	7	4	2	13	10	8	6	15	6	16	12	17	26	16	7	2	28	24	3	3	1	22	29	22	5	1	4	10	5	4	30	4	7	26	10	12	20	15	22	13	8	6	4	20	2	21	3	19	5	20	2	7	23	11	17	11	2	3	10	3	13	8	3	15	24	7	13	2	22	19	21	3	14	3	29	16	6	6	15	14	10	1	10	19	16
71	12	25	6	15	14	14	14	20	16	24	27	36	6	3	14	7	7	2	14	15	26	32	16	8	16	20	19	26	30	18	2	28	24	5	25	1	23	29	35	5	20	15	12	16	11	35	33	11	27	18	22	22	16	27	17	25	9	8	21	2	22	19	23	21	21	5	16	26	11	25	12	21	6	21	19	27	20	32	15	25	11	23	13	22	22	21	3	15	5	30	24	21	30	29	19	17	15	32	19	18
72	9	12	2	17	4	1	14	7	14	4	7	22	5	3	15	7	5	2	15	10	12	14	16	4	11	20	2	7	16	7	2	28	24	2	1	1	22	8	22	10	19	13	4	15	3	20	34	1	4	21	15	12	6	20	9	6	6	8	20	5	14	7	19	9	21	3	30	22	14	13	2	1	2	14	6	12	6	28	15	26	3	11	7	5	6	8	2	4	13	30	16	22	8	13	17	17	1	10	10	9
72	17	13	3	17	14	14	23	23	14	28	28	36	6	24	23	29	26	32	26	33	18	32	18	8	16	20	4	12	21	22	18	29	25	7	5	25	23	32	29	13	19	15	9	15	5	32	34	6	5	22	22	19	16	28	15	25	20	11	22	11	15	7	24	22	22	10	31	23	25	26	5	2	6	15	20	28	21	32	22	27	7	13	16	22	22	22	13	15	25	31	22	26	14	32	20	20	15	15	31	16
73	9	13	5	15	4	1	2	4	7	2	1	17	5	18	9	30	22	28	27	33	5	10	16	3	14	1	6	6	10	7	2	7	24	1	3	1	22	32	21	10	1	15	12	5	5	35	4	11	26	7	22	19	6	20	15	8	4	8	22	1	20	2	16	4	21	2	7	20	20	16	3	24	1	7	14	8	22	5	22	28	7	4	7	2	5	2	6	3	14	29	10	6	14	11	19	11	1	8	16	14
73	13	26	6	17	19	15	3	20	14	8	4	22	22	24	12	31	26	32	27	34	27	13	28	6	16	20	12	12	19	21	14	30	24	5	3	24	23	33	29	11	1	15	12	17	11	35	4	11	28	10	22	19	6	20	15	8	6	11	22	11	23	7	27	21	23	3	31	23	24	23	3	24	6	7	21	27	22	28	23	28	11	14	26	2	9	3	12	23	18	30	16	21	30	15	19	19	6	10	18	14
74	10	7	2	15	16	2	14	19	1	24	4	22	5	18	9	30	27	28	27	35	12	14	26	8	15	13	2	12	16	7	8	18	26	1	3	23	22	11	22	2	1	9	10	5	5	24	4	10	3	10	23	7	5	21	18	19	3	9	20	2	15	8	19	11	20	1	32	4	9	25	2	2	2	10	3	12	20	2	15	24	10	7	24	2	5	8	14	15	19	28	12	7	10	13	19	10	8	8	17	16
74	14	12	6	23	17	15	17	23	18	28	4	24	22	18	11	32	27	28	28	35	18	32	29	22	19	20	6	27	18	18	14	30	27	15	25	23	24	33	25	11	25	15	12	22	11	35	34	11	26	20	23	7	5	21	18	19	3	17	22	2	21	16	27	22	24	2	33	5	25	27	12	15	27	10	3	29	21	6	24	28	12	24	26	5	19	23	14	23	25	30	28	22	14	29	19	19	12	14	31	17
75	10	3	3	23	4	4	3	7	15	2	4	22	5	18	9	30	22	28	27	33	27	4	16	6	18	1	18	6	10	8	14	5	27	5	5	1	23	31	20	9	19	9	11	20	3	20	34	5	4	20	15	12	7	20	8	6	5	11	20	2	8	2	19	5	21	3	31	2	5	14	2	2	1	10	1	27	20	28	15	26	4	6	3	22	19	8	3	14	6	1	11	7	6	13	19	11	2	8	18	4
75	14	9	5	23	9	17	3	22	16	2	11	22	22	18	9	32	27	28	28	35	28	6	26	6	18	12	21	10	30	20	19	30	28	5	26	1	24	32	26	13	22	15	23	22	5	31	35	10	6	21	24	20	17	29	15	13	21	17	22	2	19	7	24	21	25	7	32	4	9	23	5	24	2	13	3	30	21	32	15	27	11	24	26	29	20	21	14	23	13	30	15	16	14	15	19	19	5	9	33	16
76	9	11	5	17	4	4	14	8	2	4	4	22	5	3	9	7	5	2	15	10	3	14	28	4	14	17	6	10	10	20	2	28	24	5	3	1	22	9	22	5	1	14	7	5	11	24	4	1	4	7	13	15	15	22	8	8	6	8	20	2	12	7	16	4	21	2	6	5	9	23	2	2	1	10	2	12	21	1	22	29	7	14	7	2	5	2	6	23	13	24	16	1	13	10	19	10	1	8	11	4
76	12	25	19	17	14	14	23	19	16	28	7	36	6	18	15	32	27	28	27	35	18	14	28	6	14	20	16	10	19	20	2	28	24	5	3	23	23	29	22	5	25	15	12	17	11	35	36	5	29	20	22	20	16	29	17	13	18	17	22	5	23	19	25	11	21	2	30	20	20	27	12	27	27	12	14	30	22	28	24	30	7	14	16	2	6	6	10	23	14	30	17	17	31	13	27	11	25	9	13	16
77	13	13	4	17	19	3	15	19	7	8	28	17	5	18	23	29	26	32	26	30	5	10	15	6	11	17	5	5	18	22	14	8	24	2	3	1	22	33	22	10	19	13	9	15	3	20	12	1	3	21	4	15	16	29	8	13	9	8	22	2	16	19	17	5	21	5	30	5	11	25	2	13	1	14	2	9	23	1	24	28	11	7	13	2	5	8	3	14	3	29	22	22	8	29	19	20	15	8	17	9
77	14	25	19	17	24	3	17	20	18	8	28	22	5	24	24	33	27	33	29	33	18	12	16	22	18	18	18	10	21	23	18	28	27	2	3	25	23	34	29	11	19	18	9	17	3	32	33	5	4	22	13	22	21	30	13	13	18	15	23	5	22	19	26	22	22	10	34	26	25	26	5	15	27	15	13	30	24	4	25	28	11	10	26	22	25	21	12	23	18	29	22	26	13	32	20	24	15	16	31	16
78	13	7	6	15	14	3	14	19	1	24	1	22	5	3	12	7	7	5	14	10	1	1	15	5	16	17	17	5	16	7	2	28	24	3	5	24	23	8	21	9	9	4	8	15	4	13	2	1	30	13	11	5	7	21	10	17	3	9	24	2	12	7	1	1	20	3	30	9	24	14	3	24	1	7	4	8	20	1	25	24	10	14	6	5	5	2	14	3	13	29	22	26	8	17	17	10	13	14	16	7
78	21	12	6	24	16	15	14	20	17	28	28	36	6	18	14	29	26	32	30	33	8	32	16	8	16	20	22	11	18	18	4	30	24	3	5	24	25	34	22	11	21	15	23	15	11	33	2	11	31	18	23	23	24	31	10	19	16	9	25	6	14	19	26	8	23	7	31	15	25	16	12	24	28	13	15	10	22	28	26	25	11	15	23	29	10	8	17	23	13	31	24	26	13	32	17	17	15	14	31	18
79	12	25	1	15	16	4	1	19	14	1	4	22	5	15	10	29	26	32	26	33	1	12	16	5	17	2	16	5	18	19	8	18	28	7	3	1	26	32	22	2	19	8	4	15	4	30	6	6	3	18	14	15	5	21	8	6	3	17	22	5	15	7	19	9	22	1	7	4	10	22	2	15	1	10	1	12	21	2	24	17	7	7	13	2	9	8	14	3	18	23	22	21	6	12	17	17	15	14	17	7
79	12	25	19	17	23	14	14	23	16	28	28	24	5	24	23	33	26	33	28	36	3	13	17	22	18	13	18	8	19	20	9	28	29	15	6	23	26	34	35	9	21	15	11	21	11	32	34	27	4	20	25	15	17	32	10	14	21	17	22	6	19	8	23	22	22	4	30	5	25	25	5	15	27	12	3	27	25	5	24	28	11	23	26	24	19	24	20	15	25	31	24	22	8	29	19	24	15	15	19	18
80	9	13	5	17	4	1	2	4	14	2	1	25	6	3	24	22	4	7	14	5	8	5	18	8	15	20	2	7	16	7	8	28	25	2	1	1	23	32	22	2	1	4	11	5	3	14	4	5	27	9	23	5	7	20	10	6	3	8	20	2	16	8	26	22	20	3	16	5	25	14	2	15	8	10	3	10	6	1	27	29	11	7	23	27	6	8	12	23	13	28	10	21	6	10	18	17	6	8	10	14
80	10	25	19	17	14	15	3	20	18	8	28	35	6	18	24	29	26	27	29	36	12	32	18	8	16	20	17	11	16	20	14	30	27	15	3	1	26	34	26	13	9	15	12	18	11	35	33	5	29	20	24	18	7	21	19	19	6	9	25	2	23	17	27	22	22	3	33	5	26	25	11	24	27	13	6	11	13	2	27	30	11	15	26	29	12	8	12	23	18	29	24	21	14	32	19	19	15	16	19	18
