1665428636
1665428641
1665428646
1665428651
1665428656
1665849788
1665849793
1665849798
1665849803
1665849808
1665849994
1665849999
1665850004
1665850009
1665850014
1665850223
1665850228
1665850233
1665850238
1665850243
1665850257
1665850262
1665850267
1665850272
1665850277
1665850507
1665850512
1665850517
1665850522
1665850527
1665850588
1665850593
1665850598
1665850603
1665850608
1665978732
1665978737
1665978742
1665978747
1665978752
1665978757
1665978762
1665978767
1665978772
1665978777
1665978782
1665978787
1665978792
1665978797
1665978802
1665978807
1665978812
1665978817
1665978822
1665978827
1665978832
1665978837
1665978842
1665978847
1665978852
1665978857
1665978862
1665978867
1665978872
1665978877
1665978882
1665978887
1665978892
1665978897
1665978902
1665978907
1665978912
1665978917
1665978922
1665978927
1665978932
1665978937
1665978942
1665978947
1665978952
1665978957
1665978962
1665978967
1665978972
1665978977
