1667315731
1667315736
1667315741
1667315746
1667315751
1667315756
1667315761
1667315766
1667315771
1667315776
1667315781
1667315786
1667315791
1667315796
1667315801
1667315806
1667315811
1667315816
1667315821
1667315826
1667315831
1667315836
1667315841
1667315846
1667315851
1667315856
1667315861
1667315866
1667315871
1667315876
1667315881
1667315886
1667315891
1667315896
1667315901
1667315906
1667315911
1667315916
1667315921
1667315926
1667315931
1667315936
1667315941
1667315946
1667315951
1667315956
1667315961
1667315966
1667315971
1667315976
