1666976575
1666976580
1666976585
1666976590
1666976595
1666976600
1666976605
1666976610
1666976615
1666976620
1666976625
1666976630
1666976635
1666976640
1666976645
1666976650
1666976655
1666976660
1666976665
1666976670
1666976675
1666976680
1666976685
1666976690
1666976695
1666976700
1666976705
1666976710
1666976715
1666976720
1666976726
1666976731
1666976736
1666976741
1666976746
1666976751
1666976756
1666976761
1666976766
1666976771
1666976776
1666976781
1666976786
1666976791
1666976796
1666976801
1666976806
1666976811
1666976816
1666976821
