1667393076
1667393081
1667393086
1667393091
1667393096
1667393101
1667393106
1667393111
1667393116
1667393121
1667393126
1667393131
1667393136
1667393141
1667393146
1667393151
1667393156
1667393161
1667393166
1667393171
1667393176
1667393181
1667393186
1667393191
1667393196
1667393201
1667393206
1667393211
1667393216
1667393221
1667393226
1667393231
1667393236
1667393242
1667393247
1667393252
1667393257
1667393262
1667393267
1667393272
1667393277
1667393282
1667393287
1667393292
1667393297
1667393302
1667393307
1667393312
1667393317
1667393322
