

----------------------------------------------------
STRUCTURE by Pritchard, Stephens and Donnelly (2000)
     and Falush, Stephens and Pritchard (2003)
       Code by Pritchard, Falush and Hubisz
             Version 2.3.4 (Jul 2012)
----------------------------------------------------



Command line arguments:   /usr/local/bin/structure -i parentandhybrid1.str -m mainparams.txt -e extraparams.txt -K 4 -o parentandhybrid4Deme_2 
Input File:    parentandhybrid1.str

Run parameters:
   50 individuals
   100 loci
   4 populations assumed
   200000 Burn-in period
   200000 Reps


--------------------------------------------
Overall proportion of membership of the
sample in each of the 4 clusters

Inferred Clusters
  1      2      3      4    
0.299  0.200  0.301  0.200  

--------------------------------------------

Allele-freq. divergence among pops (Net nucleotide distance),
computed using point estimates of P.

      1       2       3       4      
 1      -    0.0981  0.1021  0.1077  
 2   0.0981     -    0.0930  0.0907  
 3   0.1021  0.0930     -    0.1053  
 4   0.1077  0.0907  0.1053     -    

Average distances (expected heterozygosity) between individuals in same cluster:
cluster  1  : 0.8423 
cluster  2  : 0.8694 
cluster  3  : 0.8505 
cluster  4  : 0.8498 

--------------------------------------------
Estimated Ln Prob of Data   = -22964.5
Mean value of ln likelihood = -21401.3
Variance of ln likelihood   = 3126.4
Mean value of alpha         = 0.0281

Mean value of Fst_1         = 0.1454
Mean value of Fst_2         = 0.1156
Mean value of Fst_3         = 0.1406
Mean value of Fst_4         = 0.1393


Inferred ancestry of individuals:
        Label (%Miss) :  Inferred clusters
  1        1    (0)   :  0.000 0.001 0.998 0.000 
  2        2    (0)   :  0.001 0.000 0.999 0.000 
  3        3    (0)   :  0.001 0.001 0.998 0.000 
  4        4    (0)   :  0.000 0.001 0.998 0.001 
  5        5    (0)   :  0.000 0.000 0.999 0.000 
  6        6    (0)   :  0.000 0.000 0.999 0.000 
  7        7    (0)   :  0.001 0.001 0.998 0.001 
  8        8    (0)   :  0.001 0.000 0.999 0.000 
  9        9    (0)   :  0.001 0.000 0.999 0.001 
 10       10    (0)   :  0.001 0.000 0.998 0.000 
 11       11    (0)   :  0.998 0.000 0.000 0.001 
 12       12    (0)   :  0.999 0.000 0.000 0.000 
 13       13    (0)   :  0.999 0.001 0.000 0.000 
 14       14    (0)   :  0.999 0.000 0.000 0.000 
 15       15    (0)   :  0.999 0.000 0.000 0.001 
 16       16    (0)   :  0.999 0.000 0.000 0.001 
 17       17    (0)   :  0.997 0.000 0.002 0.001 
 18       18    (0)   :  0.998 0.001 0.000 0.000 
 19       19    (0)   :  0.999 0.000 0.000 0.000 
 20       20    (0)   :  0.999 0.000 0.000 0.000 
 21      h01    (0)   :  0.512 0.000 0.487 0.000 
 22      h02    (0)   :  0.495 0.000 0.505 0.000 
 23      h03    (0)   :  0.481 0.000 0.518 0.000 
 24      h04    (0)   :  0.473 0.000 0.526 0.000 
 25      h05    (0)   :  0.511 0.000 0.489 0.000 
 26      h06    (0)   :  0.503 0.000 0.497 0.000 
 27      h07    (0)   :  0.528 0.000 0.471 0.000 
 28      h08    (0)   :  0.460 0.000 0.540 0.000 
 29      h09    (0)   :  0.472 0.000 0.527 0.000 
 30      h10    (0)   :  0.497 0.000 0.502 0.000 
 31       21    (0)   :  0.000 0.999 0.000 0.000 
 32       22    (0)   :  0.000 0.999 0.000 0.001 
 33       23    (0)   :  0.000 0.997 0.000 0.002 
 34       24    (0)   :  0.000 0.999 0.000 0.000 
 35       25    (0)   :  0.001 0.998 0.000 0.001 
 36       26    (0)   :  0.000 0.998 0.001 0.001 
 37       27    (0)   :  0.000 0.999 0.000 0.000 
 38       28    (0)   :  0.000 0.999 0.000 0.000 
 39       29    (0)   :  0.000 0.998 0.000 0.001 
 40       30    (0)   :  0.000 0.999 0.000 0.000 
 41       31    (0)   :  0.000 0.000 0.001 0.999 
 42       32    (0)   :  0.000 0.000 0.000 0.999 
 43       33    (0)   :  0.000 0.000 0.000 0.999 
 44       34    (0)   :  0.000 0.000 0.000 0.999 
 45       35    (0)   :  0.000 0.000 0.001 0.999 
 46       36    (0)   :  0.000 0.001 0.001 0.998 
 47       37    (0)   :  0.000 0.000 0.000 0.999 
 48       38    (0)   :  0.000 0.001 0.000 0.999 
 49       39    (0)   :  0.000 0.001 0.000 0.999 
 50       40    (0)   :  0.000 0.001 0.000 0.999 


Estimated Allele Frequencies in each cluster
First column gives estimated ancestral frequencies


Locus 1 : locus1 
19 alleles
0.0% missing data
   1   (0.074) 0.120 0.021 0.240 0.018 
   2   (0.042) 0.011 0.012 0.116 0.010 
   3   (0.071) 0.084 0.020 0.050 0.055 
   4   (0.036) 0.008 0.010 0.089 0.009 
   5   (0.087) 0.100 0.169 0.067 0.021 
   6   (0.034) 0.006 0.009 0.091 0.008 
   7   (0.077) 0.018 0.057 0.149 0.056 
   8   (0.031) 0.005 0.009 0.034 0.007 
   9   (0.081) 0.067 0.023 0.070 0.134 
  10   (0.063) 0.065 0.162 0.011 0.015 
  11   (0.073) 0.278 0.129 0.020 0.017 
  12   (0.078) 0.197 0.166 0.021 0.018 
  13   (0.039) 0.006 0.119 0.007 0.009 
  14   (0.031) 0.005 0.045 0.005 0.007 
  15   (0.037) 0.006 0.010 0.006 0.161 
  16   (0.037) 0.006 0.010 0.006 0.123 
  17   (0.035) 0.006 0.010 0.006 0.085 
  18   (0.037) 0.006 0.010 0.006 0.123 
  19   (0.035) 0.006 0.010 0.006 0.123 

Locus 2 : locus2 
18 alleles
0.0% missing data
   1   (0.070) 0.016 0.020 0.171 0.055 
   2   (0.083) 0.021 0.023 0.306 0.096 
   3   (0.122) 0.160 0.034 0.157 0.182 
   4   (0.045) 0.012 0.013 0.057 0.011 
   5   (0.041) 0.009 0.011 0.086 0.010 
   6   (0.035) 0.006 0.010 0.033 0.008 
   7   (0.038) 0.010 0.011 0.057 0.009 
   8   (0.035) 0.006 0.010 0.033 0.008 
   9   (0.067) 0.093 0.019 0.015 0.092 
  10   (0.093) 0.463 0.026 0.023 0.136 
  11   (0.080) 0.127 0.022 0.013 0.286 
  12   (0.037) 0.035 0.010 0.006 0.009 
  13   (0.051) 0.008 0.303 0.008 0.012 
  14   (0.050) 0.009 0.303 0.008 0.012 
  15   (0.038) 0.006 0.047 0.006 0.009 
  16   (0.036) 0.006 0.046 0.006 0.009 
  17   (0.041) 0.007 0.084 0.007 0.010 
  18   (0.037) 0.006 0.010 0.006 0.047 

Locus 3 : locus3 
22 alleles
0.0% missing data
   1   (0.044) 0.011 0.012 0.197 0.010 
   2   (0.041) 0.008 0.011 0.144 0.010 
   3   (0.048) 0.011 0.013 0.254 0.011 
   4   (0.043) 0.010 0.012 0.087 0.010 
   5   (0.062) 0.014 0.053 0.090 0.015 
   6   (0.038) 0.009 0.011 0.087 0.009 
   7   (0.085) 0.235 0.024 0.016 0.287 
   8   (0.070) 0.092 0.019 0.016 0.207 
   9   (0.045) 0.253 0.012 0.013 0.011 
  10   (0.043) 0.168 0.012 0.013 0.010 
  11   (0.041) 0.088 0.011 0.009 0.010 
  12   (0.052) 0.036 0.014 0.009 0.050 
  13   (0.047) 0.008 0.230 0.008 0.011 
  14   (0.040) 0.007 0.120 0.007 0.009 
  15   (0.042) 0.007 0.156 0.007 0.010 
  16   (0.040) 0.006 0.155 0.007 0.009 
  17   (0.035) 0.006 0.046 0.006 0.008 
  18   (0.035) 0.006 0.046 0.006 0.008 
  19   (0.036) 0.006 0.010 0.006 0.085 
  20   (0.043) 0.007 0.012 0.007 0.125 
  21   (0.037) 0.006 0.010 0.006 0.047 
  22   (0.034) 0.006 0.009 0.006 0.046 

Locus 4 : locus4 
17 alleles
0.0% missing data
   1   (0.119) 0.062 0.033 0.282 0.333 
   2   (0.064) 0.021 0.018 0.139 0.053 
   3   (0.070) 0.160 0.019 0.113 0.017 
   4   (0.074) 0.166 0.020 0.164 0.018 
   5   (0.090) 0.088 0.025 0.054 0.174 
   6   (0.039) 0.008 0.011 0.116 0.009 
   7   (0.035) 0.006 0.010 0.034 0.008 
   8   (0.050) 0.036 0.014 0.008 0.050 
   9   (0.087) 0.042 0.314 0.015 0.059 
  10   (0.123) 0.314 0.106 0.034 0.220 
  11   (0.031) 0.033 0.009 0.005 0.007 
  12   (0.032) 0.033 0.009 0.005 0.008 
  13   (0.044) 0.007 0.193 0.007 0.010 
  14   (0.038) 0.006 0.083 0.006 0.009 
  15   (0.035) 0.006 0.046 0.006 0.008 
  16   (0.036) 0.006 0.046 0.006 0.008 
  17   (0.033) 0.006 0.045 0.006 0.008 

Locus 5 : locus5 
14 alleles
0.0% missing data
   1   (0.070) 0.018 0.019 0.278 0.054 
   2   (0.070) 0.018 0.019 0.196 0.054 
   3   (0.101) 0.021 0.064 0.258 0.138 
   4   (0.068) 0.016 0.091 0.089 0.016 
   5   (0.036) 0.006 0.010 0.033 0.008 
   6   (0.079) 0.229 0.022 0.023 0.095 
   7   (0.084) 0.213 0.204 0.014 0.020 
   8   (0.107) 0.128 0.138 0.021 0.140 
   9   (0.119) 0.177 0.214 0.032 0.104 
  10   (0.050) 0.037 0.014 0.008 0.050 
  11   (0.099) 0.065 0.172 0.024 0.100 
  12   (0.039) 0.059 0.011 0.010 0.009 
  13   (0.038) 0.006 0.011 0.006 0.086 
  14   (0.039) 0.007 0.011 0.007 0.124 

Locus 6 : locus6 
13 alleles
0.0% missing data
   1   (0.113) 0.023 0.212 0.101 0.141 
   2   (0.085) 0.383 0.024 0.138 0.020 
   3   (0.122) 0.027 0.142 0.243 0.144 
   4   (0.069) 0.082 0.019 0.166 0.016 
   5   (0.075) 0.012 0.093 0.042 0.056 
   6   (0.041) 0.010 0.011 0.061 0.010 
   7   (0.038) 0.006 0.010 0.064 0.009 
   8   (0.144) 0.162 0.112 0.107 0.187 
   9   (0.109) 0.063 0.283 0.028 0.102 
  10   (0.074) 0.212 0.021 0.029 0.055 
  11   (0.058) 0.009 0.052 0.010 0.128 
  12   (0.037) 0.006 0.010 0.007 0.085 
  13   (0.035) 0.006 0.010 0.006 0.046 

Locus 7 : locus7 
17 alleles
0.0% missing data
   1   (0.044) 0.010 0.012 0.271 0.010 
   2   (0.096) 0.084 0.027 0.167 0.137 
   3   (0.041) 0.011 0.012 0.137 0.010 
   4   (0.035) 0.011 0.010 0.055 0.008 
   5   (0.102) 0.190 0.137 0.123 0.024 
   6   (0.037) 0.010 0.010 0.055 0.009 
   7   (0.059) 0.022 0.016 0.078 0.052 
   8   (0.034) 0.035 0.009 0.006 0.008 
   9   (0.083) 0.097 0.059 0.018 0.134 
  10   (0.063) 0.095 0.017 0.013 0.130 
  11   (0.115) 0.136 0.285 0.019 0.218 
  12   (0.078) 0.096 0.275 0.017 0.018 
  13   (0.067) 0.120 0.019 0.017 0.130 
  14   (0.034) 0.064 0.009 0.006 0.008 
  15   (0.048) 0.008 0.049 0.008 0.049 
  16   (0.032) 0.006 0.045 0.005 0.008 
  17   (0.033) 0.006 0.009 0.005 0.046 

Locus 8 : locus8 
24 alleles
0.0% missing data
   1   (0.042) 0.013 0.011 0.276 0.010 
   2   (0.037) 0.007 0.010 0.198 0.009 
   3   (0.042) 0.011 0.012 0.141 0.010 
   4   (0.028) 0.005 0.008 0.032 0.007 
   5   (0.034) 0.013 0.009 0.081 0.008 
   6   (0.057) 0.009 0.233 0.036 0.013 
   7   (0.059) 0.010 0.197 0.065 0.014 
   8   (0.027) 0.004 0.008 0.032 0.006 
   9   (0.062) 0.145 0.089 0.016 0.015 
  10   (0.063) 0.170 0.018 0.019 0.091 
  11   (0.050) 0.147 0.014 0.010 0.050 
  12   (0.051) 0.119 0.014 0.011 0.050 
  13   (0.070) 0.204 0.019 0.016 0.093 
  14   (0.033) 0.058 0.009 0.009 0.008 
  15   (0.048) 0.036 0.086 0.008 0.011 
  16   (0.033) 0.005 0.045 0.006 0.008 
  17   (0.033) 0.005 0.081 0.006 0.008 
  18   (0.034) 0.006 0.081 0.006 0.008 
  19   (0.034) 0.006 0.009 0.006 0.199 
  20   (0.035) 0.006 0.010 0.006 0.123 
  21   (0.031) 0.005 0.009 0.005 0.046 
  22   (0.031) 0.005 0.008 0.005 0.045 
  23   (0.033) 0.006 0.009 0.006 0.084 
  24   (0.031) 0.005 0.009 0.005 0.084 

Locus 9 : locus9 
19 alleles
0.0% missing data
   1   (0.040) 0.009 0.011 0.170 0.009 
   2   (0.057) 0.009 0.016 0.065 0.089 
   3   (0.039) 0.006 0.011 0.118 0.009 
   4   (0.054) 0.009 0.015 0.037 0.051 
   5   (0.075) 0.016 0.021 0.092 0.170 
   6   (0.078) 0.025 0.022 0.140 0.210 
   7   (0.036) 0.006 0.010 0.034 0.008 
   8   (0.038) 0.010 0.011 0.059 0.009 
   9   (0.049) 0.014 0.014 0.169 0.012 
  10   (0.053) 0.283 0.015 0.013 0.013 
  11   (0.102) 0.343 0.245 0.025 0.024 
  12   (0.065) 0.066 0.163 0.011 0.016 
  13   (0.078) 0.116 0.239 0.021 0.018 
  14   (0.056) 0.059 0.052 0.015 0.013 
  15   (0.037) 0.006 0.083 0.006 0.009 
  16   (0.032) 0.005 0.045 0.005 0.007 
  17   (0.037) 0.006 0.010 0.006 0.085 
  18   (0.035) 0.006 0.010 0.006 0.123 
  19   (0.037) 0.006 0.010 0.006 0.123 

Locus 10 : locus10 
20 alleles
0.0% missing data
   1   (0.073) 0.149 0.020 0.180 0.017 
   2   (0.080) 0.020 0.167 0.199 0.019 
   3   (0.079) 0.368 0.022 0.132 0.019 
   4   (0.082) 0.017 0.059 0.092 0.096 
   5   (0.063) 0.017 0.018 0.197 0.053 
   6   (0.074) 0.117 0.021 0.047 0.056 
   7   (0.055) 0.015 0.051 0.059 0.013 
   8   (0.081) 0.227 0.023 0.024 0.210 
   9   (0.045) 0.007 0.265 0.008 0.011 
  10   (0.032) 0.005 0.045 0.005 0.008 
  11   (0.033) 0.006 0.081 0.006 0.008 
  12   (0.032) 0.005 0.045 0.005 0.008 
  13   (0.036) 0.006 0.082 0.006 0.009 
  14   (0.030) 0.005 0.044 0.005 0.007 
  15   (0.038) 0.006 0.011 0.006 0.124 
  16   (0.031) 0.005 0.009 0.005 0.045 
  17   (0.032) 0.005 0.009 0.005 0.046 
  18   (0.035) 0.006 0.010 0.006 0.085 
  19   (0.033) 0.006 0.009 0.006 0.046 
  20   (0.036) 0.006 0.010 0.006 0.123 

Locus 11 : locus11 
24 alleles
0.0% missing data
   1   (0.039) 0.013 0.011 0.136 0.009 
   2   (0.040) 0.009 0.011 0.278 0.009 
   3   (0.031) 0.005 0.009 0.033 0.007 
   4   (0.038) 0.009 0.010 0.168 0.009 
   5   (0.036) 0.011 0.010 0.111 0.009 
   6   (0.031) 0.005 0.009 0.060 0.007 
   7   (0.031) 0.005 0.009 0.032 0.007 
   8   (0.029) 0.005 0.008 0.032 0.007 
   9   (0.069) 0.234 0.019 0.015 0.169 
  10   (0.059) 0.091 0.016 0.013 0.090 
  11   (0.072) 0.206 0.020 0.016 0.246 
  12   (0.038) 0.144 0.011 0.010 0.009 
  13   (0.047) 0.036 0.086 0.008 0.011 
  14   (0.069) 0.084 0.236 0.023 0.016 
  15   (0.036) 0.058 0.010 0.010 0.008 
  16   (0.049) 0.036 0.014 0.008 0.088 
  17   (0.043) 0.007 0.120 0.007 0.010 
  18   (0.040) 0.007 0.192 0.007 0.010 
  19   (0.035) 0.006 0.082 0.006 0.008 
  20   (0.030) 0.005 0.044 0.005 0.007 
  21   (0.032) 0.005 0.045 0.005 0.008 
  22   (0.035) 0.006 0.010 0.006 0.046 
  23   (0.040) 0.007 0.011 0.007 0.162 
  24   (0.032) 0.005 0.009 0.005 0.046 

Locus 12 : locus12 
23 alleles
0.0% missing data
   1   (0.053) 0.010 0.051 0.150 0.013 
   2   (0.037) 0.007 0.010 0.176 0.009 
   3   (0.065) 0.047 0.054 0.087 0.015 
   4   (0.039) 0.012 0.011 0.143 0.009 
   5   (0.041) 0.008 0.011 0.119 0.010 
   6   (0.046) 0.007 0.013 0.036 0.049 
   7   (0.064) 0.020 0.162 0.085 0.015 
   8   (0.065) 0.082 0.054 0.050 0.016 
   9   (0.029) 0.005 0.008 0.034 0.007 
  10   (0.065) 0.188 0.090 0.023 0.015 
  11   (0.060) 0.143 0.089 0.013 0.014 
  12   (0.064) 0.330 0.053 0.019 0.015 
  13   (0.030) 0.032 0.008 0.005 0.007 
  14   (0.033) 0.060 0.009 0.006 0.008 
  15   (0.031) 0.005 0.081 0.006 0.007 
  16   (0.046) 0.007 0.085 0.008 0.049 
  17   (0.030) 0.005 0.117 0.005 0.007 
  18   (0.032) 0.005 0.045 0.006 0.008 
  19   (0.032) 0.005 0.009 0.006 0.122 
  20   (0.032) 0.005 0.009 0.006 0.122 
  21   (0.037) 0.006 0.010 0.006 0.200 
  22   (0.035) 0.006 0.010 0.006 0.200 
  23   (0.032) 0.005 0.009 0.006 0.084 

Locus 13 : locus13 
18 alleles
0.0% missing data
   1   (0.058) 0.011 0.052 0.148 0.014 
   2   (0.057) 0.045 0.016 0.114 0.013 
   3   (0.120) 0.414 0.141 0.179 0.028 
   4   (0.063) 0.010 0.126 0.095 0.015 
   5   (0.084) 0.054 0.132 0.058 0.020 
   6   (0.085) 0.024 0.204 0.228 0.020 
   7   (0.103) 0.211 0.137 0.100 0.024 
   8   (0.055) 0.059 0.051 0.015 0.013 
   9   (0.031) 0.033 0.009 0.005 0.007 
  10   (0.035) 0.033 0.010 0.006 0.008 
  11   (0.035) 0.033 0.010 0.006 0.008 
  12   (0.034) 0.033 0.010 0.006 0.008 
  13   (0.047) 0.008 0.049 0.008 0.049 
  14   (0.040) 0.007 0.011 0.007 0.124 
  15   (0.036) 0.006 0.010 0.006 0.046 
  16   (0.039) 0.006 0.011 0.007 0.276 
  17   (0.041) 0.007 0.011 0.007 0.200 
  18   (0.039) 0.006 0.011 0.007 0.124 

Locus 14 : locus14 
24 alleles
0.0% missing data
   1   (0.031) 0.005 0.009 0.032 0.008 
   2   (0.042) 0.012 0.012 0.188 0.010 
   3   (0.044) 0.012 0.012 0.295 0.010 
   4   (0.035) 0.006 0.010 0.085 0.008 
   5   (0.041) 0.013 0.011 0.160 0.010 
   6   (0.054) 0.125 0.015 0.062 0.013 
   7   (0.056) 0.126 0.016 0.062 0.013 
   8   (0.035) 0.094 0.010 0.006 0.008 
   9   (0.035) 0.094 0.010 0.006 0.008 
  10   (0.035) 0.121 0.010 0.007 0.008 
  11   (0.041) 0.268 0.011 0.009 0.010 
  12   (0.032) 0.035 0.009 0.005 0.008 
  13   (0.033) 0.006 0.045 0.005 0.008 
  14   (0.034) 0.006 0.081 0.006 0.008 
  15   (0.055) 0.010 0.051 0.009 0.242 
  16   (0.053) 0.009 0.123 0.009 0.051 
  17   (0.031) 0.005 0.045 0.005 0.007 
  18   (0.053) 0.009 0.051 0.009 0.165 
  19   (0.037) 0.006 0.119 0.006 0.009 
  20   (0.058) 0.010 0.125 0.009 0.090 
  21   (0.050) 0.009 0.086 0.008 0.126 
  22   (0.034) 0.006 0.082 0.006 0.008 
  23   (0.047) 0.008 0.049 0.008 0.049 
  24   (0.034) 0.006 0.009 0.005 0.122 

Locus 15 : locus15 
24 alleles
0.0% missing data
   1   (0.043) 0.010 0.012 0.279 0.010 
   2   (0.045) 0.011 0.013 0.388 0.011 
   3   (0.036) 0.008 0.010 0.086 0.009 
   4   (0.056) 0.009 0.124 0.036 0.013 
   5   (0.037) 0.010 0.010 0.057 0.009 
   6   (0.037) 0.201 0.010 0.008 0.009 
   7   (0.034) 0.088 0.009 0.008 0.008 
   8   (0.041) 0.199 0.011 0.011 0.010 
   9   (0.031) 0.033 0.009 0.005 0.007 
  10   (0.037) 0.113 0.010 0.011 0.009 
  11   (0.041) 0.083 0.011 0.015 0.010 
  12   (0.038) 0.063 0.010 0.006 0.009 
  13   (0.047) 0.036 0.086 0.008 0.011 
  14   (0.031) 0.033 0.009 0.005 0.007 
  15   (0.030) 0.033 0.009 0.005 0.007 
  16   (0.034) 0.006 0.118 0.006 0.008 
  17   (0.064) 0.011 0.090 0.011 0.206 
  18   (0.031) 0.005 0.081 0.005 0.007 
  19   (0.050) 0.008 0.049 0.008 0.089 
  20   (0.055) 0.009 0.051 0.009 0.166 
  21   (0.063) 0.010 0.090 0.011 0.244 
  22   (0.057) 0.010 0.161 0.010 0.051 
  23   (0.034) 0.006 0.009 0.006 0.046 
  24   (0.028) 0.005 0.008 0.005 0.045 

Locus 16 : locus16 
15 alleles
0.0% missing data
   1   (0.093) 0.045 0.315 0.041 0.022 
   2   (0.091) 0.167 0.025 0.353 0.021 
   3   (0.041) 0.007 0.011 0.113 0.010 
   4   (0.054) 0.023 0.015 0.235 0.013 
   5   (0.035) 0.006 0.010 0.032 0.008 
   6   (0.089) 0.092 0.133 0.051 0.021 
   7   (0.104) 0.211 0.137 0.054 0.025 
   8   (0.037) 0.006 0.010 0.033 0.009 
   9   (0.092) 0.098 0.062 0.020 0.136 
  10   (0.106) 0.100 0.102 0.022 0.216 
  11   (0.077) 0.214 0.093 0.016 0.018 
  12   (0.059) 0.010 0.052 0.010 0.129 
  13   (0.046) 0.008 0.013 0.007 0.240 
  14   (0.038) 0.007 0.011 0.006 0.086 
  15   (0.037) 0.006 0.010 0.006 0.047 

Locus 17 : locus17 
20 alleles
0.0% missing data
   1   (0.046) 0.012 0.013 0.284 0.011 
   2   (0.043) 0.008 0.012 0.146 0.010 
   3   (0.043) 0.010 0.012 0.144 0.010 
   4   (0.039) 0.006 0.011 0.091 0.009 
   5   (0.039) 0.010 0.011 0.059 0.009 
   6   (0.052) 0.036 0.014 0.037 0.012 
   7   (0.114) 0.033 0.248 0.088 0.141 
   8   (0.051) 0.008 0.014 0.037 0.089 
   9   (0.048) 0.389 0.013 0.012 0.011 
  10   (0.039) 0.086 0.011 0.010 0.009 
  11   (0.039) 0.057 0.011 0.011 0.009 
  12   (0.046) 0.195 0.013 0.013 0.011 
  13   (0.035) 0.061 0.010 0.006 0.008 
  14   (0.034) 0.033 0.010 0.006 0.008 
  15   (0.033) 0.005 0.081 0.006 0.008 
  16   (0.058) 0.009 0.088 0.010 0.128 
  17   (0.061) 0.010 0.162 0.010 0.052 
  18   (0.062) 0.010 0.126 0.011 0.091 
  19   (0.063) 0.010 0.053 0.011 0.321 
  20   (0.054) 0.009 0.087 0.009 0.051 

Locus 18 : locus18 
20 alleles
0.0% missing data
   1   (0.042) 0.009 0.012 0.113 0.010 
   2   (0.081) 0.028 0.022 0.322 0.134 
   3   (0.038) 0.007 0.011 0.115 0.009 
   4   (0.036) 0.006 0.010 0.060 0.008 
   5   (0.109) 0.380 0.030 0.188 0.064 
   6   (0.062) 0.011 0.017 0.037 0.282 
   7   (0.038) 0.011 0.011 0.056 0.009 
   8   (0.054) 0.038 0.087 0.009 0.013 
   9   (0.055) 0.062 0.015 0.014 0.051 
  10   (0.080) 0.269 0.022 0.016 0.209 
  11   (0.056) 0.092 0.016 0.012 0.051 
  12   (0.054) 0.038 0.124 0.009 0.013 
  13   (0.037) 0.006 0.082 0.006 0.009 
  14   (0.041) 0.007 0.156 0.007 0.010 
  15   (0.034) 0.006 0.081 0.006 0.008 
  16   (0.033) 0.006 0.045 0.005 0.008 
  17   (0.042) 0.007 0.120 0.007 0.010 
  18   (0.036) 0.006 0.082 0.006 0.009 
  19   (0.034) 0.006 0.045 0.006 0.008 
  20   (0.039) 0.007 0.011 0.006 0.086 

Locus 19 : locus19 
25 alleles
0.0% missing data
   1   (0.044) 0.015 0.012 0.294 0.010 
   2   (0.030) 0.005 0.008 0.059 0.007 
   3   (0.030) 0.007 0.008 0.110 0.007 
   4   (0.039) 0.012 0.011 0.108 0.009 
   5   (0.049) 0.037 0.014 0.115 0.012 
   6   (0.054) 0.098 0.015 0.086 0.013 
   7   (0.083) 0.116 0.023 0.105 0.134 
   8   (0.037) 0.121 0.010 0.008 0.009 
   9   (0.032) 0.059 0.009 0.009 0.008 
  10   (0.062) 0.210 0.017 0.014 0.167 
  11   (0.035) 0.148 0.010 0.009 0.008 
  12   (0.051) 0.037 0.014 0.008 0.318 
  13   (0.047) 0.037 0.013 0.008 0.087 
  14   (0.053) 0.038 0.015 0.009 0.127 
  15   (0.030) 0.005 0.044 0.005 0.007 
  16   (0.039) 0.007 0.155 0.006 0.009 
  17   (0.032) 0.006 0.081 0.005 0.008 
  18   (0.033) 0.006 0.081 0.005 0.008 
  19   (0.035) 0.006 0.082 0.006 0.008 
  20   (0.035) 0.006 0.118 0.006 0.008 
  21   (0.029) 0.005 0.044 0.005 0.007 
  22   (0.031) 0.005 0.045 0.005 0.007 
  23   (0.030) 0.005 0.081 0.005 0.007 
  24   (0.030) 0.005 0.044 0.005 0.007 
  25   (0.029) 0.005 0.044 0.005 0.007 

Locus 20 : locus20 
15 alleles
0.0% missing data
   1   (0.092) 0.054 0.061 0.086 0.060 
   2   (0.045) 0.010 0.013 0.249 0.011 
   3   (0.048) 0.014 0.013 0.218 0.011 
   4   (0.118) 0.037 0.141 0.137 0.218 
   5   (0.100) 0.120 0.172 0.081 0.024 
   6   (0.054) 0.038 0.015 0.063 0.013 
   7   (0.039) 0.011 0.011 0.056 0.009 
   8   (0.062) 0.149 0.053 0.015 0.015 
   9   (0.038) 0.059 0.011 0.010 0.009 
  10   (0.051) 0.037 0.050 0.009 0.012 
  11   (0.033) 0.034 0.009 0.005 0.008 
  12   (0.128) 0.298 0.143 0.031 0.260 
  13   (0.035) 0.035 0.010 0.006 0.008 
  14   (0.032) 0.034 0.009 0.005 0.008 
  15   (0.123) 0.069 0.287 0.029 0.335 

Locus 21 : locus21 
20 alleles
0.0% missing data
   1   (0.066) 0.355 0.018 0.102 0.016 
   2   (0.050) 0.008 0.050 0.067 0.012 
   3   (0.034) 0.005 0.010 0.064 0.008 
   4   (0.035) 0.006 0.010 0.064 0.008 
   5   (0.035) 0.007 0.010 0.091 0.008 
   6   (0.073) 0.229 0.020 0.210 0.017 
   7   (0.078) 0.018 0.130 0.065 0.056 
   8   (0.034) 0.008 0.009 0.060 0.008 
   9   (0.077) 0.016 0.094 0.096 0.056 
  10   (0.058) 0.076 0.016 0.082 0.014 
  11   (0.040) 0.084 0.011 0.010 0.010 
  12   (0.039) 0.077 0.011 0.016 0.009 
  13   (0.035) 0.055 0.010 0.010 0.008 
  14   (0.037) 0.006 0.191 0.007 0.009 
  15   (0.053) 0.008 0.051 0.009 0.166 
  16   (0.058) 0.009 0.088 0.010 0.166 
  17   (0.055) 0.009 0.124 0.010 0.089 
  18   (0.058) 0.009 0.089 0.010 0.167 
  19   (0.053) 0.008 0.051 0.009 0.089 
  20   (0.031) 0.005 0.009 0.006 0.084 

Locus 22 : locus22 
16 alleles
0.0% missing data
   1   (0.039) 0.008 0.011 0.142 0.009 
   2   (0.088) 0.028 0.060 0.138 0.059 
   3   (0.097) 0.067 0.027 0.158 0.138 
   4   (0.073) 0.325 0.020 0.091 0.017 
   5   (0.085) 0.020 0.096 0.063 0.058 
   6   (0.038) 0.006 0.010 0.061 0.009 
   7   (0.066) 0.198 0.018 0.049 0.016 
   8   (0.070) 0.017 0.019 0.061 0.207 
   9   (0.099) 0.022 0.136 0.094 0.100 
  10   (0.080) 0.263 0.022 0.099 0.019 
  11   (0.072) 0.012 0.128 0.012 0.208 
  12   (0.037) 0.006 0.083 0.006 0.009 
  13   (0.044) 0.007 0.229 0.007 0.010 
  14   (0.038) 0.006 0.083 0.006 0.009 
  15   (0.035) 0.006 0.046 0.006 0.008 
  16   (0.040) 0.007 0.011 0.007 0.123 

Locus 23 : locus23 
17 alleles
0.0% missing data
   1   (0.094) 0.023 0.062 0.145 0.175 
   2   (0.046) 0.009 0.013 0.280 0.011 
   3   (0.083) 0.021 0.095 0.062 0.096 
   4   (0.079) 0.022 0.058 0.169 0.057 
   5   (0.101) 0.020 0.136 0.123 0.253 
   6   (0.094) 0.166 0.098 0.115 0.022 
   7   (0.040) 0.120 0.011 0.007 0.009 
   8   (0.038) 0.059 0.011 0.010 0.009 
   9   (0.034) 0.062 0.010 0.006 0.008 
  10   (0.087) 0.177 0.096 0.021 0.059 
  11   (0.067) 0.172 0.091 0.019 0.016 
  12   (0.032) 0.034 0.009 0.005 0.008 
  13   (0.034) 0.058 0.010 0.009 0.008 
  14   (0.033) 0.034 0.009 0.006 0.008 
  15   (0.066) 0.011 0.235 0.011 0.092 
  16   (0.033) 0.006 0.045 0.006 0.008 
  17   (0.038) 0.006 0.011 0.006 0.162 

Locus 24 : locus24 
18 alleles
0.0% missing data
   1   (0.081) 0.345 0.022 0.182 0.019 
   2   (0.034) 0.006 0.010 0.034 0.008 
   3   (0.103) 0.023 0.173 0.178 0.100 
   4   (0.069) 0.164 0.019 0.164 0.016 
   5   (0.079) 0.013 0.130 0.041 0.095 
   6   (0.034) 0.006 0.009 0.033 0.008 
   7   (0.059) 0.013 0.089 0.090 0.014 
   8   (0.039) 0.014 0.011 0.082 0.009 
   9   (0.063) 0.110 0.018 0.078 0.015 
  10   (0.051) 0.051 0.014 0.050 0.012 
  11   (0.053) 0.036 0.015 0.009 0.089 
  12   (0.041) 0.143 0.011 0.010 0.010 
  13   (0.032) 0.033 0.009 0.005 0.008 
  14   (0.059) 0.010 0.125 0.010 0.091 
  15   (0.070) 0.012 0.236 0.012 0.093 
  16   (0.056) 0.009 0.088 0.010 0.089 
  17   (0.037) 0.006 0.010 0.006 0.161 
  18   (0.038) 0.006 0.011 0.007 0.162 

Locus 25 : locus25 
17 alleles
0.0% missing data
   1   (0.096) 0.020 0.099 0.185 0.138 
   2   (0.035) 0.006 0.010 0.064 0.008 
   3   (0.056) 0.109 0.016 0.047 0.013 
   4   (0.081) 0.015 0.059 0.157 0.096 
   5   (0.072) 0.335 0.020 0.125 0.017 
   6   (0.057) 0.014 0.088 0.063 0.013 
   7   (0.095) 0.183 0.099 0.151 0.023 
   8   (0.085) 0.014 0.168 0.073 0.096 
   9   (0.086) 0.014 0.096 0.073 0.173 
  10   (0.062) 0.195 0.053 0.015 0.015 
  11   (0.052) 0.035 0.087 0.009 0.012 
  12   (0.031) 0.032 0.009 0.005 0.007 
  13   (0.031) 0.005 0.045 0.006 0.007 
  14   (0.057) 0.009 0.124 0.010 0.051 
  15   (0.035) 0.006 0.010 0.006 0.123 
  16   (0.035) 0.006 0.010 0.006 0.123 
  17   (0.032) 0.005 0.009 0.006 0.084 

Locus 26 : locus26 
28 alleles
0.0% missing data
   1   (0.031) 0.005 0.009 0.061 0.007 
   2   (0.027) 0.004 0.007 0.033 0.006 
   3   (0.038) 0.010 0.010 0.199 0.009 
   4   (0.035) 0.007 0.010 0.117 0.008 
   5   (0.048) 0.012 0.050 0.060 0.011 
   6   (0.035) 0.009 0.010 0.059 0.008 
   7   (0.032) 0.005 0.009 0.090 0.008 
   8   (0.033) 0.007 0.009 0.117 0.008 
   9   (0.050) 0.097 0.014 0.057 0.012 
  10   (0.035) 0.012 0.010 0.083 0.008 
  11   (0.036) 0.224 0.010 0.008 0.008 
  12   (0.033) 0.057 0.009 0.009 0.008 
  13   (0.059) 0.334 0.016 0.016 0.052 
  14   (0.059) 0.116 0.016 0.013 0.167 
  15   (0.043) 0.034 0.012 0.008 0.048 
  16   (0.036) 0.006 0.227 0.006 0.008 
  17   (0.034) 0.006 0.154 0.006 0.008 
  18   (0.028) 0.004 0.044 0.005 0.007 
  19   (0.030) 0.005 0.080 0.005 0.007 
  20   (0.029) 0.005 0.044 0.005 0.007 
  21   (0.031) 0.005 0.081 0.005 0.007 
  22   (0.032) 0.005 0.045 0.006 0.008 
  23   (0.027) 0.004 0.044 0.005 0.006 
  24   (0.028) 0.004 0.044 0.005 0.007 
  25   (0.030) 0.005 0.008 0.005 0.045 
  26   (0.031) 0.005 0.009 0.005 0.160 
  27   (0.039) 0.006 0.011 0.007 0.238 
  28   (0.032) 0.005 0.009 0.005 0.122 

Locus 27 : locus27 
18 alleles
0.0% missing data
   1   (0.040) 0.012 0.011 0.163 0.009 
   2   (0.031) 0.005 0.009 0.032 0.007 
   3   (0.079) 0.013 0.130 0.067 0.134 
   4   (0.035) 0.008 0.010 0.084 0.008 
   5   (0.035) 0.007 0.010 0.112 0.008 
   6   (0.070) 0.012 0.128 0.038 0.093 
   7   (0.034) 0.009 0.009 0.056 0.008 
   8   (0.036) 0.009 0.010 0.085 0.009 
   9   (0.096) 0.072 0.171 0.070 0.099 
  10   (0.073) 0.225 0.020 0.055 0.055 
  11   (0.065) 0.053 0.018 0.051 0.092 
  12   (0.030) 0.005 0.008 0.032 0.007 
  13   (0.036) 0.014 0.010 0.079 0.009 
  14   (0.091) 0.187 0.134 0.015 0.174 
  15   (0.044) 0.036 0.049 0.007 0.011 
  16   (0.100) 0.239 0.173 0.023 0.138 
  17   (0.073) 0.086 0.056 0.023 0.132 
  18   (0.030) 0.005 0.044 0.005 0.007 

Locus 28 : locus28 
18 alleles
0.0% missing data
   1   (0.039) 0.011 0.011 0.057 0.009 
   2   (0.033) 0.006 0.009 0.033 0.008 
   3   (0.072) 0.016 0.092 0.281 0.017 
   4   (0.044) 0.012 0.012 0.194 0.010 
   5   (0.045) 0.012 0.012 0.195 0.011 
   6   (0.031) 0.005 0.009 0.032 0.007 
   7   (0.059) 0.010 0.089 0.064 0.014 
   8   (0.108) 0.239 0.102 0.023 0.217 
   9   (0.070) 0.203 0.019 0.018 0.093 
  10   (0.034) 0.034 0.010 0.006 0.008 
  11   (0.056) 0.090 0.052 0.013 0.013 
  12   (0.108) 0.181 0.102 0.024 0.216 
  13   (0.066) 0.061 0.018 0.017 0.168 
  14   (0.066) 0.091 0.018 0.015 0.130 
  15   (0.057) 0.009 0.124 0.010 0.051 
  16   (0.038) 0.006 0.119 0.006 0.009 
  17   (0.039) 0.007 0.156 0.007 0.009 
  18   (0.035) 0.006 0.046 0.006 0.008 

Locus 29 : locus29 
20 alleles
0.0% missing data
   1   (0.039) 0.010 0.011 0.142 0.009 
   2   (0.082) 0.069 0.023 0.069 0.134 
   3   (0.041) 0.009 0.011 0.170 0.010 
   4   (0.035) 0.008 0.010 0.087 0.008 
   5   (0.051) 0.062 0.014 0.066 0.012 
   6   (0.041) 0.009 0.011 0.199 0.010 
   7   (0.064) 0.052 0.018 0.052 0.053 
   8   (0.097) 0.420 0.027 0.112 0.099 
   9   (0.054) 0.118 0.015 0.011 0.051 
  10   (0.060) 0.060 0.125 0.015 0.014 
  11   (0.038) 0.116 0.010 0.008 0.009 
  12   (0.035) 0.006 0.082 0.006 0.008 
  13   (0.032) 0.005 0.045 0.005 0.007 
  14   (0.051) 0.008 0.086 0.009 0.088 
  15   (0.058) 0.009 0.124 0.010 0.128 
  16   (0.036) 0.006 0.119 0.006 0.009 
  17   (0.030) 0.005 0.044 0.005 0.007 
  18   (0.054) 0.009 0.087 0.009 0.089 
  19   (0.055) 0.009 0.088 0.009 0.128 
  20   (0.048) 0.008 0.049 0.008 0.126 

Locus 30 : locus30 
25 alleles
0.0% missing data
   1   (0.097) 0.202 0.135 0.190 0.023 
   2   (0.055) 0.017 0.051 0.217 0.013 
   3   (0.058) 0.039 0.052 0.036 0.014 
   4   (0.055) 0.009 0.232 0.063 0.013 
   5   (0.062) 0.177 0.017 0.123 0.015 
   6   (0.034) 0.010 0.009 0.109 0.008 
   7   (0.046) 0.050 0.013 0.049 0.011 
   8   (0.053) 0.180 0.015 0.063 0.013 
   9   (0.049) 0.116 0.014 0.042 0.012 
  10   (0.050) 0.066 0.014 0.035 0.012 
  11   (0.031) 0.063 0.009 0.005 0.007 
  12   (0.029) 0.005 0.225 0.005 0.007 
  13   (0.029) 0.005 0.044 0.005 0.007 
  14   (0.031) 0.005 0.081 0.005 0.007 
  15   (0.029) 0.005 0.008 0.005 0.083 
  16   (0.034) 0.006 0.009 0.006 0.161 
  17   (0.028) 0.005 0.008 0.005 0.045 
  18   (0.033) 0.006 0.009 0.005 0.122 
  19   (0.032) 0.005 0.009 0.005 0.160 
  20   (0.028) 0.005 0.008 0.005 0.045 
  21   (0.029) 0.005 0.008 0.005 0.045 
  22   (0.026) 0.004 0.007 0.004 0.044 
  23   (0.025) 0.004 0.007 0.004 0.044 
  24   (0.028) 0.005 0.008 0.005 0.045 
  25   (0.031) 0.005 0.009 0.005 0.045 

Locus 31 : locus31 
16 alleles
0.0% missing data
   1   (0.153) 0.283 0.078 0.158 0.189 
   2   (0.098) 0.285 0.063 0.110 0.023 
   3   (0.040) 0.007 0.011 0.117 0.010 
   4   (0.074) 0.097 0.020 0.177 0.017 
   5   (0.033) 0.006 0.009 0.033 0.008 
   6   (0.034) 0.006 0.010 0.033 0.008 
   7   (0.048) 0.016 0.013 0.192 0.011 
   8   (0.067) 0.017 0.127 0.060 0.016 
   9   (0.058) 0.083 0.016 0.048 0.014 
  10   (0.087) 0.094 0.133 0.019 0.059 
  11   (0.082) 0.042 0.095 0.014 0.134 
  12   (0.062) 0.038 0.017 0.010 0.205 
  13   (0.047) 0.008 0.266 0.008 0.011 
  14   (0.038) 0.006 0.119 0.006 0.009 
  15   (0.039) 0.007 0.011 0.007 0.124 
  16   (0.039) 0.006 0.011 0.007 0.162 

Locus 32 : locus32 
21 alleles
0.0% missing data
   1   (0.046) 0.013 0.013 0.299 0.011 
   2   (0.042) 0.011 0.012 0.138 0.010 
   3   (0.059) 0.050 0.016 0.188 0.014 
   4   (0.032) 0.005 0.009 0.032 0.007 
   5   (0.045) 0.012 0.013 0.138 0.011 
   6   (0.033) 0.006 0.009 0.032 0.008 
   7   (0.048) 0.037 0.013 0.035 0.012 
   8   (0.047) 0.203 0.013 0.013 0.011 
   9   (0.057) 0.092 0.016 0.013 0.051 
  10   (0.045) 0.174 0.012 0.012 0.011 
  11   (0.081) 0.071 0.058 0.013 0.172 
  12   (0.039) 0.150 0.011 0.006 0.009 
  13   (0.036) 0.059 0.010 0.010 0.009 
  14   (0.060) 0.062 0.089 0.015 0.014 
  15   (0.039) 0.007 0.192 0.007 0.009 
  16   (0.043) 0.007 0.157 0.007 0.010 
  17   (0.039) 0.007 0.120 0.007 0.009 
  18   (0.054) 0.009 0.051 0.009 0.128 
  19   (0.057) 0.010 0.052 0.009 0.166 
  20   (0.036) 0.006 0.083 0.006 0.009 
  21   (0.061) 0.010 0.053 0.010 0.320 

Locus 33 : locus33 
21 alleles
0.0% missing data
   1   (0.038) 0.009 0.011 0.087 0.009 
   2   (0.034) 0.006 0.009 0.033 0.008 
   3   (0.136) 0.030 0.400 0.264 0.146 
   4   (0.116) 0.028 0.141 0.204 0.218 
   5   (0.045) 0.011 0.012 0.226 0.011 
   6   (0.060) 0.010 0.017 0.038 0.167 
   7   (0.055) 0.009 0.015 0.037 0.128 
   8   (0.033) 0.033 0.009 0.006 0.008 
   9   (0.036) 0.057 0.010 0.011 0.009 
  10   (0.040) 0.145 0.011 0.008 0.009 
  11   (0.035) 0.087 0.010 0.008 0.008 
  12   (0.043) 0.200 0.012 0.010 0.010 
  13   (0.040) 0.058 0.011 0.011 0.009 
  14   (0.035) 0.057 0.010 0.010 0.008 
  15   (0.042) 0.226 0.012 0.010 0.010 
  16   (0.040) 0.007 0.119 0.007 0.010 
  17   (0.032) 0.005 0.045 0.005 0.008 
  18   (0.033) 0.005 0.045 0.006 0.008 
  19   (0.040) 0.007 0.083 0.007 0.010 
  20   (0.036) 0.006 0.010 0.006 0.161 
  21   (0.030) 0.005 0.008 0.005 0.045 

Locus 34 : locus34 
21 alleles
0.0% missing data
   1   (0.058) 0.010 0.016 0.037 0.166 
   2   (0.052) 0.009 0.014 0.036 0.089 
   3   (0.037) 0.006 0.010 0.089 0.009 
   4   (0.038) 0.009 0.011 0.086 0.009 
   5   (0.091) 0.088 0.206 0.053 0.022 
   6   (0.068) 0.022 0.019 0.247 0.054 
   7   (0.041) 0.011 0.011 0.250 0.010 
   8   (0.064) 0.011 0.018 0.066 0.206 
   9   (0.029) 0.005 0.008 0.032 0.007 
  10   (0.071) 0.205 0.092 0.016 0.017 
  11   (0.062) 0.061 0.126 0.016 0.015 
  12   (0.050) 0.339 0.014 0.015 0.012 
  13   (0.072) 0.153 0.201 0.012 0.017 
  14   (0.030) 0.033 0.008 0.005 0.007 
  15   (0.039) 0.006 0.119 0.007 0.009 
  16   (0.037) 0.006 0.083 0.006 0.009 
  17   (0.031) 0.005 0.009 0.005 0.046 
  18   (0.029) 0.005 0.008 0.005 0.083 
  19   (0.037) 0.006 0.010 0.006 0.123 
  20   (0.033) 0.005 0.009 0.005 0.046 
  21   (0.032) 0.005 0.009 0.005 0.046 

Locus 35 : locus35 
21 alleles
0.0% missing data
   1   (0.034) 0.006 0.010 0.062 0.008 
   2   (0.060) 0.067 0.017 0.118 0.014 
   3   (0.059) 0.011 0.016 0.148 0.090 
   4   (0.072) 0.016 0.020 0.147 0.169 
   5   (0.045) 0.035 0.013 0.036 0.011 
   6   (0.042) 0.011 0.012 0.143 0.010 
   7   (0.100) 0.024 0.064 0.149 0.291 
   8   (0.062) 0.117 0.017 0.069 0.015 
   9   (0.063) 0.281 0.018 0.046 0.015 
  10   (0.043) 0.363 0.012 0.012 0.010 
  11   (0.044) 0.007 0.193 0.007 0.010 
  12   (0.030) 0.005 0.045 0.005 0.007 
  13   (0.036) 0.006 0.118 0.006 0.009 
  14   (0.049) 0.008 0.049 0.008 0.050 
  15   (0.038) 0.006 0.119 0.006 0.009 
  16   (0.057) 0.009 0.088 0.010 0.090 
  17   (0.032) 0.005 0.045 0.005 0.008 
  18   (0.033) 0.005 0.045 0.006 0.008 
  19   (0.030) 0.005 0.044 0.005 0.007 
  20   (0.032) 0.005 0.045 0.005 0.008 
  21   (0.041) 0.007 0.011 0.007 0.162 

Locus 36 : locus36 
21 alleles
0.0% missing data
   1   (0.042) 0.010 0.012 0.246 0.010 
   2   (0.029) 0.005 0.008 0.032 0.007 
   3   (0.069) 0.116 0.019 0.236 0.016 
   4   (0.031) 0.005 0.009 0.032 0.007 
   5   (0.096) 0.232 0.027 0.083 0.137 
   6   (0.059) 0.069 0.016 0.115 0.014 
   7   (0.079) 0.075 0.022 0.116 0.057 
   8   (0.031) 0.005 0.009 0.032 0.007 
   9   (0.035) 0.092 0.010 0.006 0.008 
  10   (0.031) 0.034 0.009 0.005 0.007 
  11   (0.067) 0.094 0.019 0.015 0.207 
  12   (0.069) 0.144 0.092 0.022 0.016 
  13   (0.034) 0.063 0.009 0.006 0.008 
  14   (0.034) 0.006 0.082 0.006 0.008 
  15   (0.038) 0.006 0.191 0.006 0.009 
  16   (0.037) 0.006 0.155 0.006 0.009 
  17   (0.054) 0.009 0.160 0.009 0.051 
  18   (0.062) 0.011 0.090 0.010 0.167 
  19   (0.033) 0.006 0.045 0.006 0.008 
  20   (0.039) 0.007 0.011 0.006 0.200 
  21   (0.029) 0.005 0.008 0.005 0.045 

Locus 37 : locus37 
24 alleles
0.0% missing data
   1   (0.051) 0.016 0.050 0.084 0.012 
   2   (0.048) 0.010 0.050 0.117 0.011 
   3   (0.032) 0.007 0.009 0.170 0.008 
   4   (0.087) 0.022 0.060 0.202 0.250 
   5   (0.051) 0.011 0.014 0.118 0.050 
   6   (0.046) 0.008 0.049 0.091 0.011 
   7   (0.060) 0.013 0.198 0.090 0.014 
   8   (0.062) 0.228 0.126 0.016 0.015 
   9   (0.029) 0.033 0.008 0.005 0.007 
  10   (0.036) 0.144 0.010 0.007 0.009 
  11   (0.034) 0.086 0.009 0.008 0.008 
  12   (0.037) 0.168 0.010 0.011 0.009 
  13   (0.044) 0.063 0.048 0.008 0.010 
  14   (0.055) 0.058 0.160 0.015 0.013 
  15   (0.030) 0.033 0.008 0.005 0.007 
  16   (0.029) 0.056 0.008 0.009 0.007 
  17   (0.031) 0.005 0.045 0.005 0.007 
  18   (0.046) 0.007 0.048 0.008 0.088 
  19   (0.050) 0.008 0.050 0.009 0.165 
  20   (0.031) 0.005 0.009 0.005 0.084 
  21   (0.027) 0.004 0.007 0.005 0.044 
  22   (0.029) 0.005 0.008 0.005 0.083 
  23   (0.030) 0.005 0.008 0.005 0.045 
  24   (0.026) 0.004 0.007 0.004 0.044 

Locus 38 : locus38 
21 alleles
0.0% missing data
   1   (0.040) 0.007 0.011 0.062 0.009 
   2   (0.043) 0.007 0.012 0.119 0.010 
   3   (0.047) 0.012 0.013 0.254 0.011 
   4   (0.057) 0.015 0.052 0.060 0.013 
   5   (0.046) 0.010 0.013 0.089 0.011 
   6   (0.070) 0.020 0.019 0.226 0.055 
   7   (0.035) 0.006 0.010 0.062 0.008 
   8   (0.050) 0.281 0.014 0.013 0.012 
   9   (0.059) 0.037 0.016 0.010 0.129 
  10   (0.059) 0.200 0.016 0.014 0.052 
  11   (0.040) 0.144 0.011 0.008 0.009 
  12   (0.044) 0.167 0.012 0.013 0.010 
  13   (0.032) 0.033 0.009 0.006 0.008 
  14   (0.040) 0.007 0.264 0.007 0.009 
  15   (0.038) 0.006 0.083 0.007 0.009 
  16   (0.040) 0.007 0.156 0.007 0.010 
  17   (0.060) 0.010 0.089 0.010 0.091 
  18   (0.067) 0.011 0.091 0.011 0.283 
  19   (0.056) 0.009 0.088 0.010 0.051 
  20   (0.039) 0.006 0.011 0.007 0.124 
  21   (0.037) 0.006 0.010 0.006 0.085 

Locus 39 : locus39 
18 alleles
0.0% missing data
   1   (0.065) 0.015 0.018 0.173 0.092 
   2   (0.062) 0.013 0.053 0.229 0.015 
   3   (0.068) 0.016 0.091 0.173 0.016 
   4   (0.066) 0.017 0.018 0.060 0.244 
   5   (0.034) 0.006 0.009 0.033 0.008 
   6   (0.058) 0.015 0.089 0.060 0.014 
   7   (0.043) 0.012 0.012 0.113 0.010 
   8   (0.047) 0.008 0.049 0.036 0.011 
   9   (0.047) 0.341 0.013 0.010 0.011 
  10   (0.080) 0.200 0.167 0.022 0.019 
  11   (0.077) 0.040 0.057 0.013 0.209 
  12   (0.055) 0.037 0.088 0.009 0.013 
  13   (0.038) 0.058 0.010 0.011 0.009 
  14   (0.041) 0.087 0.011 0.010 0.010 
  15   (0.080) 0.041 0.095 0.014 0.134 
  16   (0.072) 0.084 0.165 0.023 0.017 
  17   (0.033) 0.005 0.045 0.006 0.008 
  18   (0.035) 0.006 0.010 0.006 0.161 

Locus 40 : locus40 
24 alleles
0.0% missing data
   1   (0.041) 0.012 0.011 0.166 0.010 
   2   (0.029) 0.005 0.008 0.032 0.007 
   3   (0.077) 0.234 0.021 0.264 0.018 
   4   (0.059) 0.087 0.016 0.152 0.014 
   5   (0.049) 0.036 0.014 0.063 0.012 
   6   (0.061) 0.198 0.017 0.048 0.014 
   7   (0.032) 0.005 0.009 0.060 0.008 
   8   (0.034) 0.009 0.009 0.057 0.008 
   9   (0.058) 0.210 0.016 0.061 0.014 
  10   (0.030) 0.033 0.008 0.005 0.007 
  11   (0.036) 0.059 0.010 0.010 0.009 
  12   (0.033) 0.034 0.009 0.006 0.008 
  13   (0.058) 0.010 0.197 0.010 0.051 
  14   (0.030) 0.005 0.045 0.005 0.007 
  15   (0.035) 0.006 0.118 0.006 0.008 
  16   (0.065) 0.011 0.307 0.011 0.053 
  17   (0.050) 0.008 0.049 0.008 0.127 
  18   (0.032) 0.005 0.081 0.005 0.008 
  19   (0.032) 0.005 0.009 0.005 0.046 
  20   (0.029) 0.005 0.008 0.005 0.045 
  21   (0.036) 0.006 0.010 0.006 0.238 
  22   (0.031) 0.005 0.009 0.005 0.045 
  23   (0.037) 0.006 0.010 0.006 0.200 
  24   (0.027) 0.005 0.008 0.005 0.045 

Locus 41 : locus41 
15 alleles
0.0% missing data
   1   (0.039) 0.007 0.011 0.088 0.009 
   2   (0.074) 0.172 0.021 0.132 0.018 
   3   (0.078) 0.021 0.022 0.195 0.133 
   4   (0.083) 0.021 0.023 0.142 0.287 
   5   (0.044) 0.019 0.012 0.104 0.010 
   6   (0.079) 0.056 0.094 0.054 0.019 
   7   (0.110) 0.028 0.139 0.145 0.141 
   8   (0.105) 0.345 0.029 0.060 0.139 
   9   (0.077) 0.086 0.166 0.024 0.018 
  10   (0.105) 0.183 0.101 0.024 0.139 
  11   (0.056) 0.038 0.088 0.009 0.013 
  12   (0.037) 0.006 0.083 0.006 0.009 
  13   (0.042) 0.007 0.156 0.007 0.010 
  14   (0.036) 0.006 0.046 0.006 0.009 
  15   (0.034) 0.006 0.009 0.006 0.046 

Locus 42 : locus42 
27 alleles
0.0% missing data
   1   (0.039) 0.010 0.011 0.196 0.009 
   2   (0.030) 0.005 0.008 0.033 0.007 
   3   (0.055) 0.011 0.015 0.146 0.051 
   4   (0.034) 0.013 0.010 0.081 0.008 
   5   (0.036) 0.007 0.010 0.143 0.009 
   6   (0.053) 0.066 0.015 0.118 0.013 
   7   (0.045) 0.007 0.012 0.063 0.049 
   8   (0.052) 0.013 0.014 0.059 0.050 
   9   (0.031) 0.005 0.009 0.033 0.007 
  10   (0.030) 0.033 0.008 0.005 0.007 
  11   (0.034) 0.061 0.009 0.006 0.008 
  12   (0.037) 0.145 0.010 0.007 0.009 
  13   (0.037) 0.113 0.010 0.011 0.009 
  14   (0.040) 0.257 0.011 0.009 0.010 
  15   (0.038) 0.082 0.010 0.015 0.009 
  16   (0.037) 0.059 0.010 0.010 0.009 
  17   (0.033) 0.057 0.009 0.009 0.008 
  18   (0.039) 0.007 0.336 0.007 0.009 
  19   (0.038) 0.006 0.155 0.006 0.009 
  20   (0.032) 0.005 0.081 0.006 0.008 
  21   (0.029) 0.005 0.044 0.005 0.007 
  22   (0.032) 0.005 0.081 0.005 0.008 
  23   (0.032) 0.005 0.081 0.005 0.008 
  24   (0.030) 0.005 0.008 0.005 0.160 
  25   (0.037) 0.006 0.010 0.006 0.314 
  26   (0.040) 0.007 0.011 0.007 0.124 
  27   (0.032) 0.005 0.009 0.005 0.084 

Locus 43 : locus43 
17 alleles
0.0% missing data
   1   (0.078) 0.162 0.022 0.167 0.018 
   2   (0.093) 0.183 0.026 0.375 0.022 
   3   (0.074) 0.137 0.021 0.138 0.018 
   4   (0.125) 0.170 0.035 0.205 0.221 
   5   (0.060) 0.037 0.017 0.010 0.168 
   6   (0.045) 0.114 0.012 0.013 0.011 
   7   (0.062) 0.120 0.017 0.013 0.053 
   8   (0.038) 0.006 0.083 0.007 0.009 
   9   (0.061) 0.010 0.089 0.010 0.091 
  10   (0.064) 0.011 0.090 0.011 0.130 
  11   (0.043) 0.007 0.120 0.007 0.010 
  12   (0.033) 0.006 0.045 0.006 0.008 
  13   (0.078) 0.013 0.275 0.013 0.133 
  14   (0.038) 0.006 0.083 0.006 0.009 
  15   (0.036) 0.006 0.046 0.006 0.009 
  16   (0.036) 0.006 0.010 0.006 0.046 
  17   (0.034) 0.006 0.010 0.006 0.046 

Locus 44 : locus44 
20 alleles
0.0% missing data
   1   (0.046) 0.008 0.085 0.035 0.011 
   2   (0.064) 0.013 0.162 0.146 0.015 
   3   (0.060) 0.015 0.017 0.307 0.052 
   4   (0.056) 0.016 0.051 0.167 0.013 
   5   (0.034) 0.008 0.009 0.086 0.008 
   6   (0.032) 0.005 0.009 0.060 0.008 
   7   (0.066) 0.016 0.054 0.061 0.054 
   8   (0.065) 0.121 0.018 0.014 0.207 
   9   (0.075) 0.231 0.057 0.019 0.056 
  10   (0.059) 0.261 0.052 0.012 0.014 
  11   (0.056) 0.090 0.016 0.013 0.090 
  12   (0.083) 0.064 0.204 0.020 0.058 
  13   (0.065) 0.084 0.018 0.022 0.168 
  14   (0.053) 0.037 0.015 0.009 0.127 
  15   (0.034) 0.006 0.082 0.006 0.008 
  16   (0.030) 0.005 0.044 0.005 0.007 
  17   (0.029) 0.005 0.044 0.005 0.007 
  18   (0.031) 0.005 0.045 0.005 0.007 
  19   (0.034) 0.006 0.009 0.006 0.046 
  20   (0.028) 0.005 0.008 0.005 0.045 

Locus 45 : locus45 
20 alleles
0.0% missing data
   1   (0.038) 0.006 0.011 0.172 0.009 
   2   (0.034) 0.006 0.009 0.033 0.008 
   3   (0.061) 0.016 0.053 0.115 0.015 
   4   (0.060) 0.017 0.017 0.114 0.053 
   5   (0.052) 0.014 0.014 0.335 0.012 
   6   (0.035) 0.009 0.010 0.058 0.008 
   7   (0.033) 0.005 0.009 0.033 0.008 
   8   (0.040) 0.118 0.011 0.007 0.009 
   9   (0.048) 0.229 0.013 0.010 0.011 
  10   (0.047) 0.283 0.013 0.012 0.011 
  11   (0.081) 0.041 0.131 0.014 0.095 
  12   (0.039) 0.105 0.011 0.019 0.009 
  13   (0.085) 0.092 0.132 0.019 0.058 
  14   (0.061) 0.010 0.125 0.010 0.091 
  15   (0.070) 0.012 0.236 0.012 0.093 
  16   (0.056) 0.009 0.051 0.009 0.166 
  17   (0.054) 0.009 0.124 0.009 0.051 
  18   (0.035) 0.006 0.010 0.006 0.085 
  19   (0.037) 0.006 0.010 0.006 0.161 
  20   (0.034) 0.006 0.010 0.006 0.046 

Locus 46 : locus46 
19 alleles
0.0% missing data
   1   (0.116) 0.100 0.032 0.390 0.180 
   2   (0.061) 0.010 0.125 0.068 0.014 
   3   (0.088) 0.369 0.024 0.069 0.059 
   4   (0.061) 0.114 0.017 0.072 0.015 
   5   (0.059) 0.009 0.198 0.038 0.014 
   6   (0.075) 0.017 0.129 0.150 0.018 
   7   (0.049) 0.008 0.050 0.037 0.011 
   8   (0.039) 0.009 0.011 0.060 0.009 
   9   (0.051) 0.008 0.050 0.037 0.012 
  10   (0.043) 0.169 0.012 0.009 0.010 
  11   (0.066) 0.140 0.018 0.018 0.092 
  12   (0.036) 0.006 0.118 0.006 0.009 
  13   (0.039) 0.006 0.155 0.007 0.009 
  14   (0.034) 0.005 0.010 0.006 0.046 
  15   (0.041) 0.007 0.011 0.007 0.239 
  16   (0.037) 0.006 0.010 0.006 0.085 
  17   (0.036) 0.006 0.010 0.006 0.085 
  18   (0.035) 0.006 0.010 0.006 0.046 
  19   (0.035) 0.006 0.010 0.006 0.047 

Locus 47 : locus47 
22 alleles
0.0% missing data
   1   (0.028) 0.005 0.008 0.032 0.007 
   2   (0.074) 0.015 0.201 0.286 0.018 
   3   (0.033) 0.008 0.009 0.086 0.008 
   4   (0.066) 0.011 0.272 0.094 0.016 
   5   (0.037) 0.014 0.010 0.164 0.009 
   6   (0.035) 0.010 0.010 0.057 0.008 
   7   (0.065) 0.022 0.198 0.082 0.016 
   8   (0.044) 0.007 0.048 0.035 0.010 
   9   (0.027) 0.005 0.008 0.032 0.006 
  10   (0.051) 0.065 0.014 0.009 0.050 
  11   (0.050) 0.036 0.014 0.008 0.127 
  12   (0.035) 0.087 0.010 0.008 0.008 
  13   (0.069) 0.195 0.019 0.023 0.131 
  14   (0.055) 0.176 0.015 0.011 0.051 
  15   (0.051) 0.121 0.014 0.009 0.050 
  16   (0.061) 0.083 0.017 0.021 0.129 
  17   (0.063) 0.115 0.017 0.017 0.168 
  18   (0.031) 0.005 0.081 0.005 0.007 
  19   (0.031) 0.005 0.009 0.005 0.046 
  20   (0.033) 0.005 0.009 0.006 0.046 
  21   (0.028) 0.005 0.008 0.005 0.045 
  22   (0.033) 0.005 0.009 0.006 0.046 

Locus 48 : locus48 
21 alleles
0.0% missing data
   1   (0.037) 0.009 0.010 0.087 0.009 
   2   (0.050) 0.008 0.086 0.036 0.012 
   3   (0.036) 0.006 0.010 0.089 0.008 
   4   (0.035) 0.007 0.010 0.143 0.008 
   5   (0.037) 0.010 0.010 0.168 0.009 
   6   (0.062) 0.018 0.089 0.168 0.015 
   7   (0.034) 0.006 0.010 0.089 0.008 
   8   (0.070) 0.022 0.200 0.083 0.017 
   9   (0.035) 0.116 0.010 0.008 0.008 
  10   (0.082) 0.093 0.095 0.018 0.134 
  11   (0.038) 0.117 0.011 0.008 0.009 
  12   (0.038) 0.169 0.011 0.012 0.009 
  13   (0.049) 0.092 0.014 0.008 0.050 
  14   (0.083) 0.146 0.059 0.021 0.135 
  15   (0.052) 0.064 0.015 0.009 0.089 
  16   (0.039) 0.081 0.011 0.015 0.009 
  17   (0.049) 0.008 0.086 0.008 0.050 
  18   (0.050) 0.008 0.123 0.008 0.050 
  19   (0.031) 0.005 0.045 0.005 0.007 
  20   (0.056) 0.009 0.088 0.010 0.242 
  21   (0.036) 0.006 0.010 0.006 0.123 

Locus 49 : locus49 
20 alleles
0.0% missing data
   1   (0.063) 0.016 0.162 0.060 0.015 
   2   (0.112) 0.026 0.212 0.316 0.102 
   3   (0.058) 0.142 0.016 0.099 0.014 
   4   (0.082) 0.016 0.095 0.150 0.057 
   5   (0.052) 0.011 0.014 0.089 0.050 
   6   (0.095) 0.315 0.098 0.105 0.022 
   7   (0.067) 0.015 0.199 0.091 0.016 
   8   (0.054) 0.036 0.015 0.009 0.204 
   9   (0.031) 0.061 0.009 0.005 0.007 
  10   (0.038) 0.171 0.010 0.009 0.009 
  11   (0.037) 0.058 0.010 0.010 0.009 
  12   (0.033) 0.058 0.009 0.009 0.008 
  13   (0.032) 0.033 0.009 0.005 0.008 
  14   (0.044) 0.007 0.048 0.008 0.049 
  15   (0.032) 0.005 0.045 0.005 0.008 
  16   (0.036) 0.006 0.010 0.006 0.123 
  17   (0.037) 0.006 0.010 0.006 0.123 
  18   (0.035) 0.006 0.010 0.006 0.085 
  19   (0.031) 0.005 0.009 0.005 0.045 
  20   (0.033) 0.005 0.009 0.006 0.046 

Locus 50 : locus50 
20 alleles
0.0% missing data
   1   (0.043) 0.010 0.012 0.171 0.010 
   2   (0.107) 0.067 0.319 0.246 0.025 
   3   (0.059) 0.016 0.017 0.115 0.052 
   4   (0.065) 0.011 0.054 0.039 0.092 
   5   (0.070) 0.012 0.055 0.095 0.055 
   6   (0.086) 0.064 0.024 0.158 0.135 
   7   (0.089) 0.137 0.025 0.059 0.136 
   8   (0.048) 0.008 0.014 0.036 0.050 
   9   (0.042) 0.142 0.012 0.011 0.010 
  10   (0.047) 0.477 0.013 0.011 0.011 
  11   (0.035) 0.006 0.082 0.006 0.008 
  12   (0.037) 0.006 0.082 0.006 0.009 
  13   (0.037) 0.006 0.119 0.006 0.009 
  14   (0.036) 0.006 0.083 0.006 0.009 
  15   (0.031) 0.005 0.045 0.005 0.007 
  16   (0.036) 0.006 0.010 0.006 0.085 
  17   (0.037) 0.006 0.010 0.006 0.162 
  18   (0.032) 0.005 0.009 0.005 0.045 
  19   (0.033) 0.005 0.009 0.006 0.046 
  20   (0.030) 0.005 0.008 0.005 0.045 

Locus 51 : locus51 
20 alleles
0.0% missing data
   1   (0.088) 0.185 0.024 0.262 0.021 
   2   (0.039) 0.006 0.011 0.064 0.009 
   3   (0.035) 0.006 0.010 0.034 0.008 
   4   (0.063) 0.076 0.018 0.113 0.015 
   5   (0.082) 0.298 0.023 0.170 0.019 
   6   (0.044) 0.014 0.012 0.085 0.010 
   7   (0.045) 0.012 0.013 0.116 0.011 
   8   (0.067) 0.242 0.019 0.055 0.016 
   9   (0.040) 0.079 0.011 0.016 0.009 
  10   (0.046) 0.007 0.229 0.008 0.011 
  11   (0.041) 0.007 0.120 0.007 0.010 
  12   (0.038) 0.006 0.083 0.007 0.009 
  13   (0.061) 0.010 0.052 0.011 0.168 
  14   (0.040) 0.006 0.156 0.007 0.009 
  15   (0.035) 0.006 0.046 0.006 0.008 
  16   (0.050) 0.008 0.050 0.009 0.050 
  17   (0.068) 0.011 0.091 0.012 0.130 
  18   (0.042) 0.007 0.012 0.007 0.201 
  19   (0.044) 0.007 0.012 0.008 0.239 
  20   (0.034) 0.006 0.010 0.006 0.046 

Locus 52 : locus52 
17 alleles
0.0% missing data
   1   (0.075) 0.146 0.021 0.184 0.018 
   2   (0.068) 0.071 0.019 0.227 0.016 
   3   (0.036) 0.006 0.010 0.061 0.009 
   4   (0.092) 0.020 0.061 0.093 0.290 
   5   (0.060) 0.067 0.017 0.065 0.014 
   6   (0.099) 0.166 0.028 0.090 0.138 
   7   (0.050) 0.008 0.050 0.036 0.012 
   8   (0.089) 0.170 0.097 0.055 0.021 
   9   (0.058) 0.015 0.016 0.060 0.052 
  10   (0.037) 0.010 0.010 0.057 0.009 
  11   (0.061) 0.067 0.089 0.010 0.014 
  12   (0.039) 0.058 0.011 0.011 0.009 
  13   (0.064) 0.061 0.126 0.017 0.015 
  14   (0.044) 0.114 0.012 0.013 0.010 
  15   (0.046) 0.008 0.302 0.008 0.011 
  16   (0.038) 0.006 0.119 0.006 0.009 
  17   (0.042) 0.007 0.012 0.007 0.353 

Locus 53 : locus53 
18 alleles
0.0% missing data
   1   (0.065) 0.052 0.018 0.246 0.015 
   2   (0.121) 0.200 0.287 0.117 0.029 
   3   (0.033) 0.005 0.009 0.033 0.008 
   4   (0.082) 0.130 0.059 0.092 0.019 
   5   (0.080) 0.096 0.058 0.097 0.019 
   6   (0.042) 0.011 0.012 0.141 0.010 
   7   (0.112) 0.143 0.212 0.143 0.026 
   8   (0.105) 0.025 0.138 0.065 0.292 
   9   (0.040) 0.173 0.011 0.009 0.009 
  10   (0.036) 0.088 0.010 0.008 0.009 
  11   (0.035) 0.034 0.010 0.006 0.008 
  12   (0.030) 0.005 0.044 0.005 0.007 
  13   (0.030) 0.005 0.044 0.005 0.007 
  14   (0.047) 0.008 0.049 0.008 0.049 
  15   (0.041) 0.007 0.011 0.007 0.239 
  16   (0.038) 0.006 0.011 0.006 0.161 
  17   (0.032) 0.005 0.009 0.005 0.046 
  18   (0.032) 0.005 0.009 0.005 0.046 

Locus 54 : locus54 
15 alleles
0.0% missing data
   1   (0.100) 0.018 0.063 0.209 0.139 
   2   (0.105) 0.200 0.101 0.113 0.025 
   3   (0.080) 0.024 0.022 0.141 0.210 
   4   (0.098) 0.201 0.063 0.109 0.023 
   5   (0.059) 0.013 0.017 0.090 0.052 
   6   (0.123) 0.214 0.034 0.105 0.219 
   7   (0.080) 0.049 0.022 0.116 0.057 
   8   (0.060) 0.066 0.017 0.064 0.014 
   9   (0.043) 0.173 0.012 0.009 0.010 
  10   (0.042) 0.007 0.156 0.007 0.010 
  11   (0.048) 0.008 0.339 0.008 0.011 
  12   (0.035) 0.006 0.046 0.006 0.008 
  13   (0.057) 0.009 0.052 0.010 0.128 
  14   (0.035) 0.006 0.046 0.006 0.008 
  15   (0.036) 0.006 0.010 0.006 0.085 

Locus 55 : locus55 
22 alleles
0.0% missing data
   1   (0.036) 0.007 0.010 0.118 0.009 
   2   (0.036) 0.009 0.010 0.059 0.009 
   3   (0.030) 0.005 0.008 0.034 0.007 
   4   (0.054) 0.044 0.015 0.086 0.013 
   5   (0.032) 0.007 0.009 0.118 0.008 
   6   (0.084) 0.171 0.059 0.132 0.020 
   7   (0.068) 0.083 0.055 0.050 0.016 
   8   (0.054) 0.096 0.015 0.060 0.013 
   9   (0.049) 0.011 0.050 0.091 0.012 
  10   (0.039) 0.007 0.011 0.148 0.009 
  11   (0.041) 0.139 0.011 0.011 0.010 
  12   (0.058) 0.088 0.052 0.014 0.014 
  13   (0.058) 0.169 0.052 0.014 0.014 
  14   (0.056) 0.036 0.124 0.010 0.013 
  15   (0.037) 0.085 0.010 0.009 0.009 
  16   (0.038) 0.006 0.300 0.007 0.009 
  17   (0.034) 0.005 0.118 0.006 0.008 
  18   (0.048) 0.008 0.049 0.008 0.126 
  19   (0.040) 0.007 0.011 0.007 0.314 
  20   (0.033) 0.005 0.009 0.006 0.123 
  21   (0.038) 0.006 0.010 0.007 0.123 
  22   (0.036) 0.006 0.010 0.006 0.123 

Locus 56 : locus56 
18 alleles
0.0% missing data
   1   (0.096) 0.069 0.062 0.374 0.023 
   2   (0.033) 0.006 0.009 0.033 0.008 
   3   (0.115) 0.191 0.140 0.181 0.027 
   4   (0.084) 0.207 0.059 0.046 0.020 
   5   (0.094) 0.170 0.062 0.166 0.022 
   6   (0.032) 0.005 0.009 0.032 0.008 
   7   (0.036) 0.006 0.010 0.061 0.009 
   8   (0.037) 0.063 0.010 0.006 0.009 
   9   (0.071) 0.117 0.020 0.020 0.131 
  10   (0.072) 0.083 0.020 0.024 0.131 
  11   (0.061) 0.038 0.017 0.010 0.167 
  12   (0.041) 0.007 0.156 0.007 0.010 
  13   (0.049) 0.008 0.375 0.008 0.011 
  14   (0.039) 0.007 0.011 0.007 0.162 
  15   (0.038) 0.006 0.011 0.006 0.085 
  16   (0.032) 0.005 0.009 0.005 0.045 
  17   (0.035) 0.006 0.010 0.006 0.085 
  18   (0.036) 0.006 0.010 0.006 0.047 

Locus 57 : locus57 
17 alleles
0.0% missing data
   1   (0.139) 0.229 0.038 0.150 0.224 
   2   (0.087) 0.020 0.133 0.260 0.021 
   3   (0.061) 0.010 0.017 0.038 0.167 
   4   (0.074) 0.012 0.383 0.040 0.018 
   5   (0.069) 0.013 0.055 0.177 0.016 
   6   (0.050) 0.014 0.014 0.225 0.012 
   7   (0.037) 0.034 0.010 0.006 0.009 
   8   (0.044) 0.116 0.012 0.010 0.010 
   9   (0.093) 0.220 0.026 0.033 0.175 
  10   (0.046) 0.171 0.013 0.011 0.011 
  11   (0.070) 0.067 0.019 0.012 0.208 
  12   (0.039) 0.062 0.011 0.007 0.009 
  13   (0.042) 0.007 0.120 0.007 0.010 
  14   (0.041) 0.007 0.084 0.007 0.010 
  15   (0.035) 0.006 0.045 0.006 0.008 
  16   (0.036) 0.006 0.010 0.006 0.046 
  17   (0.036) 0.006 0.010 0.006 0.047 

Locus 58 : locus58 
18 alleles
0.0% missing data
   1   (0.059) 0.012 0.016 0.119 0.052 
   2   (0.066) 0.016 0.054 0.201 0.016 
   3   (0.075) 0.015 0.201 0.122 0.018 
   4   (0.073) 0.018 0.056 0.062 0.055 
   5   (0.069) 0.018 0.019 0.116 0.092 
   6   (0.032) 0.005 0.009 0.033 0.008 
   7   (0.075) 0.020 0.021 0.116 0.208 
   8   (0.060) 0.010 0.017 0.094 0.091 
   9   (0.061) 0.010 0.234 0.038 0.015 
  10   (0.046) 0.137 0.013 0.016 0.011 
  11   (0.049) 0.035 0.014 0.008 0.050 
  12   (0.045) 0.253 0.013 0.011 0.011 
  13   (0.068) 0.059 0.019 0.018 0.207 
  14   (0.074) 0.202 0.021 0.017 0.132 
  15   (0.039) 0.171 0.011 0.008 0.009 
  16   (0.038) 0.006 0.119 0.006 0.009 
  17   (0.038) 0.006 0.119 0.007 0.009 
  18   (0.033) 0.005 0.045 0.006 0.008 

Locus 59 : locus59 
22 alleles
0.0% missing data
   1   (0.074) 0.019 0.093 0.253 0.017 
   2   (0.035) 0.006 0.010 0.034 0.008 
   3   (0.031) 0.005 0.009 0.033 0.007 
   4   (0.053) 0.009 0.087 0.037 0.013 
   5   (0.045) 0.012 0.012 0.197 0.011 
   6   (0.088) 0.021 0.350 0.146 0.021 
   7   (0.044) 0.009 0.012 0.144 0.010 
   8   (0.059) 0.010 0.017 0.037 0.243 
   9   (0.046) 0.228 0.013 0.012 0.011 
  10   (0.034) 0.033 0.009 0.006 0.008 
  11   (0.060) 0.148 0.053 0.012 0.014 
  12   (0.042) 0.105 0.012 0.019 0.010 
  13   (0.039) 0.088 0.011 0.009 0.009 
  14   (0.040) 0.200 0.011 0.009 0.010 
  15   (0.032) 0.033 0.009 0.006 0.008 
  16   (0.050) 0.036 0.050 0.009 0.012 
  17   (0.035) 0.006 0.046 0.006 0.008 
  18   (0.031) 0.005 0.045 0.005 0.007 
  19   (0.040) 0.007 0.119 0.007 0.009 
  20   (0.040) 0.007 0.011 0.007 0.200 
  21   (0.044) 0.007 0.012 0.007 0.201 
  22   (0.037) 0.006 0.010 0.006 0.161 

Locus 60 : locus60 
20 alleles
0.0% missing data
   1   (0.050) 0.011 0.014 0.226 0.012 
   2   (0.047) 0.014 0.013 0.112 0.011 
   3   (0.073) 0.017 0.020 0.173 0.055 
   4   (0.047) 0.012 0.013 0.142 0.011 
   5   (0.045) 0.011 0.012 0.170 0.011 
   6   (0.036) 0.006 0.010 0.033 0.008 
   7   (0.046) 0.120 0.013 0.008 0.011 
   8   (0.045) 0.146 0.013 0.009 0.011 
   9   (0.059) 0.399 0.016 0.015 0.014 
  10   (0.080) 0.063 0.022 0.020 0.286 
  11   (0.056) 0.037 0.016 0.009 0.052 
  12   (0.049) 0.106 0.014 0.022 0.012 
  13   (0.051) 0.008 0.231 0.009 0.012 
  14   (0.041) 0.007 0.084 0.007 0.010 
  15   (0.037) 0.006 0.046 0.006 0.009 
  16   (0.050) 0.008 0.230 0.008 0.012 
  17   (0.048) 0.008 0.122 0.008 0.011 
  18   (0.039) 0.007 0.083 0.007 0.009 
  19   (0.051) 0.008 0.014 0.009 0.241 
  20   (0.047) 0.008 0.013 0.008 0.202 

Locus 61 : locus61 
22 alleles
0.0% missing data
   1   (0.069) 0.016 0.019 0.149 0.093 
   2   (0.052) 0.008 0.015 0.066 0.050 
   3   (0.064) 0.080 0.018 0.195 0.015 
   4   (0.058) 0.129 0.016 0.055 0.014 
   5   (0.032) 0.005 0.009 0.034 0.008 
   6   (0.071) 0.129 0.020 0.144 0.017 
   7   (0.039) 0.009 0.011 0.175 0.009 
   8   (0.037) 0.009 0.010 0.060 0.009 
   9   (0.041) 0.113 0.011 0.009 0.010 
  10   (0.039) 0.166 0.011 0.010 0.009 
  11   (0.039) 0.166 0.011 0.010 0.009 
  12   (0.042) 0.101 0.012 0.021 0.010 
  13   (0.042) 0.007 0.192 0.007 0.010 
  14   (0.055) 0.009 0.160 0.010 0.051 
  15   (0.035) 0.006 0.082 0.006 0.008 
  16   (0.028) 0.005 0.044 0.005 0.007 
  17   (0.039) 0.006 0.155 0.007 0.009 
  18   (0.056) 0.009 0.051 0.010 0.166 
  19   (0.049) 0.008 0.049 0.009 0.088 
  20   (0.035) 0.006 0.082 0.006 0.008 
  21   (0.041) 0.007 0.011 0.007 0.239 
  22   (0.037) 0.006 0.010 0.006 0.161 

Locus 62 : locus62 
21 alleles
0.0% missing data
   1   (0.064) 0.013 0.090 0.149 0.015 
   2   (0.094) 0.069 0.135 0.268 0.022 
   3   (0.097) 0.165 0.135 0.172 0.023 
   4   (0.032) 0.005 0.009 0.034 0.008 
   5   (0.030) 0.005 0.008 0.033 0.007 
   6   (0.079) 0.101 0.058 0.147 0.018 
   7   (0.085) 0.159 0.096 0.091 0.020 
   8   (0.057) 0.118 0.016 0.012 0.052 
   9   (0.057) 0.059 0.088 0.015 0.013 
  10   (0.031) 0.033 0.009 0.005 0.007 
  11   (0.034) 0.057 0.009 0.009 0.008 
  12   (0.039) 0.167 0.011 0.012 0.009 
  13   (0.038) 0.006 0.119 0.006 0.009 
  14   (0.031) 0.005 0.045 0.005 0.007 
  15   (0.032) 0.005 0.045 0.005 0.008 
  16   (0.030) 0.005 0.045 0.005 0.007 
  17   (0.032) 0.005 0.045 0.005 0.008 
  18   (0.034) 0.005 0.009 0.006 0.275 
  19   (0.038) 0.006 0.011 0.007 0.276 
  20   (0.033) 0.005 0.009 0.006 0.084 
  21   (0.034) 0.006 0.010 0.006 0.123 

Locus 63 : locus63 
19 alleles
0.0% missing data
   1   (0.033) 0.005 0.009 0.034 0.008 
   2   (0.072) 0.067 0.020 0.296 0.017 
   3   (0.052) 0.035 0.014 0.038 0.012 
   4   (0.099) 0.053 0.100 0.206 0.023 
   5   (0.066) 0.011 0.091 0.126 0.016 
   6   (0.068) 0.122 0.019 0.094 0.016 
   7   (0.063) 0.010 0.198 0.039 0.015 
   8   (0.071) 0.016 0.201 0.064 0.017 
   9   (0.053) 0.267 0.015 0.022 0.013 
  10   (0.040) 0.085 0.011 0.010 0.010 
  11   (0.045) 0.138 0.012 0.012 0.010 
  12   (0.040) 0.115 0.011 0.007 0.010 
  13   (0.035) 0.033 0.010 0.006 0.008 
  14   (0.076) 0.012 0.093 0.013 0.362 
  15   (0.038) 0.006 0.083 0.007 0.009 
  16   (0.034) 0.006 0.082 0.006 0.008 
  17   (0.042) 0.007 0.011 0.007 0.315 
  18   (0.036) 0.006 0.010 0.006 0.047 
  19   (0.038) 0.006 0.011 0.007 0.085 

Locus 64 : locus64 
17 alleles
0.0% missing data
   1   (0.074) 0.015 0.129 0.120 0.018 
   2   (0.046) 0.010 0.013 0.200 0.011 
   3   (0.056) 0.037 0.016 0.066 0.013 
   4   (0.138) 0.156 0.255 0.276 0.033 
   5   (0.101) 0.232 0.100 0.078 0.024 
   6   (0.098) 0.139 0.136 0.061 0.023 
   7   (0.104) 0.073 0.174 0.129 0.025 
   8   (0.041) 0.088 0.011 0.010 0.010 
   9   (0.036) 0.034 0.010 0.006 0.008 
  10   (0.035) 0.062 0.010 0.006 0.008 
  11   (0.043) 0.117 0.012 0.010 0.010 
  12   (0.039) 0.006 0.083 0.007 0.009 
  13   (0.046) 0.008 0.013 0.008 0.545 
  14   (0.039) 0.006 0.011 0.007 0.085 
  15   (0.034) 0.006 0.009 0.006 0.084 
  16   (0.036) 0.006 0.010 0.006 0.046 
  17   (0.035) 0.006 0.010 0.006 0.046 

Locus 65 : locus65 
20 alleles
0.0% missing data
   1   (0.046) 0.010 0.013 0.224 0.011 
   2   (0.059) 0.067 0.016 0.064 0.014 
   3   (0.049) 0.012 0.014 0.222 0.012 
   4   (0.045) 0.012 0.013 0.194 0.011 
   5   (0.086) 0.056 0.096 0.056 0.020 
   6   (0.079) 0.268 0.022 0.095 0.019 
   7   (0.037) 0.006 0.010 0.033 0.009 
   8   (0.035) 0.034 0.010 0.006 0.008 
   9   (0.080) 0.127 0.239 0.013 0.019 
  10   (0.089) 0.205 0.170 0.023 0.021 
  11   (0.047) 0.145 0.013 0.012 0.011 
  12   (0.040) 0.007 0.119 0.007 0.010 
  13   (0.032) 0.005 0.045 0.005 0.008 
  14   (0.042) 0.007 0.120 0.007 0.010 
  15   (0.035) 0.006 0.046 0.006 0.008 
  16   (0.047) 0.008 0.013 0.008 0.393 
  17   (0.039) 0.007 0.011 0.006 0.086 
  18   (0.035) 0.006 0.010 0.006 0.085 
  19   (0.044) 0.007 0.012 0.007 0.201 
  20   (0.035) 0.006 0.010 0.006 0.046 

Locus 66 : locus66 
24 alleles
0.0% missing data
   1   (0.066) 0.023 0.018 0.432 0.053 
   2   (0.062) 0.010 0.017 0.091 0.167 
   3   (0.065) 0.068 0.018 0.064 0.053 
   4   (0.028) 0.005 0.008 0.032 0.007 
   5   (0.029) 0.005 0.008 0.032 0.007 
   6   (0.050) 0.051 0.014 0.049 0.012 
   7   (0.076) 0.082 0.021 0.110 0.094 
   8   (0.056) 0.009 0.015 0.036 0.320 
   9   (0.068) 0.040 0.019 0.065 0.093 
  10   (0.034) 0.375 0.009 0.008 0.008 
  11   (0.058) 0.207 0.016 0.013 0.090 
  12   (0.031) 0.034 0.009 0.005 0.007 
  13   (0.032) 0.034 0.009 0.005 0.008 
  14   (0.032) 0.005 0.081 0.005 0.008 
  15   (0.032) 0.005 0.081 0.005 0.008 
  16   (0.035) 0.006 0.118 0.006 0.008 
  17   (0.029) 0.005 0.081 0.005 0.007 
  18   (0.028) 0.005 0.044 0.005 0.007 
  19   (0.034) 0.006 0.081 0.006 0.008 
  20   (0.029) 0.005 0.044 0.005 0.007 
  21   (0.035) 0.006 0.046 0.006 0.008 
  22   (0.029) 0.005 0.044 0.005 0.007 
  23   (0.035) 0.006 0.154 0.006 0.008 
  24   (0.028) 0.005 0.044 0.005 0.007 

Locus 67 : locus67 
21 alleles
0.0% missing data
   1   (0.057) 0.086 0.016 0.046 0.014 
   2   (0.064) 0.129 0.018 0.115 0.015 
   3   (0.048) 0.014 0.013 0.430 0.011 
   4   (0.039) 0.009 0.011 0.084 0.009 
   5   (0.062) 0.209 0.017 0.041 0.015 
   6   (0.038) 0.008 0.011 0.112 0.009 
   7   (0.035) 0.006 0.010 0.033 0.008 
   8   (0.035) 0.064 0.010 0.006 0.008 
   9   (0.070) 0.095 0.019 0.015 0.246 
  10   (0.071) 0.088 0.128 0.021 0.017 
  11   (0.068) 0.108 0.019 0.028 0.092 
  12   (0.039) 0.091 0.011 0.009 0.009 
  13   (0.065) 0.040 0.054 0.011 0.053 
  14   (0.038) 0.006 0.083 0.006 0.009 
  15   (0.040) 0.007 0.156 0.007 0.010 
  16   (0.042) 0.007 0.156 0.007 0.010 
  17   (0.036) 0.006 0.046 0.006 0.009 
  18   (0.034) 0.006 0.045 0.006 0.008 
  19   (0.041) 0.007 0.156 0.007 0.010 
  20   (0.036) 0.006 0.010 0.006 0.123 
  21   (0.040) 0.007 0.011 0.006 0.315 

Locus 68 : locus68 
19 alleles
0.0% missing data
   1   (0.090) 0.017 0.097 0.181 0.098 
   2   (0.052) 0.009 0.123 0.037 0.012 
   3   (0.060) 0.013 0.017 0.174 0.052 
   4   (0.030) 0.005 0.008 0.033 0.007 
   5   (0.089) 0.015 0.206 0.043 0.174 
   6   (0.091) 0.020 0.134 0.094 0.098 
   7   (0.094) 0.025 0.098 0.118 0.137 
   8   (0.045) 0.014 0.013 0.196 0.011 
   9   (0.054) 0.009 0.015 0.037 0.166 
  10   (0.042) 0.194 0.012 0.014 0.010 
  11   (0.034) 0.061 0.009 0.006 0.008 
  12   (0.056) 0.088 0.015 0.013 0.051 
  13   (0.040) 0.170 0.011 0.010 0.010 
  14   (0.037) 0.115 0.010 0.008 0.009 
  15   (0.036) 0.117 0.010 0.006 0.009 
  16   (0.041) 0.112 0.011 0.012 0.010 
  17   (0.038) 0.006 0.155 0.006 0.009 
  18   (0.035) 0.006 0.046 0.006 0.008 
  19   (0.035) 0.006 0.010 0.006 0.123 

Locus 69 : locus69 
21 alleles
0.0% missing data
   1   (0.059) 0.051 0.016 0.052 0.014 
   2   (0.053) 0.012 0.014 0.288 0.012 
   3   (0.047) 0.008 0.013 0.232 0.011 
   4   (0.056) 0.064 0.016 0.038 0.013 
   5   (0.052) 0.014 0.014 0.171 0.012 
   6   (0.076) 0.022 0.130 0.087 0.018 
   7   (0.051) 0.276 0.014 0.015 0.012 
   8   (0.052) 0.194 0.014 0.015 0.012 
   9   (0.034) 0.033 0.009 0.006 0.008 
  10   (0.042) 0.057 0.012 0.012 0.010 
  11   (0.047) 0.143 0.013 0.010 0.011 
  12   (0.040) 0.062 0.011 0.007 0.009 
  13   (0.054) 0.009 0.376 0.009 0.013 
  14   (0.042) 0.007 0.120 0.007 0.010 
  15   (0.046) 0.008 0.158 0.008 0.011 
  16   (0.049) 0.008 0.014 0.009 0.241 
  17   (0.048) 0.008 0.013 0.008 0.202 
  18   (0.040) 0.006 0.011 0.007 0.086 
  19   (0.041) 0.007 0.012 0.007 0.124 
  20   (0.036) 0.006 0.010 0.006 0.123 
  21   (0.035) 0.006 0.010 0.006 0.047 

Locus 70 : locus70 
21 alleles
0.0% missing data
   1   (0.049) 0.011 0.014 0.418 0.012 
   2   (0.036) 0.006 0.010 0.061 0.009 
   3   (0.039) 0.008 0.011 0.115 0.009 
   4   (0.042) 0.012 0.012 0.112 0.010 
   5   (0.033) 0.006 0.009 0.033 0.008 
   6   (0.037) 0.010 0.010 0.057 0.009 
   7   (0.036) 0.009 0.010 0.058 0.009 
   8   (0.038) 0.117 0.011 0.008 0.009 
   9   (0.106) 0.125 0.210 0.022 0.101 
  10   (0.038) 0.145 0.011 0.008 0.009 
  11   (0.063) 0.145 0.053 0.016 0.015 
  12   (0.030) 0.033 0.008 0.005 0.007 
  13   (0.046) 0.170 0.013 0.013 0.011 
  14   (0.043) 0.143 0.012 0.011 0.010 
  15   (0.042) 0.007 0.156 0.007 0.010 
  16   (0.077) 0.013 0.202 0.013 0.209 
  17   (0.050) 0.008 0.050 0.008 0.050 
  18   (0.038) 0.006 0.083 0.006 0.009 
  19   (0.057) 0.009 0.052 0.010 0.128 
  20   (0.058) 0.010 0.052 0.010 0.167 
  21   (0.040) 0.007 0.011 0.007 0.200 

Locus 71 : locus71 
20 alleles
0.0% missing data
   1   (0.071) 0.157 0.020 0.087 0.017 
   2   (0.093) 0.022 0.026 0.290 0.289 
   3   (0.083) 0.014 0.023 0.099 0.364 
   4   (0.085) 0.113 0.024 0.222 0.020 
   5   (0.043) 0.012 0.012 0.171 0.010 
   6   (0.047) 0.305 0.013 0.012 0.011 
   7   (0.078) 0.113 0.022 0.023 0.095 
   8   (0.042) 0.057 0.012 0.012 0.010 
   9   (0.045) 0.111 0.013 0.014 0.011 
  10   (0.032) 0.033 0.009 0.006 0.008 
  11   (0.037) 0.006 0.046 0.006 0.009 
  12   (0.050) 0.008 0.267 0.009 0.012 
  13   (0.040) 0.006 0.119 0.007 0.009 
  14   (0.041) 0.007 0.120 0.007 0.010 
  15   (0.033) 0.005 0.045 0.006 0.008 
  16   (0.041) 0.007 0.120 0.007 0.010 
  17   (0.037) 0.006 0.046 0.006 0.009 
  18   (0.038) 0.006 0.047 0.007 0.009 
  19   (0.033) 0.005 0.009 0.006 0.046 
  20   (0.032) 0.005 0.009 0.006 0.046 

Locus 72 : locus72 
19 alleles
0.0% missing data
   1   (0.078) 0.068 0.058 0.123 0.019 
   2   (0.080) 0.018 0.058 0.176 0.057 
   3   (0.067) 0.014 0.164 0.120 0.016 
   4   (0.067) 0.016 0.127 0.145 0.016 
   5   (0.058) 0.013 0.016 0.090 0.052 
   6   (0.077) 0.017 0.202 0.203 0.018 
   7   (0.070) 0.012 0.055 0.040 0.093 
   8   (0.041) 0.116 0.011 0.009 0.010 
   9   (0.044) 0.255 0.012 0.011 0.010 
  10   (0.054) 0.089 0.051 0.013 0.013 
  11   (0.041) 0.142 0.011 0.011 0.010 
  12   (0.055) 0.060 0.052 0.014 0.013 
  13   (0.037) 0.115 0.010 0.008 0.009 
  14   (0.049) 0.036 0.050 0.008 0.012 
  15   (0.037) 0.006 0.083 0.006 0.009 
  16   (0.038) 0.006 0.011 0.007 0.200 
  17   (0.035) 0.006 0.010 0.006 0.161 
  18   (0.037) 0.006 0.010 0.006 0.199 
  19   (0.034) 0.006 0.009 0.006 0.085 

Locus 73 : locus73 
20 alleles
0.0% missing data
   1   (0.048) 0.008 0.086 0.036 0.012 
   2   (0.064) 0.012 0.126 0.175 0.015 
   3   (0.081) 0.138 0.059 0.139 0.019 
   4   (0.052) 0.046 0.015 0.082 0.012 
   5   (0.052) 0.112 0.014 0.044 0.012 
   6   (0.034) 0.009 0.009 0.057 0.008 
   7   (0.039) 0.013 0.011 0.193 0.009 
   8   (0.060) 0.015 0.197 0.060 0.014 
   9   (0.086) 0.085 0.205 0.082 0.020 
  10   (0.031) 0.005 0.008 0.033 0.007 
  11   (0.034) 0.058 0.010 0.010 0.008 
  12   (0.030) 0.033 0.008 0.005 0.007 
  13   (0.074) 0.256 0.021 0.020 0.323 
  14   (0.050) 0.036 0.014 0.008 0.127 
  15   (0.049) 0.059 0.050 0.013 0.012 
  16   (0.058) 0.060 0.016 0.015 0.205 
  17   (0.045) 0.035 0.013 0.008 0.049 
  18   (0.044) 0.007 0.048 0.008 0.049 
  19   (0.035) 0.006 0.082 0.006 0.008 
  20   (0.032) 0.005 0.009 0.005 0.084 

Locus 74 : locus74 
15 alleles
0.0% missing data
   1   (0.086) 0.089 0.060 0.189 0.020 
   2   (0.089) 0.159 0.025 0.122 0.059 
   3   (0.153) 0.174 0.223 0.100 0.189 
   4   (0.044) 0.014 0.012 0.138 0.011 
   5   (0.131) 0.170 0.109 0.123 0.145 
   6   (0.053) 0.009 0.015 0.036 0.127 
   7   (0.064) 0.017 0.018 0.197 0.053 
   8   (0.082) 0.042 0.059 0.041 0.058 
   9   (0.048) 0.285 0.013 0.013 0.011 
  10   (0.076) 0.013 0.274 0.013 0.170 
  11   (0.038) 0.006 0.119 0.006 0.009 
  12   (0.034) 0.006 0.045 0.006 0.008 
  13   (0.034) 0.006 0.010 0.006 0.046 
  14   (0.035) 0.006 0.010 0.006 0.046 
  15   (0.033) 0.006 0.009 0.006 0.046 

Locus 75 : locus75 
29 alleles
0.0% missing data
   1   (0.025) 0.004 0.007 0.031 0.006 
   2   (0.033) 0.010 0.009 0.111 0.008 
   3   (0.036) 0.006 0.010 0.116 0.009 
   4   (0.033) 0.012 0.009 0.137 0.008 
   5   (0.040) 0.010 0.011 0.195 0.009 
   6   (0.035) 0.007 0.010 0.142 0.008 
   7   (0.033) 0.006 0.009 0.061 0.008 
   8   (0.033) 0.009 0.009 0.057 0.008 
   9   (0.031) 0.082 0.009 0.012 0.007 
  10   (0.046) 0.064 0.049 0.008 0.011 
  11   (0.034) 0.062 0.009 0.006 0.008 
  12   (0.035) 0.117 0.010 0.008 0.008 
  13   (0.037) 0.146 0.010 0.007 0.009 
  14   (0.028) 0.061 0.008 0.005 0.007 
  15   (0.031) 0.033 0.009 0.005 0.007 
  16   (0.034) 0.114 0.009 0.010 0.008 
  17   (0.034) 0.108 0.009 0.015 0.008 
  18   (0.029) 0.057 0.008 0.009 0.007 
  19   (0.028) 0.033 0.008 0.005 0.007 
  20   (0.053) 0.009 0.087 0.009 0.127 
  21   (0.027) 0.005 0.080 0.005 0.007 
  22   (0.031) 0.005 0.153 0.005 0.007 
  23   (0.058) 0.010 0.306 0.010 0.051 
  24   (0.034) 0.006 0.118 0.006 0.008 
  25   (0.030) 0.005 0.008 0.005 0.045 
  26   (0.041) 0.007 0.011 0.007 0.353 
  27   (0.031) 0.005 0.009 0.005 0.122 
  28   (0.032) 0.005 0.009 0.005 0.084 
  29   (0.027) 0.005 0.008 0.005 0.045 

Locus 76 : locus76 
18 alleles
0.0% missing data
   1   (0.065) 0.010 0.018 0.067 0.130 
   2   (0.071) 0.018 0.020 0.202 0.055 
   3   (0.061) 0.010 0.017 0.123 0.091 
   4   (0.104) 0.058 0.029 0.172 0.216 
   5   (0.094) 0.207 0.026 0.098 0.060 
   6   (0.070) 0.017 0.020 0.203 0.055 
   7   (0.060) 0.010 0.017 0.038 0.129 
   8   (0.043) 0.223 0.012 0.011 0.010 
   9   (0.044) 0.145 0.012 0.008 0.010 
  10   (0.039) 0.057 0.011 0.011 0.009 
  11   (0.036) 0.033 0.010 0.006 0.008 
  12   (0.064) 0.171 0.018 0.015 0.053 
  13   (0.036) 0.006 0.046 0.006 0.009 
  14   (0.050) 0.008 0.412 0.009 0.012 
  15   (0.039) 0.006 0.083 0.007 0.009 
  16   (0.040) 0.007 0.119 0.007 0.009 
  17   (0.041) 0.007 0.120 0.007 0.010 
  18   (0.044) 0.007 0.012 0.008 0.125 

Locus 77 : locus77 
19 alleles
0.0% missing data
   1   (0.078) 0.065 0.058 0.210 0.018 
   2   (0.062) 0.050 0.017 0.275 0.015 
   3   (0.036) 0.008 0.010 0.087 0.008 
   4   (0.060) 0.015 0.161 0.060 0.014 
   5   (0.029) 0.005 0.008 0.033 0.007 
   6   (0.038) 0.008 0.011 0.115 0.009 
   7   (0.083) 0.105 0.131 0.061 0.020 
   8   (0.078) 0.087 0.130 0.050 0.019 
   9   (0.072) 0.153 0.273 0.012 0.017 
  10   (0.088) 0.253 0.060 0.028 0.097 
  11   (0.053) 0.089 0.015 0.013 0.051 
  12   (0.050) 0.036 0.014 0.008 0.088 
  13   (0.058) 0.090 0.016 0.013 0.090 
  14   (0.049) 0.008 0.049 0.008 0.088 
  15   (0.032) 0.005 0.009 0.005 0.046 
  16   (0.036) 0.006 0.010 0.006 0.161 
  17   (0.033) 0.005 0.009 0.006 0.084 
  18   (0.033) 0.005 0.009 0.006 0.084 
  19   (0.032) 0.005 0.009 0.006 0.084 

Locus 78 : locus78 
15 alleles
0.0% missing data
   1   (0.048) 0.012 0.013 0.223 0.011 
   2   (0.134) 0.050 0.218 0.050 0.261 
   3   (0.040) 0.007 0.011 0.089 0.009 
   4   (0.043) 0.009 0.012 0.115 0.010 
   5   (0.043) 0.009 0.012 0.115 0.010 
   6   (0.043) 0.011 0.012 0.058 0.010 
   7   (0.049) 0.014 0.014 0.222 0.012 
   8   (0.090) 0.043 0.170 0.015 0.098 
   9   (0.080) 0.152 0.022 0.016 0.171 
  10   (0.079) 0.172 0.094 0.023 0.019 
  11   (0.138) 0.318 0.219 0.036 0.109 
  12   (0.069) 0.068 0.019 0.012 0.169 
  13   (0.044) 0.118 0.012 0.009 0.010 
  14   (0.036) 0.006 0.046 0.006 0.009 
  15   (0.064) 0.011 0.126 0.011 0.092 

Locus 79 : locus79 
17 alleles
0.0% missing data
   1   (0.078) 0.094 0.022 0.098 0.056 
   2   (0.062) 0.074 0.017 0.139 0.015 
   3   (0.060) 0.079 0.017 0.080 0.014 
   4   (0.041) 0.008 0.011 0.255 0.010 
   5   (0.040) 0.010 0.011 0.170 0.009 
   6   (0.077) 0.104 0.021 0.061 0.056 
   7   (0.061) 0.165 0.017 0.051 0.014 
   8   (0.031) 0.005 0.009 0.033 0.007 
   9   (0.104) 0.065 0.210 0.025 0.177 
  10   (0.100) 0.148 0.209 0.024 0.062 
  11   (0.040) 0.142 0.011 0.010 0.009 
  12   (0.077) 0.040 0.093 0.013 0.133 
  13   (0.058) 0.037 0.161 0.010 0.014 
  14   (0.036) 0.006 0.082 0.006 0.009 
  15   (0.064) 0.011 0.090 0.011 0.244 
  16   (0.035) 0.006 0.010 0.006 0.085 
  17   (0.036) 0.006 0.010 0.006 0.085 

Locus 80 : locus80 
25 alleles
0.0% missing data
   1   (0.072) 0.017 0.020 0.363 0.131 
   2   (0.034) 0.010 0.010 0.111 0.008 
   3   (0.041) 0.011 0.012 0.276 0.010 
   4   (0.031) 0.005 0.009 0.033 0.007 
   5   (0.033) 0.005 0.009 0.060 0.008 
   6   (0.037) 0.114 0.010 0.010 0.009 
   7   (0.031) 0.034 0.009 0.005 0.008 
   8   (0.033) 0.143 0.009 0.009 0.008 
   9   (0.031) 0.034 0.009 0.005 0.007 
  10   (0.047) 0.036 0.013 0.008 0.049 
  11   (0.075) 0.147 0.057 0.019 0.094 
  12   (0.032) 0.088 0.009 0.007 0.008 
  13   (0.068) 0.116 0.019 0.018 0.207 
  14   (0.052) 0.037 0.087 0.009 0.012 
  15   (0.032) 0.062 0.009 0.005 0.008 
  16   (0.036) 0.088 0.010 0.008 0.008 
  17   (0.032) 0.005 0.045 0.005 0.008 
  18   (0.040) 0.007 0.228 0.007 0.010 
  19   (0.036) 0.006 0.118 0.006 0.008 
  20   (0.042) 0.007 0.156 0.007 0.010 
  21   (0.034) 0.006 0.045 0.006 0.008 
  22   (0.031) 0.005 0.081 0.005 0.007 
  23   (0.036) 0.006 0.010 0.006 0.199 
  24   (0.035) 0.006 0.010 0.006 0.123 
  25   (0.029) 0.005 0.008 0.005 0.045 

Locus 81 : locus81 
24 alleles
0.0% missing data
   1   (0.062) 0.015 0.017 0.314 0.091 
   2   (0.043) 0.010 0.012 0.173 0.010 
   3   (0.046) 0.008 0.013 0.064 0.049 
   4   (0.055) 0.054 0.015 0.103 0.013 
   5   (0.048) 0.035 0.013 0.036 0.011 
   6   (0.029) 0.005 0.008 0.033 0.007 
   7   (0.049) 0.008 0.050 0.036 0.012 
   8   (0.058) 0.066 0.016 0.119 0.014 
   9   (0.044) 0.167 0.012 0.013 0.010 
  10   (0.041) 0.197 0.011 0.010 0.010 
  11   (0.035) 0.086 0.010 0.008 0.008 
  12   (0.037) 0.114 0.010 0.008 0.009 
  13   (0.044) 0.141 0.012 0.011 0.010 
  14   (0.031) 0.033 0.009 0.005 0.007 
  15   (0.042) 0.007 0.264 0.007 0.010 
  16   (0.038) 0.006 0.155 0.007 0.009 
  17   (0.033) 0.005 0.081 0.006 0.008 
  18   (0.038) 0.006 0.155 0.007 0.009 
  19   (0.033) 0.005 0.045 0.006 0.008 
  20   (0.052) 0.008 0.050 0.009 0.089 
  21   (0.040) 0.007 0.011 0.007 0.277 
  22   (0.039) 0.006 0.011 0.007 0.238 
  23   (0.033) 0.005 0.009 0.006 0.046 
  24   (0.029) 0.005 0.008 0.005 0.045 

Locus 82 : locus82 
20 alleles
0.0% missing data
   1   (0.074) 0.020 0.165 0.193 0.017 
   2   (0.056) 0.104 0.016 0.055 0.013 
   3   (0.070) 0.018 0.092 0.222 0.017 
   4   (0.038) 0.009 0.011 0.085 0.009 
   5   (0.076) 0.013 0.166 0.039 0.056 
   6   (0.069) 0.235 0.019 0.097 0.016 
   7   (0.066) 0.017 0.091 0.140 0.016 
   8   (0.060) 0.049 0.017 0.081 0.014 
   9   (0.033) 0.034 0.009 0.005 0.008 
  10   (0.040) 0.264 0.011 0.008 0.010 
  11   (0.033) 0.034 0.009 0.006 0.008 
  12   (0.036) 0.060 0.010 0.009 0.008 
  13   (0.037) 0.090 0.010 0.008 0.009 
  14   (0.037) 0.006 0.083 0.006 0.009 
  15   (0.056) 0.010 0.124 0.009 0.051 
  16   (0.061) 0.010 0.089 0.010 0.167 
  17   (0.059) 0.010 0.052 0.010 0.358 
  18   (0.032) 0.005 0.009 0.005 0.084 
  19   (0.034) 0.006 0.010 0.006 0.084 
  20   (0.032) 0.005 0.009 0.005 0.046 

Locus 83 : locus83 
21 alleles
0.0% missing data
   1   (0.066) 0.015 0.090 0.200 0.016 
   2   (0.073) 0.185 0.020 0.226 0.017 
   3   (0.074) 0.020 0.020 0.115 0.399 
   4   (0.054) 0.043 0.015 0.113 0.013 
   5   (0.117) 0.031 0.285 0.173 0.142 
   6   (0.072) 0.012 0.092 0.039 0.132 
   7   (0.031) 0.005 0.008 0.033 0.007 
   8   (0.035) 0.088 0.010 0.008 0.008 
   9   (0.040) 0.144 0.011 0.010 0.010 
  10   (0.031) 0.033 0.009 0.005 0.007 
  11   (0.035) 0.088 0.010 0.008 0.008 
  12   (0.034) 0.034 0.010 0.006 0.008 
  13   (0.038) 0.146 0.010 0.008 0.009 
  14   (0.034) 0.059 0.010 0.009 0.008 
  15   (0.035) 0.058 0.010 0.010 0.008 
  16   (0.051) 0.008 0.086 0.009 0.050 
  17   (0.036) 0.006 0.082 0.006 0.009 
  18   (0.030) 0.005 0.044 0.005 0.007 
  19   (0.053) 0.009 0.123 0.009 0.050 
  20   (0.029) 0.005 0.044 0.005 0.007 
  21   (0.031) 0.005 0.009 0.005 0.084 

Locus 84 : locus84 
26 alleles
0.0% missing data
   1   (0.044) 0.010 0.012 0.200 0.010 
   2   (0.051) 0.008 0.014 0.120 0.050 
   3   (0.035) 0.006 0.010 0.034 0.008 
   4   (0.032) 0.005 0.009 0.061 0.008 
   5   (0.058) 0.013 0.016 0.145 0.090 
   6   (0.039) 0.014 0.011 0.165 0.009 
   7   (0.032) 0.005 0.009 0.061 0.008 
   8   (0.055) 0.019 0.015 0.082 0.051 
   9   (0.041) 0.252 0.011 0.012 0.010 
  10   (0.041) 0.199 0.011 0.009 0.010 
  11   (0.034) 0.061 0.010 0.006 0.008 
  12   (0.033) 0.033 0.009 0.006 0.008 
  13   (0.043) 0.199 0.012 0.010 0.010 
  14   (0.066) 0.083 0.199 0.022 0.016 
  15   (0.030) 0.033 0.008 0.005 0.007 
  16   (0.030) 0.005 0.117 0.005 0.007 
  17   (0.032) 0.005 0.117 0.005 0.008 
  18   (0.032) 0.005 0.081 0.006 0.008 
  19   (0.035) 0.006 0.082 0.006 0.008 
  20   (0.045) 0.007 0.049 0.008 0.049 
  21   (0.033) 0.005 0.117 0.006 0.008 
  22   (0.031) 0.005 0.045 0.005 0.007 
  23   (0.028) 0.005 0.008 0.005 0.083 
  24   (0.038) 0.006 0.011 0.006 0.391 
  25   (0.035) 0.006 0.010 0.006 0.085 
  26   (0.028) 0.005 0.008 0.005 0.045 

Locus 85 : locus85 
21 alleles
0.0% missing data
   1   (0.040) 0.006 0.011 0.093 0.009 
   2   (0.083) 0.291 0.023 0.176 0.020 
   3   (0.033) 0.005 0.009 0.035 0.008 
   4   (0.074) 0.285 0.021 0.123 0.018 
   5   (0.073) 0.039 0.093 0.041 0.017 
   6   (0.045) 0.010 0.013 0.206 0.011 
   7   (0.032) 0.005 0.009 0.034 0.008 
   8   (0.088) 0.134 0.097 0.060 0.021 
   9   (0.076) 0.019 0.202 0.120 0.018 
  10   (0.033) 0.005 0.009 0.034 0.008 
  11   (0.037) 0.085 0.010 0.009 0.009 
  12   (0.031) 0.032 0.009 0.006 0.007 
  13   (0.031) 0.032 0.009 0.006 0.007 
  14   (0.041) 0.006 0.156 0.007 0.010 
  15   (0.038) 0.006 0.155 0.007 0.009 
  16   (0.056) 0.009 0.088 0.010 0.090 
  17   (0.034) 0.005 0.045 0.006 0.008 
  18   (0.042) 0.007 0.012 0.007 0.239 
  19   (0.040) 0.006 0.011 0.007 0.276 
  20   (0.038) 0.006 0.011 0.007 0.162 
  21   (0.034) 0.005 0.010 0.006 0.046 

Locus 86 : locus86 
18 alleles
0.0% missing data
   1   (0.045) 0.009 0.013 0.145 0.011 
   2   (0.082) 0.020 0.095 0.229 0.019 
   3   (0.042) 0.011 0.012 0.058 0.010 
   4   (0.086) 0.022 0.205 0.117 0.020 
   5   (0.053) 0.012 0.015 0.256 0.012 
   6   (0.099) 0.016 0.208 0.073 0.062 
   7   (0.050) 0.168 0.014 0.015 0.012 
   8   (0.044) 0.063 0.012 0.008 0.010 
   9   (0.053) 0.310 0.015 0.013 0.012 
  10   (0.046) 0.113 0.013 0.013 0.011 
  11   (0.043) 0.118 0.012 0.007 0.010 
  12   (0.037) 0.034 0.010 0.006 0.009 
  13   (0.042) 0.058 0.012 0.012 0.010 
  14   (0.072) 0.012 0.165 0.012 0.094 
  15   (0.091) 0.015 0.133 0.015 0.480 
  16   (0.035) 0.006 0.046 0.006 0.008 
  17   (0.035) 0.006 0.010 0.006 0.046 
  18   (0.044) 0.007 0.012 0.007 0.163 

Locus 87 : locus87 
22 alleles
0.0% missing data
   1   (0.032) 0.005 0.009 0.059 0.008 
   2   (0.038) 0.010 0.011 0.138 0.009 
   3   (0.041) 0.013 0.011 0.217 0.010 
   4   (0.041) 0.009 0.011 0.221 0.010 
   5   (0.041) 0.008 0.012 0.141 0.010 
   6   (0.037) 0.010 0.010 0.056 0.009 
   7   (0.035) 0.089 0.010 0.008 0.008 
   8   (0.064) 0.148 0.018 0.016 0.130 
   9   (0.042) 0.176 0.012 0.010 0.010 
  10   (0.033) 0.034 0.009 0.005 0.008 
  11   (0.029) 0.033 0.008 0.005 0.007 
  12   (0.034) 0.063 0.009 0.006 0.008 
  13   (0.098) 0.088 0.063 0.029 0.291 
  14   (0.034) 0.034 0.009 0.006 0.008 
  15   (0.038) 0.060 0.010 0.010 0.009 
  16   (0.086) 0.064 0.132 0.021 0.097 
  17   (0.086) 0.064 0.277 0.021 0.058 
  18   (0.031) 0.034 0.008 0.005 0.007 
  19   (0.034) 0.034 0.009 0.006 0.008 
  20   (0.038) 0.006 0.263 0.006 0.009 
  21   (0.058) 0.010 0.088 0.010 0.243 
  22   (0.033) 0.006 0.009 0.005 0.046 

Locus 88 : locus88 
21 alleles
0.0% missing data
   1   (0.058) 0.015 0.052 0.117 0.014 
   2   (0.068) 0.013 0.019 0.179 0.169 
   3   (0.030) 0.005 0.008 0.033 0.007 
   4   (0.042) 0.009 0.012 0.174 0.010 
   5   (0.092) 0.289 0.098 0.071 0.022 
   6   (0.038) 0.008 0.010 0.118 0.009 
   7   (0.042) 0.010 0.012 0.145 0.010 
   8   (0.086) 0.086 0.241 0.053 0.020 
   9   (0.042) 0.135 0.012 0.016 0.010 
  10   (0.055) 0.116 0.051 0.012 0.013 
  11   (0.060) 0.145 0.052 0.012 0.014 
  12   (0.061) 0.117 0.089 0.013 0.014 
  13   (0.038) 0.006 0.119 0.007 0.009 
  14   (0.046) 0.007 0.049 0.008 0.049 
  15   (0.035) 0.006 0.118 0.006 0.008 
  16   (0.033) 0.005 0.009 0.006 0.084 
  17   (0.036) 0.006 0.010 0.006 0.199 
  18   (0.035) 0.006 0.010 0.006 0.085 
  19   (0.035) 0.006 0.010 0.006 0.085 
  20   (0.035) 0.006 0.010 0.006 0.123 
  21   (0.032) 0.005 0.009 0.006 0.046 

Locus 89 : locus89 
17 alleles
0.0% missing data
   1   (0.044) 0.009 0.012 0.252 0.010 
   2   (0.042) 0.012 0.012 0.166 0.010 
   3   (0.043) 0.015 0.012 0.136 0.010 
   4   (0.039) 0.009 0.011 0.086 0.009 
   5   (0.038) 0.006 0.011 0.088 0.009 
   6   (0.039) 0.008 0.011 0.115 0.009 
   7   (0.079) 0.070 0.130 0.013 0.057 
   8   (0.096) 0.180 0.062 0.022 0.138 
   9   (0.104) 0.180 0.246 0.023 0.063 
  10   (0.081) 0.042 0.167 0.014 0.057 
  11   (0.109) 0.261 0.066 0.029 0.255 
  12   (0.060) 0.066 0.017 0.010 0.091 
  13   (0.081) 0.117 0.059 0.022 0.057 
  14   (0.043) 0.007 0.156 0.007 0.010 
  15   (0.032) 0.005 0.009 0.005 0.046 
  16   (0.034) 0.006 0.009 0.006 0.084 
  17   (0.035) 0.006 0.010 0.006 0.085 

Locus 90 : locus90 
23 alleles
0.0% missing data
   1   (0.041) 0.012 0.011 0.243 0.010 
   2   (0.060) 0.141 0.017 0.129 0.014 
   3   (0.043) 0.036 0.012 0.034 0.010 
   4   (0.077) 0.072 0.022 0.252 0.056 
   5   (0.050) 0.009 0.014 0.035 0.126 
   6   (0.046) 0.037 0.013 0.034 0.011 
   7   (0.034) 0.010 0.009 0.055 0.008 
   8   (0.054) 0.281 0.015 0.051 0.013 
   9   (0.030) 0.005 0.008 0.032 0.007 
  10   (0.047) 0.051 0.013 0.048 0.011 
  11   (0.038) 0.177 0.010 0.009 0.009 
  12   (0.032) 0.063 0.009 0.005 0.008 
  13   (0.027) 0.034 0.007 0.004 0.006 
  14   (0.036) 0.006 0.155 0.006 0.008 
  15   (0.051) 0.009 0.050 0.008 0.241 
  16   (0.032) 0.006 0.117 0.005 0.008 
  17   (0.044) 0.008 0.048 0.007 0.049 
  18   (0.057) 0.010 0.160 0.009 0.089 
  19   (0.037) 0.006 0.119 0.006 0.009 
  20   (0.049) 0.008 0.049 0.008 0.126 
  21   (0.054) 0.009 0.087 0.009 0.127 
  22   (0.030) 0.005 0.044 0.005 0.007 
  23   (0.031) 0.005 0.009 0.005 0.045 

Locus 91 : locus91 
27 alleles
0.0% missing data
   1   (0.058) 0.018 0.052 0.277 0.014 
   2   (0.062) 0.012 0.198 0.147 0.015 
   3   (0.034) 0.006 0.010 0.089 0.008 
   4   (0.035) 0.006 0.010 0.061 0.008 
   5   (0.054) 0.014 0.051 0.198 0.013 
   6   (0.027) 0.004 0.007 0.032 0.006 
   7   (0.027) 0.007 0.007 0.057 0.006 
   8   (0.032) 0.087 0.009 0.008 0.008 
   9   (0.030) 0.061 0.008 0.005 0.007 
  10   (0.041) 0.169 0.011 0.012 0.010 
  11   (0.033) 0.033 0.009 0.006 0.008 
  12   (0.033) 0.117 0.009 0.006 0.008 
  13   (0.033) 0.058 0.009 0.009 0.008 
  14   (0.043) 0.225 0.012 0.013 0.010 
  15   (0.034) 0.057 0.009 0.010 0.008 
  16   (0.029) 0.033 0.008 0.005 0.007 
  17   (0.029) 0.033 0.008 0.005 0.007 
  18   (0.051) 0.008 0.123 0.009 0.050 
  19   (0.055) 0.009 0.123 0.009 0.127 
  20   (0.052) 0.009 0.050 0.009 0.318 
  21   (0.032) 0.005 0.153 0.005 0.008 
  22   (0.030) 0.005 0.081 0.005 0.007 
  23   (0.032) 0.005 0.009 0.005 0.084 
  24   (0.026) 0.004 0.007 0.004 0.044 
  25   (0.032) 0.005 0.009 0.005 0.122 
  26   (0.028) 0.005 0.008 0.005 0.045 
  27   (0.029) 0.005 0.008 0.005 0.045 

Locus 92 : locus92 
17 alleles
0.0% missing data
   1   (0.093) 0.015 0.134 0.100 0.137 
   2   (0.150) 0.050 0.186 0.251 0.379 
   3   (0.103) 0.027 0.101 0.232 0.100 
   4   (0.076) 0.012 0.057 0.069 0.133 
   5   (0.059) 0.010 0.125 0.067 0.014 
   6   (0.053) 0.008 0.051 0.065 0.013 
   7   (0.059) 0.009 0.016 0.123 0.052 
   8   (0.035) 0.061 0.010 0.006 0.008 
   9   (0.045) 0.194 0.012 0.013 0.011 
  10   (0.042) 0.170 0.012 0.009 0.010 
  11   (0.041) 0.081 0.011 0.015 0.010 
  12   (0.044) 0.195 0.012 0.012 0.010 
  13   (0.040) 0.114 0.011 0.009 0.010 
  14   (0.033) 0.033 0.009 0.006 0.008 
  15   (0.040) 0.006 0.156 0.007 0.009 
  16   (0.054) 0.009 0.087 0.009 0.050 
  17   (0.033) 0.005 0.009 0.006 0.046 

Locus 93 : locus93 
19 alleles
0.0% missing data
   1   (0.035) 0.008 0.010 0.085 0.008 
   2   (0.059) 0.013 0.017 0.333 0.052 
   3   (0.055) 0.015 0.015 0.058 0.090 
   4   (0.056) 0.013 0.016 0.168 0.051 
   5   (0.134) 0.088 0.182 0.175 0.261 
   6   (0.123) 0.130 0.143 0.078 0.220 
   7   (0.052) 0.094 0.014 0.009 0.050 
   8   (0.037) 0.090 0.010 0.008 0.009 
   9   (0.030) 0.034 0.008 0.005 0.007 
  10   (0.087) 0.266 0.097 0.020 0.059 
  11   (0.061) 0.148 0.089 0.015 0.014 
  12   (0.031) 0.034 0.009 0.005 0.007 
  13   (0.029) 0.033 0.008 0.005 0.007 
  14   (0.034) 0.006 0.046 0.006 0.008 
  15   (0.032) 0.005 0.081 0.005 0.008 
  16   (0.033) 0.006 0.117 0.005 0.008 
  17   (0.031) 0.005 0.045 0.005 0.008 
  18   (0.049) 0.008 0.050 0.008 0.126 
  19   (0.031) 0.005 0.045 0.005 0.007 

Locus 94 : locus94 
21 alleles
0.0% missing data
   1   (0.047) 0.016 0.013 0.191 0.011 
   2   (0.044) 0.008 0.012 0.225 0.010 
   3   (0.040) 0.008 0.011 0.115 0.010 
   4   (0.069) 0.179 0.019 0.095 0.016 
   5   (0.043) 0.012 0.012 0.194 0.010 
   6   (0.054) 0.052 0.015 0.049 0.013 
   7   (0.047) 0.401 0.013 0.011 0.011 
   8   (0.040) 0.118 0.011 0.008 0.010 
   9   (0.040) 0.082 0.011 0.015 0.010 
  10   (0.035) 0.034 0.010 0.006 0.008 
  11   (0.077) 0.013 0.093 0.013 0.400 
  12   (0.042) 0.007 0.120 0.007 0.010 
  13   (0.055) 0.009 0.088 0.009 0.089 
  14   (0.063) 0.010 0.126 0.010 0.053 
  15   (0.043) 0.007 0.156 0.007 0.010 
  16   (0.034) 0.006 0.046 0.006 0.008 
  17   (0.066) 0.011 0.127 0.011 0.092 
  18   (0.055) 0.009 0.051 0.009 0.089 
  19   (0.034) 0.006 0.046 0.006 0.008 
  20   (0.038) 0.006 0.010 0.006 0.085 
  21   (0.035) 0.006 0.010 0.006 0.046 

Locus 95 : locus95 
27 alleles
0.0% missing data
   1   (0.041) 0.014 0.011 0.191 0.010 
   2   (0.034) 0.006 0.009 0.061 0.008 
   3   (0.035) 0.007 0.010 0.142 0.008 
   4   (0.041) 0.009 0.011 0.115 0.010 
   5   (0.037) 0.008 0.010 0.197 0.009 
   6   (0.038) 0.010 0.011 0.057 0.009 
   7   (0.041) 0.009 0.011 0.087 0.010 
   8   (0.031) 0.061 0.009 0.005 0.007 
   9   (0.041) 0.203 0.011 0.008 0.010 
  10   (0.036) 0.114 0.010 0.010 0.008 
  11   (0.038) 0.147 0.011 0.006 0.009 
  12   (0.037) 0.058 0.010 0.010 0.009 
  13   (0.036) 0.169 0.010 0.011 0.009 
  14   (0.041) 0.105 0.012 0.020 0.010 
  15   (0.034) 0.006 0.190 0.006 0.008 
  16   (0.036) 0.006 0.082 0.006 0.009 
  17   (0.036) 0.006 0.046 0.006 0.008 
  18   (0.034) 0.006 0.154 0.006 0.008 
  19   (0.035) 0.006 0.118 0.006 0.008 
  20   (0.037) 0.006 0.083 0.006 0.009 
  21   (0.050) 0.008 0.050 0.009 0.050 
  22   (0.035) 0.006 0.082 0.006 0.008 
  23   (0.035) 0.006 0.010 0.006 0.123 
  24   (0.041) 0.007 0.011 0.007 0.391 
  25   (0.034) 0.006 0.009 0.006 0.161 
  26   (0.034) 0.006 0.010 0.006 0.046 
  27   (0.031) 0.005 0.009 0.005 0.046 

Locus 96 : locus96 
20 alleles
0.0% missing data
   1   (0.071) 0.083 0.020 0.191 0.017 
   2   (0.043) 0.010 0.012 0.143 0.010 
   3   (0.041) 0.009 0.011 0.117 0.010 
   4   (0.077) 0.249 0.021 0.136 0.018 
   5   (0.057) 0.012 0.016 0.091 0.051 
   6   (0.065) 0.060 0.018 0.156 0.016 
   7   (0.061) 0.100 0.017 0.059 0.014 
   8   (0.047) 0.309 0.013 0.012 0.011 
   9   (0.039) 0.058 0.011 0.010 0.009 
  10   (0.036) 0.034 0.010 0.006 0.009 
  11   (0.065) 0.011 0.127 0.011 0.092 
  12   (0.039) 0.006 0.083 0.007 0.009 
  13   (0.058) 0.009 0.052 0.010 0.167 
  14   (0.041) 0.007 0.119 0.007 0.010 
  15   (0.040) 0.007 0.156 0.007 0.010 
  16   (0.062) 0.010 0.162 0.011 0.053 
  17   (0.039) 0.006 0.047 0.007 0.009 
  18   (0.036) 0.006 0.082 0.006 0.009 
  19   (0.035) 0.006 0.010 0.006 0.084 
  20   (0.047) 0.008 0.013 0.008 0.393 

Locus 97 : locus97 
25 alleles
0.0% missing data
   1   (0.040) 0.010 0.011 0.365 0.009 
   2   (0.056) 0.014 0.051 0.061 0.013 
   3   (0.035) 0.006 0.010 0.034 0.008 
   4   (0.055) 0.009 0.088 0.037 0.013 
   5   (0.039) 0.009 0.011 0.088 0.009 
   6   (0.039) 0.008 0.011 0.144 0.009 
   7   (0.042) 0.012 0.012 0.113 0.010 
   8   (0.035) 0.006 0.010 0.034 0.008 
   9   (0.036) 0.062 0.010 0.006 0.009 
  10   (0.035) 0.087 0.010 0.008 0.008 
  11   (0.042) 0.196 0.012 0.012 0.010 
  12   (0.044) 0.364 0.012 0.012 0.010 
  13   (0.036) 0.034 0.010 0.006 0.009 
  14   (0.042) 0.116 0.012 0.009 0.010 
  15   (0.046) 0.008 0.193 0.008 0.011 
  16   (0.033) 0.005 0.045 0.006 0.008 
  17   (0.044) 0.007 0.229 0.008 0.011 
  18   (0.040) 0.007 0.156 0.007 0.009 
  19   (0.033) 0.005 0.045 0.006 0.008 
  20   (0.038) 0.006 0.011 0.007 0.085 
  21   (0.034) 0.006 0.009 0.006 0.046 
  22   (0.036) 0.006 0.010 0.006 0.085 
  23   (0.041) 0.007 0.011 0.007 0.239 
  24   (0.044) 0.007 0.012 0.008 0.316 
  25   (0.035) 0.006 0.010 0.006 0.046 

Locus 98 : locus98 
24 alleles
0.0% missing data
   1   (0.064) 0.015 0.018 0.173 0.091 
   2   (0.067) 0.017 0.019 0.200 0.092 
   3   (0.033) 0.007 0.009 0.116 0.008 
   4   (0.060) 0.018 0.017 0.140 0.129 
   5   (0.055) 0.009 0.015 0.093 0.051 
   6   (0.065) 0.013 0.018 0.147 0.207 
   7   (0.038) 0.057 0.011 0.011 0.009 
   8   (0.042) 0.311 0.012 0.009 0.010 
   9   (0.037) 0.116 0.010 0.008 0.009 
  10   (0.053) 0.059 0.015 0.014 0.050 
  11   (0.036) 0.141 0.010 0.010 0.009 
  12   (0.036) 0.142 0.010 0.009 0.008 
  13   (0.047) 0.035 0.013 0.008 0.049 
  14   (0.030) 0.005 0.044 0.005 0.007 
  15   (0.036) 0.006 0.155 0.006 0.009 
  16   (0.041) 0.007 0.156 0.007 0.010 
  17   (0.038) 0.006 0.155 0.006 0.009 
  18   (0.039) 0.006 0.191 0.007 0.009 
  19   (0.032) 0.005 0.081 0.005 0.007 
  20   (0.029) 0.005 0.008 0.005 0.045 
  21   (0.028) 0.005 0.008 0.005 0.045 
  22   (0.030) 0.005 0.008 0.005 0.045 
  23   (0.029) 0.005 0.008 0.005 0.045 
  24   (0.035) 0.006 0.010 0.006 0.046 

Locus 99 : locus99 
26 alleles
0.0% missing data
   1   (0.035) 0.006 0.010 0.062 0.008 
   2   (0.045) 0.010 0.012 0.421 0.011 
   3   (0.057) 0.014 0.052 0.143 0.013 
   4   (0.037) 0.009 0.010 0.170 0.009 
   5   (0.039) 0.011 0.011 0.058 0.009 
   6   (0.038) 0.116 0.011 0.008 0.009 
   7   (0.043) 0.252 0.012 0.012 0.010 
   8   (0.038) 0.252 0.011 0.011 0.009 
   9   (0.066) 0.038 0.344 0.011 0.016 
  10   (0.030) 0.033 0.008 0.005 0.007 
  11   (0.032) 0.033 0.009 0.005 0.008 
  12   (0.052) 0.118 0.050 0.011 0.012 
  13   (0.031) 0.033 0.009 0.005 0.007 
  14   (0.033) 0.005 0.082 0.006 0.008 
  15   (0.038) 0.006 0.119 0.006 0.009 
  16   (0.050) 0.008 0.086 0.009 0.050 
  17   (0.033) 0.005 0.045 0.006 0.008 
  18   (0.028) 0.005 0.044 0.005 0.007 
  19   (0.030) 0.005 0.008 0.005 0.045 
  20   (0.033) 0.005 0.009 0.006 0.046 
  21   (0.034) 0.006 0.009 0.006 0.084 
  22   (0.036) 0.006 0.010 0.006 0.276 
  23   (0.041) 0.007 0.011 0.007 0.162 
  24   (0.034) 0.006 0.009 0.006 0.046 
  25   (0.032) 0.005 0.009 0.006 0.046 
  26   (0.034) 0.006 0.009 0.006 0.084 

Locus 100 : locus100 
12 alleles
0.0% missing data
   1   (0.137) 0.172 0.183 0.207 0.033 
   2   (0.135) 0.178 0.146 0.228 0.032 
   3   (0.103) 0.143 0.064 0.143 0.024 
   4   (0.075) 0.108 0.021 0.111 0.018 
   5   (0.148) 0.067 0.294 0.177 0.073 
   6   (0.075) 0.018 0.021 0.063 0.209 
   7   (0.041) 0.058 0.011 0.011 0.010 
   8   (0.043) 0.058 0.012 0.012 0.010 
   9   (0.071) 0.039 0.020 0.012 0.361 
  10   (0.092) 0.147 0.206 0.023 0.022 
  11   (0.043) 0.007 0.012 0.007 0.163 
  12   (0.036) 0.006 0.010 0.006 0.047 

Values of parameters used in structure:
DATAFILE=parentandhybrid1.str,	OUTFILE=parentandhybrid4Deme_2,	NUMINDS=50,	NUMLOCI=100,	MISSING=0,	LABEL=1,	POPDATA=0,	POPFLAG=0,	PHENOTYPE=0,	EXTRACOLS=0,	MAXPOPS=4,	BURNIN=200000,	NUMREPS=200000,	USEPOPINFO=0,	INFERALPHA=1,	INFERLAMBDA=0,	POPSPECIFICLAMBDA=0,	POPALPHAS=0,	COMPUTEPROB=1,	NOADMIX=0,	ADMBURNIN=500,	UPDATEFREQ=100,	PRINTLIKES=0,	INTERMEDSAVE=0,	PRINTKLD=0,	PRINTNET=1,	PRINTLAMBDA=1,	ANCESTDIST=0,	NUMBOXES=1000,	ANCESTPINT=0.90000,	GENSBACK=2,	MIGRPRIOR=0.01000,	PRINTQHAT=0,	PRINTQSUM=1,	ALPHA=1.0000,	FREQSCORR=1,	FPRIORMEAN=0.0100,	FPRIORSD=0.0500,	ONEFST=0,	LAMBDA=1.0000,	UNIFPRIORALPHA=1,	ALPHAMAX=10.0000,	ALPHAPRIORA=1.0000,	ALPHAPRIORB=2.0000,	ALPHAPROPSD=0.0250,	STARTATPOPINFO=0,	RANDOMIZE=1,	LINKAGE=0,	METROFREQ=10,	REPORTHITRATE=0,	MARKOVPHASE=0,	PHASED=0,	PLOIDY=2,	PHASEINFO=0	LOCPRIOR=0, 	LOCPRIORINIT=1.000000, 	LOCDATA=0, 	LOCISPOP=0, 	LOCPRIORSTEP=0.100000, 	MAXLOCPRIOR=20.000000, 	SEED=1658849613,	
[STRAT parameters]:    NUMSIMSTATS=1000,	PHENOTYPECOL=-9,	POOLFREQ=10,	LOCUSxONLY=0,	EMERROR=0.00100,	MISSINGPHENO=-9,	