

----------------------------------------------------
STRUCTURE by Pritchard, Stephens and Donnelly (2000)
     and Falush, Stephens and Pritchard (2003)
       Code by Pritchard, Falush and Hubisz
             Version 2.3.4 (Jul 2012)
----------------------------------------------------



Command line arguments:   /usr/local/bin/structure -i parentandhybrid3.str -m mainparams.txt -e extraparams.txt -K 4 -o parentandhybrid4Deme_5 
Input File:    parentandhybrid3.str

Run parameters:
   50 individuals
   100 loci
   4 populations assumed
   200000 Burn-in period
   200000 Reps


--------------------------------------------
Overall proportion of membership of the
sample in each of the 4 clusters

Inferred Clusters
  1      2      3      4    
0.300  0.300  0.200  0.200  

--------------------------------------------

Allele-freq. divergence among pops (Net nucleotide distance),
computed using point estimates of P.

      1       2       3       4      
 1      -    0.1065  0.0966  0.0994  
 2   0.1065     -    0.0979  0.0964  
 3   0.0966  0.0979     -    0.0884  
 4   0.0994  0.0964  0.0884     -    

Average distances (expected heterozygosity) between individuals in same cluster:
cluster  1  : 0.8507 
cluster  2  : 0.8471 
cluster  3  : 0.8665 
cluster  4  : 0.8625 

--------------------------------------------
Estimated Ln Prob of Data   = -23250.9
Mean value of ln likelihood = -21656.3
Variance of ln likelihood   = 3189.2
Mean value of alpha         = 0.0282

Mean value of Fst_1         = 0.1413
Mean value of Fst_2         = 0.1442
Mean value of Fst_3         = 0.1202
Mean value of Fst_4         = 0.1235


Inferred ancestry of individuals:
        Label (%Miss) :  Inferred clusters
  1       01    (0)   :  0.999 0.000 0.000 0.000 
  2       02    (0)   :  0.998 0.000 0.001 0.001 
  3       03    (0)   :  0.999 0.000 0.000 0.001 
  4       04    (0)   :  0.999 0.000 0.000 0.000 
  5       05    (0)   :  0.998 0.001 0.001 0.000 
  6       06    (0)   :  0.999 0.000 0.001 0.000 
  7       07    (0)   :  0.999 0.000 0.001 0.000 
  8       08    (0)   :  0.998 0.000 0.001 0.001 
  9       09    (0)   :  0.999 0.000 0.000 0.001 
 10       10    (0)   :  0.998 0.000 0.000 0.001 
 11       11    (0)   :  0.000 0.999 0.000 0.000 
 12       12    (0)   :  0.000 0.999 0.000 0.001 
 13       13    (0)   :  0.000 0.993 0.006 0.002 
 14       14    (0)   :  0.000 0.999 0.001 0.000 
 15       15    (0)   :  0.000 0.999 0.000 0.000 
 16       16    (0)   :  0.000 0.999 0.000 0.001 
 17       17    (0)   :  0.000 0.994 0.001 0.005 
 18       18    (0)   :  0.000 0.998 0.001 0.001 
 19       19    (0)   :  0.000 0.998 0.000 0.001 
 20       20    (0)   :  0.000 0.999 0.000 0.000 
 21      h01    (0)   :  0.482 0.518 0.000 0.000 
 22      h02    (0)   :  0.491 0.508 0.000 0.000 
 23      h03    (0)   :  0.549 0.451 0.000 0.000 
 24      h04    (0)   :  0.502 0.497 0.000 0.000 
 25      h05    (0)   :  0.506 0.493 0.000 0.000 
 26      h06    (0)   :  0.482 0.518 0.000 0.000 
 27      h07    (0)   :  0.499 0.500 0.000 0.000 
 28      h08    (0)   :  0.486 0.513 0.000 0.000 
 29      h09    (0)   :  0.526 0.474 0.000 0.000 
 30      h10    (0)   :  0.478 0.521 0.000 0.000 
 31       21    (0)   :  0.000 0.000 0.999 0.000 
 32       22    (0)   :  0.001 0.000 0.999 0.000 
 33       23    (0)   :  0.001 0.001 0.997 0.002 
 34       24    (0)   :  0.000 0.001 0.998 0.000 
 35       25    (0)   :  0.000 0.000 0.999 0.000 
 36       26    (0)   :  0.000 0.000 0.999 0.000 
 37       27    (0)   :  0.000 0.000 0.999 0.000 
 38       28    (0)   :  0.000 0.000 0.999 0.001 
 39       29    (0)   :  0.000 0.000 0.999 0.000 
 40       30    (0)   :  0.001 0.000 0.999 0.000 
 41       31    (0)   :  0.000 0.000 0.001 0.999 
 42       32    (0)   :  0.001 0.003 0.001 0.996 
 43       33    (0)   :  0.000 0.001 0.000 0.999 
 44       34    (0)   :  0.001 0.000 0.000 0.999 
 45       35    (0)   :  0.001 0.000 0.001 0.998 
 46       36    (0)   :  0.000 0.000 0.000 0.999 
 47       37    (0)   :  0.000 0.001 0.000 0.999 
 48       38    (0)   :  0.001 0.000 0.001 0.998 
 49       39    (0)   :  0.000 0.000 0.001 0.999 
 50       40    (0)   :  0.000 0.000 0.000 0.999 


Estimated Allele Frequencies in each cluster
First column gives estimated ancestral frequencies


Locus 1 : locus1 
20 alleles
0.0% missing data
   1   (0.035) 0.113 0.010 0.009 0.009 
   2   (0.062) 0.229 0.015 0.053 0.016 
   3   (0.067) 0.149 0.013 0.128 0.018 
   4   (0.050) 0.065 0.008 0.014 0.050 
   5   (0.037) 0.088 0.008 0.010 0.010 
   6   (0.030) 0.033 0.005 0.008 0.008 
   7   (0.035) 0.058 0.009 0.009 0.009 
   8   (0.034) 0.062 0.006 0.009 0.009 
   9   (0.066) 0.083 0.022 0.164 0.017 
  10   (0.056) 0.012 0.228 0.015 0.051 
  11   (0.073) 0.012 0.095 0.056 0.093 
  12   (0.071) 0.018 0.060 0.056 0.092 
  13   (0.083) 0.024 0.363 0.059 0.059 
  14   (0.035) 0.008 0.086 0.009 0.009 
  15   (0.083) 0.014 0.041 0.132 0.244 
  16   (0.032) 0.006 0.005 0.118 0.009 
  17   (0.031) 0.005 0.005 0.081 0.008 
  18   (0.048) 0.008 0.008 0.049 0.086 
  19   (0.036) 0.006 0.006 0.010 0.120 
  20   (0.036) 0.006 0.006 0.010 0.083 

Locus 2 : locus2 
23 alleles
0.0% missing data
   1   (0.072) 0.121 0.238 0.019 0.019 
   2   (0.046) 0.277 0.012 0.012 0.012 
   3   (0.063) 0.095 0.093 0.017 0.017 
   4   (0.069) 0.182 0.200 0.019 0.018 
   5   (0.059) 0.075 0.112 0.016 0.016 
   6   (0.051) 0.063 0.037 0.014 0.014 
   7   (0.037) 0.057 0.010 0.010 0.010 
   8   (0.034) 0.033 0.006 0.009 0.009 
   9   (0.039) 0.009 0.203 0.011 0.010 
  10   (0.063) 0.010 0.011 0.163 0.090 
  11   (0.029) 0.005 0.005 0.044 0.008 
  12   (0.038) 0.006 0.006 0.083 0.010 
  13   (0.037) 0.006 0.006 0.156 0.010 
  14   (0.034) 0.006 0.006 0.082 0.009 
  15   (0.039) 0.007 0.007 0.083 0.010 
  16   (0.030) 0.005 0.005 0.081 0.008 
  17   (0.032) 0.005 0.005 0.045 0.008 
  18   (0.055) 0.009 0.009 0.088 0.088 
  19   (0.036) 0.006 0.006 0.010 0.120 
  20   (0.038) 0.006 0.006 0.010 0.194 
  21   (0.036) 0.006 0.006 0.010 0.231 
  22   (0.031) 0.005 0.005 0.008 0.045 
  23   (0.032) 0.005 0.005 0.009 0.045 

Locus 3 : locus3 
23 alleles
0.0% missing data
   1   (0.044) 0.370 0.009 0.012 0.012 
   2   (0.074) 0.256 0.020 0.093 0.019 
   3   (0.060) 0.091 0.013 0.016 0.052 
   4   (0.062) 0.061 0.016 0.090 0.016 
   5   (0.059) 0.060 0.015 0.016 0.052 
   6   (0.061) 0.038 0.010 0.016 0.164 
   7   (0.036) 0.006 0.089 0.010 0.009 
   8   (0.034) 0.006 0.033 0.009 0.009 
   9   (0.047) 0.012 0.335 0.013 0.012 
  10   (0.042) 0.011 0.141 0.011 0.011 
  11   (0.048) 0.016 0.193 0.013 0.013 
  12   (0.030) 0.005 0.033 0.008 0.008 
  13   (0.032) 0.005 0.033 0.009 0.008 
  14   (0.036) 0.006 0.006 0.046 0.010 
  15   (0.045) 0.008 0.007 0.341 0.012 
  16   (0.038) 0.006 0.006 0.120 0.010 
  17   (0.037) 0.006 0.006 0.083 0.010 
  18   (0.035) 0.006 0.006 0.046 0.009 
  19   (0.037) 0.006 0.006 0.010 0.120 
  20   (0.033) 0.006 0.006 0.009 0.045 
  21   (0.041) 0.007 0.007 0.011 0.269 
  22   (0.036) 0.006 0.006 0.010 0.083 
  23   (0.033) 0.006 0.005 0.009 0.045 

Locus 4 : locus4 
22 alleles
0.0% missing data
   1   (0.076) 0.146 0.019 0.167 0.020 
   2   (0.043) 0.200 0.009 0.012 0.011 
   3   (0.057) 0.093 0.009 0.052 0.015 
   4   (0.046) 0.225 0.013 0.012 0.012 
   5   (0.034) 0.033 0.006 0.009 0.009 
   6   (0.068) 0.039 0.011 0.348 0.018 
   7   (0.075) 0.146 0.018 0.130 0.020 
   8   (0.048) 0.013 0.279 0.013 0.013 
   9   (0.044) 0.010 0.281 0.012 0.012 
  10   (0.041) 0.009 0.116 0.011 0.011 
  11   (0.064) 0.016 0.144 0.017 0.053 
  12   (0.033) 0.006 0.033 0.009 0.009 
  13   (0.038) 0.007 0.006 0.083 0.010 
  14   (0.032) 0.006 0.005 0.045 0.009 
  15   (0.035) 0.006 0.006 0.009 0.046 
  16   (0.045) 0.008 0.007 0.012 0.270 
  17   (0.037) 0.006 0.006 0.010 0.047 
  18   (0.038) 0.007 0.006 0.010 0.084 
  19   (0.040) 0.007 0.006 0.011 0.121 
  20   (0.037) 0.006 0.006 0.010 0.084 
  21   (0.033) 0.006 0.005 0.009 0.046 
  22   (0.035) 0.006 0.006 0.009 0.083 

Locus 5 : locus5 
11 alleles
0.0% missing data
   1   (0.108) 0.201 0.028 0.139 0.065 
   2   (0.087) 0.195 0.251 0.024 0.023 
   3   (0.199) 0.320 0.243 0.163 0.200 
   4   (0.130) 0.061 0.207 0.108 0.108 
   5   (0.084) 0.069 0.014 0.096 0.059 
   6   (0.065) 0.044 0.146 0.018 0.017 
   7   (0.087) 0.042 0.043 0.207 0.023 
   8   (0.036) 0.033 0.006 0.010 0.009 
   9   (0.068) 0.011 0.039 0.018 0.276 
  10   (0.068) 0.011 0.011 0.091 0.128 
  11   (0.067) 0.011 0.011 0.127 0.091 

Locus 6 : locus6 
23 alleles
0.0% missing data
   1   (0.066) 0.360 0.016 0.054 0.017 
   2   (0.065) 0.330 0.018 0.053 0.017 
   3   (0.051) 0.036 0.009 0.050 0.013 
   4   (0.034) 0.060 0.006 0.009 0.009 
   5   (0.037) 0.057 0.010 0.010 0.010 
   6   (0.034) 0.006 0.063 0.009 0.009 
   7   (0.038) 0.008 0.203 0.010 0.010 
   8   (0.036) 0.008 0.089 0.010 0.009 
   9   (0.056) 0.019 0.084 0.052 0.015 
  10   (0.039) 0.008 0.147 0.011 0.010 
  11   (0.063) 0.017 0.117 0.090 0.017 
  12   (0.030) 0.005 0.034 0.008 0.008 
  13   (0.069) 0.011 0.068 0.312 0.018 
  14   (0.063) 0.022 0.083 0.090 0.017 
  15   (0.036) 0.006 0.006 0.119 0.009 
  16   (0.033) 0.005 0.005 0.045 0.009 
  17   (0.039) 0.006 0.007 0.010 0.158 
  18   (0.039) 0.006 0.007 0.010 0.231 
  19   (0.039) 0.006 0.007 0.010 0.195 
  20   (0.036) 0.006 0.006 0.010 0.083 
  21   (0.031) 0.005 0.005 0.008 0.045 
  22   (0.036) 0.006 0.006 0.010 0.046 
  23   (0.030) 0.005 0.005 0.008 0.045 

Locus 7 : locus7 
22 alleles
0.0% missing data
   1   (0.054) 0.441 0.015 0.014 0.014 
   2   (0.043) 0.224 0.009 0.012 0.011 
   3   (0.038) 0.086 0.009 0.010 0.010 
   4   (0.033) 0.088 0.006 0.009 0.009 
   5   (0.039) 0.006 0.063 0.010 0.010 
   6   (0.036) 0.006 0.062 0.010 0.010 
   7   (0.048) 0.015 0.254 0.013 0.013 
   8   (0.046) 0.010 0.118 0.012 0.012 
   9   (0.045) 0.009 0.231 0.012 0.012 
  10   (0.038) 0.011 0.058 0.010 0.010 
  11   (0.066) 0.016 0.062 0.091 0.017 
  12   (0.049) 0.008 0.036 0.050 0.013 
  13   (0.065) 0.011 0.011 0.054 0.275 
  14   (0.036) 0.006 0.006 0.083 0.009 
  15   (0.073) 0.012 0.012 0.239 0.092 
  16   (0.062) 0.010 0.010 0.052 0.201 
  17   (0.038) 0.006 0.006 0.083 0.010 
  18   (0.038) 0.006 0.006 0.120 0.010 
  19   (0.035) 0.006 0.006 0.046 0.009 
  20   (0.039) 0.006 0.006 0.047 0.010 
  21   (0.042) 0.007 0.007 0.011 0.158 
  22   (0.038) 0.006 0.006 0.010 0.084 

Locus 8 : locus8 
18 alleles
0.0% missing data
   1   (0.041) 0.144 0.008 0.011 0.011 
   2   (0.066) 0.038 0.011 0.018 0.202 
   3   (0.121) 0.151 0.028 0.106 0.290 
   4   (0.089) 0.340 0.023 0.024 0.134 
   5   (0.061) 0.048 0.084 0.016 0.016 
   6   (0.072) 0.091 0.016 0.019 0.167 
   7   (0.059) 0.049 0.082 0.016 0.015 
   8   (0.062) 0.049 0.083 0.017 0.016 
   9   (0.052) 0.013 0.311 0.014 0.014 
  10   (0.045) 0.016 0.082 0.012 0.012 
  11   (0.044) 0.009 0.173 0.012 0.012 
  12   (0.037) 0.010 0.058 0.010 0.010 
  13   (0.041) 0.007 0.007 0.194 0.011 
  14   (0.058) 0.010 0.010 0.089 0.052 
  15   (0.041) 0.007 0.007 0.121 0.011 
  16   (0.045) 0.008 0.007 0.231 0.012 
  17   (0.033) 0.006 0.006 0.045 0.009 
  18   (0.033) 0.006 0.005 0.045 0.009 

Locus 9 : locus9 
18 alleles
0.0% missing data
   1   (0.070) 0.174 0.016 0.092 0.018 
   2   (0.103) 0.222 0.118 0.028 0.101 
   3   (0.060) 0.115 0.017 0.053 0.016 
   4   (0.040) 0.090 0.007 0.011 0.010 
   5   (0.070) 0.196 0.022 0.055 0.018 
   6   (0.056) 0.037 0.009 0.088 0.015 
   7   (0.070) 0.061 0.017 0.165 0.019 
   8   (0.046) 0.013 0.252 0.012 0.012 
   9   (0.062) 0.011 0.038 0.017 0.127 
  10   (0.065) 0.011 0.094 0.017 0.091 
  11   (0.078) 0.021 0.309 0.021 0.094 
  12   (0.072) 0.012 0.067 0.019 0.388 
  13   (0.041) 0.007 0.007 0.194 0.011 
  14   (0.036) 0.006 0.006 0.083 0.010 
  15   (0.034) 0.006 0.006 0.046 0.009 
  16   (0.034) 0.006 0.006 0.046 0.009 
  17   (0.032) 0.005 0.005 0.045 0.008 
  18   (0.032) 0.005 0.005 0.009 0.045 

Locus 10 : locus10 
17 alleles
0.0% missing data
   1   (0.047) 0.225 0.010 0.013 0.012 
   2   (0.056) 0.037 0.009 0.015 0.089 
   3   (0.088) 0.228 0.022 0.024 0.170 
   4   (0.086) 0.253 0.023 0.023 0.133 
   5   (0.069) 0.039 0.011 0.019 0.350 
   6   (0.040) 0.057 0.011 0.011 0.010 
   7   (0.057) 0.037 0.010 0.015 0.089 
   8   (0.084) 0.021 0.232 0.132 0.022 
   9   (0.064) 0.011 0.095 0.090 0.017 
  10   (0.043) 0.009 0.118 0.011 0.011 
  11   (0.033) 0.005 0.034 0.009 0.009 
  12   (0.084) 0.020 0.233 0.169 0.022 
  13   (0.075) 0.030 0.106 0.093 0.020 
  14   (0.056) 0.009 0.066 0.051 0.015 
  15   (0.046) 0.008 0.008 0.195 0.012 
  16   (0.037) 0.006 0.006 0.083 0.010 
  17   (0.036) 0.006 0.006 0.046 0.009 

Locus 11 : locus11 
21 alleles
0.0% missing data
   1   (0.046) 0.225 0.010 0.012 0.012 
   2   (0.042) 0.221 0.013 0.011 0.011 
   3   (0.041) 0.166 0.012 0.011 0.011 
   4   (0.033) 0.033 0.005 0.009 0.009 
   5   (0.031) 0.060 0.005 0.008 0.008 
   6   (0.039) 0.143 0.008 0.011 0.010 
   7   (0.070) 0.014 0.150 0.019 0.129 
   8   (0.110) 0.025 0.180 0.065 0.361 
   9   (0.045) 0.013 0.255 0.012 0.012 
  10   (0.064) 0.013 0.120 0.091 0.017 
  11   (0.072) 0.019 0.117 0.129 0.019 
  12   (0.057) 0.009 0.038 0.125 0.015 
  13   (0.057) 0.010 0.037 0.089 0.015 
  14   (0.041) 0.007 0.007 0.194 0.011 
  15   (0.036) 0.006 0.006 0.083 0.009 
  16   (0.032) 0.005 0.005 0.045 0.008 
  17   (0.034) 0.006 0.006 0.046 0.009 
  18   (0.037) 0.006 0.006 0.010 0.084 
  19   (0.036) 0.006 0.006 0.010 0.083 
  20   (0.042) 0.007 0.007 0.011 0.121 
  21   (0.033) 0.005 0.005 0.009 0.045 

Locus 12 : locus12 
15 alleles
0.0% missing data
   1   (0.043) 0.162 0.014 0.011 0.011 
   2   (0.124) 0.130 0.105 0.143 0.106 
   3   (0.039) 0.140 0.008 0.010 0.010 
   4   (0.039) 0.057 0.010 0.010 0.010 
   5   (0.070) 0.300 0.105 0.019 0.018 
   6   (0.131) 0.057 0.128 0.145 0.256 
   7   (0.104) 0.063 0.026 0.211 0.175 
   8   (0.051) 0.008 0.066 0.014 0.050 
   9   (0.036) 0.009 0.060 0.010 0.009 
  10   (0.032) 0.005 0.034 0.009 0.008 
  11   (0.063) 0.010 0.040 0.053 0.053 
  12   (0.106) 0.026 0.123 0.212 0.102 
  13   (0.094) 0.021 0.269 0.062 0.135 
  14   (0.036) 0.006 0.006 0.083 0.009 
  15   (0.033) 0.005 0.006 0.009 0.045 

Locus 13 : locus13 
18 alleles
0.0% missing data
   1   (0.066) 0.108 0.164 0.018 0.017 
   2   (0.095) 0.196 0.056 0.172 0.025 
   3   (0.068) 0.134 0.138 0.018 0.018 
   4   (0.042) 0.115 0.009 0.011 0.011 
   5   (0.063) 0.192 0.076 0.017 0.017 
   6   (0.087) 0.123 0.128 0.060 0.023 
   7   (0.032) 0.033 0.005 0.009 0.008 
   8   (0.059) 0.012 0.149 0.052 0.015 
   9   (0.060) 0.013 0.120 0.016 0.090 
  10   (0.037) 0.008 0.089 0.010 0.010 
  11   (0.061) 0.010 0.010 0.163 0.052 
  12   (0.038) 0.006 0.006 0.120 0.010 
  13   (0.056) 0.009 0.009 0.051 0.125 
  14   (0.076) 0.013 0.013 0.130 0.388 
  15   (0.058) 0.010 0.010 0.089 0.089 
  16   (0.033) 0.006 0.006 0.045 0.009 
  17   (0.035) 0.006 0.006 0.009 0.046 
  18   (0.034) 0.006 0.006 0.009 0.046 

Locus 14 : locus14 
16 alleles
0.0% missing data
   1   (0.097) 0.170 0.027 0.026 0.284 
   2   (0.082) 0.202 0.018 0.095 0.022 
   3   (0.065) 0.119 0.013 0.017 0.054 
   4   (0.087) 0.122 0.017 0.060 0.060 
   5   (0.075) 0.059 0.272 0.020 0.020 
   6   (0.089) 0.093 0.019 0.024 0.319 
   7   (0.047) 0.142 0.012 0.013 0.012 
   8   (0.073) 0.012 0.152 0.093 0.019 
   9   (0.045) 0.010 0.201 0.012 0.012 
  10   (0.060) 0.010 0.038 0.089 0.016 
  11   (0.076) 0.025 0.196 0.057 0.020 
  12   (0.046) 0.008 0.008 0.159 0.012 
  13   (0.035) 0.006 0.006 0.046 0.009 
  14   (0.045) 0.008 0.007 0.231 0.012 
  15   (0.037) 0.006 0.006 0.046 0.010 
  16   (0.042) 0.007 0.007 0.011 0.122 

Locus 15 : locus15 
22 alleles
0.0% missing data
   1   (0.045) 0.414 0.013 0.012 0.012 
   2   (0.037) 0.086 0.009 0.010 0.010 
   3   (0.072) 0.067 0.012 0.056 0.056 
   4   (0.060) 0.117 0.013 0.053 0.016 
   5   (0.034) 0.061 0.006 0.009 0.009 
   6   (0.036) 0.086 0.008 0.010 0.009 
   7   (0.033) 0.033 0.006 0.009 0.009 
   8   (0.041) 0.010 0.228 0.011 0.011 
   9   (0.071) 0.015 0.092 0.019 0.166 
  10   (0.073) 0.018 0.232 0.020 0.129 
  11   (0.035) 0.009 0.058 0.009 0.009 
  12   (0.065) 0.013 0.149 0.017 0.091 
  13   (0.074) 0.016 0.092 0.020 0.278 
  14   (0.032) 0.005 0.033 0.009 0.008 
  15   (0.042) 0.007 0.007 0.121 0.011 
  16   (0.043) 0.007 0.007 0.267 0.011 
  17   (0.038) 0.006 0.006 0.120 0.010 
  18   (0.032) 0.005 0.005 0.045 0.008 
  19   (0.036) 0.006 0.006 0.119 0.010 
  20   (0.035) 0.006 0.006 0.046 0.009 
  21   (0.033) 0.005 0.005 0.009 0.046 
  22   (0.035) 0.006 0.006 0.009 0.083 

Locus 16 : locus16 
21 alleles
0.0% missing data
   1   (0.095) 0.284 0.054 0.136 0.025 
   2   (0.039) 0.088 0.009 0.011 0.010 
   3   (0.034) 0.062 0.006 0.009 0.009 
   4   (0.098) 0.261 0.159 0.063 0.026 
   5   (0.041) 0.117 0.009 0.011 0.011 
   6   (0.065) 0.061 0.016 0.127 0.017 
   7   (0.040) 0.011 0.141 0.011 0.011 
   8   (0.038) 0.010 0.058 0.010 0.010 
   9   (0.040) 0.015 0.081 0.011 0.011 
  10   (0.046) 0.011 0.281 0.012 0.012 
  11   (0.030) 0.005 0.033 0.008 0.008 
  12   (0.036) 0.006 0.061 0.009 0.009 
  13   (0.037) 0.006 0.034 0.010 0.010 
  14   (0.041) 0.007 0.007 0.157 0.011 
  15   (0.078) 0.013 0.013 0.277 0.131 
  16   (0.032) 0.006 0.005 0.045 0.008 
  17   (0.050) 0.009 0.008 0.050 0.050 
  18   (0.038) 0.006 0.006 0.010 0.084 
  19   (0.044) 0.008 0.007 0.012 0.270 
  20   (0.037) 0.006 0.006 0.010 0.083 
  21   (0.039) 0.007 0.006 0.011 0.195 

Locus 17 : locus17 
22 alleles
0.0% missing data
   1   (0.039) 0.170 0.009 0.010 0.010 
   2   (0.034) 0.057 0.010 0.009 0.009 
   3   (0.036) 0.115 0.008 0.010 0.009 
   4   (0.072) 0.173 0.017 0.019 0.277 
   5   (0.061) 0.172 0.014 0.017 0.090 
   6   (0.057) 0.118 0.012 0.015 0.089 
   7   (0.062) 0.060 0.016 0.017 0.164 
   8   (0.034) 0.006 0.061 0.009 0.009 
   9   (0.062) 0.018 0.114 0.126 0.016 
  10   (0.060) 0.012 0.119 0.089 0.016 
  11   (0.039) 0.010 0.142 0.010 0.010 
  12   (0.036) 0.008 0.087 0.010 0.009 
  13   (0.064) 0.016 0.145 0.091 0.017 
  14   (0.062) 0.017 0.115 0.126 0.016 
  15   (0.035) 0.006 0.062 0.009 0.009 
  16   (0.045) 0.008 0.036 0.049 0.012 
  17   (0.036) 0.006 0.006 0.156 0.009 
  18   (0.035) 0.006 0.006 0.083 0.009 
  19   (0.033) 0.006 0.005 0.082 0.009 
  20   (0.032) 0.005 0.005 0.045 0.008 
  21   (0.033) 0.006 0.006 0.009 0.082 
  22   (0.033) 0.005 0.005 0.009 0.119 

Locus 18 : locus18 
16 alleles
0.0% missing data
   1   (0.102) 0.092 0.054 0.247 0.027 
   2   (0.120) 0.204 0.360 0.032 0.068 
   3   (0.077) 0.127 0.013 0.167 0.020 
   4   (0.099) 0.237 0.104 0.063 0.026 
   5   (0.078) 0.094 0.235 0.021 0.021 
   6   (0.087) 0.108 0.060 0.023 0.060 
   7   (0.067) 0.074 0.114 0.018 0.018 
   8   (0.043) 0.008 0.007 0.121 0.011 
   9   (0.038) 0.007 0.006 0.083 0.010 
  10   (0.040) 0.007 0.006 0.157 0.011 
  11   (0.049) 0.008 0.008 0.013 0.308 
  12   (0.043) 0.007 0.007 0.012 0.122 
  13   (0.040) 0.007 0.007 0.011 0.121 
  14   (0.039) 0.007 0.006 0.010 0.047 
  15   (0.042) 0.007 0.007 0.011 0.085 
  16   (0.036) 0.006 0.006 0.010 0.046 

Locus 19 : locus19 
14 alleles
0.0% missing data
   1   (0.050) 0.222 0.013 0.013 0.013 
   2   (0.047) 0.140 0.012 0.012 0.012 
   3   (0.043) 0.114 0.009 0.011 0.011 
   4   (0.071) 0.106 0.111 0.019 0.019 
   5   (0.122) 0.047 0.047 0.327 0.106 
   6   (0.146) 0.060 0.300 0.112 0.186 
   7   (0.046) 0.111 0.014 0.012 0.012 
   8   (0.042) 0.114 0.009 0.011 0.011 
   9   (0.049) 0.015 0.199 0.013 0.013 
  10   (0.144) 0.031 0.216 0.148 0.333 
  11   (0.083) 0.014 0.042 0.169 0.059 
  12   (0.054) 0.009 0.009 0.051 0.051 
  13   (0.066) 0.011 0.011 0.091 0.128 
  14   (0.037) 0.006 0.006 0.010 0.047 

Locus 20 : locus20 
20 alleles
0.0% missing data
   1   (0.048) 0.123 0.008 0.013 0.013 
   2   (0.060) 0.347 0.015 0.016 0.016 
   3   (0.080) 0.094 0.126 0.021 0.021 
   4   (0.047) 0.234 0.010 0.013 0.012 
   5   (0.083) 0.065 0.262 0.022 0.022 
   6   (0.047) 0.012 0.139 0.013 0.012 
   7   (0.044) 0.008 0.088 0.012 0.012 
   8   (0.052) 0.016 0.164 0.014 0.014 
   9   (0.049) 0.015 0.110 0.013 0.013 
  10   (0.045) 0.008 0.007 0.158 0.012 
  11   (0.053) 0.009 0.009 0.270 0.014 
  12   (0.037) 0.007 0.006 0.083 0.010 
  13   (0.051) 0.009 0.008 0.197 0.013 
  14   (0.038) 0.007 0.006 0.047 0.010 
  15   (0.041) 0.007 0.007 0.047 0.011 
  16   (0.047) 0.008 0.008 0.013 0.197 
  17   (0.044) 0.008 0.007 0.012 0.122 
  18   (0.047) 0.008 0.008 0.013 0.196 
  19   (0.050) 0.009 0.008 0.013 0.235 
  20   (0.037) 0.006 0.006 0.010 0.046 

Locus 21 : locus21 
20 alleles
0.0% missing data
   1   (0.067) 0.254 0.016 0.054 0.018 
   2   (0.055) 0.059 0.015 0.015 0.051 
   3   (0.043) 0.141 0.011 0.012 0.011 
   4   (0.083) 0.282 0.021 0.169 0.022 
   5   (0.055) 0.064 0.009 0.015 0.051 
   6   (0.060) 0.065 0.010 0.089 0.016 
   7   (0.068) 0.015 0.316 0.018 0.054 
   8   (0.038) 0.010 0.059 0.010 0.010 
   9   (0.085) 0.024 0.172 0.023 0.207 
  10   (0.032) 0.005 0.033 0.009 0.009 
  11   (0.033) 0.006 0.062 0.009 0.009 
  12   (0.073) 0.020 0.116 0.020 0.130 
  13   (0.033) 0.006 0.033 0.009 0.009 
  14   (0.036) 0.008 0.088 0.010 0.009 
  15   (0.039) 0.007 0.006 0.120 0.010 
  16   (0.039) 0.007 0.007 0.084 0.010 
  17   (0.042) 0.007 0.007 0.157 0.011 
  18   (0.040) 0.007 0.007 0.157 0.010 
  19   (0.043) 0.007 0.007 0.012 0.269 
  20   (0.035) 0.006 0.006 0.009 0.083 

Locus 22 : locus22 
21 alleles
0.0% missing data
   1   (0.043) 0.116 0.009 0.012 0.011 
   2   (0.044) 0.145 0.009 0.012 0.011 
   3   (0.037) 0.062 0.006 0.010 0.010 
   4   (0.049) 0.197 0.013 0.013 0.013 
   5   (0.045) 0.112 0.013 0.012 0.012 
   6   (0.051) 0.138 0.017 0.014 0.013 
   7   (0.039) 0.090 0.006 0.011 0.010 
   8   (0.049) 0.011 0.312 0.013 0.013 
   9   (0.074) 0.019 0.201 0.020 0.055 
  10   (0.050) 0.013 0.143 0.013 0.013 
  11   (0.052) 0.009 0.036 0.014 0.051 
  12   (0.037) 0.006 0.034 0.010 0.010 
  13   (0.090) 0.024 0.117 0.024 0.282 
  14   (0.037) 0.006 0.034 0.010 0.010 
  15   (0.045) 0.008 0.008 0.268 0.012 
  16   (0.046) 0.008 0.008 0.122 0.012 
  17   (0.045) 0.008 0.008 0.195 0.012 
  18   (0.043) 0.007 0.007 0.194 0.011 
  19   (0.048) 0.008 0.008 0.013 0.271 
  20   (0.042) 0.007 0.007 0.011 0.122 
  21   (0.034) 0.006 0.006 0.009 0.046 

Locus 23 : locus23 
19 alleles
0.0% missing data
   1   (0.046) 0.197 0.011 0.012 0.012 
   2   (0.047) 0.195 0.013 0.013 0.012 
   3   (0.040) 0.087 0.009 0.011 0.010 
   4   (0.043) 0.087 0.010 0.012 0.011 
   5   (0.050) 0.252 0.012 0.013 0.013 
   6   (0.034) 0.033 0.006 0.009 0.009 
   7   (0.047) 0.011 0.287 0.013 0.012 
   8   (0.077) 0.020 0.118 0.021 0.131 
   9   (0.097) 0.016 0.043 0.174 0.173 
  10   (0.074) 0.020 0.117 0.093 0.020 
  11   (0.066) 0.015 0.092 0.091 0.017 
  12   (0.057) 0.010 0.066 0.015 0.052 
  13   (0.045) 0.012 0.144 0.012 0.012 
  14   (0.066) 0.011 0.039 0.018 0.238 
  15   (0.044) 0.007 0.007 0.158 0.012 
  16   (0.049) 0.008 0.008 0.268 0.013 
  17   (0.036) 0.006 0.006 0.046 0.010 
  18   (0.045) 0.008 0.008 0.012 0.196 
  19   (0.037) 0.006 0.006 0.010 0.046 

Locus 24 : locus24 
22 alleles
0.0% missing data
   1   (0.052) 0.105 0.106 0.014 0.014 
   2   (0.081) 0.232 0.128 0.058 0.021 
   3   (0.059) 0.174 0.096 0.016 0.016 
   4   (0.051) 0.111 0.045 0.014 0.014 
   5   (0.058) 0.090 0.013 0.125 0.015 
   6   (0.058) 0.083 0.019 0.089 0.015 
   7   (0.081) 0.102 0.230 0.058 0.021 
   8   (0.052) 0.012 0.090 0.050 0.014 
   9   (0.055) 0.012 0.090 0.088 0.014 
  10   (0.049) 0.011 0.089 0.050 0.013 
  11   (0.028) 0.005 0.033 0.007 0.007 
  12   (0.030) 0.005 0.005 0.081 0.008 
  13   (0.034) 0.006 0.006 0.119 0.009 
  14   (0.052) 0.009 0.009 0.087 0.124 
  15   (0.032) 0.005 0.005 0.082 0.008 
  16   (0.033) 0.006 0.006 0.009 0.119 
  17   (0.036) 0.006 0.006 0.010 0.157 
  18   (0.035) 0.006 0.006 0.009 0.157 
  19   (0.035) 0.006 0.006 0.010 0.120 
  20   (0.031) 0.005 0.005 0.008 0.045 
  21   (0.029) 0.005 0.005 0.008 0.044 
  22   (0.031) 0.005 0.005 0.008 0.045 

Locus 25 : locus25 
21 alleles
0.0% missing data
   1   (0.066) 0.175 0.014 0.054 0.054 
   2   (0.077) 0.069 0.013 0.094 0.241 
   3   (0.056) 0.171 0.016 0.051 0.015 
   4   (0.066) 0.067 0.011 0.054 0.091 
   5   (0.095) 0.119 0.025 0.171 0.172 
   6   (0.059) 0.091 0.013 0.126 0.016 
   7   (0.026) 0.033 0.004 0.007 0.007 
   8   (0.043) 0.035 0.007 0.048 0.011 
   9   (0.052) 0.144 0.013 0.050 0.014 
  10   (0.068) 0.016 0.283 0.018 0.165 
  11   (0.038) 0.011 0.167 0.010 0.010 
  12   (0.030) 0.005 0.032 0.008 0.008 
  13   (0.031) 0.005 0.032 0.009 0.008 
  14   (0.034) 0.008 0.086 0.009 0.009 
  15   (0.061) 0.010 0.037 0.053 0.090 
  16   (0.034) 0.010 0.112 0.009 0.009 
  17   (0.028) 0.005 0.032 0.008 0.008 
  18   (0.030) 0.007 0.086 0.008 0.008 
  19   (0.031) 0.005 0.005 0.082 0.008 
  20   (0.048) 0.008 0.008 0.086 0.049 
  21   (0.028) 0.005 0.005 0.044 0.007 

Locus 26 : locus26 
23 alleles
0.0% missing data
   1   (0.047) 0.309 0.011 0.013 0.012 
   2   (0.039) 0.116 0.008 0.011 0.010 
   3   (0.041) 0.196 0.011 0.011 0.011 
   4   (0.033) 0.033 0.005 0.009 0.009 
   5   (0.040) 0.170 0.009 0.011 0.011 
   6   (0.031) 0.033 0.005 0.008 0.008 
   7   (0.047) 0.014 0.365 0.013 0.012 
   8   (0.065) 0.015 0.174 0.017 0.090 
   9   (0.031) 0.005 0.033 0.008 0.008 
  10   (0.059) 0.010 0.037 0.016 0.127 
  11   (0.043) 0.010 0.171 0.012 0.011 
  12   (0.083) 0.014 0.041 0.169 0.097 
  13   (0.073) 0.012 0.040 0.056 0.092 
  14   (0.032) 0.005 0.033 0.009 0.008 
  15   (0.042) 0.007 0.007 0.158 0.011 
  16   (0.032) 0.005 0.005 0.045 0.008 
  17   (0.034) 0.006 0.006 0.082 0.009 
  18   (0.042) 0.007 0.007 0.194 0.011 
  19   (0.035) 0.006 0.006 0.083 0.009 
  20   (0.036) 0.006 0.006 0.046 0.009 
  21   (0.045) 0.008 0.007 0.012 0.343 
  22   (0.032) 0.005 0.005 0.009 0.045 
  23   (0.038) 0.006 0.006 0.010 0.047 

Locus 27 : locus27 
21 alleles
0.0% missing data
   1   (0.058) 0.090 0.013 0.198 0.015 
   2   (0.033) 0.087 0.008 0.009 0.009 
   3   (0.028) 0.033 0.005 0.007 0.007 
   4   (0.045) 0.063 0.007 0.049 0.012 
   5   (0.033) 0.059 0.008 0.009 0.009 
   6   (0.047) 0.060 0.012 0.049 0.012 
   7   (0.053) 0.090 0.012 0.014 0.125 
   8   (0.061) 0.145 0.015 0.126 0.016 
   9   (0.031) 0.061 0.005 0.008 0.008 
  10   (0.033) 0.113 0.009 0.009 0.009 
  11   (0.090) 0.043 0.070 0.097 0.134 
  12   (0.049) 0.056 0.098 0.013 0.013 
  13   (0.095) 0.024 0.283 0.135 0.172 
  14   (0.057) 0.012 0.117 0.015 0.125 
  15   (0.031) 0.005 0.032 0.009 0.008 
  16   (0.031) 0.008 0.085 0.008 0.008 
  17   (0.083) 0.021 0.145 0.095 0.096 
  18   (0.033) 0.009 0.057 0.009 0.009 
  19   (0.029) 0.005 0.005 0.044 0.008 
  20   (0.049) 0.008 0.008 0.086 0.086 
  21   (0.032) 0.005 0.005 0.008 0.119 

Locus 28 : locus28 
18 alleles
0.0% missing data
   1   (0.098) 0.256 0.053 0.136 0.026 
   2   (0.090) 0.179 0.127 0.024 0.060 
   3   (0.052) 0.036 0.009 0.014 0.088 
   4   (0.069) 0.113 0.020 0.165 0.018 
   5   (0.085) 0.239 0.066 0.023 0.059 
   6   (0.030) 0.033 0.005 0.008 0.008 
   7   (0.084) 0.048 0.148 0.096 0.022 
   8   (0.061) 0.017 0.257 0.053 0.016 
   9   (0.031) 0.005 0.033 0.008 0.008 
  10   (0.051) 0.009 0.036 0.014 0.124 
  11   (0.038) 0.009 0.088 0.010 0.010 
  12   (0.054) 0.009 0.035 0.014 0.127 
  13   (0.051) 0.008 0.036 0.014 0.087 
  14   (0.053) 0.013 0.060 0.014 0.051 
  15   (0.034) 0.006 0.006 0.082 0.009 
  16   (0.040) 0.007 0.007 0.193 0.010 
  17   (0.038) 0.006 0.006 0.120 0.010 
  18   (0.041) 0.007 0.007 0.011 0.268 

Locus 29 : locus29 
22 alleles
0.0% missing data
   1   (0.054) 0.133 0.052 0.015 0.014 
   2   (0.081) 0.130 0.203 0.022 0.058 
   3   (0.065) 0.169 0.019 0.018 0.201 
   4   (0.095) 0.234 0.102 0.025 0.172 
   5   (0.074) 0.068 0.068 0.020 0.131 
   6   (0.030) 0.033 0.005 0.008 0.008 
   7   (0.058) 0.089 0.013 0.016 0.163 
   8   (0.048) 0.036 0.036 0.013 0.013 
   9   (0.054) 0.018 0.139 0.014 0.051 
  10   (0.031) 0.005 0.033 0.009 0.008 
  11   (0.043) 0.022 0.130 0.011 0.011 
  12   (0.046) 0.008 0.063 0.012 0.049 
  13   (0.030) 0.005 0.033 0.008 0.008 
  14   (0.029) 0.005 0.033 0.008 0.008 
  15   (0.028) 0.005 0.033 0.008 0.007 
  16   (0.035) 0.006 0.006 0.119 0.009 
  17   (0.037) 0.006 0.006 0.192 0.010 
  18   (0.036) 0.006 0.006 0.156 0.010 
  19   (0.035) 0.006 0.006 0.156 0.009 
  20   (0.032) 0.005 0.005 0.082 0.009 
  21   (0.031) 0.005 0.005 0.081 0.008 
  22   (0.029) 0.005 0.005 0.008 0.044 

Locus 30 : locus30 
22 alleles
0.0% missing data
   1   (0.034) 0.095 0.005 0.009 0.009 
   2   (0.085) 0.188 0.018 0.096 0.096 
   3   (0.032) 0.036 0.005 0.009 0.008 
   4   (0.067) 0.098 0.013 0.018 0.239 
   5   (0.030) 0.035 0.005 0.008 0.008 
   6   (0.054) 0.039 0.008 0.014 0.125 
   7   (0.080) 0.240 0.204 0.021 0.021 
   8   (0.032) 0.036 0.005 0.009 0.009 
   9   (0.054) 0.063 0.092 0.015 0.014 
  10   (0.056) 0.063 0.092 0.015 0.015 
  11   (0.038) 0.009 0.187 0.010 0.010 
  12   (0.031) 0.006 0.031 0.009 0.008 
  13   (0.039) 0.016 0.076 0.010 0.010 
  14   (0.040) 0.017 0.181 0.011 0.011 
  15   (0.031) 0.006 0.031 0.008 0.008 
  16   (0.035) 0.006 0.005 0.083 0.009 
  17   (0.035) 0.006 0.005 0.082 0.009 
  18   (0.043) 0.008 0.007 0.377 0.011 
  19   (0.057) 0.010 0.009 0.052 0.162 
  20   (0.060) 0.011 0.009 0.089 0.126 
  21   (0.033) 0.006 0.005 0.045 0.009 
  22   (0.033) 0.006 0.005 0.009 0.082 

Locus 31 : locus31 
14 alleles
0.0% missing data
   1   (0.083) 0.303 0.022 0.132 0.022 
   2   (0.075) 0.144 0.016 0.130 0.020 
   3   (0.048) 0.246 0.013 0.013 0.012 
   4   (0.105) 0.109 0.120 0.175 0.028 
   5   (0.055) 0.063 0.009 0.051 0.014 
   6   (0.074) 0.012 0.127 0.203 0.019 
   7   (0.087) 0.014 0.072 0.060 0.171 
   8   (0.068) 0.015 0.094 0.018 0.129 
   9   (0.106) 0.036 0.170 0.065 0.176 
  10   (0.070) 0.014 0.124 0.019 0.129 
  11   (0.103) 0.023 0.154 0.101 0.137 
  12   (0.055) 0.009 0.038 0.015 0.088 
  13   (0.036) 0.006 0.035 0.010 0.010 
  14   (0.036) 0.006 0.006 0.010 0.046 

Locus 32 : locus32 
21 alleles
0.0% missing data
   1   (0.077) 0.177 0.208 0.021 0.020 
   2   (0.038) 0.116 0.010 0.010 0.010 
   3   (0.075) 0.193 0.219 0.020 0.020 
   4   (0.044) 0.149 0.009 0.012 0.012 
   5   (0.055) 0.086 0.045 0.015 0.014 
   6   (0.038) 0.059 0.010 0.010 0.010 
   7   (0.035) 0.034 0.006 0.009 0.009 
   8   (0.031) 0.034 0.005 0.008 0.008 
   9   (0.055) 0.046 0.110 0.015 0.015 
  10   (0.046) 0.015 0.218 0.012 0.012 
  11   (0.039) 0.011 0.057 0.010 0.010 
  12   (0.033) 0.006 0.033 0.009 0.009 
  13   (0.065) 0.011 0.011 0.237 0.091 
  14   (0.039) 0.007 0.006 0.120 0.010 
  15   (0.068) 0.012 0.011 0.201 0.129 
  16   (0.034) 0.006 0.006 0.082 0.009 
  17   (0.071) 0.012 0.012 0.128 0.240 
  18   (0.053) 0.009 0.009 0.051 0.088 
  19   (0.038) 0.007 0.006 0.010 0.194 
  20   (0.031) 0.005 0.005 0.008 0.045 
  21   (0.034) 0.006 0.006 0.009 0.046 

Locus 33 : locus33 
22 alleles
0.0% missing data
   1   (0.040) 0.254 0.008 0.011 0.010 
   2   (0.045) 0.251 0.012 0.012 0.012 
   3   (0.036) 0.061 0.006 0.010 0.010 
   4   (0.034) 0.061 0.006 0.009 0.009 
   5   (0.039) 0.087 0.009 0.011 0.010 
   6   (0.046) 0.137 0.016 0.012 0.012 
   7   (0.054) 0.009 0.037 0.088 0.014 
   8   (0.042) 0.011 0.143 0.011 0.011 
   9   (0.064) 0.016 0.145 0.054 0.017 
  10   (0.077) 0.021 0.200 0.021 0.131 
  11   (0.042) 0.011 0.198 0.011 0.011 
  12   (0.074) 0.012 0.096 0.020 0.314 
  13   (0.064) 0.011 0.038 0.017 0.238 
  14   (0.054) 0.009 0.037 0.014 0.088 
  15   (0.043) 0.007 0.007 0.231 0.011 
  16   (0.039) 0.007 0.007 0.120 0.010 
  17   (0.038) 0.006 0.006 0.083 0.010 
  18   (0.032) 0.005 0.005 0.045 0.009 
  19   (0.037) 0.006 0.006 0.120 0.010 
  20   (0.033) 0.005 0.005 0.045 0.009 
  21   (0.034) 0.006 0.006 0.046 0.009 
  22   (0.032) 0.005 0.005 0.008 0.045 

Locus 34 : locus34 
20 alleles
0.0% missing data
   1   (0.074) 0.204 0.069 0.020 0.056 
   2   (0.078) 0.144 0.020 0.057 0.131 
   3   (0.084) 0.121 0.127 0.023 0.133 
   4   (0.088) 0.125 0.239 0.097 0.023 
   5   (0.049) 0.116 0.010 0.050 0.013 
   6   (0.081) 0.157 0.091 0.022 0.132 
   7   (0.047) 0.035 0.008 0.086 0.012 
   8   (0.064) 0.012 0.178 0.127 0.017 
   9   (0.055) 0.012 0.120 0.015 0.088 
  10   (0.055) 0.019 0.083 0.088 0.014 
  11   (0.030) 0.005 0.005 0.081 0.008 
  12   (0.027) 0.005 0.005 0.044 0.007 
  13   (0.044) 0.007 0.007 0.048 0.086 
  14   (0.031) 0.005 0.005 0.081 0.008 
  15   (0.044) 0.007 0.007 0.048 0.048 
  16   (0.028) 0.005 0.005 0.044 0.007 
  17   (0.031) 0.005 0.005 0.045 0.008 
  18   (0.034) 0.006 0.006 0.009 0.119 
  19   (0.028) 0.005 0.005 0.008 0.044 
  20   (0.027) 0.005 0.005 0.007 0.044 

Locus 35 : locus35 
20 alleles
0.0% missing data
   1   (0.068) 0.165 0.220 0.018 0.018 
   2   (0.088) 0.296 0.145 0.024 0.060 
   3   (0.077) 0.114 0.050 0.094 0.020 
   4   (0.093) 0.106 0.148 0.025 0.135 
   5   (0.061) 0.037 0.010 0.273 0.016 
   6   (0.081) 0.122 0.127 0.058 0.021 
   7   (0.058) 0.077 0.081 0.015 0.015 
   8   (0.068) 0.015 0.093 0.018 0.202 
   9   (0.032) 0.005 0.034 0.009 0.008 
  10   (0.058) 0.010 0.038 0.235 0.015 
  11   (0.037) 0.006 0.006 0.156 0.010 
  12   (0.034) 0.006 0.006 0.009 0.119 
  13   (0.031) 0.005 0.005 0.008 0.045 
  14   (0.031) 0.005 0.005 0.008 0.045 
  15   (0.031) 0.005 0.005 0.008 0.045 
  16   (0.029) 0.005 0.005 0.008 0.045 
  17   (0.031) 0.005 0.005 0.008 0.045 
  18   (0.032) 0.005 0.005 0.009 0.045 
  19   (0.030) 0.005 0.005 0.008 0.045 
  20   (0.032) 0.005 0.005 0.009 0.045 

Locus 36 : locus36 
18 alleles
0.0% missing data
   1   (0.107) 0.160 0.096 0.102 0.065 
   2   (0.040) 0.111 0.012 0.011 0.010 
   3   (0.136) 0.251 0.124 0.183 0.109 
   4   (0.114) 0.137 0.066 0.177 0.104 
   5   (0.057) 0.139 0.045 0.015 0.015 
   6   (0.036) 0.056 0.010 0.010 0.009 
   7   (0.059) 0.059 0.015 0.162 0.015 
   8   (0.078) 0.017 0.293 0.058 0.057 
   9   (0.032) 0.005 0.062 0.009 0.008 
  10   (0.065) 0.015 0.148 0.017 0.164 
  11   (0.034) 0.009 0.059 0.009 0.009 
  12   (0.031) 0.005 0.033 0.008 0.008 
  13   (0.036) 0.006 0.006 0.156 0.009 
  14   (0.044) 0.007 0.007 0.048 0.048 
  15   (0.036) 0.006 0.006 0.010 0.157 
  16   (0.035) 0.006 0.006 0.009 0.120 
  17   (0.031) 0.005 0.005 0.008 0.045 
  18   (0.030) 0.005 0.005 0.008 0.045 

Locus 37 : locus37 
18 alleles
0.0% missing data
   1   (0.072) 0.195 0.020 0.093 0.019 
   2   (0.087) 0.317 0.066 0.024 0.059 
   3   (0.072) 0.151 0.121 0.019 0.019 
   4   (0.091) 0.057 0.143 0.025 0.097 
   5   (0.080) 0.118 0.017 0.204 0.021 
   6   (0.086) 0.041 0.041 0.023 0.320 
   7   (0.033) 0.032 0.006 0.009 0.009 
   8   (0.041) 0.008 0.178 0.011 0.011 
   9   (0.037) 0.008 0.090 0.010 0.010 
  10   (0.042) 0.010 0.146 0.011 0.011 
  11   (0.063) 0.013 0.122 0.017 0.090 
  12   (0.040) 0.007 0.007 0.157 0.011 
  13   (0.039) 0.006 0.007 0.120 0.010 
  14   (0.059) 0.010 0.010 0.126 0.052 
  15   (0.050) 0.008 0.008 0.050 0.050 
  16   (0.030) 0.005 0.005 0.045 0.008 
  17   (0.034) 0.006 0.006 0.046 0.009 
  18   (0.043) 0.007 0.007 0.012 0.195 

Locus 38 : locus38 
18 alleles
0.0% missing data
   1   (0.104) 0.175 0.086 0.321 0.028 
   2   (0.036) 0.122 0.007 0.010 0.009 
   3   (0.080) 0.111 0.136 0.022 0.058 
   4   (0.048) 0.038 0.008 0.049 0.013 
   5   (0.106) 0.058 0.113 0.175 0.064 
   6   (0.033) 0.094 0.005 0.009 0.009 
   7   (0.058) 0.180 0.015 0.016 0.052 
   8   (0.029) 0.035 0.005 0.008 0.008 
   9   (0.071) 0.050 0.109 0.019 0.056 
  10   (0.061) 0.040 0.036 0.053 0.016 
  11   (0.071) 0.024 0.212 0.019 0.092 
  12   (0.102) 0.036 0.237 0.174 0.063 
  13   (0.033) 0.006 0.005 0.082 0.009 
  14   (0.038) 0.007 0.006 0.010 0.157 
  15   (0.038) 0.007 0.006 0.010 0.231 
  16   (0.030) 0.005 0.005 0.008 0.045 
  17   (0.031) 0.006 0.005 0.008 0.045 
  18   (0.031) 0.006 0.005 0.008 0.045 

Locus 39 : locus39 
25 alleles
0.0% missing data
   1   (0.076) 0.148 0.017 0.057 0.130 
   2   (0.049) 0.173 0.011 0.049 0.013 
   3   (0.031) 0.058 0.008 0.008 0.008 
   4   (0.076) 0.117 0.020 0.167 0.056 
   5   (0.048) 0.064 0.008 0.013 0.086 
   6   (0.029) 0.116 0.006 0.008 0.008 
   7   (0.052) 0.065 0.009 0.014 0.235 
   8   (0.042) 0.059 0.011 0.011 0.048 
   9   (0.055) 0.037 0.009 0.051 0.051 
  10   (0.053) 0.059 0.014 0.197 0.014 
  11   (0.032) 0.009 0.194 0.009 0.008 
  12   (0.033) 0.012 0.136 0.009 0.009 
  13   (0.032) 0.007 0.114 0.009 0.008 
  14   (0.031) 0.008 0.057 0.008 0.008 
  15   (0.033) 0.006 0.088 0.009 0.009 
  16   (0.036) 0.011 0.111 0.010 0.009 
  17   (0.029) 0.005 0.032 0.008 0.008 
  18   (0.029) 0.005 0.032 0.008 0.008 
  19   (0.025) 0.004 0.031 0.007 0.007 
  20   (0.028) 0.005 0.032 0.007 0.007 
  21   (0.029) 0.005 0.032 0.008 0.008 
  22   (0.029) 0.005 0.005 0.118 0.008 
  23   (0.034) 0.006 0.005 0.119 0.009 
  24   (0.047) 0.008 0.008 0.049 0.161 
  25   (0.043) 0.007 0.007 0.048 0.085 

Locus 40 : locus40 
16 alleles
0.0% missing data
   1   (0.066) 0.200 0.017 0.054 0.017 
   2   (0.068) 0.177 0.013 0.018 0.092 
   3   (0.085) 0.094 0.018 0.096 0.059 
   4   (0.089) 0.171 0.025 0.317 0.023 
   5   (0.082) 0.098 0.013 0.095 0.058 
   6   (0.110) 0.150 0.025 0.102 0.177 
   7   (0.081) 0.015 0.233 0.022 0.169 
   8   (0.082) 0.019 0.286 0.022 0.132 
   9   (0.040) 0.010 0.086 0.011 0.011 
  10   (0.043) 0.012 0.113 0.012 0.011 
  11   (0.065) 0.021 0.138 0.017 0.054 
  12   (0.061) 0.010 0.010 0.163 0.053 
  13   (0.034) 0.006 0.006 0.046 0.009 
  14   (0.032) 0.005 0.005 0.009 0.045 
  15   (0.030) 0.005 0.005 0.008 0.045 
  16   (0.033) 0.006 0.005 0.009 0.046 

Locus 41 : locus41 
19 alleles
0.0% missing data
   1   (0.045) 0.226 0.010 0.012 0.012 
   2   (0.051) 0.333 0.014 0.014 0.013 
   3   (0.064) 0.060 0.016 0.017 0.127 
   4   (0.041) 0.086 0.010 0.011 0.011 
   5   (0.033) 0.033 0.005 0.009 0.009 
   6   (0.040) 0.115 0.009 0.011 0.011 
   7   (0.055) 0.009 0.065 0.051 0.014 
   8   (0.064) 0.018 0.228 0.053 0.017 
   9   (0.070) 0.014 0.150 0.129 0.018 
  10   (0.071) 0.019 0.060 0.019 0.277 
  11   (0.064) 0.014 0.204 0.054 0.017 
  12   (0.077) 0.017 0.093 0.057 0.057 
  13   (0.037) 0.008 0.088 0.010 0.010 
  14   (0.062) 0.010 0.010 0.200 0.053 
  15   (0.039) 0.006 0.006 0.120 0.010 
  16   (0.058) 0.010 0.010 0.089 0.089 
  17   (0.066) 0.011 0.011 0.128 0.165 
  18   (0.032) 0.005 0.006 0.009 0.045 
  19   (0.031) 0.005 0.005 0.008 0.045 

Locus 42 : locus42 
17 alleles
0.0% missing data
   1   (0.069) 0.293 0.039 0.018 0.018 
   2   (0.083) 0.113 0.246 0.022 0.022 
   3   (0.086) 0.173 0.024 0.023 0.170 
   4   (0.089) 0.286 0.024 0.024 0.133 
   5   (0.043) 0.010 0.087 0.012 0.011 
   6   (0.070) 0.012 0.038 0.019 0.276 
   7   (0.074) 0.017 0.173 0.093 0.020 
   8   (0.082) 0.021 0.144 0.022 0.169 
   9   (0.068) 0.018 0.142 0.055 0.018 
  10   (0.060) 0.010 0.037 0.126 0.016 
  11   (0.047) 0.008 0.008 0.232 0.012 
  12   (0.039) 0.007 0.006 0.084 0.010 
  13   (0.038) 0.007 0.006 0.083 0.010 
  14   (0.038) 0.007 0.006 0.047 0.010 
  15   (0.043) 0.007 0.007 0.121 0.011 
  16   (0.036) 0.006 0.006 0.010 0.046 
  17   (0.036) 0.006 0.006 0.010 0.046 

Locus 43 : locus43 
21 alleles
0.0% missing data
   1   (0.049) 0.035 0.008 0.013 0.050 
   2   (0.037) 0.089 0.006 0.010 0.010 
   3   (0.049) 0.222 0.014 0.013 0.013 
   4   (0.070) 0.197 0.019 0.019 0.092 
   5   (0.052) 0.064 0.009 0.014 0.050 
   6   (0.044) 0.252 0.010 0.012 0.011 
   7   (0.034) 0.006 0.034 0.009 0.009 
   8   (0.077) 0.017 0.177 0.021 0.168 
   9   (0.064) 0.014 0.091 0.091 0.017 
  10   (0.041) 0.008 0.286 0.011 0.011 
  11   (0.066) 0.022 0.196 0.018 0.054 
  12   (0.069) 0.015 0.092 0.019 0.166 
  13   (0.044) 0.007 0.007 0.268 0.012 
  14   (0.040) 0.007 0.007 0.120 0.010 
  15   (0.038) 0.006 0.006 0.120 0.010 
  16   (0.037) 0.006 0.006 0.119 0.010 
  17   (0.050) 0.008 0.008 0.050 0.050 
  18   (0.034) 0.006 0.006 0.046 0.009 
  19   (0.041) 0.007 0.007 0.011 0.158 
  20   (0.033) 0.006 0.006 0.009 0.045 
  21   (0.032) 0.005 0.005 0.008 0.045 

Locus 44 : locus44 
23 alleles
0.0% missing data
   1   (0.040) 0.223 0.012 0.011 0.010 
   2   (0.060) 0.090 0.013 0.162 0.016 
   3   (0.046) 0.091 0.008 0.012 0.049 
   4   (0.038) 0.113 0.010 0.010 0.010 
   5   (0.051) 0.036 0.008 0.014 0.124 
   6   (0.066) 0.148 0.013 0.054 0.054 
   7   (0.063) 0.061 0.016 0.054 0.053 
   8   (0.036) 0.058 0.010 0.010 0.010 
   9   (0.053) 0.037 0.009 0.051 0.051 
  10   (0.030) 0.033 0.005 0.008 0.008 
  11   (0.040) 0.010 0.226 0.011 0.010 
  12   (0.091) 0.024 0.117 0.171 0.134 
  13   (0.033) 0.010 0.057 0.009 0.009 
  14   (0.029) 0.005 0.032 0.008 0.008 
  15   (0.036) 0.007 0.171 0.010 0.009 
  16   (0.029) 0.005 0.032 0.008 0.008 
  17   (0.036) 0.009 0.142 0.010 0.009 
  18   (0.031) 0.007 0.086 0.008 0.008 
  19   (0.035) 0.006 0.006 0.156 0.009 
  20   (0.034) 0.006 0.006 0.118 0.009 
  21   (0.060) 0.010 0.010 0.089 0.237 
  22   (0.032) 0.005 0.005 0.008 0.119 
  23   (0.031) 0.005 0.005 0.008 0.045 

Locus 45 : locus45 
17 alleles
0.0% missing data
   1   (0.062) 0.090 0.014 0.090 0.016 
   2   (0.047) 0.227 0.011 0.013 0.012 
   3   (0.059) 0.119 0.012 0.052 0.016 
   4   (0.075) 0.196 0.023 0.093 0.020 
   5   (0.069) 0.091 0.015 0.165 0.018 
   6   (0.034) 0.034 0.006 0.009 0.009 
   7   (0.087) 0.098 0.014 0.096 0.097 
   8   (0.054) 0.037 0.009 0.088 0.014 
   9   (0.120) 0.024 0.154 0.142 0.290 
  10   (0.043) 0.011 0.170 0.011 0.011 
  11   (0.065) 0.015 0.285 0.017 0.052 
  12   (0.042) 0.012 0.113 0.011 0.011 
  13   (0.079) 0.019 0.146 0.021 0.168 
  14   (0.064) 0.011 0.011 0.127 0.127 
  15   (0.033) 0.006 0.005 0.045 0.009 
  16   (0.036) 0.006 0.006 0.010 0.083 
  17   (0.033) 0.006 0.005 0.009 0.045 

Locus 46 : locus46 
14 alleles
0.0% missing data
   1   (0.080) 0.375 0.019 0.022 0.094 
   2   (0.076) 0.209 0.014 0.020 0.131 
   3   (0.069) 0.122 0.014 0.018 0.092 
   4   (0.035) 0.034 0.006 0.009 0.009 
   5   (0.168) 0.134 0.308 0.118 0.228 
   6   (0.104) 0.033 0.139 0.175 0.064 
   7   (0.034) 0.006 0.033 0.009 0.009 
   8   (0.086) 0.015 0.040 0.134 0.134 
   9   (0.039) 0.012 0.056 0.011 0.010 
  10   (0.111) 0.022 0.207 0.176 0.103 
  11   (0.043) 0.013 0.111 0.012 0.011 
  12   (0.051) 0.009 0.036 0.050 0.013 
  13   (0.065) 0.011 0.011 0.163 0.091 
  14   (0.038) 0.007 0.006 0.083 0.010 

Locus 47 : locus47 
21 alleles
0.0% missing data
   1   (0.135) 0.257 0.120 0.292 0.109 
   2   (0.054) 0.175 0.010 0.051 0.014 
   3   (0.035) 0.116 0.007 0.009 0.009 
   4   (0.065) 0.039 0.038 0.128 0.017 
   5   (0.027) 0.032 0.005 0.007 0.007 
   6   (0.035) 0.081 0.013 0.009 0.009 
   7   (0.032) 0.087 0.008 0.009 0.008 
   8   (0.074) 0.051 0.085 0.203 0.020 
   9   (0.047) 0.059 0.013 0.049 0.012 
  10   (0.081) 0.018 0.092 0.058 0.243 
  11   (0.037) 0.009 0.087 0.010 0.010 
  12   (0.030) 0.005 0.061 0.008 0.008 
  13   (0.052) 0.011 0.118 0.014 0.049 
  14   (0.039) 0.011 0.168 0.010 0.010 
  15   (0.050) 0.014 0.114 0.013 0.050 
  16   (0.052) 0.009 0.035 0.014 0.163 
  17   (0.033) 0.006 0.005 0.082 0.009 
  18   (0.033) 0.006 0.005 0.009 0.082 
  19   (0.032) 0.005 0.005 0.009 0.082 
  20   (0.028) 0.005 0.005 0.008 0.044 
  21   (0.029) 0.005 0.005 0.008 0.044 

Locus 48 : locus48 
25 alleles
0.0% missing data
   1   (0.061) 0.214 0.112 0.016 0.016 
   2   (0.037) 0.112 0.011 0.010 0.010 
   3   (0.032) 0.057 0.009 0.009 0.008 
   4   (0.035) 0.115 0.007 0.009 0.009 
   5   (0.069) 0.070 0.119 0.055 0.018 
   6   (0.051) 0.041 0.171 0.014 0.013 
   7   (0.079) 0.137 0.139 0.057 0.021 
   8   (0.071) 0.068 0.066 0.129 0.019 
   9   (0.064) 0.092 0.096 0.054 0.017 
  10   (0.032) 0.005 0.033 0.009 0.008 
  11   (0.040) 0.007 0.034 0.049 0.011 
  12   (0.035) 0.016 0.107 0.009 0.009 
  13   (0.027) 0.005 0.032 0.007 0.007 
  14   (0.034) 0.006 0.006 0.338 0.009 
  15   (0.032) 0.005 0.005 0.118 0.008 
  16   (0.029) 0.005 0.005 0.044 0.008 
  17   (0.033) 0.006 0.006 0.009 0.119 
  18   (0.033) 0.005 0.005 0.009 0.119 
  19   (0.028) 0.005 0.005 0.008 0.081 
  20   (0.033) 0.005 0.005 0.009 0.119 
  21   (0.033) 0.006 0.005 0.009 0.156 
  22   (0.023) 0.004 0.004 0.006 0.043 
  23   (0.028) 0.005 0.005 0.007 0.044 
  24   (0.030) 0.005 0.005 0.008 0.045 
  25   (0.032) 0.005 0.005 0.009 0.082 

Locus 49 : locus49 
21 alleles
0.0% missing data
   1   (0.038) 0.115 0.008 0.010 0.010 
   2   (0.091) 0.077 0.175 0.171 0.024 
   3   (0.041) 0.172 0.008 0.011 0.011 
   4   (0.042) 0.142 0.011 0.011 0.011 
   5   (0.052) 0.059 0.014 0.051 0.014 
   6   (0.106) 0.239 0.239 0.029 0.102 
   7   (0.063) 0.090 0.014 0.163 0.017 
   8   (0.034) 0.006 0.061 0.009 0.009 
   9   (0.059) 0.013 0.090 0.126 0.016 
  10   (0.048) 0.008 0.036 0.013 0.049 
  11   (0.070) 0.012 0.123 0.202 0.018 
  12   (0.065) 0.018 0.171 0.018 0.128 
  13   (0.033) 0.006 0.006 0.082 0.009 
  14   (0.030) 0.005 0.005 0.044 0.008 
  15   (0.036) 0.006 0.006 0.010 0.120 
  16   (0.034) 0.006 0.006 0.009 0.120 
  17   (0.035) 0.006 0.006 0.009 0.120 
  18   (0.032) 0.005 0.005 0.009 0.045 
  19   (0.032) 0.005 0.005 0.009 0.082 
  20   (0.030) 0.005 0.005 0.008 0.045 
  21   (0.031) 0.005 0.005 0.008 0.045 

Locus 50 : locus50 
27 alleles
0.0% missing data
   1   (0.055) 0.256 0.013 0.015 0.088 
   2   (0.055) 0.169 0.016 0.015 0.088 
   3   (0.046) 0.035 0.008 0.012 0.086 
   4   (0.032) 0.089 0.005 0.008 0.008 
   5   (0.051) 0.036 0.009 0.014 0.198 
   6   (0.038) 0.116 0.008 0.010 0.010 
   7   (0.051) 0.082 0.018 0.014 0.050 
   8   (0.033) 0.087 0.007 0.009 0.009 
   9   (0.034) 0.009 0.196 0.009 0.009 
  10   (0.032) 0.005 0.061 0.009 0.008 
  11   (0.033) 0.009 0.057 0.009 0.009 
  12   (0.038) 0.011 0.168 0.010 0.010 
  13   (0.032) 0.005 0.172 0.009 0.008 
  14   (0.033) 0.009 0.057 0.009 0.009 
  15   (0.036) 0.011 0.111 0.010 0.010 
  16   (0.029) 0.005 0.032 0.008 0.008 
  17   (0.050) 0.009 0.008 0.086 0.087 
  18   (0.028) 0.005 0.005 0.080 0.007 
  19   (0.033) 0.006 0.005 0.119 0.009 
  20   (0.052) 0.009 0.009 0.307 0.050 
  21   (0.025) 0.004 0.004 0.043 0.007 
  22   (0.032) 0.006 0.005 0.045 0.009 
  23   (0.027) 0.005 0.005 0.044 0.007 
  24   (0.043) 0.007 0.007 0.084 0.048 
  25   (0.029) 0.005 0.005 0.008 0.081 
  26   (0.026) 0.004 0.004 0.007 0.044 
  27   (0.026) 0.004 0.004 0.007 0.044 

Locus 51 : locus51 
25 alleles
0.0% missing data
   1   (0.037) 0.288 0.008 0.010 0.010 
   2   (0.068) 0.066 0.339 0.018 0.018 
   3   (0.064) 0.093 0.203 0.017 0.017 
   4   (0.034) 0.059 0.009 0.009 0.009 
   5   (0.038) 0.059 0.010 0.010 0.010 
   6   (0.059) 0.127 0.115 0.016 0.016 
   7   (0.034) 0.034 0.006 0.009 0.009 
   8   (0.038) 0.089 0.008 0.010 0.010 
   9   (0.032) 0.034 0.005 0.009 0.008 
  10   (0.059) 0.055 0.211 0.016 0.016 
  11   (0.045) 0.008 0.007 0.195 0.012 
  12   (0.034) 0.006 0.005 0.046 0.009 
  13   (0.041) 0.007 0.007 0.121 0.011 
  14   (0.038) 0.007 0.006 0.083 0.010 
  15   (0.040) 0.007 0.007 0.194 0.011 
  16   (0.030) 0.005 0.005 0.044 0.008 
  17   (0.032) 0.006 0.005 0.045 0.008 
  18   (0.034) 0.006 0.006 0.082 0.009 
  19   (0.037) 0.006 0.006 0.010 0.157 
  20   (0.030) 0.005 0.005 0.008 0.045 
  21   (0.037) 0.007 0.006 0.010 0.120 
  22   (0.033) 0.006 0.005 0.009 0.082 
  23   (0.036) 0.006 0.006 0.010 0.157 
  24   (0.038) 0.007 0.006 0.010 0.194 
  25   (0.031) 0.005 0.005 0.008 0.045 

Locus 52 : locus52 
19 alleles
0.0% missing data
   1   (0.040) 0.169 0.012 0.011 0.011 
   2   (0.063) 0.229 0.016 0.017 0.053 
   3   (0.092) 0.100 0.015 0.098 0.172 
   4   (0.069) 0.068 0.011 0.055 0.055 
   5   (0.101) 0.097 0.021 0.100 0.211 
   6   (0.054) 0.091 0.011 0.015 0.051 
   7   (0.033) 0.058 0.009 0.009 0.009 
   8   (0.037) 0.058 0.010 0.010 0.010 
   9   (0.033) 0.034 0.005 0.009 0.009 
  10   (0.057) 0.014 0.171 0.051 0.015 
  11   (0.038) 0.009 0.087 0.010 0.010 
  12   (0.036) 0.008 0.115 0.010 0.010 
  13   (0.069) 0.015 0.118 0.128 0.018 
  14   (0.043) 0.012 0.333 0.012 0.011 
  15   (0.068) 0.012 0.038 0.275 0.018 
  16   (0.063) 0.011 0.010 0.163 0.053 
  17   (0.032) 0.006 0.005 0.009 0.045 
  18   (0.036) 0.006 0.006 0.010 0.120 
  19   (0.036) 0.006 0.006 0.010 0.120 

Locus 53 : locus53 
15 alleles
0.0% missing data
   1   (0.044) 0.148 0.010 0.012 0.012 
   2   (0.094) 0.045 0.015 0.172 0.172 
   3   (0.113) 0.208 0.110 0.066 0.066 
   4   (0.063) 0.153 0.012 0.053 0.016 
   5   (0.094) 0.136 0.091 0.098 0.025 
   6   (0.064) 0.060 0.180 0.017 0.017 
   7   (0.064) 0.094 0.014 0.091 0.017 
   8   (0.080) 0.043 0.038 0.022 0.244 
   9   (0.082) 0.043 0.013 0.095 0.132 
  10   (0.076) 0.020 0.060 0.057 0.057 
  11   (0.048) 0.014 0.354 0.013 0.013 
  12   (0.033) 0.006 0.032 0.009 0.009 
  13   (0.060) 0.016 0.058 0.016 0.089 
  14   (0.044) 0.008 0.007 0.268 0.012 
  15   (0.040) 0.007 0.007 0.011 0.121 

Locus 54 : locus54 
17 alleles
0.0% missing data
   1   (0.076) 0.258 0.016 0.020 0.131 
   2   (0.046) 0.198 0.010 0.012 0.012 
   3   (0.046) 0.145 0.009 0.012 0.012 
   4   (0.039) 0.087 0.009 0.010 0.010 
   5   (0.048) 0.164 0.018 0.013 0.013 
   6   (0.043) 0.013 0.169 0.012 0.011 
   7   (0.060) 0.010 0.094 0.089 0.016 
   8   (0.107) 0.026 0.149 0.102 0.176 
   9   (0.113) 0.029 0.372 0.104 0.103 
  10   (0.055) 0.009 0.065 0.051 0.014 
  11   (0.049) 0.008 0.036 0.013 0.050 
  12   (0.064) 0.011 0.011 0.090 0.128 
  13   (0.058) 0.010 0.010 0.125 0.052 
  14   (0.062) 0.011 0.010 0.200 0.053 
  15   (0.038) 0.006 0.006 0.083 0.010 
  16   (0.057) 0.010 0.009 0.052 0.089 
  17   (0.039) 0.007 0.006 0.010 0.121 

Locus 55 : locus55 
20 alleles
0.0% missing data
   1   (0.040) 0.117 0.008 0.011 0.010 
   2   (0.043) 0.229 0.009 0.012 0.011 
   3   (0.130) 0.261 0.033 0.181 0.255 
   4   (0.038) 0.058 0.010 0.010 0.010 
   5   (0.036) 0.062 0.006 0.009 0.009 
   6   (0.032) 0.033 0.005 0.009 0.008 
   7   (0.056) 0.060 0.014 0.088 0.015 
   8   (0.055) 0.061 0.013 0.015 0.051 
   9   (0.042) 0.007 0.145 0.011 0.011 
  10   (0.037) 0.010 0.058 0.010 0.010 
  11   (0.042) 0.011 0.169 0.011 0.011 
  12   (0.045) 0.011 0.253 0.012 0.012 
  13   (0.043) 0.012 0.113 0.012 0.011 
  14   (0.041) 0.015 0.081 0.011 0.011 
  15   (0.033) 0.006 0.033 0.009 0.009 
  16   (0.061) 0.010 0.010 0.163 0.089 
  17   (0.055) 0.009 0.009 0.088 0.052 
  18   (0.034) 0.006 0.006 0.046 0.009 
  19   (0.069) 0.012 0.011 0.165 0.202 
  20   (0.069) 0.012 0.011 0.128 0.203 

Locus 56 : locus56 
16 alleles
0.0% missing data
   1   (0.087) 0.047 0.179 0.023 0.060 
   2   (0.037) 0.034 0.006 0.010 0.010 
   3   (0.052) 0.276 0.014 0.014 0.014 
   4   (0.046) 0.140 0.011 0.012 0.012 
   5   (0.049) 0.250 0.012 0.013 0.013 
   6   (0.140) 0.115 0.380 0.038 0.221 
   7   (0.035) 0.033 0.006 0.009 0.009 
   8   (0.068) 0.015 0.177 0.055 0.018 
   9   (0.086) 0.023 0.119 0.059 0.060 
  10   (0.037) 0.006 0.035 0.010 0.010 
  11   (0.065) 0.011 0.011 0.127 0.090 
  12   (0.074) 0.012 0.012 0.130 0.130 
  13   (0.045) 0.008 0.008 0.195 0.012 
  14   (0.077) 0.013 0.013 0.167 0.168 
  15   (0.062) 0.010 0.011 0.127 0.053 
  16   (0.039) 0.006 0.007 0.010 0.121 

Locus 57 : locus57 
21 alleles
0.0% missing data
   1   (0.042) 0.141 0.011 0.011 0.011 
   2   (0.036) 0.086 0.008 0.010 0.010 
   3   (0.036) 0.061 0.006 0.010 0.009 
   4   (0.034) 0.033 0.006 0.009 0.009 
   5   (0.040) 0.196 0.011 0.011 0.011 
   6   (0.039) 0.167 0.012 0.010 0.010 
   7   (0.030) 0.033 0.005 0.008 0.008 
   8   (0.036) 0.057 0.010 0.010 0.009 
   9   (0.035) 0.061 0.006 0.009 0.009 
  10   (0.032) 0.033 0.005 0.009 0.008 
  11   (0.118) 0.028 0.263 0.288 0.142 
  12   (0.112) 0.019 0.075 0.286 0.287 
  13   (0.039) 0.008 0.117 0.010 0.010 
  14   (0.055) 0.014 0.144 0.051 0.015 
  15   (0.036) 0.010 0.058 0.010 0.009 
  16   (0.042) 0.012 0.170 0.011 0.011 
  17   (0.091) 0.015 0.043 0.134 0.209 
  18   (0.028) 0.005 0.033 0.008 0.007 
  19   (0.051) 0.009 0.009 0.087 0.050 
  20   (0.031) 0.005 0.005 0.008 0.045 
  21   (0.038) 0.006 0.006 0.010 0.120 

Locus 58 : locus58 
21 alleles
0.0% missing data
   1   (0.064) 0.141 0.021 0.054 0.017 
   2   (0.061) 0.150 0.012 0.016 0.052 
   3   (0.080) 0.070 0.013 0.058 0.132 
   4   (0.080) 0.152 0.016 0.022 0.206 
   5   (0.041) 0.147 0.008 0.011 0.011 
   6   (0.062) 0.116 0.017 0.017 0.053 
   7   (0.043) 0.083 0.015 0.012 0.011 
   8   (0.054) 0.037 0.009 0.015 0.088 
   9   (0.041) 0.009 0.114 0.011 0.011 
  10   (0.039) 0.009 0.305 0.010 0.010 
  11   (0.043) 0.009 0.115 0.011 0.011 
  12   (0.046) 0.014 0.220 0.012 0.012 
  13   (0.039) 0.009 0.086 0.010 0.010 
  14   (0.046) 0.008 0.008 0.305 0.012 
  15   (0.038) 0.006 0.006 0.083 0.010 
  16   (0.039) 0.007 0.006 0.120 0.010 
  17   (0.035) 0.006 0.006 0.083 0.009 
  18   (0.038) 0.006 0.006 0.120 0.010 
  19   (0.037) 0.006 0.006 0.010 0.120 
  20   (0.039) 0.007 0.006 0.010 0.158 
  21   (0.035) 0.006 0.006 0.009 0.046 

Locus 59 : locus59 
15 alleles
0.0% missing data
   1   (0.070) 0.039 0.012 0.202 0.018 
   2   (0.128) 0.238 0.027 0.181 0.107 
   3   (0.074) 0.199 0.019 0.056 0.019 
   4   (0.097) 0.314 0.023 0.172 0.025 
   5   (0.098) 0.095 0.021 0.136 0.062 
   6   (0.047) 0.011 0.172 0.013 0.012 
   7   (0.047) 0.010 0.145 0.013 0.012 
   8   (0.050) 0.014 0.197 0.013 0.013 
   9   (0.045) 0.008 0.091 0.012 0.012 
  10   (0.048) 0.012 0.143 0.013 0.013 
  11   (0.043) 0.011 0.059 0.012 0.011 
  12   (0.078) 0.019 0.062 0.021 0.205 
  13   (0.060) 0.010 0.010 0.089 0.053 
  14   (0.075) 0.013 0.013 0.056 0.352 
  15   (0.042) 0.007 0.007 0.011 0.085 

Locus 60 : locus60 
19 alleles
0.0% missing data
   1   (0.052) 0.304 0.015 0.014 0.014 
   2   (0.037) 0.033 0.006 0.010 0.010 
   3   (0.073) 0.157 0.115 0.020 0.019 
   4   (0.037) 0.034 0.006 0.010 0.010 
   5   (0.104) 0.105 0.068 0.174 0.028 
   6   (0.035) 0.033 0.006 0.009 0.009 
   7   (0.044) 0.116 0.009 0.012 0.012 
   8   (0.039) 0.061 0.007 0.010 0.010 
   9   (0.122) 0.066 0.142 0.508 0.032 
  10   (0.043) 0.010 0.258 0.012 0.011 
  11   (0.072) 0.015 0.122 0.129 0.019 
  12   (0.045) 0.016 0.083 0.012 0.012 
  13   (0.042) 0.007 0.120 0.011 0.011 
  14   (0.056) 0.009 0.009 0.015 0.346 
  15   (0.043) 0.007 0.007 0.011 0.122 
  16   (0.045) 0.008 0.008 0.012 0.159 
  17   (0.040) 0.007 0.007 0.011 0.084 
  18   (0.034) 0.006 0.006 0.009 0.046 
  19   (0.037) 0.006 0.006 0.010 0.046 

Locus 61 : locus61 
22 alleles
0.0% missing data
   1   (0.035) 0.090 0.006 0.009 0.009 
   2   (0.091) 0.105 0.063 0.209 0.024 
   3   (0.087) 0.098 0.042 0.170 0.023 
   4   (0.036) 0.058 0.010 0.009 0.009 
   5   (0.043) 0.114 0.012 0.011 0.011 
   6   (0.039) 0.062 0.006 0.010 0.010 
   7   (0.064) 0.116 0.017 0.090 0.017 
   8   (0.037) 0.114 0.010 0.010 0.010 
   9   (0.046) 0.036 0.008 0.049 0.012 
  10   (0.037) 0.113 0.011 0.010 0.010 
  11   (0.038) 0.008 0.115 0.010 0.010 
  12   (0.064) 0.011 0.066 0.163 0.017 
  13   (0.059) 0.017 0.113 0.089 0.015 
  14   (0.043) 0.011 0.475 0.011 0.011 
  15   (0.032) 0.005 0.005 0.081 0.008 
  16   (0.036) 0.006 0.006 0.010 0.083 
  17   (0.038) 0.007 0.006 0.010 0.194 
  18   (0.035) 0.006 0.006 0.009 0.046 
  19   (0.039) 0.007 0.006 0.011 0.195 
  20   (0.033) 0.006 0.005 0.009 0.119 
  21   (0.038) 0.006 0.006 0.010 0.120 
  22   (0.031) 0.005 0.005 0.008 0.045 

Locus 62 : locus62 
20 alleles
0.0% missing data
   1   (0.034) 0.034 0.006 0.009 0.009 
   2   (0.064) 0.038 0.010 0.200 0.017 
   3   (0.069) 0.120 0.014 0.128 0.018 
   4   (0.033) 0.034 0.005 0.009 0.009 
   5   (0.046) 0.257 0.011 0.012 0.012 
   6   (0.087) 0.202 0.022 0.242 0.023 
   7   (0.092) 0.118 0.024 0.061 0.135 
   8   (0.036) 0.088 0.008 0.010 0.009 
   9   (0.042) 0.011 0.280 0.011 0.011 
  10   (0.039) 0.007 0.089 0.011 0.010 
  11   (0.037) 0.006 0.061 0.010 0.010 
  12   (0.043) 0.016 0.081 0.012 0.011 
  13   (0.057) 0.010 0.064 0.052 0.015 
  14   (0.052) 0.015 0.252 0.014 0.014 
  15   (0.031) 0.005 0.032 0.008 0.008 
  16   (0.033) 0.006 0.006 0.046 0.009 
  17   (0.070) 0.012 0.012 0.092 0.277 
  18   (0.057) 0.010 0.009 0.052 0.088 
  19   (0.040) 0.007 0.007 0.011 0.232 
  20   (0.039) 0.007 0.006 0.011 0.084 

Locus 63 : locus63 
23 alleles
0.0% missing data
   1   (0.039) 0.223 0.010 0.010 0.010 
   2   (0.038) 0.114 0.008 0.010 0.010 
   3   (0.038) 0.080 0.014 0.010 0.010 
   4   (0.030) 0.060 0.005 0.008 0.008 
   5   (0.040) 0.143 0.008 0.011 0.011 
   6   (0.035) 0.114 0.007 0.009 0.009 
   7   (0.035) 0.057 0.010 0.009 0.009 
   8   (0.040) 0.057 0.011 0.011 0.011 
   9   (0.056) 0.015 0.116 0.051 0.015 
  10   (0.033) 0.005 0.062 0.009 0.009 
  11   (0.060) 0.011 0.207 0.089 0.016 
  12   (0.036) 0.010 0.058 0.010 0.010 
  13   (0.056) 0.014 0.060 0.088 0.015 
  14   (0.053) 0.009 0.150 0.051 0.014 
  15   (0.067) 0.025 0.165 0.128 0.018 
  16   (0.060) 0.015 0.061 0.126 0.016 
  17   (0.066) 0.011 0.011 0.164 0.128 
  18   (0.054) 0.009 0.009 0.124 0.051 
  19   (0.029) 0.005 0.005 0.044 0.008 
  20   (0.038) 0.006 0.006 0.010 0.195 
  21   (0.031) 0.005 0.005 0.008 0.193 
  22   (0.036) 0.006 0.006 0.010 0.194 
  23   (0.031) 0.005 0.005 0.008 0.045 

Locus 64 : locus64 
26 alleles
0.0% missing data
   1   (0.047) 0.063 0.008 0.049 0.012 
   2   (0.063) 0.258 0.013 0.053 0.017 
   3   (0.064) 0.060 0.016 0.200 0.017 
   4   (0.036) 0.142 0.009 0.010 0.010 
   5   (0.036) 0.197 0.010 0.010 0.009 
   6   (0.052) 0.059 0.014 0.087 0.014 
   7   (0.034) 0.058 0.009 0.009 0.009 
   8   (0.029) 0.033 0.005 0.008 0.008 
   9   (0.040) 0.009 0.282 0.011 0.011 
  10   (0.029) 0.005 0.060 0.008 0.008 
  11   (0.034) 0.008 0.087 0.009 0.009 
  12   (0.037) 0.012 0.167 0.010 0.010 
  13   (0.032) 0.005 0.033 0.009 0.008 
  14   (0.042) 0.019 0.106 0.012 0.011 
  15   (0.033) 0.005 0.033 0.009 0.009 
  16   (0.034) 0.006 0.061 0.009 0.009 
  17   (0.032) 0.006 0.033 0.009 0.009 
  18   (0.039) 0.007 0.007 0.193 0.010 
  19   (0.037) 0.006 0.006 0.156 0.010 
  20   (0.035) 0.006 0.006 0.083 0.009 
  21   (0.042) 0.007 0.007 0.011 0.232 
  22   (0.035) 0.006 0.006 0.009 0.083 
  23   (0.039) 0.007 0.006 0.011 0.232 
  24   (0.032) 0.005 0.005 0.009 0.082 
  25   (0.036) 0.006 0.006 0.010 0.083 
  26   (0.032) 0.005 0.005 0.009 0.082 

Locus 65 : locus65 
20 alleles
0.0% missing data
   1   (0.102) 0.164 0.147 0.064 0.063 
   2   (0.089) 0.101 0.212 0.024 0.097 
   3   (0.060) 0.112 0.131 0.016 0.016 
   4   (0.046) 0.289 0.017 0.012 0.012 
   5   (0.030) 0.031 0.005 0.008 0.008 
   6   (0.033) 0.031 0.006 0.009 0.009 
   7   (0.038) 0.134 0.011 0.010 0.010 
   8   (0.070) 0.046 0.090 0.092 0.019 
   9   (0.057) 0.009 0.098 0.015 0.126 
  10   (0.065) 0.010 0.041 0.091 0.054 
  11   (0.057) 0.013 0.064 0.088 0.015 
  12   (0.034) 0.007 0.123 0.009 0.009 
  13   (0.065) 0.010 0.012 0.273 0.128 
  14   (0.046) 0.007 0.008 0.086 0.049 
  15   (0.044) 0.007 0.008 0.048 0.048 
  16   (0.030) 0.005 0.005 0.045 0.008 
  17   (0.033) 0.005 0.006 0.082 0.009 
  18   (0.039) 0.006 0.007 0.010 0.157 
  19   (0.033) 0.005 0.006 0.009 0.119 
  20   (0.030) 0.005 0.005 0.008 0.045 

Locus 66 : locus66 
24 alleles
0.0% missing data
   1   (0.039) 0.281 0.009 0.011 0.010 
   2   (0.040) 0.197 0.010 0.011 0.010 
   3   (0.038) 0.172 0.007 0.010 0.010 
   4   (0.036) 0.057 0.010 0.010 0.009 
   5   (0.032) 0.057 0.009 0.009 0.009 
   6   (0.050) 0.045 0.083 0.014 0.013 
   7   (0.033) 0.033 0.006 0.009 0.009 
   8   (0.033) 0.007 0.116 0.009 0.009 
   9   (0.066) 0.022 0.083 0.018 0.202 
  10   (0.052) 0.014 0.059 0.014 0.050 
  11   (0.050) 0.009 0.064 0.014 0.087 
  12   (0.055) 0.009 0.065 0.015 0.088 
  13   (0.060) 0.020 0.195 0.016 0.089 
  14   (0.033) 0.006 0.061 0.009 0.009 
  15   (0.034) 0.008 0.087 0.009 0.009 
  16   (0.052) 0.009 0.035 0.014 0.163 
  17   (0.034) 0.009 0.058 0.009 0.009 
  18   (0.032) 0.006 0.005 0.118 0.009 
  19   (0.038) 0.006 0.006 0.266 0.010 
  20   (0.029) 0.005 0.005 0.044 0.008 
  21   (0.035) 0.006 0.006 0.083 0.009 
  22   (0.056) 0.009 0.009 0.088 0.162 
  23   (0.033) 0.006 0.006 0.082 0.009 
  24   (0.036) 0.006 0.006 0.119 0.009 

Locus 67 : locus67 
17 alleles
0.0% missing data
   1   (0.040) 0.196 0.009 0.011 0.010 
   2   (0.094) 0.198 0.025 0.098 0.098 
   3   (0.071) 0.039 0.012 0.129 0.055 
   4   (0.084) 0.041 0.014 0.169 0.133 
   5   (0.041) 0.166 0.012 0.011 0.011 
   6   (0.064) 0.089 0.014 0.017 0.164 
   7   (0.055) 0.117 0.011 0.015 0.051 
   8   (0.032) 0.033 0.005 0.009 0.008 
   9   (0.069) 0.015 0.093 0.055 0.055 
  10   (0.066) 0.014 0.234 0.018 0.091 
  11   (0.071) 0.020 0.116 0.019 0.203 
  12   (0.071) 0.012 0.068 0.093 0.056 
  13   (0.052) 0.009 0.037 0.087 0.014 
  14   (0.038) 0.014 0.083 0.010 0.010 
  15   (0.065) 0.013 0.179 0.164 0.017 
  16   (0.056) 0.019 0.084 0.051 0.015 
  17   (0.032) 0.005 0.005 0.045 0.008 

Locus 68 : locus68 
27 alleles
0.0% missing data
   1   (0.031) 0.033 0.005 0.008 0.008 
   2   (0.039) 0.106 0.017 0.010 0.010 
   3   (0.034) 0.089 0.006 0.009 0.009 
   4   (0.059) 0.037 0.010 0.016 0.200 
   5   (0.045) 0.252 0.012 0.012 0.012 
   6   (0.035) 0.171 0.007 0.009 0.009 
   7   (0.039) 0.141 0.010 0.011 0.010 
   8   (0.031) 0.033 0.005 0.008 0.008 
   9   (0.041) 0.010 0.227 0.011 0.011 
  10   (0.041) 0.008 0.145 0.011 0.011 
  11   (0.038) 0.006 0.090 0.010 0.010 
  12   (0.040) 0.012 0.057 0.011 0.010 
  13   (0.036) 0.009 0.171 0.010 0.010 
  14   (0.038) 0.009 0.087 0.010 0.010 
  15   (0.041) 0.015 0.082 0.011 0.011 
  16   (0.038) 0.006 0.006 0.156 0.010 
  17   (0.039) 0.007 0.007 0.193 0.010 
  18   (0.033) 0.006 0.005 0.155 0.008 
  19   (0.030) 0.005 0.005 0.045 0.008 
  20   (0.037) 0.006 0.006 0.120 0.010 
  21   (0.034) 0.006 0.006 0.046 0.009 
  22   (0.032) 0.005 0.005 0.081 0.008 
  23   (0.028) 0.005 0.005 0.008 0.044 
  24   (0.041) 0.007 0.007 0.011 0.379 
  25   (0.035) 0.006 0.006 0.009 0.083 
  26   (0.030) 0.005 0.005 0.008 0.045 
  27   (0.035) 0.006 0.006 0.009 0.046 

Locus 69 : locus69 
24 alleles
0.0% missing data
   1   (0.034) 0.114 0.007 0.009 0.009 
   2   (0.030) 0.060 0.005 0.008 0.008 
   3   (0.029) 0.056 0.008 0.008 0.008 
   4   (0.034) 0.111 0.010 0.009 0.009 
   5   (0.033) 0.249 0.009 0.009 0.009 
   6   (0.030) 0.085 0.007 0.008 0.008 
   7   (0.026) 0.032 0.004 0.007 0.007 
   8   (0.029) 0.060 0.005 0.008 0.008 
   9   (0.031) 0.057 0.009 0.008 0.008 
  10   (0.027) 0.032 0.005 0.007 0.007 
  11   (0.052) 0.011 0.119 0.014 0.087 
  12   (0.055) 0.009 0.037 0.051 0.051 
  13   (0.081) 0.014 0.126 0.205 0.095 
  14   (0.034) 0.010 0.114 0.009 0.009 
  15   (0.078) 0.013 0.041 0.204 0.242 
  16   (0.071) 0.018 0.231 0.055 0.055 
  17   (0.033) 0.013 0.082 0.009 0.009 
  18   (0.047) 0.013 0.059 0.013 0.049 
  19   (0.049) 0.011 0.089 0.013 0.086 
  20   (0.050) 0.008 0.008 0.087 0.087 
  21   (0.039) 0.007 0.007 0.047 0.048 
  22   (0.031) 0.005 0.005 0.082 0.008 
  23   (0.048) 0.008 0.008 0.123 0.049 
  24   (0.026) 0.004 0.004 0.007 0.044 

Locus 70 : locus70 
21 alleles
0.0% missing data
   1   (0.080) 0.192 0.059 0.058 0.021 
   2   (0.061) 0.148 0.014 0.053 0.016 
   3   (0.051) 0.037 0.035 0.013 0.013 
   4   (0.053) 0.066 0.009 0.051 0.014 
   5   (0.083) 0.182 0.015 0.315 0.022 
   6   (0.064) 0.147 0.016 0.090 0.017 
   7   (0.062) 0.039 0.010 0.236 0.016 
   8   (0.056) 0.084 0.019 0.051 0.015 
   9   (0.038) 0.010 0.167 0.010 0.010 
  10   (0.038) 0.009 0.085 0.010 0.010 
  11   (0.038) 0.011 0.056 0.010 0.010 
  12   (0.041) 0.014 0.191 0.011 0.011 
  13   (0.040) 0.008 0.169 0.011 0.011 
  14   (0.032) 0.005 0.032 0.009 0.009 
  15   (0.043) 0.010 0.086 0.011 0.011 
  16   (0.041) 0.007 0.007 0.011 0.232 
  17   (0.038) 0.007 0.006 0.010 0.194 
  18   (0.032) 0.006 0.005 0.009 0.082 
  19   (0.036) 0.006 0.006 0.010 0.083 
  20   (0.036) 0.006 0.006 0.010 0.083 
  21   (0.036) 0.006 0.006 0.010 0.120 

Locus 71 : locus71 
27 alleles
0.0% missing data
   1   (0.030) 0.060 0.005 0.008 0.008 
   2   (0.034) 0.114 0.007 0.009 0.009 
   3   (0.033) 0.137 0.012 0.009 0.009 
   4   (0.031) 0.111 0.010 0.008 0.008 
   5   (0.030) 0.060 0.005 0.008 0.008 
   6   (0.030) 0.086 0.007 0.008 0.008 
   7   (0.033) 0.089 0.006 0.009 0.009 
   8   (0.053) 0.059 0.014 0.087 0.014 
   9   (0.031) 0.057 0.008 0.008 0.008 
  10   (0.025) 0.032 0.004 0.007 0.007 
  11   (0.030) 0.058 0.008 0.008 0.008 
  12   (0.034) 0.010 0.169 0.009 0.009 
  13   (0.032) 0.009 0.142 0.009 0.009 
  14   (0.073) 0.012 0.068 0.166 0.093 
  15   (0.066) 0.017 0.061 0.091 0.054 
  16   (0.056) 0.019 0.082 0.015 0.200 
  17   (0.032) 0.005 0.089 0.008 0.008 
  18   (0.030) 0.009 0.058 0.008 0.008 
  19   (0.045) 0.008 0.092 0.048 0.012 
  20   (0.030) 0.009 0.057 0.008 0.008 
  21   (0.039) 0.006 0.034 0.010 0.047 
  22   (0.026) 0.004 0.032 0.007 0.007 
  23   (0.036) 0.006 0.006 0.302 0.009 
  24   (0.047) 0.008 0.008 0.086 0.086 
  25   (0.026) 0.004 0.004 0.044 0.007 
  26   (0.036) 0.006 0.006 0.010 0.304 
  27   (0.028) 0.005 0.005 0.008 0.044 

Locus 72 : locus72 
19 alleles
0.0% missing data
   1   (0.063) 0.175 0.012 0.090 0.017 
   2   (0.055) 0.065 0.064 0.015 0.015 
   3   (0.072) 0.115 0.020 0.239 0.019 
   4   (0.041) 0.145 0.008 0.011 0.011 
   5   (0.054) 0.090 0.012 0.051 0.014 
   6   (0.040) 0.113 0.012 0.011 0.011 
   7   (0.059) 0.114 0.016 0.052 0.015 
   8   (0.054) 0.037 0.009 0.124 0.014 
   9   (0.031) 0.033 0.005 0.008 0.008 
  10   (0.093) 0.022 0.177 0.171 0.061 
  11   (0.072) 0.015 0.231 0.019 0.130 
  12   (0.064) 0.016 0.228 0.017 0.053 
  13   (0.061) 0.017 0.059 0.016 0.127 
  14   (0.030) 0.005 0.033 0.008 0.008 
  15   (0.065) 0.014 0.091 0.017 0.128 
  16   (0.034) 0.006 0.006 0.082 0.009 
  17   (0.033) 0.006 0.006 0.045 0.009 
  18   (0.038) 0.006 0.006 0.010 0.120 
  19   (0.040) 0.007 0.007 0.011 0.232 

Locus 73 : locus73 
23 alleles
0.0% missing data
   1   (0.036) 0.198 0.007 0.010 0.009 
   2   (0.040) 0.169 0.010 0.011 0.010 
   3   (0.031) 0.033 0.005 0.008 0.008 
   4   (0.042) 0.250 0.012 0.011 0.011 
   5   (0.040) 0.087 0.009 0.011 0.010 
   6   (0.034) 0.057 0.009 0.009 0.009 
   7   (0.039) 0.057 0.011 0.010 0.010 
   8   (0.040) 0.013 0.197 0.011 0.010 
   9   (0.070) 0.014 0.122 0.019 0.240 
  10   (0.068) 0.013 0.178 0.018 0.128 
  11   (0.033) 0.005 0.062 0.009 0.009 
  12   (0.040) 0.011 0.114 0.011 0.010 
  13   (0.068) 0.012 0.039 0.092 0.092 
  14   (0.032) 0.005 0.033 0.009 0.008 
  15   (0.054) 0.019 0.082 0.015 0.051 
  16   (0.029) 0.005 0.033 0.008 0.008 
  17   (0.052) 0.009 0.035 0.014 0.125 
  18   (0.036) 0.006 0.006 0.229 0.009 
  19   (0.063) 0.011 0.011 0.163 0.090 
  20   (0.029) 0.005 0.005 0.044 0.008 
  21   (0.055) 0.009 0.009 0.088 0.088 
  22   (0.039) 0.007 0.007 0.193 0.010 
  23   (0.031) 0.005 0.005 0.008 0.045 

Locus 74 : locus74 
28 alleles
0.0% missing data
   1   (0.049) 0.089 0.011 0.013 0.050 
   2   (0.028) 0.033 0.005 0.007 0.007 
   3   (0.038) 0.284 0.009 0.010 0.010 
   4   (0.031) 0.061 0.005 0.008 0.008 
   5   (0.050) 0.119 0.010 0.013 0.050 
   6   (0.051) 0.036 0.008 0.014 0.161 
   7   (0.032) 0.034 0.005 0.009 0.009 
   8   (0.037) 0.058 0.010 0.010 0.010 
   9   (0.038) 0.106 0.018 0.010 0.010 
  10   (0.032) 0.058 0.009 0.008 0.008 
  11   (0.033) 0.006 0.225 0.009 0.009 
  12   (0.043) 0.012 0.388 0.012 0.011 
  13   (0.034) 0.014 0.080 0.009 0.009 
  14   (0.030) 0.005 0.032 0.008 0.008 
  15   (0.066) 0.014 0.118 0.018 0.202 
  16   (0.031) 0.005 0.005 0.082 0.008 
  17   (0.037) 0.006 0.006 0.156 0.010 
  18   (0.027) 0.005 0.004 0.044 0.007 
  19   (0.027) 0.005 0.004 0.044 0.007 
  20   (0.027) 0.005 0.004 0.044 0.007 
  21   (0.029) 0.005 0.005 0.044 0.008 
  22   (0.030) 0.005 0.005 0.081 0.008 
  23   (0.041) 0.007 0.007 0.158 0.011 
  24   (0.031) 0.005 0.005 0.118 0.008 
  25   (0.033) 0.006 0.005 0.046 0.009 
  26   (0.031) 0.005 0.005 0.008 0.082 
  27   (0.031) 0.005 0.005 0.008 0.229 
  28   (0.030) 0.005 0.005 0.008 0.045 

Locus 75 : locus75 
17 alleles
0.0% missing data
   1   (0.064) 0.250 0.018 0.017 0.053 
   2   (0.033) 0.060 0.005 0.009 0.009 
   3   (0.036) 0.115 0.006 0.010 0.009 
   4   (0.042) 0.220 0.013 0.011 0.011 
   5   (0.071) 0.143 0.018 0.129 0.019 
   6   (0.083) 0.041 0.042 0.059 0.096 
   7   (0.099) 0.044 0.073 0.246 0.063 
   8   (0.082) 0.020 0.149 0.058 0.095 
   9   (0.114) 0.027 0.237 0.139 0.177 
  10   (0.083) 0.018 0.123 0.095 0.096 
  11   (0.033) 0.005 0.034 0.009 0.009 
  12   (0.031) 0.005 0.033 0.008 0.008 
  13   (0.036) 0.008 0.089 0.010 0.010 
  14   (0.031) 0.005 0.033 0.008 0.008 
  15   (0.042) 0.019 0.107 0.011 0.011 
  16   (0.062) 0.010 0.010 0.126 0.164 
  17   (0.058) 0.010 0.010 0.052 0.163 

Locus 76 : locus76 
17 alleles
0.0% missing data
   1   (0.105) 0.363 0.032 0.028 0.360 
   2   (0.081) 0.069 0.013 0.058 0.132 
   3   (0.073) 0.068 0.012 0.239 0.019 
   4   (0.075) 0.149 0.015 0.020 0.167 
   5   (0.068) 0.148 0.014 0.018 0.091 
   6   (0.084) 0.063 0.020 0.096 0.059 
   7   (0.054) 0.037 0.009 0.088 0.014 
   8   (0.076) 0.020 0.199 0.130 0.020 
   9   (0.072) 0.017 0.257 0.092 0.019 
  10   (0.038) 0.006 0.118 0.010 0.010 
  11   (0.037) 0.006 0.061 0.010 0.010 
  12   (0.062) 0.020 0.140 0.053 0.016 
  13   (0.040) 0.009 0.087 0.011 0.010 
  14   (0.034) 0.006 0.006 0.046 0.009 
  15   (0.035) 0.006 0.006 0.046 0.009 
  16   (0.034) 0.006 0.006 0.046 0.009 
  17   (0.032) 0.006 0.005 0.009 0.045 

Locus 77 : locus77 
23 alleles
0.0% missing data
   1   (0.051) 0.311 0.011 0.014 0.014 
   2   (0.042) 0.116 0.009 0.011 0.011 
   3   (0.072) 0.194 0.023 0.056 0.019 
   4   (0.043) 0.227 0.009 0.011 0.011 
   5   (0.050) 0.013 0.282 0.013 0.013 
   6   (0.037) 0.008 0.087 0.010 0.010 
   7   (0.069) 0.019 0.254 0.019 0.054 
   8   (0.036) 0.006 0.062 0.010 0.009 
   9   (0.032) 0.005 0.033 0.009 0.008 
  10   (0.068) 0.015 0.091 0.018 0.129 
  11   (0.036) 0.006 0.034 0.010 0.009 
  12   (0.036) 0.006 0.033 0.010 0.010 
  13   (0.036) 0.006 0.006 0.083 0.009 
  14   (0.046) 0.008 0.008 0.268 0.012 
  15   (0.036) 0.006 0.006 0.156 0.010 
  16   (0.038) 0.006 0.006 0.120 0.010 
  17   (0.035) 0.006 0.006 0.082 0.009 
  18   (0.032) 0.005 0.005 0.045 0.008 
  19   (0.038) 0.006 0.006 0.010 0.084 
  20   (0.042) 0.007 0.007 0.011 0.122 
  21   (0.042) 0.007 0.007 0.011 0.085 
  22   (0.045) 0.008 0.007 0.012 0.234 
  23   (0.039) 0.007 0.006 0.010 0.121 

Locus 78 : locus78 
19 alleles
0.0% missing data
   1   (0.060) 0.494 0.016 0.016 0.016 
   2   (0.065) 0.089 0.015 0.054 0.017 
   3   (0.095) 0.158 0.094 0.062 0.025 
   4   (0.071) 0.039 0.012 0.312 0.019 
   5   (0.063) 0.089 0.014 0.053 0.016 
   6   (0.044) 0.009 0.119 0.012 0.012 
   7   (0.042) 0.007 0.121 0.011 0.011 
   8   (0.068) 0.015 0.093 0.091 0.018 
   9   (0.046) 0.011 0.146 0.012 0.012 
  10   (0.048) 0.018 0.167 0.013 0.013 
  11   (0.064) 0.011 0.068 0.090 0.017 
  12   (0.041) 0.011 0.059 0.011 0.011 
  13   (0.057) 0.010 0.038 0.089 0.015 
  14   (0.038) 0.006 0.006 0.083 0.010 
  15   (0.035) 0.006 0.006 0.046 0.009 
  16   (0.047) 0.008 0.008 0.013 0.418 
  17   (0.038) 0.006 0.006 0.010 0.121 
  18   (0.035) 0.006 0.006 0.009 0.046 
  19   (0.043) 0.007 0.007 0.012 0.195 

Locus 79 : locus79 
17 alleles
0.0% missing data
   1   (0.100) 0.131 0.203 0.100 0.026 
   2   (0.072) 0.153 0.016 0.129 0.019 
   3   (0.065) 0.040 0.010 0.347 0.017 
   4   (0.058) 0.039 0.009 0.015 0.163 
   5   (0.060) 0.120 0.016 0.016 0.052 
   6   (0.034) 0.035 0.005 0.009 0.009 
   7   (0.093) 0.145 0.163 0.061 0.025 
   8   (0.035) 0.035 0.006 0.009 0.009 
   9   (0.050) 0.038 0.008 0.014 0.050 
  10   (0.051) 0.038 0.008 0.014 0.050 
  11   (0.032) 0.035 0.005 0.009 0.009 
  12   (0.064) 0.095 0.013 0.017 0.127 
  13   (0.065) 0.040 0.010 0.018 0.312 
  14   (0.076) 0.023 0.242 0.093 0.020 
  15   (0.076) 0.019 0.273 0.094 0.020 
  16   (0.032) 0.006 0.005 0.045 0.008 
  17   (0.036) 0.006 0.006 0.010 0.083 

Locus 80 : locus80 
30 alleles
0.0% missing data
   1   (0.032) 0.089 0.005 0.009 0.008 
   2   (0.042) 0.360 0.013 0.011 0.011 
   3   (0.033) 0.061 0.006 0.009 0.009 
   4   (0.032) 0.115 0.007 0.008 0.008 
   5   (0.029) 0.033 0.005 0.008 0.008 
   6   (0.032) 0.057 0.009 0.009 0.008 
   7   (0.026) 0.032 0.004 0.007 0.007 
   8   (0.032) 0.057 0.009 0.008 0.008 
   9   (0.030) 0.033 0.005 0.008 0.008 
  10   (0.026) 0.032 0.004 0.007 0.007 
  11   (0.039) 0.008 0.227 0.010 0.010 
  12   (0.036) 0.007 0.144 0.010 0.009 
  13   (0.040) 0.011 0.253 0.011 0.010 
  14   (0.041) 0.012 0.113 0.011 0.011 
  15   (0.034) 0.009 0.058 0.009 0.009 
  16   (0.030) 0.005 0.033 0.008 0.008 
  17   (0.025) 0.004 0.032 0.007 0.007 
  18   (0.056) 0.010 0.009 0.198 0.051 
  19   (0.033) 0.006 0.005 0.119 0.009 
  20   (0.033) 0.006 0.006 0.192 0.009 
  21   (0.032) 0.005 0.005 0.082 0.008 
  22   (0.033) 0.006 0.005 0.155 0.009 
  23   (0.030) 0.005 0.005 0.045 0.008 
  24   (0.033) 0.006 0.005 0.009 0.082 
  25   (0.032) 0.005 0.005 0.009 0.082 
  26   (0.031) 0.005 0.005 0.008 0.119 
  27   (0.034) 0.006 0.006 0.009 0.156 
  28   (0.033) 0.006 0.005 0.009 0.193 
  29   (0.026) 0.004 0.004 0.007 0.044 
  30   (0.034) 0.006 0.006 0.009 0.083 

Locus 81 : locus81 
24 alleles
0.0% missing data
   1   (0.033) 0.105 0.016 0.009 0.009 
   2   (0.027) 0.032 0.005 0.007 0.007 
   3   (0.037) 0.141 0.009 0.010 0.010 
   4   (0.034) 0.112 0.010 0.009 0.009 
   5   (0.034) 0.116 0.006 0.009 0.009 
   6   (0.064) 0.171 0.015 0.200 0.017 
   7   (0.029) 0.032 0.005 0.008 0.008 
   8   (0.035) 0.086 0.008 0.009 0.009 
   9   (0.030) 0.032 0.005 0.008 0.008 
  10   (0.028) 0.032 0.005 0.008 0.007 
  11   (0.061) 0.016 0.144 0.016 0.201 
  12   (0.043) 0.007 0.063 0.012 0.048 
  13   (0.056) 0.019 0.084 0.015 0.088 
  14   (0.046) 0.011 0.089 0.012 0.049 
  15   (0.042) 0.007 0.035 0.012 0.048 
  16   (0.053) 0.013 0.144 0.014 0.051 
  17   (0.047) 0.008 0.120 0.013 0.049 
  18   (0.052) 0.017 0.140 0.050 0.014 
  19   (0.046) 0.008 0.064 0.012 0.048 
  20   (0.051) 0.009 0.009 0.270 0.049 
  21   (0.026) 0.004 0.004 0.044 0.007 
  22   (0.034) 0.006 0.006 0.119 0.009 
  23   (0.044) 0.007 0.007 0.085 0.048 
  24   (0.049) 0.008 0.008 0.049 0.198 

Locus 82 : locus82 
23 alleles
0.0% missing data
   1   (0.032) 0.060 0.005 0.009 0.008 
   2   (0.035) 0.056 0.010 0.009 0.009 
   3   (0.047) 0.414 0.012 0.013 0.012 
   4   (0.037) 0.086 0.009 0.010 0.010 
   5   (0.036) 0.114 0.008 0.010 0.009 
   6   (0.028) 0.032 0.005 0.008 0.007 
   7   (0.036) 0.085 0.008 0.010 0.009 
   8   (0.060) 0.015 0.317 0.016 0.051 
   9   (0.062) 0.017 0.117 0.126 0.016 
  10   (0.085) 0.021 0.062 0.243 0.059 
  11   (0.030) 0.005 0.033 0.008 0.008 
  12   (0.038) 0.008 0.117 0.010 0.010 
  13   (0.033) 0.006 0.090 0.009 0.009 
  14   (0.080) 0.022 0.117 0.094 0.058 
  15   (0.034) 0.006 0.034 0.009 0.009 
  16   (0.029) 0.005 0.005 0.044 0.008 
  17   (0.052) 0.009 0.009 0.050 0.125 
  18   (0.062) 0.010 0.010 0.163 0.090 
  19   (0.034) 0.006 0.006 0.082 0.009 
  20   (0.057) 0.009 0.010 0.052 0.237 
  21   (0.036) 0.006 0.006 0.010 0.157 
  22   (0.029) 0.005 0.005 0.008 0.044 
  23   (0.028) 0.005 0.005 0.008 0.044 

Locus 83 : locus83 
21 alleles
0.0% missing data
   1   (0.040) 0.115 0.007 0.011 0.011 
   2   (0.044) 0.192 0.012 0.012 0.011 
   3   (0.077) 0.173 0.272 0.021 0.020 
   4   (0.043) 0.113 0.009 0.012 0.011 
   5   (0.043) 0.163 0.013 0.012 0.011 
   6   (0.037) 0.056 0.010 0.010 0.010 
   7   (0.036) 0.056 0.010 0.010 0.009 
   8   (0.033) 0.006 0.034 0.009 0.009 
   9   (0.067) 0.011 0.097 0.018 0.202 
  10   (0.070) 0.015 0.093 0.019 0.166 
  11   (0.058) 0.010 0.067 0.016 0.089 
  12   (0.066) 0.021 0.085 0.018 0.128 
  13   (0.064) 0.016 0.206 0.017 0.053 
  14   (0.052) 0.009 0.037 0.014 0.051 
  15   (0.045) 0.007 0.008 0.268 0.012 
  16   (0.042) 0.007 0.007 0.158 0.011 
  17   (0.036) 0.006 0.006 0.083 0.010 
  18   (0.035) 0.006 0.006 0.082 0.009 
  19   (0.037) 0.006 0.006 0.083 0.010 
  20   (0.036) 0.006 0.006 0.119 0.009 
  21   (0.040) 0.007 0.007 0.011 0.158 

Locus 84 : locus84 
24 alleles
0.0% missing data
   1   (0.043) 0.329 0.014 0.012 0.011 
   2   (0.039) 0.088 0.006 0.010 0.010 
   3   (0.043) 0.168 0.010 0.012 0.011 
   4   (0.037) 0.169 0.007 0.010 0.010 
   5   (0.034) 0.085 0.008 0.009 0.009 
   6   (0.061) 0.017 0.229 0.053 0.016 
   7   (0.043) 0.015 0.140 0.011 0.011 
   8   (0.035) 0.006 0.091 0.009 0.009 
   9   (0.062) 0.015 0.061 0.017 0.201 
  10   (0.032) 0.005 0.033 0.009 0.008 
  11   (0.052) 0.009 0.066 0.014 0.050 
  12   (0.039) 0.009 0.089 0.010 0.010 
  13   (0.057) 0.013 0.091 0.052 0.015 
  14   (0.068) 0.011 0.068 0.018 0.387 
  15   (0.046) 0.008 0.036 0.049 0.012 
  16   (0.037) 0.006 0.006 0.156 0.010 
  17   (0.039) 0.006 0.007 0.193 0.010 
  18   (0.030) 0.005 0.005 0.045 0.008 
  19   (0.030) 0.005 0.005 0.044 0.008 
  20   (0.038) 0.006 0.006 0.083 0.010 
  21   (0.034) 0.006 0.006 0.082 0.009 
  22   (0.034) 0.006 0.006 0.082 0.009 
  23   (0.038) 0.006 0.006 0.010 0.121 
  24   (0.032) 0.005 0.005 0.009 0.045 

Locus 85 : locus85 
23 alleles
0.0% missing data
   1   (0.053) 0.091 0.012 0.014 0.050 
   2   (0.062) 0.173 0.017 0.017 0.127 
   3   (0.035) 0.088 0.008 0.009 0.009 
   4   (0.054) 0.066 0.009 0.015 0.125 
   5   (0.053) 0.262 0.010 0.014 0.050 
   6   (0.059) 0.143 0.098 0.016 0.016 
   7   (0.031) 0.033 0.005 0.008 0.008 
   8   (0.064) 0.018 0.113 0.200 0.017 
   9   (0.037) 0.009 0.086 0.010 0.010 
  10   (0.032) 0.006 0.060 0.009 0.008 
  11   (0.061) 0.016 0.142 0.126 0.016 
  12   (0.047) 0.008 0.034 0.087 0.012 
  13   (0.052) 0.014 0.141 0.050 0.014 
  14   (0.056) 0.013 0.088 0.088 0.015 
  15   (0.034) 0.008 0.085 0.009 0.009 
  16   (0.059) 0.016 0.059 0.198 0.016 
  17   (0.029) 0.005 0.005 0.044 0.008 
  18   (0.030) 0.005 0.005 0.045 0.008 
  19   (0.030) 0.005 0.005 0.008 0.045 
  20   (0.034) 0.006 0.006 0.009 0.230 
  21   (0.032) 0.006 0.005 0.009 0.082 
  22   (0.029) 0.005 0.005 0.008 0.081 
  23   (0.028) 0.005 0.005 0.008 0.044 

Locus 86 : locus86 
20 alleles
0.0% missing data
   1   (0.094) 0.184 0.067 0.025 0.172 
   2   (0.103) 0.099 0.187 0.028 0.212 
   3   (0.032) 0.060 0.005 0.009 0.008 
   4   (0.063) 0.169 0.015 0.017 0.090 
   5   (0.042) 0.190 0.015 0.011 0.011 
   6   (0.059) 0.058 0.016 0.016 0.089 
   7   (0.038) 0.088 0.006 0.010 0.010 
   8   (0.055) 0.055 0.103 0.015 0.014 
   9   (0.055) 0.011 0.208 0.015 0.050 
  10   (0.091) 0.018 0.126 0.098 0.135 
  11   (0.036) 0.010 0.059 0.010 0.009 
  12   (0.063) 0.015 0.148 0.017 0.127 
  13   (0.037) 0.006 0.006 0.156 0.010 
  14   (0.040) 0.007 0.007 0.120 0.010 
  15   (0.031) 0.005 0.005 0.082 0.008 
  16   (0.034) 0.006 0.006 0.119 0.009 
  17   (0.035) 0.006 0.006 0.119 0.009 
  18   (0.031) 0.005 0.005 0.045 0.008 
  19   (0.031) 0.005 0.005 0.045 0.008 
  20   (0.031) 0.005 0.005 0.045 0.008 

Locus 87 : locus87 
16 alleles
0.0% missing data
   1   (0.080) 0.196 0.108 0.022 0.021 
   2   (0.055) 0.285 0.013 0.015 0.015 
   3   (0.037) 0.034 0.006 0.010 0.010 
   4   (0.044) 0.088 0.010 0.012 0.011 
   5   (0.052) 0.201 0.011 0.014 0.014 
   6   (0.044) 0.058 0.012 0.012 0.012 
   7   (0.055) 0.014 0.366 0.015 0.014 
   8   (0.100) 0.017 0.072 0.136 0.100 
   9   (0.076) 0.016 0.120 0.094 0.020 
  10   (0.099) 0.024 0.147 0.356 0.026 
  11   (0.079) 0.013 0.040 0.095 0.058 
  12   (0.078) 0.020 0.061 0.021 0.205 
  13   (0.042) 0.007 0.007 0.084 0.011 
  14   (0.061) 0.010 0.010 0.090 0.053 
  15   (0.049) 0.008 0.008 0.013 0.197 
  16   (0.047) 0.008 0.008 0.013 0.233 

Locus 88 : locus88 
22 alleles
0.0% missing data
   1   (0.041) 0.223 0.011 0.011 0.011 
   2   (0.033) 0.033 0.006 0.009 0.009 
   3   (0.039) 0.223 0.010 0.010 0.010 
   4   (0.034) 0.061 0.006 0.009 0.009 
   5   (0.028) 0.032 0.005 0.008 0.007 
   6   (0.028) 0.032 0.005 0.008 0.007 
   7   (0.039) 0.141 0.010 0.011 0.010 
   8   (0.034) 0.057 0.009 0.009 0.009 
   9   (0.032) 0.057 0.009 0.009 0.008 
  10   (0.030) 0.005 0.033 0.008 0.008 
  11   (0.061) 0.016 0.257 0.017 0.053 
  12   (0.115) 0.029 0.290 0.251 0.140 
  13   (0.083) 0.014 0.126 0.096 0.059 
  14   (0.083) 0.014 0.070 0.058 0.280 
  15   (0.053) 0.019 0.082 0.051 0.014 
  16   (0.065) 0.011 0.038 0.054 0.092 
  17   (0.035) 0.006 0.006 0.119 0.009 
  18   (0.031) 0.005 0.005 0.045 0.008 
  19   (0.031) 0.005 0.005 0.082 0.008 
  20   (0.034) 0.006 0.006 0.082 0.009 
  21   (0.032) 0.005 0.005 0.045 0.008 
  22   (0.037) 0.006 0.006 0.010 0.231 

Locus 89 : locus89 
23 alleles
0.0% missing data
   1   (0.051) 0.058 0.014 0.014 0.050 
   2   (0.036) 0.057 0.010 0.010 0.010 
   3   (0.042) 0.195 0.011 0.011 0.011 
   4   (0.060) 0.065 0.010 0.126 0.016 
   5   (0.040) 0.250 0.010 0.011 0.011 
   6   (0.039) 0.224 0.008 0.010 0.010 
   7   (0.060) 0.013 0.204 0.016 0.052 
   8   (0.032) 0.005 0.033 0.009 0.008 
   9   (0.073) 0.018 0.146 0.020 0.167 
  10   (0.051) 0.013 0.060 0.014 0.050 
  11   (0.040) 0.009 0.202 0.011 0.010 
  12   (0.059) 0.012 0.120 0.016 0.089 
  13   (0.048) 0.008 0.036 0.013 0.086 
  14   (0.068) 0.022 0.084 0.018 0.202 
  15   (0.041) 0.007 0.007 0.231 0.011 
  16   (0.034) 0.006 0.006 0.192 0.009 
  17   (0.033) 0.006 0.006 0.045 0.009 
  18   (0.036) 0.006 0.006 0.120 0.009 
  19   (0.032) 0.005 0.005 0.045 0.008 
  20   (0.029) 0.005 0.005 0.044 0.008 
  21   (0.031) 0.005 0.005 0.008 0.082 
  22   (0.032) 0.005 0.005 0.009 0.045 
  23   (0.032) 0.005 0.005 0.009 0.045 

Locus 90 : locus90 
24 alleles
0.0% missing data
   1   (0.062) 0.169 0.210 0.017 0.016 
   2   (0.041) 0.035 0.007 0.048 0.011 
   3   (0.035) 0.119 0.006 0.009 0.009 
   4   (0.033) 0.058 0.009 0.009 0.009 
   5   (0.032) 0.117 0.007 0.008 0.008 
   6   (0.051) 0.061 0.149 0.014 0.013 
   7   (0.070) 0.104 0.059 0.128 0.018 
   8   (0.049) 0.104 0.052 0.013 0.013 
   9   (0.049) 0.049 0.160 0.013 0.013 
  10   (0.081) 0.052 0.085 0.388 0.022 
  11   (0.064) 0.050 0.082 0.053 0.017 
  12   (0.048) 0.008 0.062 0.086 0.013 
  13   (0.049) 0.014 0.057 0.049 0.013 
  14   (0.029) 0.005 0.005 0.044 0.008 
  15   (0.030) 0.005 0.005 0.044 0.008 
  16   (0.036) 0.006 0.006 0.010 0.194 
  17   (0.035) 0.006 0.006 0.010 0.120 
  18   (0.027) 0.005 0.004 0.007 0.044 
  19   (0.032) 0.006 0.005 0.009 0.082 
  20   (0.033) 0.006 0.005 0.009 0.119 
  21   (0.032) 0.005 0.005 0.008 0.119 
  22   (0.028) 0.005 0.005 0.008 0.044 
  23   (0.027) 0.005 0.004 0.007 0.044 
  24   (0.027) 0.005 0.004 0.007 0.044 

Locus 91 : locus91 
17 alleles
0.0% missing data
   1   (0.082) 0.103 0.314 0.022 0.022 
   2   (0.062) 0.144 0.015 0.017 0.053 
   3   (0.073) 0.257 0.017 0.020 0.056 
   4   (0.073) 0.050 0.225 0.020 0.019 
   5   (0.069) 0.111 0.079 0.019 0.018 
   6   (0.070) 0.109 0.107 0.019 0.018 
   7   (0.070) 0.061 0.017 0.019 0.167 
   8   (0.035) 0.034 0.006 0.009 0.009 
   9   (0.065) 0.060 0.017 0.018 0.091 
  10   (0.045) 0.011 0.143 0.012 0.012 
  11   (0.043) 0.007 0.007 0.121 0.011 
  12   (0.073) 0.012 0.012 0.202 0.093 
  13   (0.049) 0.008 0.008 0.269 0.013 
  14   (0.063) 0.011 0.011 0.127 0.053 
  15   (0.038) 0.006 0.006 0.083 0.010 
  16   (0.045) 0.008 0.007 0.012 0.196 
  17   (0.044) 0.007 0.007 0.012 0.159 

Locus 92 : locus92 
18 alleles
0.0% missing data
   1   (0.100) 0.304 0.117 0.027 0.063 
   2   (0.116) 0.175 0.362 0.031 0.067 
   3   (0.120) 0.187 0.075 0.032 0.400 
   4   (0.044) 0.114 0.012 0.012 0.012 
   5   (0.036) 0.062 0.006 0.010 0.009 
   6   (0.065) 0.060 0.017 0.017 0.128 
   7   (0.064) 0.013 0.119 0.017 0.054 
   8   (0.040) 0.007 0.062 0.011 0.011 
   9   (0.043) 0.010 0.088 0.012 0.011 
  10   (0.069) 0.016 0.091 0.018 0.129 
  11   (0.044) 0.008 0.007 0.231 0.012 
  12   (0.044) 0.007 0.007 0.231 0.011 
  13   (0.033) 0.006 0.006 0.045 0.009 
  14   (0.032) 0.005 0.005 0.045 0.009 
  15   (0.040) 0.007 0.007 0.084 0.010 
  16   (0.042) 0.007 0.007 0.121 0.011 
  17   (0.035) 0.006 0.006 0.046 0.009 
  18   (0.033) 0.006 0.006 0.009 0.045 

Locus 93 : locus93 
21 alleles
0.0% missing data
   1   (0.066) 0.224 0.020 0.018 0.091 
   2   (0.063) 0.134 0.220 0.017 0.016 
   3   (0.059) 0.174 0.012 0.016 0.052 
   4   (0.051) 0.036 0.009 0.014 0.087 
   5   (0.033) 0.057 0.009 0.009 0.009 
   6   (0.030) 0.033 0.005 0.008 0.008 
   7   (0.064) 0.114 0.018 0.017 0.164 
   8   (0.055) 0.037 0.009 0.015 0.125 
   9   (0.052) 0.059 0.013 0.014 0.050 
  10   (0.056) 0.037 0.009 0.015 0.162 
  11   (0.042) 0.009 0.202 0.011 0.011 
  12   (0.033) 0.008 0.088 0.009 0.009 
  13   (0.056) 0.009 0.035 0.237 0.015 
  14   (0.057) 0.016 0.171 0.051 0.015 
  15   (0.051) 0.009 0.065 0.087 0.013 
  16   (0.065) 0.018 0.060 0.200 0.017 
  17   (0.033) 0.006 0.034 0.009 0.009 
  18   (0.033) 0.006 0.006 0.118 0.009 
  19   (0.036) 0.006 0.006 0.119 0.009 
  20   (0.031) 0.005 0.005 0.008 0.045 
  21   (0.034) 0.006 0.006 0.009 0.082 

Locus 94 : locus94 
19 alleles
0.0% missing data
   1   (0.063) 0.091 0.014 0.053 0.016 
   2   (0.046) 0.229 0.010 0.012 0.012 
   3   (0.048) 0.257 0.011 0.013 0.013 
   4   (0.071) 0.040 0.012 0.348 0.019 
   5   (0.068) 0.116 0.019 0.018 0.055 
   6   (0.071) 0.092 0.015 0.129 0.019 
   7   (0.064) 0.062 0.016 0.017 0.091 
   8   (0.047) 0.011 0.309 0.013 0.012 
   9   (0.048) 0.015 0.167 0.013 0.013 
  10   (0.045) 0.013 0.112 0.012 0.012 
  11   (0.047) 0.010 0.198 0.013 0.012 
  12   (0.054) 0.009 0.036 0.015 0.051 
  13   (0.036) 0.006 0.033 0.010 0.009 
  14   (0.067) 0.011 0.011 0.054 0.276 
  15   (0.071) 0.012 0.012 0.239 0.055 
  16   (0.044) 0.007 0.007 0.012 0.159 
  17   (0.040) 0.007 0.007 0.011 0.084 
  18   (0.037) 0.006 0.006 0.010 0.047 
  19   (0.034) 0.006 0.006 0.009 0.046 

Locus 95 : locus95 
28 alleles
0.0% missing data
   1   (0.030) 0.228 0.006 0.008 0.008 
   2   (0.063) 0.145 0.016 0.053 0.053 
   3   (0.049) 0.119 0.010 0.013 0.087 
   4   (0.055) 0.090 0.012 0.161 0.014 
   5   (0.031) 0.058 0.009 0.008 0.008 
   6   (0.055) 0.060 0.014 0.015 0.162 
   7   (0.033) 0.058 0.009 0.009 0.009 
   8   (0.045) 0.035 0.007 0.085 0.012 
   9   (0.030) 0.058 0.008 0.008 0.008 
  10   (0.044) 0.035 0.007 0.085 0.012 
  11   (0.036) 0.011 0.250 0.010 0.009 
  12   (0.036) 0.008 0.169 0.010 0.009 
  13   (0.032) 0.008 0.086 0.009 0.009 
  14   (0.028) 0.005 0.060 0.008 0.007 
  15   (0.029) 0.005 0.088 0.008 0.008 
  16   (0.027) 0.008 0.056 0.007 0.007 
  17   (0.036) 0.010 0.057 0.010 0.009 
  18   (0.029) 0.005 0.032 0.008 0.008 
  19   (0.029) 0.008 0.056 0.008 0.008 
  20   (0.043) 0.007 0.007 0.085 0.048 
  21   (0.036) 0.006 0.006 0.229 0.009 
  22   (0.027) 0.005 0.004 0.044 0.007 
  23   (0.030) 0.005 0.005 0.081 0.008 
  24   (0.031) 0.005 0.005 0.008 0.156 
  25   (0.031) 0.005 0.005 0.008 0.082 
  26   (0.032) 0.005 0.005 0.008 0.156 
  27   (0.029) 0.005 0.005 0.008 0.044 
  28   (0.026) 0.004 0.004 0.007 0.044 

Locus 96 : locus96 
21 alleles
0.0% missing data
   1   (0.074) 0.143 0.023 0.129 0.019 
   2   (0.041) 0.119 0.008 0.011 0.011 
   3   (0.041) 0.147 0.008 0.011 0.011 
   4   (0.079) 0.056 0.053 0.131 0.021 
   5   (0.066) 0.264 0.014 0.018 0.054 
   6   (0.070) 0.062 0.017 0.239 0.019 
   7   (0.037) 0.063 0.006 0.010 0.010 
   8   (0.056) 0.038 0.009 0.125 0.015 
   9   (0.076) 0.019 0.252 0.020 0.131 
  10   (0.050) 0.012 0.386 0.013 0.013 
  11   (0.044) 0.014 0.164 0.012 0.012 
  12   (0.034) 0.006 0.006 0.046 0.009 
  13   (0.034) 0.006 0.005 0.045 0.009 
  14   (0.040) 0.007 0.006 0.120 0.010 
  15   (0.050) 0.009 0.008 0.013 0.308 
  16   (0.035) 0.006 0.006 0.009 0.083 
  17   (0.030) 0.005 0.005 0.008 0.045 
  18   (0.034) 0.006 0.006 0.009 0.046 
  19   (0.039) 0.007 0.006 0.011 0.084 
  20   (0.033) 0.006 0.005 0.009 0.046 
  21   (0.036) 0.006 0.006 0.010 0.046 

Locus 97 : locus97 
20 alleles
0.0% missing data
   1   (0.058) 0.092 0.012 0.125 0.015 
   2   (0.080) 0.064 0.019 0.131 0.132 
   3   (0.101) 0.177 0.026 0.100 0.248 
   4   (0.060) 0.117 0.016 0.016 0.090 
   5   (0.084) 0.071 0.014 0.133 0.170 
   6   (0.044) 0.036 0.007 0.012 0.048 
   7   (0.086) 0.125 0.017 0.132 0.096 
   8   (0.035) 0.059 0.009 0.009 0.009 
   9   (0.034) 0.118 0.007 0.009 0.009 
  10   (0.050) 0.065 0.008 0.013 0.050 
  11   (0.041) 0.010 0.276 0.011 0.011 
  12   (0.048) 0.008 0.035 0.049 0.013 
  13   (0.038) 0.013 0.245 0.010 0.010 
  14   (0.035) 0.009 0.085 0.009 0.009 
  15   (0.035) 0.008 0.114 0.010 0.009 
  16   (0.029) 0.005 0.032 0.008 0.008 
  17   (0.030) 0.005 0.032 0.008 0.008 
  18   (0.030) 0.005 0.032 0.008 0.008 
  19   (0.030) 0.005 0.005 0.044 0.008 
  20   (0.052) 0.009 0.008 0.161 0.050 

Locus 98 : locus98 
20 alleles
0.0% missing data
   1   (0.072) 0.270 0.026 0.056 0.019 
   2   (0.068) 0.065 0.182 0.018 0.018 
   3   (0.065) 0.211 0.057 0.017 0.017 
   4   (0.057) 0.036 0.010 0.015 0.126 
   5   (0.037) 0.085 0.009 0.010 0.010 
   6   (0.059) 0.119 0.010 0.052 0.015 
   7   (0.049) 0.035 0.008 0.013 0.050 
   8   (0.078) 0.087 0.391 0.021 0.020 
   9   (0.039) 0.009 0.090 0.011 0.010 
  10   (0.036) 0.010 0.059 0.010 0.009 
  11   (0.064) 0.011 0.037 0.312 0.017 
  12   (0.051) 0.008 0.037 0.050 0.013 
  13   (0.065) 0.011 0.039 0.274 0.017 
  14   (0.038) 0.006 0.007 0.083 0.010 
  15   (0.044) 0.007 0.007 0.012 0.232 
  16   (0.035) 0.006 0.006 0.009 0.120 
  17   (0.039) 0.006 0.007 0.010 0.084 
  18   (0.031) 0.005 0.005 0.008 0.045 
  19   (0.036) 0.006 0.006 0.010 0.120 
  20   (0.038) 0.006 0.006 0.010 0.047 

Locus 99 : locus99 
13 alleles
0.0% missing data
   1   (0.108) 0.140 0.318 0.029 0.064 
   2   (0.123) 0.170 0.034 0.142 0.143 
   3   (0.077) 0.131 0.200 0.021 0.020 
   4   (0.088) 0.167 0.025 0.206 0.023 
   5   (0.094) 0.042 0.016 0.098 0.209 
   6   (0.108) 0.150 0.022 0.102 0.139 
   7   (0.079) 0.090 0.018 0.021 0.206 
   8   (0.082) 0.068 0.071 0.022 0.058 
   9   (0.043) 0.009 0.149 0.012 0.011 
  10   (0.040) 0.007 0.093 0.011 0.011 
  11   (0.035) 0.006 0.034 0.010 0.009 
  12   (0.069) 0.012 0.012 0.275 0.055 
  13   (0.052) 0.009 0.009 0.051 0.051 

Locus 100 : locus100 
18 alleles
0.0% missing data
   1   (0.033) 0.059 0.009 0.009 0.009 
   2   (0.103) 0.148 0.217 0.174 0.027 
   3   (0.068) 0.098 0.011 0.055 0.055 
   4   (0.099) 0.097 0.157 0.063 0.063 
   5   (0.036) 0.119 0.007 0.010 0.009 
   6   (0.078) 0.088 0.023 0.057 0.094 
   7   (0.062) 0.086 0.019 0.017 0.127 
   8   (0.034) 0.091 0.005 0.009 0.009 
   9   (0.032) 0.034 0.005 0.009 0.008 
  10   (0.037) 0.090 0.008 0.010 0.010 
  11   (0.094) 0.026 0.331 0.135 0.060 
  12   (0.098) 0.025 0.143 0.356 0.063 
  13   (0.048) 0.008 0.035 0.013 0.087 
  14   (0.044) 0.008 0.007 0.048 0.049 
  15   (0.034) 0.006 0.006 0.009 0.083 
  16   (0.034) 0.006 0.005 0.009 0.083 
  17   (0.035) 0.006 0.006 0.009 0.120 
  18   (0.030) 0.005 0.005 0.008 0.045 

Values of parameters used in structure:
DATAFILE=parentandhybrid3.str,	OUTFILE=parentandhybrid4Deme_5,	NUMINDS=50,	NUMLOCI=100,	MISSING=0,	LABEL=1,	POPDATA=0,	POPFLAG=0,	PHENOTYPE=0,	EXTRACOLS=0,	MAXPOPS=4,	BURNIN=200000,	NUMREPS=200000,	USEPOPINFO=0,	INFERALPHA=1,	INFERLAMBDA=0,	POPSPECIFICLAMBDA=0,	POPALPHAS=0,	COMPUTEPROB=1,	NOADMIX=0,	ADMBURNIN=500,	UPDATEFREQ=100,	PRINTLIKES=0,	INTERMEDSAVE=0,	PRINTKLD=0,	PRINTNET=1,	PRINTLAMBDA=1,	ANCESTDIST=0,	NUMBOXES=1000,	ANCESTPINT=0.90000,	GENSBACK=2,	MIGRPRIOR=0.01000,	PRINTQHAT=0,	PRINTQSUM=1,	ALPHA=1.0000,	FREQSCORR=1,	FPRIORMEAN=0.0100,	FPRIORSD=0.0500,	ONEFST=0,	LAMBDA=1.0000,	UNIFPRIORALPHA=1,	ALPHAMAX=10.0000,	ALPHAPRIORA=1.0000,	ALPHAPRIORB=2.0000,	ALPHAPROPSD=0.0250,	STARTATPOPINFO=0,	RANDOMIZE=1,	LINKAGE=0,	METROFREQ=10,	REPORTHITRATE=0,	MARKOVPHASE=0,	PHASED=0,	PLOIDY=2,	PHASEINFO=0	LOCPRIOR=0, 	LOCPRIORINIT=1.000000, 	LOCDATA=0, 	LOCISPOP=0, 	LOCPRIORSTEP=0.100000, 	MAXLOCPRIOR=20.000000, 	SEED=1658863746,	
[STRAT parameters]:    NUMSIMSTATS=1000,	PHENOTYPECOL=-9,	POOLFREQ=10,	LOCUSxONLY=0,	EMERROR=0.00100,	MISSINGPHENO=-9,	