

----------------------------------------------------
STRUCTURE by Pritchard, Stephens and Donnelly (2000)
     and Falush, Stephens and Pritchard (2003)
       Code by Pritchard, Falush and Hubisz
             Version 2.3.4 (Jul 2012)
----------------------------------------------------



Command line arguments:   /usr/local/bin/structure -i parentandhybrid3.str -m mainparams.txt -e extraparams.txt -K 4 -o parentandhybrid4Deme_4 
Input File:    parentandhybrid3.str

Run parameters:
   50 individuals
   100 loci
   4 populations assumed
   200000 Burn-in period
   200000 Reps


--------------------------------------------
Overall proportion of membership of the
sample in each of the 4 clusters

Inferred Clusters
  1      2      3      4    
0.200  0.300  0.200  0.300  

--------------------------------------------

Allele-freq. divergence among pops (Net nucleotide distance),
computed using point estimates of P.

      1       2       3       4      
 1      -    0.0979  0.0884  0.0965  
 2   0.0979     -    0.0964  0.1064  
 3   0.0884  0.0964     -    0.0994  
 4   0.0965  0.1064  0.0994     -    

Average distances (expected heterozygosity) between individuals in same cluster:
cluster  1  : 0.8665 
cluster  2  : 0.8471 
cluster  3  : 0.8625 
cluster  4  : 0.8507 

--------------------------------------------
Estimated Ln Prob of Data   = -23252.1
Mean value of ln likelihood = -21657.1
Variance of ln likelihood   = 3189.9
Mean value of alpha         = 0.0283

Mean value of Fst_1         = 0.1202
Mean value of Fst_2         = 0.1441
Mean value of Fst_3         = 0.1235
Mean value of Fst_4         = 0.1409


Inferred ancestry of individuals:
        Label (%Miss) :  Inferred clusters
  1       01    (0)   :  0.001 0.000 0.000 0.999 
  2       02    (0)   :  0.001 0.000 0.001 0.998 
  3       03    (0)   :  0.000 0.000 0.001 0.999 
  4       04    (0)   :  0.000 0.000 0.000 0.999 
  5       05    (0)   :  0.001 0.001 0.000 0.998 
  6       06    (0)   :  0.000 0.000 0.000 0.999 
  7       07    (0)   :  0.001 0.000 0.000 0.999 
  8       08    (0)   :  0.001 0.000 0.001 0.998 
  9       09    (0)   :  0.000 0.000 0.001 0.998 
 10       10    (0)   :  0.001 0.000 0.001 0.998 
 11       11    (0)   :  0.000 0.999 0.000 0.000 
 12       12    (0)   :  0.000 0.999 0.001 0.000 
 13       13    (0)   :  0.005 0.993 0.002 0.000 
 14       14    (0)   :  0.001 0.999 0.000 0.000 
 15       15    (0)   :  0.000 0.999 0.000 0.000 
 16       16    (0)   :  0.000 0.999 0.001 0.000 
 17       17    (0)   :  0.001 0.994 0.005 0.000 
 18       18    (0)   :  0.001 0.998 0.001 0.000 
 19       19    (0)   :  0.000 0.998 0.001 0.000 
 20       20    (0)   :  0.000 0.999 0.000 0.000 
 21      h01    (0)   :  0.000 0.518 0.000 0.482 
 22      h02    (0)   :  0.000 0.508 0.000 0.492 
 23      h03    (0)   :  0.000 0.450 0.000 0.550 
 24      h04    (0)   :  0.000 0.497 0.000 0.503 
 25      h05    (0)   :  0.000 0.494 0.000 0.506 
 26      h06    (0)   :  0.000 0.517 0.000 0.482 
 27      h07    (0)   :  0.000 0.500 0.000 0.499 
 28      h08    (0)   :  0.000 0.513 0.000 0.487 
 29      h09    (0)   :  0.000 0.474 0.000 0.525 
 30      h10    (0)   :  0.000 0.522 0.000 0.478 
 31       21    (0)   :  0.999 0.000 0.000 0.000 
 32       22    (0)   :  0.999 0.000 0.000 0.001 
 33       23    (0)   :  0.997 0.001 0.002 0.001 
 34       24    (0)   :  0.999 0.001 0.000 0.000 
 35       25    (0)   :  0.999 0.000 0.000 0.000 
 36       26    (0)   :  0.999 0.000 0.000 0.000 
 37       27    (0)   :  0.999 0.000 0.000 0.000 
 38       28    (0)   :  0.999 0.000 0.001 0.000 
 39       29    (0)   :  0.999 0.000 0.000 0.000 
 40       30    (0)   :  0.999 0.000 0.000 0.001 
 41       31    (0)   :  0.001 0.000 0.999 0.000 
 42       32    (0)   :  0.001 0.003 0.996 0.001 
 43       33    (0)   :  0.000 0.001 0.999 0.000 
 44       34    (0)   :  0.000 0.000 0.999 0.001 
 45       35    (0)   :  0.001 0.000 0.998 0.001 
 46       36    (0)   :  0.000 0.000 0.999 0.000 
 47       37    (0)   :  0.000 0.001 0.999 0.000 
 48       38    (0)   :  0.001 0.000 0.998 0.001 
 49       39    (0)   :  0.001 0.000 0.999 0.000 
 50       40    (0)   :  0.000 0.000 0.999 0.000 


Estimated Allele Frequencies in each cluster
First column gives estimated ancestral frequencies


Locus 1 : locus1 
20 alleles
0.0% missing data
   1   (0.038) 0.010 0.011 0.010 0.113 
   2   (0.057) 0.051 0.014 0.015 0.229 
   3   (0.065) 0.127 0.013 0.017 0.149 
   4   (0.048) 0.013 0.008 0.049 0.064 
   5   (0.033) 0.009 0.007 0.009 0.088 
   6   (0.029) 0.008 0.005 0.008 0.033 
   7   (0.035) 0.009 0.009 0.009 0.058 
   8   (0.032) 0.009 0.005 0.008 0.061 
   9   (0.069) 0.165 0.023 0.018 0.083 
  10   (0.056) 0.015 0.228 0.051 0.012 
  11   (0.071) 0.056 0.095 0.093 0.012 
  12   (0.074) 0.057 0.061 0.093 0.019 
  13   (0.084) 0.059 0.362 0.059 0.024 
  14   (0.033) 0.009 0.086 0.009 0.008 
  15   (0.085) 0.133 0.041 0.244 0.015 
  16   (0.035) 0.119 0.006 0.009 0.006 
  17   (0.034) 0.082 0.006 0.009 0.006 
  18   (0.052) 0.051 0.009 0.087 0.009 
  19   (0.037) 0.010 0.006 0.120 0.006 
  20   (0.033) 0.009 0.005 0.082 0.006 

Locus 2 : locus2 
23 alleles
0.0% missing data
   1   (0.067) 0.018 0.238 0.018 0.120 
   2   (0.045) 0.012 0.012 0.012 0.276 
   3   (0.063) 0.017 0.093 0.017 0.095 
   4   (0.070) 0.019 0.200 0.018 0.182 
   5   (0.058) 0.016 0.112 0.015 0.075 
   6   (0.056) 0.015 0.038 0.015 0.064 
   7   (0.040) 0.011 0.011 0.010 0.057 
   8   (0.034) 0.009 0.006 0.009 0.033 
   9   (0.039) 0.010 0.203 0.010 0.008 
  10   (0.059) 0.162 0.010 0.089 0.010 
  11   (0.026) 0.043 0.004 0.007 0.004 
  12   (0.031) 0.081 0.005 0.008 0.005 
  13   (0.035) 0.156 0.006 0.009 0.006 
  14   (0.036) 0.083 0.006 0.009 0.006 
  15   (0.032) 0.082 0.005 0.008 0.005 
  16   (0.034) 0.082 0.006 0.009 0.006 
  17   (0.034) 0.046 0.006 0.009 0.006 
  18   (0.056) 0.088 0.009 0.088 0.009 
  19   (0.037) 0.010 0.006 0.121 0.006 
  20   (0.039) 0.011 0.007 0.195 0.007 
  21   (0.044) 0.012 0.008 0.233 0.007 
  22   (0.033) 0.009 0.006 0.046 0.006 
  23   (0.033) 0.009 0.006 0.045 0.006 

Locus 3 : locus3 
23 alleles
0.0% missing data
   1   (0.048) 0.013 0.010 0.013 0.370 
   2   (0.075) 0.093 0.020 0.020 0.256 
   3   (0.057) 0.015 0.012 0.052 0.091 
   4   (0.064) 0.090 0.016 0.017 0.061 
   5   (0.056) 0.015 0.015 0.051 0.060 
   6   (0.056) 0.015 0.009 0.163 0.037 
   7   (0.036) 0.010 0.089 0.010 0.006 
   8   (0.031) 0.008 0.033 0.008 0.005 
   9   (0.047) 0.013 0.335 0.012 0.012 
  10   (0.044) 0.012 0.142 0.012 0.011 
  11   (0.044) 0.012 0.192 0.012 0.015 
  12   (0.037) 0.010 0.034 0.010 0.006 
  13   (0.036) 0.010 0.033 0.009 0.006 
  14   (0.032) 0.045 0.005 0.008 0.005 
  15   (0.046) 0.341 0.008 0.012 0.008 
  16   (0.041) 0.121 0.007 0.011 0.007 
  17   (0.036) 0.083 0.006 0.009 0.006 
  18   (0.034) 0.046 0.006 0.009 0.006 
  19   (0.036) 0.010 0.006 0.120 0.006 
  20   (0.033) 0.009 0.006 0.045 0.006 
  21   (0.042) 0.011 0.007 0.269 0.007 
  22   (0.033) 0.009 0.005 0.082 0.006 
  23   (0.034) 0.009 0.006 0.046 0.006 

Locus 4 : locus4 
22 alleles
0.0% missing data
   1   (0.078) 0.167 0.019 0.021 0.146 
   2   (0.042) 0.011 0.009 0.011 0.200 
   3   (0.060) 0.052 0.010 0.016 0.094 
   4   (0.049) 0.013 0.014 0.013 0.224 
   5   (0.035) 0.009 0.006 0.009 0.034 
   6   (0.067) 0.347 0.011 0.018 0.039 
   7   (0.075) 0.130 0.018 0.020 0.146 
   8   (0.051) 0.014 0.280 0.013 0.014 
   9   (0.047) 0.013 0.281 0.012 0.011 
  10   (0.042) 0.011 0.116 0.011 0.009 
  11   (0.065) 0.017 0.144 0.054 0.016 
  12   (0.030) 0.008 0.033 0.008 0.005 
  13   (0.034) 0.082 0.006 0.009 0.006 
  14   (0.033) 0.045 0.005 0.009 0.006 
  15   (0.036) 0.010 0.006 0.046 0.006 
  16   (0.043) 0.011 0.007 0.269 0.007 
  17   (0.035) 0.009 0.006 0.046 0.006 
  18   (0.033) 0.009 0.005 0.082 0.006 
  19   (0.038) 0.010 0.006 0.121 0.007 
  20   (0.036) 0.010 0.006 0.083 0.006 
  21   (0.035) 0.009 0.006 0.046 0.006 
  22   (0.038) 0.010 0.006 0.084 0.006 

Locus 5 : locus5 
11 alleles
0.0% missing data
   1   (0.108) 0.139 0.028 0.065 0.201 
   2   (0.089) 0.024 0.251 0.024 0.196 
   3   (0.198) 0.163 0.243 0.200 0.320 
   4   (0.130) 0.108 0.208 0.108 0.061 
   5   (0.083) 0.095 0.014 0.059 0.069 
   6   (0.065) 0.017 0.146 0.017 0.044 
   7   (0.086) 0.206 0.042 0.023 0.041 
   8   (0.036) 0.010 0.006 0.009 0.033 
   9   (0.069) 0.019 0.040 0.277 0.012 
  10   (0.068) 0.091 0.011 0.128 0.011 
  11   (0.067) 0.128 0.011 0.091 0.011 

Locus 6 : locus6 
23 alleles
0.0% missing data
   1   (0.066) 0.054 0.016 0.017 0.360 
   2   (0.070) 0.055 0.019 0.018 0.330 
   3   (0.045) 0.049 0.008 0.012 0.035 
   4   (0.034) 0.009 0.006 0.009 0.060 
   5   (0.032) 0.009 0.009 0.009 0.056 
   6   (0.033) 0.009 0.062 0.009 0.005 
   7   (0.038) 0.010 0.203 0.010 0.008 
   8   (0.036) 0.010 0.089 0.009 0.008 
   9   (0.057) 0.052 0.084 0.015 0.019 
  10   (0.040) 0.011 0.148 0.011 0.008 
  11   (0.063) 0.090 0.117 0.017 0.017 
  12   (0.032) 0.009 0.034 0.009 0.005 
  13   (0.067) 0.311 0.068 0.018 0.011 
  14   (0.065) 0.091 0.083 0.017 0.022 
  15   (0.037) 0.119 0.006 0.010 0.006 
  16   (0.034) 0.046 0.006 0.009 0.006 
  17   (0.041) 0.011 0.007 0.158 0.007 
  18   (0.040) 0.011 0.007 0.232 0.007 
  19   (0.039) 0.010 0.007 0.194 0.006 
  20   (0.035) 0.010 0.006 0.083 0.006 
  21   (0.029) 0.008 0.005 0.045 0.005 
  22   (0.031) 0.008 0.005 0.045 0.005 
  23   (0.033) 0.009 0.006 0.046 0.005 

Locus 7 : locus7 
22 alleles
0.0% missing data
   1   (0.056) 0.015 0.015 0.015 0.442 
   2   (0.047) 0.013 0.010 0.013 0.225 
   3   (0.042) 0.011 0.010 0.011 0.087 
   4   (0.038) 0.010 0.006 0.010 0.088 
   5   (0.037) 0.010 0.062 0.010 0.006 
   6   (0.035) 0.009 0.062 0.009 0.006 
   7   (0.045) 0.012 0.253 0.012 0.014 
   8   (0.044) 0.012 0.118 0.012 0.009 
   9   (0.045) 0.012 0.230 0.012 0.010 
  10   (0.040) 0.011 0.058 0.010 0.011 
  11   (0.063) 0.090 0.061 0.017 0.016 
  12   (0.053) 0.051 0.037 0.014 0.009 
  13   (0.065) 0.054 0.011 0.275 0.011 
  14   (0.038) 0.084 0.006 0.010 0.006 
  15   (0.075) 0.240 0.013 0.093 0.013 
  16   (0.060) 0.052 0.010 0.201 0.010 
  17   (0.032) 0.082 0.006 0.008 0.005 
  18   (0.036) 0.119 0.006 0.009 0.006 
  19   (0.035) 0.046 0.006 0.009 0.006 
  20   (0.035) 0.046 0.006 0.009 0.006 
  21   (0.041) 0.011 0.007 0.158 0.007 
  22   (0.038) 0.010 0.006 0.084 0.006 

Locus 8 : locus8 
18 alleles
0.0% missing data
   1   (0.044) 0.012 0.009 0.012 0.145 
   2   (0.063) 0.017 0.011 0.202 0.038 
   3   (0.125) 0.106 0.029 0.291 0.151 
   4   (0.089) 0.024 0.023 0.133 0.339 
   5   (0.059) 0.016 0.083 0.016 0.048 
   6   (0.071) 0.019 0.016 0.166 0.091 
   7   (0.060) 0.016 0.082 0.016 0.049 
   8   (0.057) 0.015 0.082 0.015 0.048 
   9   (0.048) 0.013 0.310 0.012 0.012 
  10   (0.045) 0.012 0.082 0.012 0.016 
  11   (0.048) 0.013 0.174 0.013 0.009 
  12   (0.041) 0.011 0.058 0.011 0.011 
  13   (0.044) 0.195 0.007 0.012 0.008 
  14   (0.057) 0.089 0.009 0.052 0.010 
  15   (0.043) 0.121 0.007 0.011 0.007 
  16   (0.041) 0.231 0.007 0.011 0.007 
  17   (0.033) 0.045 0.006 0.009 0.006 
  18   (0.033) 0.045 0.005 0.009 0.006 

Locus 9 : locus9 
18 alleles
0.0% missing data
   1   (0.066) 0.091 0.015 0.017 0.174 
   2   (0.104) 0.028 0.118 0.101 0.222 
   3   (0.060) 0.053 0.016 0.016 0.115 
   4   (0.040) 0.011 0.007 0.011 0.090 
   5   (0.068) 0.055 0.022 0.018 0.196 
   6   (0.057) 0.089 0.009 0.015 0.037 
   7   (0.070) 0.165 0.017 0.018 0.061 
   8   (0.047) 0.013 0.252 0.012 0.013 
   9   (0.057) 0.015 0.037 0.126 0.010 
  10   (0.064) 0.017 0.093 0.091 0.011 
  11   (0.080) 0.022 0.310 0.094 0.022 
  12   (0.076) 0.020 0.068 0.389 0.013 
  13   (0.044) 0.195 0.007 0.012 0.008 
  14   (0.036) 0.083 0.006 0.010 0.006 
  15   (0.034) 0.045 0.006 0.009 0.006 
  16   (0.032) 0.045 0.005 0.008 0.006 
  17   (0.031) 0.045 0.005 0.008 0.005 
  18   (0.033) 0.009 0.005 0.045 0.006 

Locus 10 : locus10 
17 alleles
0.0% missing data
   1   (0.045) 0.012 0.010 0.012 0.225 
   2   (0.058) 0.016 0.010 0.089 0.037 
   3   (0.086) 0.023 0.021 0.170 0.227 
   4   (0.086) 0.023 0.023 0.133 0.253 
   5   (0.068) 0.018 0.011 0.350 0.038 
   6   (0.041) 0.011 0.012 0.011 0.057 
   7   (0.056) 0.015 0.009 0.089 0.037 
   8   (0.084) 0.132 0.232 0.022 0.021 
   9   (0.065) 0.091 0.096 0.017 0.011 
  10   (0.043) 0.011 0.118 0.011 0.009 
  11   (0.036) 0.010 0.034 0.009 0.006 
  12   (0.088) 0.170 0.233 0.023 0.021 
  13   (0.075) 0.093 0.106 0.020 0.030 
  14   (0.056) 0.051 0.066 0.015 0.009 
  15   (0.042) 0.194 0.007 0.011 0.007 
  16   (0.037) 0.083 0.006 0.010 0.006 
  17   (0.036) 0.046 0.006 0.009 0.006 

Locus 11 : locus11 
21 alleles
0.0% missing data
   1   (0.047) 0.013 0.010 0.012 0.225 
   2   (0.049) 0.013 0.015 0.013 0.221 
   3   (0.040) 0.011 0.012 0.010 0.167 
   4   (0.033) 0.009 0.006 0.009 0.033 
   5   (0.031) 0.008 0.005 0.008 0.060 
   6   (0.038) 0.010 0.008 0.010 0.143 
   7   (0.070) 0.019 0.150 0.129 0.014 
   8   (0.109) 0.065 0.180 0.361 0.025 
   9   (0.045) 0.012 0.255 0.012 0.012 
  10   (0.066) 0.091 0.120 0.017 0.014 
  11   (0.066) 0.127 0.117 0.017 0.017 
  12   (0.061) 0.126 0.038 0.016 0.010 
  13   (0.056) 0.088 0.037 0.015 0.009 
  14   (0.043) 0.195 0.007 0.011 0.007 
  15   (0.036) 0.083 0.006 0.009 0.006 
  16   (0.036) 0.046 0.006 0.009 0.006 
  17   (0.033) 0.045 0.006 0.009 0.006 
  18   (0.038) 0.010 0.006 0.084 0.006 
  19   (0.036) 0.010 0.006 0.083 0.006 
  20   (0.036) 0.010 0.006 0.120 0.006 
  21   (0.033) 0.009 0.006 0.045 0.005 

Locus 12 : locus12 
15 alleles
0.0% missing data
   1   (0.044) 0.012 0.014 0.012 0.162 
   2   (0.126) 0.143 0.105 0.107 0.130 
   3   (0.040) 0.011 0.008 0.011 0.140 
   4   (0.036) 0.010 0.010 0.010 0.056 
   5   (0.072) 0.019 0.105 0.019 0.300 
   6   (0.130) 0.144 0.128 0.256 0.057 
   7   (0.104) 0.211 0.026 0.175 0.063 
   8   (0.051) 0.014 0.067 0.050 0.008 
   9   (0.037) 0.010 0.060 0.010 0.010 
  10   (0.032) 0.009 0.034 0.008 0.005 
  11   (0.065) 0.054 0.040 0.054 0.011 
  12   (0.101) 0.211 0.122 0.100 0.025 
  13   (0.094) 0.061 0.269 0.135 0.021 
  14   (0.036) 0.083 0.006 0.010 0.006 
  15   (0.031) 0.008 0.005 0.045 0.005 

Locus 13 : locus13 
18 alleles
0.0% missing data
   1   (0.068) 0.018 0.163 0.018 0.109 
   2   (0.097) 0.172 0.056 0.026 0.196 
   3   (0.070) 0.019 0.139 0.018 0.134 
   4   (0.042) 0.011 0.009 0.011 0.115 
   5   (0.065) 0.017 0.077 0.017 0.192 
   6   (0.085) 0.059 0.127 0.022 0.124 
   7   (0.033) 0.009 0.006 0.009 0.033 
   8   (0.059) 0.052 0.149 0.016 0.012 
   9   (0.062) 0.017 0.120 0.090 0.013 
  10   (0.041) 0.011 0.089 0.011 0.009 
  11   (0.060) 0.163 0.010 0.052 0.010 
  12   (0.037) 0.120 0.006 0.010 0.006 
  13   (0.051) 0.050 0.009 0.124 0.009 
  14   (0.076) 0.130 0.013 0.388 0.013 
  15   (0.058) 0.089 0.010 0.089 0.010 
  16   (0.033) 0.045 0.006 0.009 0.006 
  17   (0.033) 0.009 0.006 0.045 0.006 
  18   (0.032) 0.009 0.005 0.045 0.005 

Locus 14 : locus14 
16 alleles
0.0% missing data
   1   (0.098) 0.026 0.028 0.284 0.170 
   2   (0.079) 0.094 0.018 0.021 0.202 
   3   (0.064) 0.017 0.013 0.054 0.119 
   4   (0.087) 0.060 0.017 0.060 0.122 
   5   (0.077) 0.021 0.272 0.020 0.060 
   6   (0.084) 0.023 0.018 0.317 0.092 
   7   (0.050) 0.014 0.013 0.013 0.142 
   8   (0.073) 0.093 0.152 0.019 0.012 
   9   (0.049) 0.013 0.202 0.013 0.011 
  10   (0.058) 0.089 0.038 0.015 0.010 
  11   (0.075) 0.056 0.195 0.020 0.025 
  12   (0.046) 0.159 0.008 0.012 0.008 
  13   (0.036) 0.046 0.006 0.010 0.006 
  14   (0.047) 0.232 0.008 0.012 0.008 
  15   (0.035) 0.046 0.006 0.009 0.006 
  16   (0.041) 0.011 0.007 0.122 0.007 

Locus 15 : locus15 
22 alleles
0.0% missing data
   1   (0.046) 0.012 0.013 0.012 0.414 
   2   (0.038) 0.010 0.009 0.010 0.086 
   3   (0.068) 0.055 0.011 0.055 0.066 
   4   (0.060) 0.053 0.013 0.016 0.117 
   5   (0.036) 0.010 0.006 0.009 0.061 
   6   (0.037) 0.010 0.009 0.010 0.086 
   7   (0.036) 0.010 0.006 0.009 0.033 
   8   (0.042) 0.011 0.228 0.011 0.011 
   9   (0.066) 0.018 0.092 0.165 0.015 
  10   (0.075) 0.020 0.232 0.130 0.018 
  11   (0.040) 0.011 0.059 0.011 0.011 
  12   (0.064) 0.017 0.149 0.090 0.013 
  13   (0.070) 0.019 0.091 0.277 0.015 
  14   (0.035) 0.009 0.034 0.009 0.006 
  15   (0.034) 0.119 0.006 0.009 0.006 
  16   (0.040) 0.266 0.007 0.010 0.007 
  17   (0.038) 0.120 0.006 0.010 0.006 
  18   (0.035) 0.046 0.006 0.009 0.006 
  19   (0.035) 0.119 0.006 0.009 0.006 
  20   (0.035) 0.046 0.006 0.009 0.006 
  21   (0.031) 0.008 0.005 0.045 0.005 
  22   (0.040) 0.011 0.007 0.084 0.007 

Locus 16 : locus16 
21 alleles
0.0% missing data
   1   (0.100) 0.137 0.055 0.026 0.285 
   2   (0.038) 0.010 0.009 0.010 0.088 
   3   (0.034) 0.009 0.006 0.009 0.062 
   4   (0.100) 0.063 0.160 0.026 0.262 
   5   (0.040) 0.011 0.009 0.011 0.117 
   6   (0.068) 0.127 0.017 0.018 0.062 
   7   (0.045) 0.012 0.141 0.012 0.012 
   8   (0.038) 0.010 0.058 0.010 0.010 
   9   (0.041) 0.011 0.081 0.011 0.015 
  10   (0.044) 0.012 0.281 0.012 0.010 
  11   (0.030) 0.008 0.033 0.008 0.005 
  12   (0.033) 0.009 0.061 0.009 0.006 
  13   (0.035) 0.009 0.033 0.009 0.006 
  14   (0.040) 0.157 0.007 0.011 0.007 
  15   (0.076) 0.277 0.012 0.131 0.013 
  16   (0.036) 0.046 0.006 0.009 0.006 
  17   (0.048) 0.050 0.008 0.049 0.008 
  18   (0.036) 0.010 0.006 0.083 0.006 
  19   (0.045) 0.012 0.007 0.270 0.008 
  20   (0.033) 0.009 0.005 0.082 0.006 
  21   (0.040) 0.011 0.007 0.195 0.007 

Locus 17 : locus17 
22 alleles
0.0% missing data
   1   (0.035) 0.010 0.008 0.009 0.170 
   2   (0.034) 0.009 0.010 0.009 0.057 
   3   (0.037) 0.010 0.008 0.010 0.115 
   4   (0.076) 0.020 0.017 0.278 0.174 
   5   (0.064) 0.017 0.015 0.090 0.172 
   6   (0.055) 0.015 0.011 0.088 0.117 
   7   (0.057) 0.015 0.015 0.163 0.059 
   8   (0.032) 0.009 0.061 0.008 0.005 
   9   (0.066) 0.127 0.114 0.017 0.019 
  10   (0.060) 0.089 0.119 0.016 0.012 
  11   (0.042) 0.011 0.143 0.011 0.011 
  12   (0.038) 0.010 0.088 0.010 0.009 
  13   (0.061) 0.090 0.145 0.016 0.015 
  14   (0.063) 0.127 0.115 0.017 0.017 
  15   (0.033) 0.009 0.061 0.009 0.006 
  16   (0.048) 0.049 0.036 0.013 0.008 
  17   (0.032) 0.155 0.005 0.009 0.005 
  18   (0.034) 0.082 0.006 0.009 0.006 
  19   (0.033) 0.082 0.006 0.009 0.006 
  20   (0.029) 0.044 0.005 0.008 0.005 
  21   (0.032) 0.009 0.005 0.082 0.005 
  22   (0.038) 0.010 0.006 0.120 0.007 

Locus 18 : locus18 
16 alleles
0.0% missing data
   1   (0.102) 0.247 0.054 0.027 0.092 
   2   (0.120) 0.032 0.360 0.068 0.204 
   3   (0.076) 0.167 0.012 0.020 0.127 
   4   (0.103) 0.064 0.105 0.027 0.237 
   5   (0.077) 0.021 0.236 0.020 0.093 
   6   (0.083) 0.022 0.059 0.059 0.108 
   7   (0.069) 0.019 0.114 0.018 0.074 
   8   (0.044) 0.121 0.007 0.012 0.008 
   9   (0.040) 0.084 0.007 0.010 0.007 
  10   (0.043) 0.158 0.007 0.011 0.007 
  11   (0.049) 0.013 0.008 0.308 0.009 
  12   (0.041) 0.011 0.007 0.121 0.007 
  13   (0.040) 0.011 0.007 0.121 0.007 
  14   (0.035) 0.009 0.006 0.046 0.006 
  15   (0.041) 0.011 0.007 0.084 0.007 
  16   (0.037) 0.010 0.006 0.047 0.006 

Locus 19 : locus19 
14 alleles
0.0% missing data
   1   (0.049) 0.013 0.013 0.013 0.222 
   2   (0.045) 0.012 0.012 0.012 0.140 
   3   (0.042) 0.011 0.009 0.011 0.114 
   4   (0.072) 0.019 0.111 0.019 0.107 
   5   (0.123) 0.327 0.048 0.107 0.048 
   6   (0.149) 0.113 0.301 0.187 0.060 
   7   (0.045) 0.012 0.013 0.012 0.111 
   8   (0.045) 0.012 0.009 0.012 0.115 
   9   (0.048) 0.013 0.200 0.013 0.015 
  10   (0.142) 0.147 0.216 0.332 0.030 
  11   (0.082) 0.168 0.042 0.058 0.014 
  12   (0.053) 0.051 0.009 0.051 0.009 
  13   (0.068) 0.091 0.012 0.128 0.011 
  14   (0.036) 0.010 0.006 0.046 0.006 

Locus 20 : locus20 
20 alleles
0.0% missing data
   1   (0.044) 0.012 0.007 0.012 0.121 
   2   (0.054) 0.015 0.013 0.014 0.346 
   3   (0.078) 0.021 0.126 0.021 0.094 
   4   (0.053) 0.014 0.011 0.014 0.235 
   5   (0.078) 0.021 0.262 0.020 0.064 
   6   (0.057) 0.015 0.140 0.015 0.015 
   7   (0.040) 0.011 0.088 0.011 0.007 
   8   (0.054) 0.014 0.164 0.014 0.017 
   9   (0.052) 0.014 0.110 0.014 0.016 
  10   (0.045) 0.158 0.007 0.012 0.008 
  11   (0.050) 0.269 0.008 0.013 0.009 
  12   (0.042) 0.084 0.007 0.011 0.007 
  13   (0.053) 0.197 0.009 0.014 0.009 
  14   (0.040) 0.047 0.006 0.010 0.007 
  15   (0.040) 0.047 0.006 0.010 0.007 
  16   (0.048) 0.013 0.008 0.197 0.008 
  17   (0.041) 0.011 0.007 0.121 0.007 
  18   (0.051) 0.014 0.008 0.197 0.009 
  19   (0.047) 0.013 0.008 0.233 0.008 
  20   (0.035) 0.009 0.006 0.046 0.006 

Locus 21 : locus21 
20 alleles
0.0% missing data
   1   (0.065) 0.054 0.015 0.017 0.254 
   2   (0.056) 0.015 0.015 0.052 0.059 
   3   (0.041) 0.011 0.011 0.011 0.141 
   4   (0.091) 0.170 0.022 0.024 0.283 
   5   (0.053) 0.014 0.009 0.051 0.064 
   6   (0.058) 0.089 0.010 0.015 0.065 
   7   (0.074) 0.020 0.318 0.056 0.016 
   8   (0.034) 0.009 0.058 0.009 0.009 
   9   (0.083) 0.022 0.171 0.206 0.024 
  10   (0.035) 0.009 0.034 0.009 0.006 
  11   (0.036) 0.009 0.062 0.009 0.006 
  12   (0.069) 0.018 0.115 0.129 0.019 
  13   (0.032) 0.009 0.033 0.009 0.005 
  14   (0.042) 0.011 0.088 0.011 0.009 
  15   (0.038) 0.120 0.006 0.010 0.006 
  16   (0.036) 0.083 0.006 0.009 0.006 
  17   (0.039) 0.157 0.007 0.010 0.007 
  18   (0.041) 0.157 0.007 0.011 0.007 
  19   (0.042) 0.011 0.007 0.269 0.007 
  20   (0.037) 0.010 0.006 0.084 0.006 

Locus 22 : locus22 
21 alleles
0.0% missing data
   1   (0.043) 0.012 0.009 0.011 0.117 
   2   (0.044) 0.012 0.009 0.012 0.145 
   3   (0.037) 0.010 0.006 0.010 0.062 
   4   (0.050) 0.014 0.013 0.013 0.198 
   5   (0.044) 0.012 0.013 0.012 0.112 
   6   (0.046) 0.012 0.016 0.012 0.138 
   7   (0.040) 0.011 0.007 0.010 0.090 
   8   (0.047) 0.013 0.312 0.012 0.010 
   9   (0.066) 0.018 0.200 0.053 0.017 
  10   (0.049) 0.013 0.142 0.013 0.013 
  11   (0.057) 0.016 0.037 0.052 0.010 
  12   (0.036) 0.010 0.033 0.010 0.006 
  13   (0.085) 0.023 0.117 0.280 0.022 
  14   (0.036) 0.010 0.034 0.010 0.006 
  15   (0.051) 0.269 0.008 0.013 0.009 
  16   (0.043) 0.121 0.007 0.011 0.007 
  17   (0.050) 0.196 0.008 0.013 0.008 
  18   (0.048) 0.196 0.008 0.013 0.008 
  19   (0.048) 0.013 0.008 0.271 0.008 
  20   (0.043) 0.011 0.007 0.122 0.007 
  21   (0.038) 0.010 0.006 0.047 0.006 

Locus 23 : locus23 
19 alleles
0.0% missing data
   1   (0.045) 0.012 0.010 0.012 0.197 
   2   (0.046) 0.012 0.013 0.012 0.195 
   3   (0.044) 0.012 0.010 0.011 0.087 
   4   (0.038) 0.010 0.009 0.010 0.086 
   5   (0.050) 0.013 0.012 0.013 0.252 
   6   (0.034) 0.009 0.006 0.009 0.033 
   7   (0.054) 0.014 0.288 0.014 0.012 
   8   (0.076) 0.020 0.118 0.131 0.020 
   9   (0.099) 0.174 0.043 0.173 0.017 
  10   (0.071) 0.092 0.117 0.018 0.019 
  11   (0.073) 0.092 0.093 0.019 0.016 
  12   (0.056) 0.015 0.066 0.052 0.009 
  13   (0.044) 0.012 0.144 0.012 0.011 
  14   (0.066) 0.018 0.039 0.239 0.011 
  15   (0.047) 0.159 0.008 0.012 0.008 
  16   (0.044) 0.267 0.007 0.012 0.007 
  17   (0.033) 0.045 0.006 0.009 0.006 
  18   (0.046) 0.012 0.008 0.196 0.008 
  19   (0.034) 0.009 0.006 0.046 0.006 

Locus 24 : locus24 
22 alleles
0.0% missing data
   1   (0.056) 0.015 0.107 0.015 0.106 
   2   (0.085) 0.059 0.129 0.022 0.232 
   3   (0.057) 0.015 0.095 0.015 0.173 
   4   (0.052) 0.014 0.045 0.014 0.111 
   5   (0.057) 0.125 0.012 0.015 0.089 
   6   (0.056) 0.088 0.019 0.015 0.083 
   7   (0.078) 0.057 0.230 0.021 0.102 
   8   (0.048) 0.049 0.089 0.013 0.011 
   9   (0.055) 0.088 0.090 0.014 0.012 
  10   (0.049) 0.050 0.090 0.013 0.011 
  11   (0.028) 0.008 0.033 0.007 0.005 
  12   (0.034) 0.082 0.006 0.009 0.006 
  13   (0.036) 0.119 0.006 0.010 0.006 
  14   (0.053) 0.087 0.009 0.124 0.009 
  15   (0.030) 0.081 0.005 0.008 0.005 
  16   (0.035) 0.009 0.006 0.120 0.006 
  17   (0.036) 0.010 0.006 0.157 0.006 
  18   (0.035) 0.009 0.006 0.157 0.006 
  19   (0.034) 0.009 0.006 0.120 0.006 
  20   (0.029) 0.008 0.005 0.044 0.005 
  21   (0.026) 0.007 0.004 0.043 0.004 
  22   (0.031) 0.008 0.005 0.045 0.005 

Locus 25 : locus25 
21 alleles
0.0% missing data
   1   (0.065) 0.054 0.014 0.054 0.176 
   2   (0.083) 0.096 0.014 0.243 0.070 
   3   (0.056) 0.051 0.016 0.015 0.171 
   4   (0.064) 0.054 0.010 0.091 0.067 
   5   (0.094) 0.171 0.024 0.173 0.119 
   6   (0.057) 0.125 0.013 0.015 0.090 
   7   (0.028) 0.008 0.005 0.007 0.033 
   8   (0.041) 0.048 0.007 0.011 0.035 
   9   (0.056) 0.051 0.014 0.015 0.145 
  10   (0.066) 0.018 0.282 0.165 0.016 
  11   (0.033) 0.009 0.167 0.009 0.010 
  12   (0.029) 0.008 0.032 0.008 0.005 
  13   (0.028) 0.008 0.032 0.008 0.005 
  14   (0.034) 0.009 0.086 0.009 0.008 
  15   (0.060) 0.053 0.037 0.090 0.010 
  16   (0.036) 0.010 0.112 0.010 0.010 
  17   (0.029) 0.008 0.032 0.008 0.005 
  18   (0.035) 0.009 0.086 0.009 0.008 
  19   (0.030) 0.081 0.005 0.008 0.005 
  20   (0.045) 0.085 0.007 0.048 0.008 
  21   (0.029) 0.044 0.005 0.008 0.005 

Locus 26 : locus26 
23 alleles
0.0% missing data
   1   (0.044) 0.012 0.011 0.011 0.309 
   2   (0.040) 0.011 0.008 0.010 0.116 
   3   (0.046) 0.012 0.013 0.012 0.196 
   4   (0.032) 0.009 0.005 0.008 0.033 
   5   (0.042) 0.011 0.010 0.011 0.170 
   6   (0.033) 0.009 0.005 0.009 0.033 
   7   (0.053) 0.014 0.365 0.014 0.015 
   8   (0.072) 0.019 0.175 0.093 0.017 
   9   (0.033) 0.009 0.033 0.009 0.006 
  10   (0.051) 0.014 0.036 0.124 0.009 
  11   (0.043) 0.011 0.172 0.011 0.010 
  12   (0.086) 0.170 0.041 0.097 0.015 
  13   (0.071) 0.056 0.039 0.093 0.012 
  14   (0.034) 0.009 0.034 0.009 0.006 
  15   (0.043) 0.158 0.007 0.011 0.007 
  16   (0.034) 0.046 0.006 0.009 0.006 
  17   (0.034) 0.082 0.006 0.009 0.006 
  18   (0.040) 0.193 0.007 0.010 0.007 
  19   (0.034) 0.082 0.006 0.009 0.006 
  20   (0.034) 0.046 0.006 0.009 0.006 
  21   (0.042) 0.011 0.007 0.342 0.007 
  22   (0.031) 0.008 0.005 0.045 0.005 
  23   (0.029) 0.008 0.005 0.044 0.005 

Locus 27 : locus27 
21 alleles
0.0% missing data
   1   (0.058) 0.198 0.013 0.015 0.090 
   2   (0.033) 0.009 0.008 0.009 0.088 
   3   (0.028) 0.008 0.005 0.008 0.033 
   4   (0.044) 0.048 0.007 0.012 0.064 
   5   (0.031) 0.008 0.008 0.008 0.058 
   6   (0.046) 0.049 0.012 0.012 0.060 
   7   (0.056) 0.015 0.012 0.125 0.090 
   8   (0.059) 0.125 0.015 0.016 0.145 
   9   (0.029) 0.008 0.005 0.008 0.061 
  10   (0.037) 0.010 0.011 0.010 0.114 
  11   (0.092) 0.098 0.070 0.135 0.044 
  12   (0.050) 0.013 0.098 0.013 0.057 
  13   (0.101) 0.137 0.283 0.174 0.026 
  14   (0.056) 0.015 0.118 0.125 0.012 
  15   (0.027) 0.008 0.032 0.007 0.005 
  16   (0.035) 0.009 0.086 0.009 0.009 
  17   (0.076) 0.093 0.144 0.094 0.019 
  18   (0.030) 0.008 0.057 0.008 0.009 
  19   (0.030) 0.044 0.005 0.008 0.005 
  20   (0.049) 0.087 0.008 0.086 0.009 
  21   (0.033) 0.009 0.006 0.119 0.006 

Locus 28 : locus28 
18 alleles
0.0% missing data
   1   (0.095) 0.135 0.053 0.025 0.255 
   2   (0.086) 0.023 0.126 0.059 0.178 
   3   (0.053) 0.014 0.009 0.088 0.036 
   4   (0.071) 0.165 0.020 0.018 0.114 
   5   (0.084) 0.023 0.066 0.059 0.238 
   6   (0.033) 0.009 0.006 0.009 0.033 
   7   (0.081) 0.095 0.148 0.021 0.047 
   8   (0.062) 0.053 0.257 0.016 0.017 
   9   (0.032) 0.009 0.033 0.008 0.005 
  10   (0.052) 0.014 0.036 0.125 0.009 
  11   (0.041) 0.011 0.089 0.011 0.010 
  12   (0.053) 0.014 0.035 0.126 0.009 
  13   (0.050) 0.013 0.036 0.087 0.008 
  14   (0.052) 0.014 0.060 0.050 0.013 
  15   (0.035) 0.083 0.006 0.009 0.006 
  16   (0.040) 0.194 0.007 0.011 0.007 
  17   (0.038) 0.120 0.006 0.010 0.006 
  18   (0.042) 0.011 0.007 0.268 0.007 

Locus 29 : locus29 
22 alleles
0.0% missing data
   1   (0.053) 0.014 0.051 0.014 0.133 
   2   (0.077) 0.021 0.203 0.057 0.129 
   3   (0.067) 0.018 0.020 0.202 0.169 
   4   (0.092) 0.025 0.102 0.171 0.234 
   5   (0.076) 0.020 0.068 0.131 0.068 
   6   (0.029) 0.008 0.005 0.008 0.033 
   7   (0.057) 0.015 0.013 0.163 0.089 
   8   (0.045) 0.012 0.035 0.012 0.035 
   9   (0.058) 0.016 0.139 0.052 0.019 
  10   (0.033) 0.009 0.033 0.009 0.006 
  11   (0.040) 0.011 0.130 0.010 0.021 
  12   (0.048) 0.013 0.063 0.049 0.008 
  13   (0.029) 0.008 0.033 0.008 0.005 
  14   (0.029) 0.008 0.033 0.008 0.005 
  15   (0.028) 0.008 0.033 0.007 0.005 
  16   (0.033) 0.119 0.005 0.009 0.006 
  17   (0.037) 0.192 0.006 0.010 0.006 
  18   (0.036) 0.156 0.006 0.009 0.006 
  19   (0.037) 0.156 0.006 0.010 0.006 
  20   (0.032) 0.082 0.005 0.008 0.005 
  21   (0.032) 0.082 0.005 0.008 0.005 
  22   (0.032) 0.008 0.005 0.045 0.005 

Locus 30 : locus30 
22 alleles
0.0% missing data
   1   (0.037) 0.010 0.006 0.010 0.096 
   2   (0.091) 0.098 0.019 0.098 0.189 
   3   (0.031) 0.008 0.005 0.008 0.035 
   4   (0.066) 0.018 0.013 0.238 0.098 
   5   (0.026) 0.007 0.004 0.007 0.034 
   6   (0.054) 0.014 0.008 0.125 0.039 
   7   (0.075) 0.020 0.204 0.020 0.240 
   8   (0.032) 0.009 0.005 0.008 0.035 
   9   (0.060) 0.016 0.092 0.016 0.064 
  10   (0.056) 0.015 0.092 0.015 0.063 
  11   (0.039) 0.010 0.187 0.010 0.010 
  12   (0.029) 0.008 0.031 0.008 0.005 
  13   (0.035) 0.009 0.076 0.009 0.015 
  14   (0.042) 0.011 0.180 0.011 0.017 
  15   (0.032) 0.009 0.031 0.008 0.006 
  16   (0.034) 0.083 0.005 0.009 0.006 
  17   (0.032) 0.082 0.005 0.008 0.006 
  18   (0.043) 0.377 0.007 0.011 0.008 
  19   (0.059) 0.052 0.009 0.163 0.011 
  20   (0.060) 0.089 0.009 0.126 0.011 
  21   (0.030) 0.045 0.005 0.008 0.006 
  22   (0.037) 0.010 0.006 0.083 0.007 

Locus 31 : locus31 
14 alleles
0.0% missing data
   1   (0.085) 0.132 0.022 0.022 0.303 
   2   (0.074) 0.130 0.015 0.019 0.144 
   3   (0.048) 0.013 0.013 0.013 0.246 
   4   (0.105) 0.175 0.120 0.028 0.108 
   5   (0.055) 0.051 0.009 0.014 0.063 
   6   (0.075) 0.203 0.127 0.020 0.012 
   7   (0.086) 0.060 0.072 0.170 0.014 
   8   (0.067) 0.018 0.093 0.128 0.015 
   9   (0.107) 0.065 0.170 0.176 0.036 
  10   (0.071) 0.019 0.124 0.129 0.014 
  11   (0.105) 0.101 0.155 0.138 0.024 
  12   (0.056) 0.015 0.038 0.088 0.009 
  13   (0.034) 0.009 0.034 0.009 0.006 
  14   (0.033) 0.009 0.006 0.045 0.005 

Locus 32 : locus32 
21 alleles
0.0% missing data
   1   (0.075) 0.020 0.208 0.020 0.177 
   2   (0.040) 0.011 0.011 0.011 0.116 
   3   (0.078) 0.021 0.220 0.021 0.193 
   4   (0.036) 0.010 0.007 0.009 0.147 
   5   (0.056) 0.015 0.045 0.015 0.086 
   6   (0.036) 0.010 0.009 0.009 0.059 
   7   (0.032) 0.009 0.005 0.008 0.034 
   8   (0.035) 0.009 0.006 0.009 0.035 
   9   (0.060) 0.016 0.110 0.016 0.047 
  10   (0.042) 0.011 0.219 0.011 0.013 
  11   (0.038) 0.010 0.057 0.010 0.011 
  12   (0.032) 0.009 0.032 0.008 0.006 
  13   (0.069) 0.238 0.011 0.092 0.012 
  14   (0.038) 0.120 0.006 0.010 0.007 
  15   (0.070) 0.201 0.011 0.129 0.012 
  16   (0.034) 0.083 0.006 0.009 0.006 
  17   (0.073) 0.129 0.012 0.240 0.013 
  18   (0.052) 0.050 0.008 0.087 0.009 
  19   (0.041) 0.011 0.007 0.195 0.007 
  20   (0.030) 0.008 0.005 0.045 0.005 
  21   (0.032) 0.008 0.005 0.045 0.006 

Locus 33 : locus33 
22 alleles
0.0% missing data
   1   (0.047) 0.012 0.010 0.012 0.255 
   2   (0.043) 0.012 0.012 0.011 0.251 
   3   (0.036) 0.010 0.006 0.009 0.061 
   4   (0.039) 0.011 0.007 0.010 0.062 
   5   (0.038) 0.010 0.009 0.010 0.087 
   6   (0.042) 0.011 0.015 0.011 0.137 
   7   (0.057) 0.089 0.037 0.015 0.010 
   8   (0.039) 0.010 0.143 0.010 0.010 
   9   (0.061) 0.053 0.145 0.016 0.015 
  10   (0.077) 0.021 0.200 0.130 0.020 
  11   (0.040) 0.011 0.198 0.010 0.011 
  12   (0.073) 0.019 0.096 0.314 0.012 
  13   (0.066) 0.018 0.039 0.239 0.011 
  14   (0.056) 0.015 0.037 0.088 0.009 
  15   (0.044) 0.232 0.007 0.012 0.007 
  16   (0.040) 0.121 0.007 0.010 0.007 
  17   (0.036) 0.083 0.006 0.010 0.006 
  18   (0.029) 0.044 0.005 0.008 0.005 
  19   (0.038) 0.120 0.006 0.010 0.006 
  20   (0.032) 0.045 0.005 0.008 0.005 
  21   (0.034) 0.046 0.006 0.009 0.006 
  22   (0.033) 0.009 0.006 0.046 0.006 

Locus 34 : locus34 
20 alleles
0.0% missing data
   1   (0.075) 0.020 0.069 0.056 0.204 
   2   (0.080) 0.058 0.020 0.132 0.144 
   3   (0.083) 0.022 0.127 0.133 0.122 
   4   (0.086) 0.096 0.239 0.023 0.125 
   5   (0.047) 0.049 0.010 0.012 0.116 
   6   (0.083) 0.022 0.091 0.132 0.158 
   7   (0.049) 0.086 0.008 0.013 0.035 
   8   (0.059) 0.125 0.178 0.016 0.012 
   9   (0.056) 0.015 0.120 0.088 0.012 
  10   (0.055) 0.088 0.083 0.014 0.019 
  11   (0.031) 0.082 0.005 0.008 0.005 
  12   (0.026) 0.044 0.004 0.007 0.004 
  13   (0.047) 0.049 0.008 0.086 0.008 
  14   (0.031) 0.081 0.005 0.008 0.005 
  15   (0.043) 0.048 0.007 0.048 0.007 
  16   (0.029) 0.044 0.005 0.008 0.005 
  17   (0.029) 0.044 0.005 0.008 0.005 
  18   (0.030) 0.008 0.005 0.118 0.005 
  19   (0.030) 0.008 0.005 0.045 0.005 
  20   (0.029) 0.008 0.005 0.044 0.005 

Locus 35 : locus35 
20 alleles
0.0% missing data
   1   (0.067) 0.018 0.219 0.018 0.165 
   2   (0.094) 0.025 0.146 0.061 0.297 
   3   (0.083) 0.095 0.051 0.022 0.114 
   4   (0.091) 0.024 0.148 0.135 0.105 
   5   (0.057) 0.272 0.010 0.015 0.036 
   6   (0.082) 0.058 0.127 0.021 0.123 
   7   (0.055) 0.015 0.080 0.015 0.077 
   8   (0.065) 0.018 0.093 0.201 0.014 
   9   (0.028) 0.008 0.033 0.007 0.005 
  10   (0.058) 0.235 0.038 0.015 0.010 
  11   (0.037) 0.156 0.006 0.010 0.006 
  12   (0.036) 0.010 0.006 0.120 0.006 
  13   (0.031) 0.008 0.005 0.045 0.005 
  14   (0.029) 0.008 0.005 0.044 0.005 
  15   (0.032) 0.009 0.005 0.045 0.005 
  16   (0.032) 0.009 0.005 0.045 0.005 
  17   (0.032) 0.009 0.005 0.045 0.005 
  18   (0.031) 0.008 0.005 0.045 0.005 
  19   (0.032) 0.009 0.006 0.045 0.005 
  20   (0.028) 0.008 0.005 0.044 0.005 

Locus 36 : locus36 
18 alleles
0.0% missing data
   1   (0.107) 0.102 0.096 0.065 0.160 
   2   (0.037) 0.010 0.011 0.010 0.110 
   3   (0.139) 0.184 0.124 0.110 0.252 
   4   (0.108) 0.175 0.065 0.102 0.136 
   5   (0.055) 0.015 0.044 0.014 0.138 
   6   (0.036) 0.010 0.010 0.010 0.056 
   7   (0.060) 0.162 0.016 0.016 0.059 
   8   (0.078) 0.057 0.293 0.057 0.018 
   9   (0.032) 0.009 0.062 0.008 0.005 
  10   (0.068) 0.018 0.149 0.165 0.016 
  11   (0.036) 0.010 0.059 0.009 0.009 
  12   (0.030) 0.008 0.033 0.008 0.005 
  13   (0.037) 0.156 0.006 0.010 0.006 
  14   (0.044) 0.048 0.008 0.048 0.007 
  15   (0.037) 0.010 0.006 0.157 0.006 
  16   (0.037) 0.010 0.006 0.121 0.006 
  17   (0.032) 0.009 0.005 0.045 0.005 
  18   (0.030) 0.008 0.005 0.045 0.005 

Locus 37 : locus37 
18 alleles
0.0% missing data
   1   (0.071) 0.092 0.019 0.019 0.194 
   2   (0.091) 0.025 0.067 0.061 0.317 
   3   (0.071) 0.019 0.121 0.019 0.151 
   4   (0.084) 0.023 0.141 0.095 0.056 
   5   (0.076) 0.203 0.017 0.020 0.118 
   6   (0.085) 0.023 0.041 0.320 0.041 
   7   (0.032) 0.008 0.005 0.008 0.032 
   8   (0.040) 0.011 0.178 0.010 0.008 
   9   (0.039) 0.011 0.090 0.010 0.009 
  10   (0.042) 0.011 0.147 0.011 0.010 
  11   (0.068) 0.018 0.123 0.091 0.014 
  12   (0.041) 0.157 0.007 0.011 0.007 
  13   (0.042) 0.121 0.007 0.011 0.007 
  14   (0.056) 0.125 0.010 0.051 0.009 
  15   (0.052) 0.051 0.009 0.050 0.009 
  16   (0.033) 0.045 0.006 0.009 0.005 
  17   (0.035) 0.046 0.006 0.009 0.006 
  18   (0.043) 0.011 0.007 0.195 0.007 

Locus 38 : locus38 
18 alleles
0.0% missing data
   1   (0.104) 0.321 0.086 0.027 0.175 
   2   (0.038) 0.010 0.007 0.010 0.123 
   3   (0.080) 0.021 0.136 0.058 0.111 
   4   (0.047) 0.049 0.007 0.012 0.038 
   5   (0.103) 0.174 0.113 0.064 0.058 
   6   (0.035) 0.009 0.005 0.009 0.094 
   7   (0.059) 0.016 0.015 0.052 0.180 
   8   (0.031) 0.008 0.005 0.008 0.035 
   9   (0.072) 0.019 0.109 0.056 0.051 
  10   (0.061) 0.053 0.036 0.016 0.040 
  11   (0.069) 0.018 0.212 0.092 0.023 
  12   (0.100) 0.173 0.237 0.063 0.035 
  13   (0.037) 0.083 0.006 0.010 0.007 
  14   (0.035) 0.009 0.006 0.157 0.006 
  15   (0.040) 0.011 0.006 0.232 0.007 
  16   (0.031) 0.008 0.005 0.045 0.006 
  17   (0.029) 0.008 0.005 0.045 0.005 
  18   (0.030) 0.008 0.005 0.045 0.005 

Locus 39 : locus39 
25 alleles
0.0% missing data
   1   (0.075) 0.057 0.017 0.130 0.148 
   2   (0.050) 0.050 0.012 0.013 0.173 
   3   (0.031) 0.008 0.008 0.008 0.058 
   4   (0.080) 0.168 0.021 0.057 0.117 
   5   (0.046) 0.012 0.008 0.086 0.064 
   6   (0.030) 0.008 0.006 0.008 0.116 
   7   (0.054) 0.015 0.009 0.235 0.065 
   8   (0.047) 0.013 0.012 0.049 0.060 
   9   (0.055) 0.051 0.009 0.051 0.037 
  10   (0.053) 0.197 0.014 0.014 0.060 
  11   (0.034) 0.009 0.194 0.009 0.010 
  12   (0.036) 0.010 0.137 0.009 0.013 
  13   (0.031) 0.008 0.114 0.008 0.007 
  14   (0.033) 0.009 0.057 0.009 0.009 
  15   (0.029) 0.008 0.087 0.008 0.005 
  16   (0.032) 0.009 0.111 0.008 0.010 
  17   (0.029) 0.008 0.032 0.008 0.005 
  18   (0.029) 0.008 0.032 0.008 0.005 
  19   (0.028) 0.008 0.032 0.008 0.005 
  20   (0.022) 0.006 0.031 0.006 0.004 
  21   (0.025) 0.007 0.032 0.007 0.004 
  22   (0.027) 0.117 0.004 0.007 0.005 
  23   (0.031) 0.118 0.005 0.008 0.005 
  24   (0.047) 0.049 0.008 0.160 0.008 
  25   (0.044) 0.048 0.007 0.085 0.008 

Locus 40 : locus40 
16 alleles
0.0% missing data
   1   (0.066) 0.054 0.017 0.017 0.200 
   2   (0.070) 0.019 0.013 0.093 0.178 
   3   (0.085) 0.096 0.018 0.059 0.094 
   4   (0.086) 0.316 0.024 0.023 0.171 
   5   (0.082) 0.096 0.013 0.058 0.098 
   6   (0.108) 0.102 0.025 0.176 0.150 
   7   (0.081) 0.022 0.233 0.169 0.015 
   8   (0.078) 0.021 0.285 0.131 0.018 
   9   (0.040) 0.011 0.087 0.010 0.010 
  10   (0.045) 0.012 0.112 0.012 0.013 
  11   (0.062) 0.017 0.138 0.053 0.020 
  12   (0.059) 0.162 0.010 0.052 0.010 
  13   (0.035) 0.046 0.006 0.009 0.006 
  14   (0.035) 0.009 0.006 0.046 0.006 
  15   (0.034) 0.009 0.006 0.046 0.006 
  16   (0.035) 0.009 0.006 0.046 0.006 

Locus 41 : locus41 
19 alleles
0.0% missing data
   1   (0.043) 0.012 0.009 0.011 0.225 
   2   (0.047) 0.013 0.013 0.012 0.332 
   3   (0.064) 0.017 0.016 0.128 0.060 
   4   (0.040) 0.011 0.009 0.010 0.086 
   5   (0.032) 0.009 0.005 0.009 0.033 
   6   (0.040) 0.011 0.009 0.010 0.114 
   7   (0.054) 0.051 0.066 0.014 0.009 
   8   (0.067) 0.054 0.228 0.017 0.019 
   9   (0.073) 0.130 0.150 0.019 0.015 
  10   (0.073) 0.020 0.060 0.278 0.019 
  11   (0.063) 0.053 0.204 0.017 0.014 
  12   (0.074) 0.057 0.093 0.056 0.016 
  13   (0.039) 0.010 0.088 0.010 0.009 
  14   (0.060) 0.199 0.010 0.052 0.010 
  15   (0.042) 0.121 0.007 0.011 0.007 
  16   (0.057) 0.089 0.010 0.089 0.010 
  17   (0.068) 0.128 0.011 0.165 0.011 
  18   (0.032) 0.009 0.005 0.045 0.005 
  19   (0.032) 0.009 0.005 0.045 0.005 

Locus 42 : locus42 
17 alleles
0.0% missing data
   1   (0.070) 0.019 0.039 0.018 0.294 
   2   (0.078) 0.021 0.245 0.020 0.112 
   3   (0.086) 0.023 0.024 0.170 0.173 
   4   (0.089) 0.024 0.024 0.134 0.286 
   5   (0.045) 0.012 0.087 0.012 0.010 
   6   (0.068) 0.018 0.038 0.276 0.012 
   7   (0.078) 0.094 0.173 0.020 0.018 
   8   (0.081) 0.022 0.144 0.168 0.020 
   9   (0.067) 0.054 0.142 0.018 0.018 
  10   (0.061) 0.126 0.037 0.016 0.010 
  11   (0.047) 0.232 0.008 0.012 0.008 
  12   (0.040) 0.084 0.007 0.010 0.007 
  13   (0.040) 0.084 0.007 0.010 0.007 
  14   (0.035) 0.046 0.006 0.009 0.006 
  15   (0.042) 0.121 0.007 0.011 0.007 
  16   (0.037) 0.010 0.006 0.047 0.006 
  17   (0.037) 0.010 0.006 0.046 0.006 

Locus 43 : locus43 
21 alleles
0.0% missing data
   1   (0.048) 0.013 0.008 0.049 0.035 
   2   (0.037) 0.010 0.006 0.010 0.089 
   3   (0.042) 0.011 0.012 0.011 0.222 
   4   (0.071) 0.019 0.019 0.092 0.197 
   5   (0.049) 0.013 0.008 0.050 0.063 
   6   (0.047) 0.013 0.011 0.012 0.252 
   7   (0.035) 0.009 0.034 0.009 0.006 
   8   (0.076) 0.021 0.177 0.167 0.017 
   9   (0.063) 0.090 0.091 0.017 0.014 
  10   (0.043) 0.011 0.286 0.011 0.009 
  11   (0.066) 0.018 0.196 0.054 0.022 
  12   (0.070) 0.019 0.092 0.166 0.015 
  13   (0.048) 0.269 0.008 0.012 0.008 
  14   (0.039) 0.120 0.007 0.010 0.007 
  15   (0.040) 0.120 0.007 0.011 0.007 
  16   (0.040) 0.121 0.007 0.011 0.007 
  17   (0.050) 0.050 0.008 0.050 0.008 
  18   (0.033) 0.045 0.006 0.009 0.006 
  19   (0.038) 0.010 0.006 0.158 0.006 
  20   (0.033) 0.009 0.006 0.046 0.006 
  21   (0.033) 0.009 0.006 0.046 0.006 

Locus 44 : locus44 
23 alleles
0.0% missing data
   1   (0.037) 0.010 0.011 0.010 0.223 
   2   (0.062) 0.163 0.013 0.016 0.090 
   3   (0.048) 0.013 0.008 0.049 0.091 
   4   (0.034) 0.009 0.009 0.009 0.113 
   5   (0.051) 0.014 0.008 0.124 0.036 
   6   (0.068) 0.054 0.014 0.054 0.148 
   7   (0.064) 0.054 0.016 0.053 0.061 
   8   (0.033) 0.009 0.009 0.009 0.057 
   9   (0.061) 0.053 0.010 0.053 0.038 
  10   (0.031) 0.008 0.005 0.008 0.033 
  11   (0.038) 0.010 0.226 0.010 0.010 
  12   (0.095) 0.172 0.118 0.135 0.025 
  13   (0.033) 0.009 0.057 0.009 0.010 
  14   (0.030) 0.008 0.033 0.008 0.005 
  15   (0.034) 0.009 0.172 0.009 0.007 
  16   (0.027) 0.007 0.032 0.007 0.005 
  17   (0.037) 0.010 0.142 0.010 0.010 
  18   (0.036) 0.010 0.087 0.010 0.008 
  19   (0.030) 0.154 0.005 0.008 0.005 
  20   (0.032) 0.118 0.005 0.008 0.005 
  21   (0.059) 0.089 0.010 0.237 0.010 
  22   (0.033) 0.009 0.005 0.119 0.006 
  23   (0.026) 0.007 0.004 0.044 0.005 

Locus 45 : locus45 
17 alleles
0.0% missing data
   1   (0.064) 0.090 0.014 0.017 0.091 
   2   (0.042) 0.011 0.010 0.011 0.226 
   3   (0.058) 0.052 0.012 0.015 0.119 
   4   (0.072) 0.093 0.023 0.019 0.195 
   5   (0.071) 0.165 0.016 0.019 0.091 
   6   (0.032) 0.009 0.005 0.008 0.033 
   7   (0.089) 0.097 0.015 0.097 0.099 
   8   (0.055) 0.088 0.009 0.015 0.037 
   9   (0.117) 0.141 0.154 0.290 0.023 
  10   (0.042) 0.011 0.170 0.011 0.011 
  11   (0.069) 0.019 0.286 0.054 0.016 
  12   (0.042) 0.011 0.113 0.011 0.012 
  13   (0.076) 0.021 0.145 0.168 0.019 
  14   (0.065) 0.127 0.011 0.128 0.011 
  15   (0.033) 0.045 0.005 0.009 0.006 
  16   (0.036) 0.010 0.006 0.083 0.006 
  17   (0.033) 0.009 0.006 0.046 0.006 

Locus 46 : locus46 
14 alleles
0.0% missing data
   1   (0.081) 0.022 0.019 0.095 0.374 
   2   (0.077) 0.021 0.014 0.131 0.210 
   3   (0.067) 0.018 0.014 0.091 0.122 
   4   (0.034) 0.009 0.005 0.009 0.034 
   5   (0.165) 0.117 0.306 0.228 0.133 
   6   (0.102) 0.174 0.139 0.063 0.032 
   7   (0.035) 0.009 0.033 0.009 0.006 
   8   (0.089) 0.135 0.041 0.134 0.015 
   9   (0.039) 0.010 0.056 0.010 0.012 
  10   (0.112) 0.176 0.208 0.103 0.022 
  11   (0.042) 0.011 0.111 0.011 0.012 
  12   (0.053) 0.051 0.036 0.014 0.009 
  13   (0.068) 0.164 0.011 0.091 0.012 
  14   (0.038) 0.083 0.006 0.010 0.006 

Locus 47 : locus47 
21 alleles
0.0% missing data
   1   (0.134) 0.293 0.120 0.109 0.258 
   2   (0.053) 0.050 0.010 0.014 0.175 
   3   (0.035) 0.009 0.007 0.009 0.116 
   4   (0.068) 0.128 0.039 0.018 0.039 
   5   (0.029) 0.008 0.005 0.008 0.033 
   6   (0.038) 0.010 0.014 0.010 0.082 
   7   (0.033) 0.009 0.008 0.009 0.087 
   8   (0.079) 0.204 0.086 0.021 0.052 
   9   (0.048) 0.049 0.013 0.013 0.059 
  10   (0.081) 0.058 0.092 0.243 0.018 
  11   (0.032) 0.009 0.086 0.008 0.008 
  12   (0.030) 0.008 0.061 0.008 0.005 
  13   (0.048) 0.013 0.118 0.048 0.010 
  14   (0.037) 0.010 0.168 0.010 0.011 
  15   (0.051) 0.014 0.114 0.050 0.015 
  16   (0.050) 0.013 0.034 0.162 0.009 
  17   (0.031) 0.081 0.005 0.008 0.005 
  18   (0.032) 0.009 0.005 0.082 0.005 
  19   (0.031) 0.008 0.005 0.082 0.005 
  20   (0.029) 0.008 0.005 0.044 0.005 
  21   (0.030) 0.008 0.005 0.044 0.005 

Locus 48 : locus48 
25 alleles
0.0% missing data
   1   (0.060) 0.016 0.112 0.016 0.213 
   2   (0.032) 0.009 0.010 0.008 0.112 
   3   (0.032) 0.009 0.009 0.008 0.057 
   4   (0.038) 0.010 0.008 0.010 0.115 
   5   (0.070) 0.055 0.120 0.018 0.070 
   6   (0.050) 0.014 0.171 0.013 0.041 
   7   (0.074) 0.056 0.138 0.019 0.136 
   8   (0.071) 0.129 0.067 0.019 0.068 
   9   (0.065) 0.054 0.096 0.017 0.092 
  10   (0.028) 0.008 0.033 0.007 0.005 
  11   (0.042) 0.049 0.034 0.011 0.007 
  12   (0.036) 0.010 0.107 0.009 0.016 
  13   (0.029) 0.008 0.033 0.007 0.005 
  14   (0.032) 0.337 0.005 0.008 0.006 
  15   (0.034) 0.119 0.006 0.009 0.006 
  16   (0.031) 0.045 0.005 0.008 0.005 
  17   (0.033) 0.009 0.005 0.119 0.006 
  18   (0.032) 0.009 0.005 0.119 0.006 
  19   (0.032) 0.009 0.005 0.082 0.005 
  20   (0.032) 0.009 0.005 0.119 0.005 
  21   (0.031) 0.008 0.005 0.155 0.005 
  22   (0.030) 0.008 0.005 0.045 0.005 
  23   (0.026) 0.007 0.004 0.044 0.004 
  24   (0.028) 0.008 0.005 0.044 0.005 
  25   (0.032) 0.009 0.005 0.082 0.005 

Locus 49 : locus49 
21 alleles
0.0% missing data
   1   (0.035) 0.009 0.008 0.009 0.115 
   2   (0.092) 0.171 0.175 0.024 0.077 
   3   (0.037) 0.010 0.007 0.010 0.171 
   4   (0.039) 0.011 0.010 0.010 0.141 
   5   (0.050) 0.050 0.013 0.013 0.059 
   6   (0.108) 0.029 0.239 0.102 0.240 
   7   (0.066) 0.164 0.015 0.017 0.090 
   8   (0.032) 0.009 0.061 0.008 0.005 
   9   (0.060) 0.126 0.091 0.016 0.013 
  10   (0.046) 0.012 0.036 0.049 0.008 
  11   (0.065) 0.200 0.123 0.017 0.011 
  12   (0.070) 0.019 0.172 0.129 0.020 
  13   (0.036) 0.083 0.006 0.010 0.006 
  14   (0.033) 0.045 0.005 0.009 0.006 
  15   (0.040) 0.011 0.007 0.121 0.007 
  16   (0.035) 0.009 0.006 0.120 0.006 
  17   (0.034) 0.009 0.006 0.120 0.006 
  18   (0.028) 0.008 0.005 0.044 0.005 
  19   (0.030) 0.008 0.005 0.081 0.005 
  20   (0.033) 0.009 0.006 0.046 0.006 
  21   (0.032) 0.009 0.005 0.045 0.005 

Locus 50 : locus50 
27 alleles
0.0% missing data
   1   (0.055) 0.015 0.013 0.088 0.256 
   2   (0.061) 0.016 0.018 0.090 0.169 
   3   (0.042) 0.011 0.007 0.085 0.035 
   4   (0.033) 0.009 0.006 0.009 0.089 
   5   (0.050) 0.013 0.008 0.198 0.036 
   6   (0.032) 0.009 0.007 0.008 0.115 
   7   (0.047) 0.013 0.017 0.049 0.082 
   8   (0.033) 0.009 0.007 0.009 0.087 
   9   (0.033) 0.009 0.196 0.009 0.009 
  10   (0.032) 0.009 0.061 0.009 0.006 
  11   (0.035) 0.009 0.058 0.009 0.009 
  12   (0.039) 0.010 0.168 0.010 0.012 
  13   (0.031) 0.008 0.171 0.008 0.005 
  14   (0.033) 0.009 0.057 0.009 0.009 
  15   (0.031) 0.008 0.111 0.008 0.010 
  16   (0.027) 0.007 0.032 0.007 0.005 
  17   (0.052) 0.087 0.009 0.087 0.009 
  18   (0.034) 0.082 0.006 0.009 0.006 
  19   (0.033) 0.118 0.005 0.009 0.006 
  20   (0.052) 0.307 0.009 0.050 0.009 
  21   (0.026) 0.044 0.004 0.007 0.004 
  22   (0.028) 0.044 0.005 0.007 0.005 
  23   (0.029) 0.044 0.005 0.008 0.005 
  24   (0.046) 0.086 0.008 0.049 0.008 
  25   (0.028) 0.007 0.005 0.081 0.005 
  26   (0.030) 0.008 0.005 0.045 0.005 
  27   (0.028) 0.008 0.005 0.044 0.005 

Locus 51 : locus51 
25 alleles
0.0% missing data
   1   (0.044) 0.012 0.010 0.011 0.289 
   2   (0.065) 0.018 0.339 0.017 0.066 
   3   (0.064) 0.017 0.203 0.017 0.093 
   4   (0.035) 0.009 0.009 0.009 0.059 
   5   (0.035) 0.010 0.009 0.009 0.059 
   6   (0.060) 0.016 0.115 0.016 0.127 
   7   (0.033) 0.009 0.005 0.009 0.034 
   8   (0.039) 0.011 0.009 0.010 0.089 
   9   (0.030) 0.008 0.005 0.008 0.034 
  10   (0.063) 0.017 0.211 0.017 0.056 
  11   (0.042) 0.194 0.007 0.011 0.007 
  12   (0.032) 0.045 0.005 0.008 0.006 
  13   (0.038) 0.120 0.006 0.010 0.007 
  14   (0.038) 0.083 0.006 0.010 0.007 
  15   (0.039) 0.193 0.006 0.010 0.007 
  16   (0.031) 0.045 0.005 0.008 0.005 
  17   (0.031) 0.045 0.005 0.008 0.005 
  18   (0.034) 0.082 0.006 0.009 0.006 
  19   (0.038) 0.010 0.006 0.158 0.007 
  20   (0.032) 0.009 0.005 0.045 0.006 
  21   (0.038) 0.010 0.006 0.121 0.007 
  22   (0.032) 0.009 0.005 0.082 0.006 
  23   (0.034) 0.009 0.006 0.156 0.006 
  24   (0.039) 0.010 0.006 0.195 0.007 
  25   (0.031) 0.008 0.005 0.045 0.005 

Locus 52 : locus52 
19 alleles
0.0% missing data
   1   (0.041) 0.011 0.012 0.011 0.169 
   2   (0.064) 0.017 0.016 0.054 0.229 
   3   (0.092) 0.098 0.015 0.172 0.100 
   4   (0.070) 0.055 0.011 0.055 0.068 
   5   (0.097) 0.099 0.020 0.210 0.096 
   6   (0.055) 0.015 0.012 0.051 0.091 
   7   (0.037) 0.010 0.010 0.010 0.058 
   8   (0.037) 0.010 0.010 0.010 0.059 
   9   (0.033) 0.009 0.005 0.009 0.034 
  10   (0.060) 0.052 0.171 0.016 0.014 
  11   (0.040) 0.011 0.087 0.011 0.009 
  12   (0.040) 0.011 0.115 0.011 0.009 
  13   (0.065) 0.127 0.118 0.017 0.014 
  14   (0.045) 0.012 0.334 0.012 0.012 
  15   (0.060) 0.273 0.037 0.016 0.010 
  16   (0.056) 0.162 0.009 0.051 0.010 
  17   (0.032) 0.009 0.005 0.045 0.005 
  18   (0.038) 0.010 0.006 0.121 0.007 
  19   (0.036) 0.010 0.006 0.120 0.006 

Locus 53 : locus53 
15 alleles
0.0% missing data
   1   (0.041) 0.011 0.009 0.011 0.148 
   2   (0.096) 0.172 0.015 0.172 0.045 
   3   (0.115) 0.067 0.110 0.067 0.209 
   4   (0.061) 0.053 0.012 0.016 0.152 
   5   (0.094) 0.099 0.091 0.025 0.136 
   6   (0.066) 0.018 0.180 0.017 0.060 
   7   (0.066) 0.091 0.014 0.017 0.094 
   8   (0.081) 0.022 0.038 0.245 0.043 
   9   (0.082) 0.095 0.013 0.132 0.043 
  10   (0.074) 0.057 0.060 0.056 0.020 
  11   (0.048) 0.013 0.354 0.013 0.014 
  12   (0.031) 0.009 0.032 0.008 0.005 
  13   (0.062) 0.017 0.059 0.090 0.017 
  14   (0.046) 0.268 0.007 0.012 0.008 
  15   (0.038) 0.010 0.006 0.120 0.007 

Locus 54 : locus54 
17 alleles
0.0% missing data
   1   (0.078) 0.021 0.016 0.131 0.259 
   2   (0.045) 0.012 0.010 0.012 0.198 
   3   (0.042) 0.011 0.008 0.011 0.144 
   4   (0.039) 0.011 0.009 0.010 0.087 
   5   (0.050) 0.013 0.018 0.013 0.164 
   6   (0.043) 0.012 0.169 0.011 0.013 
   7   (0.061) 0.090 0.094 0.016 0.010 
   8   (0.109) 0.102 0.150 0.176 0.026 
   9   (0.114) 0.104 0.372 0.103 0.029 
  10   (0.055) 0.051 0.065 0.014 0.009 
  11   (0.050) 0.014 0.036 0.050 0.009 
  12   (0.064) 0.090 0.011 0.128 0.011 
  13   (0.058) 0.126 0.010 0.052 0.010 
  14   (0.061) 0.199 0.010 0.052 0.010 
  15   (0.038) 0.083 0.006 0.010 0.006 
  16   (0.054) 0.051 0.009 0.088 0.009 
  17   (0.039) 0.010 0.006 0.121 0.007 

Locus 55 : locus55 
20 alleles
0.0% missing data
   1   (0.041) 0.011 0.009 0.011 0.117 
   2   (0.041) 0.011 0.009 0.011 0.228 
   3   (0.133) 0.182 0.034 0.256 0.261 
   4   (0.039) 0.011 0.010 0.010 0.058 
   5   (0.036) 0.010 0.006 0.009 0.062 
   6   (0.032) 0.009 0.005 0.008 0.033 
   7   (0.059) 0.089 0.015 0.016 0.060 
   8   (0.054) 0.014 0.013 0.051 0.061 
   9   (0.039) 0.010 0.145 0.010 0.007 
  10   (0.038) 0.010 0.057 0.010 0.010 
  11   (0.039) 0.011 0.169 0.010 0.010 
  12   (0.046) 0.012 0.253 0.012 0.011 
  13   (0.040) 0.011 0.112 0.011 0.012 
  14   (0.040) 0.011 0.081 0.010 0.015 
  15   (0.035) 0.009 0.033 0.009 0.006 
  16   (0.061) 0.163 0.010 0.089 0.010 
  17   (0.055) 0.088 0.009 0.051 0.009 
  18   (0.034) 0.046 0.006 0.009 0.006 
  19   (0.072) 0.166 0.012 0.203 0.012 
  20   (0.067) 0.128 0.011 0.202 0.011 

Locus 56 : locus56 
16 alleles
0.0% missing data
   1   (0.088) 0.024 0.179 0.060 0.047 
   2   (0.036) 0.010 0.006 0.009 0.033 
   3   (0.053) 0.014 0.014 0.014 0.276 
   4   (0.049) 0.013 0.012 0.013 0.140 
   5   (0.048) 0.013 0.012 0.013 0.250 
   6   (0.137) 0.037 0.379 0.221 0.115 
   7   (0.034) 0.009 0.006 0.009 0.033 
   8   (0.066) 0.054 0.177 0.017 0.015 
   9   (0.088) 0.060 0.119 0.060 0.023 
  10   (0.035) 0.009 0.034 0.009 0.006 
  11   (0.066) 0.128 0.011 0.091 0.011 
  12   (0.072) 0.129 0.012 0.130 0.012 
  13   (0.044) 0.195 0.007 0.012 0.007 
  14   (0.080) 0.168 0.014 0.169 0.013 
  15   (0.062) 0.126 0.010 0.053 0.010 
  16   (0.042) 0.011 0.007 0.122 0.007 

Locus 57 : locus57 
21 alleles
0.0% missing data
   1   (0.040) 0.011 0.010 0.010 0.141 
   2   (0.037) 0.010 0.009 0.010 0.086 
   3   (0.032) 0.008 0.005 0.008 0.060 
   4   (0.031) 0.008 0.005 0.008 0.033 
   5   (0.040) 0.011 0.010 0.010 0.196 
   6   (0.040) 0.011 0.012 0.010 0.167 
   7   (0.030) 0.008 0.005 0.008 0.033 
   8   (0.035) 0.009 0.009 0.009 0.057 
   9   (0.036) 0.010 0.006 0.010 0.061 
  10   (0.033) 0.009 0.006 0.009 0.033 
  11   (0.123) 0.289 0.264 0.143 0.029 
  12   (0.109) 0.285 0.074 0.287 0.018 
  13   (0.035) 0.010 0.116 0.009 0.008 
  14   (0.056) 0.051 0.144 0.015 0.014 
  15   (0.036) 0.010 0.058 0.010 0.010 
  16   (0.041) 0.011 0.170 0.011 0.012 
  17   (0.088) 0.133 0.042 0.208 0.015 
  18   (0.033) 0.009 0.034 0.009 0.006 
  19   (0.051) 0.087 0.008 0.050 0.009 
  20   (0.034) 0.009 0.006 0.046 0.006 
  21   (0.040) 0.011 0.007 0.121 0.007 

Locus 58 : locus58 
21 alleles
0.0% missing data
   1   (0.064) 0.054 0.020 0.017 0.141 
   2   (0.063) 0.017 0.012 0.053 0.150 
   3   (0.081) 0.058 0.013 0.132 0.070 
   4   (0.074) 0.020 0.014 0.204 0.151 
   5   (0.040) 0.011 0.008 0.010 0.146 
   6   (0.062) 0.017 0.017 0.053 0.116 
   7   (0.042) 0.011 0.015 0.011 0.083 
   8   (0.055) 0.015 0.009 0.089 0.037 
   9   (0.042) 0.011 0.114 0.011 0.009 
  10   (0.045) 0.012 0.306 0.012 0.010 
  11   (0.042) 0.011 0.115 0.011 0.009 
  12   (0.046) 0.012 0.220 0.012 0.015 
  13   (0.036) 0.010 0.086 0.009 0.009 
  14   (0.046) 0.305 0.008 0.012 0.008 
  15   (0.034) 0.082 0.006 0.009 0.006 
  16   (0.039) 0.120 0.006 0.010 0.007 
  17   (0.037) 0.083 0.006 0.010 0.006 
  18   (0.039) 0.120 0.006 0.010 0.007 
  19   (0.040) 0.011 0.007 0.121 0.007 
  20   (0.038) 0.010 0.006 0.157 0.007 
  21   (0.035) 0.009 0.006 0.046 0.006 

Locus 59 : locus59 
15 alleles
0.0% missing data
   1   (0.067) 0.201 0.011 0.018 0.039 
   2   (0.127) 0.181 0.026 0.107 0.238 
   3   (0.075) 0.057 0.019 0.020 0.199 
   4   (0.098) 0.173 0.023 0.026 0.314 
   5   (0.100) 0.137 0.021 0.063 0.095 
   6   (0.048) 0.013 0.172 0.013 0.011 
   7   (0.044) 0.012 0.145 0.012 0.009 
   8   (0.053) 0.014 0.198 0.014 0.015 
   9   (0.044) 0.012 0.091 0.012 0.007 
  10   (0.049) 0.013 0.143 0.013 0.013 
  11   (0.041) 0.011 0.058 0.011 0.011 
  12   (0.078) 0.021 0.062 0.205 0.019 
  13   (0.061) 0.090 0.010 0.053 0.010 
  14   (0.075) 0.056 0.012 0.352 0.013 
  15   (0.041) 0.011 0.007 0.084 0.007 

Locus 60 : locus60 
19 alleles
0.0% missing data
   1   (0.051) 0.014 0.015 0.013 0.304 
   2   (0.037) 0.010 0.006 0.010 0.034 
   3   (0.079) 0.021 0.116 0.021 0.158 
   4   (0.037) 0.010 0.006 0.010 0.034 
   5   (0.097) 0.173 0.066 0.026 0.104 
   6   (0.035) 0.009 0.006 0.009 0.033 
   7   (0.045) 0.012 0.009 0.012 0.116 
   8   (0.041) 0.011 0.007 0.011 0.062 
   9   (0.128) 0.510 0.143 0.034 0.067 
  10   (0.046) 0.012 0.258 0.012 0.011 
  11   (0.076) 0.130 0.123 0.020 0.016 
  12   (0.042) 0.011 0.083 0.011 0.015 
  13   (0.042) 0.011 0.120 0.011 0.007 
  14   (0.049) 0.013 0.008 0.345 0.008 
  15   (0.040) 0.011 0.007 0.121 0.007 
  16   (0.044) 0.012 0.007 0.159 0.007 
  17   (0.038) 0.010 0.006 0.084 0.006 
  18   (0.035) 0.010 0.006 0.046 0.006 
  19   (0.036) 0.010 0.006 0.046 0.006 

Locus 61 : locus61 
22 alleles
0.0% missing data
   1   (0.035) 0.009 0.006 0.009 0.090 
   2   (0.095) 0.209 0.064 0.025 0.106 
   3   (0.082) 0.168 0.041 0.022 0.098 
   4   (0.041) 0.011 0.011 0.011 0.058 
   5   (0.040) 0.011 0.011 0.011 0.114 
   6   (0.034) 0.009 0.006 0.009 0.062 
   7   (0.068) 0.091 0.018 0.018 0.116 
   8   (0.036) 0.010 0.010 0.009 0.114 
   9   (0.046) 0.049 0.008 0.012 0.036 
  10   (0.044) 0.012 0.012 0.012 0.114 
  11   (0.036) 0.010 0.115 0.009 0.008 
  12   (0.061) 0.163 0.066 0.016 0.011 
  13   (0.061) 0.089 0.113 0.016 0.018 
  14   (0.044) 0.012 0.474 0.012 0.011 
  15   (0.034) 0.082 0.006 0.009 0.006 
  16   (0.035) 0.009 0.006 0.083 0.006 
  17   (0.041) 0.011 0.007 0.195 0.007 
  18   (0.032) 0.009 0.005 0.045 0.005 
  19   (0.037) 0.010 0.006 0.194 0.006 
  20   (0.034) 0.009 0.006 0.120 0.006 
  21   (0.036) 0.010 0.006 0.120 0.006 
  22   (0.030) 0.008 0.005 0.045 0.005 

Locus 62 : locus62 
20 alleles
0.0% missing data
   1   (0.032) 0.009 0.005 0.008 0.033 
   2   (0.060) 0.199 0.010 0.016 0.038 
   3   (0.069) 0.128 0.014 0.018 0.120 
   4   (0.035) 0.010 0.006 0.009 0.034 
   5   (0.046) 0.012 0.011 0.012 0.256 
   6   (0.085) 0.242 0.021 0.023 0.202 
   7   (0.089) 0.060 0.024 0.134 0.117 
   8   (0.042) 0.011 0.009 0.011 0.089 
   9   (0.046) 0.012 0.280 0.012 0.012 
  10   (0.038) 0.010 0.089 0.010 0.006 
  11   (0.038) 0.010 0.062 0.010 0.006 
  12   (0.042) 0.011 0.081 0.011 0.016 
  13   (0.058) 0.052 0.064 0.015 0.010 
  14   (0.045) 0.012 0.251 0.012 0.013 
  15   (0.037) 0.010 0.034 0.010 0.006 
  16   (0.034) 0.046 0.006 0.009 0.006 
  17   (0.072) 0.092 0.012 0.277 0.012 
  18   (0.056) 0.051 0.009 0.088 0.010 
  19   (0.041) 0.011 0.007 0.232 0.007 
  20   (0.036) 0.010 0.006 0.083 0.006 

Locus 63 : locus63 
23 alleles
0.0% missing data
   1   (0.042) 0.011 0.011 0.011 0.222 
   2   (0.032) 0.009 0.007 0.008 0.113 
   3   (0.038) 0.010 0.015 0.010 0.080 
   4   (0.035) 0.010 0.006 0.009 0.061 
   5   (0.039) 0.010 0.008 0.010 0.142 
   6   (0.036) 0.010 0.008 0.009 0.114 
   7   (0.036) 0.010 0.010 0.009 0.057 
   8   (0.036) 0.010 0.010 0.010 0.056 
   9   (0.053) 0.051 0.116 0.014 0.015 
  10   (0.034) 0.009 0.062 0.009 0.006 
  11   (0.063) 0.090 0.207 0.016 0.012 
  12   (0.036) 0.010 0.058 0.009 0.010 
  13   (0.056) 0.089 0.060 0.015 0.014 
  14   (0.056) 0.051 0.151 0.015 0.009 
  15   (0.067) 0.128 0.165 0.018 0.025 
  16   (0.060) 0.126 0.060 0.016 0.016 
  17   (0.059) 0.162 0.010 0.126 0.010 
  18   (0.049) 0.123 0.008 0.049 0.008 
  19   (0.029) 0.044 0.005 0.008 0.005 
  20   (0.035) 0.009 0.006 0.193 0.006 
  21   (0.038) 0.010 0.006 0.194 0.006 
  22   (0.039) 0.010 0.006 0.195 0.006 
  23   (0.032) 0.008 0.005 0.045 0.005 

Locus 64 : locus64 
26 alleles
0.0% missing data
   1   (0.048) 0.049 0.008 0.013 0.064 
   2   (0.060) 0.052 0.012 0.016 0.259 
   3   (0.059) 0.199 0.015 0.015 0.060 
   4   (0.037) 0.010 0.009 0.010 0.142 
   5   (0.043) 0.012 0.012 0.011 0.197 
   6   (0.056) 0.088 0.015 0.015 0.060 
   7   (0.036) 0.010 0.009 0.010 0.058 
   8   (0.031) 0.008 0.005 0.008 0.033 
   9   (0.038) 0.010 0.282 0.010 0.009 
  10   (0.033) 0.009 0.061 0.009 0.005 
  11   (0.037) 0.010 0.087 0.010 0.008 
  12   (0.039) 0.011 0.167 0.010 0.013 
  13   (0.029) 0.008 0.032 0.008 0.005 
  14   (0.039) 0.010 0.106 0.010 0.018 
  15   (0.030) 0.008 0.033 0.008 0.005 
  16   (0.033) 0.009 0.061 0.009 0.006 
  17   (0.032) 0.009 0.033 0.009 0.006 
  18   (0.032) 0.191 0.005 0.008 0.005 
  19   (0.040) 0.157 0.007 0.010 0.007 
  20   (0.034) 0.082 0.006 0.009 0.006 
  21   (0.043) 0.012 0.007 0.232 0.007 
  22   (0.034) 0.009 0.006 0.083 0.006 
  23   (0.039) 0.010 0.006 0.231 0.007 
  24   (0.034) 0.009 0.006 0.082 0.006 
  25   (0.035) 0.009 0.006 0.083 0.006 
  26   (0.030) 0.008 0.005 0.082 0.005 

Locus 65 : locus65 
20 alleles
0.0% missing data
   1   (0.103) 0.064 0.147 0.064 0.164 
   2   (0.088) 0.024 0.212 0.097 0.100 
   3   (0.060) 0.016 0.131 0.016 0.112 
   4   (0.040) 0.011 0.015 0.010 0.288 
   5   (0.034) 0.009 0.006 0.009 0.032 
   6   (0.029) 0.008 0.005 0.008 0.031 
   7   (0.037) 0.010 0.011 0.010 0.134 
   8   (0.073) 0.093 0.091 0.019 0.047 
   9   (0.057) 0.015 0.098 0.126 0.009 
  10   (0.064) 0.091 0.041 0.054 0.010 
  11   (0.055) 0.088 0.064 0.014 0.013 
  12   (0.035) 0.009 0.123 0.009 0.007 
  13   (0.062) 0.273 0.011 0.127 0.010 
  14   (0.048) 0.086 0.008 0.049 0.008 
  15   (0.046) 0.049 0.008 0.049 0.008 
  16   (0.032) 0.045 0.006 0.009 0.005 
  17   (0.035) 0.083 0.006 0.009 0.006 
  18   (0.035) 0.009 0.006 0.157 0.006 
  19   (0.038) 0.010 0.007 0.121 0.006 
  20   (0.029) 0.008 0.005 0.044 0.005 

Locus 66 : locus66 
24 alleles
0.0% missing data
   1   (0.041) 0.011 0.009 0.011 0.282 
   2   (0.040) 0.011 0.011 0.011 0.197 
   3   (0.037) 0.010 0.007 0.010 0.171 
   4   (0.034) 0.009 0.010 0.009 0.057 
   5   (0.036) 0.010 0.010 0.009 0.058 
   6   (0.049) 0.013 0.082 0.013 0.045 
   7   (0.030) 0.008 0.005 0.008 0.033 
   8   (0.035) 0.009 0.116 0.009 0.007 
   9   (0.062) 0.017 0.082 0.200 0.021 
  10   (0.046) 0.012 0.059 0.049 0.012 
  11   (0.054) 0.015 0.065 0.088 0.009 
  12   (0.054) 0.015 0.064 0.088 0.009 
  13   (0.065) 0.017 0.195 0.090 0.022 
  14   (0.032) 0.008 0.061 0.008 0.005 
  15   (0.037) 0.010 0.088 0.010 0.008 
  16   (0.051) 0.014 0.034 0.163 0.009 
  17   (0.033) 0.009 0.057 0.008 0.009 
  18   (0.035) 0.119 0.006 0.009 0.006 
  19   (0.039) 0.267 0.007 0.010 0.007 
  20   (0.029) 0.044 0.005 0.008 0.005 
  21   (0.033) 0.082 0.006 0.009 0.006 
  22   (0.062) 0.090 0.010 0.163 0.010 
  23   (0.031) 0.081 0.005 0.008 0.005 
  24   (0.035) 0.119 0.006 0.009 0.006 

Locus 67 : locus67 
17 alleles
0.0% missing data
   1   (0.039) 0.011 0.009 0.010 0.196 
   2   (0.094) 0.098 0.025 0.098 0.198 
   3   (0.072) 0.129 0.012 0.056 0.039 
   4   (0.081) 0.168 0.014 0.132 0.041 
   5   (0.040) 0.011 0.012 0.010 0.166 
   6   (0.063) 0.017 0.014 0.164 0.089 
   7   (0.056) 0.015 0.011 0.051 0.117 
   8   (0.032) 0.009 0.005 0.008 0.033 
   9   (0.071) 0.056 0.093 0.056 0.016 
  10   (0.065) 0.017 0.234 0.091 0.014 
  11   (0.071) 0.019 0.116 0.203 0.020 
  12   (0.072) 0.093 0.068 0.056 0.012 
  13   (0.051) 0.087 0.036 0.013 0.008 
  14   (0.040) 0.011 0.083 0.011 0.015 
  15   (0.067) 0.164 0.179 0.018 0.013 
  16   (0.057) 0.052 0.084 0.015 0.019 
  17   (0.030) 0.045 0.005 0.008 0.005 

Locus 68 : locus68 
27 alleles
0.0% missing data
   1   (0.029) 0.008 0.005 0.007 0.033 
   2   (0.045) 0.012 0.020 0.012 0.105 
   3   (0.032) 0.009 0.005 0.009 0.089 
   4   (0.058) 0.015 0.010 0.199 0.037 
   5   (0.037) 0.010 0.010 0.010 0.252 
   6   (0.041) 0.011 0.008 0.011 0.172 
   7   (0.038) 0.010 0.010 0.010 0.142 
   8   (0.029) 0.008 0.005 0.008 0.033 
   9   (0.035) 0.009 0.226 0.009 0.009 
  10   (0.046) 0.012 0.146 0.012 0.010 
  11   (0.041) 0.011 0.090 0.011 0.007 
  12   (0.036) 0.010 0.057 0.009 0.010 
  13   (0.039) 0.010 0.171 0.010 0.009 
  14   (0.037) 0.010 0.087 0.010 0.008 
  15   (0.035) 0.009 0.081 0.009 0.013 
  16   (0.038) 0.156 0.006 0.010 0.006 
  17   (0.042) 0.194 0.007 0.011 0.007 
  18   (0.041) 0.157 0.007 0.011 0.007 
  19   (0.031) 0.045 0.005 0.008 0.005 
  20   (0.034) 0.119 0.006 0.009 0.006 
  21   (0.030) 0.045 0.005 0.008 0.005 
  22   (0.030) 0.081 0.005 0.008 0.005 
  23   (0.034) 0.009 0.006 0.046 0.006 
  24   (0.042) 0.011 0.007 0.380 0.007 
  25   (0.034) 0.009 0.006 0.083 0.006 
  26   (0.032) 0.008 0.005 0.045 0.005 
  27   (0.034) 0.009 0.006 0.046 0.006 

Locus 69 : locus69 
24 alleles
0.0% missing data
   1   (0.031) 0.008 0.007 0.008 0.114 
   2   (0.028) 0.007 0.005 0.007 0.060 
   3   (0.030) 0.008 0.009 0.008 0.056 
   4   (0.029) 0.008 0.009 0.008 0.111 
   5   (0.036) 0.010 0.010 0.009 0.249 
   6   (0.035) 0.009 0.008 0.009 0.086 
   7   (0.027) 0.007 0.004 0.007 0.032 
   8   (0.034) 0.009 0.006 0.009 0.061 
   9   (0.032) 0.009 0.009 0.009 0.057 
  10   (0.029) 0.008 0.005 0.008 0.032 
  11   (0.051) 0.014 0.119 0.087 0.010 
  12   (0.055) 0.051 0.037 0.051 0.009 
  13   (0.077) 0.204 0.125 0.094 0.013 
  14   (0.036) 0.010 0.114 0.009 0.010 
  15   (0.084) 0.205 0.042 0.243 0.014 
  16   (0.066) 0.054 0.230 0.054 0.017 
  17   (0.034) 0.009 0.082 0.009 0.013 
  18   (0.047) 0.013 0.059 0.049 0.013 
  19   (0.047) 0.013 0.089 0.086 0.011 
  20   (0.046) 0.085 0.008 0.086 0.008 
  21   (0.042) 0.048 0.007 0.048 0.007 
  22   (0.030) 0.081 0.005 0.008 0.005 
  23   (0.045) 0.122 0.008 0.048 0.008 
  24   (0.028) 0.008 0.005 0.044 0.005 

Locus 70 : locus70 
21 alleles
0.0% missing data
   1   (0.083) 0.058 0.059 0.022 0.192 
   2   (0.062) 0.053 0.015 0.016 0.147 
   3   (0.051) 0.014 0.036 0.013 0.037 
   4   (0.050) 0.050 0.008 0.013 0.066 
   5   (0.086) 0.315 0.016 0.022 0.182 
   6   (0.062) 0.090 0.015 0.016 0.147 
   7   (0.062) 0.237 0.010 0.016 0.039 
   8   (0.058) 0.052 0.019 0.015 0.084 
   9   (0.042) 0.011 0.167 0.011 0.010 
  10   (0.037) 0.010 0.085 0.010 0.009 
  11   (0.037) 0.010 0.056 0.010 0.011 
  12   (0.044) 0.012 0.191 0.011 0.015 
  13   (0.042) 0.011 0.170 0.011 0.009 
  14   (0.030) 0.008 0.032 0.008 0.005 
  15   (0.038) 0.010 0.085 0.010 0.009 
  16   (0.038) 0.010 0.006 0.231 0.007 
  17   (0.039) 0.010 0.006 0.195 0.007 
  18   (0.031) 0.008 0.005 0.082 0.005 
  19   (0.034) 0.009 0.006 0.082 0.006 
  20   (0.034) 0.009 0.006 0.082 0.006 
  21   (0.038) 0.010 0.006 0.121 0.007 

Locus 71 : locus71 
27 alleles
0.0% missing data
   1   (0.030) 0.008 0.005 0.008 0.060 
   2   (0.030) 0.008 0.007 0.008 0.114 
   3   (0.037) 0.010 0.013 0.010 0.137 
   4   (0.032) 0.008 0.010 0.008 0.111 
   5   (0.030) 0.008 0.005 0.008 0.060 
   6   (0.030) 0.008 0.007 0.008 0.086 
   7   (0.031) 0.008 0.005 0.008 0.088 
   8   (0.047) 0.086 0.013 0.012 0.058 
   9   (0.030) 0.008 0.008 0.008 0.057 
  10   (0.028) 0.007 0.005 0.007 0.032 
  11   (0.028) 0.007 0.007 0.007 0.057 
  12   (0.037) 0.010 0.170 0.010 0.011 
  13   (0.035) 0.009 0.143 0.009 0.009 
  14   (0.070) 0.165 0.068 0.092 0.012 
  15   (0.064) 0.090 0.061 0.054 0.016 
  16   (0.056) 0.015 0.083 0.199 0.019 
  17   (0.035) 0.009 0.090 0.009 0.006 
  18   (0.035) 0.009 0.058 0.009 0.010 
  19   (0.047) 0.049 0.092 0.013 0.008 
  20   (0.028) 0.008 0.057 0.007 0.008 
  21   (0.041) 0.011 0.035 0.047 0.007 
  22   (0.031) 0.008 0.033 0.008 0.005 
  23   (0.036) 0.302 0.006 0.010 0.006 
  24   (0.044) 0.085 0.007 0.085 0.007 
  25   (0.027) 0.044 0.005 0.007 0.005 
  26   (0.033) 0.009 0.006 0.304 0.006 
  27   (0.028) 0.007 0.005 0.044 0.005 

Locus 72 : locus72 
19 alleles
0.0% missing data
   1   (0.064) 0.090 0.012 0.017 0.176 
   2   (0.055) 0.015 0.064 0.015 0.065 
   3   (0.072) 0.239 0.020 0.019 0.115 
   4   (0.040) 0.011 0.008 0.011 0.144 
   5   (0.054) 0.051 0.012 0.014 0.090 
   6   (0.040) 0.011 0.012 0.010 0.113 
   7   (0.060) 0.053 0.016 0.016 0.114 
   8   (0.050) 0.123 0.008 0.013 0.036 
   9   (0.032) 0.009 0.005 0.008 0.033 
  10   (0.095) 0.172 0.177 0.061 0.022 
  11   (0.069) 0.019 0.231 0.129 0.015 
  12   (0.061) 0.016 0.228 0.053 0.015 
  13   (0.061) 0.017 0.059 0.127 0.017 
  14   (0.034) 0.009 0.033 0.009 0.006 
  15   (0.068) 0.018 0.091 0.128 0.015 
  16   (0.036) 0.083 0.006 0.009 0.006 
  17   (0.032) 0.045 0.005 0.009 0.005 
  18   (0.037) 0.010 0.006 0.120 0.006 
  19   (0.040) 0.011 0.007 0.232 0.007 

Locus 73 : locus73 
23 alleles
0.0% missing data
   1   (0.042) 0.011 0.008 0.011 0.198 
   2   (0.039) 0.010 0.009 0.010 0.168 
   3   (0.034) 0.009 0.006 0.009 0.033 
   4   (0.036) 0.010 0.010 0.009 0.249 
   5   (0.037) 0.010 0.008 0.010 0.087 
   6   (0.034) 0.009 0.009 0.009 0.057 
   7   (0.037) 0.010 0.010 0.010 0.057 
   8   (0.041) 0.011 0.197 0.011 0.013 
   9   (0.068) 0.018 0.121 0.238 0.014 
  10   (0.072) 0.019 0.178 0.129 0.014 
  11   (0.031) 0.008 0.061 0.008 0.005 
  12   (0.038) 0.010 0.114 0.010 0.011 
  13   (0.073) 0.093 0.040 0.093 0.012 
  14   (0.029) 0.008 0.033 0.008 0.005 
  15   (0.055) 0.015 0.083 0.051 0.020 
  16   (0.031) 0.008 0.033 0.009 0.005 
  17   (0.050) 0.013 0.035 0.125 0.008 
  18   (0.038) 0.230 0.006 0.010 0.006 
  19   (0.055) 0.161 0.009 0.088 0.009 
  20   (0.034) 0.046 0.006 0.009 0.006 
  21   (0.054) 0.087 0.009 0.088 0.009 
  22   (0.042) 0.194 0.007 0.011 0.007 
  23   (0.031) 0.008 0.005 0.045 0.005 

Locus 74 : locus74 
28 alleles
0.0% missing data
   1   (0.051) 0.014 0.011 0.050 0.090 
   2   (0.032) 0.008 0.005 0.008 0.033 
   3   (0.038) 0.010 0.009 0.010 0.284 
   4   (0.027) 0.007 0.004 0.007 0.061 
   5   (0.052) 0.014 0.010 0.050 0.119 
   6   (0.054) 0.015 0.009 0.162 0.037 
   7   (0.030) 0.008 0.005 0.008 0.033 
   8   (0.031) 0.008 0.008 0.008 0.057 
   9   (0.037) 0.010 0.017 0.010 0.106 
  10   (0.032) 0.009 0.009 0.008 0.058 
  11   (0.034) 0.009 0.226 0.009 0.007 
  12   (0.044) 0.012 0.389 0.012 0.013 
  13   (0.037) 0.010 0.081 0.010 0.014 
  14   (0.031) 0.009 0.032 0.008 0.005 
  15   (0.068) 0.018 0.118 0.203 0.014 
  16   (0.032) 0.082 0.005 0.008 0.005 
  17   (0.036) 0.156 0.006 0.009 0.006 
  18   (0.029) 0.044 0.005 0.008 0.005 
  19   (0.031) 0.045 0.005 0.008 0.005 
  20   (0.024) 0.043 0.004 0.006 0.004 
  21   (0.028) 0.044 0.005 0.007 0.005 
  22   (0.034) 0.082 0.006 0.009 0.006 
  23   (0.033) 0.155 0.005 0.009 0.006 
  24   (0.031) 0.118 0.005 0.008 0.005 
  25   (0.027) 0.044 0.004 0.007 0.005 
  26   (0.036) 0.010 0.006 0.083 0.006 
  27   (0.032) 0.009 0.005 0.230 0.006 
  28   (0.030) 0.008 0.005 0.045 0.005 

Locus 75 : locus75 
17 alleles
0.0% missing data
   1   (0.060) 0.016 0.017 0.052 0.250 
   2   (0.036) 0.010 0.006 0.009 0.061 
   3   (0.036) 0.010 0.006 0.010 0.115 
   4   (0.045) 0.012 0.014 0.012 0.220 
   5   (0.067) 0.128 0.017 0.018 0.143 
   6   (0.085) 0.059 0.042 0.096 0.041 
   7   (0.103) 0.248 0.074 0.064 0.044 
   8   (0.083) 0.059 0.149 0.096 0.020 
   9   (0.109) 0.139 0.236 0.176 0.026 
  10   (0.087) 0.097 0.123 0.096 0.019 
  11   (0.032) 0.009 0.033 0.008 0.005 
  12   (0.032) 0.009 0.033 0.008 0.005 
  13   (0.037) 0.010 0.089 0.010 0.008 
  14   (0.029) 0.008 0.033 0.008 0.005 
  15   (0.041) 0.011 0.107 0.011 0.018 
  16   (0.064) 0.127 0.011 0.164 0.011 
  17   (0.054) 0.051 0.009 0.162 0.009 

Locus 76 : locus76 
17 alleles
0.0% missing data
   1   (0.108) 0.029 0.033 0.360 0.363 
   2   (0.084) 0.059 0.014 0.133 0.070 
   3   (0.073) 0.239 0.012 0.019 0.067 
   4   (0.076) 0.021 0.015 0.168 0.149 
   5   (0.067) 0.018 0.013 0.091 0.148 
   6   (0.077) 0.094 0.019 0.057 0.063 
   7   (0.055) 0.088 0.009 0.014 0.037 
   8   (0.076) 0.130 0.200 0.020 0.020 
   9   (0.073) 0.092 0.258 0.019 0.017 
  10   (0.038) 0.010 0.118 0.010 0.006 
  11   (0.036) 0.010 0.062 0.010 0.006 
  12   (0.065) 0.054 0.139 0.017 0.021 
  13   (0.040) 0.011 0.087 0.010 0.010 
  14   (0.034) 0.045 0.006 0.009 0.006 
  15   (0.033) 0.045 0.005 0.009 0.006 
  16   (0.033) 0.045 0.005 0.009 0.006 
  17   (0.035) 0.009 0.006 0.046 0.006 

Locus 77 : locus77 
23 alleles
0.0% missing data
   1   (0.050) 0.013 0.011 0.013 0.311 
   2   (0.041) 0.011 0.008 0.011 0.116 
   3   (0.071) 0.055 0.023 0.019 0.194 
   4   (0.044) 0.012 0.010 0.012 0.227 
   5   (0.052) 0.014 0.283 0.014 0.013 
   6   (0.040) 0.011 0.088 0.011 0.009 
   7   (0.071) 0.019 0.254 0.054 0.020 
   8   (0.038) 0.010 0.062 0.010 0.006 
   9   (0.032) 0.009 0.033 0.009 0.006 
  10   (0.069) 0.019 0.091 0.129 0.016 
  11   (0.033) 0.009 0.033 0.009 0.006 
  12   (0.034) 0.009 0.033 0.009 0.006 
  13   (0.037) 0.083 0.006 0.010 0.006 
  14   (0.040) 0.267 0.007 0.011 0.007 
  15   (0.041) 0.157 0.007 0.011 0.007 
  16   (0.044) 0.121 0.007 0.012 0.007 
  17   (0.033) 0.082 0.005 0.009 0.006 
  18   (0.032) 0.045 0.005 0.008 0.005 
  19   (0.039) 0.011 0.006 0.084 0.007 
  20   (0.039) 0.010 0.006 0.121 0.007 
  21   (0.036) 0.010 0.006 0.083 0.006 
  22   (0.044) 0.012 0.007 0.233 0.007 
  23   (0.038) 0.010 0.006 0.121 0.007 

Locus 78 : locus78 
19 alleles
0.0% missing data
   1   (0.054) 0.014 0.015 0.014 0.494 
   2   (0.061) 0.053 0.014 0.016 0.088 
   3   (0.098) 0.063 0.095 0.026 0.159 
   4   (0.073) 0.313 0.012 0.019 0.039 
   5   (0.060) 0.053 0.014 0.016 0.088 
   6   (0.041) 0.011 0.119 0.011 0.009 
   7   (0.042) 0.011 0.121 0.011 0.007 
   8   (0.070) 0.092 0.093 0.018 0.015 
   9   (0.045) 0.012 0.146 0.012 0.011 
  10   (0.050) 0.014 0.167 0.013 0.019 
  11   (0.066) 0.091 0.068 0.018 0.011 
  12   (0.041) 0.011 0.059 0.011 0.011 
  13   (0.054) 0.088 0.037 0.014 0.009 
  14   (0.039) 0.083 0.007 0.010 0.006 
  15   (0.033) 0.045 0.006 0.009 0.006 
  16   (0.052) 0.014 0.009 0.419 0.009 
  17   (0.038) 0.010 0.006 0.121 0.006 
  18   (0.036) 0.010 0.006 0.046 0.006 
  19   (0.044) 0.012 0.007 0.196 0.007 

Locus 79 : locus79 
17 alleles
0.0% missing data
   1   (0.104) 0.101 0.204 0.027 0.132 
   2   (0.069) 0.128 0.016 0.018 0.153 
   3   (0.067) 0.348 0.011 0.018 0.041 
   4   (0.061) 0.016 0.010 0.164 0.040 
   5   (0.060) 0.016 0.016 0.052 0.120 
   6   (0.032) 0.009 0.005 0.009 0.035 
   7   (0.093) 0.061 0.163 0.024 0.145 
   8   (0.035) 0.009 0.006 0.009 0.035 
   9   (0.047) 0.013 0.008 0.049 0.037 
  10   (0.051) 0.014 0.008 0.050 0.038 
  11   (0.033) 0.009 0.005 0.009 0.035 
  12   (0.067) 0.018 0.014 0.128 0.096 
  13   (0.065) 0.018 0.010 0.313 0.040 
  14   (0.074) 0.093 0.242 0.019 0.023 
  15   (0.073) 0.093 0.273 0.019 0.018 
  16   (0.033) 0.046 0.005 0.009 0.006 
  17   (0.035) 0.010 0.006 0.083 0.006 

Locus 80 : locus80 
30 alleles
0.0% missing data
   1   (0.034) 0.009 0.006 0.009 0.089 
   2   (0.040) 0.011 0.013 0.010 0.360 
   3   (0.030) 0.008 0.005 0.008 0.061 
   4   (0.035) 0.009 0.007 0.009 0.115 
   5   (0.030) 0.008 0.005 0.008 0.033 
   6   (0.036) 0.010 0.010 0.009 0.057 
   7   (0.028) 0.007 0.005 0.007 0.032 
   8   (0.031) 0.008 0.009 0.008 0.057 
   9   (0.028) 0.008 0.005 0.007 0.032 
  10   (0.030) 0.008 0.005 0.008 0.033 
  11   (0.032) 0.009 0.227 0.008 0.007 
  12   (0.031) 0.008 0.143 0.008 0.006 
  13   (0.038) 0.010 0.252 0.010 0.011 
  14   (0.038) 0.010 0.112 0.010 0.011 
  15   (0.032) 0.009 0.057 0.008 0.009 
  16   (0.033) 0.009 0.033 0.009 0.006 
  17   (0.032) 0.009 0.033 0.008 0.005 
  18   (0.049) 0.196 0.008 0.049 0.008 
  19   (0.038) 0.120 0.006 0.010 0.006 
  20   (0.035) 0.192 0.006 0.009 0.006 
  21   (0.031) 0.081 0.005 0.008 0.005 
  22   (0.032) 0.155 0.005 0.008 0.005 
  23   (0.031) 0.045 0.005 0.008 0.005 
  24   (0.030) 0.008 0.005 0.081 0.005 
  25   (0.035) 0.009 0.006 0.083 0.006 
  26   (0.034) 0.009 0.006 0.120 0.006 
  27   (0.035) 0.009 0.006 0.157 0.006 
  28   (0.034) 0.009 0.006 0.194 0.006 
  29   (0.030) 0.008 0.005 0.045 0.005 
  30   (0.028) 0.008 0.005 0.081 0.005 

Locus 81 : locus81 
24 alleles
0.0% missing data
   1   (0.035) 0.009 0.017 0.009 0.105 
   2   (0.029) 0.008 0.005 0.008 0.032 
   3   (0.032) 0.009 0.008 0.008 0.140 
   4   (0.033) 0.009 0.010 0.009 0.112 
   5   (0.033) 0.009 0.005 0.009 0.116 
   6   (0.060) 0.199 0.014 0.016 0.171 
   7   (0.030) 0.008 0.005 0.008 0.032 
   8   (0.034) 0.009 0.008 0.009 0.086 
   9   (0.028) 0.008 0.005 0.007 0.032 
  10   (0.028) 0.008 0.005 0.008 0.032 
  11   (0.060) 0.016 0.144 0.201 0.016 
  12   (0.048) 0.013 0.064 0.049 0.008 
  13   (0.053) 0.014 0.083 0.088 0.018 
  14   (0.047) 0.013 0.089 0.049 0.011 
  15   (0.040) 0.011 0.034 0.048 0.007 
  16   (0.053) 0.014 0.145 0.051 0.013 
  17   (0.049) 0.013 0.120 0.049 0.008 
  18   (0.054) 0.051 0.140 0.014 0.018 
  19   (0.048) 0.013 0.064 0.049 0.008 
  20   (0.053) 0.271 0.009 0.050 0.009 
  21   (0.029) 0.044 0.005 0.008 0.005 
  22   (0.030) 0.117 0.005 0.008 0.005 
  23   (0.046) 0.086 0.008 0.049 0.008 
  24   (0.048) 0.049 0.008 0.198 0.008 

Locus 82 : locus82 
23 alleles
0.0% missing data
   1   (0.036) 0.010 0.006 0.009 0.061 
   2   (0.034) 0.009 0.010 0.009 0.056 
   3   (0.049) 0.013 0.013 0.013 0.413 
   4   (0.036) 0.010 0.008 0.009 0.086 
   5   (0.033) 0.009 0.007 0.009 0.114 
   6   (0.029) 0.008 0.005 0.008 0.032 
   7   (0.034) 0.009 0.008 0.009 0.085 
   8   (0.058) 0.016 0.317 0.051 0.014 
   9   (0.064) 0.127 0.117 0.017 0.017 
  10   (0.084) 0.243 0.063 0.059 0.021 
  11   (0.030) 0.008 0.033 0.008 0.005 
  12   (0.039) 0.011 0.118 0.010 0.008 
  13   (0.034) 0.009 0.090 0.009 0.006 
  14   (0.082) 0.095 0.117 0.058 0.022 
  15   (0.032) 0.009 0.033 0.009 0.005 
  16   (0.029) 0.044 0.005 0.008 0.005 
  17   (0.050) 0.050 0.008 0.124 0.008 
  18   (0.059) 0.162 0.010 0.089 0.010 
  19   (0.034) 0.082 0.006 0.009 0.006 
  20   (0.058) 0.052 0.010 0.237 0.010 
  21   (0.035) 0.010 0.006 0.157 0.006 
  22   (0.031) 0.008 0.005 0.045 0.005 
  23   (0.028) 0.008 0.005 0.044 0.005 

Locus 83 : locus83 
21 alleles
0.0% missing data
   1   (0.039) 0.010 0.007 0.010 0.115 
   2   (0.049) 0.013 0.013 0.013 0.192 
   3   (0.079) 0.021 0.271 0.021 0.173 
   4   (0.037) 0.010 0.008 0.010 0.113 
   5   (0.045) 0.012 0.014 0.012 0.163 
   6   (0.038) 0.010 0.011 0.010 0.056 
   7   (0.035) 0.010 0.010 0.009 0.056 
   8   (0.033) 0.009 0.034 0.009 0.005 
   9   (0.067) 0.018 0.097 0.202 0.011 
  10   (0.069) 0.018 0.093 0.166 0.015 
  11   (0.063) 0.017 0.068 0.090 0.010 
  12   (0.069) 0.019 0.086 0.129 0.022 
  13   (0.064) 0.017 0.206 0.054 0.016 
  14   (0.047) 0.013 0.036 0.050 0.008 
  15   (0.047) 0.268 0.008 0.012 0.008 
  16   (0.038) 0.156 0.006 0.010 0.006 
  17   (0.035) 0.083 0.006 0.009 0.006 
  18   (0.038) 0.083 0.006 0.010 0.006 
  19   (0.038) 0.083 0.007 0.010 0.006 
  20   (0.036) 0.119 0.006 0.009 0.006 
  21   (0.036) 0.010 0.006 0.157 0.006 

Locus 84 : locus84 
24 alleles
0.0% missing data
   1   (0.047) 0.012 0.015 0.012 0.329 
   2   (0.035) 0.010 0.006 0.009 0.088 
   3   (0.037) 0.010 0.009 0.010 0.168 
   4   (0.038) 0.010 0.008 0.010 0.169 
   5   (0.040) 0.011 0.009 0.010 0.086 
   6   (0.061) 0.053 0.229 0.016 0.017 
   7   (0.043) 0.012 0.140 0.011 0.015 
   8   (0.038) 0.010 0.091 0.010 0.006 
   9   (0.066) 0.018 0.062 0.202 0.016 
  10   (0.032) 0.009 0.033 0.009 0.005 
  11   (0.053) 0.014 0.066 0.050 0.009 
  12   (0.038) 0.010 0.089 0.010 0.009 
  13   (0.057) 0.052 0.091 0.015 0.013 
  14   (0.060) 0.016 0.066 0.385 0.010 
  15   (0.046) 0.049 0.036 0.012 0.008 
  16   (0.036) 0.156 0.006 0.009 0.006 
  17   (0.038) 0.193 0.006 0.010 0.006 
  18   (0.032) 0.045 0.005 0.009 0.005 
  19   (0.031) 0.045 0.005 0.008 0.005 
  20   (0.037) 0.083 0.006 0.010 0.006 
  21   (0.033) 0.082 0.006 0.009 0.006 
  22   (0.037) 0.083 0.006 0.010 0.006 
  23   (0.033) 0.009 0.006 0.120 0.006 
  24   (0.030) 0.008 0.005 0.044 0.005 

Locus 85 : locus85 
23 alleles
0.0% missing data
   1   (0.053) 0.014 0.012 0.051 0.091 
   2   (0.063) 0.017 0.018 0.127 0.173 
   3   (0.030) 0.008 0.007 0.008 0.088 
   4   (0.051) 0.014 0.008 0.124 0.065 
   5   (0.058) 0.016 0.012 0.052 0.262 
   6   (0.057) 0.015 0.098 0.015 0.143 
   7   (0.031) 0.008 0.005 0.008 0.033 
   8   (0.067) 0.201 0.113 0.018 0.019 
   9   (0.033) 0.009 0.085 0.009 0.008 
  10   (0.033) 0.009 0.060 0.009 0.006 
  11   (0.059) 0.125 0.141 0.015 0.015 
  12   (0.048) 0.087 0.034 0.012 0.008 
  13   (0.052) 0.050 0.140 0.014 0.014 
  14   (0.054) 0.088 0.088 0.014 0.013 
  15   (0.036) 0.010 0.086 0.009 0.009 
  16   (0.059) 0.198 0.059 0.016 0.016 
  17   (0.025) 0.043 0.004 0.006 0.004 
  18   (0.028) 0.044 0.005 0.007 0.005 
  19   (0.030) 0.008 0.005 0.045 0.005 
  20   (0.040) 0.011 0.006 0.232 0.007 
  21   (0.030) 0.008 0.005 0.081 0.005 
  22   (0.033) 0.009 0.005 0.082 0.006 
  23   (0.030) 0.008 0.005 0.045 0.005 

Locus 86 : locus86 
20 alleles
0.0% missing data
   1   (0.092) 0.025 0.066 0.172 0.184 
   2   (0.103) 0.028 0.187 0.212 0.099 
   3   (0.033) 0.009 0.006 0.009 0.060 
   4   (0.063) 0.017 0.015 0.090 0.169 
   5   (0.037) 0.010 0.013 0.010 0.189 
   6   (0.056) 0.015 0.015 0.089 0.058 
   7   (0.040) 0.011 0.007 0.011 0.088 
   8   (0.053) 0.014 0.103 0.014 0.054 
   9   (0.059) 0.016 0.209 0.051 0.011 
  10   (0.091) 0.098 0.126 0.135 0.018 
  11   (0.034) 0.009 0.059 0.009 0.009 
  12   (0.062) 0.017 0.148 0.127 0.015 
  13   (0.037) 0.157 0.006 0.010 0.006 
  14   (0.036) 0.119 0.006 0.009 0.006 
  15   (0.034) 0.082 0.006 0.009 0.006 
  16   (0.036) 0.119 0.006 0.010 0.006 
  17   (0.037) 0.120 0.006 0.010 0.006 
  18   (0.031) 0.045 0.005 0.008 0.005 
  19   (0.032) 0.045 0.005 0.008 0.005 
  20   (0.032) 0.045 0.005 0.008 0.005 

Locus 87 : locus87 
16 alleles
0.0% missing data
   1   (0.078) 0.021 0.107 0.021 0.195 
   2   (0.055) 0.015 0.013 0.014 0.284 
   3   (0.037) 0.010 0.006 0.010 0.034 
   4   (0.045) 0.012 0.010 0.012 0.088 
   5   (0.049) 0.013 0.010 0.013 0.200 
   6   (0.042) 0.011 0.011 0.011 0.058 
   7   (0.052) 0.014 0.366 0.014 0.013 
   8   (0.100) 0.137 0.072 0.100 0.017 
   9   (0.075) 0.093 0.120 0.020 0.016 
  10   (0.103) 0.356 0.148 0.027 0.025 
  11   (0.082) 0.095 0.041 0.059 0.014 
  12   (0.082) 0.022 0.062 0.207 0.021 
  13   (0.044) 0.085 0.007 0.011 0.007 
  14   (0.061) 0.090 0.010 0.053 0.010 
  15   (0.047) 0.013 0.008 0.196 0.008 
  16   (0.047) 0.013 0.008 0.234 0.008 

Locus 88 : locus88 
22 alleles
0.0% missing data
   1   (0.041) 0.011 0.011 0.011 0.223 
   2   (0.031) 0.008 0.005 0.008 0.033 
   3   (0.041) 0.011 0.010 0.011 0.224 
   4   (0.031) 0.008 0.005 0.008 0.060 
   5   (0.031) 0.008 0.005 0.008 0.033 
   6   (0.033) 0.009 0.006 0.009 0.033 
   7   (0.036) 0.010 0.009 0.009 0.140 
   8   (0.033) 0.009 0.009 0.009 0.057 
   9   (0.034) 0.009 0.009 0.009 0.057 
  10   (0.032) 0.009 0.033 0.008 0.005 
  11   (0.061) 0.017 0.257 0.053 0.016 
  12   (0.114) 0.250 0.290 0.140 0.028 
  13   (0.076) 0.094 0.125 0.057 0.013 
  14   (0.085) 0.059 0.070 0.280 0.014 
  15   (0.055) 0.051 0.083 0.014 0.019 
  16   (0.062) 0.053 0.038 0.091 0.010 
  17   (0.036) 0.119 0.006 0.009 0.006 
  18   (0.030) 0.044 0.005 0.008 0.005 
  19   (0.030) 0.081 0.005 0.008 0.005 
  20   (0.032) 0.082 0.005 0.009 0.005 
  21   (0.035) 0.046 0.006 0.009 0.006 
  22   (0.040) 0.011 0.007 0.231 0.007 

Locus 89 : locus89 
23 alleles
0.0% missing data
   1   (0.051) 0.014 0.014 0.050 0.058 
   2   (0.036) 0.010 0.010 0.009 0.057 
   3   (0.039) 0.010 0.011 0.010 0.194 
   4   (0.060) 0.126 0.010 0.016 0.065 
   5   (0.040) 0.011 0.010 0.011 0.251 
   6   (0.041) 0.011 0.009 0.011 0.224 
   7   (0.065) 0.017 0.205 0.054 0.015 
   8   (0.027) 0.007 0.033 0.007 0.005 
   9   (0.068) 0.018 0.146 0.166 0.017 
  10   (0.053) 0.014 0.060 0.051 0.013 
  11   (0.041) 0.011 0.202 0.011 0.009 
  12   (0.061) 0.016 0.121 0.090 0.013 
  13   (0.046) 0.012 0.036 0.086 0.008 
  14   (0.072) 0.019 0.084 0.203 0.023 
  15   (0.040) 0.230 0.007 0.010 0.007 
  16   (0.038) 0.193 0.006 0.010 0.006 
  17   (0.030) 0.045 0.005 0.008 0.005 
  18   (0.036) 0.119 0.006 0.009 0.006 
  19   (0.029) 0.044 0.005 0.008 0.005 
  20   (0.032) 0.045 0.005 0.009 0.005 
  21   (0.031) 0.008 0.005 0.082 0.005 
  22   (0.031) 0.008 0.005 0.045 0.005 
  23   (0.031) 0.008 0.005 0.045 0.005 

Locus 90 : locus90 
24 alleles
0.0% missing data
   1   (0.063) 0.017 0.210 0.017 0.169 
   2   (0.045) 0.048 0.007 0.012 0.036 
   3   (0.033) 0.009 0.005 0.009 0.119 
   4   (0.032) 0.009 0.009 0.008 0.059 
   5   (0.035) 0.009 0.007 0.009 0.118 
   6   (0.052) 0.014 0.149 0.014 0.062 
   7   (0.070) 0.128 0.058 0.019 0.104 
   8   (0.048) 0.013 0.052 0.013 0.104 
   9   (0.050) 0.013 0.160 0.013 0.049 
  10   (0.084) 0.389 0.086 0.022 0.052 
  11   (0.062) 0.053 0.082 0.016 0.049 
  12   (0.045) 0.086 0.062 0.012 0.008 
  13   (0.046) 0.049 0.057 0.012 0.013 
  14   (0.030) 0.044 0.005 0.008 0.005 
  15   (0.026) 0.043 0.004 0.007 0.005 
  16   (0.036) 0.010 0.006 0.193 0.006 
  17   (0.031) 0.008 0.005 0.119 0.005 
  18   (0.030) 0.008 0.005 0.045 0.005 
  19   (0.028) 0.008 0.005 0.081 0.005 
  20   (0.032) 0.009 0.005 0.119 0.006 
  21   (0.032) 0.009 0.005 0.119 0.006 
  22   (0.031) 0.008 0.005 0.045 0.005 
  23   (0.027) 0.007 0.004 0.044 0.005 
  24   (0.031) 0.008 0.005 0.045 0.005 

Locus 91 : locus91 
17 alleles
0.0% missing data
   1   (0.085) 0.023 0.314 0.022 0.103 
   2   (0.068) 0.018 0.017 0.055 0.144 
   3   (0.072) 0.019 0.017 0.055 0.257 
   4   (0.070) 0.019 0.224 0.018 0.050 
   5   (0.066) 0.018 0.079 0.017 0.110 
   6   (0.071) 0.019 0.107 0.019 0.110 
   7   (0.072) 0.019 0.018 0.167 0.061 
   8   (0.033) 0.009 0.005 0.009 0.033 
   9   (0.067) 0.018 0.017 0.091 0.061 
  10   (0.045) 0.012 0.143 0.012 0.011 
  11   (0.042) 0.121 0.007 0.011 0.007 
  12   (0.074) 0.203 0.012 0.093 0.013 
  13   (0.048) 0.269 0.008 0.013 0.008 
  14   (0.060) 0.126 0.010 0.052 0.010 
  15   (0.039) 0.083 0.007 0.010 0.007 
  16   (0.044) 0.012 0.007 0.196 0.007 
  17   (0.044) 0.012 0.007 0.159 0.007 

Locus 92 : locus92 
18 alleles
0.0% missing data
   1   (0.102) 0.027 0.118 0.064 0.305 
   2   (0.111) 0.030 0.361 0.066 0.174 
   3   (0.129) 0.035 0.077 0.403 0.189 
   4   (0.045) 0.012 0.013 0.012 0.114 
   5   (0.036) 0.010 0.006 0.010 0.062 
   6   (0.066) 0.018 0.017 0.128 0.061 
   7   (0.062) 0.017 0.119 0.053 0.013 
   8   (0.037) 0.010 0.062 0.010 0.006 
   9   (0.039) 0.011 0.087 0.010 0.009 
  10   (0.072) 0.019 0.091 0.130 0.016 
  11   (0.044) 0.231 0.007 0.012 0.008 
  12   (0.041) 0.230 0.007 0.011 0.007 
  13   (0.034) 0.046 0.006 0.009 0.006 
  14   (0.034) 0.046 0.006 0.009 0.006 
  15   (0.038) 0.083 0.006 0.010 0.006 
  16   (0.039) 0.120 0.006 0.010 0.007 
  17   (0.036) 0.046 0.006 0.010 0.006 
  18   (0.035) 0.009 0.006 0.046 0.006 

Locus 93 : locus93 
21 alleles
0.0% missing data
   1   (0.066) 0.018 0.019 0.091 0.223 
   2   (0.070) 0.019 0.221 0.018 0.136 
   3   (0.053) 0.014 0.010 0.050 0.173 
   4   (0.047) 0.013 0.008 0.087 0.035 
   5   (0.034) 0.009 0.009 0.009 0.057 
   6   (0.031) 0.009 0.005 0.008 0.033 
   7   (0.068) 0.018 0.019 0.165 0.114 
   8   (0.054) 0.015 0.009 0.125 0.037 
   9   (0.051) 0.014 0.013 0.050 0.059 
  10   (0.051) 0.014 0.009 0.161 0.036 
  11   (0.036) 0.010 0.201 0.009 0.008 
  12   (0.036) 0.010 0.088 0.009 0.008 
  13   (0.061) 0.237 0.036 0.016 0.010 
  14   (0.058) 0.052 0.171 0.015 0.016 
  15   (0.055) 0.088 0.065 0.015 0.009 
  16   (0.062) 0.200 0.060 0.016 0.017 
  17   (0.029) 0.008 0.033 0.008 0.005 
  18   (0.036) 0.119 0.006 0.009 0.006 
  19   (0.035) 0.119 0.006 0.009 0.006 
  20   (0.031) 0.009 0.005 0.045 0.005 
  21   (0.034) 0.009 0.006 0.082 0.006 

Locus 94 : locus94 
19 alleles
0.0% missing data
   1   (0.064) 0.053 0.014 0.017 0.091 
   2   (0.049) 0.013 0.010 0.013 0.229 
   3   (0.051) 0.014 0.012 0.013 0.257 
   4   (0.072) 0.349 0.012 0.019 0.040 
   5   (0.066) 0.018 0.018 0.054 0.116 
   6   (0.074) 0.129 0.016 0.019 0.093 
   7   (0.065) 0.018 0.016 0.091 0.061 
   8   (0.049) 0.013 0.309 0.013 0.011 
   9   (0.049) 0.013 0.167 0.013 0.015 
  10   (0.043) 0.012 0.112 0.012 0.013 
  11   (0.046) 0.012 0.198 0.012 0.010 
  12   (0.050) 0.014 0.036 0.050 0.009 
  13   (0.035) 0.009 0.033 0.009 0.006 
  14   (0.069) 0.054 0.011 0.277 0.012 
  15   (0.068) 0.238 0.011 0.054 0.012 
  16   (0.044) 0.012 0.007 0.159 0.007 
  17   (0.037) 0.010 0.006 0.083 0.006 
  18   (0.035) 0.009 0.006 0.046 0.006 
  19   (0.032) 0.009 0.005 0.045 0.005 

Locus 95 : locus95 
28 alleles
0.0% missing data
   1   (0.036) 0.010 0.008 0.009 0.228 
   2   (0.065) 0.054 0.016 0.054 0.145 
   3   (0.051) 0.014 0.010 0.087 0.119 
   4   (0.059) 0.162 0.013 0.016 0.090 
   5   (0.032) 0.009 0.009 0.008 0.058 
   6   (0.054) 0.014 0.014 0.162 0.060 
   7   (0.029) 0.008 0.008 0.008 0.057 
   8   (0.043) 0.085 0.007 0.011 0.035 
   9   (0.029) 0.008 0.008 0.008 0.058 
  10   (0.046) 0.086 0.008 0.012 0.036 
  11   (0.034) 0.009 0.249 0.009 0.010 
  12   (0.035) 0.010 0.169 0.009 0.008 
  13   (0.031) 0.009 0.086 0.008 0.007 
  14   (0.027) 0.007 0.060 0.007 0.005 
  15   (0.028) 0.007 0.087 0.007 0.005 
  16   (0.027) 0.007 0.056 0.007 0.008 
  17   (0.029) 0.008 0.057 0.008 0.008 
  18   (0.026) 0.007 0.032 0.007 0.004 
  19   (0.032) 0.009 0.057 0.009 0.009 
  20   (0.042) 0.085 0.007 0.048 0.007 
  21   (0.034) 0.228 0.006 0.009 0.006 
  22   (0.030) 0.045 0.005 0.008 0.005 
  23   (0.033) 0.082 0.005 0.009 0.006 
  24   (0.029) 0.008 0.005 0.155 0.005 
  25   (0.030) 0.008 0.005 0.082 0.005 
  26   (0.032) 0.009 0.005 0.156 0.006 
  27   (0.027) 0.007 0.005 0.044 0.005 
  28   (0.029) 0.008 0.005 0.044 0.005 

Locus 96 : locus96 
21 alleles
0.0% missing data
   1   (0.072) 0.129 0.023 0.019 0.142 
   2   (0.043) 0.012 0.009 0.011 0.119 
   3   (0.043) 0.011 0.008 0.011 0.148 
   4   (0.080) 0.131 0.053 0.021 0.056 
   5   (0.067) 0.018 0.015 0.054 0.264 
   6   (0.069) 0.238 0.017 0.018 0.062 
   7   (0.035) 0.009 0.006 0.009 0.063 
   8   (0.058) 0.125 0.009 0.015 0.038 
   9   (0.080) 0.022 0.252 0.132 0.020 
  10   (0.047) 0.013 0.386 0.012 0.011 
  11   (0.048) 0.013 0.164 0.013 0.015 
  12   (0.034) 0.046 0.006 0.009 0.006 
  13   (0.035) 0.046 0.006 0.009 0.006 
  14   (0.038) 0.120 0.006 0.010 0.007 
  15   (0.044) 0.012 0.007 0.306 0.008 
  16   (0.035) 0.010 0.006 0.083 0.006 
  17   (0.032) 0.009 0.005 0.045 0.005 
  18   (0.033) 0.009 0.005 0.046 0.006 
  19   (0.038) 0.010 0.006 0.084 0.007 
  20   (0.035) 0.009 0.006 0.046 0.006 
  21   (0.033) 0.009 0.005 0.045 0.006 

Locus 97 : locus97 
20 alleles
0.0% missing data
   1   (0.058) 0.125 0.012 0.015 0.092 
   2   (0.085) 0.132 0.020 0.133 0.064 
   3   (0.105) 0.101 0.027 0.249 0.177 
   4   (0.054) 0.015 0.015 0.088 0.116 
   5   (0.083) 0.132 0.014 0.169 0.071 
   6   (0.045) 0.012 0.007 0.049 0.036 
   7   (0.087) 0.133 0.018 0.097 0.125 
   8   (0.033) 0.009 0.009 0.009 0.058 
   9   (0.038) 0.010 0.008 0.010 0.118 
  10   (0.047) 0.013 0.008 0.049 0.065 
  11   (0.043) 0.011 0.277 0.011 0.010 
  12   (0.045) 0.049 0.035 0.012 0.008 
  13   (0.039) 0.010 0.245 0.010 0.013 
  14   (0.033) 0.009 0.084 0.009 0.008 
  15   (0.034) 0.009 0.113 0.009 0.007 
  16   (0.031) 0.009 0.032 0.008 0.005 
  17   (0.030) 0.008 0.032 0.008 0.005 
  18   (0.029) 0.008 0.032 0.008 0.005 
  19   (0.029) 0.044 0.005 0.008 0.005 
  20   (0.051) 0.160 0.008 0.050 0.009 

Locus 98 : locus98 
20 alleles
0.0% missing data
   1   (0.076) 0.057 0.027 0.020 0.270 
   2   (0.065) 0.017 0.182 0.017 0.064 
   3   (0.065) 0.018 0.058 0.017 0.211 
   4   (0.054) 0.014 0.009 0.125 0.036 
   5   (0.039) 0.010 0.009 0.010 0.085 
   6   (0.057) 0.051 0.010 0.015 0.118 
   7   (0.049) 0.013 0.008 0.050 0.035 
   8   (0.078) 0.021 0.391 0.021 0.088 
   9   (0.041) 0.011 0.090 0.011 0.009 
  10   (0.040) 0.011 0.060 0.011 0.011 
  11   (0.066) 0.312 0.037 0.017 0.011 
  12   (0.052) 0.050 0.037 0.014 0.009 
  13   (0.064) 0.273 0.039 0.017 0.011 
  14   (0.034) 0.082 0.006 0.009 0.006 
  15   (0.041) 0.011 0.007 0.232 0.007 
  16   (0.037) 0.010 0.006 0.120 0.006 
  17   (0.036) 0.010 0.006 0.083 0.006 
  18   (0.034) 0.009 0.006 0.046 0.006 
  19   (0.038) 0.010 0.007 0.121 0.006 
  20   (0.034) 0.009 0.006 0.046 0.006 

Locus 99 : locus99 
13 alleles
0.0% missing data
   1   (0.107) 0.029 0.317 0.064 0.140 
   2   (0.122) 0.142 0.034 0.142 0.170 
   3   (0.078) 0.021 0.199 0.020 0.132 
   4   (0.092) 0.208 0.026 0.024 0.168 
   5   (0.094) 0.098 0.016 0.210 0.042 
   6   (0.107) 0.101 0.022 0.139 0.150 
   7   (0.078) 0.021 0.018 0.205 0.090 
   8   (0.080) 0.022 0.071 0.058 0.068 
   9   (0.044) 0.012 0.149 0.012 0.009 
  10   (0.041) 0.011 0.093 0.011 0.007 
  11   (0.036) 0.010 0.034 0.009 0.006 
  12   (0.068) 0.274 0.012 0.054 0.011 
  13   (0.053) 0.051 0.009 0.051 0.009 

Locus 100 : locus100 
18 alleles
0.0% missing data
   1   (0.036) 0.010 0.010 0.009 0.059 
   2   (0.106) 0.175 0.217 0.028 0.149 
   3   (0.068) 0.055 0.011 0.055 0.098 
   4   (0.098) 0.063 0.157 0.063 0.096 
   5   (0.038) 0.010 0.008 0.010 0.119 
   6   (0.077) 0.057 0.023 0.094 0.087 
   7   (0.062) 0.017 0.019 0.127 0.086 
   8   (0.035) 0.009 0.006 0.009 0.092 
   9   (0.030) 0.008 0.005 0.008 0.034 
  10   (0.034) 0.009 0.007 0.009 0.089 
  11   (0.092) 0.134 0.331 0.060 0.026 
  12   (0.095) 0.355 0.143 0.062 0.024 
  13   (0.053) 0.014 0.035 0.088 0.009 
  14   (0.046) 0.049 0.007 0.049 0.008 
  15   (0.033) 0.009 0.005 0.083 0.006 
  16   (0.033) 0.009 0.005 0.082 0.006 
  17   (0.034) 0.009 0.005 0.120 0.006 
  18   (0.030) 0.008 0.005 0.045 0.005 

Values of parameters used in structure:
DATAFILE=parentandhybrid3.str,	OUTFILE=parentandhybrid4Deme_4,	NUMINDS=50,	NUMLOCI=100,	MISSING=0,	LABEL=1,	POPDATA=0,	POPFLAG=0,	PHENOTYPE=0,	EXTRACOLS=0,	MAXPOPS=4,	BURNIN=200000,	NUMREPS=200000,	USEPOPINFO=0,	INFERALPHA=1,	INFERLAMBDA=0,	POPSPECIFICLAMBDA=0,	POPALPHAS=0,	COMPUTEPROB=1,	NOADMIX=0,	ADMBURNIN=500,	UPDATEFREQ=100,	PRINTLIKES=0,	INTERMEDSAVE=0,	PRINTKLD=0,	PRINTNET=1,	PRINTLAMBDA=1,	ANCESTDIST=0,	NUMBOXES=1000,	ANCESTPINT=0.90000,	GENSBACK=2,	MIGRPRIOR=0.01000,	PRINTQHAT=0,	PRINTQSUM=1,	ALPHA=1.0000,	FREQSCORR=1,	FPRIORMEAN=0.0100,	FPRIORSD=0.0500,	ONEFST=0,	LAMBDA=1.0000,	UNIFPRIORALPHA=1,	ALPHAMAX=10.0000,	ALPHAPRIORA=1.0000,	ALPHAPRIORB=2.0000,	ALPHAPROPSD=0.0250,	STARTATPOPINFO=0,	RANDOMIZE=1,	LINKAGE=0,	METROFREQ=10,	REPORTHITRATE=0,	MARKOVPHASE=0,	PHASED=0,	PLOIDY=2,	PHASEINFO=0	LOCPRIOR=0, 	LOCPRIORINIT=1.000000, 	LOCDATA=0, 	LOCISPOP=0, 	LOCPRIORSTEP=0.100000, 	MAXLOCPRIOR=20.000000, 	SEED=1658863743,	
[STRAT parameters]:    NUMSIMSTATS=1000,	PHENOTYPECOL=-9,	POOLFREQ=10,	LOCUSxONLY=0,	EMERROR=0.00100,	MISSINGPHENO=-9,	