1667084673
1667084678
1667084683
1667084688
1667084693
1667084698
1667084703
1667084708
1667084713
1667084718
1667084723
1667084728
1667084733
1667084738
1667084743
1667084748
1667084753
1667084758
1667084763
1667084768
1667084773
1667084778
1667084783
1667084788
1667084793
1667084798
1667084803
1667084808
1667084813
1667084818
1667084823
1667084828
1667084833
1667084838
1667084843
1667084848
1667084853
1667084858
1667084863
1667084868
1667084873
1667084878
1667084883
1667084888
1667084893
1667084898
1667084903
1667084908
1667084914
1667084919
