

----------------------------------------------------
STRUCTURE by Pritchard, Stephens and Donnelly (2000)
     and Falush, Stephens and Pritchard (2003)
       Code by Pritchard, Falush and Hubisz
             Version 2.3.4 (Jul 2012)
----------------------------------------------------



Command line arguments:   bin\structure -m C:\Users\CHendrikse\Documents\HybridSimulation\SimParFiles\4DemeFixed\50_50\50_50\mainparams -e C:\Users\CHendrikse\Documents\HybridSimulation\SimParFiles\4DemeFixed\50_50\50_50\extraparams 
Input File:    C:\Users\CHendrikse\Documents\HybridSimulation\SimParFiles\4DemeFixed\50_50\project_data

Run parameters:
   50 individuals
   100 loci
   4 populations assumed
   50000 Burn-in period
   50000 Reps


--------------------------------------------
Overall proportion of membership of the
sample in each of the 4 clusters

Inferred Clusters
  1      2      3      4    
0.299  0.301  0.200  0.200  

--------------------------------------------

Allele-freq. divergence among pops (Net nucleotide distance),
computed using point estimates of P.

      1       2       3       4      
 1      -    0.1033  0.0994  0.1092  
 2   0.1033     -    0.0942  0.1059  
 3   0.0994  0.0942     -    0.0908  
 4   0.1092  0.1059  0.0908     -    

Average distances (expected heterozygosity) between individuals in same cluster:
cluster  1  : 0.8407 
cluster  2  : 0.8491 
cluster  3  : 0.8696 
cluster  4  : 0.8498 

--------------------------------------------
Estimated Ln Prob of Data   = -22897.1
Mean value of ln likelihood = -21366.2
Variance of ln likelihood   = 3061.7
Mean value of alpha         = 0.0282

Mean value of Fst_1         = 0.1467
Mean value of Fst_2         = 0.1414
Mean value of Fst_3         = 0.1157
Mean value of Fst_4         = 0.1394


Inferred ancestry of individuals:
        Label (%Miss) :  Inferred clusters
  1        1    (0)   :  0.000 0.999 0.001 0.000 
  2        2    (0)   :  0.001 0.999 0.000 0.000 
  3        3    (0)   :  0.001 0.997 0.001 0.001 
  4        4    (0)   :  0.001 0.998 0.001 0.000 
  5        5    (0)   :  0.001 0.998 0.001 0.000 
  6        6    (0)   :  0.000 0.999 0.000 0.000 
  7        7    (0)   :  0.001 0.996 0.002 0.000 
  8        8    (0)   :  0.001 0.999 0.000 0.000 
  9        9    (0)   :  0.001 0.999 0.000 0.000 
 10       10    (0)   :  0.001 0.998 0.000 0.000 
 11       11    (0)   :  0.998 0.000 0.000 0.001 
 12       12    (0)   :  0.999 0.000 0.000 0.000 
 13       13    (0)   :  0.999 0.000 0.000 0.000 
 14       14    (0)   :  0.999 0.000 0.000 0.000 
 15       15    (0)   :  0.998 0.000 0.000 0.001 
 16       16    (0)   :  0.998 0.001 0.001 0.001 
 17       17    (0)   :  0.996 0.002 0.001 0.001 
 18       18    (0)   :  0.998 0.000 0.001 0.001 
 19       19    (0)   :  0.999 0.000 0.000 0.000 
 20       20    (0)   :  0.999 0.000 0.000 0.000 
 21      h01    (0)   :  0.500 0.499 0.000 0.000 
 22      h02    (0)   :  0.499 0.501 0.000 0.000 
 23      h03    (0)   :  0.503 0.497 0.000 0.000 
 24      h04    (0)   :  0.486 0.513 0.000 0.000 
 25      h05    (0)   :  0.490 0.509 0.000 0.000 
 26      h06    (0)   :  0.485 0.514 0.000 0.000 
 27      h07    (0)   :  0.507 0.492 0.000 0.000 
 28      h08    (0)   :  0.485 0.515 0.000 0.000 
 29      h09    (0)   :  0.512 0.487 0.001 0.000 
 30      h10    (0)   :  0.484 0.515 0.000 0.000 
 31       21    (0)   :  0.000 0.000 0.999 0.000 
 32       22    (0)   :  0.000 0.000 0.998 0.001 
 33       23    (0)   :  0.000 0.000 0.998 0.002 
 34       24    (0)   :  0.000 0.000 0.999 0.000 
 35       25    (0)   :  0.001 0.000 0.997 0.001 
 36       26    (0)   :  0.001 0.001 0.998 0.001 
 37       27    (0)   :  0.000 0.000 0.999 0.000 
 38       28    (0)   :  0.000 0.000 0.999 0.000 
 39       29    (0)   :  0.000 0.000 0.998 0.001 
 40       30    (0)   :  0.000 0.000 0.999 0.000 
 41       31    (0)   :  0.001 0.001 0.000 0.998 
 42       32    (0)   :  0.000 0.000 0.000 0.999 
 43       33    (0)   :  0.000 0.000 0.000 0.999 
 44       34    (0)   :  0.000 0.000 0.000 0.999 
 45       35    (0)   :  0.000 0.001 0.000 0.999 
 46       36    (0)   :  0.001 0.001 0.001 0.998 
 47       37    (0)   :  0.000 0.000 0.000 0.999 
 48       38    (0)   :  0.000 0.000 0.001 0.999 
 49       39    (0)   :  0.000 0.000 0.001 0.998 
 50       40    (0)   :  0.000 0.000 0.000 0.999 


Estimated Allele Frequencies in each cluster
First column gives estimated ancestral frequencies


Locus 1 : locus1 
19 alleles
0.0% missing data
   1   (0.077) 0.132 0.255 0.021 0.018 
   2   (0.041) 0.009 0.088 0.011 0.010 
   3   (0.073) 0.102 0.061 0.020 0.056 
   4   (0.039) 0.008 0.089 0.011 0.009 
   5   (0.087) 0.104 0.064 0.169 0.021 
   6   (0.038) 0.007 0.117 0.010 0.009 
   7   (0.073) 0.012 0.097 0.056 0.055 
   8   (0.033) 0.009 0.058 0.009 0.008 
   9   (0.082) 0.081 0.084 0.023 0.133 
  10   (0.064) 0.066 0.011 0.163 0.015 
  11   (0.075) 0.282 0.020 0.129 0.018 
  12   (0.068) 0.147 0.014 0.164 0.016 
  13   (0.034) 0.005 0.006 0.118 0.008 
  14   (0.030) 0.005 0.005 0.044 0.007 
  15   (0.038) 0.006 0.006 0.011 0.162 
  16   (0.036) 0.006 0.006 0.010 0.123 
  17   (0.041) 0.006 0.007 0.011 0.086 
  18   (0.037) 0.006 0.006 0.010 0.123 
  19   (0.034) 0.006 0.006 0.009 0.123 

Locus 2 : locus2 
18 alleles
0.0% missing data
   1   (0.056) 0.012 0.175 0.015 0.051 
   2   (0.084) 0.019 0.318 0.023 0.096 
   3   (0.112) 0.140 0.147 0.031 0.179 
   4   (0.042) 0.007 0.036 0.012 0.010 
   5   (0.047) 0.007 0.064 0.013 0.011 
   6   (0.037) 0.006 0.035 0.010 0.009 
   7   (0.038) 0.006 0.035 0.010 0.009 
   8   (0.046) 0.015 0.084 0.013 0.011 
   9   (0.069) 0.066 0.012 0.019 0.093 
  10   (0.094) 0.474 0.026 0.026 0.137 
  11   (0.090) 0.174 0.021 0.025 0.289 
  12   (0.035) 0.033 0.006 0.010 0.008 
  13   (0.046) 0.007 0.008 0.301 0.011 
  14   (0.053) 0.008 0.009 0.304 0.013 
  15   (0.041) 0.007 0.007 0.048 0.010 
  16   (0.035) 0.006 0.006 0.046 0.009 
  17   (0.041) 0.007 0.007 0.084 0.010 
  18   (0.034) 0.006 0.006 0.009 0.046 

Locus 3 : locus3 
22 alleles
0.0% missing data
   1   (0.052) 0.010 0.145 0.015 0.012 
   2   (0.046) 0.012 0.195 0.013 0.011 
   3   (0.041) 0.009 0.252 0.011 0.010 
   4   (0.040) 0.011 0.112 0.011 0.009 
   5   (0.054) 0.009 0.064 0.051 0.013 
   6   (0.046) 0.011 0.087 0.013 0.011 
   7   (0.094) 0.265 0.019 0.026 0.290 
   8   (0.060) 0.066 0.010 0.017 0.205 
   9   (0.050) 0.256 0.014 0.014 0.012 
  10   (0.045) 0.118 0.010 0.013 0.011 
  11   (0.047) 0.089 0.010 0.013 0.011 
  12   (0.057) 0.082 0.020 0.016 0.052 
  13   (0.047) 0.008 0.008 0.229 0.011 
  14   (0.034) 0.006 0.006 0.118 0.008 
  15   (0.042) 0.007 0.007 0.156 0.010 
  16   (0.038) 0.006 0.006 0.156 0.009 
  17   (0.034) 0.006 0.006 0.045 0.008 
  18   (0.036) 0.006 0.006 0.046 0.009 
  19   (0.031) 0.005 0.005 0.008 0.084 
  20   (0.037) 0.006 0.006 0.010 0.123 
  21   (0.034) 0.006 0.006 0.009 0.046 
  22   (0.035) 0.006 0.006 0.010 0.046 

Locus 4 : locus4 
17 alleles
0.0% missing data
   1   (0.117) 0.074 0.352 0.033 0.333 
   2   (0.054) 0.009 0.064 0.015 0.051 
   3   (0.075) 0.145 0.102 0.021 0.018 
   4   (0.085) 0.207 0.209 0.023 0.020 
   5   (0.083) 0.087 0.052 0.023 0.172 
   6   (0.041) 0.007 0.090 0.011 0.010 
   7   (0.036) 0.006 0.034 0.010 0.009 
   8   (0.052) 0.036 0.009 0.014 0.050 
   9   (0.086) 0.042 0.014 0.314 0.058 
  10   (0.112) 0.288 0.029 0.103 0.218 
  11   (0.032) 0.033 0.006 0.009 0.008 
  12   (0.033) 0.033 0.006 0.009 0.008 
  13   (0.046) 0.007 0.008 0.193 0.011 
  14   (0.041) 0.007 0.007 0.083 0.010 
  15   (0.035) 0.006 0.006 0.046 0.009 
  16   (0.038) 0.006 0.006 0.046 0.009 
  17   (0.035) 0.006 0.006 0.046 0.008 

Locus 5 : locus5 
14 alleles
0.0% missing data
   1   (0.071) 0.016 0.254 0.020 0.054 
   2   (0.065) 0.015 0.171 0.018 0.053 
   3   (0.117) 0.028 0.311 0.068 0.143 
   4   (0.066) 0.015 0.089 0.091 0.016 
   5   (0.032) 0.005 0.032 0.009 0.007 
   6   (0.079) 0.230 0.023 0.022 0.095 
   7   (0.084) 0.239 0.016 0.204 0.020 
   8   (0.106) 0.126 0.021 0.138 0.140 
   9   (0.115) 0.152 0.027 0.213 0.104 
  10   (0.059) 0.061 0.015 0.016 0.052 
  11   (0.098) 0.065 0.023 0.171 0.100 
  12   (0.035) 0.034 0.006 0.010 0.008 
  13   (0.034) 0.006 0.006 0.009 0.084 
  14   (0.039) 0.006 0.006 0.011 0.124 

Locus 6 : locus6 
13 alleles
0.0% missing data
   1   (0.107) 0.017 0.074 0.210 0.140 
   2   (0.096) 0.456 0.157 0.027 0.023 
   3   (0.122) 0.026 0.212 0.143 0.144 
   4   (0.081) 0.121 0.239 0.022 0.019 
   5   (0.073) 0.012 0.041 0.093 0.055 
   6   (0.040) 0.010 0.059 0.011 0.009 
   7   (0.039) 0.006 0.063 0.011 0.009 
   8   (0.146) 0.168 0.101 0.112 0.187 
   9   (0.097) 0.043 0.017 0.280 0.100 
  10   (0.065) 0.118 0.014 0.018 0.053 
  11   (0.062) 0.010 0.011 0.053 0.129 
  12   (0.039) 0.006 0.007 0.011 0.086 
  13   (0.033) 0.005 0.006 0.009 0.046 

Locus 7 : locus7 
17 alleles
0.0% missing data
   1   (0.040) 0.010 0.302 0.011 0.009 
   2   (0.105) 0.119 0.244 0.029 0.139 
   3   (0.038) 0.006 0.088 0.010 0.009 
   4   (0.033) 0.009 0.056 0.009 0.008 
   5   (0.093) 0.134 0.092 0.134 0.022 
   6   (0.036) 0.010 0.056 0.010 0.009 
   7   (0.052) 0.009 0.036 0.015 0.050 
   8   (0.036) 0.034 0.006 0.010 0.008 
   9   (0.091) 0.120 0.024 0.061 0.137 
  10   (0.057) 0.067 0.009 0.016 0.128 
  11   (0.118) 0.159 0.023 0.286 0.219 
  12   (0.085) 0.119 0.023 0.277 0.020 
  13   (0.055) 0.067 0.009 0.015 0.128 
  14   (0.042) 0.116 0.012 0.012 0.010 
  15   (0.048) 0.008 0.008 0.050 0.050 
  16   (0.035) 0.006 0.006 0.046 0.008 
  17   (0.036) 0.006 0.006 0.010 0.046 

Locus 8 : locus8 
24 alleles
0.0% missing data
   1   (0.036) 0.010 0.249 0.010 0.009 
   2   (0.040) 0.009 0.251 0.011 0.010 
   3   (0.037) 0.008 0.114 0.010 0.009 
   4   (0.034) 0.009 0.057 0.010 0.008 
   5   (0.038) 0.010 0.057 0.010 0.009 
   6   (0.052) 0.009 0.035 0.232 0.012 
   7   (0.060) 0.010 0.065 0.197 0.014 
   8   (0.034) 0.006 0.033 0.010 0.008 
   9   (0.066) 0.146 0.016 0.090 0.016 
  10   (0.063) 0.171 0.018 0.017 0.091 
  11   (0.055) 0.201 0.015 0.015 0.051 
  12   (0.062) 0.121 0.013 0.017 0.053 
  13   (0.058) 0.150 0.010 0.016 0.090 
  14   (0.024) 0.032 0.004 0.007 0.006 
  15   (0.049) 0.060 0.013 0.086 0.012 
  16   (0.028) 0.005 0.005 0.044 0.007 
  17   (0.029) 0.005 0.005 0.080 0.007 
  18   (0.033) 0.006 0.006 0.081 0.008 
  19   (0.043) 0.007 0.007 0.012 0.201 
  20   (0.038) 0.006 0.006 0.011 0.124 
  21   (0.029) 0.005 0.005 0.008 0.045 
  22   (0.027) 0.004 0.004 0.008 0.045 
  23   (0.030) 0.005 0.005 0.008 0.084 
  24   (0.032) 0.005 0.005 0.009 0.084 

Locus 9 : locus9 
19 alleles
0.0% missing data
   1   (0.046) 0.012 0.197 0.013 0.011 
   2   (0.064) 0.014 0.090 0.018 0.092 
   3   (0.042) 0.013 0.222 0.012 0.010 
   4   (0.057) 0.015 0.059 0.016 0.051 
   5   (0.057) 0.009 0.065 0.016 0.166 
   6   (0.068) 0.011 0.066 0.019 0.207 
   7   (0.037) 0.010 0.058 0.010 0.009 
   8   (0.039) 0.006 0.034 0.011 0.009 
   9   (0.041) 0.007 0.090 0.011 0.010 
  10   (0.036) 0.202 0.006 0.010 0.009 
  11   (0.111) 0.426 0.031 0.247 0.026 
  12   (0.073) 0.068 0.012 0.165 0.017 
  13   (0.076) 0.092 0.017 0.237 0.018 
  14   (0.062) 0.084 0.021 0.053 0.015 
  15   (0.036) 0.006 0.006 0.082 0.008 
  16   (0.033) 0.005 0.006 0.046 0.008 
  17   (0.037) 0.006 0.006 0.010 0.085 
  18   (0.041) 0.007 0.007 0.011 0.124 
  19   (0.044) 0.007 0.007 0.012 0.126 

Locus 10 : locus10 
20 alleles
0.0% missing data
   1   (0.067) 0.156 0.200 0.018 0.016 
   2   (0.067) 0.017 0.201 0.163 0.016 
   3   (0.080) 0.400 0.152 0.022 0.019 
   4   (0.085) 0.018 0.094 0.059 0.096 
   5   (0.063) 0.012 0.149 0.017 0.053 
   6   (0.073) 0.115 0.049 0.020 0.055 
   7   (0.057) 0.014 0.060 0.052 0.014 
   8   (0.077) 0.199 0.021 0.021 0.209 
   9   (0.048) 0.008 0.008 0.266 0.012 
  10   (0.035) 0.006 0.006 0.046 0.008 
  11   (0.036) 0.006 0.006 0.082 0.009 
  12   (0.039) 0.006 0.007 0.047 0.009 
  13   (0.042) 0.007 0.007 0.084 0.010 
  14   (0.028) 0.005 0.005 0.044 0.007 
  15   (0.039) 0.006 0.007 0.011 0.125 
  16   (0.030) 0.005 0.005 0.009 0.045 
  17   (0.033) 0.005 0.006 0.009 0.046 
  18   (0.035) 0.006 0.006 0.010 0.085 
  19   (0.030) 0.005 0.005 0.008 0.045 
  20   (0.037) 0.006 0.006 0.010 0.123 

Locus 11 : locus11 
24 alleles
0.0% missing data
   1   (0.038) 0.013 0.137 0.011 0.009 
   2   (0.039) 0.007 0.226 0.011 0.009 
   3   (0.036) 0.010 0.057 0.010 0.008 
   4   (0.038) 0.010 0.195 0.010 0.009 
   5   (0.028) 0.006 0.085 0.008 0.006 
   6   (0.037) 0.008 0.087 0.010 0.009 
   7   (0.026) 0.004 0.032 0.007 0.006 
   8   (0.028) 0.005 0.032 0.008 0.007 
   9   (0.077) 0.287 0.020 0.021 0.170 
  10   (0.060) 0.165 0.023 0.017 0.091 
  11   (0.076) 0.154 0.013 0.021 0.247 
  12   (0.032) 0.116 0.007 0.009 0.008 
  13   (0.053) 0.037 0.009 0.087 0.013 
  14   (0.059) 0.037 0.010 0.233 0.014 
  15   (0.032) 0.033 0.005 0.009 0.007 
  16   (0.061) 0.061 0.016 0.017 0.091 
  17   (0.035) 0.006 0.006 0.118 0.008 
  18   (0.036) 0.006 0.006 0.190 0.009 
  19   (0.040) 0.007 0.007 0.083 0.009 
  20   (0.034) 0.006 0.006 0.046 0.008 
  21   (0.028) 0.005 0.005 0.044 0.007 
  22   (0.037) 0.006 0.006 0.010 0.047 
  23   (0.037) 0.006 0.006 0.010 0.162 
  24   (0.034) 0.006 0.006 0.009 0.046 

Locus 12 : locus12 
23 alleles
0.0% missing data
   1   (0.054) 0.010 0.151 0.051 0.013 
   2   (0.036) 0.008 0.205 0.010 0.008 
   3   (0.063) 0.055 0.106 0.054 0.015 
   4   (0.033) 0.005 0.063 0.009 0.008 
   5   (0.040) 0.008 0.120 0.011 0.009 
   6   (0.045) 0.011 0.061 0.012 0.049 
   7   (0.057) 0.009 0.038 0.161 0.014 
   8   (0.073) 0.115 0.074 0.056 0.017 
   9   (0.037) 0.009 0.060 0.010 0.009 
  10   (0.059) 0.139 0.016 0.089 0.014 
  11   (0.065) 0.193 0.018 0.090 0.015 
  12   (0.059) 0.251 0.013 0.052 0.014 
  13   (0.037) 0.078 0.015 0.010 0.009 
  14   (0.027) 0.058 0.005 0.007 0.006 
  15   (0.036) 0.006 0.006 0.082 0.008 
  16   (0.052) 0.008 0.009 0.087 0.050 
  17   (0.040) 0.006 0.007 0.120 0.010 
  18   (0.026) 0.004 0.004 0.043 0.006 
  19   (0.033) 0.005 0.006 0.009 0.123 
  20   (0.028) 0.004 0.005 0.008 0.121 
  21   (0.028) 0.005 0.005 0.008 0.197 
  22   (0.041) 0.007 0.007 0.011 0.200 
  23   (0.033) 0.005 0.006 0.009 0.084 

Locus 13 : locus13 
18 alleles
0.0% missing data
   1   (0.064) 0.016 0.195 0.053 0.015 
   2   (0.067) 0.082 0.188 0.019 0.016 
   3   (0.109) 0.349 0.137 0.138 0.026 
   4   (0.073) 0.018 0.142 0.129 0.017 
   5   (0.074) 0.040 0.040 0.130 0.018 
   6   (0.075) 0.012 0.122 0.201 0.018 
   7   (0.102) 0.218 0.097 0.137 0.024 
   8   (0.053) 0.038 0.009 0.050 0.013 
   9   (0.033) 0.034 0.006 0.009 0.008 
  10   (0.038) 0.084 0.014 0.011 0.009 
  11   (0.031) 0.034 0.005 0.009 0.007 
  12   (0.035) 0.034 0.006 0.010 0.008 
  13   (0.048) 0.008 0.008 0.049 0.049 
  14   (0.040) 0.007 0.007 0.011 0.124 
  15   (0.037) 0.006 0.006 0.010 0.047 
  16   (0.040) 0.007 0.007 0.011 0.277 
  17   (0.042) 0.007 0.007 0.012 0.201 
  18   (0.038) 0.006 0.006 0.011 0.124 

Locus 14 : locus14 
24 alleles
0.0% missing data
   1   (0.030) 0.005 0.033 0.008 0.007 
   2   (0.035) 0.009 0.197 0.010 0.008 
   3   (0.034) 0.007 0.254 0.010 0.008 
   4   (0.045) 0.009 0.117 0.013 0.011 
   5   (0.038) 0.011 0.168 0.011 0.009 
   6   (0.056) 0.083 0.047 0.015 0.013 
   7   (0.052) 0.100 0.056 0.015 0.012 
   8   (0.042) 0.117 0.009 0.012 0.010 
   9   (0.029) 0.115 0.006 0.008 0.007 
  10   (0.026) 0.195 0.009 0.007 0.006 
  11   (0.032) 0.227 0.007 0.009 0.008 
  12   (0.038) 0.034 0.006 0.010 0.009 
  13   (0.035) 0.006 0.006 0.046 0.008 
  14   (0.034) 0.006 0.006 0.082 0.008 
  15   (0.054) 0.009 0.009 0.051 0.242 
  16   (0.055) 0.009 0.009 0.124 0.052 
  17   (0.028) 0.005 0.005 0.044 0.007 
  18   (0.056) 0.009 0.010 0.051 0.166 
  19   (0.034) 0.006 0.006 0.118 0.008 
  20   (0.062) 0.010 0.010 0.126 0.091 
  21   (0.051) 0.008 0.009 0.086 0.126 
  22   (0.042) 0.007 0.007 0.084 0.010 
  23   (0.048) 0.008 0.008 0.050 0.049 
  24   (0.042) 0.007 0.007 0.012 0.124 

Locus 15 : locus15 
24 alleles
0.0% missing data
   1   (0.047) 0.011 0.308 0.013 0.011 
   2   (0.047) 0.011 0.364 0.013 0.011 
   3   (0.042) 0.009 0.087 0.012 0.010 
   4   (0.054) 0.009 0.036 0.124 0.013 
   5   (0.031) 0.008 0.057 0.009 0.007 
   6   (0.048) 0.281 0.014 0.013 0.011 
   7   (0.037) 0.087 0.009 0.010 0.009 
   8   (0.037) 0.146 0.008 0.010 0.009 
   9   (0.028) 0.033 0.005 0.008 0.007 
  10   (0.036) 0.113 0.010 0.010 0.008 
  11   (0.038) 0.034 0.006 0.010 0.009 
  12   (0.033) 0.087 0.008 0.009 0.008 
  13   (0.051) 0.036 0.009 0.087 0.012 
  14   (0.031) 0.033 0.005 0.008 0.007 
  15   (0.028) 0.033 0.005 0.008 0.007 
  16   (0.029) 0.005 0.005 0.117 0.007 
  17   (0.067) 0.011 0.011 0.091 0.207 
  18   (0.030) 0.005 0.005 0.081 0.007 
  19   (0.050) 0.008 0.009 0.050 0.088 
  20   (0.059) 0.010 0.010 0.052 0.167 
  21   (0.066) 0.011 0.011 0.090 0.244 
  22   (0.055) 0.009 0.009 0.160 0.051 
  23   (0.028) 0.005 0.005 0.008 0.045 
  24   (0.028) 0.005 0.005 0.008 0.045 

Locus 16 : locus16 
15 alleles
0.0% missing data
   1   (0.102) 0.061 0.056 0.319 0.024 
   2   (0.088) 0.171 0.377 0.024 0.021 
   3   (0.048) 0.012 0.166 0.013 0.011 
   4   (0.045) 0.012 0.137 0.012 0.010 
   5   (0.038) 0.006 0.033 0.010 0.009 
   6   (0.093) 0.110 0.061 0.135 0.022 
   7   (0.106) 0.233 0.060 0.138 0.025 
   8   (0.035) 0.006 0.032 0.010 0.008 
   9   (0.087) 0.072 0.014 0.060 0.135 
  10   (0.099) 0.075 0.016 0.099 0.214 
  11   (0.077) 0.212 0.017 0.094 0.018 
  12   (0.059) 0.010 0.010 0.052 0.128 
  13   (0.047) 0.008 0.008 0.013 0.241 
  14   (0.040) 0.007 0.006 0.011 0.086 
  15   (0.037) 0.006 0.006 0.010 0.047 

Locus 17 : locus17 
20 alleles
0.0% missing data
   1   (0.043) 0.009 0.227 0.012 0.010 
   2   (0.043) 0.010 0.170 0.012 0.010 
   3   (0.039) 0.006 0.090 0.011 0.009 
   4   (0.048) 0.014 0.168 0.013 0.011 
   5   (0.033) 0.005 0.033 0.009 0.008 
   6   (0.053) 0.050 0.051 0.014 0.012 
   7   (0.103) 0.024 0.065 0.246 0.139 
   8   (0.063) 0.021 0.083 0.018 0.091 
   9   (0.049) 0.396 0.012 0.014 0.012 
  10   (0.044) 0.113 0.013 0.012 0.010 
  11   (0.028) 0.032 0.005 0.007 0.007 
  12   (0.041) 0.118 0.007 0.011 0.010 
  13   (0.041) 0.113 0.012 0.011 0.010 
  14   (0.033) 0.033 0.006 0.009 0.008 
  15   (0.039) 0.006 0.007 0.083 0.009 
  16   (0.063) 0.010 0.011 0.089 0.130 
  17   (0.053) 0.009 0.009 0.160 0.050 
  18   (0.060) 0.010 0.010 0.125 0.091 
  19   (0.064) 0.010 0.011 0.054 0.321 
  20   (0.059) 0.010 0.010 0.088 0.052 

Locus 18 : locus18 
20 alleles
0.0% missing data
   1   (0.039) 0.008 0.115 0.011 0.009 
   2   (0.078) 0.020 0.254 0.022 0.133 
   3   (0.039) 0.009 0.170 0.011 0.009 
   4   (0.035) 0.006 0.061 0.010 0.008 
   5   (0.103) 0.334 0.173 0.029 0.062 
   6   (0.069) 0.017 0.061 0.019 0.284 
   7   (0.033) 0.005 0.033 0.009 0.008 
   8   (0.072) 0.104 0.030 0.092 0.017 
   9   (0.058) 0.060 0.014 0.016 0.052 
  10   (0.072) 0.262 0.015 0.020 0.208 
  11   (0.052) 0.065 0.009 0.014 0.050 
  12   (0.061) 0.060 0.016 0.125 0.014 
  13   (0.035) 0.006 0.006 0.082 0.008 
  14   (0.030) 0.005 0.005 0.153 0.007 
  15   (0.033) 0.005 0.006 0.081 0.008 
  16   (0.035) 0.006 0.006 0.046 0.008 
  17   (0.043) 0.007 0.007 0.121 0.010 
  18   (0.041) 0.007 0.007 0.083 0.009 
  19   (0.033) 0.005 0.006 0.045 0.008 
  20   (0.039) 0.007 0.007 0.011 0.086 

Locus 19 : locus19 
25 alleles
0.0% missing data
   1   (0.034) 0.007 0.192 0.009 0.008 
   2   (0.030) 0.009 0.109 0.008 0.007 
   3   (0.034) 0.009 0.137 0.010 0.008 
   4   (0.037) 0.009 0.084 0.010 0.009 
   5   (0.055) 0.051 0.157 0.015 0.013 
   6   (0.049) 0.095 0.088 0.014 0.011 
   7   (0.073) 0.113 0.105 0.020 0.132 
   8   (0.041) 0.121 0.008 0.012 0.010 
   9   (0.040) 0.061 0.010 0.011 0.009 
  10   (0.066) 0.210 0.014 0.018 0.168 
  11   (0.030) 0.119 0.006 0.008 0.007 
  12   (0.057) 0.038 0.009 0.016 0.318 
  13   (0.052) 0.037 0.008 0.014 0.089 
  14   (0.058) 0.062 0.014 0.016 0.129 
  15   (0.031) 0.005 0.005 0.045 0.007 
  16   (0.029) 0.005 0.005 0.153 0.007 
  17   (0.034) 0.006 0.006 0.082 0.008 
  18   (0.032) 0.005 0.005 0.081 0.008 
  19   (0.032) 0.005 0.005 0.081 0.008 
  20   (0.039) 0.007 0.006 0.119 0.009 
  21   (0.032) 0.006 0.005 0.045 0.008 
  22   (0.029) 0.005 0.005 0.044 0.007 
  23   (0.029) 0.005 0.005 0.080 0.007 
  24   (0.031) 0.005 0.005 0.045 0.008 
  25   (0.027) 0.005 0.004 0.044 0.006 

Locus 20 : locus20 
15 alleles
0.0% missing data
   1   (0.095) 0.066 0.103 0.063 0.060 
   2   (0.048) 0.010 0.251 0.013 0.011 
   3   (0.047) 0.011 0.169 0.013 0.011 
   4   (0.116) 0.030 0.117 0.140 0.218 
   5   (0.105) 0.153 0.105 0.174 0.025 
   6   (0.061) 0.068 0.116 0.017 0.014 
   7   (0.030) 0.005 0.032 0.009 0.007 
   8   (0.053) 0.094 0.009 0.051 0.012 
   9   (0.033) 0.034 0.006 0.009 0.008 
  10   (0.055) 0.061 0.014 0.051 0.013 
  11   (0.034) 0.034 0.006 0.009 0.008 
  12   (0.123) 0.269 0.028 0.142 0.258 
  13   (0.036) 0.034 0.006 0.010 0.008 
  14   (0.042) 0.060 0.011 0.012 0.010 
  15   (0.121) 0.069 0.028 0.287 0.335 

Locus 21 : locus21 
20 alleles
0.0% missing data
   1   (0.069) 0.395 0.100 0.019 0.016 
   2   (0.051) 0.008 0.064 0.050 0.012 
   3   (0.040) 0.011 0.114 0.011 0.009 
   4   (0.036) 0.006 0.062 0.010 0.009 
   5   (0.040) 0.009 0.089 0.011 0.009 
   6   (0.079) 0.255 0.214 0.022 0.019 
   7   (0.067) 0.011 0.039 0.128 0.054 
   8   (0.030) 0.005 0.033 0.008 0.007 
   9   (0.090) 0.027 0.142 0.097 0.059 
  10   (0.054) 0.064 0.065 0.015 0.013 
  11   (0.032) 0.061 0.006 0.009 0.008 
  12   (0.031) 0.057 0.009 0.008 0.007 
  13   (0.037) 0.034 0.006 0.010 0.009 
  14   (0.047) 0.008 0.008 0.193 0.011 
  15   (0.049) 0.008 0.008 0.050 0.165 
  16   (0.054) 0.009 0.009 0.087 0.166 
  17   (0.055) 0.009 0.009 0.124 0.090 
  18   (0.057) 0.009 0.010 0.088 0.165 
  19   (0.050) 0.008 0.009 0.050 0.089 
  20   (0.033) 0.005 0.006 0.009 0.084 

Locus 22 : locus22 
16 alleles
0.0% missing data
   1   (0.050) 0.014 0.225 0.014 0.012 
   2   (0.080) 0.017 0.093 0.058 0.057 
   3   (0.082) 0.041 0.097 0.023 0.134 
   4   (0.080) 0.321 0.094 0.022 0.019 
   5   (0.083) 0.020 0.064 0.095 0.058 
   6   (0.037) 0.006 0.062 0.010 0.009 
   7   (0.071) 0.240 0.061 0.020 0.017 
   8   (0.067) 0.011 0.039 0.019 0.206 
   9   (0.102) 0.026 0.119 0.137 0.100 
  10   (0.075) 0.259 0.099 0.021 0.018 
  11   (0.073) 0.012 0.012 0.128 0.208 
  12   (0.040) 0.007 0.007 0.084 0.010 
  13   (0.042) 0.007 0.007 0.229 0.010 
  14   (0.040) 0.007 0.007 0.083 0.010 
  15   (0.035) 0.006 0.006 0.046 0.008 
  16   (0.044) 0.007 0.007 0.012 0.125 

Locus 23 : locus23 
17 alleles
0.0% missing data
   1   (0.088) 0.017 0.123 0.061 0.173 
   2   (0.045) 0.010 0.310 0.012 0.011 
   3   (0.078) 0.013 0.041 0.094 0.095 
   4   (0.077) 0.013 0.096 0.058 0.056 
   5   (0.116) 0.034 0.198 0.140 0.257 
   6   (0.093) 0.178 0.129 0.098 0.022 
   7   (0.041) 0.198 0.011 0.012 0.010 
   8   (0.031) 0.033 0.005 0.009 0.007 
   9   (0.035) 0.062 0.006 0.010 0.008 
  10   (0.083) 0.151 0.017 0.096 0.058 
  11   (0.068) 0.120 0.014 0.091 0.016 
  12   (0.030) 0.033 0.005 0.008 0.007 
  13   (0.038) 0.082 0.014 0.011 0.009 
  14   (0.034) 0.033 0.006 0.009 0.008 
  15   (0.070) 0.011 0.012 0.236 0.093 
  16   (0.034) 0.006 0.006 0.046 0.008 
  17   (0.038) 0.006 0.006 0.011 0.162 

Locus 24 : locus24 
18 alleles
0.0% missing data
   1   (0.077) 0.331 0.170 0.021 0.018 
   2   (0.034) 0.006 0.033 0.009 0.008 
   3   (0.108) 0.025 0.177 0.174 0.102 
   4   (0.061) 0.123 0.120 0.017 0.014 
   5   (0.083) 0.021 0.062 0.132 0.096 
   6   (0.036) 0.010 0.057 0.010 0.008 
   7   (0.070) 0.019 0.114 0.091 0.016 
   8   (0.035) 0.006 0.033 0.010 0.008 
   9   (0.068) 0.179 0.120 0.019 0.016 
  10   (0.053) 0.051 0.050 0.015 0.013 
  11   (0.048) 0.036 0.008 0.013 0.088 
  12   (0.040) 0.118 0.008 0.011 0.009 
  13   (0.034) 0.034 0.006 0.009 0.008 
  14   (0.058) 0.010 0.010 0.124 0.090 
  15   (0.067) 0.011 0.011 0.235 0.092 
  16   (0.053) 0.009 0.009 0.087 0.089 
  17   (0.039) 0.007 0.006 0.011 0.162 
  18   (0.036) 0.006 0.006 0.010 0.162 

Locus 25 : locus25 
17 alleles
0.0% missing data
   1   (0.089) 0.017 0.155 0.097 0.135 
   2   (0.039) 0.008 0.090 0.011 0.009 
   3   (0.058) 0.091 0.039 0.016 0.014 
   4   (0.076) 0.016 0.180 0.057 0.095 
   5   (0.080) 0.383 0.137 0.022 0.019 
   6   (0.054) 0.009 0.038 0.088 0.013 
   7   (0.090) 0.142 0.109 0.098 0.021 
   8   (0.099) 0.025 0.121 0.172 0.099 
   9   (0.085) 0.013 0.072 0.095 0.173 
  10   (0.060) 0.199 0.014 0.052 0.014 
  11   (0.052) 0.035 0.009 0.087 0.012 
  12   (0.031) 0.032 0.005 0.009 0.008 
  13   (0.030) 0.005 0.005 0.045 0.007 
  14   (0.051) 0.008 0.009 0.123 0.050 
  15   (0.035) 0.006 0.006 0.010 0.123 
  16   (0.034) 0.006 0.006 0.010 0.123 
  17   (0.036) 0.006 0.006 0.010 0.085 

Locus 26 : locus26 
28 alleles
0.0% missing data
   1   (0.032) 0.005 0.061 0.009 0.008 
   2   (0.031) 0.005 0.033 0.009 0.007 
   3   (0.042) 0.010 0.170 0.012 0.010 
   4   (0.027) 0.006 0.114 0.007 0.006 
   5   (0.044) 0.011 0.059 0.048 0.010 
   6   (0.036) 0.006 0.034 0.010 0.008 
   7   (0.043) 0.012 0.168 0.012 0.010 
   8   (0.031) 0.006 0.115 0.009 0.007 
   9   (0.050) 0.081 0.046 0.014 0.012 
  10   (0.039) 0.014 0.082 0.011 0.009 
  11   (0.039) 0.281 0.011 0.011 0.009 
  12   (0.032) 0.058 0.009 0.009 0.008 
  13   (0.061) 0.313 0.015 0.017 0.053 
  14   (0.053) 0.092 0.009 0.015 0.165 
  15   (0.039) 0.034 0.007 0.011 0.047 
  16   (0.028) 0.004 0.005 0.225 0.007 
  17   (0.039) 0.006 0.006 0.155 0.009 
  18   (0.030) 0.005 0.005 0.045 0.007 
  19   (0.024) 0.004 0.004 0.079 0.005 
  20   (0.031) 0.005 0.005 0.045 0.008 
  21   (0.029) 0.005 0.005 0.080 0.007 
  22   (0.030) 0.005 0.005 0.044 0.007 
  23   (0.027) 0.004 0.005 0.044 0.006 
  24   (0.031) 0.005 0.005 0.045 0.007 
  25   (0.029) 0.005 0.005 0.008 0.045 
  26   (0.034) 0.006 0.006 0.010 0.161 
  27   (0.033) 0.005 0.006 0.009 0.237 
  28   (0.035) 0.006 0.006 0.010 0.123 

Locus 27 : locus27 
18 alleles
0.0% missing data
   1   (0.037) 0.010 0.171 0.010 0.009 
   2   (0.039) 0.010 0.060 0.011 0.009 
   3   (0.078) 0.012 0.070 0.130 0.133 
   4   (0.036) 0.008 0.088 0.010 0.008 
   5   (0.037) 0.009 0.144 0.010 0.009 
   6   (0.080) 0.019 0.064 0.131 0.095 
   7   (0.027) 0.004 0.033 0.008 0.007 
   8   (0.030) 0.005 0.062 0.009 0.007 
   9   (0.093) 0.042 0.044 0.171 0.099 
  10   (0.075) 0.214 0.058 0.021 0.055 
  11   (0.066) 0.051 0.054 0.018 0.092 
  12   (0.032) 0.005 0.034 0.009 0.008 
  13   (0.031) 0.005 0.034 0.009 0.007 
  14   (0.098) 0.280 0.027 0.135 0.176 
  15   (0.047) 0.057 0.013 0.049 0.011 
  16   (0.097) 0.204 0.022 0.171 0.137 
  17   (0.068) 0.059 0.018 0.055 0.131 
  18   (0.029) 0.005 0.005 0.044 0.007 

Locus 28 : locus28 
18 alleles
0.0% missing data
   1   (0.032) 0.005 0.033 0.009 0.008 
   2   (0.041) 0.011 0.057 0.011 0.009 
   3   (0.073) 0.019 0.334 0.093 0.017 
   4   (0.036) 0.006 0.115 0.010 0.008 
   5   (0.042) 0.010 0.169 0.012 0.010 
   6   (0.037) 0.010 0.057 0.010 0.009 
   7   (0.065) 0.014 0.090 0.090 0.015 
   8   (0.105) 0.264 0.025 0.101 0.216 
   9   (0.064) 0.124 0.011 0.018 0.091 
  10   (0.036) 0.034 0.006 0.010 0.008 
  11   (0.060) 0.116 0.017 0.053 0.014 
  12   (0.112) 0.206 0.028 0.103 0.217 
  13   (0.066) 0.061 0.017 0.018 0.169 
  14   (0.068) 0.093 0.015 0.019 0.130 
  15   (0.056) 0.009 0.009 0.124 0.051 
  16   (0.040) 0.007 0.007 0.119 0.009 
  17   (0.034) 0.006 0.006 0.154 0.008 
  18   (0.035) 0.006 0.006 0.045 0.008 

Locus 29 : locus29 
20 alleles
0.0% missing data
   1   (0.036) 0.008 0.114 0.010 0.009 
   2   (0.085) 0.099 0.096 0.024 0.134 
   3   (0.038) 0.009 0.168 0.011 0.009 
   4   (0.030) 0.005 0.060 0.008 0.007 
   5   (0.050) 0.050 0.049 0.014 0.012 
   6   (0.033) 0.010 0.274 0.009 0.008 
   7   (0.064) 0.039 0.038 0.018 0.053 
   8   (0.096) 0.384 0.098 0.027 0.099 
   9   (0.059) 0.172 0.017 0.016 0.051 
  10   (0.053) 0.037 0.009 0.123 0.013 
  11   (0.033) 0.118 0.007 0.009 0.008 
  12   (0.037) 0.006 0.006 0.082 0.009 
  13   (0.030) 0.005 0.005 0.045 0.007 
  14   (0.055) 0.009 0.009 0.087 0.089 
  15   (0.063) 0.010 0.011 0.126 0.129 
  16   (0.040) 0.007 0.007 0.119 0.010 
  17   (0.028) 0.005 0.005 0.044 0.007 
  18   (0.055) 0.009 0.009 0.088 0.089 
  19   (0.057) 0.009 0.009 0.088 0.129 
  20   (0.057) 0.009 0.009 0.052 0.128 

Locus 30 : locus30 
25 alleles
0.0% missing data
   1   (0.087) 0.175 0.187 0.132 0.021 
   2   (0.054) 0.010 0.150 0.051 0.013 
   3   (0.057) 0.037 0.038 0.052 0.014 
   4   (0.061) 0.013 0.092 0.234 0.014 
   5   (0.058) 0.207 0.171 0.016 0.014 
   6   (0.029) 0.006 0.089 0.008 0.007 
   7   (0.042) 0.034 0.036 0.012 0.010 
   8   (0.048) 0.110 0.044 0.013 0.011 
   9   (0.045) 0.147 0.060 0.012 0.011 
  10   (0.048) 0.080 0.047 0.013 0.011 
  11   (0.036) 0.110 0.011 0.010 0.009 
  12   (0.031) 0.005 0.005 0.226 0.007 
  13   (0.034) 0.005 0.006 0.045 0.008 
  14   (0.030) 0.005 0.005 0.080 0.007 
  15   (0.035) 0.006 0.006 0.010 0.084 
  16   (0.032) 0.005 0.006 0.009 0.161 
  17   (0.033) 0.005 0.006 0.009 0.046 
  18   (0.035) 0.006 0.006 0.010 0.123 
  19   (0.040) 0.006 0.007 0.011 0.162 
  20   (0.033) 0.005 0.006 0.009 0.046 
  21   (0.028) 0.005 0.005 0.008 0.045 
  22   (0.022) 0.004 0.004 0.006 0.043 
  23   (0.025) 0.004 0.004 0.007 0.044 
  24   (0.028) 0.005 0.005 0.008 0.045 
  25   (0.028) 0.005 0.005 0.008 0.045 

Locus 31 : locus31 
16 alleles
0.0% missing data
   1   (0.148) 0.318 0.176 0.077 0.188 
   2   (0.108) 0.287 0.112 0.066 0.026 
   3   (0.046) 0.009 0.144 0.013 0.011 
   4   (0.067) 0.077 0.140 0.019 0.016 
   5   (0.037) 0.010 0.057 0.010 0.009 
   6   (0.034) 0.006 0.034 0.009 0.008 
   7   (0.044) 0.013 0.167 0.012 0.010 
   8   (0.061) 0.015 0.060 0.125 0.014 
   9   (0.054) 0.065 0.036 0.015 0.013 
  10   (0.089) 0.071 0.015 0.133 0.059 
  11   (0.090) 0.064 0.022 0.097 0.136 
  12   (0.061) 0.038 0.010 0.017 0.205 
  13   (0.045) 0.007 0.008 0.265 0.011 
  14   (0.036) 0.006 0.006 0.119 0.008 
  15   (0.038) 0.006 0.006 0.010 0.123 
  16   (0.043) 0.007 0.007 0.012 0.163 

Locus 32 : locus32 
21 alleles
0.0% missing data
   1   (0.044) 0.010 0.222 0.012 0.010 
   2   (0.042) 0.011 0.139 0.012 0.010 
   3   (0.062) 0.067 0.254 0.017 0.015 
   4   (0.041) 0.011 0.057 0.011 0.010 
   5   (0.037) 0.006 0.088 0.010 0.009 
   6   (0.035) 0.010 0.056 0.010 0.008 
   7   (0.048) 0.050 0.049 0.013 0.011 
   8   (0.041) 0.149 0.008 0.011 0.010 
   9   (0.060) 0.091 0.014 0.017 0.052 
  10   (0.040) 0.119 0.008 0.011 0.009 
  11   (0.095) 0.145 0.028 0.062 0.176 
  12   (0.043) 0.205 0.009 0.012 0.010 
  13   (0.034) 0.034 0.006 0.010 0.008 
  14   (0.045) 0.036 0.007 0.085 0.011 
  15   (0.047) 0.008 0.008 0.194 0.011 
  16   (0.036) 0.006 0.006 0.155 0.009 
  17   (0.043) 0.007 0.007 0.120 0.010 
  18   (0.057) 0.009 0.009 0.051 0.128 
  19   (0.056) 0.009 0.009 0.051 0.165 
  20   (0.036) 0.006 0.006 0.082 0.008 
  21   (0.061) 0.010 0.010 0.053 0.320 

Locus 33 : locus33 
21 alleles
0.0% missing data
   1   (0.041) 0.007 0.062 0.011 0.010 
   2   (0.035) 0.006 0.034 0.010 0.008 
   3   (0.117) 0.019 0.187 0.393 0.142 
   4   (0.123) 0.035 0.255 0.142 0.220 
   5   (0.041) 0.011 0.254 0.011 0.010 
   6   (0.062) 0.016 0.060 0.017 0.168 
   7   (0.053) 0.009 0.037 0.015 0.127 
   8   (0.022) 0.031 0.004 0.006 0.005 
   9   (0.035) 0.033 0.006 0.010 0.008 
  10   (0.039) 0.170 0.009 0.011 0.009 
  11   (0.039) 0.088 0.009 0.011 0.009 
  12   (0.040) 0.199 0.009 0.011 0.009 
  13   (0.046) 0.058 0.013 0.013 0.011 
  14   (0.041) 0.058 0.011 0.011 0.010 
  15   (0.048) 0.226 0.012 0.014 0.011 
  16   (0.037) 0.006 0.006 0.119 0.009 
  17   (0.030) 0.005 0.005 0.045 0.007 
  18   (0.034) 0.006 0.006 0.046 0.008 
  19   (0.043) 0.007 0.007 0.084 0.010 
  20   (0.042) 0.007 0.007 0.012 0.162 
  21   (0.031) 0.005 0.005 0.009 0.045 

Locus 34 : locus34 
21 alleles
0.0% missing data
   1   (0.077) 0.040 0.151 0.021 0.171 
   2   (0.050) 0.008 0.036 0.014 0.088 
   3   (0.038) 0.009 0.144 0.011 0.009 
   4   (0.035) 0.008 0.088 0.010 0.008 
   5   (0.080) 0.085 0.052 0.204 0.019 
   6   (0.062) 0.012 0.147 0.017 0.053 
   7   (0.040) 0.007 0.173 0.011 0.010 
   8   (0.067) 0.011 0.067 0.019 0.207 
   9   (0.028) 0.005 0.033 0.008 0.007 
  10   (0.067) 0.202 0.015 0.091 0.016 
  11   (0.059) 0.060 0.016 0.124 0.014 
  12   (0.040) 0.254 0.010 0.011 0.009 
  13   (0.078) 0.203 0.018 0.202 0.019 
  14   (0.038) 0.058 0.010 0.011 0.009 
  15   (0.037) 0.006 0.006 0.119 0.009 
  16   (0.035) 0.006 0.006 0.082 0.008 
  17   (0.030) 0.005 0.005 0.008 0.045 
  18   (0.033) 0.005 0.006 0.009 0.084 
  19   (0.039) 0.006 0.007 0.011 0.124 
  20   (0.034) 0.006 0.006 0.010 0.046 
  21   (0.032) 0.005 0.005 0.009 0.045 

Locus 35 : locus35 
21 alleles
0.0% missing data
   1   (0.030) 0.005 0.062 0.008 0.007 
   2   (0.063) 0.055 0.105 0.017 0.015 
   3   (0.063) 0.014 0.178 0.018 0.092 
   4   (0.065) 0.013 0.123 0.018 0.168 
   5   (0.053) 0.048 0.053 0.015 0.013 
   6   (0.040) 0.008 0.119 0.011 0.010 
   7   (0.090) 0.020 0.152 0.061 0.288 
   8   (0.053) 0.097 0.059 0.015 0.013 
   9   (0.067) 0.367 0.065 0.018 0.016 
  10   (0.032) 0.303 0.007 0.009 0.008 
  11   (0.038) 0.006 0.007 0.191 0.009 
  12   (0.030) 0.005 0.005 0.044 0.007 
  13   (0.036) 0.006 0.006 0.118 0.009 
  14   (0.053) 0.008 0.009 0.051 0.051 
  15   (0.047) 0.008 0.008 0.121 0.011 
  16   (0.057) 0.009 0.010 0.088 0.090 
  17   (0.036) 0.006 0.006 0.046 0.008 
  18   (0.038) 0.006 0.006 0.046 0.009 
  19   (0.038) 0.006 0.007 0.047 0.009 
  20   (0.031) 0.005 0.005 0.045 0.007 
  21   (0.040) 0.006 0.007 0.011 0.162 

Locus 36 : locus36 
21 alleles
0.0% missing data
   1   (0.043) 0.010 0.253 0.012 0.010 
   2   (0.037) 0.010 0.057 0.010 0.009 
   3   (0.063) 0.091 0.206 0.018 0.015 
   4   (0.026) 0.004 0.032 0.007 0.006 
   5   (0.106) 0.266 0.104 0.029 0.140 
   6   (0.052) 0.046 0.082 0.014 0.012 
   7   (0.078) 0.061 0.103 0.022 0.057 
   8   (0.037) 0.010 0.058 0.010 0.009 
   9   (0.037) 0.169 0.011 0.010 0.009 
  10   (0.028) 0.033 0.005 0.008 0.007 
  11   (0.065) 0.067 0.011 0.018 0.206 
  12   (0.061) 0.115 0.017 0.089 0.015 
  13   (0.039) 0.063 0.006 0.011 0.009 
  14   (0.034) 0.006 0.006 0.081 0.008 
  15   (0.047) 0.008 0.008 0.194 0.011 
  16   (0.035) 0.006 0.006 0.154 0.008 
  17   (0.060) 0.010 0.010 0.162 0.052 
  18   (0.057) 0.009 0.009 0.088 0.166 
  19   (0.026) 0.004 0.004 0.043 0.006 
  20   (0.036) 0.006 0.006 0.010 0.200 
  21   (0.033) 0.005 0.006 0.009 0.046 

Locus 37 : locus37 
24 alleles
0.0% missing data
   1   (0.044) 0.007 0.035 0.048 0.010 
   2   (0.046) 0.008 0.091 0.049 0.011 
   3   (0.039) 0.008 0.145 0.011 0.009 
   4   (0.087) 0.021 0.202 0.060 0.249 
   5   (0.048) 0.011 0.144 0.013 0.049 
   6   (0.054) 0.015 0.170 0.051 0.013 
   7   (0.056) 0.012 0.090 0.197 0.013 
   8   (0.059) 0.174 0.012 0.125 0.014 
   9   (0.028) 0.032 0.005 0.008 0.007 
  10   (0.038) 0.277 0.014 0.010 0.009 
  11   (0.037) 0.086 0.009 0.010 0.009 
  12   (0.029) 0.115 0.006 0.008 0.007 
  13   (0.048) 0.088 0.011 0.049 0.011 
  14   (0.052) 0.036 0.009 0.159 0.012 
  15   (0.033) 0.033 0.006 0.009 0.008 
  16   (0.024) 0.032 0.004 0.007 0.006 
  17   (0.029) 0.005 0.005 0.044 0.007 
  18   (0.047) 0.008 0.008 0.049 0.088 
  19   (0.054) 0.009 0.009 0.051 0.165 
  20   (0.033) 0.005 0.006 0.009 0.084 
  21   (0.029) 0.005 0.005 0.008 0.045 
  22   (0.027) 0.004 0.005 0.007 0.083 
  23   (0.029) 0.005 0.005 0.008 0.045 
  24   (0.033) 0.005 0.006 0.009 0.046 

Locus 38 : locus38 
21 alleles
0.0% missing data
   1   (0.037) 0.008 0.087 0.010 0.009 
   2   (0.044) 0.009 0.143 0.012 0.011 
   3   (0.053) 0.015 0.277 0.015 0.013 
   4   (0.050) 0.008 0.036 0.050 0.012 
   5   (0.048) 0.013 0.112 0.013 0.011 
   6   (0.059) 0.012 0.146 0.016 0.052 
   7   (0.046) 0.007 0.063 0.013 0.011 
   8   (0.049) 0.258 0.012 0.014 0.012 
   9   (0.062) 0.084 0.021 0.017 0.130 
  10   (0.062) 0.178 0.012 0.017 0.052 
  11   (0.036) 0.145 0.008 0.010 0.008 
  12   (0.041) 0.143 0.011 0.011 0.010 
  13   (0.033) 0.058 0.009 0.009 0.008 
  14   (0.034) 0.005 0.006 0.262 0.008 
  15   (0.034) 0.006 0.006 0.082 0.008 
  16   (0.045) 0.007 0.007 0.157 0.011 
  17   (0.065) 0.011 0.011 0.090 0.092 
  18   (0.071) 0.012 0.012 0.092 0.285 
  19   (0.052) 0.009 0.009 0.087 0.050 
  20   (0.038) 0.006 0.006 0.010 0.124 
  21   (0.040) 0.007 0.007 0.011 0.085 

Locus 39 : locus39 
18 alleles
0.0% missing data
   1   (0.066) 0.015 0.174 0.018 0.092 
   2   (0.058) 0.010 0.176 0.052 0.014 
   3   (0.070) 0.020 0.225 0.092 0.016 
   4   (0.060) 0.010 0.038 0.017 0.243 
   5   (0.040) 0.011 0.059 0.011 0.010 
   6   (0.054) 0.009 0.037 0.088 0.013 
   7   (0.045) 0.010 0.088 0.012 0.011 
   8   (0.055) 0.018 0.083 0.051 0.013 
   9   (0.049) 0.341 0.011 0.014 0.012 
  10   (0.079) 0.200 0.021 0.167 0.019 
  11   (0.074) 0.040 0.012 0.056 0.209 
  12   (0.063) 0.082 0.022 0.089 0.015 
  13   (0.038) 0.058 0.011 0.010 0.009 
  14   (0.038) 0.087 0.009 0.010 0.009 
  15   (0.082) 0.041 0.014 0.095 0.134 
  16   (0.059) 0.037 0.010 0.161 0.014 
  17   (0.032) 0.005 0.006 0.045 0.008 
  18   (0.038) 0.006 0.006 0.011 0.161 

Locus 40 : locus40 
24 alleles
0.0% missing data
   1   (0.030) 0.008 0.140 0.008 0.007 
   2   (0.034) 0.009 0.057 0.009 0.008 
   3   (0.072) 0.245 0.278 0.020 0.017 
   4   (0.050) 0.036 0.064 0.014 0.012 
   5   (0.053) 0.057 0.099 0.015 0.012 
   6   (0.056) 0.218 0.053 0.016 0.013 
   7   (0.038) 0.011 0.112 0.011 0.009 
   8   (0.027) 0.005 0.032 0.008 0.006 
   9   (0.058) 0.208 0.063 0.016 0.014 
  10   (0.035) 0.034 0.006 0.010 0.008 
  11   (0.036) 0.058 0.010 0.010 0.008 
  12   (0.027) 0.032 0.005 0.007 0.006 
  13   (0.063) 0.010 0.011 0.198 0.053 
  14   (0.030) 0.005 0.005 0.044 0.007 
  15   (0.036) 0.006 0.006 0.118 0.009 
  16   (0.066) 0.011 0.011 0.308 0.053 
  17   (0.048) 0.008 0.008 0.049 0.127 
  18   (0.030) 0.005 0.005 0.081 0.007 
  19   (0.033) 0.005 0.006 0.009 0.046 
  20   (0.035) 0.006 0.006 0.009 0.046 
  21   (0.038) 0.006 0.006 0.010 0.238 
  22   (0.036) 0.006 0.006 0.010 0.047 
  23   (0.041) 0.007 0.007 0.012 0.201 
  24   (0.028) 0.005 0.005 0.008 0.045 

Locus 41 : locus41 
15 alleles
0.0% missing data
   1   (0.040) 0.008 0.115 0.011 0.009 
   2   (0.074) 0.199 0.159 0.021 0.017 
   3   (0.080) 0.020 0.199 0.022 0.133 
   4   (0.089) 0.025 0.169 0.024 0.288 
   5   (0.036) 0.006 0.033 0.010 0.009 
   6   (0.080) 0.056 0.054 0.094 0.019 
   7   (0.111) 0.022 0.125 0.139 0.141 
   8   (0.107) 0.362 0.066 0.030 0.140 
   9   (0.073) 0.062 0.018 0.165 0.017 
  10   (0.101) 0.154 0.020 0.100 0.138 
  11   (0.062) 0.061 0.016 0.090 0.015 
  12   (0.036) 0.006 0.006 0.082 0.009 
  13   (0.042) 0.007 0.007 0.157 0.010 
  14   (0.036) 0.006 0.006 0.046 0.009 
  15   (0.035) 0.006 0.006 0.010 0.046 

Locus 42 : locus42 
27 alleles
0.0% missing data
   1   (0.045) 0.009 0.147 0.013 0.011 
   2   (0.023) 0.006 0.058 0.006 0.005 
   3   (0.059) 0.011 0.150 0.016 0.052 
   4   (0.034) 0.009 0.059 0.009 0.008 
   5   (0.037) 0.008 0.173 0.010 0.009 
   6   (0.049) 0.054 0.101 0.014 0.012 
   7   (0.059) 0.015 0.116 0.016 0.052 
   8   (0.044) 0.007 0.036 0.012 0.049 
   9   (0.037) 0.006 0.035 0.010 0.009 
  10   (0.031) 0.032 0.005 0.009 0.007 
  11   (0.027) 0.059 0.005 0.007 0.006 
  12   (0.051) 0.221 0.016 0.014 0.012 
  13   (0.035) 0.086 0.008 0.010 0.008 
  14   (0.042) 0.278 0.010 0.012 0.010 
  15   (0.035) 0.056 0.010 0.010 0.008 
  16   (0.036) 0.033 0.006 0.010 0.008 
  17   (0.036) 0.057 0.010 0.010 0.009 
  18   (0.026) 0.004 0.005 0.333 0.006 
  19   (0.041) 0.007 0.007 0.155 0.010 
  20   (0.029) 0.005 0.005 0.080 0.007 
  21   (0.029) 0.005 0.005 0.045 0.007 
  22   (0.033) 0.005 0.006 0.081 0.008 
  23   (0.028) 0.004 0.005 0.080 0.007 
  24   (0.037) 0.006 0.006 0.010 0.161 
  25   (0.033) 0.005 0.006 0.009 0.314 
  26   (0.032) 0.005 0.006 0.009 0.122 
  27   (0.033) 0.005 0.006 0.009 0.084 

Locus 43 : locus43 
17 alleles
0.0% missing data
   1   (0.070) 0.120 0.125 0.019 0.016 
   2   (0.090) 0.177 0.381 0.025 0.021 
   3   (0.076) 0.151 0.152 0.021 0.018 
   4   (0.129) 0.181 0.224 0.036 0.222 
   5   (0.061) 0.037 0.010 0.017 0.167 
   6   (0.039) 0.113 0.011 0.011 0.009 
   7   (0.063) 0.144 0.016 0.018 0.053 
   8   (0.046) 0.007 0.008 0.085 0.011 
   9   (0.058) 0.009 0.010 0.088 0.090 
  10   (0.063) 0.010 0.011 0.090 0.130 
  11   (0.043) 0.007 0.007 0.120 0.010 
  12   (0.036) 0.006 0.006 0.046 0.009 
  13   (0.082) 0.013 0.014 0.275 0.134 
  14   (0.037) 0.006 0.006 0.083 0.009 
  15   (0.037) 0.006 0.006 0.046 0.009 
  16   (0.036) 0.006 0.006 0.010 0.046 
  17   (0.035) 0.006 0.006 0.010 0.046 

Locus 44 : locus44 
20 alleles
0.0% missing data
   1   (0.048) 0.008 0.036 0.086 0.011 
   2   (0.067) 0.015 0.175 0.163 0.016 
   3   (0.055) 0.012 0.287 0.015 0.051 
   4   (0.052) 0.008 0.093 0.051 0.012 
   5   (0.031) 0.005 0.062 0.008 0.007 
   6   (0.035) 0.007 0.088 0.010 0.008 
   7   (0.082) 0.035 0.131 0.059 0.057 
   8   (0.073) 0.144 0.018 0.020 0.208 
   9   (0.078) 0.202 0.018 0.058 0.057 
  10   (0.059) 0.334 0.016 0.052 0.014 
  11   (0.060) 0.089 0.014 0.017 0.091 
  12   (0.070) 0.039 0.012 0.201 0.054 
  13   (0.051) 0.035 0.009 0.014 0.166 
  14   (0.053) 0.036 0.009 0.015 0.127 
  15   (0.031) 0.005 0.005 0.081 0.007 
  16   (0.029) 0.005 0.005 0.044 0.007 
  17   (0.033) 0.005 0.006 0.045 0.008 
  18   (0.029) 0.005 0.005 0.044 0.007 
  19   (0.029) 0.005 0.005 0.008 0.045 
  20   (0.033) 0.005 0.006 0.009 0.046 

Locus 45 : locus45 
20 alleles
0.0% missing data
   1   (0.050) 0.013 0.282 0.014 0.012 
   2   (0.036) 0.009 0.058 0.010 0.009 
   3   (0.057) 0.009 0.065 0.052 0.013 
   4   (0.056) 0.009 0.065 0.015 0.051 
   5   (0.048) 0.010 0.257 0.013 0.011 
   6   (0.033) 0.009 0.058 0.009 0.008 
   7   (0.042) 0.015 0.082 0.012 0.010 
   8   (0.033) 0.117 0.006 0.009 0.008 
   9   (0.047) 0.335 0.014 0.013 0.011 
  10   (0.039) 0.226 0.009 0.011 0.009 
  11   (0.083) 0.041 0.014 0.131 0.096 
  12   (0.037) 0.058 0.010 0.010 0.009 
  13   (0.087) 0.093 0.019 0.133 0.059 
  14   (0.063) 0.010 0.011 0.126 0.091 
  15   (0.071) 0.011 0.012 0.236 0.093 
  16   (0.054) 0.009 0.009 0.051 0.166 
  17   (0.062) 0.010 0.010 0.125 0.053 
  18   (0.035) 0.006 0.006 0.010 0.085 
  19   (0.036) 0.006 0.006 0.010 0.161 
  20   (0.032) 0.005 0.005 0.009 0.046 

Locus 46 : locus46 
19 alleles
0.0% missing data
   1   (0.117) 0.111 0.429 0.032 0.180 
   2   (0.065) 0.014 0.092 0.126 0.016 
   3   (0.088) 0.328 0.061 0.024 0.059 
   4   (0.058) 0.081 0.048 0.016 0.014 
   5   (0.060) 0.010 0.038 0.198 0.014 
   6   (0.072) 0.014 0.122 0.128 0.017 
   7   (0.057) 0.014 0.061 0.052 0.013 
   8   (0.033) 0.005 0.034 0.009 0.008 
   9   (0.052) 0.008 0.037 0.051 0.012 
  10   (0.053) 0.250 0.015 0.015 0.013 
  11   (0.060) 0.118 0.013 0.017 0.090 
  12   (0.036) 0.006 0.006 0.119 0.009 
  13   (0.043) 0.007 0.007 0.156 0.010 
  14   (0.033) 0.005 0.006 0.009 0.046 
  15   (0.040) 0.006 0.007 0.011 0.238 
  16   (0.040) 0.007 0.007 0.011 0.086 
  17   (0.036) 0.006 0.006 0.010 0.085 
  18   (0.031) 0.005 0.005 0.009 0.045 
  19   (0.026) 0.004 0.005 0.007 0.044 

Locus 47 : locus47 
22 alleles
0.0% missing data
   1   (0.031) 0.005 0.033 0.009 0.007 
   2   (0.067) 0.012 0.260 0.200 0.016 
   3   (0.038) 0.011 0.113 0.011 0.009 
   4   (0.087) 0.029 0.221 0.276 0.021 
   5   (0.033) 0.007 0.087 0.009 0.008 
   6   (0.036) 0.009 0.058 0.010 0.009 
   7   (0.055) 0.009 0.036 0.197 0.013 
   8   (0.043) 0.007 0.035 0.048 0.010 
   9   (0.029) 0.005 0.033 0.008 0.007 
  10   (0.050) 0.138 0.017 0.014 0.050 
  11   (0.050) 0.036 0.008 0.014 0.127 
  12   (0.036) 0.087 0.009 0.010 0.008 
  13   (0.055) 0.118 0.012 0.015 0.128 
  14   (0.057) 0.227 0.015 0.016 0.051 
  15   (0.055) 0.146 0.011 0.015 0.051 
  16   (0.050) 0.036 0.009 0.014 0.127 
  17   (0.062) 0.090 0.014 0.017 0.167 
  18   (0.031) 0.005 0.005 0.081 0.007 
  19   (0.037) 0.006 0.006 0.010 0.047 
  20   (0.032) 0.005 0.005 0.009 0.046 
  21   (0.029) 0.005 0.005 0.008 0.045 
  22   (0.034) 0.005 0.006 0.009 0.046 

Locus 48 : locus48 
21 alleles
0.0% missing data
   1   (0.029) 0.005 0.060 0.008 0.007 
   2   (0.051) 0.008 0.036 0.087 0.012 
   3   (0.039) 0.011 0.167 0.011 0.009 
   4   (0.042) 0.011 0.196 0.011 0.010 
   5   (0.037) 0.006 0.089 0.010 0.009 
   6   (0.053) 0.011 0.117 0.087 0.013 
   7   (0.033) 0.008 0.140 0.009 0.008 
   8   (0.064) 0.017 0.060 0.198 0.015 
   9   (0.040) 0.118 0.009 0.011 0.010 
  10   (0.090) 0.117 0.024 0.098 0.136 
  11   (0.039) 0.144 0.010 0.011 0.009 
  12   (0.040) 0.143 0.010 0.011 0.009 
  13   (0.056) 0.119 0.012 0.016 0.051 
  14   (0.075) 0.122 0.016 0.057 0.133 
  15   (0.055) 0.090 0.012 0.015 0.089 
  16   (0.028) 0.033 0.005 0.008 0.007 
  17   (0.048) 0.008 0.008 0.086 0.049 
  18   (0.050) 0.008 0.008 0.122 0.050 
  19   (0.032) 0.005 0.005 0.045 0.008 
  20   (0.061) 0.010 0.010 0.089 0.243 
  21   (0.037) 0.006 0.006 0.010 0.123 

Locus 49 : locus49 
20 alleles
0.0% missing data
   1   (0.055) 0.009 0.037 0.159 0.013 
   2   (0.111) 0.028 0.338 0.212 0.103 
   3   (0.056) 0.094 0.064 0.016 0.013 
   4   (0.076) 0.020 0.198 0.093 0.056 
   5   (0.063) 0.017 0.114 0.017 0.053 
   6   (0.091) 0.254 0.084 0.097 0.021 
   7   (0.064) 0.011 0.065 0.198 0.015 
   8   (0.068) 0.061 0.018 0.019 0.208 
   9   (0.037) 0.088 0.009 0.010 0.009 
  10   (0.045) 0.253 0.015 0.013 0.010 
  11   (0.031) 0.033 0.005 0.009 0.007 
  12   (0.032) 0.034 0.005 0.009 0.008 
  13   (0.036) 0.059 0.010 0.010 0.009 
  14   (0.050) 0.008 0.008 0.050 0.050 
  15   (0.028) 0.005 0.005 0.044 0.007 
  16   (0.035) 0.006 0.006 0.010 0.123 
  17   (0.031) 0.005 0.005 0.009 0.122 
  18   (0.034) 0.005 0.006 0.009 0.085 
  19   (0.030) 0.005 0.005 0.008 0.045 
  20   (0.028) 0.005 0.005 0.008 0.045 

Locus 50 : locus50 
20 alleles
0.0% missing data
   1   (0.044) 0.007 0.119 0.012 0.011 
   2   (0.124) 0.083 0.291 0.324 0.029 
   3   (0.050) 0.011 0.089 0.014 0.050 
   4   (0.072) 0.018 0.062 0.056 0.094 
   5   (0.076) 0.015 0.121 0.057 0.056 
   6   (0.082) 0.049 0.117 0.023 0.134 
   7   (0.085) 0.155 0.066 0.023 0.134 
   8   (0.046) 0.012 0.059 0.013 0.049 
   9   (0.038) 0.116 0.008 0.011 0.009 
  10   (0.042) 0.478 0.010 0.012 0.010 
  11   (0.032) 0.005 0.005 0.081 0.008 
  12   (0.036) 0.006 0.006 0.082 0.008 
  13   (0.035) 0.006 0.006 0.118 0.008 
  14   (0.036) 0.006 0.006 0.083 0.009 
  15   (0.032) 0.005 0.005 0.045 0.007 
  16   (0.034) 0.006 0.006 0.010 0.084 
  17   (0.038) 0.006 0.006 0.011 0.162 
  18   (0.031) 0.005 0.005 0.008 0.046 
  19   (0.032) 0.005 0.006 0.009 0.046 
  20   (0.034) 0.005 0.006 0.009 0.046 

Locus 51 : locus51 
20 alleles
0.0% missing data
   1   (0.084) 0.187 0.259 0.023 0.020 
   2   (0.047) 0.013 0.114 0.013 0.011 
   3   (0.036) 0.009 0.059 0.010 0.008 
   4   (0.074) 0.090 0.129 0.021 0.017 
   5   (0.081) 0.302 0.167 0.023 0.019 
   6   (0.030) 0.005 0.033 0.009 0.007 
   7   (0.043) 0.009 0.089 0.012 0.010 
   8   (0.062) 0.245 0.053 0.017 0.015 
   9   (0.045) 0.058 0.012 0.012 0.011 
  10   (0.045) 0.007 0.008 0.229 0.011 
  11   (0.040) 0.006 0.007 0.119 0.009 
  12   (0.038) 0.006 0.006 0.083 0.009 
  13   (0.064) 0.011 0.011 0.053 0.168 
  14   (0.040) 0.006 0.007 0.156 0.010 
  15   (0.033) 0.005 0.006 0.045 0.008 
  16   (0.053) 0.009 0.009 0.051 0.051 
  17   (0.072) 0.012 0.012 0.092 0.131 
  18   (0.043) 0.007 0.007 0.012 0.201 
  19   (0.039) 0.006 0.007 0.011 0.238 
  20   (0.031) 0.005 0.005 0.009 0.045 

Locus 52 : locus52 
17 alleles
0.0% missing data
   1   (0.069) 0.167 0.215 0.019 0.016 
   2   (0.063) 0.038 0.121 0.017 0.015 
   3   (0.037) 0.008 0.087 0.011 0.009 
   4   (0.095) 0.020 0.094 0.062 0.290 
   5   (0.070) 0.095 0.095 0.019 0.017 
   6   (0.104) 0.200 0.112 0.029 0.139 
   7   (0.054) 0.014 0.060 0.051 0.013 
   8   (0.093) 0.191 0.064 0.098 0.022 
   9   (0.059) 0.015 0.060 0.017 0.052 
  10   (0.032) 0.005 0.033 0.009 0.008 
  11   (0.068) 0.091 0.015 0.091 0.016 
  12   (0.031) 0.033 0.005 0.008 0.007 
  13   (0.059) 0.037 0.010 0.125 0.014 
  14   (0.033) 0.062 0.006 0.009 0.008 
  15   (0.050) 0.008 0.008 0.303 0.012 
  16   (0.039) 0.007 0.007 0.119 0.009 
  17   (0.044) 0.007 0.007 0.012 0.354 

Locus 53 : locus53 
18 alleles
0.0% missing data
   1   (0.070) 0.058 0.268 0.019 0.017 
   2   (0.106) 0.186 0.101 0.282 0.025 
   3   (0.036) 0.006 0.034 0.010 0.008 
   4   (0.080) 0.115 0.079 0.058 0.019 
   5   (0.081) 0.112 0.110 0.059 0.019 
   6   (0.043) 0.009 0.115 0.012 0.010 
   7   (0.108) 0.145 0.141 0.211 0.026 
   8   (0.111) 0.032 0.087 0.139 0.294 
   9   (0.038) 0.173 0.009 0.011 0.009 
  10   (0.039) 0.089 0.009 0.011 0.009 
  11   (0.030) 0.033 0.005 0.008 0.007 
  12   (0.037) 0.006 0.006 0.046 0.009 
  13   (0.034) 0.006 0.006 0.046 0.008 
  14   (0.050) 0.008 0.008 0.050 0.050 
  15   (0.039) 0.006 0.006 0.011 0.238 
  16   (0.042) 0.007 0.007 0.012 0.162 
  17   (0.026) 0.004 0.004 0.007 0.044 
  18   (0.031) 0.005 0.005 0.008 0.045 

Locus 54 : locus54 
15 alleles
0.0% missing data
   1   (0.110) 0.029 0.275 0.066 0.141 
   2   (0.104) 0.191 0.097 0.101 0.025 
   3   (0.073) 0.017 0.088 0.020 0.208 
   4   (0.092) 0.171 0.086 0.061 0.022 
   5   (0.064) 0.015 0.087 0.018 0.053 
   6   (0.118) 0.227 0.096 0.033 0.219 
   7   (0.092) 0.090 0.186 0.026 0.060 
   8   (0.050) 0.038 0.035 0.014 0.012 
   9   (0.038) 0.180 0.007 0.011 0.009 
  10   (0.042) 0.007 0.007 0.156 0.010 
  11   (0.048) 0.008 0.008 0.339 0.011 
  12   (0.036) 0.006 0.006 0.046 0.008 
  13   (0.058) 0.010 0.010 0.052 0.129 
  14   (0.034) 0.006 0.006 0.045 0.008 
  15   (0.041) 0.007 0.007 0.011 0.086 

Locus 55 : locus55 
22 alleles
0.0% missing data
   1   (0.029) 0.006 0.112 0.008 0.007 
   2   (0.029) 0.005 0.032 0.008 0.007 
   3   (0.038) 0.006 0.033 0.011 0.009 
   4   (0.062) 0.060 0.098 0.017 0.015 
   5   (0.036) 0.010 0.139 0.010 0.009 
   6   (0.076) 0.148 0.100 0.057 0.018 
   7   (0.063) 0.067 0.038 0.054 0.015 
   8   (0.052) 0.084 0.045 0.015 0.012 
   9   (0.062) 0.020 0.137 0.053 0.015 
  10   (0.040) 0.009 0.168 0.011 0.010 
  11   (0.035) 0.118 0.007 0.010 0.008 
  12   (0.053) 0.117 0.015 0.051 0.012 
  13   (0.056) 0.203 0.015 0.051 0.013 
  14   (0.057) 0.038 0.009 0.125 0.014 
  15   (0.038) 0.063 0.006 0.010 0.009 
  16   (0.047) 0.008 0.008 0.302 0.011 
  17   (0.035) 0.006 0.006 0.118 0.008 
  18   (0.052) 0.009 0.009 0.051 0.127 
  19   (0.038) 0.006 0.006 0.011 0.314 
  20   (0.029) 0.005 0.005 0.008 0.121 
  21   (0.035) 0.006 0.006 0.010 0.122 
  22   (0.036) 0.006 0.006 0.010 0.123 

Locus 56 : locus56 
18 alleles
0.0% missing data
   1   (0.086) 0.060 0.358 0.059 0.020 
   2   (0.041) 0.011 0.058 0.011 0.009 
   3   (0.108) 0.143 0.144 0.139 0.026 
   4   (0.092) 0.250 0.059 0.061 0.022 
   5   (0.095) 0.125 0.128 0.062 0.023 
   6   (0.034) 0.009 0.058 0.009 0.008 
   7   (0.039) 0.009 0.088 0.011 0.009 
   8   (0.052) 0.139 0.018 0.014 0.012 
   9   (0.064) 0.114 0.018 0.018 0.130 
  10   (0.058) 0.059 0.015 0.016 0.129 
  11   (0.062) 0.037 0.011 0.017 0.168 
  12   (0.043) 0.007 0.007 0.157 0.010 
  13   (0.039) 0.006 0.007 0.372 0.009 
  14   (0.042) 0.007 0.007 0.012 0.162 
  15   (0.041) 0.007 0.007 0.011 0.086 
  16   (0.033) 0.005 0.006 0.009 0.046 
  17   (0.036) 0.006 0.006 0.010 0.085 
  18   (0.035) 0.006 0.006 0.010 0.046 

Locus 57 : locus57 
17 alleles
0.0% missing data
   1   (0.130) 0.265 0.167 0.036 0.222 
   2   (0.085) 0.020 0.256 0.132 0.020 
   3   (0.062) 0.010 0.038 0.017 0.167 
   4   (0.089) 0.021 0.063 0.387 0.021 
   5   (0.069) 0.017 0.226 0.055 0.017 
   6   (0.048) 0.010 0.144 0.013 0.011 
   7   (0.043) 0.059 0.011 0.012 0.010 
   8   (0.049) 0.144 0.013 0.014 0.012 
   9   (0.071) 0.096 0.012 0.020 0.169 
  10   (0.036) 0.119 0.006 0.010 0.008 
  11   (0.076) 0.092 0.017 0.021 0.209 
  12   (0.051) 0.115 0.014 0.014 0.012 
  13   (0.043) 0.007 0.007 0.120 0.010 
  14   (0.042) 0.007 0.007 0.084 0.010 
  15   (0.032) 0.005 0.005 0.045 0.008 
  16   (0.034) 0.006 0.006 0.009 0.047 
  17   (0.039) 0.006 0.006 0.011 0.047 

Locus 58 : locus58 
18 alleles
0.0% missing data
   1   (0.057) 0.009 0.094 0.016 0.051 
   2   (0.065) 0.015 0.175 0.054 0.016 
   3   (0.074) 0.012 0.096 0.201 0.018 
   4   (0.067) 0.016 0.061 0.054 0.054 
   5   (0.063) 0.013 0.091 0.017 0.092 
   6   (0.038) 0.010 0.059 0.011 0.009 
   7   (0.067) 0.011 0.067 0.018 0.207 
   8   (0.071) 0.022 0.197 0.020 0.093 
   9   (0.065) 0.016 0.061 0.235 0.015 
  10   (0.041) 0.112 0.012 0.011 0.010 
  11   (0.056) 0.081 0.020 0.015 0.052 
  12   (0.039) 0.200 0.008 0.011 0.009 
  13   (0.064) 0.038 0.011 0.018 0.206 
  14   (0.078) 0.228 0.020 0.022 0.133 
  15   (0.044) 0.199 0.010 0.012 0.010 
  16   (0.040) 0.006 0.007 0.120 0.009 
  17   (0.040) 0.007 0.007 0.119 0.009 
  18   (0.032) 0.005 0.005 0.045 0.007 

Locus 59 : locus59 
22 alleles
0.0% missing data
   1   (0.074) 0.014 0.177 0.093 0.017 
   2   (0.031) 0.005 0.033 0.009 0.008 
   3   (0.037) 0.006 0.034 0.010 0.009 
   4   (0.057) 0.009 0.037 0.088 0.013 
   5   (0.046) 0.016 0.277 0.013 0.011 
   6   (0.081) 0.016 0.122 0.347 0.019 
   7   (0.044) 0.009 0.145 0.012 0.010 
   8   (0.061) 0.016 0.060 0.017 0.244 
   9   (0.050) 0.227 0.013 0.014 0.012 
  10   (0.034) 0.033 0.006 0.009 0.008 
  11   (0.065) 0.148 0.013 0.054 0.016 
  12   (0.036) 0.058 0.010 0.010 0.009 
  13   (0.040) 0.113 0.011 0.011 0.009 
  14   (0.037) 0.225 0.010 0.010 0.009 
  15   (0.029) 0.032 0.005 0.008 0.007 
  16   (0.048) 0.035 0.008 0.049 0.011 
  17   (0.034) 0.006 0.006 0.045 0.008 
  18   (0.037) 0.006 0.006 0.047 0.009 
  19   (0.033) 0.005 0.006 0.118 0.008 
  20   (0.043) 0.007 0.007 0.012 0.201 
  21   (0.043) 0.007 0.007 0.012 0.201 
  22   (0.041) 0.007 0.007 0.011 0.162 

Locus 60 : locus60 
20 alleles
0.0% missing data
   1   (0.045) 0.010 0.252 0.013 0.011 
   2   (0.044) 0.015 0.137 0.012 0.010 
   3   (0.065) 0.013 0.147 0.018 0.053 
   4   (0.043) 0.007 0.090 0.012 0.010 
   5   (0.053) 0.012 0.171 0.015 0.013 
   6   (0.037) 0.010 0.057 0.010 0.009 
   7   (0.049) 0.225 0.015 0.013 0.011 
   8   (0.056) 0.148 0.011 0.015 0.013 
   9   (0.065) 0.344 0.014 0.018 0.015 
  10   (0.084) 0.063 0.021 0.024 0.287 
  11   (0.067) 0.061 0.017 0.019 0.054 
  12   (0.037) 0.034 0.006 0.010 0.009 
  13   (0.045) 0.007 0.008 0.229 0.011 
  14   (0.038) 0.006 0.006 0.083 0.009 
  15   (0.037) 0.006 0.006 0.046 0.009 
  16   (0.050) 0.008 0.008 0.231 0.012 
  17   (0.047) 0.008 0.008 0.122 0.011 
  18   (0.042) 0.007 0.007 0.084 0.010 
  19   (0.050) 0.008 0.009 0.014 0.241 
  20   (0.046) 0.008 0.008 0.013 0.201 

Locus 61 : locus61 
22 alleles
0.0% missing data
   1   (0.064) 0.017 0.178 0.018 0.091 
   2   (0.055) 0.009 0.068 0.015 0.051 
   3   (0.066) 0.086 0.219 0.019 0.016 
   4   (0.058) 0.108 0.047 0.016 0.014 
   5   (0.033) 0.005 0.035 0.009 0.008 
   6   (0.067) 0.128 0.144 0.018 0.016 
   7   (0.040) 0.008 0.151 0.011 0.010 
   8   (0.027) 0.004 0.034 0.008 0.006 
   9   (0.044) 0.160 0.015 0.012 0.010 
  10   (0.047) 0.189 0.014 0.013 0.011 
  11   (0.041) 0.164 0.010 0.011 0.010 
  12   (0.038) 0.055 0.011 0.011 0.009 
  13   (0.039) 0.006 0.007 0.192 0.009 
  14   (0.055) 0.009 0.010 0.160 0.051 
  15   (0.036) 0.006 0.006 0.082 0.009 
  16   (0.031) 0.005 0.005 0.045 0.007 
  17   (0.034) 0.005 0.006 0.154 0.008 
  18   (0.056) 0.009 0.010 0.051 0.167 
  19   (0.048) 0.007 0.008 0.049 0.088 
  20   (0.042) 0.007 0.007 0.084 0.010 
  21   (0.045) 0.007 0.008 0.013 0.240 
  22   (0.034) 0.005 0.006 0.010 0.161 

Locus 62 : locus62 
21 alleles
0.0% missing data
   1   (0.070) 0.018 0.202 0.092 0.017 
   2   (0.086) 0.047 0.178 0.133 0.021 
   3   (0.097) 0.179 0.186 0.135 0.023 
   4   (0.029) 0.005 0.033 0.008 0.007 
   5   (0.030) 0.005 0.033 0.008 0.007 
   6   (0.087) 0.124 0.182 0.060 0.021 
   7   (0.087) 0.142 0.081 0.096 0.021 
   8   (0.055) 0.142 0.014 0.015 0.051 
   9   (0.056) 0.058 0.015 0.088 0.013 
  10   (0.035) 0.033 0.006 0.010 0.008 
  11   (0.035) 0.057 0.010 0.010 0.008 
  12   (0.031) 0.140 0.008 0.009 0.007 
  13   (0.040) 0.006 0.007 0.120 0.009 
  14   (0.032) 0.005 0.005 0.045 0.008 
  15   (0.030) 0.005 0.005 0.045 0.007 
  16   (0.038) 0.006 0.006 0.047 0.009 
  17   (0.030) 0.005 0.005 0.044 0.007 
  18   (0.038) 0.006 0.006 0.010 0.276 
  19   (0.034) 0.006 0.006 0.009 0.275 
  20   (0.027) 0.004 0.005 0.007 0.083 
  21   (0.036) 0.006 0.006 0.010 0.123 

Locus 63 : locus63 
19 alleles
0.0% missing data
   1   (0.035) 0.006 0.033 0.010 0.008 
   2   (0.063) 0.062 0.233 0.018 0.015 
   3   (0.061) 0.052 0.051 0.017 0.014 
   4   (0.096) 0.063 0.217 0.099 0.023 
   5   (0.075) 0.022 0.221 0.093 0.018 
   6   (0.065) 0.113 0.076 0.018 0.015 
   7   (0.061) 0.010 0.037 0.198 0.014 
   8   (0.069) 0.011 0.039 0.199 0.016 
   9   (0.041) 0.201 0.011 0.011 0.010 
  10   (0.040) 0.064 0.007 0.011 0.010 
  11   (0.042) 0.145 0.011 0.012 0.010 
  12   (0.055) 0.149 0.011 0.015 0.013 
  13   (0.040) 0.060 0.010 0.011 0.009 
  14   (0.070) 0.012 0.012 0.091 0.361 
  15   (0.033) 0.005 0.006 0.081 0.008 
  16   (0.038) 0.006 0.006 0.083 0.009 
  17   (0.043) 0.007 0.007 0.012 0.315 
  18   (0.040) 0.007 0.007 0.011 0.047 
  19   (0.035) 0.006 0.006 0.010 0.085 

Locus 64 : locus64 
17 alleles
0.0% missing data
   1   (0.077) 0.021 0.170 0.130 0.018 
   2   (0.041) 0.009 0.198 0.011 0.010 
   3   (0.054) 0.036 0.065 0.015 0.013 
   4   (0.129) 0.098 0.167 0.253 0.030 
   5   (0.097) 0.170 0.058 0.099 0.023 
   6   (0.101) 0.160 0.069 0.137 0.024 
   7   (0.117) 0.115 0.200 0.177 0.028 
   8   (0.037) 0.088 0.009 0.010 0.009 
   9   (0.035) 0.034 0.006 0.010 0.008 
  10   (0.042) 0.114 0.012 0.012 0.010 
  11   (0.042) 0.117 0.009 0.012 0.010 
  12   (0.039) 0.007 0.007 0.083 0.009 
  13   (0.051) 0.008 0.009 0.014 0.547 
  14   (0.032) 0.005 0.005 0.009 0.084 
  15   (0.037) 0.006 0.006 0.010 0.085 
  16   (0.032) 0.005 0.005 0.009 0.046 
  17   (0.036) 0.006 0.006 0.010 0.047 

Locus 65 : locus65 
20 alleles
0.0% missing data
   1   (0.045) 0.012 0.273 0.012 0.011 
   2   (0.051) 0.037 0.036 0.014 0.012 
   3   (0.045) 0.013 0.246 0.012 0.011 
   4   (0.040) 0.009 0.166 0.011 0.009 
   5   (0.077) 0.042 0.039 0.094 0.018 
   6   (0.080) 0.248 0.088 0.022 0.019 
   7   (0.036) 0.006 0.033 0.010 0.008 
   8   (0.035) 0.034 0.006 0.010 0.008 
   9   (0.097) 0.234 0.027 0.244 0.023 
  10   (0.079) 0.129 0.013 0.167 0.019 
  11   (0.043) 0.174 0.012 0.012 0.010 
  12   (0.050) 0.008 0.008 0.122 0.012 
  13   (0.038) 0.006 0.006 0.047 0.009 
  14   (0.042) 0.007 0.007 0.120 0.010 
  15   (0.033) 0.006 0.005 0.045 0.008 
  16   (0.049) 0.008 0.008 0.014 0.394 
  17   (0.037) 0.006 0.006 0.010 0.085 
  18   (0.033) 0.005 0.005 0.009 0.084 
  19   (0.051) 0.008 0.008 0.014 0.202 
  20   (0.040) 0.007 0.007 0.011 0.048 

Locus 66 : locus66 
24 alleles
0.0% missing data
   1   (0.060) 0.013 0.279 0.017 0.052 
   2   (0.049) 0.008 0.090 0.014 0.164 
   3   (0.073) 0.069 0.066 0.020 0.056 
   4   (0.035) 0.014 0.079 0.010 0.008 
   5   (0.030) 0.005 0.032 0.008 0.007 
   6   (0.053) 0.037 0.036 0.015 0.012 
   7   (0.086) 0.130 0.173 0.024 0.096 
   8   (0.057) 0.015 0.059 0.016 0.319 
   9   (0.064) 0.060 0.099 0.018 0.092 
  10   (0.037) 0.346 0.009 0.010 0.009 
  11   (0.058) 0.179 0.011 0.016 0.090 
  12   (0.027) 0.033 0.005 0.008 0.007 
  13   (0.027) 0.033 0.004 0.007 0.006 
  14   (0.031) 0.005 0.005 0.081 0.007 
  15   (0.031) 0.005 0.005 0.081 0.007 
  16   (0.036) 0.006 0.006 0.119 0.009 
  17   (0.034) 0.006 0.006 0.081 0.008 
  18   (0.024) 0.004 0.004 0.043 0.006 
  19   (0.030) 0.005 0.005 0.080 0.007 
  20   (0.027) 0.005 0.004 0.043 0.006 
  21   (0.034) 0.006 0.006 0.046 0.008 
  22   (0.034) 0.006 0.006 0.046 0.008 
  23   (0.035) 0.006 0.006 0.154 0.008 
  24   (0.027) 0.004 0.004 0.044 0.006 

Locus 67 : locus67 
21 alleles
0.0% missing data
   1   (0.063) 0.085 0.047 0.017 0.015 
   2   (0.069) 0.124 0.120 0.019 0.016 
   3   (0.052) 0.013 0.388 0.014 0.012 
   4   (0.045) 0.010 0.087 0.012 0.011 
   5   (0.071) 0.251 0.054 0.020 0.017 
   6   (0.037) 0.008 0.114 0.010 0.009 
   7   (0.034) 0.009 0.057 0.010 0.008 
   8   (0.035) 0.062 0.006 0.010 0.008 
   9   (0.086) 0.142 0.027 0.024 0.249 
  10   (0.059) 0.061 0.015 0.125 0.014 
  11   (0.051) 0.036 0.009 0.014 0.089 
  12   (0.039) 0.089 0.009 0.011 0.009 
  13   (0.074) 0.062 0.019 0.056 0.056 
  14   (0.038) 0.006 0.006 0.083 0.009 
  15   (0.038) 0.006 0.007 0.155 0.009 
  16   (0.038) 0.006 0.006 0.155 0.009 
  17   (0.032) 0.005 0.005 0.045 0.008 
  18   (0.032) 0.005 0.005 0.045 0.008 
  19   (0.034) 0.006 0.006 0.154 0.008 
  20   (0.033) 0.006 0.006 0.009 0.122 
  21   (0.042) 0.007 0.007 0.012 0.315 

Locus 68 : locus68 
19 alleles
0.0% missing data
   1   (0.085) 0.020 0.233 0.096 0.097 
   2   (0.057) 0.014 0.060 0.125 0.013 
   3   (0.054) 0.011 0.148 0.015 0.051 
   4   (0.036) 0.009 0.059 0.010 0.009 
   5   (0.090) 0.015 0.043 0.206 0.174 
   6   (0.096) 0.028 0.144 0.135 0.099 
   7   (0.083) 0.013 0.071 0.095 0.134 
   8   (0.043) 0.009 0.118 0.012 0.010 
   9   (0.054) 0.009 0.037 0.015 0.166 
  10   (0.038) 0.115 0.008 0.011 0.009 
  11   (0.034) 0.061 0.006 0.009 0.008 
  12   (0.059) 0.089 0.014 0.016 0.052 
  13   (0.040) 0.195 0.011 0.011 0.010 
  14   (0.040) 0.115 0.009 0.011 0.009 
  15   (0.041) 0.195 0.011 0.011 0.010 
  16   (0.043) 0.086 0.010 0.012 0.010 
  17   (0.037) 0.006 0.006 0.155 0.009 
  18   (0.034) 0.006 0.006 0.046 0.008 
  19   (0.036) 0.006 0.006 0.010 0.123 

Locus 69 : locus69 
21 alleles
0.0% missing data
   1   (0.054) 0.037 0.036 0.015 0.013 
   2   (0.048) 0.011 0.279 0.013 0.011 
   3   (0.055) 0.012 0.280 0.015 0.013 
   4   (0.069) 0.104 0.058 0.019 0.016 
   5   (0.050) 0.012 0.141 0.014 0.012 
   6   (0.072) 0.024 0.082 0.128 0.017 
   7   (0.048) 0.203 0.010 0.013 0.011 
   8   (0.047) 0.174 0.011 0.013 0.011 
   9   (0.035) 0.034 0.006 0.010 0.008 
  10   (0.043) 0.035 0.007 0.012 0.010 
  11   (0.042) 0.173 0.010 0.011 0.010 
  12   (0.052) 0.116 0.014 0.015 0.012 
  13   (0.053) 0.009 0.009 0.376 0.013 
  14   (0.046) 0.008 0.008 0.121 0.011 
  15   (0.045) 0.007 0.008 0.157 0.011 
  16   (0.048) 0.008 0.008 0.013 0.239 
  17   (0.040) 0.007 0.007 0.011 0.201 
  18   (0.034) 0.006 0.006 0.009 0.084 
  19   (0.042) 0.007 0.007 0.012 0.124 
  20   (0.045) 0.007 0.007 0.013 0.126 
  21   (0.033) 0.005 0.006 0.009 0.046 

Locus 70 : locus70 
21 alleles
0.0% missing data
   1   (0.064) 0.013 0.367 0.018 0.015 
   2   (0.036) 0.008 0.087 0.010 0.008 
   3   (0.035) 0.010 0.166 0.010 0.008 
   4   (0.035) 0.008 0.087 0.010 0.008 
   5   (0.044) 0.011 0.058 0.012 0.010 
   6   (0.037) 0.010 0.057 0.010 0.009 
   7   (0.034) 0.006 0.033 0.009 0.008 
   8   (0.046) 0.144 0.012 0.013 0.011 
   9   (0.106) 0.150 0.026 0.210 0.101 
  10   (0.036) 0.145 0.007 0.010 0.009 
  11   (0.064) 0.171 0.018 0.053 0.015 
  12   (0.030) 0.033 0.005 0.008 0.007 
  13   (0.040) 0.090 0.007 0.011 0.009 
  14   (0.042) 0.144 0.011 0.012 0.010 
  15   (0.041) 0.007 0.007 0.156 0.010 
  16   (0.066) 0.011 0.011 0.199 0.206 
  17   (0.053) 0.009 0.009 0.051 0.051 
  18   (0.040) 0.006 0.007 0.083 0.010 
  19   (0.061) 0.010 0.010 0.052 0.129 
  20   (0.051) 0.008 0.008 0.050 0.165 
  21   (0.039) 0.006 0.007 0.011 0.199 

Locus 71 : locus71 
20 alleles
0.0% missing data
   1   (0.068) 0.147 0.074 0.019 0.016 
   2   (0.089) 0.021 0.251 0.025 0.288 
   3   (0.087) 0.022 0.141 0.024 0.365 
   4   (0.095) 0.186 0.312 0.026 0.023 
   5   (0.040) 0.009 0.112 0.011 0.009 
   6   (0.050) 0.294 0.011 0.014 0.012 
   7   (0.059) 0.068 0.010 0.017 0.091 
   8   (0.046) 0.061 0.011 0.013 0.011 
   9   (0.036) 0.091 0.008 0.010 0.009 
  10   (0.033) 0.035 0.005 0.009 0.008 
  11   (0.037) 0.006 0.006 0.046 0.009 
  12   (0.054) 0.009 0.009 0.268 0.013 
  13   (0.045) 0.008 0.007 0.121 0.011 
  14   (0.041) 0.007 0.007 0.120 0.010 
  15   (0.038) 0.007 0.006 0.047 0.009 
  16   (0.046) 0.008 0.007 0.121 0.011 
  17   (0.035) 0.006 0.006 0.046 0.008 
  18   (0.033) 0.006 0.005 0.046 0.008 
  19   (0.032) 0.005 0.005 0.009 0.045 
  20   (0.035) 0.006 0.006 0.010 0.046 

Locus 72 : locus72 
19 alleles
0.0% missing data
   1   (0.078) 0.063 0.100 0.058 0.019 
   2   (0.078) 0.016 0.146 0.058 0.056 
   3   (0.069) 0.017 0.141 0.165 0.016 
   4   (0.073) 0.018 0.141 0.129 0.017 
   5   (0.064) 0.018 0.112 0.017 0.053 
   6   (0.080) 0.020 0.225 0.203 0.019 
   7   (0.066) 0.011 0.038 0.055 0.092 
   8   (0.033) 0.118 0.007 0.009 0.008 
   9   (0.043) 0.261 0.010 0.012 0.010 
  10   (0.046) 0.065 0.008 0.049 0.011 
  11   (0.038) 0.145 0.010 0.011 0.009 
  12   (0.053) 0.061 0.014 0.050 0.013 
  13   (0.040) 0.119 0.008 0.011 0.009 
  14   (0.051) 0.037 0.009 0.050 0.012 
  15   (0.035) 0.006 0.006 0.082 0.008 
  16   (0.032) 0.005 0.005 0.009 0.198 
  17   (0.038) 0.006 0.006 0.011 0.162 
  18   (0.046) 0.008 0.008 0.013 0.202 
  19   (0.035) 0.006 0.006 0.010 0.084 

Locus 73 : locus73 
20 alleles
0.0% missing data
   1   (0.049) 0.008 0.035 0.086 0.012 
   2   (0.062) 0.014 0.199 0.126 0.015 
   3   (0.077) 0.127 0.121 0.057 0.018 
   4   (0.054) 0.058 0.098 0.015 0.013 
   5   (0.062) 0.177 0.067 0.017 0.015 
   6   (0.032) 0.005 0.033 0.009 0.008 
   7   (0.038) 0.009 0.140 0.010 0.009 
   8   (0.054) 0.014 0.058 0.195 0.013 
   9   (0.094) 0.115 0.110 0.207 0.022 
  10   (0.038) 0.010 0.057 0.011 0.009 
  11   (0.035) 0.059 0.009 0.010 0.008 
  12   (0.025) 0.032 0.004 0.007 0.006 
  13   (0.071) 0.207 0.016 0.020 0.322 
  14   (0.046) 0.036 0.008 0.013 0.126 
  15   (0.043) 0.036 0.007 0.048 0.010 
  16   (0.058) 0.038 0.010 0.016 0.205 
  17   (0.043) 0.036 0.007 0.012 0.048 
  18   (0.047) 0.008 0.008 0.049 0.049 
  19   (0.037) 0.006 0.006 0.083 0.009 
  20   (0.035) 0.006 0.006 0.010 0.084 

Locus 74 : locus74 
15 alleles
0.0% missing data
   1   (0.088) 0.086 0.194 0.060 0.021 
   2   (0.098) 0.234 0.185 0.027 0.061 
   3   (0.148) 0.152 0.092 0.222 0.188 
   4   (0.043) 0.013 0.114 0.012 0.010 
   5   (0.123) 0.119 0.088 0.107 0.144 
   6   (0.054) 0.009 0.037 0.015 0.127 
   7   (0.059) 0.011 0.148 0.016 0.052 
   8   (0.096) 0.083 0.088 0.063 0.061 
   9   (0.046) 0.254 0.011 0.013 0.011 
  10   (0.076) 0.012 0.013 0.274 0.171 
  11   (0.035) 0.006 0.006 0.118 0.008 
  12   (0.033) 0.006 0.006 0.045 0.008 
  13   (0.032) 0.005 0.005 0.009 0.046 
  14   (0.034) 0.005 0.006 0.009 0.046 
  15   (0.034) 0.006 0.006 0.010 0.046 

Locus 75 : locus75 
29 alleles
0.0% missing data
   1   (0.032) 0.005 0.033 0.009 0.007 
   2   (0.033) 0.005 0.061 0.009 0.008 
   3   (0.041) 0.011 0.195 0.011 0.010 
   4   (0.031) 0.005 0.060 0.009 0.007 
   5   (0.037) 0.010 0.194 0.010 0.009 
   6   (0.039) 0.010 0.195 0.011 0.009 
   7   (0.030) 0.005 0.060 0.008 0.007 
   8   (0.026) 0.007 0.056 0.007 0.006 
   9   (0.032) 0.058 0.009 0.009 0.007 
  10   (0.053) 0.116 0.015 0.050 0.013 
  11   (0.032) 0.088 0.008 0.009 0.008 
  12   (0.034) 0.143 0.009 0.010 0.008 
  13   (0.031) 0.173 0.007 0.009 0.007 
  14   (0.036) 0.063 0.006 0.010 0.009 
  15   (0.047) 0.060 0.012 0.013 0.011 
  16   (0.029) 0.061 0.005 0.008 0.007 
  17   (0.019) 0.031 0.003 0.005 0.005 
  18   (0.032) 0.058 0.009 0.009 0.008 
  19   (0.023) 0.032 0.004 0.006 0.006 
  20   (0.054) 0.009 0.009 0.087 0.128 
  21   (0.034) 0.006 0.006 0.082 0.008 
  22   (0.040) 0.007 0.007 0.156 0.009 
  23   (0.050) 0.008 0.008 0.303 0.049 
  24   (0.034) 0.006 0.006 0.118 0.008 
  25   (0.025) 0.004 0.004 0.007 0.044 
  26   (0.035) 0.006 0.006 0.010 0.352 
  27   (0.032) 0.005 0.005 0.009 0.122 
  28   (0.031) 0.005 0.005 0.009 0.084 
  29   (0.027) 0.004 0.005 0.008 0.045 

Locus 76 : locus76 
18 alleles
0.0% missing data
   1   (0.062) 0.010 0.065 0.017 0.130 
   2   (0.081) 0.021 0.197 0.022 0.057 
   3   (0.070) 0.012 0.121 0.019 0.093 
   4   (0.103) 0.052 0.147 0.029 0.215 
   5   (0.091) 0.180 0.074 0.025 0.059 
   6   (0.068) 0.024 0.272 0.019 0.054 
   7   (0.055) 0.009 0.036 0.015 0.128 
   8   (0.047) 0.176 0.009 0.013 0.011 
   9   (0.044) 0.231 0.011 0.012 0.011 
  10   (0.037) 0.034 0.006 0.010 0.009 
  11   (0.043) 0.035 0.007 0.012 0.010 
  12   (0.065) 0.177 0.015 0.018 0.053 
  13   (0.035) 0.006 0.006 0.046 0.008 
  14   (0.049) 0.008 0.008 0.411 0.012 
  15   (0.036) 0.006 0.006 0.082 0.008 
  16   (0.040) 0.007 0.007 0.119 0.009 
  17   (0.037) 0.006 0.006 0.119 0.009 
  18   (0.036) 0.006 0.006 0.010 0.124 

Locus 77 : locus77 
19 alleles
0.0% missing data
   1   (0.072) 0.046 0.145 0.056 0.017 
   2   (0.063) 0.052 0.302 0.018 0.015 
   3   (0.037) 0.008 0.087 0.010 0.009 
   4   (0.054) 0.009 0.037 0.160 0.013 
   5   (0.036) 0.009 0.059 0.010 0.008 
   6   (0.035) 0.009 0.143 0.010 0.008 
   7   (0.082) 0.121 0.072 0.130 0.019 
   8   (0.079) 0.069 0.041 0.131 0.019 
   9   (0.077) 0.203 0.017 0.275 0.018 
  10   (0.086) 0.225 0.025 0.059 0.097 
  11   (0.055) 0.089 0.013 0.015 0.051 
  12   (0.047) 0.035 0.008 0.013 0.087 
  13   (0.063) 0.091 0.014 0.018 0.091 
  14   (0.050) 0.008 0.009 0.050 0.089 
  15   (0.029) 0.005 0.005 0.008 0.045 
  16   (0.041) 0.007 0.007 0.012 0.162 
  17   (0.032) 0.005 0.005 0.009 0.084 
  18   (0.033) 0.005 0.006 0.009 0.084 
  19   (0.030) 0.005 0.005 0.008 0.084 

Locus 78 : locus78 
15 alleles
0.0% missing data
   1   (0.050) 0.015 0.274 0.014 0.012 
   2   (0.142) 0.066 0.063 0.220 0.263 
   3   (0.043) 0.009 0.114 0.012 0.010 
   4   (0.040) 0.007 0.088 0.011 0.010 
   5   (0.042) 0.009 0.114 0.012 0.010 
   6   (0.033) 0.005 0.033 0.009 0.008 
   7   (0.056) 0.015 0.194 0.016 0.013 
   8   (0.094) 0.044 0.016 0.171 0.099 
   9   (0.080) 0.154 0.016 0.022 0.171 
  10   (0.080) 0.199 0.025 0.095 0.019 
  11   (0.125) 0.218 0.023 0.215 0.106 
  12   (0.068) 0.068 0.011 0.019 0.169 
  13   (0.047) 0.174 0.013 0.013 0.011 
  14   (0.032) 0.005 0.005 0.045 0.008 
  15   (0.067) 0.011 0.011 0.127 0.093 

Locus 79 : locus79 
17 alleles
0.0% missing data
   1   (0.080) 0.083 0.083 0.022 0.057 
   2   (0.053) 0.036 0.065 0.015 0.012 
   3   (0.070) 0.134 0.137 0.020 0.017 
   4   (0.050) 0.012 0.310 0.014 0.012 
   5   (0.040) 0.008 0.144 0.011 0.009 
   6   (0.082) 0.121 0.073 0.023 0.058 
   7   (0.060) 0.186 0.057 0.017 0.014 
   8   (0.035) 0.006 0.033 0.010 0.008 
   9   (0.090) 0.042 0.015 0.206 0.174 
  10   (0.090) 0.123 0.019 0.205 0.060 
  11   (0.039) 0.143 0.010 0.011 0.009 
  12   (0.077) 0.040 0.013 0.094 0.133 
  13   (0.055) 0.037 0.009 0.160 0.013 
  14   (0.039) 0.006 0.007 0.083 0.009 
  15   (0.070) 0.011 0.012 0.091 0.246 
  16   (0.035) 0.006 0.006 0.010 0.085 
  17   (0.036) 0.006 0.006 0.010 0.085 

Locus 80 : locus80 
25 alleles
0.0% missing data
   1   (0.067) 0.019 0.467 0.019 0.130 
   2   (0.034) 0.006 0.060 0.009 0.008 
   3   (0.040) 0.008 0.197 0.011 0.010 
   4   (0.026) 0.004 0.032 0.007 0.006 
   5   (0.040) 0.009 0.086 0.011 0.010 
   6   (0.038) 0.063 0.006 0.011 0.009 
   7   (0.030) 0.058 0.008 0.008 0.007 
   8   (0.026) 0.171 0.008 0.007 0.006 
   9   (0.041) 0.083 0.015 0.011 0.010 
  10   (0.051) 0.037 0.008 0.014 0.050 
  11   (0.083) 0.149 0.020 0.059 0.096 
  12   (0.035) 0.089 0.008 0.010 0.008 
  13   (0.058) 0.066 0.010 0.016 0.204 
  14   (0.056) 0.038 0.009 0.088 0.013 
  15   (0.029) 0.088 0.007 0.008 0.007 
  16   (0.033) 0.062 0.006 0.009 0.008 
  17   (0.034) 0.006 0.006 0.046 0.008 
  18   (0.038) 0.006 0.006 0.228 0.009 
  19   (0.039) 0.006 0.007 0.119 0.009 
  20   (0.050) 0.008 0.008 0.158 0.012 
  21   (0.026) 0.004 0.004 0.043 0.006 
  22   (0.026) 0.004 0.004 0.079 0.006 
  23   (0.033) 0.005 0.005 0.009 0.199 
  24   (0.034) 0.006 0.006 0.010 0.123 
  25   (0.035) 0.006 0.006 0.010 0.047 

Locus 81 : locus81 
24 alleles
0.0% missing data
   1   (0.073) 0.015 0.257 0.020 0.093 
   2   (0.029) 0.008 0.194 0.008 0.007 
   3   (0.062) 0.021 0.137 0.017 0.053 
   4   (0.057) 0.057 0.100 0.016 0.013 
   5   (0.055) 0.051 0.050 0.015 0.013 
   6   (0.033) 0.005 0.033 0.009 0.008 
   7   (0.049) 0.008 0.036 0.050 0.012 
   8   (0.053) 0.047 0.081 0.015 0.013 
   9   (0.034) 0.117 0.007 0.009 0.008 
  10   (0.033) 0.175 0.006 0.009 0.008 
  11   (0.038) 0.115 0.011 0.011 0.009 
  12   (0.044) 0.092 0.007 0.012 0.010 
  13   (0.037) 0.170 0.011 0.010 0.009 
  14   (0.032) 0.058 0.009 0.009 0.008 
  15   (0.036) 0.006 0.006 0.263 0.009 
  16   (0.031) 0.005 0.005 0.153 0.007 
  17   (0.041) 0.007 0.007 0.084 0.010 
  18   (0.042) 0.007 0.007 0.156 0.010 
  19   (0.034) 0.006 0.006 0.046 0.008 
  20   (0.051) 0.009 0.009 0.050 0.089 
  21   (0.039) 0.006 0.007 0.011 0.276 
  22   (0.038) 0.006 0.006 0.011 0.239 
  23   (0.028) 0.005 0.005 0.008 0.045 
  24   (0.028) 0.005 0.005 0.008 0.045 

Locus 82 : locus82 
20 alleles
0.0% missing data
   1   (0.077) 0.019 0.204 0.166 0.018 
   2   (0.056) 0.099 0.057 0.016 0.013 
   3   (0.067) 0.011 0.153 0.091 0.016 
   4   (0.040) 0.009 0.090 0.011 0.009 
   5   (0.083) 0.019 0.065 0.168 0.058 
   6   (0.058) 0.202 0.093 0.016 0.014 
   7   (0.059) 0.012 0.121 0.089 0.014 
   8   (0.058) 0.064 0.122 0.016 0.014 
   9   (0.032) 0.032 0.005 0.009 0.007 
  10   (0.049) 0.331 0.014 0.014 0.012 
  11   (0.033) 0.033 0.006 0.009 0.008 
  12   (0.035) 0.033 0.006 0.010 0.008 
  13   (0.039) 0.086 0.010 0.011 0.009 
  14   (0.033) 0.005 0.006 0.082 0.008 
  15   (0.054) 0.009 0.009 0.123 0.051 
  16   (0.060) 0.010 0.010 0.089 0.167 
  17   (0.063) 0.010 0.011 0.053 0.359 
  18   (0.036) 0.006 0.006 0.010 0.085 
  19   (0.031) 0.005 0.005 0.009 0.084 
  20   (0.036) 0.006 0.006 0.010 0.047 

Locus 83 : locus83 
21 alleles
0.0% missing data
   1   (0.064) 0.012 0.176 0.090 0.015 
   2   (0.076) 0.172 0.215 0.021 0.018 
   3   (0.072) 0.022 0.141 0.020 0.399 
   4   (0.053) 0.043 0.113 0.015 0.013 
   5   (0.098) 0.016 0.100 0.280 0.138 
   6   (0.065) 0.011 0.038 0.090 0.130 
   7   (0.051) 0.021 0.106 0.014 0.012 
   8   (0.029) 0.061 0.005 0.008 0.007 
   9   (0.035) 0.089 0.006 0.010 0.008 
  10   (0.036) 0.082 0.014 0.010 0.009 
  11   (0.046) 0.138 0.016 0.013 0.011 
  12   (0.036) 0.034 0.006 0.010 0.008 
  13   (0.030) 0.170 0.007 0.008 0.007 
  14   (0.033) 0.033 0.006 0.009 0.008 
  15   (0.036) 0.058 0.010 0.010 0.009 
  16   (0.053) 0.009 0.009 0.087 0.050 
  17   (0.037) 0.006 0.006 0.083 0.009 
  18   (0.031) 0.005 0.005 0.044 0.007 
  19   (0.053) 0.009 0.009 0.123 0.051 
  20   (0.028) 0.005 0.005 0.044 0.007 
  21   (0.037) 0.006 0.006 0.010 0.085 

Locus 84 : locus84 
26 alleles
0.0% missing data
   1   (0.042) 0.009 0.200 0.012 0.010 
   2   (0.055) 0.012 0.173 0.015 0.051 
   3   (0.039) 0.006 0.035 0.011 0.009 
   4   (0.030) 0.007 0.087 0.008 0.007 
   5   (0.055) 0.014 0.144 0.015 0.090 
   6   (0.043) 0.012 0.114 0.012 0.010 
   7   (0.037) 0.008 0.088 0.010 0.009 
   8   (0.049) 0.008 0.036 0.014 0.050 
   9   (0.041) 0.225 0.010 0.012 0.010 
  10   (0.043) 0.199 0.010 0.012 0.010 
  11   (0.036) 0.061 0.006 0.010 0.008 
  12   (0.026) 0.032 0.004 0.007 0.006 
  13   (0.037) 0.252 0.010 0.010 0.009 
  14   (0.059) 0.037 0.010 0.198 0.014 
  15   (0.036) 0.057 0.010 0.010 0.008 
  16   (0.028) 0.005 0.005 0.116 0.007 
  17   (0.041) 0.007 0.007 0.120 0.010 
  18   (0.031) 0.005 0.005 0.081 0.007 
  19   (0.031) 0.005 0.005 0.081 0.007 
  20   (0.054) 0.009 0.009 0.051 0.051 
  21   (0.028) 0.004 0.005 0.116 0.007 
  22   (0.023) 0.004 0.004 0.042 0.005 
  23   (0.039) 0.006 0.007 0.011 0.086 
  24   (0.033) 0.005 0.006 0.009 0.389 
  25   (0.034) 0.006 0.006 0.009 0.084 
  26   (0.030) 0.005 0.005 0.009 0.045 

Locus 85 : locus85 
21 alleles
0.0% missing data
   1   (0.038) 0.008 0.114 0.010 0.009 
   2   (0.076) 0.220 0.114 0.021 0.018 
   3   (0.032) 0.005 0.033 0.009 0.007 
   4   (0.085) 0.287 0.105 0.024 0.020 
   5   (0.080) 0.069 0.068 0.094 0.019 
   6   (0.042) 0.012 0.249 0.012 0.010 
   7   (0.027) 0.004 0.032 0.007 0.006 
   8   (0.084) 0.159 0.065 0.096 0.020 
   9   (0.083) 0.022 0.115 0.204 0.020 
  10   (0.034) 0.006 0.033 0.010 0.008 
  11   (0.040) 0.089 0.009 0.011 0.009 
  12   (0.030) 0.033 0.005 0.009 0.007 
  13   (0.038) 0.034 0.006 0.010 0.009 
  14   (0.039) 0.006 0.007 0.155 0.009 
  15   (0.035) 0.006 0.006 0.154 0.008 
  16   (0.055) 0.009 0.009 0.088 0.089 
  17   (0.036) 0.006 0.006 0.046 0.009 
  18   (0.036) 0.006 0.006 0.010 0.237 
  19   (0.041) 0.007 0.007 0.011 0.277 
  20   (0.035) 0.006 0.006 0.010 0.161 
  21   (0.033) 0.005 0.006 0.009 0.046 

Locus 86 : locus86 
18 alleles
0.0% missing data
   1   (0.048) 0.012 0.199 0.014 0.012 
   2   (0.081) 0.017 0.205 0.095 0.019 
   3   (0.036) 0.006 0.034 0.010 0.008 
   4   (0.089) 0.023 0.118 0.205 0.021 
   5   (0.052) 0.011 0.229 0.015 0.012 
   6   (0.109) 0.022 0.097 0.211 0.064 
   7   (0.043) 0.168 0.013 0.012 0.010 
   8   (0.037) 0.061 0.006 0.010 0.009 
   9   (0.053) 0.309 0.013 0.015 0.013 
  10   (0.046) 0.063 0.008 0.013 0.011 
  11   (0.046) 0.170 0.011 0.013 0.011 
  12   (0.042) 0.058 0.011 0.012 0.010 
  13   (0.039) 0.034 0.007 0.011 0.009 
  14   (0.075) 0.012 0.013 0.165 0.094 
  15   (0.091) 0.015 0.016 0.134 0.480 
  16   (0.036) 0.006 0.006 0.047 0.008 
  17   (0.036) 0.006 0.006 0.010 0.046 
  18   (0.042) 0.007 0.007 0.012 0.163 

Locus 87 : locus87 
22 alleles
0.0% missing data
   1   (0.032) 0.005 0.060 0.009 0.007 
   2   (0.047) 0.010 0.115 0.013 0.011 
   3   (0.044) 0.010 0.167 0.012 0.010 
   4   (0.042) 0.012 0.302 0.012 0.010 
   5   (0.039) 0.009 0.167 0.011 0.009 
   6   (0.037) 0.006 0.033 0.011 0.009 
   7   (0.028) 0.088 0.006 0.008 0.007 
   8   (0.069) 0.173 0.020 0.019 0.131 
   9   (0.038) 0.174 0.009 0.010 0.009 
  10   (0.033) 0.034 0.006 0.009 0.008 
  11   (0.028) 0.033 0.005 0.008 0.007 
  12   (0.037) 0.089 0.008 0.010 0.009 
  13   (0.079) 0.041 0.013 0.057 0.286 
  14   (0.033) 0.034 0.006 0.009 0.008 
  15   (0.037) 0.059 0.010 0.010 0.009 
  16   (0.081) 0.063 0.020 0.131 0.096 
  17   (0.084) 0.042 0.014 0.276 0.058 
  18   (0.036) 0.059 0.010 0.010 0.008 
  19   (0.030) 0.033 0.005 0.008 0.007 
  20   (0.044) 0.007 0.007 0.265 0.010 
  21   (0.071) 0.012 0.012 0.092 0.246 
  22   (0.031) 0.005 0.005 0.009 0.045 

Locus 88 : locus88 
21 alleles
0.0% missing data
   1   (0.048) 0.011 0.088 0.049 0.011 
   2   (0.081) 0.021 0.254 0.023 0.171 
   3   (0.035) 0.009 0.057 0.010 0.008 
   4   (0.039) 0.006 0.117 0.011 0.009 
   5   (0.088) 0.207 0.047 0.097 0.021 
   6   (0.039) 0.010 0.141 0.011 0.009 
   7   (0.042) 0.010 0.141 0.011 0.010 
   8   (0.092) 0.071 0.043 0.243 0.022 
   9   (0.035) 0.088 0.008 0.010 0.008 
  10   (0.052) 0.144 0.013 0.050 0.012 
  11   (0.051) 0.147 0.010 0.050 0.012 
  12   (0.070) 0.222 0.025 0.092 0.017 
  13   (0.039) 0.006 0.007 0.119 0.009 
  14   (0.047) 0.008 0.008 0.049 0.049 
  15   (0.037) 0.006 0.006 0.118 0.009 
  16   (0.034) 0.006 0.006 0.009 0.084 
  17   (0.036) 0.006 0.006 0.010 0.199 
  18   (0.032) 0.005 0.005 0.009 0.084 
  19   (0.040) 0.007 0.007 0.011 0.086 
  20   (0.033) 0.005 0.006 0.009 0.122 
  21   (0.031) 0.005 0.005 0.009 0.046 

Locus 89 : locus89 
17 alleles
0.0% missing data
   1   (0.053) 0.014 0.331 0.015 0.012 
   2   (0.042) 0.009 0.114 0.012 0.010 
   3   (0.038) 0.007 0.061 0.011 0.009 
   4   (0.035) 0.008 0.085 0.010 0.008 
   5   (0.036) 0.006 0.088 0.010 0.008 
   6   (0.047) 0.014 0.166 0.013 0.011 
   7   (0.094) 0.119 0.025 0.134 0.060 
   8   (0.094) 0.206 0.023 0.061 0.137 
   9   (0.100) 0.180 0.023 0.245 0.062 
  10   (0.079) 0.042 0.013 0.167 0.057 
  11   (0.107) 0.237 0.025 0.065 0.255 
  12   (0.055) 0.066 0.009 0.015 0.089 
  13   (0.072) 0.069 0.012 0.056 0.056 
  14   (0.040) 0.007 0.007 0.156 0.010 
  15   (0.035) 0.006 0.006 0.010 0.046 
  16   (0.035) 0.006 0.006 0.010 0.084 
  17   (0.037) 0.006 0.006 0.010 0.085 

Locus 90 : locus90 
23 alleles
0.0% missing data
   1   (0.041) 0.010 0.228 0.011 0.010 
   2   (0.063) 0.120 0.123 0.017 0.015 
   3   (0.043) 0.048 0.049 0.012 0.010 
   4   (0.070) 0.059 0.243 0.020 0.054 
   5   (0.054) 0.009 0.037 0.015 0.127 
   6   (0.045) 0.049 0.050 0.013 0.011 
   7   (0.027) 0.004 0.033 0.007 0.006 
   8   (0.064) 0.267 0.059 0.018 0.015 
   9   (0.028) 0.005 0.033 0.008 0.007 
  10   (0.045) 0.049 0.049 0.012 0.010 
  11   (0.036) 0.195 0.010 0.010 0.009 
  12   (0.031) 0.086 0.008 0.009 0.007 
  13   (0.028) 0.032 0.005 0.008 0.007 
  14   (0.033) 0.005 0.006 0.154 0.008 
  15   (0.052) 0.009 0.009 0.050 0.241 
  16   (0.035) 0.006 0.006 0.118 0.008 
  17   (0.046) 0.007 0.008 0.048 0.049 
  18   (0.058) 0.009 0.010 0.161 0.090 
  19   (0.041) 0.007 0.007 0.120 0.010 
  20   (0.050) 0.008 0.009 0.050 0.127 
  21   (0.052) 0.008 0.009 0.086 0.126 
  22   (0.028) 0.005 0.005 0.044 0.007 
  23   (0.030) 0.005 0.005 0.008 0.045 

Locus 91 : locus91 
27 alleles
0.0% missing data
   1   (0.054) 0.013 0.226 0.051 0.013 
   2   (0.057) 0.017 0.224 0.196 0.014 
   3   (0.037) 0.006 0.089 0.010 0.009 
   4   (0.026) 0.004 0.060 0.007 0.006 
   5   (0.054) 0.014 0.198 0.051 0.013 
   6   (0.034) 0.005 0.033 0.009 0.008 
   7   (0.031) 0.005 0.033 0.009 0.007 
   8   (0.037) 0.088 0.009 0.010 0.009 
   9   (0.033) 0.087 0.008 0.009 0.008 
  10   (0.034) 0.142 0.009 0.009 0.008 
  11   (0.031) 0.057 0.009 0.009 0.007 
  12   (0.033) 0.117 0.006 0.009 0.008 
  13   (0.031) 0.033 0.005 0.009 0.008 
  14   (0.041) 0.251 0.014 0.012 0.010 
  15   (0.034) 0.034 0.006 0.009 0.008 
  16   (0.029) 0.033 0.005 0.008 0.007 
  17   (0.027) 0.032 0.005 0.007 0.006 
  18   (0.043) 0.007 0.007 0.121 0.048 
  19   (0.058) 0.010 0.010 0.125 0.129 
  20   (0.052) 0.008 0.009 0.050 0.318 
  21   (0.028) 0.005 0.005 0.152 0.007 
  22   (0.040) 0.007 0.007 0.084 0.009 
  23   (0.034) 0.006 0.006 0.009 0.085 
  24   (0.030) 0.005 0.005 0.008 0.045 
  25   (0.029) 0.005 0.005 0.008 0.122 
  26   (0.035) 0.006 0.006 0.010 0.046 
  27   (0.027) 0.004 0.004 0.007 0.045 

Locus 92 : locus92 
17 alleles
0.0% missing data
   1   (0.103) 0.027 0.175 0.137 0.139 
   2   (0.124) 0.024 0.129 0.179 0.374 
   3   (0.093) 0.017 0.154 0.098 0.098 
   4   (0.088) 0.018 0.095 0.061 0.136 
   5   (0.072) 0.016 0.092 0.129 0.017 
   6   (0.059) 0.013 0.091 0.052 0.014 
   7   (0.060) 0.013 0.176 0.017 0.052 
   8   (0.043) 0.137 0.016 0.012 0.010 
   9   (0.046) 0.169 0.011 0.013 0.011 
  10   (0.039) 0.196 0.009 0.011 0.009 
  11   (0.033) 0.033 0.006 0.009 0.008 
  12   (0.039) 0.169 0.009 0.011 0.009 
  13   (0.046) 0.116 0.010 0.013 0.011 
  14   (0.034) 0.033 0.006 0.009 0.008 
  15   (0.043) 0.007 0.007 0.156 0.010 
  16   (0.049) 0.008 0.008 0.086 0.049 
  17   (0.030) 0.005 0.005 0.008 0.045 

Locus 93 : locus93 
19 alleles
0.0% missing data
   1   (0.030) 0.005 0.060 0.009 0.007 
   2   (0.069) 0.018 0.446 0.019 0.054 
   3   (0.051) 0.008 0.036 0.014 0.089 
   4   (0.057) 0.013 0.171 0.016 0.052 
   5   (0.119) 0.056 0.122 0.178 0.257 
   6   (0.105) 0.074 0.045 0.138 0.216 
   7   (0.059) 0.145 0.014 0.016 0.052 
   8   (0.029) 0.061 0.005 0.008 0.007 
   9   (0.035) 0.058 0.010 0.010 0.008 
  10   (0.086) 0.287 0.022 0.096 0.058 
  11   (0.069) 0.171 0.020 0.092 0.016 
  12   (0.031) 0.033 0.005 0.009 0.007 
  13   (0.031) 0.033 0.005 0.009 0.007 
  14   (0.038) 0.006 0.006 0.046 0.009 
  15   (0.035) 0.006 0.006 0.082 0.008 
  16   (0.034) 0.006 0.006 0.118 0.008 
  17   (0.031) 0.005 0.005 0.045 0.007 
  18   (0.063) 0.010 0.011 0.053 0.129 
  19   (0.026) 0.004 0.004 0.044 0.006 

Locus 94 : locus94 
21 alleles
0.0% missing data
   1   (0.040) 0.008 0.120 0.011 0.009 
   2   (0.048) 0.011 0.321 0.013 0.011 
   3   (0.037) 0.006 0.093 0.010 0.009 
   4   (0.072) 0.153 0.091 0.020 0.017 
   5   (0.046) 0.008 0.151 0.013 0.011 
   6   (0.065) 0.073 0.087 0.018 0.015 
   7   (0.052) 0.435 0.015 0.015 0.012 
   8   (0.040) 0.112 0.009 0.011 0.009 
   9   (0.035) 0.033 0.006 0.010 0.008 
  10   (0.041) 0.078 0.016 0.012 0.010 
  11   (0.070) 0.011 0.012 0.091 0.399 
  12   (0.043) 0.007 0.007 0.120 0.010 
  13   (0.058) 0.009 0.010 0.088 0.090 
  14   (0.057) 0.009 0.010 0.125 0.051 
  15   (0.043) 0.007 0.008 0.157 0.010 
  16   (0.039) 0.006 0.007 0.047 0.009 
  17   (0.053) 0.008 0.009 0.123 0.089 
  18   (0.053) 0.008 0.009 0.051 0.089 
  19   (0.039) 0.006 0.007 0.047 0.009 
  20   (0.033) 0.005 0.006 0.009 0.084 
  21   (0.034) 0.005 0.006 0.010 0.046 

Locus 95 : locus95 
27 alleles
0.0% missing data
   1   (0.046) 0.013 0.167 0.013 0.011 
   2   (0.034) 0.006 0.061 0.010 0.008 
   3   (0.037) 0.008 0.170 0.010 0.009 
   4   (0.039) 0.008 0.115 0.011 0.009 
   5   (0.034) 0.008 0.198 0.009 0.008 
   6   (0.031) 0.005 0.033 0.008 0.007 
   7   (0.044) 0.012 0.113 0.012 0.010 
   8   (0.044) 0.114 0.013 0.012 0.010 
   9   (0.040) 0.229 0.009 0.011 0.010 
  10   (0.028) 0.061 0.005 0.008 0.007 
  11   (0.047) 0.255 0.013 0.013 0.011 
  12   (0.030) 0.081 0.012 0.008 0.007 
  13   (0.034) 0.089 0.006 0.009 0.008 
  14   (0.027) 0.032 0.004 0.007 0.006 
  15   (0.038) 0.006 0.006 0.191 0.009 
  16   (0.034) 0.006 0.006 0.081 0.008 
  17   (0.032) 0.005 0.005 0.045 0.008 
  18   (0.047) 0.008 0.008 0.157 0.011 
  19   (0.035) 0.006 0.006 0.118 0.008 
  20   (0.030) 0.005 0.005 0.081 0.007 
  21   (0.051) 0.008 0.009 0.050 0.050 
  22   (0.035) 0.006 0.006 0.082 0.008 
  23   (0.043) 0.007 0.007 0.012 0.125 
  24   (0.043) 0.007 0.007 0.012 0.392 
  25   (0.039) 0.006 0.007 0.011 0.161 
  26   (0.029) 0.005 0.005 0.008 0.045 
  27   (0.030) 0.005 0.005 0.008 0.045 

Locus 96 : locus96 
20 alleles
0.0% missing data
   1   (0.077) 0.113 0.274 0.021 0.018 
   2   (0.037) 0.006 0.091 0.010 0.009 
   3   (0.046) 0.009 0.119 0.013 0.011 
   4   (0.085) 0.248 0.140 0.024 0.020 
   5   (0.063) 0.013 0.092 0.018 0.053 
   6   (0.066) 0.052 0.138 0.018 0.015 
   7   (0.062) 0.065 0.039 0.017 0.015 
   8   (0.053) 0.333 0.015 0.015 0.012 
   9   (0.039) 0.056 0.011 0.011 0.009 
  10   (0.030) 0.032 0.005 0.008 0.007 
  11   (0.058) 0.009 0.010 0.124 0.091 
  12   (0.036) 0.006 0.006 0.083 0.009 
  13   (0.060) 0.010 0.010 0.052 0.167 
  14   (0.037) 0.006 0.006 0.119 0.009 
  15   (0.036) 0.006 0.006 0.154 0.008 
  16   (0.059) 0.010 0.010 0.161 0.052 
  17   (0.038) 0.006 0.006 0.047 0.009 
  18   (0.033) 0.005 0.006 0.082 0.008 
  19   (0.038) 0.006 0.006 0.010 0.085 
  20   (0.047) 0.007 0.008 0.013 0.393 

Locus 97 : locus97 
25 alleles
0.0% missing data
   1   (0.045) 0.012 0.389 0.013 0.011 
   2   (0.055) 0.009 0.037 0.051 0.013 
   3   (0.040) 0.006 0.034 0.011 0.009 
   4   (0.054) 0.009 0.036 0.088 0.013 
   5   (0.043) 0.010 0.087 0.012 0.010 
   6   (0.035) 0.008 0.169 0.010 0.008 
   7   (0.043) 0.009 0.088 0.012 0.010 
   8   (0.036) 0.006 0.034 0.010 0.009 
   9   (0.033) 0.088 0.008 0.009 0.008 
  10   (0.031) 0.087 0.007 0.009 0.007 
  11   (0.053) 0.305 0.020 0.015 0.013 
  12   (0.043) 0.231 0.007 0.012 0.010 
  13   (0.037) 0.034 0.006 0.010 0.009 
  14   (0.047) 0.119 0.010 0.013 0.011 
  15   (0.042) 0.007 0.007 0.193 0.010 
  16   (0.036) 0.006 0.006 0.046 0.008 
  17   (0.046) 0.007 0.008 0.230 0.011 
  18   (0.044) 0.007 0.007 0.156 0.010 
  19   (0.031) 0.005 0.005 0.045 0.007 
  20   (0.035) 0.006 0.006 0.010 0.085 
  21   (0.032) 0.005 0.005 0.009 0.046 
  22   (0.034) 0.006 0.006 0.009 0.084 
  23   (0.035) 0.006 0.006 0.010 0.237 
  24   (0.042) 0.007 0.007 0.012 0.315 
  25   (0.029) 0.005 0.005 0.008 0.045 

Locus 98 : locus98 
24 alleles
0.0% missing data
   1   (0.059) 0.012 0.147 0.016 0.091 
   2   (0.058) 0.013 0.173 0.016 0.090 
   3   (0.039) 0.008 0.116 0.011 0.009 
   4   (0.058) 0.015 0.114 0.016 0.129 
   5   (0.057) 0.014 0.143 0.016 0.051 
   6   (0.065) 0.015 0.173 0.018 0.206 
   7   (0.039) 0.058 0.011 0.011 0.009 
   8   (0.043) 0.339 0.010 0.012 0.010 
   9   (0.031) 0.115 0.007 0.009 0.007 
  10   (0.054) 0.059 0.014 0.015 0.051 
  11   (0.033) 0.089 0.006 0.009 0.008 
  12   (0.042) 0.143 0.011 0.012 0.010 
  13   (0.046) 0.059 0.012 0.013 0.049 
  14   (0.028) 0.004 0.005 0.044 0.006 
  15   (0.033) 0.005 0.006 0.153 0.008 
  16   (0.039) 0.006 0.007 0.155 0.009 
  17   (0.031) 0.005 0.005 0.153 0.007 
  18   (0.046) 0.008 0.008 0.193 0.011 
  19   (0.035) 0.006 0.006 0.082 0.008 
  20   (0.031) 0.005 0.005 0.009 0.045 
  21   (0.035) 0.006 0.006 0.009 0.046 
  22   (0.035) 0.006 0.006 0.010 0.046 
  23   (0.034) 0.005 0.006 0.009 0.046 
  24   (0.032) 0.005 0.005 0.009 0.046 

Locus 99 : locus99 
26 alleles
0.0% missing data
   1   (0.032) 0.007 0.085 0.009 0.008 
   2   (0.046) 0.010 0.388 0.013 0.011 
   3   (0.046) 0.011 0.141 0.049 0.011 
   4   (0.036) 0.010 0.194 0.010 0.009 
   5   (0.029) 0.005 0.032 0.008 0.007 
   6   (0.033) 0.117 0.007 0.009 0.008 
   7   (0.035) 0.229 0.009 0.010 0.008 
   8   (0.038) 0.175 0.007 0.010 0.009 
   9   (0.069) 0.084 0.022 0.345 0.016 
  10   (0.041) 0.035 0.007 0.011 0.010 
  11   (0.035) 0.058 0.010 0.010 0.008 
  12   (0.059) 0.147 0.014 0.052 0.014 
  13   (0.034) 0.034 0.006 0.009 0.008 
  14   (0.038) 0.006 0.006 0.083 0.009 
  15   (0.042) 0.007 0.007 0.120 0.010 
  16   (0.054) 0.009 0.009 0.087 0.051 
  17   (0.036) 0.006 0.006 0.046 0.008 
  18   (0.033) 0.006 0.006 0.045 0.008 
  19   (0.034) 0.006 0.006 0.009 0.046 
  20   (0.029) 0.005 0.005 0.008 0.045 
  21   (0.031) 0.005 0.005 0.009 0.084 
  22   (0.037) 0.006 0.006 0.010 0.276 
  23   (0.037) 0.006 0.006 0.010 0.162 
  24   (0.033) 0.005 0.006 0.009 0.046 
  25   (0.029) 0.005 0.005 0.008 0.045 
  26   (0.036) 0.006 0.006 0.010 0.085 

Locus 100 : locus100 
12 alleles
0.0% missing data
   1   (0.151) 0.212 0.254 0.186 0.036 
   2   (0.126) 0.142 0.178 0.143 0.030 
   3   (0.114) 0.202 0.197 0.068 0.027 
   4   (0.073) 0.097 0.095 0.020 0.017 
   5   (0.149) 0.068 0.175 0.295 0.073 
   6   (0.067) 0.011 0.039 0.019 0.207 
   7   (0.041) 0.059 0.011 0.011 0.010 
   8   (0.044) 0.059 0.012 0.012 0.010 
   9   (0.069) 0.039 0.012 0.019 0.361 
  10   (0.081) 0.098 0.014 0.203 0.019 
  11   (0.047) 0.008 0.008 0.013 0.163 
  12   (0.038) 0.006 0.006 0.010 0.047 

Values of parameters used in structure:
DATAFILE=C:\Users\CHendrikse\Documents\HybridSimulation\SimParFiles\4DemeFixed\50_50\project_data,	OUTFILE=C:\Users\CHendrikse\Documents\HybridSimulation\SimParFiles\4DemeFixed\50_50\50_50\Results\50_50_run_2,	NUMINDS=50,	NUMLOCI=100,	MISSING=-9,	LABEL=1,	POPDATA=0,	POPFLAG=0,	PHENOTYPE=0,	EXTRACOLS=0,	MAXPOPS=4,	BURNIN=50000,	NUMREPS=50000,	USEPOPINFO=0,	INFERALPHA=1,	INFERLAMBDA=0,	POPSPECIFICLAMBDA=0,	POPALPHAS=0,	COMPUTEPROB=1,	NOADMIX=0,	ADMBURNIN=2500,	UPDATEFREQ=1,	PRINTLIKES=0,	INTERMEDSAVE=0,	PRINTKLD=0,	PRINTNET=0,	PRINTLAMBDA=0,	ANCESTDIST=0,	NUMBOXES=1000,	ANCESTPINT=0.90000,	GENSBACK=2,	MIGRPRIOR=0.05000,	PRINTQHAT=0,	PRINTQSUM=0,	ALPHA=1.0000,	FREQSCORR=1,	FPRIORMEAN=0.0100,	FPRIORSD=0.0500,	ONEFST=0,	LAMBDA=1.0000,	UNIFPRIORALPHA=1,	ALPHAMAX=10.0000,	ALPHAPRIORA=1.0000,	ALPHAPRIORB=2.0000,	ALPHAPROPSD=0.0250,	STARTATPOPINFO=0,	RANDOMIZE=1,	LINKAGE=0,	METROFREQ=10,	REPORTHITRATE=0,	MARKOVPHASE=-1,	PHASED=0,	PLOIDY=2,	PHASEINFO=0	LOCPRIOR=0, 	LOCPRIORINIT=1.000000, 	LOCDATA=0, 	LOCISPOP=0, 	LOCPRIORSTEP=0.100000, 	MAXLOCPRIOR=20.000000, 	SEED=1657303651,	
[STRAT parameters]:    NUMSIMSTATS=1000,	PHENOTYPECOL=-9,	POOLFREQ=10,	LOCUSxONLY=0,	EMERROR=0.00100,	MISSINGPHENO=-9,	