1667142869
1667142874
1667142879
1667142884
1667142889
1667142894
1667142899
1667142904
1667142909
1667142914
1667142919
1667142924
1667142929
1667142934
1667142939
1667142944
1667142949
1667142954
1667142959
1667142964
1667142969
1667142974
1667142979
1667142984
1667142989
1667142994
1667142999
1667143004
1667143009
1667143014
1667143019
1667143024
1667143029
1667143034
1667143039
1667143044
1667143049
1667143054
1667143059
1667143064
1667143069
1667143074
1667143079
1667143084
1667143090
1667143095
1667143100
1667143105
1667143110
1667143115
