

----------------------------------------------------
STRUCTURE by Pritchard, Stephens and Donnelly (2000)
     and Falush, Stephens and Pritchard (2003)
       Code by Pritchard, Falush and Hubisz
             Version 2.3.4 (Jul 2012)
----------------------------------------------------



Command line arguments:   /usr/local/bin/structure -i parentandhybrid5.str -m mainparams.txt -e extraparams.txt -K 4 -o parentandhybrid4Deme_4 
Input File:    parentandhybrid5.str

Run parameters:
   50 individuals
   100 loci
   4 populations assumed
   200000 Burn-in period
   200000 Reps


--------------------------------------------
Overall proportion of membership of the
sample in each of the 4 clusters

Inferred Clusters
  1      2      3      4    
0.225  0.200  0.375  0.200  

--------------------------------------------

Allele-freq. divergence among pops (Net nucleotide distance),
computed using point estimates of P.

      1       2       3       4      
 1      -    0.0686  0.0583  0.0689  
 2   0.0686     -    0.0861  0.0781  
 3   0.0583  0.0861     -    0.0824  
 4   0.0689  0.0781  0.0824     -    

Average distances (expected heterozygosity) between individuals in same cluster:
cluster  1  : 0.8837 
cluster  2  : 0.8725 
cluster  3  : 0.8688 
cluster  4  : 0.8719 

--------------------------------------------
Estimated Ln Prob of Data   = -326613.3
Mean value of ln likelihood = -22121.0
Variance of ln likelihood   = 608984.5
Mean value of alpha         = 0.0274

Mean value of Fst_1         = 0.1055
Mean value of Fst_2         = 0.1140
Mean value of Fst_3         = 0.1236
Mean value of Fst_4         = 0.1115


Inferred ancestry of individuals:
        Label (%Miss) :  Inferred clusters
  1       01    (0)   :  0.003 0.000 0.996 0.000 
  2       02    (0)   :  0.002 0.000 0.996 0.001 
  3       03    (0)   :  0.001 0.001 0.998 0.000 
  4       04    (0)   :  0.001 0.001 0.998 0.001 
  5       05    (0)   :  0.004 0.001 0.994 0.001 
  6       06    (0)   :  0.001 0.000 0.998 0.000 
  7       07    (0)   :  0.001 0.001 0.997 0.001 
  8       08    (0)   :  0.001 0.000 0.999 0.000 
  9       09    (0)   :  0.001 0.000 0.998 0.000 
 10       10    (0)   :  0.001 0.000 0.998 0.001 
 11       11    (0)   :  0.751 0.001 0.247 0.001 
 12       12    (0)   :  0.732 0.000 0.267 0.000 
 13       13    (0)   :  0.735 0.000 0.264 0.001 
 14       14    (0)   :  0.733 0.000 0.267 0.000 
 15       15    (0)   :  0.809 0.001 0.189 0.001 
 16       16    (0)   :  0.735 0.000 0.264 0.000 
 17       17    (0)   :  0.737 0.000 0.261 0.001 
 18       18    (0)   :  0.780 0.001 0.218 0.000 
 19       19    (0)   :  0.734 0.001 0.265 0.001 
 20       20    (0)   :  0.833 0.001 0.165 0.002 
 21      h01    (0)   :  0.349 0.000 0.650 0.000 
 22      h02    (0)   :  0.368 0.000 0.632 0.000 
 23      h03    (0)   :  0.354 0.000 0.645 0.000 
 24      h04    (0)   :  0.360 0.000 0.639 0.000 
 25      h05    (0)   :  0.382 0.000 0.617 0.000 
 26      h06    (0)   :  0.367 0.000 0.632 0.000 
 27      h07    (0)   :  0.355 0.000 0.645 0.000 
 28      h08    (0)   :  0.367 0.000 0.632 0.000 
 29      h09    (0)   :  0.354 0.000 0.646 0.000 
 30      h10    (0)   :  0.366 0.000 0.634 0.000 
 31       21    (0)   :  0.003 0.001 0.001 0.996 
 32       22    (0)   :  0.001 0.001 0.000 0.997 
 33       23    (0)   :  0.022 0.001 0.001 0.977 
 34       24    (0)   :  0.000 0.000 0.000 0.999 
 35       25    (0)   :  0.002 0.002 0.000 0.996 
 36       26    (0)   :  0.001 0.000 0.000 0.999 
 37       27    (0)   :  0.001 0.000 0.000 0.999 
 38       28    (0)   :  0.001 0.000 0.000 0.999 
 39       29    (0)   :  0.001 0.001 0.001 0.998 
 40       30    (0)   :  0.001 0.000 0.000 0.999 
 41       31    (0)   :  0.001 0.998 0.000 0.001 
 42       32    (0)   :  0.001 0.998 0.000 0.001 
 43       33    (0)   :  0.001 0.997 0.000 0.001 
 44       34    (0)   :  0.001 0.998 0.000 0.000 
 45       35    (0)   :  0.000 0.999 0.000 0.000 
 46       36    (0)   :  0.001 0.998 0.000 0.000 
 47       37    (0)   :  0.000 0.999 0.000 0.000 
 48       38    (0)   :  0.001 0.999 0.000 0.000 
 49       39    (0)   :  0.000 0.999 0.000 0.000 
 50       40    (0)   :  0.003 0.995 0.000 0.001 


Estimated Allele Frequencies in each cluster
First column gives estimated ancestral frequencies


Locus 1 : locus1 
19 alleles
0.0% missing data
   1   (0.077) 0.033 0.022 0.228 0.130 
   2   (0.041) 0.019 0.011 0.125 0.012 
   3   (0.064) 0.028 0.018 0.153 0.052 
   4   (0.081) 0.035 0.023 0.130 0.274 
   5   (0.072) 0.031 0.020 0.082 0.236 
   6   (0.052) 0.024 0.015 0.053 0.049 
   7   (0.105) 0.365 0.282 0.082 0.030 
   8   (0.059) 0.063 0.124 0.018 0.017 
   9   (0.056) 0.062 0.087 0.017 0.016 
  10   (0.034) 0.050 0.010 0.016 0.010 
  11   (0.030) 0.033 0.008 0.007 0.009 
  12   (0.055) 0.079 0.015 0.023 0.051 
  13   (0.053) 0.040 0.087 0.011 0.015 
  14   (0.059) 0.077 0.053 0.027 0.017 
  15   (0.033) 0.012 0.009 0.006 0.045 
  16   (0.035) 0.014 0.081 0.006 0.010 
  17   (0.032) 0.012 0.045 0.006 0.009 
  18   (0.032) 0.012 0.045 0.006 0.009 
  19   (0.030) 0.012 0.044 0.005 0.009 

Locus 2 : locus2 
21 alleles
0.0% missing data
   1   (0.042) 0.019 0.012 0.151 0.012 
   2   (0.057) 0.027 0.052 0.102 0.016 
   3   (0.048) 0.018 0.014 0.032 0.049 
   4   (0.046) 0.020 0.013 0.225 0.013 
   5   (0.039) 0.019 0.011 0.101 0.011 
   6   (0.066) 0.026 0.162 0.084 0.019 
   7   (0.084) 0.118 0.096 0.092 0.024 
   8   (0.072) 0.147 0.092 0.037 0.021 
   9   (0.063) 0.122 0.054 0.032 0.018 
  10   (0.037) 0.073 0.010 0.019 0.010 
  11   (0.039) 0.074 0.011 0.020 0.011 
  12   (0.061) 0.100 0.053 0.029 0.018 
  13   (0.040) 0.099 0.011 0.020 0.012 
  14   (0.052) 0.040 0.087 0.011 0.015 
  15   (0.044) 0.017 0.012 0.008 0.370 
  16   (0.034) 0.013 0.009 0.006 0.081 
  17   (0.034) 0.013 0.010 0.006 0.081 
  18   (0.040) 0.015 0.011 0.007 0.154 
  19   (0.032) 0.012 0.009 0.006 0.045 
  20   (0.040) 0.015 0.227 0.007 0.011 
  21   (0.031) 0.012 0.045 0.005 0.009 

Locus 3 : locus3 
22 alleles
0.0% missing data
   1   (0.047) 0.022 0.013 0.198 0.013 
   2   (0.056) 0.028 0.016 0.074 0.052 
   3   (0.042) 0.019 0.012 0.175 0.012 
   4   (0.037) 0.016 0.010 0.077 0.011 
   5   (0.078) 0.035 0.022 0.180 0.237 
   6   (0.057) 0.021 0.016 0.034 0.160 
   7   (0.031) 0.012 0.009 0.030 0.009 
   8   (0.047) 0.177 0.013 0.041 0.013 
   9   (0.084) 0.172 0.240 0.043 0.024 
  10   (0.042) 0.093 0.012 0.026 0.012 
  11   (0.055) 0.063 0.087 0.016 0.016 
  12   (0.039) 0.096 0.011 0.022 0.011 
  13   (0.057) 0.081 0.016 0.023 0.088 
  14   (0.053) 0.063 0.087 0.014 0.015 
  15   (0.032) 0.012 0.009 0.006 0.045 
  16   (0.033) 0.012 0.009 0.006 0.081 
  17   (0.028) 0.012 0.008 0.005 0.042 
  18   (0.034) 0.013 0.010 0.006 0.082 
  19   (0.033) 0.012 0.009 0.006 0.045 
  20   (0.039) 0.015 0.155 0.007 0.011 
  21   (0.038) 0.014 0.118 0.007 0.011 
  22   (0.038) 0.014 0.119 0.007 0.011 

Locus 4 : locus4 
16 alleles
0.0% missing data
   1   (0.129) 0.271 0.144 0.109 0.073 
   2   (0.114) 0.191 0.140 0.158 0.033 
   3   (0.070) 0.030 0.020 0.157 0.092 
   4   (0.092) 0.038 0.098 0.136 0.062 
   5   (0.032) 0.012 0.009 0.030 0.009 
   6   (0.074) 0.038 0.021 0.175 0.092 
   7   (0.037) 0.017 0.010 0.078 0.011 
   8   (0.059) 0.022 0.017 0.034 0.160 
   9   (0.065) 0.116 0.054 0.038 0.019 
  10   (0.036) 0.055 0.010 0.013 0.010 
  11   (0.038) 0.052 0.011 0.017 0.011 
  12   (0.037) 0.056 0.010 0.012 0.011 
  13   (0.032) 0.032 0.009 0.009 0.009 
  14   (0.064) 0.025 0.162 0.011 0.089 
  15   (0.035) 0.013 0.010 0.006 0.082 
  16   (0.084) 0.032 0.276 0.015 0.239 

Locus 5 : locus5 
20 alleles
0.0% missing data
   1   (0.065) 0.031 0.018 0.223 0.091 
   2   (0.042) 0.020 0.012 0.244 0.012 
   3   (0.069) 0.031 0.019 0.152 0.164 
   4   (0.035) 0.015 0.010 0.101 0.010 
   5   (0.030) 0.012 0.009 0.029 0.009 
   6   (0.071) 0.107 0.020 0.029 0.236 
   7   (0.085) 0.233 0.060 0.057 0.060 
   8   (0.048) 0.039 0.085 0.012 0.014 
   9   (0.063) 0.186 0.018 0.044 0.053 
  10   (0.084) 0.091 0.168 0.027 0.060 
  11   (0.029) 0.032 0.008 0.006 0.008 
  12   (0.050) 0.057 0.014 0.019 0.048 
  13   (0.059) 0.043 0.053 0.011 0.053 
  14   (0.048) 0.019 0.086 0.008 0.048 
  15   (0.051) 0.019 0.122 0.009 0.051 
  16   (0.044) 0.017 0.048 0.008 0.048 
  17   (0.034) 0.013 0.082 0.006 0.010 
  18   (0.031) 0.012 0.081 0.005 0.009 
  19   (0.030) 0.011 0.044 0.005 0.009 
  20   (0.030) 0.012 0.044 0.005 0.009 

Locus 6 : locus6 
26 alleles
0.0% missing data
   1   (0.066) 0.110 0.054 0.094 0.019 
   2   (0.041) 0.035 0.012 0.059 0.012 
   3   (0.058) 0.111 0.016 0.135 0.017 
   4   (0.036) 0.018 0.010 0.098 0.010 
   5   (0.047) 0.044 0.013 0.076 0.013 
   6   (0.033) 0.020 0.009 0.072 0.009 
   7   (0.035) 0.016 0.010 0.051 0.010 
   8   (0.038) 0.018 0.011 0.099 0.011 
   9   (0.055) 0.021 0.232 0.033 0.016 
  10   (0.069) 0.076 0.056 0.105 0.020 
  11   (0.030) 0.012 0.008 0.029 0.008 
  12   (0.038) 0.155 0.011 0.037 0.011 
  13   (0.039) 0.116 0.011 0.027 0.011 
  14   (0.033) 0.097 0.009 0.018 0.009 
  15   (0.034) 0.014 0.009 0.006 0.117 
  16   (0.028) 0.012 0.008 0.005 0.043 
  17   (0.038) 0.015 0.011 0.006 0.153 
  18   (0.037) 0.014 0.010 0.006 0.260 
  19   (0.028) 0.011 0.008 0.005 0.044 
  20   (0.033) 0.013 0.009 0.006 0.153 
  21   (0.030) 0.012 0.044 0.005 0.008 
  22   (0.033) 0.013 0.081 0.006 0.009 
  23   (0.031) 0.012 0.081 0.005 0.009 
  24   (0.033) 0.013 0.117 0.006 0.009 
  25   (0.031) 0.013 0.117 0.005 0.009 
  26   (0.028) 0.011 0.044 0.005 0.008 

Locus 7 : locus7 
19 alleles
0.0% missing data
   1   (0.033) 0.016 0.009 0.051 0.009 
   2   (0.037) 0.016 0.011 0.077 0.011 
   3   (0.045) 0.021 0.013 0.295 0.013 
   4   (0.092) 0.040 0.098 0.181 0.098 
   5   (0.031) 0.013 0.009 0.054 0.009 
   6   (0.032) 0.015 0.009 0.051 0.009 
   7   (0.080) 0.060 0.059 0.054 0.059 
   8   (0.057) 0.085 0.016 0.019 0.087 
   9   (0.036) 0.095 0.010 0.022 0.010 
  10   (0.071) 0.103 0.056 0.033 0.056 
  11   (0.099) 0.073 0.172 0.029 0.314 
  12   (0.047) 0.038 0.085 0.012 0.013 
  13   (0.073) 0.048 0.128 0.016 0.128 
  14   (0.054) 0.081 0.015 0.021 0.051 
  15   (0.041) 0.135 0.011 0.033 0.012 
  16   (0.057) 0.098 0.016 0.030 0.052 
  17   (0.028) 0.031 0.008 0.007 0.008 
  18   (0.056) 0.021 0.232 0.010 0.052 
  19   (0.030) 0.011 0.044 0.005 0.009 

Locus 8 : locus8 
19 alleles
0.0% missing data
   1   (0.042) 0.019 0.012 0.101 0.012 
   2   (0.057) 0.062 0.016 0.111 0.016 
   3   (0.121) 0.189 0.142 0.307 0.035 
   4   (0.100) 0.119 0.136 0.152 0.029 
   5   (0.101) 0.134 0.172 0.138 0.029 
   6   (0.082) 0.114 0.095 0.076 0.024 
   7   (0.038) 0.078 0.011 0.018 0.011 
   8   (0.036) 0.079 0.010 0.016 0.010 
   9   (0.057) 0.061 0.052 0.019 0.016 
  10   (0.042) 0.016 0.012 0.007 0.191 
  11   (0.032) 0.013 0.009 0.005 0.045 
  12   (0.042) 0.017 0.012 0.007 0.299 
  13   (0.031) 0.013 0.009 0.005 0.043 
  14   (0.038) 0.015 0.011 0.006 0.118 
  15   (0.030) 0.012 0.008 0.005 0.045 
  16   (0.049) 0.019 0.050 0.008 0.050 
  17   (0.032) 0.013 0.045 0.006 0.009 
  18   (0.033) 0.013 0.081 0.006 0.009 
  19   (0.036) 0.014 0.118 0.006 0.010 

Locus 9 : locus9 
33 alleles
0.0% missing data
   1   (0.049) 0.024 0.014 0.150 0.086 
   2   (0.036) 0.019 0.010 0.291 0.010 
   3   (0.027) 0.011 0.008 0.100 0.008 
   4   (0.027) 0.010 0.007 0.053 0.008 
   5   (0.044) 0.017 0.012 0.056 0.047 
   6   (0.025) 0.010 0.007 0.028 0.007 
   7   (0.053) 0.046 0.015 0.078 0.051 
   8   (0.028) 0.053 0.008 0.012 0.008 
   9   (0.036) 0.217 0.010 0.044 0.010 
  10   (0.026) 0.052 0.007 0.010 0.007 
  11   (0.028) 0.049 0.008 0.014 0.008 
  12   (0.035) 0.108 0.010 0.030 0.010 
  13   (0.031) 0.051 0.009 0.015 0.009 
  14   (0.030) 0.051 0.008 0.014 0.009 
  15   (0.037) 0.075 0.010 0.017 0.011 
  16   (0.025) 0.030 0.007 0.008 0.007 
  17   (0.030) 0.011 0.008 0.005 0.080 
  18   (0.024) 0.010 0.007 0.004 0.043 
  19   (0.025) 0.009 0.007 0.004 0.041 
  20   (0.032) 0.012 0.009 0.005 0.081 
  21   (0.026) 0.009 0.007 0.005 0.043 
  22   (0.043) 0.018 0.121 0.008 0.048 
  23   (0.030) 0.012 0.008 0.005 0.188 
  24   (0.026) 0.009 0.007 0.005 0.043 
  25   (0.026) 0.010 0.007 0.005 0.043 
  26   (0.022) 0.008 0.006 0.004 0.042 
  27   (0.025) 0.010 0.187 0.004 0.007 
  28   (0.023) 0.009 0.042 0.004 0.007 
  29   (0.026) 0.010 0.079 0.004 0.007 
  30   (0.031) 0.011 0.152 0.005 0.009 
  31   (0.026) 0.011 0.079 0.004 0.007 
  32   (0.021) 0.009 0.042 0.004 0.006 
  33   (0.026) 0.010 0.079 0.005 0.008 

Locus 10 : locus10 
29 alleles
0.0% missing data
   1   (0.040) 0.018 0.011 0.245 0.011 
   2   (0.040) 0.019 0.011 0.149 0.012 
   3   (0.044) 0.023 0.012 0.245 0.013 
   4   (0.028) 0.011 0.008 0.029 0.008 
   5   (0.030) 0.012 0.009 0.029 0.009 
   6   (0.048) 0.021 0.049 0.053 0.014 
   7   (0.033) 0.075 0.009 0.015 0.010 
   8   (0.045) 0.219 0.013 0.047 0.013 
   9   (0.030) 0.053 0.009 0.013 0.009 
  10   (0.036) 0.093 0.010 0.023 0.010 
  11   (0.040) 0.116 0.011 0.027 0.012 
  12   (0.029) 0.030 0.008 0.008 0.008 
  13   (0.036) 0.074 0.010 0.018 0.010 
  14   (0.031) 0.050 0.009 0.015 0.009 
  15   (0.033) 0.013 0.009 0.006 0.081 
  16   (0.029) 0.012 0.008 0.005 0.044 
  17   (0.039) 0.014 0.011 0.007 0.118 
  18   (0.035) 0.013 0.010 0.006 0.225 
  19   (0.029) 0.012 0.008 0.005 0.079 
  20   (0.032) 0.012 0.009 0.006 0.045 
  21   (0.028) 0.011 0.008 0.005 0.043 
  22   (0.027) 0.011 0.008 0.005 0.043 
  23   (0.037) 0.013 0.010 0.006 0.118 
  24   (0.041) 0.015 0.336 0.007 0.012 
  25   (0.030) 0.012 0.044 0.005 0.009 
  26   (0.028) 0.011 0.044 0.005 0.008 
  27   (0.033) 0.012 0.081 0.006 0.009 
  28   (0.035) 0.013 0.153 0.006 0.010 
  29   (0.032) 0.012 0.081 0.006 0.009 

Locus 11 : locus11 
16 alleles
0.0% missing data
   1   (0.069) 0.029 0.019 0.106 0.163 
   2   (0.115) 0.055 0.140 0.252 0.140 
   3   (0.056) 0.151 0.016 0.071 0.016 
   4   (0.100) 0.042 0.136 0.086 0.172 
   5   (0.068) 0.033 0.019 0.176 0.090 
   6   (0.092) 0.062 0.062 0.084 0.098 
   7   (0.082) 0.128 0.023 0.060 0.094 
   8   (0.073) 0.029 0.200 0.037 0.056 
   9   (0.038) 0.074 0.011 0.019 0.011 
  10   (0.072) 0.087 0.056 0.026 0.056 
  11   (0.041) 0.094 0.012 0.025 0.012 
  12   (0.041) 0.138 0.012 0.030 0.012 
  13   (0.031) 0.032 0.009 0.008 0.009 
  14   (0.057) 0.022 0.161 0.010 0.052 
  15   (0.033) 0.013 0.081 0.006 0.009 
  16   (0.030) 0.012 0.044 0.005 0.009 

Locus 12 : locus12 
22 alleles
0.0% missing data
   1   (0.075) 0.077 0.021 0.107 0.057 
   2   (0.104) 0.189 0.029 0.253 0.136 
   3   (0.039) 0.018 0.011 0.149 0.011 
   4   (0.063) 0.250 0.018 0.143 0.018 
   5   (0.051) 0.023 0.014 0.079 0.050 
   6   (0.052) 0.054 0.015 0.093 0.015 
   7   (0.035) 0.017 0.010 0.051 0.010 
   8   (0.059) 0.104 0.017 0.027 0.088 
   9   (0.034) 0.056 0.010 0.012 0.010 
  10   (0.054) 0.042 0.015 0.010 0.195 
  11   (0.033) 0.013 0.009 0.006 0.081 
  12   (0.036) 0.014 0.010 0.006 0.081 
  13   (0.032) 0.013 0.009 0.006 0.081 
  14   (0.046) 0.018 0.049 0.008 0.049 
  15   (0.051) 0.021 0.122 0.009 0.050 
  16   (0.036) 0.014 0.119 0.006 0.010 
  17   (0.036) 0.014 0.154 0.006 0.010 
  18   (0.034) 0.013 0.082 0.006 0.010 
  19   (0.030) 0.012 0.044 0.005 0.009 
  20   (0.033) 0.013 0.081 0.006 0.010 
  21   (0.037) 0.014 0.118 0.006 0.010 
  22   (0.029) 0.012 0.044 0.005 0.008 

Locus 13 : locus13 
20 alleles
0.0% missing data
   1   (0.057) 0.045 0.016 0.128 0.016 
   2   (0.080) 0.167 0.023 0.236 0.023 
   3   (0.082) 0.289 0.023 0.213 0.023 
   4   (0.063) 0.064 0.018 0.186 0.018 
   5   (0.055) 0.047 0.015 0.102 0.016 
   6   (0.055) 0.085 0.051 0.020 0.016 
   7   (0.041) 0.079 0.012 0.017 0.012 
   8   (0.042) 0.016 0.012 0.007 0.119 
   9   (0.060) 0.024 0.052 0.010 0.196 
  10   (0.036) 0.014 0.010 0.006 0.081 
  11   (0.040) 0.016 0.011 0.007 0.119 
  12   (0.060) 0.023 0.089 0.010 0.089 
  13   (0.056) 0.022 0.124 0.010 0.051 
  14   (0.035) 0.014 0.010 0.006 0.046 
  15   (0.064) 0.025 0.198 0.011 0.090 
  16   (0.032) 0.013 0.009 0.006 0.045 
  17   (0.039) 0.015 0.119 0.007 0.011 
  18   (0.033) 0.013 0.045 0.006 0.009 
  19   (0.037) 0.015 0.118 0.006 0.011 
  20   (0.033) 0.013 0.045 0.006 0.009 

Locus 14 : locus14 
22 alleles
0.0% missing data
   1   (0.032) 0.015 0.009 0.075 0.009 
   2   (0.054) 0.087 0.015 0.133 0.016 
   3   (0.084) 0.251 0.024 0.229 0.060 
   4   (0.031) 0.015 0.009 0.050 0.009 
   5   (0.033) 0.016 0.009 0.122 0.010 
   6   (0.059) 0.064 0.017 0.040 0.053 
   7   (0.068) 0.127 0.019 0.104 0.053 
   8   (0.033) 0.016 0.009 0.050 0.010 
   9   (0.028) 0.012 0.008 0.029 0.008 
  10   (0.068) 0.093 0.019 0.064 0.091 
  11   (0.048) 0.061 0.013 0.015 0.049 
  12   (0.053) 0.060 0.015 0.020 0.087 
  13   (0.043) 0.039 0.012 0.008 0.048 
  14   (0.055) 0.022 0.123 0.010 0.087 
  15   (0.057) 0.023 0.232 0.010 0.087 
  16   (0.028) 0.011 0.008 0.005 0.044 
  17   (0.031) 0.012 0.009 0.005 0.116 
  18   (0.050) 0.021 0.086 0.009 0.086 
  19   (0.047) 0.018 0.121 0.008 0.049 
  20   (0.032) 0.012 0.081 0.006 0.009 
  21   (0.033) 0.012 0.081 0.006 0.009 
  22   (0.032) 0.012 0.081 0.005 0.009 

Locus 15 : locus15 
20 alleles
0.0% missing data
   1   (0.064) 0.028 0.018 0.080 0.126 
   2   (0.042) 0.020 0.012 0.172 0.012 
   3   (0.083) 0.036 0.023 0.276 0.130 
   4   (0.041) 0.019 0.012 0.149 0.012 
   5   (0.040) 0.022 0.011 0.072 0.012 
   6   (0.087) 0.095 0.060 0.025 0.168 
   7   (0.111) 0.288 0.103 0.065 0.103 
   8   (0.040) 0.096 0.011 0.022 0.011 
   9   (0.040) 0.095 0.011 0.023 0.012 
  10   (0.065) 0.061 0.234 0.023 0.019 
  11   (0.043) 0.070 0.012 0.025 0.012 
  12   (0.037) 0.053 0.010 0.015 0.011 
  13   (0.034) 0.014 0.010 0.006 0.117 
  14   (0.036) 0.014 0.010 0.006 0.118 
  15   (0.054) 0.020 0.087 0.009 0.051 
  16   (0.050) 0.019 0.086 0.009 0.050 
  17   (0.038) 0.014 0.155 0.007 0.011 
  18   (0.031) 0.012 0.045 0.005 0.009 
  19   (0.030) 0.012 0.044 0.005 0.009 
  20   (0.032) 0.012 0.045 0.006 0.009 

Locus 16 : locus16 
20 alleles
0.0% missing data
   1   (0.039) 0.017 0.011 0.124 0.011 
   2   (0.034) 0.014 0.009 0.053 0.010 
   3   (0.081) 0.041 0.023 0.410 0.094 
   4   (0.080) 0.056 0.022 0.130 0.094 
   5   (0.062) 0.054 0.018 0.051 0.054 
   6   (0.040) 0.140 0.011 0.030 0.012 
   7   (0.080) 0.172 0.022 0.044 0.165 
   8   (0.053) 0.081 0.051 0.022 0.015 
   9   (0.071) 0.109 0.236 0.029 0.020 
  10   (0.036) 0.095 0.010 0.023 0.010 
  11   (0.030) 0.032 0.008 0.006 0.009 
  12   (0.067) 0.064 0.199 0.021 0.019 
  13   (0.035) 0.013 0.010 0.006 0.082 
  14   (0.031) 0.012 0.009 0.005 0.044 
  15   (0.051) 0.020 0.050 0.009 0.122 
  16   (0.058) 0.023 0.124 0.010 0.087 
  17   (0.030) 0.012 0.008 0.005 0.044 
  18   (0.052) 0.020 0.086 0.009 0.051 
  19   (0.043) 0.017 0.048 0.008 0.048 
  20   (0.029) 0.011 0.044 0.005 0.008 

Locus 17 : locus17 
27 alleles
0.0% missing data
   1   (0.028) 0.011 0.008 0.028 0.008 
   2   (0.033) 0.014 0.009 0.100 0.009 
   3   (0.027) 0.011 0.008 0.028 0.008 
   4   (0.032) 0.015 0.009 0.075 0.009 
   5   (0.034) 0.017 0.010 0.098 0.010 
   6   (0.027) 0.011 0.008 0.028 0.008 
   7   (0.038) 0.020 0.011 0.265 0.011 
   8   (0.023) 0.009 0.007 0.028 0.007 
   9   (0.031) 0.014 0.009 0.075 0.009 
  10   (0.028) 0.011 0.008 0.029 0.008 
  11   (0.033) 0.051 0.009 0.015 0.009 
  12   (0.075) 0.146 0.309 0.040 0.021 
  13   (0.058) 0.147 0.088 0.032 0.016 
  14   (0.049) 0.122 0.014 0.026 0.047 
  15   (0.048) 0.060 0.121 0.016 0.014 
  16   (0.051) 0.057 0.086 0.020 0.015 
  17   (0.032) 0.052 0.009 0.014 0.009 
  18   (0.049) 0.097 0.050 0.026 0.014 
  19   (0.045) 0.039 0.013 0.011 0.085 
  20   (0.036) 0.013 0.010 0.006 0.153 
  21   (0.030) 0.011 0.008 0.005 0.080 
  22   (0.031) 0.011 0.009 0.005 0.152 
  23   (0.049) 0.019 0.049 0.008 0.157 
  24   (0.029) 0.011 0.008 0.005 0.080 
  25   (0.026) 0.010 0.007 0.005 0.043 
  26   (0.026) 0.011 0.043 0.005 0.008 
  27   (0.031) 0.011 0.081 0.005 0.009 

Locus 18 : locus18 
21 alleles
0.0% missing data
   1   (0.086) 0.046 0.060 0.098 0.131 
   2   (0.065) 0.027 0.018 0.107 0.126 
   3   (0.088) 0.113 0.025 0.126 0.097 
   4   (0.047) 0.022 0.013 0.323 0.014 
   5   (0.033) 0.015 0.009 0.052 0.010 
   6   (0.059) 0.025 0.017 0.081 0.088 
   7   (0.046) 0.198 0.013 0.043 0.013 
   8   (0.035) 0.055 0.010 0.012 0.010 
   9   (0.041) 0.110 0.012 0.032 0.012 
  10   (0.044) 0.156 0.012 0.036 0.013 
  11   (0.030) 0.032 0.008 0.007 0.009 
  12   (0.033) 0.050 0.009 0.016 0.009 
  13   (0.055) 0.020 0.088 0.010 0.087 
  14   (0.060) 0.023 0.161 0.011 0.088 
  15   (0.051) 0.019 0.050 0.009 0.086 
  16   (0.061) 0.024 0.197 0.011 0.089 
  17   (0.035) 0.013 0.010 0.006 0.081 
  18   (0.033) 0.013 0.081 0.006 0.009 
  19   (0.034) 0.013 0.081 0.006 0.010 
  20   (0.032) 0.013 0.081 0.006 0.009 
  21   (0.031) 0.012 0.045 0.005 0.009 

Locus 19 : locus19 
24 alleles
0.0% missing data
   1   (0.061) 0.028 0.089 0.126 0.017 
   2   (0.051) 0.023 0.050 0.127 0.014 
   3   (0.057) 0.029 0.052 0.195 0.016 
   4   (0.041) 0.020 0.012 0.268 0.012 
   5   (0.042) 0.017 0.048 0.031 0.012 
   6   (0.056) 0.063 0.016 0.017 0.159 
   7   (0.034) 0.073 0.010 0.018 0.010 
   8   (0.033) 0.073 0.009 0.018 0.010 
   9   (0.035) 0.071 0.010 0.022 0.010 
  10   (0.036) 0.077 0.010 0.016 0.010 
  11   (0.036) 0.137 0.010 0.030 0.010 
  12   (0.046) 0.039 0.085 0.009 0.013 
  13   (0.051) 0.080 0.014 0.022 0.050 
  14   (0.048) 0.057 0.086 0.019 0.014 
  15   (0.061) 0.076 0.017 0.029 0.124 
  16   (0.055) 0.041 0.015 0.010 0.231 
  17   (0.036) 0.013 0.010 0.006 0.118 
  18   (0.030) 0.012 0.008 0.005 0.042 
  19   (0.033) 0.012 0.009 0.006 0.081 
  20   (0.039) 0.014 0.227 0.007 0.011 
  21   (0.028) 0.011 0.044 0.005 0.008 
  22   (0.029) 0.011 0.044 0.005 0.008 
  23   (0.029) 0.011 0.044 0.005 0.008 
  24   (0.033) 0.012 0.081 0.006 0.009 

Locus 20 : locus20 
24 alleles
0.0% missing data
   1   (0.041) 0.019 0.011 0.220 0.012 
   2   (0.037) 0.016 0.010 0.051 0.011 
   3   (0.040) 0.019 0.011 0.268 0.011 
   4   (0.039) 0.018 0.011 0.148 0.011 
   5   (0.034) 0.016 0.010 0.051 0.010 
   6   (0.063) 0.124 0.018 0.033 0.125 
   7   (0.056) 0.100 0.016 0.029 0.088 
   8   (0.062) 0.166 0.089 0.039 0.018 
   9   (0.070) 0.103 0.020 0.033 0.163 
  10   (0.056) 0.080 0.016 0.022 0.087 
  11   (0.040) 0.037 0.011 0.008 0.047 
  12   (0.028) 0.032 0.008 0.006 0.008 
  13   (0.039) 0.098 0.011 0.020 0.011 
  14   (0.048) 0.039 0.014 0.012 0.085 
  15   (0.047) 0.018 0.049 0.008 0.084 
  16   (0.048) 0.018 0.086 0.008 0.085 
  17   (0.031) 0.012 0.009 0.005 0.080 
  18   (0.035) 0.013 0.190 0.006 0.010 
  19   (0.032) 0.012 0.081 0.006 0.009 
  20   (0.029) 0.012 0.044 0.005 0.008 
  21   (0.033) 0.013 0.117 0.006 0.010 
  22   (0.029) 0.011 0.044 0.005 0.008 
  23   (0.035) 0.013 0.082 0.006 0.010 
  24   (0.028) 0.011 0.043 0.005 0.008 

Locus 21 : locus21 
13 alleles
0.0% missing data
   1   (0.129) 0.062 0.144 0.277 0.073 
   2   (0.097) 0.279 0.027 0.206 0.028 
   3   (0.137) 0.060 0.074 0.187 0.325 
   4   (0.072) 0.031 0.020 0.131 0.056 
   5   (0.096) 0.191 0.027 0.078 0.063 
   6   (0.050) 0.098 0.014 0.026 0.014 
   7   (0.078) 0.108 0.094 0.033 0.022 
   8   (0.060) 0.043 0.089 0.013 0.017 
   9   (0.037) 0.035 0.010 0.009 0.011 
  10   (0.045) 0.017 0.013 0.008 0.156 
  11   (0.072) 0.027 0.237 0.012 0.056 
  12   (0.089) 0.034 0.205 0.015 0.168 
  13   (0.038) 0.014 0.047 0.007 0.011 

Locus 22 : locus22 
23 alleles
0.0% missing data
   1   (0.058) 0.027 0.016 0.128 0.088 
   2   (0.047) 0.091 0.013 0.053 0.013 
   3   (0.064) 0.025 0.054 0.060 0.090 
   4   (0.064) 0.025 0.054 0.035 0.126 
   5   (0.048) 0.091 0.014 0.079 0.014 
   6   (0.061) 0.023 0.053 0.035 0.089 
   7   (0.053) 0.050 0.015 0.195 0.015 
   8   (0.036) 0.017 0.010 0.100 0.010 
   9   (0.034) 0.015 0.010 0.077 0.010 
  10   (0.049) 0.109 0.014 0.083 0.014 
  11   (0.040) 0.134 0.011 0.033 0.011 
  12   (0.037) 0.135 0.010 0.029 0.011 
  13   (0.050) 0.056 0.014 0.019 0.050 
  14   (0.026) 0.031 0.007 0.007 0.007 
  15   (0.033) 0.052 0.009 0.014 0.009 
  16   (0.049) 0.019 0.122 0.009 0.048 
  17   (0.026) 0.011 0.007 0.005 0.043 
  18   (0.030) 0.012 0.009 0.005 0.116 
  19   (0.028) 0.011 0.008 0.005 0.044 
  20   (0.054) 0.021 0.195 0.009 0.087 
  21   (0.053) 0.020 0.158 0.009 0.087 
  22   (0.033) 0.013 0.153 0.006 0.009 
  23   (0.030) 0.012 0.044 0.005 0.009 

Locus 23 : locus23 
19 alleles
0.0% missing data
   1   (0.038) 0.016 0.011 0.079 0.011 
   2   (0.075) 0.069 0.129 0.043 0.022 
   3   (0.036) 0.015 0.010 0.080 0.010 
   4   (0.029) 0.012 0.008 0.030 0.008 
   5   (0.061) 0.027 0.017 0.107 0.088 
   6   (0.052) 0.020 0.123 0.034 0.015 
   7   (0.084) 0.131 0.024 0.105 0.095 
   8   (0.040) 0.019 0.011 0.127 0.011 
   9   (0.064) 0.030 0.018 0.104 0.090 
  10   (0.094) 0.095 0.026 0.099 0.205 
  11   (0.082) 0.105 0.023 0.059 0.167 
  12   (0.068) 0.222 0.019 0.054 0.055 
  13   (0.040) 0.098 0.011 0.019 0.012 
  14   (0.056) 0.073 0.016 0.030 0.052 
  15   (0.036) 0.014 0.010 0.006 0.117 
  16   (0.040) 0.015 0.227 0.007 0.012 
  17   (0.036) 0.014 0.154 0.006 0.010 
  18   (0.035) 0.014 0.118 0.006 0.010 
  19   (0.032) 0.012 0.045 0.006 0.009 

Locus 24 : locus24 
18 alleles
0.0% missing data
   1   (0.102) 0.121 0.064 0.364 0.029 
   2   (0.080) 0.153 0.058 0.062 0.023 
   3   (0.105) 0.090 0.282 0.111 0.030 
   4   (0.035) 0.015 0.010 0.053 0.010 
   5   (0.093) 0.140 0.062 0.151 0.027 
   6   (0.142) 0.224 0.400 0.168 0.041 
   7   (0.039) 0.077 0.011 0.019 0.011 
   8   (0.050) 0.040 0.014 0.011 0.050 
   9   (0.033) 0.013 0.009 0.006 0.045 
  10   (0.034) 0.013 0.009 0.006 0.045 
  11   (0.032) 0.013 0.009 0.005 0.045 
  12   (0.041) 0.016 0.011 0.007 0.155 
  13   (0.042) 0.017 0.012 0.007 0.118 
  14   (0.037) 0.014 0.010 0.006 0.082 
  15   (0.031) 0.013 0.009 0.005 0.044 
  16   (0.032) 0.013 0.009 0.005 0.045 
  17   (0.039) 0.016 0.011 0.007 0.118 
  18   (0.034) 0.014 0.010 0.006 0.082 

Locus 25 : locus25 
18 alleles
0.0% missing data
   1   (0.038) 0.018 0.011 0.150 0.011 
   2   (0.066) 0.027 0.199 0.081 0.019 
   3   (0.084) 0.035 0.059 0.084 0.168 
   4   (0.069) 0.032 0.127 0.128 0.020 
   5   (0.094) 0.036 0.206 0.089 0.099 
   6   (0.057) 0.025 0.016 0.054 0.088 
   7   (0.072) 0.032 0.020 0.202 0.092 
   8   (0.060) 0.144 0.017 0.035 0.052 
   9   (0.030) 0.031 0.009 0.009 0.009 
  10   (0.076) 0.271 0.093 0.061 0.022 
  11   (0.071) 0.047 0.092 0.016 0.092 
  12   (0.038) 0.074 0.011 0.018 0.011 
  13   (0.038) 0.051 0.011 0.017 0.011 
  14   (0.050) 0.040 0.014 0.011 0.085 
  15   (0.055) 0.059 0.015 0.019 0.049 
  16   (0.036) 0.053 0.010 0.015 0.010 
  17   (0.037) 0.013 0.010 0.006 0.154 
  18   (0.032) 0.012 0.081 0.005 0.009 

Locus 26 : locus26 
29 alleles
0.0% missing data
   1   (0.031) 0.012 0.009 0.077 0.009 
   2   (0.035) 0.017 0.010 0.098 0.010 
   3   (0.030) 0.014 0.009 0.076 0.009 
   4   (0.036) 0.017 0.010 0.196 0.010 
   5   (0.033) 0.016 0.009 0.171 0.010 
   6   (0.057) 0.024 0.016 0.103 0.088 
   7   (0.028) 0.011 0.008 0.029 0.008 
   8   (0.031) 0.053 0.009 0.012 0.009 
   9   (0.029) 0.031 0.008 0.009 0.008 
  10   (0.033) 0.115 0.009 0.025 0.009 
  11   (0.029) 0.052 0.008 0.013 0.008 
  12   (0.029) 0.051 0.008 0.014 0.008 
  13   (0.038) 0.134 0.011 0.032 0.011 
  14   (0.030) 0.051 0.008 0.015 0.009 
  15   (0.030) 0.032 0.008 0.007 0.008 
  16   (0.029) 0.050 0.008 0.014 0.008 
  17   (0.030) 0.088 0.008 0.027 0.009 
  18   (0.032) 0.055 0.009 0.011 0.009 
  19   (0.026) 0.032 0.007 0.005 0.007 
  20   (0.056) 0.021 0.088 0.010 0.159 
  21   (0.054) 0.022 0.123 0.010 0.194 
  22   (0.055) 0.020 0.231 0.009 0.086 
  23   (0.045) 0.017 0.121 0.008 0.048 
  24   (0.030) 0.011 0.008 0.005 0.080 
  25   (0.030) 0.012 0.008 0.005 0.080 
  26   (0.028) 0.010 0.008 0.005 0.043 
  27   (0.028) 0.010 0.008 0.005 0.044 
  28   (0.031) 0.013 0.188 0.005 0.009 
  29   (0.029) 0.010 0.044 0.005 0.008 

Locus 27 : locus27 
17 alleles
0.0% missing data
   1   (0.054) 0.022 0.015 0.080 0.049 
   2   (0.084) 0.038 0.023 0.176 0.203 
   3   (0.059) 0.153 0.017 0.072 0.017 
   4   (0.112) 0.095 0.104 0.111 0.104 
   5   (0.068) 0.054 0.055 0.079 0.020 
   6   (0.036) 0.017 0.010 0.050 0.010 
   7   (0.070) 0.034 0.020 0.100 0.127 
   8   (0.037) 0.017 0.010 0.051 0.011 
   9   (0.038) 0.021 0.010 0.071 0.011 
  10   (0.068) 0.035 0.019 0.074 0.127 
  11   (0.072) 0.088 0.236 0.026 0.021 
  12   (0.070) 0.088 0.164 0.024 0.020 
  13   (0.091) 0.286 0.205 0.061 0.026 
  14   (0.041) 0.016 0.012 0.007 0.154 
  15   (0.036) 0.014 0.010 0.006 0.082 
  16   (0.032) 0.012 0.045 0.005 0.009 
  17   (0.033) 0.012 0.045 0.006 0.009 

Locus 28 : locus28 
21 alleles
0.0% missing data
   1   (0.043) 0.019 0.012 0.151 0.012 
   2   (0.037) 0.014 0.010 0.055 0.011 
   3   (0.035) 0.014 0.010 0.055 0.010 
   4   (0.071) 0.036 0.164 0.125 0.020 
   5   (0.056) 0.025 0.088 0.054 0.016 
   6   (0.037) 0.016 0.010 0.078 0.011 
   7   (0.071) 0.100 0.020 0.057 0.056 
   8   (0.068) 0.031 0.163 0.129 0.020 
   9   (0.039) 0.017 0.011 0.078 0.011 
  10   (0.031) 0.011 0.009 0.030 0.009 
  11   (0.094) 0.397 0.026 0.089 0.170 
  12   (0.056) 0.042 0.016 0.011 0.196 
  13   (0.061) 0.104 0.017 0.026 0.089 
  14   (0.056) 0.083 0.016 0.021 0.052 
  15   (0.037) 0.014 0.011 0.006 0.118 
  16   (0.038) 0.014 0.011 0.007 0.082 
  17   (0.033) 0.012 0.009 0.006 0.044 
  18   (0.029) 0.012 0.008 0.005 0.044 
  19   (0.039) 0.015 0.227 0.007 0.011 
  20   (0.036) 0.014 0.118 0.006 0.010 
  21   (0.031) 0.012 0.044 0.005 0.009 

Locus 29 : locus29 
20 alleles
0.0% missing data
   1   (0.062) 0.029 0.126 0.101 0.018 
   2   (0.036) 0.015 0.010 0.076 0.010 
   3   (0.039) 0.017 0.011 0.126 0.011 
   4   (0.029) 0.011 0.008 0.029 0.008 
   5   (0.039) 0.018 0.011 0.149 0.011 
   6   (0.034) 0.015 0.009 0.076 0.010 
   7   (0.041) 0.020 0.012 0.171 0.012 
   8   (0.047) 0.018 0.085 0.032 0.013 
   9   (0.050) 0.081 0.014 0.019 0.050 
  10   (0.071) 0.162 0.020 0.046 0.128 
  11   (0.068) 0.149 0.019 0.034 0.127 
  12   (0.088) 0.172 0.060 0.047 0.132 
  13   (0.049) 0.062 0.050 0.014 0.014 
  14   (0.067) 0.046 0.127 0.013 0.055 
  15   (0.079) 0.108 0.094 0.032 0.056 
  16   (0.048) 0.018 0.049 0.008 0.085 
  17   (0.035) 0.013 0.010 0.006 0.117 
  18   (0.029) 0.011 0.008 0.005 0.044 
  19   (0.050) 0.019 0.050 0.009 0.086 
  20   (0.039) 0.014 0.226 0.007 0.011 

Locus 30 : locus30 
26 alleles
0.0% missing data
   1   (0.059) 0.109 0.017 0.163 0.017 
   2   (0.036) 0.016 0.010 0.104 0.010 
   3   (0.035) 0.013 0.010 0.055 0.010 
   4   (0.050) 0.064 0.014 0.080 0.014 
   5   (0.036) 0.018 0.010 0.074 0.010 
   6   (0.043) 0.020 0.012 0.225 0.012 
   7   (0.055) 0.023 0.015 0.059 0.123 
   8   (0.030) 0.011 0.008 0.030 0.009 
   9   (0.048) 0.274 0.014 0.061 0.014 
  10   (0.033) 0.054 0.009 0.011 0.009 
  11   (0.031) 0.053 0.009 0.012 0.009 
  12   (0.039) 0.091 0.011 0.025 0.011 
  13   (0.027) 0.030 0.008 0.008 0.008 
  14   (0.036) 0.052 0.010 0.016 0.010 
  15   (0.042) 0.016 0.012 0.007 0.190 
  16   (0.029) 0.012 0.008 0.005 0.116 
  17   (0.051) 0.020 0.086 0.009 0.050 
  18   (0.058) 0.021 0.088 0.010 0.159 
  19   (0.029) 0.011 0.008 0.005 0.044 
  20   (0.036) 0.014 0.010 0.006 0.118 
  21   (0.040) 0.016 0.227 0.007 0.011 
  22   (0.032) 0.012 0.117 0.006 0.009 
  23   (0.034) 0.013 0.117 0.006 0.010 
  24   (0.035) 0.013 0.081 0.006 0.010 
  25   (0.030) 0.012 0.044 0.005 0.009 
  26   (0.028) 0.011 0.044 0.005 0.008 

Locus 31 : locus31 
22 alleles
0.0% missing data
   1   (0.045) 0.018 0.049 0.055 0.013 
   2   (0.042) 0.017 0.048 0.031 0.012 
   3   (0.050) 0.079 0.014 0.092 0.014 
   4   (0.068) 0.030 0.127 0.176 0.020 
   5   (0.053) 0.056 0.015 0.139 0.015 
   6   (0.038) 0.016 0.011 0.077 0.011 
   7   (0.043) 0.017 0.048 0.031 0.012 
   8   (0.068) 0.035 0.127 0.171 0.020 
   9   (0.029) 0.011 0.008 0.029 0.008 
  10   (0.060) 0.102 0.017 0.028 0.089 
  11   (0.038) 0.115 0.010 0.027 0.011 
  12   (0.058) 0.105 0.016 0.024 0.088 
  13   (0.075) 0.129 0.021 0.034 0.308 
  14   (0.059) 0.082 0.016 0.024 0.196 
  15   (0.060) 0.105 0.017 0.025 0.088 
  16   (0.030) 0.012 0.008 0.005 0.042 
  17   (0.031) 0.012 0.081 0.005 0.009 
  18   (0.033) 0.012 0.081 0.006 0.009 
  19   (0.032) 0.012 0.117 0.006 0.009 
  20   (0.030) 0.012 0.080 0.005 0.009 
  21   (0.029) 0.011 0.044 0.005 0.008 
  22   (0.029) 0.011 0.044 0.005 0.008 

Locus 32 : locus32 
21 alleles
0.0% missing data
   1   (0.047) 0.022 0.013 0.221 0.013 
   2   (0.035) 0.016 0.010 0.100 0.010 
   3   (0.042) 0.019 0.012 0.124 0.012 
   4   (0.043) 0.020 0.012 0.124 0.012 
   5   (0.041) 0.018 0.012 0.125 0.012 
   6   (0.036) 0.016 0.010 0.051 0.010 
   7   (0.062) 0.145 0.017 0.036 0.053 
   8   (0.085) 0.177 0.204 0.040 0.024 
   9   (0.063) 0.061 0.198 0.022 0.018 
  10   (0.058) 0.100 0.052 0.029 0.017 
  11   (0.036) 0.074 0.010 0.019 0.010 
  12   (0.072) 0.108 0.056 0.029 0.056 
  13   (0.052) 0.041 0.123 0.010 0.015 
  14   (0.049) 0.039 0.014 0.012 0.050 
  15   (0.052) 0.059 0.050 0.018 0.015 
  16   (0.042) 0.016 0.012 0.007 0.263 
  17   (0.045) 0.016 0.013 0.008 0.263 
  18   (0.032) 0.012 0.009 0.006 0.045 
  19   (0.037) 0.014 0.010 0.006 0.081 
  20   (0.037) 0.013 0.082 0.006 0.011 
  21   (0.034) 0.013 0.081 0.006 0.010 

Locus 33 : locus33 
17 alleles
0.0% missing data
   1   (0.074) 0.086 0.021 0.266 0.021 
   2   (0.041) 0.022 0.011 0.073 0.012 
   3   (0.063) 0.025 0.018 0.107 0.052 
   4   (0.108) 0.197 0.066 0.269 0.031 
   5   (0.039) 0.018 0.011 0.052 0.011 
   6   (0.095) 0.142 0.098 0.078 0.027 
   7   (0.042) 0.075 0.012 0.020 0.012 
   8   (0.119) 0.229 0.105 0.058 0.142 
   9   (0.033) 0.033 0.009 0.007 0.010 
  10   (0.032) 0.033 0.009 0.009 0.009 
  11   (0.041) 0.016 0.011 0.007 0.155 
  12   (0.070) 0.028 0.091 0.012 0.235 
  13   (0.060) 0.024 0.161 0.010 0.052 
  14   (0.084) 0.032 0.240 0.015 0.203 
  15   (0.034) 0.013 0.045 0.006 0.010 
  16   (0.032) 0.013 0.045 0.006 0.009 
  17   (0.033) 0.013 0.045 0.006 0.009 

Locus 34 : locus34 
20 alleles
0.0% missing data
   1   (0.039) 0.017 0.011 0.173 0.011 
   2   (0.040) 0.017 0.011 0.173 0.012 
   3   (0.031) 0.012 0.009 0.029 0.009 
   4   (0.035) 0.016 0.010 0.101 0.010 
   5   (0.034) 0.015 0.010 0.076 0.010 
   6   (0.035) 0.019 0.010 0.073 0.010 
   7   (0.031) 0.012 0.009 0.029 0.009 
   8   (0.033) 0.016 0.009 0.051 0.009 
   9   (0.032) 0.015 0.009 0.051 0.009 
  10   (0.066) 0.165 0.019 0.042 0.126 
  11   (0.065) 0.045 0.054 0.014 0.126 
  12   (0.079) 0.066 0.094 0.026 0.130 
  13   (0.068) 0.126 0.127 0.032 0.020 
  14   (0.111) 0.185 0.139 0.047 0.246 
  15   (0.056) 0.059 0.088 0.019 0.016 
  16   (0.081) 0.131 0.059 0.035 0.094 
  17   (0.073) 0.049 0.165 0.014 0.128 
  18   (0.031) 0.012 0.081 0.005 0.009 
  19   (0.029) 0.010 0.044 0.005 0.008 
  20   (0.030) 0.011 0.044 0.005 0.009 

Locus 35 : locus35 
18 alleles
0.0% missing data
   1   (0.042) 0.019 0.012 0.101 0.012 
   2   (0.044) 0.021 0.012 0.221 0.013 
   3   (0.061) 0.024 0.089 0.058 0.017 
   4   (0.117) 0.230 0.213 0.101 0.033 
   5   (0.102) 0.152 0.209 0.073 0.029 
   6   (0.045) 0.020 0.013 0.124 0.013 
   7   (0.079) 0.084 0.058 0.053 0.023 
   8   (0.043) 0.023 0.012 0.073 0.012 
   9   (0.041) 0.023 0.011 0.072 0.012 
  10   (0.074) 0.156 0.093 0.033 0.021 
  11   (0.090) 0.128 0.205 0.042 0.026 
  12   (0.035) 0.034 0.010 0.010 0.010 
  13   (0.039) 0.015 0.011 0.007 0.119 
  14   (0.032) 0.012 0.009 0.005 0.045 
  15   (0.050) 0.018 0.014 0.009 0.372 
  16   (0.035) 0.013 0.010 0.006 0.044 
  17   (0.039) 0.015 0.011 0.007 0.154 
  18   (0.034) 0.013 0.009 0.006 0.045 

Locus 36 : locus36 
15 alleles
0.0% missing data
   1   (0.122) 0.215 0.034 0.189 0.105 
   2   (0.109) 0.139 0.031 0.065 0.246 
   3   (0.096) 0.044 0.027 0.131 0.314 
   4   (0.087) 0.103 0.025 0.401 0.025 
   5   (0.093) 0.194 0.062 0.097 0.027 
   6   (0.061) 0.045 0.125 0.013 0.017 
   7   (0.041) 0.054 0.011 0.017 0.012 
   8   (0.046) 0.072 0.013 0.026 0.013 
   9   (0.052) 0.020 0.050 0.009 0.050 
  10   (0.058) 0.022 0.088 0.010 0.052 
  11   (0.053) 0.021 0.051 0.009 0.051 
  12   (0.071) 0.028 0.272 0.012 0.056 
  13   (0.040) 0.016 0.119 0.007 0.011 
  14   (0.036) 0.014 0.046 0.006 0.010 
  15   (0.035) 0.014 0.046 0.006 0.010 

Locus 37 : locus37 
18 alleles
0.0% missing data
   1   (0.046) 0.023 0.013 0.309 0.013 
   2   (0.036) 0.018 0.010 0.097 0.010 
   3   (0.104) 0.082 0.173 0.070 0.101 
   4   (0.038) 0.017 0.011 0.099 0.011 
   5   (0.037) 0.016 0.011 0.099 0.011 
   6   (0.030) 0.011 0.008 0.028 0.009 
   7   (0.094) 0.158 0.026 0.087 0.206 
   8   (0.062) 0.025 0.090 0.034 0.053 
   9   (0.080) 0.073 0.203 0.020 0.058 
  10   (0.055) 0.101 0.051 0.028 0.016 
  11   (0.053) 0.041 0.015 0.013 0.158 
  12   (0.055) 0.082 0.016 0.023 0.051 
  13   (0.068) 0.177 0.091 0.036 0.020 
  14   (0.077) 0.112 0.057 0.030 0.058 
  15   (0.053) 0.021 0.087 0.009 0.087 
  16   (0.052) 0.020 0.050 0.009 0.122 
  17   (0.029) 0.012 0.044 0.005 0.008 
  18   (0.029) 0.011 0.044 0.005 0.008 

Locus 38 : locus38 
29 alleles
0.0% missing data
   1   (0.037) 0.019 0.010 0.173 0.011 
   2   (0.039) 0.018 0.011 0.172 0.011 
   3   (0.035) 0.016 0.010 0.174 0.010 
   4   (0.032) 0.015 0.009 0.051 0.009 
   5   (0.037) 0.015 0.010 0.150 0.011 
   6   (0.038) 0.033 0.011 0.034 0.011 
   7   (0.033) 0.091 0.009 0.023 0.009 
   8   (0.039) 0.075 0.011 0.019 0.011 
   9   (0.046) 0.275 0.013 0.061 0.013 
  10   (0.056) 0.086 0.124 0.019 0.016 
  11   (0.027) 0.030 0.007 0.006 0.008 
  12   (0.064) 0.128 0.090 0.028 0.018 
  13   (0.029) 0.011 0.008 0.005 0.044 
  14   (0.036) 0.013 0.010 0.006 0.189 
  15   (0.026) 0.010 0.007 0.005 0.043 
  16   (0.029) 0.011 0.008 0.005 0.042 
  17   (0.038) 0.014 0.011 0.007 0.261 
  18   (0.036) 0.013 0.010 0.006 0.082 
  19   (0.030) 0.013 0.009 0.005 0.080 
  20   (0.029) 0.011 0.008 0.005 0.044 
  21   (0.032) 0.013 0.153 0.006 0.009 
  22   (0.026) 0.010 0.043 0.004 0.007 
  23   (0.033) 0.013 0.081 0.006 0.009 
  24   (0.028) 0.011 0.043 0.005 0.008 
  25   (0.031) 0.011 0.081 0.005 0.009 
  26   (0.026) 0.011 0.043 0.005 0.008 
  27   (0.030) 0.011 0.044 0.005 0.008 
  28   (0.029) 0.011 0.080 0.005 0.008 
  29   (0.029) 0.012 0.044 0.005 0.008 

Locus 39 : locus39 
14 alleles
0.0% missing data
   1   (0.193) 0.144 0.306 0.202 0.270 
   2   (0.137) 0.190 0.074 0.246 0.111 
   3   (0.092) 0.090 0.026 0.128 0.098 
   4   (0.043) 0.020 0.012 0.126 0.012 
   5   (0.064) 0.043 0.018 0.039 0.052 
   6   (0.063) 0.024 0.198 0.035 0.018 
   7   (0.037) 0.018 0.010 0.052 0.011 
   8   (0.066) 0.030 0.019 0.055 0.126 
   9   (0.126) 0.371 0.107 0.086 0.107 
  10   (0.037) 0.014 0.010 0.006 0.082 
  11   (0.033) 0.013 0.009 0.006 0.045 
  12   (0.034) 0.013 0.009 0.006 0.046 
  13   (0.041) 0.016 0.156 0.007 0.012 
  14   (0.035) 0.013 0.045 0.006 0.010 

Locus 40 : locus40 
21 alleles
0.0% missing data
   1   (0.067) 0.073 0.019 0.229 0.019 
   2   (0.062) 0.028 0.089 0.055 0.018 
   3   (0.049) 0.019 0.050 0.033 0.014 
   4   (0.035) 0.017 0.010 0.052 0.010 
   5   (0.053) 0.025 0.015 0.275 0.015 
   6   (0.061) 0.063 0.017 0.114 0.018 
   7   (0.063) 0.084 0.017 0.043 0.018 
   8   (0.049) 0.117 0.014 0.028 0.014 
   9   (0.036) 0.034 0.010 0.010 0.010 
  10   (0.038) 0.074 0.011 0.020 0.011 
  11   (0.064) 0.303 0.018 0.068 0.018 
  12   (0.039) 0.015 0.011 0.007 0.154 
  13   (0.045) 0.018 0.013 0.008 0.228 
  14   (0.049) 0.017 0.014 0.009 0.192 
  15   (0.051) 0.020 0.050 0.009 0.050 
  16   (0.041) 0.015 0.011 0.007 0.119 
  17   (0.034) 0.013 0.009 0.006 0.045 
  18   (0.044) 0.017 0.228 0.008 0.012 
  19   (0.046) 0.019 0.265 0.008 0.013 
  20   (0.038) 0.015 0.083 0.007 0.011 
  21   (0.034) 0.013 0.045 0.006 0.010 

Locus 41 : locus41 
21 alleles
0.0% missing data
   1   (0.039) 0.019 0.011 0.052 0.011 
   2   (0.046) 0.021 0.013 0.126 0.013 
   3   (0.077) 0.119 0.022 0.136 0.022 
   4   (0.060) 0.031 0.017 0.340 0.017 
   5   (0.034) 0.013 0.009 0.029 0.010 
   6   (0.077) 0.232 0.022 0.148 0.022 
   7   (0.053) 0.042 0.051 0.012 0.015 
   8   (0.064) 0.249 0.018 0.054 0.018 
   9   (0.045) 0.082 0.013 0.016 0.013 
  10   (0.045) 0.017 0.013 0.008 0.192 
  11   (0.043) 0.016 0.012 0.007 0.155 
  12   (0.041) 0.016 0.011 0.007 0.083 
  13   (0.041) 0.016 0.011 0.007 0.119 
  14   (0.044) 0.017 0.012 0.007 0.119 
  15   (0.041) 0.016 0.011 0.007 0.083 
  16   (0.038) 0.015 0.011 0.007 0.047 
  17   (0.045) 0.017 0.156 0.008 0.013 
  18   (0.052) 0.020 0.339 0.009 0.015 
  19   (0.042) 0.016 0.120 0.007 0.012 
  20   (0.038) 0.015 0.083 0.007 0.011 
  21   (0.036) 0.013 0.046 0.006 0.010 

Locus 42 : locus42 
26 alleles
0.0% missing data
   1   (0.052) 0.026 0.015 0.245 0.015 
   2   (0.048) 0.022 0.013 0.295 0.014 
   3   (0.042) 0.020 0.012 0.125 0.012 
   4   (0.037) 0.014 0.010 0.054 0.010 
   5   (0.033) 0.012 0.009 0.030 0.009 
   6   (0.043) 0.078 0.012 0.017 0.012 
   7   (0.048) 0.259 0.013 0.057 0.014 
   8   (0.037) 0.074 0.010 0.019 0.010 
   9   (0.035) 0.054 0.010 0.013 0.010 
  10   (0.031) 0.031 0.009 0.009 0.009 
  11   (0.033) 0.033 0.009 0.007 0.009 
  12   (0.045) 0.139 0.013 0.031 0.013 
  13   (0.037) 0.051 0.010 0.017 0.011 
  14   (0.030) 0.013 0.008 0.005 0.044 
  15   (0.036) 0.014 0.010 0.006 0.082 
  16   (0.042) 0.016 0.012 0.007 0.227 
  17   (0.051) 0.018 0.087 0.009 0.050 
  18   (0.049) 0.020 0.050 0.009 0.085 
  19   (0.036) 0.014 0.010 0.006 0.189 
  20   (0.038) 0.014 0.011 0.007 0.118 
  21   (0.030) 0.012 0.080 0.005 0.008 
  22   (0.036) 0.015 0.190 0.006 0.010 
  23   (0.032) 0.013 0.081 0.006 0.009 
  24   (0.038) 0.015 0.226 0.007 0.011 
  25   (0.030) 0.012 0.044 0.005 0.008 
  26   (0.031) 0.012 0.045 0.005 0.009 

Locus 43 : locus43 
21 alleles
0.0% missing data
   1   (0.044) 0.020 0.012 0.150 0.012 
   2   (0.034) 0.013 0.010 0.030 0.010 
   3   (0.082) 0.056 0.023 0.108 0.095 
   4   (0.070) 0.031 0.020 0.131 0.162 
   5   (0.038) 0.017 0.011 0.102 0.011 
   6   (0.054) 0.021 0.015 0.033 0.123 
   7   (0.044) 0.024 0.012 0.145 0.013 
   8   (0.086) 0.067 0.024 0.099 0.168 
   9   (0.043) 0.140 0.012 0.030 0.012 
  10   (0.038) 0.070 0.011 0.024 0.011 
  11   (0.043) 0.137 0.012 0.032 0.012 
  12   (0.043) 0.157 0.012 0.037 0.012 
  13   (0.053) 0.041 0.087 0.011 0.015 
  14   (0.064) 0.085 0.090 0.023 0.018 
  15   (0.033) 0.033 0.009 0.007 0.010 
  16   (0.036) 0.015 0.010 0.006 0.118 
  17   (0.040) 0.015 0.011 0.007 0.154 
  18   (0.039) 0.015 0.191 0.007 0.011 
  19   (0.039) 0.016 0.227 0.007 0.011 
  20   (0.031) 0.012 0.044 0.005 0.009 
  21   (0.045) 0.016 0.156 0.008 0.013 

Locus 44 : locus44 
20 alleles
0.0% missing data
   1   (0.040) 0.017 0.011 0.149 0.011 
   2   (0.033) 0.013 0.009 0.054 0.010 
   3   (0.040) 0.017 0.011 0.149 0.012 
   4   (0.044) 0.023 0.012 0.217 0.013 
   5   (0.033) 0.015 0.009 0.051 0.009 
   6   (0.036) 0.016 0.010 0.076 0.010 
   7   (0.034) 0.015 0.010 0.051 0.010 
   8   (0.091) 0.160 0.134 0.037 0.062 
   9   (0.058) 0.145 0.052 0.033 0.017 
  10   (0.045) 0.037 0.049 0.011 0.013 
  11   (0.081) 0.131 0.095 0.037 0.059 
  12   (0.081) 0.094 0.167 0.023 0.058 
  13   (0.115) 0.178 0.140 0.056 0.283 
  14   (0.049) 0.056 0.050 0.020 0.014 
  15   (0.035) 0.013 0.010 0.006 0.153 
  16   (0.056) 0.021 0.088 0.010 0.123 
  17   (0.032) 0.012 0.009 0.005 0.081 
  18   (0.030) 0.012 0.009 0.005 0.044 
  19   (0.034) 0.013 0.081 0.006 0.010 
  20   (0.030) 0.011 0.044 0.005 0.008 

Locus 45 : locus45 
20 alleles
0.0% missing data
   1   (0.049) 0.023 0.014 0.177 0.014 
   2   (0.064) 0.125 0.018 0.075 0.018 
   3   (0.073) 0.160 0.020 0.097 0.021 
   4   (0.044) 0.019 0.012 0.079 0.013 
   5   (0.071) 0.092 0.020 0.139 0.020 
   6   (0.046) 0.023 0.013 0.101 0.013 
   7   (0.068) 0.130 0.019 0.098 0.020 
   8   (0.037) 0.015 0.010 0.055 0.010 
   9   (0.065) 0.166 0.018 0.084 0.019 
  10   (0.036) 0.034 0.010 0.008 0.010 
  11   (0.040) 0.052 0.011 0.018 0.011 
  12   (0.042) 0.016 0.012 0.007 0.119 
  13   (0.046) 0.018 0.013 0.008 0.371 
  14   (0.068) 0.027 0.308 0.012 0.055 
  15   (0.034) 0.013 0.009 0.006 0.046 
  16   (0.066) 0.025 0.234 0.012 0.054 
  17   (0.039) 0.016 0.011 0.007 0.118 
  18   (0.033) 0.013 0.009 0.006 0.045 
  19   (0.040) 0.016 0.119 0.007 0.011 
  20   (0.040) 0.016 0.119 0.007 0.011 

Locus 46 : locus46 
18 alleles
0.0% missing data
   1   (0.032) 0.012 0.009 0.030 0.009 
   2   (0.036) 0.015 0.010 0.079 0.010 
   3   (0.063) 0.026 0.018 0.084 0.125 
   4   (0.039) 0.017 0.011 0.103 0.011 
   5   (0.039) 0.017 0.011 0.078 0.011 
   6   (0.058) 0.030 0.016 0.075 0.052 
   7   (0.098) 0.072 0.028 0.149 0.207 
   8   (0.080) 0.089 0.022 0.098 0.094 
   9   (0.056) 0.028 0.016 0.076 0.052 
  10   (0.036) 0.016 0.010 0.052 0.010 
  11   (0.056) 0.086 0.052 0.017 0.016 
  12   (0.088) 0.335 0.025 0.074 0.096 
  13   (0.081) 0.148 0.203 0.040 0.023 
  14   (0.091) 0.054 0.133 0.019 0.240 
  15   (0.035) 0.013 0.082 0.006 0.010 
  16   (0.041) 0.016 0.191 0.007 0.012 
  17   (0.034) 0.013 0.081 0.006 0.010 
  18   (0.036) 0.013 0.082 0.006 0.010 

Locus 47 : locus47 
21 alleles
0.0% missing data
   1   (0.110) 0.097 0.139 0.268 0.031 
   2   (0.072) 0.036 0.056 0.216 0.021 
   3   (0.058) 0.026 0.052 0.125 0.017 
   4   (0.057) 0.047 0.016 0.125 0.016 
   5   (0.056) 0.022 0.124 0.033 0.016 
   6   (0.071) 0.297 0.020 0.088 0.020 
   7   (0.041) 0.074 0.012 0.023 0.012 
   8   (0.046) 0.105 0.013 0.020 0.013 
   9   (0.040) 0.097 0.011 0.025 0.011 
  10   (0.034) 0.035 0.010 0.007 0.010 
  11   (0.039) 0.015 0.011 0.007 0.118 
  12   (0.045) 0.017 0.012 0.007 0.156 
  13   (0.034) 0.014 0.010 0.006 0.081 
  14   (0.032) 0.013 0.009 0.005 0.045 
  15   (0.036) 0.014 0.010 0.006 0.081 
  16   (0.038) 0.015 0.011 0.006 0.118 
  17   (0.036) 0.015 0.010 0.006 0.082 
  18   (0.038) 0.015 0.011 0.006 0.082 
  19   (0.034) 0.013 0.010 0.006 0.045 
  20   (0.047) 0.018 0.373 0.008 0.013 
  21   (0.037) 0.014 0.082 0.006 0.010 

Locus 48 : locus48 
23 alleles
0.0% missing data
   1   (0.048) 0.026 0.013 0.265 0.014 
   2   (0.044) 0.019 0.012 0.126 0.013 
   3   (0.034) 0.013 0.009 0.030 0.010 
   4   (0.042) 0.017 0.012 0.126 0.012 
   5   (0.041) 0.019 0.012 0.124 0.012 
   6   (0.040) 0.017 0.011 0.076 0.011 
   7   (0.038) 0.052 0.011 0.016 0.011 
   8   (0.069) 0.230 0.055 0.052 0.020 
   9   (0.064) 0.060 0.090 0.023 0.018 
  10   (0.042) 0.118 0.012 0.026 0.012 
  11   (0.040) 0.099 0.011 0.020 0.011 
  12   (0.073) 0.148 0.092 0.039 0.021 
  13   (0.055) 0.041 0.087 0.013 0.016 
  14   (0.037) 0.014 0.010 0.006 0.082 
  15   (0.038) 0.015 0.011 0.006 0.118 
  16   (0.036) 0.015 0.010 0.006 0.153 
  17   (0.036) 0.014 0.010 0.006 0.117 
  18   (0.036) 0.014 0.010 0.006 0.153 
  19   (0.033) 0.012 0.009 0.006 0.045 
  20   (0.040) 0.015 0.011 0.007 0.118 
  21   (0.042) 0.016 0.192 0.007 0.012 
  22   (0.043) 0.016 0.264 0.007 0.012 
  23   (0.031) 0.012 0.044 0.005 0.009 

Locus 49 : locus49 
13 alleles
0.0% missing data
   1   (0.074) 0.033 0.165 0.083 0.021 
   2   (0.126) 0.118 0.071 0.119 0.143 
   3   (0.130) 0.116 0.037 0.221 0.252 
   4   (0.052) 0.020 0.050 0.033 0.015 
   5   (0.099) 0.224 0.063 0.118 0.028 
   6   (0.061) 0.072 0.017 0.080 0.017 
   7   (0.042) 0.019 0.012 0.078 0.012 
   8   (0.138) 0.243 0.074 0.099 0.146 
   9   (0.056) 0.046 0.016 0.079 0.016 
  10   (0.077) 0.030 0.022 0.062 0.272 
  11   (0.035) 0.034 0.010 0.008 0.010 
  12   (0.066) 0.026 0.235 0.012 0.054 
  13   (0.044) 0.017 0.229 0.008 0.013 

Locus 50 : locus50 
19 alleles
0.0% missing data
   1   (0.052) 0.020 0.123 0.033 0.015 
   2   (0.048) 0.025 0.014 0.221 0.014 
   3   (0.043) 0.018 0.012 0.128 0.012 
   4   (0.062) 0.026 0.053 0.130 0.018 
   5   (0.040) 0.017 0.011 0.077 0.012 
   6   (0.038) 0.017 0.011 0.077 0.011 
   7   (0.035) 0.013 0.010 0.030 0.010 
   8   (0.041) 0.018 0.012 0.052 0.012 
   9   (0.035) 0.013 0.010 0.030 0.010 
  10   (0.053) 0.041 0.015 0.012 0.086 
  11   (0.103) 0.158 0.065 0.045 0.208 
  12   (0.079) 0.352 0.022 0.078 0.058 
  13   (0.055) 0.041 0.015 0.011 0.123 
  14   (0.067) 0.106 0.019 0.027 0.091 
  15   (0.098) 0.079 0.099 0.023 0.243 
  16   (0.033) 0.013 0.009 0.006 0.045 
  17   (0.042) 0.016 0.264 0.007 0.012 
  18   (0.038) 0.014 0.119 0.007 0.011 
  19   (0.038) 0.014 0.118 0.007 0.011 

Locus 51 : locus51 
22 alleles
0.0% missing data
   1   (0.038) 0.015 0.011 0.079 0.011 
   2   (0.037) 0.017 0.010 0.052 0.010 
   3   (0.043) 0.020 0.012 0.100 0.012 
   4   (0.053) 0.026 0.015 0.245 0.015 
   5   (0.039) 0.017 0.011 0.102 0.011 
   6   (0.041) 0.018 0.012 0.127 0.012 
   7   (0.031) 0.012 0.009 0.029 0.009 
   8   (0.034) 0.013 0.009 0.030 0.010 
   9   (0.040) 0.097 0.011 0.021 0.011 
  10   (0.042) 0.160 0.012 0.032 0.012 
  11   (0.044) 0.115 0.012 0.028 0.012 
  12   (0.044) 0.115 0.012 0.029 0.012 
  13   (0.043) 0.117 0.012 0.027 0.012 
  14   (0.040) 0.093 0.011 0.025 0.011 
  15   (0.073) 0.027 0.201 0.013 0.164 
  16   (0.052) 0.019 0.050 0.009 0.086 
  17   (0.059) 0.022 0.125 0.010 0.052 
  18   (0.064) 0.025 0.090 0.011 0.233 
  19   (0.054) 0.021 0.051 0.009 0.087 
  20   (0.062) 0.024 0.053 0.011 0.197 
  21   (0.039) 0.015 0.227 0.007 0.011 
  22   (0.031) 0.012 0.045 0.005 0.009 

Locus 52 : locus52 
22 alleles
0.0% missing data
   1   (0.068) 0.029 0.019 0.055 0.198 
   2   (0.078) 0.031 0.202 0.135 0.023 
   3   (0.038) 0.017 0.011 0.052 0.011 
   4   (0.078) 0.035 0.130 0.229 0.022 
   5   (0.051) 0.021 0.050 0.058 0.015 
   6   (0.067) 0.031 0.019 0.152 0.055 
   7   (0.056) 0.025 0.088 0.055 0.016 
   8   (0.035) 0.017 0.010 0.052 0.010 
   9   (0.035) 0.075 0.010 0.017 0.010 
  10   (0.054) 0.342 0.015 0.070 0.015 
  11   (0.036) 0.051 0.010 0.016 0.010 
  12   (0.038) 0.051 0.011 0.017 0.011 
  13   (0.042) 0.093 0.012 0.025 0.012 
  14   (0.038) 0.053 0.011 0.015 0.011 
  15   (0.030) 0.032 0.008 0.006 0.009 
  16   (0.035) 0.013 0.010 0.006 0.081 
  17   (0.041) 0.015 0.011 0.007 0.191 
  18   (0.036) 0.014 0.010 0.006 0.153 
  19   (0.032) 0.012 0.009 0.005 0.045 
  20   (0.033) 0.013 0.009 0.006 0.081 
  21   (0.040) 0.016 0.191 0.007 0.012 
  22   (0.039) 0.015 0.155 0.007 0.011 

Locus 53 : locus53 
21 alleles
0.0% missing data
   1   (0.030) 0.012 0.008 0.029 0.009 
   2   (0.064) 0.127 0.018 0.147 0.018 
   3   (0.040) 0.021 0.011 0.145 0.011 
   4   (0.053) 0.053 0.015 0.119 0.015 
   5   (0.054) 0.048 0.015 0.077 0.015 
   6   (0.106) 0.225 0.030 0.217 0.102 
   7   (0.076) 0.144 0.022 0.067 0.058 
   8   (0.033) 0.014 0.009 0.053 0.010 
   9   (0.090) 0.091 0.025 0.056 0.276 
  10   (0.059) 0.109 0.017 0.023 0.053 
  11   (0.042) 0.017 0.012 0.007 0.226 
  12   (0.033) 0.013 0.009 0.006 0.045 
  13   (0.035) 0.013 0.010 0.006 0.081 
  14   (0.037) 0.015 0.118 0.006 0.011 
  15   (0.042) 0.016 0.192 0.007 0.012 
  16   (0.034) 0.014 0.081 0.006 0.010 
  17   (0.041) 0.017 0.191 0.007 0.012 
  18   (0.035) 0.014 0.082 0.006 0.010 
  19   (0.032) 0.013 0.045 0.006 0.009 
  20   (0.029) 0.012 0.044 0.005 0.008 
  21   (0.035) 0.013 0.045 0.006 0.010 

Locus 54 : locus54 
20 alleles
0.0% missing data
   1   (0.055) 0.046 0.016 0.079 0.016 
   2   (0.051) 0.025 0.014 0.273 0.015 
   3   (0.054) 0.045 0.015 0.104 0.015 
   4   (0.065) 0.098 0.018 0.201 0.019 
   5   (0.056) 0.097 0.016 0.053 0.016 
   6   (0.080) 0.279 0.023 0.147 0.023 
   7   (0.042) 0.076 0.012 0.019 0.012 
   8   (0.041) 0.053 0.011 0.017 0.012 
   9   (0.038) 0.056 0.011 0.013 0.011 
  10   (0.032) 0.033 0.009 0.009 0.009 
  11   (0.063) 0.024 0.126 0.011 0.089 
  12   (0.064) 0.026 0.053 0.011 0.233 
  13   (0.067) 0.026 0.127 0.012 0.162 
  14   (0.068) 0.027 0.091 0.012 0.198 
  15   (0.032) 0.013 0.009 0.006 0.045 
  16   (0.036) 0.014 0.010 0.006 0.082 
  17   (0.039) 0.015 0.119 0.007 0.011 
  18   (0.041) 0.017 0.156 0.007 0.012 
  19   (0.040) 0.015 0.119 0.007 0.011 
  20   (0.034) 0.013 0.046 0.006 0.010 

Locus 55 : locus55 
14 alleles
0.0% missing data
   1   (0.073) 0.108 0.020 0.169 0.021 
   2   (0.110) 0.106 0.175 0.145 0.032 
   3   (0.056) 0.064 0.016 0.038 0.016 
   4   (0.145) 0.173 0.148 0.076 0.185 
   5   (0.043) 0.019 0.012 0.102 0.012 
   6   (0.049) 0.023 0.014 0.199 0.014 
   7   (0.078) 0.035 0.310 0.057 0.022 
   8   (0.036) 0.013 0.010 0.030 0.010 
   9   (0.035) 0.013 0.010 0.030 0.010 
  10   (0.089) 0.034 0.061 0.039 0.240 
  11   (0.133) 0.132 0.145 0.040 0.323 
  12   (0.052) 0.161 0.015 0.038 0.015 
  13   (0.046) 0.096 0.013 0.026 0.013 
  14   (0.056) 0.022 0.052 0.010 0.087 

Locus 56 : locus56 
13 alleles
0.0% missing data
   1   (0.128) 0.057 0.288 0.215 0.107 
   2   (0.097) 0.043 0.063 0.136 0.135 
   3   (0.123) 0.102 0.106 0.108 0.142 
   4   (0.086) 0.059 0.024 0.058 0.240 
   5   (0.136) 0.057 0.182 0.219 0.217 
   6   (0.034) 0.013 0.010 0.031 0.010 
   7   (0.069) 0.027 0.055 0.062 0.056 
   8   (0.040) 0.072 0.011 0.020 0.011 
   9   (0.051) 0.193 0.014 0.046 0.015 
  10   (0.041) 0.094 0.012 0.022 0.012 
  11   (0.068) 0.104 0.091 0.027 0.019 
  12   (0.063) 0.098 0.054 0.031 0.018 
  13   (0.063) 0.080 0.089 0.025 0.018 

Locus 57 : locus57 
24 alleles
0.0% missing data
   1   (0.043) 0.016 0.012 0.032 0.048 
   2   (0.054) 0.025 0.015 0.101 0.051 
   3   (0.053) 0.023 0.015 0.080 0.158 
   4   (0.051) 0.022 0.014 0.080 0.086 
   5   (0.049) 0.022 0.014 0.127 0.048 
   6   (0.042) 0.016 0.012 0.031 0.048 
   7   (0.050) 0.020 0.014 0.106 0.050 
   8   (0.035) 0.018 0.010 0.148 0.010 
   9   (0.046) 0.020 0.013 0.078 0.049 
  10   (0.055) 0.155 0.015 0.043 0.051 
  11   (0.068) 0.208 0.019 0.047 0.163 
  12   (0.056) 0.200 0.016 0.047 0.052 
  13   (0.044) 0.037 0.012 0.009 0.085 
  14   (0.039) 0.036 0.047 0.011 0.011 
  15   (0.029) 0.030 0.008 0.009 0.008 
  16   (0.029) 0.032 0.008 0.006 0.008 
  17   (0.044) 0.037 0.048 0.009 0.013 
  18   (0.029) 0.012 0.116 0.005 0.008 
  19   (0.033) 0.013 0.225 0.006 0.010 
  20   (0.030) 0.011 0.044 0.005 0.009 
  21   (0.032) 0.012 0.081 0.006 0.009 
  22   (0.031) 0.012 0.080 0.005 0.009 
  23   (0.028) 0.011 0.080 0.005 0.008 
  24   (0.030) 0.012 0.080 0.005 0.009 

Locus 58 : locus58 
22 alleles
0.0% missing data
   1   (0.062) 0.024 0.017 0.083 0.197 
   2   (0.072) 0.153 0.056 0.077 0.021 
   3   (0.058) 0.028 0.016 0.101 0.088 
   4   (0.081) 0.036 0.131 0.083 0.095 
   5   (0.052) 0.021 0.015 0.057 0.122 
   6   (0.037) 0.018 0.010 0.100 0.011 
   7   (0.035) 0.017 0.010 0.125 0.010 
   8   (0.084) 0.063 0.204 0.055 0.058 
   9   (0.040) 0.018 0.011 0.125 0.011 
  10   (0.041) 0.015 0.011 0.031 0.047 
  11   (0.044) 0.238 0.012 0.052 0.013 
  12   (0.035) 0.076 0.010 0.015 0.010 
  13   (0.054) 0.075 0.087 0.028 0.015 
  14   (0.026) 0.031 0.007 0.008 0.007 
  15   (0.050) 0.057 0.122 0.019 0.014 
  16   (0.029) 0.032 0.008 0.006 0.008 
  17   (0.028) 0.032 0.008 0.006 0.008 
  18   (0.031) 0.012 0.009 0.005 0.080 
  19   (0.046) 0.017 0.048 0.008 0.085 
  20   (0.030) 0.011 0.008 0.005 0.080 
  21   (0.035) 0.013 0.153 0.006 0.010 
  22   (0.030) 0.011 0.044 0.005 0.009 

Locus 59 : locus59 
24 alleles
0.0% missing data
   1   (0.061) 0.029 0.017 0.054 0.161 
   2   (0.042) 0.017 0.012 0.031 0.048 
   3   (0.040) 0.019 0.011 0.195 0.012 
   4   (0.037) 0.015 0.010 0.077 0.011 
   5   (0.043) 0.024 0.012 0.215 0.012 
   6   (0.073) 0.271 0.020 0.176 0.021 
   7   (0.058) 0.145 0.016 0.080 0.017 
   8   (0.044) 0.018 0.048 0.031 0.013 
   9   (0.048) 0.040 0.085 0.011 0.014 
  10   (0.076) 0.176 0.237 0.039 0.022 
  11   (0.036) 0.055 0.010 0.013 0.010 
  12   (0.029) 0.033 0.008 0.009 0.008 
  13   (0.037) 0.015 0.010 0.006 0.154 
  14   (0.043) 0.017 0.012 0.007 0.263 
  15   (0.033) 0.012 0.009 0.006 0.045 
  16   (0.029) 0.012 0.008 0.005 0.042 
  17   (0.032) 0.012 0.009 0.005 0.045 
  18   (0.032) 0.012 0.009 0.005 0.045 
  19   (0.036) 0.014 0.082 0.006 0.010 
  20   (0.034) 0.013 0.081 0.006 0.010 
  21   (0.036) 0.014 0.118 0.006 0.010 
  22   (0.032) 0.012 0.045 0.006 0.009 
  23   (0.034) 0.013 0.082 0.006 0.010 
  24   (0.035) 0.013 0.046 0.006 0.010 

Locus 60 : locus60 
28 alleles
0.0% missing data
   1   (0.044) 0.041 0.012 0.102 0.013 
   2   (0.032) 0.013 0.009 0.054 0.009 
   3   (0.042) 0.058 0.012 0.062 0.012 
   4   (0.033) 0.015 0.009 0.077 0.009 
   5   (0.034) 0.017 0.010 0.100 0.010 
   6   (0.064) 0.052 0.018 0.080 0.054 
   7   (0.049) 0.021 0.014 0.104 0.048 
   8   (0.055) 0.140 0.015 0.177 0.016 
   9   (0.052) 0.109 0.015 0.085 0.015 
  10   (0.030) 0.073 0.008 0.016 0.009 
  11   (0.028) 0.032 0.008 0.006 0.008 
  12   (0.030) 0.051 0.009 0.014 0.009 
  13   (0.031) 0.050 0.009 0.015 0.009 
  14   (0.029) 0.032 0.008 0.009 0.008 
  15   (0.034) 0.074 0.010 0.018 0.010 
  16   (0.033) 0.052 0.009 0.014 0.010 
  17   (0.029) 0.032 0.008 0.006 0.008 
  18   (0.029) 0.012 0.008 0.005 0.080 
  19   (0.036) 0.014 0.010 0.006 0.261 
  20   (0.036) 0.014 0.010 0.006 0.225 
  21   (0.033) 0.013 0.009 0.006 0.117 
  22   (0.030) 0.013 0.116 0.005 0.009 
  23   (0.033) 0.012 0.081 0.006 0.009 
  24   (0.028) 0.013 0.188 0.005 0.008 
  25   (0.032) 0.012 0.153 0.006 0.009 
  26   (0.033) 0.013 0.153 0.006 0.009 
  27   (0.031) 0.012 0.045 0.005 0.009 
  28   (0.029) 0.011 0.044 0.005 0.008 

Locus 61 : locus61 
20 alleles
0.0% missing data
   1   (0.043) 0.017 0.048 0.031 0.012 
   2   (0.133) 0.227 0.217 0.280 0.072 
   3   (0.035) 0.015 0.010 0.075 0.010 
   4   (0.052) 0.134 0.014 0.063 0.015 
   5   (0.084) 0.053 0.204 0.039 0.060 
   6   (0.034) 0.017 0.010 0.097 0.010 
   7   (0.051) 0.025 0.014 0.052 0.086 
   8   (0.048) 0.018 0.013 0.032 0.085 
   9   (0.060) 0.037 0.089 0.091 0.017 
  10   (0.050) 0.022 0.014 0.077 0.050 
  11   (0.082) 0.139 0.131 0.076 0.024 
  12   (0.049) 0.062 0.050 0.015 0.014 
  13   (0.037) 0.118 0.010 0.026 0.011 
  14   (0.048) 0.040 0.085 0.012 0.014 
  15   (0.038) 0.015 0.011 0.007 0.190 
  16   (0.028) 0.011 0.008 0.005 0.044 
  17   (0.037) 0.014 0.010 0.006 0.154 
  18   (0.032) 0.013 0.009 0.005 0.081 
  19   (0.030) 0.012 0.008 0.005 0.044 
  20   (0.028) 0.011 0.044 0.005 0.008 

Locus 62 : locus62 
24 alleles
0.0% missing data
   1   (0.067) 0.198 0.019 0.104 0.019 
   2   (0.034) 0.014 0.010 0.053 0.010 
   3   (0.034) 0.016 0.010 0.075 0.010 
   4   (0.040) 0.020 0.011 0.146 0.011 
   5   (0.043) 0.021 0.012 0.193 0.012 
   6   (0.036) 0.017 0.010 0.050 0.010 
   7   (0.060) 0.134 0.017 0.114 0.017 
   8   (0.035) 0.017 0.010 0.050 0.010 
   9   (0.035) 0.017 0.010 0.050 0.010 
  10   (0.060) 0.129 0.017 0.029 0.053 
  11   (0.069) 0.087 0.019 0.025 0.199 
  12   (0.047) 0.039 0.013 0.012 0.048 
  13   (0.031) 0.033 0.009 0.009 0.009 
  14   (0.040) 0.096 0.011 0.025 0.012 
  15   (0.059) 0.043 0.017 0.013 0.233 
  16   (0.034) 0.013 0.009 0.006 0.081 
  17   (0.030) 0.013 0.008 0.005 0.042 
  18   (0.036) 0.014 0.010 0.006 0.118 
  19   (0.031) 0.012 0.009 0.005 0.045 
  20   (0.038) 0.014 0.082 0.006 0.011 
  21   (0.035) 0.013 0.118 0.006 0.010 
  22   (0.035) 0.014 0.190 0.006 0.010 
  23   (0.038) 0.015 0.262 0.006 0.011 
  24   (0.032) 0.013 0.117 0.006 0.009 

Locus 63 : locus63 
17 alleles
0.0% missing data
   1   (0.083) 0.038 0.059 0.226 0.060 
   2   (0.100) 0.051 0.064 0.125 0.280 
   3   (0.055) 0.021 0.160 0.033 0.016 
   4   (0.057) 0.023 0.088 0.082 0.016 
   5   (0.090) 0.045 0.133 0.077 0.097 
   6   (0.048) 0.019 0.086 0.032 0.014 
   7   (0.089) 0.095 0.133 0.168 0.026 
   8   (0.072) 0.032 0.092 0.056 0.056 
   9   (0.078) 0.220 0.022 0.087 0.058 
  10   (0.031) 0.033 0.009 0.008 0.009 
  11   (0.054) 0.084 0.015 0.019 0.051 
  12   (0.031) 0.032 0.009 0.009 0.009 
  13   (0.047) 0.222 0.013 0.047 0.013 
  14   (0.046) 0.038 0.049 0.011 0.013 
  15   (0.030) 0.012 0.008 0.005 0.042 
  16   (0.054) 0.021 0.051 0.009 0.123 
  17   (0.035) 0.013 0.010 0.006 0.117 

Locus 64 : locus64 
20 alleles
0.0% missing data
   1   (0.087) 0.042 0.024 0.300 0.096 
   2   (0.078) 0.034 0.022 0.180 0.094 
   3   (0.056) 0.022 0.016 0.034 0.088 
   4   (0.061) 0.025 0.017 0.081 0.053 
   5   (0.080) 0.035 0.023 0.156 0.130 
   6   (0.049) 0.019 0.014 0.033 0.048 
   7   (0.053) 0.240 0.015 0.052 0.015 
   8   (0.056) 0.165 0.016 0.034 0.016 
   9   (0.050) 0.238 0.014 0.052 0.014 
  10   (0.032) 0.032 0.009 0.009 0.009 
  11   (0.041) 0.016 0.011 0.007 0.119 
  12   (0.038) 0.015 0.011 0.007 0.082 
  13   (0.037) 0.014 0.010 0.006 0.082 
  14   (0.040) 0.015 0.011 0.007 0.083 
  15   (0.042) 0.015 0.120 0.007 0.012 
  16   (0.043) 0.017 0.156 0.008 0.012 
  17   (0.037) 0.014 0.046 0.006 0.011 
  18   (0.045) 0.016 0.228 0.008 0.013 
  19   (0.041) 0.016 0.191 0.007 0.012 
  20   (0.035) 0.013 0.046 0.006 0.010 

Locus 65 : locus65 
23 alleles
0.0% missing data
   1   (0.040) 0.019 0.011 0.101 0.012 
   2   (0.036) 0.017 0.010 0.078 0.010 
   3   (0.062) 0.030 0.017 0.177 0.053 
   4   (0.029) 0.012 0.008 0.029 0.008 
   5   (0.036) 0.016 0.010 0.077 0.010 
   6   (0.036) 0.014 0.010 0.055 0.010 
   7   (0.040) 0.019 0.011 0.152 0.011 
   8   (0.058) 0.022 0.016 0.034 0.160 
   9   (0.076) 0.138 0.021 0.070 0.057 
  10   (0.032) 0.011 0.009 0.030 0.009 
  11   (0.041) 0.113 0.012 0.028 0.012 
  12   (0.095) 0.271 0.027 0.068 0.170 
  13   (0.063) 0.084 0.018 0.021 0.126 
  14   (0.041) 0.094 0.011 0.022 0.012 
  15   (0.031) 0.033 0.009 0.008 0.009 
  16   (0.037) 0.014 0.010 0.006 0.189 
  17   (0.032) 0.012 0.009 0.006 0.045 
  18   (0.030) 0.012 0.008 0.005 0.042 
  19   (0.046) 0.017 0.337 0.008 0.013 
  20   (0.038) 0.015 0.227 0.007 0.011 
  21   (0.037) 0.014 0.118 0.007 0.011 
  22   (0.031) 0.012 0.045 0.005 0.009 
  23   (0.033) 0.013 0.045 0.006 0.009 

Locus 66 : locus66 
18 alleles
0.0% missing data
   1   (0.048) 0.023 0.013 0.174 0.014 
   2   (0.084) 0.188 0.024 0.264 0.024 
   3   (0.043) 0.019 0.012 0.103 0.012 
   4   (0.042) 0.019 0.012 0.078 0.012 
   5   (0.077) 0.270 0.022 0.132 0.022 
   6   (0.059) 0.072 0.017 0.079 0.017 
   7   (0.036) 0.014 0.010 0.030 0.010 
   8   (0.037) 0.055 0.010 0.014 0.011 
   9   (0.065) 0.105 0.054 0.028 0.019 
  10   (0.057) 0.061 0.052 0.020 0.017 
  11   (0.084) 0.032 0.276 0.015 0.167 
  12   (0.040) 0.015 0.011 0.007 0.119 
  13   (0.068) 0.027 0.091 0.012 0.162 
  14   (0.060) 0.024 0.052 0.011 0.124 
  15   (0.077) 0.030 0.202 0.013 0.165 
  16   (0.051) 0.020 0.050 0.009 0.050 
  17   (0.033) 0.013 0.009 0.006 0.045 
  18   (0.036) 0.014 0.082 0.006 0.010 

Locus 67 : locus67 
18 alleles
0.0% missing data
   1   (0.090) 0.089 0.025 0.128 0.096 
   2   (0.081) 0.034 0.023 0.136 0.238 
   3   (0.040) 0.017 0.011 0.130 0.011 
   4   (0.078) 0.079 0.022 0.058 0.094 
   5   (0.060) 0.028 0.017 0.104 0.053 
   6   (0.074) 0.056 0.021 0.055 0.129 
   7   (0.040) 0.021 0.011 0.075 0.011 
   8   (0.033) 0.012 0.009 0.031 0.009 
   9   (0.031) 0.012 0.009 0.030 0.009 
  10   (0.047) 0.018 0.013 0.033 0.049 
  11   (0.060) 0.026 0.017 0.056 0.088 
  12   (0.051) 0.235 0.014 0.053 0.014 
  13   (0.041) 0.115 0.011 0.026 0.012 
  14   (0.074) 0.128 0.164 0.032 0.021 
  15   (0.042) 0.068 0.012 0.025 0.012 
  16   (0.059) 0.022 0.124 0.010 0.088 
  17   (0.063) 0.024 0.342 0.011 0.053 
  18   (0.039) 0.015 0.155 0.007 0.011 

Locus 68 : locus68 
19 alleles
0.0% missing data
   1   (0.063) 0.062 0.018 0.067 0.054 
   2   (0.085) 0.036 0.060 0.187 0.168 
   3   (0.090) 0.143 0.025 0.146 0.133 
   4   (0.065) 0.050 0.018 0.108 0.054 
   5   (0.077) 0.086 0.129 0.100 0.022 
   6   (0.083) 0.041 0.132 0.130 0.059 
   7   (0.092) 0.179 0.062 0.084 0.062 
   8   (0.056) 0.023 0.124 0.060 0.016 
   9   (0.043) 0.191 0.012 0.044 0.012 
  10   (0.045) 0.037 0.049 0.010 0.013 
  11   (0.034) 0.049 0.010 0.017 0.010 
  12   (0.030) 0.012 0.009 0.005 0.081 
  13   (0.031) 0.012 0.009 0.005 0.081 
  14   (0.027) 0.011 0.008 0.005 0.042 
  15   (0.050) 0.020 0.086 0.009 0.085 
  16   (0.031) 0.013 0.009 0.006 0.081 
  17   (0.034) 0.013 0.082 0.006 0.010 
  18   (0.029) 0.011 0.044 0.005 0.008 
  19   (0.034) 0.013 0.117 0.006 0.010 

Locus 69 : locus69 
21 alleles
0.0% missing data
   1   (0.050) 0.019 0.014 0.032 0.050 
   2   (0.042) 0.018 0.012 0.102 0.012 
   3   (0.052) 0.025 0.015 0.318 0.015 
   4   (0.035) 0.014 0.010 0.054 0.010 
   5   (0.046) 0.021 0.013 0.150 0.013 
   6   (0.066) 0.030 0.019 0.055 0.126 
   7   (0.038) 0.017 0.011 0.052 0.011 
   8   (0.050) 0.180 0.014 0.040 0.014 
   9   (0.046) 0.077 0.013 0.020 0.013 
  10   (0.052) 0.222 0.015 0.048 0.015 
  11   (0.076) 0.110 0.021 0.028 0.129 
  12   (0.057) 0.042 0.016 0.013 0.087 
  13   (0.085) 0.108 0.024 0.035 0.274 
  14   (0.037) 0.014 0.010 0.006 0.153 
  15   (0.044) 0.016 0.156 0.008 0.013 
  16   (0.042) 0.015 0.191 0.007 0.012 
  17   (0.034) 0.013 0.045 0.006 0.010 
  18   (0.038) 0.014 0.082 0.007 0.011 
  19   (0.032) 0.013 0.045 0.006 0.009 
  20   (0.041) 0.015 0.155 0.007 0.012 
  21   (0.040) 0.015 0.119 0.007 0.011 

Locus 70 : locus70 
22 alleles
0.0% missing data
   1   (0.039) 0.016 0.011 0.125 0.011 
   2   (0.045) 0.021 0.012 0.197 0.013 
   3   (0.030) 0.011 0.009 0.029 0.009 
   4   (0.040) 0.019 0.011 0.124 0.011 
   5   (0.043) 0.020 0.012 0.172 0.012 
   6   (0.038) 0.017 0.011 0.101 0.011 
   7   (0.069) 0.132 0.019 0.028 0.091 
   8   (0.061) 0.060 0.125 0.021 0.017 
   9   (0.069) 0.187 0.019 0.045 0.055 
  10   (0.061) 0.123 0.017 0.031 0.053 
  11   (0.050) 0.198 0.014 0.046 0.014 
  12   (0.032) 0.032 0.009 0.008 0.009 
  13   (0.033) 0.013 0.009 0.006 0.081 
  14   (0.030) 0.012 0.009 0.005 0.044 
  15   (0.063) 0.023 0.089 0.011 0.162 
  16   (0.030) 0.012 0.008 0.005 0.043 
  17   (0.069) 0.026 0.163 0.012 0.127 
  18   (0.059) 0.022 0.341 0.010 0.052 
  19   (0.035) 0.013 0.010 0.006 0.082 
  20   (0.044) 0.017 0.048 0.008 0.049 
  21   (0.031) 0.012 0.009 0.005 0.045 
  22   (0.030) 0.012 0.044 0.005 0.009 

Locus 71 : locus71 
25 alleles
0.0% missing data
   1   (0.044) 0.020 0.013 0.220 0.013 
   2   (0.047) 0.023 0.013 0.194 0.013 
   3   (0.047) 0.038 0.013 0.059 0.013 
   4   (0.036) 0.017 0.010 0.051 0.010 
   5   (0.055) 0.149 0.015 0.073 0.016 
   6   (0.028) 0.011 0.008 0.029 0.008 
   7   (0.041) 0.017 0.012 0.076 0.012 
   8   (0.039) 0.017 0.011 0.101 0.011 
   9   (0.072) 0.232 0.020 0.052 0.056 
  10   (0.064) 0.148 0.018 0.036 0.054 
  11   (0.041) 0.098 0.011 0.021 0.012 
  12   (0.056) 0.041 0.016 0.013 0.088 
  13   (0.028) 0.032 0.008 0.006 0.008 
  14   (0.036) 0.015 0.010 0.006 0.225 
  15   (0.038) 0.015 0.011 0.007 0.189 
  16   (0.035) 0.013 0.010 0.006 0.081 
  17   (0.032) 0.013 0.009 0.006 0.081 
  18   (0.033) 0.013 0.009 0.006 0.045 
  19   (0.031) 0.012 0.045 0.005 0.009 
  20   (0.037) 0.015 0.370 0.006 0.010 
  21   (0.037) 0.015 0.154 0.006 0.011 
  22   (0.031) 0.013 0.081 0.005 0.009 
  23   (0.030) 0.012 0.044 0.005 0.009 
  24   (0.030) 0.012 0.044 0.005 0.009 
  25   (0.032) 0.012 0.045 0.005 0.009 

Locus 72 : locus72 
15 alleles
0.0% missing data
   1   (0.108) 0.074 0.174 0.204 0.031 
   2   (0.112) 0.120 0.103 0.281 0.032 
   3   (0.137) 0.232 0.074 0.131 0.111 
   4   (0.108) 0.282 0.030 0.112 0.102 
   5   (0.042) 0.019 0.012 0.079 0.012 
   6   (0.079) 0.036 0.166 0.105 0.023 
   7   (0.073) 0.086 0.020 0.026 0.128 
   8   (0.066) 0.045 0.019 0.013 0.199 
   9   (0.041) 0.016 0.012 0.007 0.119 
  10   (0.044) 0.017 0.012 0.008 0.156 
  11   (0.034) 0.014 0.010 0.006 0.044 
  12   (0.034) 0.013 0.046 0.006 0.010 
  13   (0.046) 0.017 0.157 0.008 0.013 
  14   (0.038) 0.015 0.083 0.007 0.011 
  15   (0.038) 0.015 0.083 0.007 0.011 

Locus 73 : locus73 
16 alleles
0.0% missing data
   1   (0.095) 0.044 0.027 0.250 0.206 
   2   (0.107) 0.051 0.066 0.250 0.102 
   3   (0.073) 0.268 0.020 0.108 0.021 
   4   (0.033) 0.013 0.009 0.030 0.010 
   5   (0.033) 0.013 0.009 0.029 0.009 
   6   (0.056) 0.021 0.016 0.033 0.088 
   7   (0.116) 0.047 0.212 0.087 0.140 
   8   (0.061) 0.023 0.161 0.034 0.017 
   9   (0.064) 0.029 0.126 0.054 0.018 
  10   (0.049) 0.142 0.014 0.031 0.014 
  11   (0.059) 0.107 0.052 0.023 0.017 
  12   (0.046) 0.098 0.013 0.024 0.013 
  13   (0.066) 0.088 0.126 0.022 0.019 
  14   (0.073) 0.027 0.128 0.013 0.200 
  15   (0.033) 0.013 0.009 0.006 0.045 
  16   (0.037) 0.015 0.010 0.006 0.082 

Locus 74 : locus74 
21 alleles
0.0% missing data
   1   (0.048) 0.026 0.013 0.314 0.014 
   2   (0.045) 0.021 0.013 0.148 0.013 
   3   (0.033) 0.012 0.009 0.029 0.009 
   4   (0.032) 0.013 0.009 0.029 0.009 
   5   (0.059) 0.022 0.161 0.034 0.017 
   6   (0.065) 0.126 0.018 0.148 0.018 
   7   (0.042) 0.019 0.012 0.076 0.012 
   8   (0.076) 0.195 0.093 0.043 0.022 
   9   (0.065) 0.085 0.018 0.025 0.126 
  10   (0.046) 0.139 0.013 0.033 0.013 
  11   (0.059) 0.064 0.124 0.017 0.017 
  12   (0.057) 0.060 0.052 0.019 0.016 
  13   (0.065) 0.063 0.018 0.021 0.126 
  14   (0.038) 0.052 0.011 0.017 0.011 
  15   (0.044) 0.016 0.012 0.008 0.191 
  16   (0.043) 0.017 0.012 0.007 0.262 
  17   (0.036) 0.014 0.010 0.006 0.082 
  18   (0.034) 0.013 0.045 0.006 0.010 
  19   (0.037) 0.014 0.118 0.006 0.011 
  20   (0.043) 0.016 0.192 0.007 0.012 
  21   (0.031) 0.012 0.045 0.005 0.009 

Locus 75 : locus75 
16 alleles
0.0% missing data
   1   (0.092) 0.036 0.277 0.089 0.062 
   2   (0.036) 0.016 0.010 0.052 0.010 
   3   (0.123) 0.077 0.107 0.160 0.179 
   4   (0.094) 0.043 0.062 0.206 0.097 
   5   (0.057) 0.022 0.160 0.034 0.016 
   6   (0.088) 0.074 0.025 0.118 0.168 
   7   (0.083) 0.061 0.023 0.055 0.203 
   8   (0.046) 0.018 0.049 0.032 0.013 
   9   (0.058) 0.028 0.052 0.102 0.017 
  10   (0.038) 0.074 0.011 0.019 0.011 
  11   (0.080) 0.051 0.167 0.017 0.094 
  12   (0.042) 0.098 0.012 0.022 0.012 
  13   (0.038) 0.077 0.011 0.016 0.011 
  14   (0.043) 0.136 0.012 0.032 0.012 
  15   (0.047) 0.177 0.013 0.042 0.013 
  16   (0.035) 0.013 0.010 0.006 0.081 

Locus 76 : locus76 
24 alleles
0.0% missing data
   1   (0.055) 0.025 0.051 0.176 0.016 
   2   (0.058) 0.025 0.016 0.054 0.124 
   3   (0.066) 0.034 0.091 0.221 0.019 
   4   (0.049) 0.020 0.050 0.081 0.014 
   5   (0.055) 0.021 0.232 0.033 0.016 
   6   (0.059) 0.026 0.052 0.201 0.017 
   7   (0.041) 0.137 0.012 0.030 0.012 
   8   (0.029) 0.032 0.008 0.008 0.008 
   9   (0.055) 0.183 0.051 0.040 0.016 
  10   (0.037) 0.111 0.010 0.030 0.011 
  11   (0.029) 0.030 0.008 0.009 0.008 
  12   (0.048) 0.039 0.086 0.012 0.014 
  13   (0.071) 0.148 0.128 0.034 0.020 
  14   (0.034) 0.050 0.010 0.016 0.010 
  15   (0.032) 0.012 0.009 0.005 0.152 
  16   (0.034) 0.013 0.010 0.006 0.117 
  17   (0.031) 0.012 0.009 0.005 0.080 
  18   (0.028) 0.011 0.008 0.005 0.042 
  19   (0.035) 0.013 0.010 0.006 0.117 
  20   (0.030) 0.011 0.009 0.005 0.044 
  21   (0.034) 0.013 0.010 0.006 0.081 
  22   (0.029) 0.011 0.008 0.005 0.044 
  23   (0.027) 0.011 0.044 0.005 0.008 
  24   (0.031) 0.012 0.081 0.005 0.009 

Locus 77 : locus77 
22 alleles
0.0% missing data
   1   (0.039) 0.018 0.011 0.125 0.011 
   2   (0.036) 0.014 0.010 0.078 0.010 
   3   (0.032) 0.012 0.009 0.029 0.009 
   4   (0.038) 0.017 0.011 0.051 0.011 
   5   (0.048) 0.023 0.014 0.173 0.014 
   6   (0.081) 0.036 0.023 0.154 0.238 
   7   (0.040) 0.019 0.011 0.099 0.011 
   8   (0.032) 0.012 0.009 0.029 0.009 
   9   (0.033) 0.012 0.009 0.030 0.009 
  10   (0.045) 0.157 0.012 0.036 0.013 
  11   (0.073) 0.171 0.092 0.039 0.021 
  12   (0.060) 0.124 0.053 0.030 0.017 
  13   (0.061) 0.118 0.017 0.036 0.053 
  14   (0.041) 0.079 0.012 0.015 0.012 
  15   (0.034) 0.032 0.010 0.009 0.010 
  16   (0.058) 0.059 0.088 0.021 0.017 
  17   (0.043) 0.016 0.012 0.007 0.262 
  18   (0.036) 0.014 0.010 0.006 0.153 
  19   (0.055) 0.021 0.087 0.010 0.087 
  20   (0.037) 0.014 0.154 0.006 0.011 
  21   (0.035) 0.014 0.118 0.006 0.010 
  22   (0.044) 0.016 0.228 0.008 0.012 

Locus 78 : locus78 
20 alleles
0.0% missing data
   1   (0.070) 0.034 0.020 0.272 0.056 
   2   (0.037) 0.015 0.010 0.079 0.010 
   3   (0.037) 0.014 0.010 0.055 0.011 
   4   (0.079) 0.036 0.022 0.275 0.094 
   5   (0.088) 0.083 0.025 0.084 0.133 
   6   (0.031) 0.032 0.009 0.008 0.009 
   7   (0.032) 0.033 0.009 0.008 0.009 
   8   (0.045) 0.131 0.013 0.038 0.013 
   9   (0.070) 0.129 0.020 0.031 0.091 
  10   (0.049) 0.140 0.014 0.032 0.014 
  11   (0.086) 0.091 0.024 0.028 0.347 
  12   (0.075) 0.149 0.021 0.037 0.128 
  13   (0.035) 0.013 0.046 0.006 0.010 
  14   (0.040) 0.015 0.119 0.007 0.012 
  15   (0.041) 0.016 0.191 0.007 0.012 
  16   (0.043) 0.016 0.156 0.008 0.012 
  17   (0.032) 0.012 0.045 0.006 0.009 
  18   (0.042) 0.015 0.156 0.007 0.012 
  19   (0.035) 0.013 0.046 0.006 0.010 
  20   (0.033) 0.013 0.045 0.006 0.010 

Locus 79 : locus79 
21 alleles
0.0% missing data
   1   (0.053) 0.023 0.015 0.104 0.051 
   2   (0.036) 0.016 0.010 0.101 0.010 
   3   (0.090) 0.039 0.097 0.155 0.097 
   4   (0.037) 0.018 0.010 0.124 0.011 
   5   (0.052) 0.022 0.050 0.079 0.015 
   6   (0.096) 0.036 0.279 0.064 0.135 
   7   (0.037) 0.019 0.010 0.147 0.011 
   8   (0.040) 0.115 0.011 0.027 0.011 
   9   (0.032) 0.054 0.009 0.013 0.009 
  10   (0.068) 0.102 0.019 0.031 0.127 
  11   (0.041) 0.159 0.012 0.033 0.012 
  12   (0.048) 0.038 0.013 0.012 0.086 
  13   (0.062) 0.184 0.017 0.043 0.053 
  14   (0.045) 0.037 0.013 0.011 0.047 
  15   (0.054) 0.057 0.015 0.020 0.087 
  16   (0.034) 0.013 0.009 0.006 0.117 
  17   (0.029) 0.011 0.008 0.005 0.044 
  18   (0.054) 0.021 0.231 0.009 0.051 
  19   (0.032) 0.012 0.081 0.006 0.009 
  20   (0.031) 0.012 0.044 0.005 0.009 
  21   (0.029) 0.011 0.044 0.005 0.008 

Locus 80 : locus80 
17 alleles
0.0% missing data
   1   (0.061) 0.081 0.017 0.121 0.018 
   2   (0.069) 0.068 0.055 0.066 0.020 
   3   (0.084) 0.114 0.059 0.125 0.024 
   4   (0.058) 0.049 0.016 0.175 0.017 
   5   (0.060) 0.136 0.017 0.065 0.017 
   6   (0.122) 0.211 0.142 0.288 0.035 
   7   (0.049) 0.047 0.014 0.050 0.014 
   8   (0.067) 0.086 0.127 0.025 0.019 
   9   (0.038) 0.052 0.011 0.017 0.011 
  10   (0.055) 0.022 0.051 0.010 0.123 
  11   (0.062) 0.024 0.053 0.011 0.268 
  12   (0.039) 0.015 0.011 0.007 0.118 
  13   (0.054) 0.021 0.051 0.009 0.086 
  14   (0.055) 0.022 0.051 0.010 0.123 
  15   (0.052) 0.020 0.050 0.009 0.086 
  16   (0.039) 0.016 0.155 0.007 0.011 
  17   (0.037) 0.014 0.119 0.006 0.011 

Locus 81 : locus81 
17 alleles
0.0% missing data
   1   (0.060) 0.046 0.017 0.308 0.017 
   2   (0.030) 0.012 0.009 0.030 0.009 
   3   (0.044) 0.022 0.012 0.127 0.013 
   4   (0.081) 0.088 0.059 0.174 0.023 
   5   (0.045) 0.045 0.013 0.050 0.013 
   6   (0.052) 0.020 0.087 0.034 0.015 
   7   (0.071) 0.077 0.020 0.056 0.056 
   8   (0.074) 0.086 0.057 0.025 0.055 
   9   (0.153) 0.238 0.151 0.083 0.366 
  10   (0.072) 0.166 0.020 0.040 0.092 
  11   (0.093) 0.054 0.170 0.020 0.241 
  12   (0.039) 0.074 0.011 0.018 0.011 
  13   (0.051) 0.020 0.087 0.009 0.050 
  14   (0.032) 0.012 0.045 0.006 0.009 
  15   (0.038) 0.014 0.119 0.007 0.011 
  16   (0.034) 0.013 0.081 0.006 0.010 
  17   (0.031) 0.012 0.044 0.006 0.009 

Locus 82 : locus82 
13 alleles
0.0% missing data
   1   (0.072) 0.061 0.020 0.271 0.021 
   2   (0.095) 0.067 0.099 0.156 0.027 
   3   (0.039) 0.018 0.011 0.053 0.011 
   4   (0.171) 0.209 0.084 0.149 0.371 
   5   (0.062) 0.099 0.017 0.077 0.018 
   6   (0.039) 0.015 0.011 0.055 0.011 
   7   (0.035) 0.013 0.010 0.030 0.010 
   8   (0.057) 0.072 0.016 0.053 0.016 
   9   (0.131) 0.069 0.180 0.051 0.288 
  10   (0.141) 0.198 0.327 0.051 0.112 
  11   (0.053) 0.138 0.015 0.035 0.015 
  12   (0.066) 0.026 0.127 0.012 0.089 
  13   (0.039) 0.015 0.083 0.007 0.011 

Locus 83 : locus83 
18 alleles
0.0% missing data
   1   (0.041) 0.022 0.012 0.073 0.012 
   2   (0.042) 0.018 0.012 0.078 0.012 
   3   (0.047) 0.021 0.013 0.200 0.014 
   4   (0.048) 0.022 0.013 0.224 0.014 
   5   (0.044) 0.019 0.012 0.103 0.013 
   6   (0.037) 0.017 0.010 0.052 0.011 
   7   (0.034) 0.012 0.009 0.030 0.010 
   8   (0.127) 0.249 0.107 0.062 0.179 
   9   (0.078) 0.308 0.058 0.073 0.022 
  10   (0.098) 0.121 0.208 0.029 0.064 
  11   (0.072) 0.048 0.092 0.016 0.055 
  12   (0.064) 0.044 0.018 0.012 0.198 
  13   (0.063) 0.024 0.053 0.011 0.233 
  14   (0.039) 0.014 0.011 0.007 0.083 
  15   (0.049) 0.018 0.050 0.009 0.050 
  16   (0.039) 0.015 0.083 0.007 0.011 
  17   (0.043) 0.015 0.192 0.007 0.012 
  18   (0.035) 0.013 0.046 0.006 0.010 

Locus 84 : locus84 
18 alleles
0.0% missing data
   1   (0.151) 0.132 0.222 0.239 0.186 
   2   (0.074) 0.029 0.129 0.060 0.056 
   3   (0.062) 0.034 0.017 0.193 0.053 
   4   (0.059) 0.023 0.016 0.034 0.232 
   5   (0.083) 0.117 0.023 0.096 0.095 
   6   (0.034) 0.016 0.009 0.076 0.010 
   7   (0.055) 0.025 0.015 0.054 0.087 
   8   (0.029) 0.012 0.008 0.029 0.008 
   9   (0.086) 0.071 0.240 0.070 0.025 
  10   (0.062) 0.111 0.017 0.022 0.088 
  11   (0.040) 0.076 0.011 0.018 0.011 
  12   (0.040) 0.137 0.011 0.031 0.011 
  13   (0.062) 0.094 0.089 0.037 0.018 
  14   (0.030) 0.032 0.008 0.009 0.009 
  15   (0.036) 0.052 0.010 0.017 0.010 
  16   (0.032) 0.012 0.009 0.005 0.045 
  17   (0.032) 0.012 0.009 0.005 0.045 
  18   (0.036) 0.014 0.154 0.006 0.010 

Locus 85 : locus85 
22 alleles
0.0% missing data
   1   (0.031) 0.012 0.009 0.029 0.009 
   2   (0.057) 0.027 0.016 0.101 0.052 
   3   (0.042) 0.019 0.012 0.173 0.012 
   4   (0.043) 0.021 0.012 0.220 0.012 
   5   (0.037) 0.016 0.010 0.077 0.011 
   6   (0.031) 0.012 0.009 0.029 0.009 
   7   (0.034) 0.013 0.010 0.054 0.010 
   8   (0.035) 0.016 0.010 0.052 0.010 
   9   (0.053) 0.021 0.015 0.033 0.123 
  10   (0.066) 0.083 0.126 0.025 0.019 
  11   (0.062) 0.124 0.017 0.032 0.089 
  12   (0.070) 0.109 0.164 0.027 0.020 
  13   (0.068) 0.101 0.019 0.032 0.162 
  14   (0.039) 0.096 0.011 0.022 0.011 
  15   (0.073) 0.212 0.092 0.047 0.021 
  16   (0.052) 0.040 0.015 0.012 0.158 
  17   (0.032) 0.012 0.009 0.006 0.044 
  18   (0.040) 0.015 0.011 0.007 0.190 
  19   (0.038) 0.015 0.226 0.007 0.011 
  20   (0.029) 0.011 0.044 0.005 0.008 
  21   (0.037) 0.014 0.119 0.006 0.011 
  22   (0.030) 0.011 0.044 0.005 0.008 

Locus 86 : locus86 
20 alleles
0.0% missing data
   1   (0.049) 0.025 0.014 0.360 0.014 
   2   (0.037) 0.016 0.010 0.076 0.010 
   3   (0.043) 0.019 0.012 0.220 0.012 
   4   (0.031) 0.012 0.009 0.029 0.009 
   5   (0.030) 0.012 0.008 0.029 0.009 
   6   (0.032) 0.012 0.009 0.029 0.009 
   7   (0.062) 0.044 0.053 0.014 0.053 
   8   (0.086) 0.298 0.132 0.068 0.025 
   9   (0.083) 0.068 0.131 0.026 0.094 
  10   (0.052) 0.062 0.050 0.016 0.015 
  11   (0.035) 0.052 0.010 0.016 0.010 
  12   (0.038) 0.052 0.011 0.017 0.011 
  13   (0.122) 0.148 0.214 0.042 0.214 
  14   (0.046) 0.038 0.013 0.011 0.047 
  15   (0.064) 0.068 0.198 0.013 0.018 
  16   (0.040) 0.015 0.011 0.007 0.227 
  17   (0.033) 0.012 0.009 0.006 0.081 
  18   (0.033) 0.012 0.009 0.006 0.045 
  19   (0.053) 0.020 0.087 0.009 0.051 
  20   (0.032) 0.012 0.009 0.006 0.045 

Locus 87 : locus87 
21 alleles
0.0% missing data
   1   (0.066) 0.113 0.019 0.137 0.019 
   2   (0.070) 0.179 0.019 0.120 0.020 
   3   (0.068) 0.032 0.055 0.229 0.019 
   4   (0.040) 0.018 0.011 0.053 0.011 
   5   (0.047) 0.021 0.013 0.178 0.013 
   6   (0.033) 0.013 0.010 0.030 0.010 
   7   (0.061) 0.024 0.161 0.035 0.017 
   8   (0.060) 0.149 0.017 0.074 0.017 
   9   (0.046) 0.176 0.013 0.040 0.013 
  10   (0.041) 0.098 0.011 0.021 0.012 
  11   (0.046) 0.017 0.013 0.008 0.227 
  12   (0.069) 0.027 0.091 0.012 0.234 
  13   (0.039) 0.015 0.011 0.007 0.118 
  14   (0.042) 0.016 0.012 0.007 0.155 
  15   (0.053) 0.020 0.051 0.009 0.051 
  16   (0.036) 0.015 0.082 0.006 0.010 
  17   (0.041) 0.016 0.155 0.007 0.012 
  18   (0.031) 0.012 0.045 0.005 0.009 
  19   (0.039) 0.015 0.083 0.007 0.011 
  20   (0.036) 0.014 0.082 0.006 0.010 
  21   (0.035) 0.013 0.046 0.006 0.010 

Locus 88 : locus88 
26 alleles
0.0% missing data
   1   (0.056) 0.169 0.016 0.149 0.016 
   2   (0.033) 0.018 0.009 0.070 0.009 
   3   (0.034) 0.015 0.009 0.100 0.010 
   4   (0.035) 0.016 0.010 0.075 0.010 
   5   (0.034) 0.015 0.009 0.123 0.010 
   6   (0.056) 0.058 0.016 0.209 0.016 
   7   (0.034) 0.015 0.009 0.075 0.010 
   8   (0.067) 0.149 0.019 0.035 0.126 
   9   (0.030) 0.054 0.009 0.013 0.009 
  10   (0.069) 0.091 0.019 0.021 0.378 
  11   (0.052) 0.107 0.015 0.022 0.050 
  12   (0.046) 0.057 0.013 0.018 0.049 
  13   (0.049) 0.039 0.014 0.012 0.085 
  14   (0.033) 0.054 0.009 0.013 0.009 
  15   (0.033) 0.013 0.009 0.006 0.116 
  16   (0.030) 0.012 0.080 0.005 0.009 
  17   (0.034) 0.013 0.154 0.006 0.010 
  18   (0.030) 0.011 0.044 0.005 0.008 
  19   (0.028) 0.011 0.044 0.005 0.008 
  20   (0.032) 0.012 0.045 0.005 0.009 
  21   (0.031) 0.012 0.081 0.005 0.009 
  22   (0.030) 0.012 0.080 0.005 0.009 
  23   (0.035) 0.014 0.118 0.006 0.010 
  24   (0.029) 0.012 0.044 0.005 0.008 
  25   (0.033) 0.013 0.081 0.006 0.009 
  26   (0.028) 0.011 0.044 0.005 0.008 

Locus 89 : locus89 
17 alleles
0.0% missing data
   1   (0.084) 0.060 0.132 0.157 0.024 
   2   (0.036) 0.015 0.010 0.080 0.010 
   3   (0.082) 0.054 0.131 0.161 0.023 
   4   (0.036) 0.016 0.010 0.053 0.010 
   5   (0.099) 0.078 0.064 0.120 0.100 
   6   (0.029) 0.012 0.008 0.030 0.008 
   7   (0.075) 0.069 0.021 0.165 0.057 
   8   (0.030) 0.012 0.008 0.030 0.009 
   9   (0.060) 0.124 0.017 0.028 0.051 
  10   (0.072) 0.126 0.020 0.033 0.200 
  11   (0.107) 0.145 0.138 0.057 0.138 
  12   (0.083) 0.189 0.059 0.048 0.059 
  13   (0.030) 0.032 0.009 0.006 0.009 
  14   (0.045) 0.017 0.049 0.008 0.048 
  15   (0.035) 0.014 0.010 0.006 0.117 
  16   (0.058) 0.023 0.124 0.010 0.124 
  17   (0.039) 0.015 0.191 0.007 0.011 

Locus 90 : locus90 
25 alleles
0.0% missing data
   1   (0.033) 0.012 0.009 0.030 0.010 
   2   (0.031) 0.012 0.009 0.054 0.009 
   3   (0.037) 0.018 0.010 0.198 0.011 
   4   (0.065) 0.033 0.198 0.075 0.019 
   5   (0.059) 0.146 0.017 0.149 0.017 
   6   (0.058) 0.028 0.052 0.128 0.017 
   7   (0.039) 0.034 0.011 0.034 0.011 
   8   (0.032) 0.013 0.009 0.054 0.009 
   9   (0.051) 0.053 0.014 0.094 0.015 
  10   (0.043) 0.135 0.012 0.033 0.012 
  11   (0.036) 0.075 0.010 0.017 0.010 
  12   (0.045) 0.158 0.013 0.036 0.013 
  13   (0.040) 0.074 0.011 0.019 0.011 
  14   (0.031) 0.032 0.009 0.009 0.009 
  15   (0.027) 0.033 0.008 0.006 0.008 
  16   (0.036) 0.015 0.010 0.006 0.118 
  17   (0.039) 0.014 0.011 0.007 0.154 
  18   (0.037) 0.014 0.010 0.006 0.153 
  19   (0.065) 0.025 0.090 0.011 0.197 
  20   (0.031) 0.012 0.009 0.005 0.080 
  21   (0.035) 0.013 0.010 0.006 0.081 
  22   (0.034) 0.015 0.153 0.006 0.010 
  23   (0.035) 0.014 0.190 0.006 0.010 
  24   (0.031) 0.012 0.081 0.005 0.009 
  25   (0.029) 0.011 0.044 0.005 0.008 

Locus 91 : locus91 
19 alleles
0.0% missing data
   1   (0.042) 0.019 0.012 0.052 0.012 
   2   (0.059) 0.028 0.017 0.345 0.017 
   3   (0.067) 0.025 0.019 0.035 0.198 
   4   (0.068) 0.026 0.019 0.035 0.162 
   5   (0.053) 0.026 0.015 0.148 0.015 
   6   (0.048) 0.022 0.013 0.150 0.014 
   7   (0.054) 0.162 0.015 0.038 0.016 
   8   (0.082) 0.149 0.095 0.040 0.023 
   9   (0.052) 0.139 0.015 0.033 0.015 
  10   (0.042) 0.057 0.012 0.013 0.012 
  11   (0.074) 0.190 0.057 0.045 0.021 
  12   (0.037) 0.034 0.010 0.008 0.011 
  13   (0.050) 0.019 0.014 0.009 0.229 
  14   (0.039) 0.015 0.011 0.007 0.083 
  15   (0.040) 0.015 0.011 0.007 0.082 
  16   (0.062) 0.023 0.125 0.011 0.053 
  17   (0.047) 0.018 0.229 0.008 0.014 
  18   (0.043) 0.017 0.192 0.007 0.012 
  19   (0.042) 0.016 0.120 0.007 0.012 

Locus 92 : locus92 
18 alleles
0.0% missing data
   1   (0.075) 0.069 0.021 0.114 0.057 
   2   (0.093) 0.042 0.062 0.156 0.169 
   3   (0.050) 0.058 0.014 0.064 0.014 
   4   (0.065) 0.026 0.018 0.107 0.126 
   5   (0.086) 0.192 0.024 0.120 0.060 
   6   (0.079) 0.070 0.022 0.189 0.058 
   7   (0.051) 0.116 0.015 0.056 0.015 
   8   (0.098) 0.043 0.208 0.059 0.171 
   9   (0.052) 0.021 0.015 0.033 0.123 
  10   (0.035) 0.052 0.010 0.016 0.010 
  11   (0.043) 0.159 0.012 0.035 0.012 
  12   (0.037) 0.057 0.010 0.010 0.010 
  13   (0.058) 0.023 0.160 0.010 0.088 
  14   (0.050) 0.019 0.086 0.009 0.050 
  15   (0.034) 0.014 0.117 0.006 0.010 
  16   (0.032) 0.013 0.081 0.006 0.009 
  17   (0.033) 0.013 0.081 0.006 0.009 
  18   (0.030) 0.012 0.044 0.005 0.009 

Locus 93 : locus93 
17 alleles
0.0% missing data
   1   (0.100) 0.076 0.100 0.223 0.029 
   2   (0.059) 0.051 0.017 0.151 0.017 
   3   (0.096) 0.121 0.063 0.172 0.027 
   4   (0.101) 0.124 0.100 0.172 0.029 
   5   (0.038) 0.015 0.011 0.056 0.011 
   6   (0.119) 0.194 0.249 0.087 0.034 
   7   (0.075) 0.209 0.057 0.049 0.021 
   8   (0.062) 0.076 0.053 0.030 0.018 
   9   (0.035) 0.013 0.010 0.006 0.046 
  10   (0.044) 0.017 0.013 0.008 0.192 
  11   (0.034) 0.013 0.010 0.006 0.046 
  12   (0.033) 0.013 0.009 0.006 0.043 
  13   (0.047) 0.018 0.013 0.008 0.336 
  14   (0.038) 0.015 0.011 0.007 0.083 
  15   (0.035) 0.013 0.010 0.006 0.046 
  16   (0.041) 0.016 0.156 0.007 0.012 
  17   (0.040) 0.015 0.119 0.007 0.012 

Locus 94 : locus94 
20 alleles
0.0% missing data
   1   (0.038) 0.017 0.011 0.101 0.011 
   2   (0.049) 0.024 0.014 0.292 0.014 
   3   (0.033) 0.012 0.009 0.029 0.009 
   4   (0.048) 0.018 0.049 0.032 0.014 
   5   (0.039) 0.018 0.011 0.148 0.011 
   6   (0.031) 0.012 0.009 0.029 0.009 
   7   (0.038) 0.017 0.011 0.077 0.011 
   8   (0.039) 0.017 0.011 0.051 0.011 
   9   (0.057) 0.084 0.052 0.021 0.016 
  10   (0.078) 0.147 0.165 0.041 0.022 
  11   (0.109) 0.347 0.066 0.079 0.103 
  12   (0.132) 0.108 0.361 0.036 0.323 
  13   (0.061) 0.066 0.017 0.017 0.125 
  14   (0.051) 0.040 0.087 0.011 0.015 
  15   (0.040) 0.015 0.011 0.007 0.154 
  16   (0.031) 0.012 0.009 0.005 0.045 
  17   (0.031) 0.011 0.009 0.005 0.045 
  18   (0.031) 0.012 0.009 0.005 0.044 
  19   (0.033) 0.012 0.045 0.006 0.009 
  20   (0.031) 0.012 0.045 0.005 0.009 

Locus 95 : locus95 
21 alleles
0.0% missing data
   1   (0.077) 0.213 0.022 0.261 0.022 
   2   (0.075) 0.133 0.021 0.315 0.022 
   3   (0.029) 0.012 0.008 0.029 0.008 
   4   (0.052) 0.051 0.015 0.120 0.015 
   5   (0.059) 0.128 0.017 0.072 0.017 
   6   (0.029) 0.012 0.008 0.029 0.008 
   7   (0.044) 0.036 0.012 0.035 0.013 
   8   (0.035) 0.055 0.010 0.013 0.010 
   9   (0.048) 0.142 0.014 0.031 0.014 
  10   (0.067) 0.026 0.090 0.012 0.198 
  11   (0.062) 0.025 0.089 0.011 0.197 
  12   (0.054) 0.021 0.051 0.009 0.122 
  13   (0.060) 0.024 0.089 0.010 0.124 
  14   (0.053) 0.021 0.087 0.009 0.051 
  15   (0.035) 0.014 0.010 0.006 0.082 
  16   (0.047) 0.020 0.049 0.008 0.049 
  17   (0.033) 0.013 0.045 0.006 0.009 
  18   (0.035) 0.014 0.082 0.006 0.010 
  19   (0.038) 0.015 0.154 0.007 0.011 
  20   (0.035) 0.013 0.082 0.006 0.010 
  21   (0.033) 0.013 0.045 0.006 0.009 

Locus 96 : locus96 
15 alleles
0.0% missing data
   1   (0.110) 0.185 0.175 0.091 0.032 
   2   (0.073) 0.032 0.020 0.107 0.129 
   3   (0.103) 0.338 0.065 0.104 0.029 
   4   (0.082) 0.058 0.023 0.082 0.095 
   5   (0.092) 0.069 0.026 0.272 0.062 
   6   (0.113) 0.106 0.067 0.172 0.068 
   7   (0.067) 0.026 0.271 0.035 0.019 
   8   (0.063) 0.033 0.018 0.075 0.052 
   9   (0.068) 0.063 0.127 0.022 0.019 
  10   (0.047) 0.019 0.013 0.008 0.264 
  11   (0.037) 0.015 0.010 0.006 0.082 
  12   (0.038) 0.015 0.011 0.007 0.082 
  13   (0.034) 0.013 0.009 0.006 0.046 
  14   (0.034) 0.013 0.045 0.006 0.010 
  15   (0.039) 0.015 0.119 0.007 0.011 

Locus 97 : locus97 
22 alleles
0.0% missing data
   1   (0.028) 0.011 0.008 0.029 0.008 
   2   (0.079) 0.031 0.130 0.087 0.058 
   3   (0.091) 0.041 0.241 0.060 0.133 
   4   (0.091) 0.044 0.169 0.079 0.096 
   5   (0.075) 0.032 0.021 0.156 0.200 
   6   (0.046) 0.024 0.013 0.248 0.013 
   7   (0.053) 0.020 0.087 0.058 0.015 
   8   (0.047) 0.018 0.013 0.032 0.085 
   9   (0.026) 0.011 0.007 0.029 0.008 
  10   (0.048) 0.018 0.014 0.033 0.049 
  11   (0.030) 0.031 0.008 0.008 0.009 
  12   (0.046) 0.213 0.013 0.049 0.013 
  13   (0.037) 0.074 0.010 0.017 0.011 
  14   (0.032) 0.053 0.009 0.013 0.009 
  15   (0.040) 0.153 0.011 0.035 0.012 
  16   (0.030) 0.032 0.008 0.007 0.009 
  17   (0.039) 0.112 0.011 0.028 0.011 
  18   (0.032) 0.032 0.009 0.007 0.009 
  19   (0.031) 0.012 0.009 0.005 0.044 
  20   (0.035) 0.014 0.010 0.006 0.189 
  21   (0.036) 0.013 0.153 0.006 0.010 
  22   (0.030) 0.011 0.044 0.005 0.009 

Locus 98 : locus98 
12 alleles
0.0% missing data
   1   (0.098) 0.137 0.028 0.062 0.243 
   2   (0.101) 0.127 0.136 0.169 0.029 
   3   (0.092) 0.124 0.098 0.167 0.026 
   4   (0.088) 0.054 0.097 0.067 0.061 
   5   (0.124) 0.126 0.071 0.207 0.143 
   6   (0.134) 0.155 0.145 0.161 0.110 
   7   (0.097) 0.068 0.063 0.057 0.171 
   8   (0.064) 0.030 0.162 0.055 0.018 
   9   (0.066) 0.105 0.018 0.030 0.089 
  10   (0.068) 0.048 0.091 0.013 0.055 
  11   (0.031) 0.013 0.009 0.005 0.045 
  12   (0.035) 0.014 0.082 0.006 0.010 

Locus 99 : locus99 
26 alleles
0.0% missing data
   1   (0.053) 0.023 0.051 0.104 0.015 
   2   (0.059) 0.030 0.016 0.247 0.052 
   3   (0.054) 0.025 0.051 0.101 0.015 
   4   (0.057) 0.022 0.016 0.058 0.160 
   5   (0.056) 0.025 0.052 0.177 0.016 
   6   (0.034) 0.013 0.009 0.030 0.010 
   7   (0.030) 0.011 0.008 0.029 0.009 
   8   (0.043) 0.017 0.012 0.032 0.048 
   9   (0.048) 0.299 0.014 0.062 0.014 
  10   (0.033) 0.073 0.009 0.017 0.009 
  11   (0.040) 0.196 0.011 0.040 0.011 
  12   (0.035) 0.073 0.010 0.019 0.010 
  13   (0.045) 0.037 0.049 0.011 0.013 
  14   (0.037) 0.014 0.010 0.006 0.190 
  15   (0.028) 0.011 0.008 0.005 0.044 
  16   (0.029) 0.011 0.008 0.005 0.042 
  17   (0.038) 0.014 0.011 0.007 0.190 
  18   (0.034) 0.012 0.010 0.006 0.045 
  19   (0.029) 0.011 0.008 0.005 0.044 
  20   (0.031) 0.012 0.045 0.005 0.009 
  21   (0.040) 0.015 0.299 0.007 0.012 
  22   (0.027) 0.010 0.043 0.005 0.008 
  23   (0.027) 0.010 0.044 0.005 0.008 
  24   (0.034) 0.013 0.117 0.006 0.010 
  25   (0.028) 0.011 0.044 0.005 0.008 
  26   (0.032) 0.012 0.045 0.006 0.009 

Locus 100 : locus100 
18 alleles
0.0% missing data
   1   (0.041) 0.018 0.012 0.126 0.012 
   2   (0.045) 0.022 0.013 0.198 0.013 
   3   (0.085) 0.107 0.168 0.059 0.024 
   4   (0.047) 0.023 0.013 0.270 0.014 
   5   (0.037) 0.017 0.011 0.077 0.011 
   6   (0.071) 0.047 0.128 0.039 0.020 
   7   (0.067) 0.067 0.019 0.018 0.234 
   8   (0.081) 0.125 0.023 0.042 0.202 
   9   (0.062) 0.061 0.125 0.022 0.018 
  10   (0.078) 0.110 0.202 0.030 0.022 
  11   (0.060) 0.101 0.053 0.029 0.017 
  12   (0.083) 0.172 0.131 0.044 0.024 
  13   (0.050) 0.039 0.050 0.012 0.014 
  14   (0.049) 0.039 0.014 0.009 0.050 
  15   (0.039) 0.015 0.011 0.007 0.154 
  16   (0.034) 0.013 0.010 0.006 0.044 
  17   (0.036) 0.014 0.010 0.006 0.082 
  18   (0.032) 0.012 0.009 0.006 0.045 

Values of parameters used in structure:
DATAFILE=parentandhybrid5.str,	OUTFILE=parentandhybrid4Deme_4,	NUMINDS=50,	NUMLOCI=100,	MISSING=0,	LABEL=1,	POPDATA=0,	POPFLAG=0,	PHENOTYPE=0,	EXTRACOLS=0,	MAXPOPS=4,	BURNIN=200000,	NUMREPS=200000,	USEPOPINFO=0,	INFERALPHA=1,	INFERLAMBDA=0,	POPSPECIFICLAMBDA=0,	POPALPHAS=0,	COMPUTEPROB=1,	NOADMIX=0,	ADMBURNIN=500,	UPDATEFREQ=100,	PRINTLIKES=0,	INTERMEDSAVE=0,	PRINTKLD=0,	PRINTNET=1,	PRINTLAMBDA=1,	ANCESTDIST=0,	NUMBOXES=1000,	ANCESTPINT=0.90000,	GENSBACK=2,	MIGRPRIOR=0.01000,	PRINTQHAT=0,	PRINTQSUM=1,	ALPHA=1.0000,	FREQSCORR=1,	FPRIORMEAN=0.0100,	FPRIORSD=0.0500,	ONEFST=0,	LAMBDA=1.0000,	UNIFPRIORALPHA=1,	ALPHAMAX=10.0000,	ALPHAPRIORA=1.0000,	ALPHAPRIORB=2.0000,	ALPHAPROPSD=0.0250,	STARTATPOPINFO=0,	RANDOMIZE=1,	LINKAGE=0,	METROFREQ=10,	REPORTHITRATE=0,	MARKOVPHASE=0,	PHASED=0,	PLOIDY=2,	PHASEINFO=0	LOCPRIOR=0, 	LOCPRIORINIT=1.000000, 	LOCDATA=0, 	LOCISPOP=0, 	LOCPRIORSTEP=0.100000, 	MAXLOCPRIOR=20.000000, 	SEED=1658869902,	
[STRAT parameters]:    NUMSIMSTATS=1000,	PHENOTYPECOL=-9,	POOLFREQ=10,	LOCUSxONLY=0,	EMERROR=0.00100,	MISSINGPHENO=-9,	