

----------------------------------------------------
STRUCTURE by Pritchard, Stephens and Donnelly (2000)
     and Falush, Stephens and Pritchard (2003)
       Code by Pritchard, Falush and Hubisz
             Version 2.3.4 (Jul 2012)
----------------------------------------------------



Command line arguments:   /usr/local/bin/structure -i parentandhybrid5.str -m mainparams.txt -e extraparams.txt -K 4 -o parentandhybrid4Deme_2 
Input File:    parentandhybrid5.str

Run parameters:
   50 individuals
   100 loci
   4 populations assumed
   200000 Burn-in period
   200000 Reps


--------------------------------------------
Overall proportion of membership of the
sample in each of the 4 clusters

Inferred Clusters
  1      2      3      4    
0.200  0.301  0.200  0.299  

--------------------------------------------

Allele-freq. divergence among pops (Net nucleotide distance),
computed using point estimates of P.

      1       2       3       4      
 1      -    0.0993  0.0778  0.0934  
 2   0.0993     -    0.0948  0.1057  
 3   0.0778  0.0948     -    0.0940  
 4   0.0934  0.1057  0.0940     -    

Average distances (expected heterozygosity) between individuals in same cluster:
cluster  1  : 0.8727 
cluster  2  : 0.8451 
cluster  3  : 0.8723 
cluster  4  : 0.8394 

--------------------------------------------
Estimated Ln Prob of Data   = -23230.7
Mean value of ln likelihood = -21634.3
Variance of ln likelihood   = 3192.9
Mean value of alpha         = 0.0283

Mean value of Fst_1         = 0.1134
Mean value of Fst_2         = 0.1462
Mean value of Fst_3         = 0.1108
Mean value of Fst_4         = 0.1443


Inferred ancestry of individuals:
        Label (%Miss) :  Inferred clusters
  1       01    (0)   :  0.000 0.998 0.000 0.001 
  2       02    (0)   :  0.001 0.998 0.001 0.001 
  3       03    (0)   :  0.000 0.999 0.000 0.001 
  4       04    (0)   :  0.001 0.998 0.001 0.001 
  5       05    (0)   :  0.001 0.998 0.001 0.000 
  6       06    (0)   :  0.000 0.999 0.000 0.000 
  7       07    (0)   :  0.001 0.998 0.000 0.001 
  8       08    (0)   :  0.000 0.999 0.000 0.000 
  9       09    (0)   :  0.000 0.999 0.000 0.001 
 10       10    (0)   :  0.000 0.999 0.001 0.000 
 11       11    (0)   :  0.001 0.001 0.001 0.998 
 12       12    (0)   :  0.000 0.001 0.000 0.998 
 13       13    (0)   :  0.000 0.000 0.000 0.999 
 14       14    (0)   :  0.000 0.000 0.000 0.999 
 15       15    (0)   :  0.001 0.000 0.002 0.997 
 16       16    (0)   :  0.000 0.000 0.000 0.999 
 17       17    (0)   :  0.000 0.000 0.001 0.998 
 18       18    (0)   :  0.001 0.001 0.001 0.997 
 19       19    (0)   :  0.000 0.001 0.001 0.998 
 20       20    (0)   :  0.001 0.000 0.002 0.996 
 21      h01    (0)   :  0.000 0.521 0.000 0.478 
 22      h02    (0)   :  0.000 0.497 0.000 0.503 
 23      h03    (0)   :  0.000 0.515 0.000 0.484 
 24      h04    (0)   :  0.000 0.507 0.000 0.492 
 25      h05    (0)   :  0.000 0.475 0.000 0.525 
 26      h06    (0)   :  0.000 0.498 0.000 0.502 
 27      h07    (0)   :  0.000 0.515 0.000 0.484 
 28      h08    (0)   :  0.000 0.497 0.000 0.503 
 29      h09    (0)   :  0.000 0.516 0.000 0.483 
 30      h10    (0)   :  0.000 0.500 0.000 0.499 
 31       21    (0)   :  0.001 0.001 0.998 0.001 
 32       22    (0)   :  0.001 0.000 0.998 0.000 
 33       23    (0)   :  0.001 0.001 0.998 0.001 
 34       24    (0)   :  0.000 0.000 0.999 0.000 
 35       25    (0)   :  0.002 0.000 0.997 0.001 
 36       26    (0)   :  0.000 0.000 0.999 0.000 
 37       27    (0)   :  0.000 0.000 0.999 0.001 
 38       28    (0)   :  0.000 0.000 0.999 0.000 
 39       29    (0)   :  0.001 0.001 0.998 0.000 
 40       30    (0)   :  0.000 0.000 0.999 0.001 
 41       31    (0)   :  0.999 0.000 0.001 0.001 
 42       32    (0)   :  0.999 0.000 0.001 0.001 
 43       33    (0)   :  0.998 0.000 0.001 0.001 
 44       34    (0)   :  0.999 0.000 0.000 0.001 
 45       35    (0)   :  0.999 0.000 0.000 0.000 
 46       36    (0)   :  0.998 0.000 0.000 0.001 
 47       37    (0)   :  0.999 0.000 0.000 0.000 
 48       38    (0)   :  0.999 0.000 0.000 0.000 
 49       39    (0)   :  0.999 0.000 0.000 0.000 
 50       40    (0)   :  0.998 0.000 0.001 0.000 


Estimated Allele Frequencies in each cluster
First column gives estimated ancestral frequencies


Locus 1 : locus1 
19 alleles
0.0% missing data
   1   (0.073) 0.021 0.260 0.128 0.015 
   2   (0.042) 0.012 0.142 0.012 0.010 
   3   (0.060) 0.017 0.173 0.053 0.014 
   4   (0.079) 0.022 0.146 0.272 0.019 
   5   (0.077) 0.022 0.092 0.236 0.017 
   6   (0.054) 0.015 0.060 0.051 0.014 
   7   (0.093) 0.277 0.023 0.027 0.454 
   8   (0.060) 0.125 0.010 0.017 0.066 
   9   (0.056) 0.088 0.009 0.016 0.065 
  10   (0.036) 0.010 0.010 0.010 0.058 
  11   (0.035) 0.010 0.006 0.010 0.033 
  12   (0.057) 0.016 0.013 0.052 0.090 
  13   (0.052) 0.087 0.009 0.015 0.036 
  14   (0.059) 0.052 0.020 0.017 0.082 
  15   (0.035) 0.010 0.006 0.046 0.006 
  16   (0.034) 0.081 0.005 0.010 0.006 
  17   (0.033) 0.045 0.005 0.010 0.005 
  18   (0.030) 0.044 0.005 0.008 0.005 
  19   (0.034) 0.046 0.006 0.010 0.006 

Locus 2 : locus2 
21 alleles
0.0% missing data
   1   (0.043) 0.012 0.173 0.012 0.010 
   2   (0.056) 0.052 0.116 0.016 0.015 
   3   (0.046) 0.013 0.036 0.049 0.008 
   4   (0.046) 0.013 0.259 0.013 0.009 
   5   (0.042) 0.012 0.115 0.012 0.012 
   6   (0.066) 0.162 0.095 0.019 0.011 
   7   (0.089) 0.097 0.084 0.026 0.138 
   8   (0.068) 0.091 0.016 0.019 0.172 
   9   (0.061) 0.053 0.015 0.018 0.143 
  10   (0.037) 0.010 0.008 0.011 0.087 
  11   (0.036) 0.010 0.008 0.010 0.087 
  12   (0.061) 0.053 0.017 0.018 0.113 
  13   (0.038) 0.011 0.006 0.011 0.117 
  14   (0.052) 0.087 0.009 0.015 0.036 
  15   (0.047) 0.013 0.008 0.370 0.008 
  16   (0.034) 0.010 0.006 0.081 0.006 
  17   (0.036) 0.010 0.006 0.081 0.006 
  18   (0.039) 0.011 0.006 0.154 0.006 
  19   (0.030) 0.008 0.005 0.044 0.005 
  20   (0.040) 0.227 0.007 0.012 0.007 
  21   (0.033) 0.045 0.005 0.010 0.005 

Locus 3 : locus3 
22 alleles
0.0% missing data
   1   (0.041) 0.012 0.227 0.012 0.010 
   2   (0.059) 0.017 0.083 0.052 0.020 
   3   (0.042) 0.012 0.200 0.012 0.009 
   4   (0.038) 0.011 0.088 0.011 0.008 
   5   (0.077) 0.022 0.204 0.236 0.017 
   6   (0.056) 0.016 0.037 0.159 0.009 
   7   (0.031) 0.009 0.033 0.009 0.005 
   8   (0.042) 0.012 0.013 0.012 0.223 
   9   (0.074) 0.236 0.016 0.021 0.203 
  10   (0.044) 0.012 0.012 0.013 0.113 
  11   (0.059) 0.089 0.010 0.017 0.065 
  12   (0.038) 0.011 0.008 0.011 0.116 
  13   (0.060) 0.017 0.013 0.088 0.090 
  14   (0.059) 0.088 0.010 0.017 0.065 
  15   (0.031) 0.009 0.005 0.045 0.005 
  16   (0.034) 0.009 0.006 0.081 0.006 
  17   (0.032) 0.009 0.005 0.045 0.005 
  18   (0.034) 0.010 0.006 0.081 0.006 
  19   (0.033) 0.010 0.006 0.045 0.006 
  20   (0.039) 0.155 0.006 0.011 0.007 
  21   (0.037) 0.118 0.006 0.011 0.006 
  22   (0.039) 0.119 0.006 0.011 0.006 

Locus 4 : locus4 
16 alleles
0.0% missing data
   1   (0.129) 0.144 0.076 0.073 0.325 
   2   (0.113) 0.140 0.150 0.033 0.220 
   3   (0.067) 0.019 0.180 0.091 0.013 
   4   (0.086) 0.096 0.153 0.060 0.017 
   5   (0.033) 0.009 0.034 0.009 0.005 
   6   (0.071) 0.020 0.199 0.092 0.022 
   7   (0.039) 0.011 0.089 0.011 0.009 
   8   (0.059) 0.017 0.038 0.160 0.010 
   9   (0.066) 0.054 0.022 0.019 0.137 
  10   (0.036) 0.010 0.006 0.010 0.061 
  11   (0.038) 0.011 0.010 0.011 0.058 
  12   (0.036) 0.010 0.006 0.010 0.061 
  13   (0.034) 0.009 0.006 0.010 0.033 
  14   (0.067) 0.163 0.011 0.091 0.011 
  15   (0.037) 0.010 0.006 0.082 0.006 
  16   (0.087) 0.276 0.015 0.239 0.014 

Locus 5 : locus5 
20 alleles
0.0% missing data
   1   (0.064) 0.018 0.255 0.089 0.015 
   2   (0.043) 0.012 0.279 0.012 0.011 
   3   (0.068) 0.019 0.172 0.162 0.016 
   4   (0.035) 0.010 0.115 0.010 0.007 
   5   (0.033) 0.009 0.033 0.010 0.006 
   6   (0.067) 0.019 0.013 0.233 0.121 
   7   (0.078) 0.057 0.019 0.057 0.287 
   8   (0.049) 0.086 0.008 0.014 0.036 
   9   (0.060) 0.017 0.015 0.053 0.230 
  10   (0.084) 0.167 0.018 0.060 0.094 
  11   (0.029) 0.008 0.005 0.008 0.033 
  12   (0.049) 0.014 0.013 0.050 0.060 
  13   (0.061) 0.053 0.010 0.054 0.038 
  14   (0.050) 0.086 0.008 0.050 0.008 
  15   (0.052) 0.122 0.008 0.050 0.009 
  16   (0.048) 0.049 0.008 0.050 0.008 
  17   (0.034) 0.081 0.005 0.010 0.006 
  18   (0.035) 0.082 0.006 0.010 0.006 
  19   (0.031) 0.045 0.005 0.009 0.005 
  20   (0.031) 0.044 0.005 0.009 0.005 

Locus 6 : locus6 
26 alleles
0.0% missing data
   1   (0.073) 0.056 0.090 0.021 0.129 
   2   (0.049) 0.014 0.064 0.014 0.036 
   3   (0.053) 0.015 0.134 0.015 0.133 
   4   (0.034) 0.010 0.111 0.010 0.010 
   5   (0.050) 0.014 0.081 0.014 0.046 
   6   (0.033) 0.009 0.081 0.009 0.012 
   7   (0.032) 0.009 0.057 0.009 0.009 
   8   (0.033) 0.009 0.112 0.009 0.010 
   9   (0.058) 0.232 0.036 0.017 0.010 
  10   (0.067) 0.055 0.111 0.019 0.078 
  11   (0.030) 0.008 0.032 0.008 0.005 
  12   (0.042) 0.012 0.013 0.012 0.197 
  13   (0.035) 0.010 0.009 0.010 0.143 
  14   (0.034) 0.010 0.006 0.010 0.118 
  15   (0.034) 0.010 0.006 0.117 0.006 
  16   (0.031) 0.009 0.005 0.045 0.005 
  17   (0.034) 0.009 0.005 0.152 0.006 
  18   (0.037) 0.010 0.006 0.260 0.006 
  19   (0.029) 0.008 0.005 0.044 0.005 
  20   (0.031) 0.009 0.005 0.151 0.005 
  21   (0.028) 0.044 0.004 0.008 0.005 
  22   (0.033) 0.081 0.005 0.010 0.006 
  23   (0.027) 0.080 0.004 0.008 0.005 
  24   (0.032) 0.117 0.005 0.009 0.005 
  25   (0.032) 0.117 0.005 0.009 0.005 
  26   (0.030) 0.044 0.005 0.009 0.005 

Locus 7 : locus7 
19 alleles
0.0% missing data
   1   (0.036) 0.010 0.057 0.010 0.010 
   2   (0.036) 0.010 0.087 0.010 0.008 
   3   (0.040) 0.011 0.339 0.011 0.009 
   4   (0.084) 0.095 0.204 0.095 0.018 
   5   (0.031) 0.009 0.061 0.009 0.005 
   6   (0.034) 0.010 0.057 0.010 0.009 
   7   (0.081) 0.059 0.055 0.059 0.055 
   8   (0.054) 0.015 0.009 0.087 0.093 
   9   (0.036) 0.010 0.008 0.010 0.116 
  10   (0.071) 0.056 0.020 0.056 0.115 
  11   (0.104) 0.173 0.024 0.316 0.066 
  12   (0.049) 0.086 0.008 0.014 0.036 
  13   (0.080) 0.130 0.013 0.130 0.041 
  14   (0.051) 0.015 0.012 0.050 0.089 
  15   (0.039) 0.011 0.012 0.011 0.168 
  16   (0.056) 0.016 0.015 0.051 0.114 
  17   (0.031) 0.009 0.005 0.009 0.033 
  18   (0.056) 0.231 0.009 0.052 0.009 
  19   (0.030) 0.044 0.005 0.009 0.005 

Locus 8 : locus8 
19 alleles
0.0% missing data
   1   (0.039) 0.011 0.114 0.011 0.009 
   2   (0.059) 0.017 0.119 0.017 0.067 
   3   (0.114) 0.140 0.318 0.033 0.215 
   4   (0.097) 0.135 0.155 0.028 0.128 
   5   (0.109) 0.174 0.139 0.031 0.147 
   6   (0.084) 0.096 0.070 0.024 0.126 
   7   (0.037) 0.010 0.006 0.011 0.092 
   8   (0.036) 0.010 0.006 0.010 0.092 
   9   (0.054) 0.051 0.013 0.016 0.061 
  10   (0.043) 0.012 0.007 0.191 0.007 
  11   (0.032) 0.009 0.005 0.045 0.006 
  12   (0.044) 0.012 0.007 0.298 0.007 
  13   (0.033) 0.009 0.005 0.045 0.006 
  14   (0.036) 0.010 0.006 0.117 0.006 
  15   (0.030) 0.009 0.005 0.044 0.005 
  16   (0.048) 0.050 0.008 0.049 0.008 
  17   (0.033) 0.045 0.005 0.010 0.006 
  18   (0.035) 0.082 0.006 0.010 0.006 
  19   (0.036) 0.118 0.006 0.010 0.006 

Locus 9 : locus9 
33 alleles
0.0% missing data
   1   (0.051) 0.014 0.172 0.086 0.012 
   2   (0.031) 0.009 0.335 0.009 0.009 
   3   (0.031) 0.009 0.115 0.009 0.007 
   4   (0.023) 0.006 0.060 0.007 0.004 
   5   (0.045) 0.013 0.063 0.049 0.008 
   6   (0.024) 0.007 0.032 0.007 0.004 
   7   (0.062) 0.017 0.084 0.053 0.048 
   8   (0.023) 0.007 0.004 0.007 0.060 
   9   (0.037) 0.010 0.008 0.011 0.283 
  10   (0.030) 0.008 0.005 0.009 0.061 
  11   (0.024) 0.007 0.007 0.007 0.057 
  12   (0.034) 0.010 0.012 0.010 0.138 
  13   (0.026) 0.007 0.007 0.007 0.057 
  14   (0.032) 0.009 0.009 0.009 0.057 
  15   (0.033) 0.009 0.007 0.010 0.087 
  16   (0.027) 0.008 0.004 0.008 0.032 
  17   (0.030) 0.008 0.005 0.080 0.005 
  18   (0.027) 0.008 0.004 0.043 0.004 
  19   (0.024) 0.007 0.004 0.043 0.004 
  20   (0.028) 0.008 0.005 0.079 0.005 
  21   (0.022) 0.006 0.004 0.042 0.004 
  22   (0.043) 0.121 0.007 0.047 0.007 
  23   (0.029) 0.008 0.005 0.187 0.005 
  24   (0.025) 0.007 0.004 0.043 0.004 
  25   (0.025) 0.007 0.004 0.043 0.004 
  26   (0.021) 0.006 0.003 0.042 0.004 
  27   (0.032) 0.188 0.005 0.009 0.005 
  28   (0.027) 0.043 0.004 0.008 0.004 
  29   (0.028) 0.080 0.005 0.008 0.005 
  30   (0.027) 0.151 0.005 0.008 0.005 
  31   (0.028) 0.080 0.005 0.008 0.005 
  32   (0.024) 0.043 0.004 0.007 0.004 
  33   (0.027) 0.080 0.004 0.008 0.005 

Locus 10 : locus10 
29 alleles
0.0% missing data
   1   (0.039) 0.011 0.282 0.011 0.009 
   2   (0.038) 0.011 0.170 0.011 0.009 
   3   (0.046) 0.013 0.281 0.013 0.012 
   4   (0.030) 0.008 0.032 0.009 0.005 
   5   (0.030) 0.008 0.033 0.009 0.005 
   6   (0.049) 0.050 0.059 0.014 0.013 
   7   (0.034) 0.010 0.006 0.010 0.089 
   8   (0.045) 0.013 0.012 0.013 0.283 
   9   (0.033) 0.009 0.005 0.009 0.061 
  10   (0.034) 0.010 0.010 0.010 0.113 
  11   (0.034) 0.010 0.008 0.010 0.142 
  12   (0.029) 0.008 0.005 0.009 0.033 
  13   (0.040) 0.011 0.009 0.012 0.088 
  14   (0.035) 0.010 0.009 0.010 0.058 
  15   (0.033) 0.009 0.005 0.081 0.006 
  16   (0.027) 0.008 0.004 0.043 0.004 
  17   (0.031) 0.009 0.005 0.116 0.005 
  18   (0.037) 0.011 0.006 0.225 0.006 
  19   (0.030) 0.008 0.005 0.080 0.005 
  20   (0.034) 0.010 0.006 0.045 0.006 
  21   (0.031) 0.009 0.005 0.044 0.005 
  22   (0.026) 0.007 0.004 0.043 0.004 
  23   (0.033) 0.009 0.005 0.116 0.006 
  24   (0.037) 0.334 0.006 0.011 0.006 
  25   (0.030) 0.044 0.005 0.009 0.005 
  26   (0.031) 0.045 0.005 0.009 0.005 
  27   (0.034) 0.081 0.006 0.010 0.006 
  28   (0.037) 0.154 0.006 0.011 0.006 
  29   (0.032) 0.081 0.005 0.009 0.005 

Locus 11 : locus11 
16 alleles
0.0% missing data
   1   (0.068) 0.019 0.120 0.162 0.014 
   2   (0.114) 0.140 0.286 0.140 0.029 
   3   (0.057) 0.016 0.054 0.016 0.187 
   4   (0.101) 0.136 0.095 0.172 0.022 
   5   (0.066) 0.019 0.199 0.090 0.017 
   6   (0.095) 0.063 0.088 0.099 0.054 
   7   (0.080) 0.023 0.048 0.094 0.146 
   8   (0.078) 0.202 0.040 0.058 0.013 
   9   (0.036) 0.010 0.008 0.010 0.088 
  10   (0.071) 0.056 0.015 0.056 0.092 
  11   (0.039) 0.011 0.011 0.011 0.113 
  12   (0.041) 0.012 0.010 0.012 0.172 
  13   (0.031) 0.009 0.005 0.009 0.033 
  14   (0.055) 0.160 0.009 0.051 0.009 
  15   (0.035) 0.082 0.006 0.010 0.006 
  16   (0.032) 0.045 0.005 0.009 0.005 

Locus 12 : locus12 
22 alleles
0.0% missing data
   1   (0.073) 0.021 0.112 0.056 0.080 
   2   (0.109) 0.031 0.259 0.138 0.222 
   3   (0.039) 0.011 0.171 0.011 0.009 
   4   (0.067) 0.019 0.118 0.019 0.322 
   5   (0.053) 0.015 0.089 0.051 0.012 
   6   (0.053) 0.015 0.099 0.015 0.057 
   7   (0.037) 0.010 0.058 0.010 0.010 
   8   (0.059) 0.017 0.012 0.088 0.119 
   9   (0.032) 0.009 0.005 0.009 0.061 
  10   (0.056) 0.016 0.009 0.195 0.036 
  11   (0.033) 0.009 0.005 0.081 0.006 
  12   (0.033) 0.009 0.005 0.080 0.005 
  13   (0.033) 0.009 0.005 0.080 0.005 
  14   (0.045) 0.049 0.007 0.049 0.008 
  15   (0.049) 0.122 0.008 0.050 0.008 
  16   (0.036) 0.118 0.006 0.010 0.006 
  17   (0.036) 0.154 0.006 0.010 0.006 
  18   (0.030) 0.080 0.005 0.009 0.005 
  19   (0.029) 0.044 0.005 0.008 0.005 
  20   (0.032) 0.081 0.005 0.009 0.005 
  21   (0.036) 0.118 0.006 0.010 0.006 
  22   (0.029) 0.044 0.005 0.009 0.005 

Locus 13 : locus13 
20 alleles
0.0% missing data
   1   (0.056) 0.016 0.142 0.016 0.043 
   2   (0.078) 0.022 0.242 0.022 0.199 
   3   (0.084) 0.024 0.190 0.024 0.368 
   4   (0.064) 0.018 0.204 0.018 0.065 
   5   (0.058) 0.016 0.112 0.017 0.045 
   6   (0.053) 0.051 0.009 0.015 0.094 
   7   (0.036) 0.010 0.008 0.010 0.088 
   8   (0.040) 0.011 0.006 0.119 0.007 
   9   (0.062) 0.053 0.010 0.196 0.010 
  10   (0.037) 0.010 0.006 0.082 0.006 
  11   (0.037) 0.011 0.006 0.118 0.006 
  12   (0.059) 0.088 0.010 0.088 0.010 
  13   (0.053) 0.123 0.009 0.050 0.009 
  14   (0.031) 0.009 0.005 0.044 0.005 
  15   (0.068) 0.199 0.011 0.090 0.011 
  16   (0.033) 0.009 0.005 0.045 0.006 
  17   (0.042) 0.120 0.007 0.012 0.007 
  18   (0.034) 0.045 0.005 0.010 0.006 
  19   (0.041) 0.119 0.007 0.012 0.007 
  20   (0.034) 0.045 0.005 0.010 0.006 

Locus 14 : locus14 
22 alleles
0.0% missing data
   1   (0.032) 0.009 0.085 0.009 0.008 
   2   (0.050) 0.014 0.138 0.014 0.101 
   3   (0.086) 0.024 0.215 0.060 0.316 
   4   (0.030) 0.008 0.056 0.009 0.009 
   5   (0.035) 0.010 0.138 0.010 0.009 
   6   (0.062) 0.017 0.037 0.054 0.068 
   7   (0.072) 0.020 0.100 0.056 0.148 
   8   (0.031) 0.009 0.056 0.009 0.009 
   9   (0.029) 0.008 0.032 0.008 0.005 
  10   (0.073) 0.020 0.058 0.093 0.106 
  11   (0.042) 0.012 0.007 0.048 0.064 
  12   (0.054) 0.015 0.013 0.087 0.061 
  13   (0.040) 0.011 0.006 0.048 0.035 
  14   (0.052) 0.122 0.008 0.086 0.009 
  15   (0.058) 0.232 0.009 0.088 0.010 
  16   (0.030) 0.008 0.005 0.044 0.005 
  17   (0.031) 0.009 0.005 0.116 0.005 
  18   (0.052) 0.087 0.008 0.086 0.009 
  19   (0.050) 0.122 0.008 0.050 0.008 
  20   (0.030) 0.080 0.005 0.009 0.005 
  21   (0.033) 0.081 0.005 0.010 0.006 
  22   (0.027) 0.079 0.004 0.008 0.005 

Locus 15 : locus15 
20 alleles
0.0% missing data
   1   (0.066) 0.018 0.090 0.126 0.014 
   2   (0.041) 0.011 0.196 0.012 0.011 
   3   (0.077) 0.022 0.315 0.129 0.015 
   4   (0.043) 0.012 0.170 0.012 0.010 
   5   (0.040) 0.011 0.081 0.012 0.015 
   6   (0.088) 0.060 0.014 0.168 0.099 
   7   (0.107) 0.102 0.025 0.102 0.348 
   8   (0.037) 0.010 0.007 0.010 0.117 
   9   (0.038) 0.011 0.008 0.011 0.117 
  10   (0.072) 0.236 0.018 0.021 0.061 
  11   (0.038) 0.011 0.014 0.011 0.082 
  12   (0.034) 0.010 0.009 0.010 0.058 
  13   (0.037) 0.010 0.006 0.117 0.006 
  14   (0.037) 0.010 0.006 0.118 0.006 
  15   (0.056) 0.088 0.009 0.051 0.009 
  16   (0.053) 0.087 0.009 0.051 0.009 
  17   (0.040) 0.155 0.007 0.012 0.007 
  18   (0.033) 0.045 0.005 0.010 0.005 
  19   (0.032) 0.045 0.005 0.009 0.005 
  20   (0.031) 0.045 0.005 0.009 0.005 

Locus 16 : locus16 
20 alleles
0.0% missing data
   1   (0.036) 0.010 0.141 0.010 0.007 
   2   (0.031) 0.009 0.060 0.009 0.005 
   3   (0.079) 0.022 0.468 0.094 0.023 
   4   (0.079) 0.022 0.143 0.094 0.048 
   5   (0.065) 0.018 0.052 0.054 0.053 
   6   (0.037) 0.010 0.007 0.011 0.176 
   7   (0.072) 0.020 0.018 0.163 0.205 
   8   (0.053) 0.051 0.011 0.015 0.091 
   9   (0.070) 0.236 0.014 0.020 0.122 
  10   (0.037) 0.010 0.010 0.011 0.115 
  11   (0.032) 0.009 0.005 0.009 0.034 
  12   (0.064) 0.198 0.016 0.018 0.061 
  13   (0.035) 0.010 0.006 0.081 0.006 
  14   (0.034) 0.010 0.005 0.045 0.006 
  15   (0.054) 0.051 0.009 0.123 0.009 
  16   (0.058) 0.124 0.009 0.088 0.010 
  17   (0.032) 0.009 0.005 0.045 0.005 
  18   (0.052) 0.087 0.008 0.050 0.009 
  19   (0.047) 0.049 0.007 0.049 0.008 
  20   (0.033) 0.045 0.005 0.010 0.006 

Locus 17 : locus17 
27 alleles
0.0% missing data
   1   (0.030) 0.009 0.032 0.009 0.005 
   2   (0.032) 0.009 0.114 0.009 0.007 
   3   (0.027) 0.008 0.032 0.008 0.005 
   4   (0.028) 0.008 0.085 0.008 0.007 
   5   (0.032) 0.009 0.111 0.009 0.010 
   6   (0.028) 0.008 0.032 0.008 0.005 
   7   (0.037) 0.010 0.304 0.011 0.010 
   8   (0.029) 0.008 0.032 0.008 0.005 
   9   (0.032) 0.009 0.086 0.009 0.008 
  10   (0.028) 0.008 0.032 0.008 0.005 
  11   (0.031) 0.009 0.008 0.009 0.058 
  12   (0.074) 0.308 0.020 0.021 0.174 
  13   (0.052) 0.087 0.010 0.015 0.177 
  14   (0.048) 0.014 0.010 0.049 0.148 
  15   (0.047) 0.121 0.008 0.014 0.065 
  16   (0.057) 0.088 0.014 0.016 0.061 
  17   (0.032) 0.009 0.008 0.009 0.059 
  18   (0.049) 0.050 0.014 0.014 0.115 
  19   (0.045) 0.013 0.007 0.084 0.035 
  20   (0.035) 0.010 0.006 0.153 0.006 
  21   (0.030) 0.009 0.005 0.080 0.005 
  22   (0.035) 0.010 0.006 0.152 0.006 
  23   (0.047) 0.049 0.008 0.156 0.008 
  24   (0.029) 0.008 0.005 0.080 0.005 
  25   (0.028) 0.008 0.005 0.044 0.005 
  26   (0.027) 0.044 0.004 0.008 0.005 
  27   (0.027) 0.080 0.004 0.008 0.005 

Locus 18 : locus18 
21 alleles
0.0% missing data
   1   (0.088) 0.061 0.109 0.132 0.031 
   2   (0.063) 0.018 0.121 0.125 0.013 
   3   (0.093) 0.026 0.128 0.098 0.126 
   4   (0.044) 0.012 0.372 0.013 0.010 
   5   (0.037) 0.010 0.059 0.010 0.010 
   6   (0.059) 0.017 0.091 0.088 0.013 
   7   (0.040) 0.011 0.010 0.012 0.251 
   8   (0.034) 0.010 0.006 0.010 0.061 
   9   (0.043) 0.012 0.015 0.012 0.136 
  10   (0.039) 0.011 0.011 0.011 0.195 
  11   (0.031) 0.009 0.005 0.009 0.033 
  12   (0.033) 0.009 0.009 0.009 0.057 
  13   (0.057) 0.088 0.009 0.088 0.009 
  14   (0.060) 0.160 0.010 0.088 0.010 
  15   (0.051) 0.050 0.008 0.086 0.008 
  16   (0.062) 0.197 0.010 0.089 0.010 
  17   (0.033) 0.009 0.005 0.081 0.005 
  18   (0.034) 0.081 0.006 0.010 0.006 
  19   (0.035) 0.082 0.006 0.010 0.006 
  20   (0.035) 0.082 0.006 0.010 0.006 
  21   (0.031) 0.045 0.005 0.009 0.005 

Locus 19 : locus19 
24 alleles
0.0% missing data
   1   (0.056) 0.088 0.142 0.016 0.014 
   2   (0.054) 0.051 0.144 0.016 0.011 
   3   (0.054) 0.051 0.221 0.015 0.016 
   4   (0.038) 0.011 0.306 0.011 0.009 
   5   (0.044) 0.048 0.035 0.013 0.007 
   6   (0.055) 0.016 0.009 0.158 0.066 
   7   (0.037) 0.011 0.008 0.011 0.089 
   8   (0.034) 0.010 0.008 0.010 0.089 
   9   (0.035) 0.010 0.012 0.010 0.084 
  10   (0.035) 0.010 0.006 0.010 0.091 
  11   (0.033) 0.009 0.007 0.009 0.173 
  12   (0.043) 0.084 0.007 0.012 0.035 
  13   (0.050) 0.014 0.011 0.050 0.090 
  14   (0.053) 0.087 0.013 0.015 0.060 
  15   (0.061) 0.017 0.020 0.124 0.084 
  16   (0.057) 0.016 0.009 0.231 0.037 
  17   (0.035) 0.010 0.006 0.117 0.006 
  18   (0.032) 0.009 0.005 0.045 0.005 
  19   (0.034) 0.010 0.005 0.081 0.006 
  20   (0.039) 0.226 0.006 0.011 0.007 
  21   (0.031) 0.045 0.005 0.009 0.005 
  22   (0.031) 0.045 0.005 0.009 0.005 
  23   (0.029) 0.044 0.005 0.008 0.005 
  24   (0.029) 0.080 0.005 0.008 0.005 

Locus 20 : locus20 
24 alleles
0.0% missing data
   1   (0.041) 0.012 0.251 0.012 0.010 
   2   (0.035) 0.010 0.057 0.010 0.009 
   3   (0.035) 0.010 0.307 0.010 0.008 
   4   (0.038) 0.011 0.169 0.011 0.009 
   5   (0.033) 0.009 0.057 0.010 0.009 
   6   (0.068) 0.019 0.016 0.126 0.147 
   7   (0.062) 0.018 0.016 0.089 0.116 
   8   (0.060) 0.089 0.015 0.017 0.202 
   9   (0.061) 0.017 0.016 0.160 0.116 
  10   (0.059) 0.017 0.013 0.088 0.091 
  11   (0.044) 0.012 0.007 0.048 0.035 
  12   (0.027) 0.008 0.004 0.008 0.033 
  13   (0.034) 0.010 0.005 0.010 0.119 
  14   (0.051) 0.014 0.008 0.086 0.036 
  15   (0.048) 0.049 0.008 0.085 0.008 
  16   (0.049) 0.086 0.008 0.085 0.008 
  17   (0.033) 0.009 0.005 0.081 0.006 
  18   (0.034) 0.189 0.006 0.010 0.006 
  19   (0.033) 0.081 0.005 0.010 0.006 
  20   (0.027) 0.044 0.004 0.008 0.005 
  21   (0.034) 0.117 0.006 0.010 0.006 
  22   (0.030) 0.044 0.005 0.008 0.005 
  23   (0.032) 0.081 0.005 0.009 0.005 
  24   (0.031) 0.045 0.005 0.009 0.005 

Locus 21 : locus21 
13 alleles
0.0% missing data
   1   (0.125) 0.143 0.313 0.071 0.033 
   2   (0.098) 0.028 0.184 0.028 0.349 
   3   (0.137) 0.074 0.210 0.325 0.029 
   4   (0.069) 0.019 0.148 0.055 0.014 
   5   (0.097) 0.027 0.054 0.063 0.229 
   6   (0.048) 0.014 0.013 0.014 0.115 
   7   (0.079) 0.094 0.021 0.023 0.117 
   8   (0.061) 0.089 0.010 0.018 0.038 
   9   (0.038) 0.011 0.006 0.011 0.034 
  10   (0.047) 0.013 0.008 0.156 0.008 
  11   (0.073) 0.236 0.012 0.056 0.012 
  12   (0.090) 0.205 0.015 0.169 0.015 
  13   (0.038) 0.046 0.006 0.011 0.006 

Locus 22 : locus22 
23 alleles
0.0% missing data
   1   (0.057) 0.016 0.146 0.088 0.014 
   2   (0.047) 0.013 0.044 0.014 0.110 
   3   (0.064) 0.054 0.067 0.090 0.011 
   4   (0.063) 0.054 0.038 0.125 0.010 
   5   (0.052) 0.015 0.077 0.015 0.107 
   6   (0.062) 0.053 0.038 0.089 0.010 
   7   (0.053) 0.015 0.218 0.015 0.052 
   8   (0.033) 0.009 0.114 0.010 0.009 
   9   (0.034) 0.010 0.088 0.010 0.008 
  10   (0.051) 0.014 0.076 0.015 0.133 
  11   (0.033) 0.009 0.010 0.009 0.166 
  12   (0.038) 0.011 0.007 0.011 0.171 
  13   (0.047) 0.013 0.012 0.049 0.059 
  14   (0.029) 0.008 0.005 0.008 0.032 
  15   (0.030) 0.008 0.008 0.009 0.057 
  16   (0.050) 0.122 0.008 0.050 0.008 
  17   (0.029) 0.008 0.005 0.044 0.005 
  18   (0.031) 0.009 0.005 0.116 0.005 
  19   (0.026) 0.007 0.004 0.043 0.004 
  20   (0.055) 0.195 0.009 0.087 0.009 
  21   (0.054) 0.159 0.009 0.087 0.009 
  22   (0.032) 0.153 0.005 0.009 0.005 
  23   (0.028) 0.044 0.005 0.008 0.005 

Locus 23 : locus23 
19 alleles
0.0% missing data
   1   (0.037) 0.010 0.089 0.011 0.008 
   2   (0.076) 0.129 0.041 0.022 0.067 
   3   (0.036) 0.010 0.091 0.010 0.006 
   4   (0.030) 0.008 0.033 0.009 0.005 
   5   (0.062) 0.017 0.121 0.089 0.013 
   6   (0.055) 0.123 0.038 0.016 0.009 
   7   (0.088) 0.025 0.097 0.097 0.151 
   8   (0.039) 0.011 0.146 0.011 0.010 
   9   (0.062) 0.018 0.117 0.089 0.017 
  10   (0.094) 0.027 0.102 0.205 0.096 
  11   (0.085) 0.024 0.051 0.167 0.115 
  12   (0.060) 0.017 0.016 0.052 0.278 
  13   (0.037) 0.010 0.006 0.010 0.116 
  14   (0.056) 0.016 0.020 0.052 0.080 
  15   (0.036) 0.010 0.006 0.117 0.006 
  16   (0.038) 0.226 0.006 0.011 0.006 
  17   (0.040) 0.155 0.007 0.011 0.006 
  18   (0.037) 0.118 0.006 0.011 0.006 
  19   (0.031) 0.045 0.005 0.009 0.005 

Locus 24 : locus24 
18 alleles
0.0% missing data
   1   (0.104) 0.065 0.400 0.030 0.128 
   2   (0.079) 0.058 0.045 0.023 0.180 
   3   (0.104) 0.281 0.114 0.030 0.087 
   4   (0.036) 0.010 0.060 0.010 0.006 
   5   (0.091) 0.061 0.151 0.026 0.157 
   6   (0.139) 0.398 0.156 0.040 0.254 
   7   (0.038) 0.011 0.008 0.011 0.090 
   8   (0.049) 0.014 0.008 0.050 0.037 
   9   (0.035) 0.010 0.006 0.046 0.006 
  10   (0.036) 0.010 0.006 0.046 0.006 
  11   (0.033) 0.009 0.005 0.045 0.006 
  12   (0.039) 0.011 0.006 0.154 0.007 
  13   (0.039) 0.011 0.006 0.118 0.007 
  14   (0.034) 0.010 0.006 0.081 0.006 
  15   (0.035) 0.010 0.006 0.046 0.006 
  16   (0.033) 0.009 0.005 0.045 0.006 
  17   (0.039) 0.011 0.006 0.118 0.007 
  18   (0.037) 0.010 0.006 0.082 0.006 

Locus 25 : locus25 
18 alleles
0.0% missing data
   1   (0.040) 0.011 0.172 0.011 0.009 
   2   (0.071) 0.199 0.092 0.020 0.015 
   3   (0.086) 0.060 0.094 0.167 0.018 
   4   (0.069) 0.127 0.145 0.020 0.017 
   5   (0.093) 0.206 0.099 0.098 0.015 
   6   (0.057) 0.016 0.060 0.088 0.014 
   7   (0.068) 0.019 0.230 0.090 0.016 
   8   (0.060) 0.017 0.014 0.052 0.173 
   9   (0.030) 0.008 0.005 0.009 0.033 
  10   (0.069) 0.091 0.016 0.020 0.340 
  11   (0.075) 0.093 0.012 0.092 0.040 
  12   (0.037) 0.010 0.009 0.011 0.087 
  13   (0.035) 0.010 0.009 0.010 0.057 
  14   (0.052) 0.015 0.009 0.086 0.036 
  15   (0.051) 0.014 0.013 0.050 0.059 
  16   (0.036) 0.010 0.010 0.010 0.058 
  17   (0.038) 0.011 0.006 0.154 0.006 
  18   (0.035) 0.082 0.006 0.010 0.006 

Locus 26 : locus26 
29 alleles
0.0% missing data
   1   (0.035) 0.010 0.089 0.010 0.006 
   2   (0.035) 0.010 0.112 0.010 0.010 
   3   (0.030) 0.008 0.086 0.009 0.007 
   4   (0.032) 0.009 0.224 0.009 0.008 
   5   (0.035) 0.010 0.195 0.010 0.010 
   6   (0.053) 0.015 0.116 0.086 0.011 
   7   (0.026) 0.007 0.032 0.007 0.004 
   8   (0.030) 0.008 0.005 0.009 0.061 
   9   (0.025) 0.007 0.004 0.007 0.032 
  10   (0.037) 0.010 0.007 0.011 0.146 
  11   (0.032) 0.009 0.005 0.009 0.062 
  12   (0.029) 0.008 0.008 0.008 0.058 
  13   (0.035) 0.010 0.010 0.010 0.170 
  14   (0.033) 0.009 0.009 0.009 0.058 
  15   (0.031) 0.009 0.005 0.009 0.033 
  16   (0.035) 0.010 0.009 0.010 0.058 
  17   (0.032) 0.009 0.014 0.009 0.108 
  18   (0.030) 0.008 0.005 0.009 0.061 
  19   (0.026) 0.007 0.004 0.008 0.032 
  20   (0.052) 0.087 0.008 0.157 0.009 
  21   (0.051) 0.122 0.008 0.193 0.009 
  22   (0.056) 0.231 0.009 0.087 0.009 
  23   (0.046) 0.121 0.007 0.048 0.008 
  24   (0.030) 0.008 0.005 0.080 0.005 
  25   (0.028) 0.008 0.005 0.080 0.005 
  26   (0.028) 0.008 0.004 0.044 0.005 
  27   (0.029) 0.008 0.005 0.044 0.005 
  28   (0.034) 0.189 0.005 0.010 0.006 
  29   (0.027) 0.043 0.004 0.008 0.005 

Locus 27 : locus27 
17 alleles
0.0% missing data
   1   (0.055) 0.015 0.091 0.051 0.009 
   2   (0.078) 0.022 0.199 0.201 0.018 
   3   (0.064) 0.018 0.055 0.018 0.191 
   4   (0.114) 0.104 0.116 0.104 0.088 
   5   (0.075) 0.057 0.084 0.021 0.051 
   6   (0.035) 0.010 0.056 0.010 0.010 
   7   (0.073) 0.020 0.112 0.128 0.021 
   8   (0.039) 0.011 0.057 0.011 0.011 
   9   (0.040) 0.011 0.080 0.011 0.015 
  10   (0.069) 0.019 0.082 0.127 0.023 
  11   (0.072) 0.235 0.015 0.021 0.094 
  12   (0.066) 0.162 0.014 0.019 0.093 
  13   (0.084) 0.204 0.017 0.024 0.353 
  14   (0.038) 0.011 0.006 0.153 0.007 
  15   (0.034) 0.009 0.005 0.081 0.006 
  16   (0.032) 0.045 0.005 0.009 0.005 
  17   (0.033) 0.045 0.005 0.009 0.006 

Locus 28 : locus28 
21 alleles
0.0% missing data
   1   (0.039) 0.011 0.172 0.011 0.009 
   2   (0.033) 0.009 0.062 0.009 0.005 
   3   (0.036) 0.010 0.062 0.010 0.006 
   4   (0.075) 0.165 0.141 0.022 0.024 
   5   (0.057) 0.088 0.060 0.016 0.014 
   6   (0.035) 0.010 0.088 0.010 0.008 
   7   (0.073) 0.021 0.048 0.056 0.114 
   8   (0.070) 0.164 0.147 0.020 0.017 
   9   (0.038) 0.011 0.088 0.011 0.009 
  10   (0.033) 0.009 0.034 0.010 0.006 
  11   (0.085) 0.024 0.022 0.167 0.504 
  12   (0.061) 0.017 0.010 0.196 0.037 
  13   (0.062) 0.017 0.013 0.089 0.118 
  14   (0.057) 0.016 0.013 0.052 0.089 
  15   (0.037) 0.010 0.006 0.118 0.006 
  16   (0.037) 0.010 0.006 0.082 0.006 
  17   (0.031) 0.009 0.005 0.045 0.005 
  18   (0.031) 0.009 0.005 0.044 0.005 
  19   (0.038) 0.226 0.006 0.011 0.006 
  20   (0.039) 0.119 0.006 0.011 0.006 
  21   (0.033) 0.045 0.005 0.009 0.005 

Locus 29 : locus29 
20 alleles
0.0% missing data
   1   (0.064) 0.126 0.114 0.018 0.017 
   2   (0.034) 0.010 0.086 0.010 0.008 
   3   (0.035) 0.010 0.143 0.010 0.007 
   4   (0.031) 0.009 0.033 0.009 0.005 
   5   (0.041) 0.012 0.170 0.012 0.010 
   6   (0.036) 0.010 0.087 0.010 0.008 
   7   (0.038) 0.011 0.195 0.011 0.011 
   8   (0.049) 0.085 0.035 0.014 0.008 
   9   (0.050) 0.014 0.008 0.050 0.093 
  10   (0.069) 0.019 0.022 0.127 0.197 
  11   (0.067) 0.019 0.013 0.126 0.178 
  12   (0.088) 0.060 0.022 0.133 0.203 
  13   (0.049) 0.050 0.008 0.014 0.064 
  14   (0.067) 0.127 0.011 0.055 0.039 
  15   (0.076) 0.093 0.020 0.057 0.117 
  16   (0.049) 0.050 0.008 0.085 0.008 
  17   (0.036) 0.010 0.006 0.117 0.006 
  18   (0.031) 0.009 0.005 0.045 0.005 
  19   (0.050) 0.050 0.008 0.086 0.008 
  20   (0.038) 0.226 0.006 0.011 0.006 

Locus 30 : locus30 
26 alleles
0.0% missing data
   1   (0.057) 0.016 0.168 0.016 0.130 
   2   (0.037) 0.010 0.119 0.011 0.007 
   3   (0.035) 0.010 0.063 0.010 0.006 
   4   (0.056) 0.016 0.083 0.016 0.074 
   5   (0.043) 0.012 0.084 0.012 0.015 
   6   (0.039) 0.011 0.260 0.011 0.010 
   7   (0.053) 0.015 0.066 0.122 0.009 
   8   (0.032) 0.009 0.034 0.009 0.005 
   9   (0.041) 0.011 0.012 0.012 0.354 
  10   (0.034) 0.009 0.006 0.010 0.060 
  11   (0.030) 0.008 0.005 0.009 0.059 
  12   (0.035) 0.010 0.011 0.010 0.110 
  13   (0.032) 0.009 0.005 0.009 0.033 
  14   (0.034) 0.010 0.010 0.010 0.056 
  15   (0.041) 0.011 0.007 0.190 0.007 
  16   (0.033) 0.009 0.006 0.117 0.005 
  17   (0.046) 0.085 0.008 0.049 0.007 
  18   (0.056) 0.087 0.009 0.158 0.009 
  19   (0.029) 0.008 0.005 0.044 0.005 
  20   (0.032) 0.009 0.005 0.116 0.005 
  21   (0.041) 0.227 0.007 0.012 0.007 
  22   (0.039) 0.119 0.006 0.011 0.006 
  23   (0.032) 0.117 0.005 0.009 0.005 
  24   (0.032) 0.081 0.005 0.009 0.005 
  25   (0.029) 0.044 0.005 0.008 0.005 
  26   (0.032) 0.045 0.005 0.009 0.005 

Locus 31 : locus31 
22 alleles
0.0% missing data
   1   (0.046) 0.049 0.063 0.013 0.008 
   2   (0.044) 0.048 0.035 0.013 0.007 
   3   (0.055) 0.016 0.092 0.016 0.093 
   4   (0.061) 0.125 0.200 0.018 0.014 
   5   (0.054) 0.015 0.151 0.016 0.060 
   6   (0.030) 0.008 0.086 0.009 0.007 
   7   (0.044) 0.049 0.035 0.013 0.007 
   8   (0.068) 0.127 0.194 0.019 0.021 
   9   (0.029) 0.008 0.032 0.008 0.005 
  10   (0.058) 0.016 0.015 0.088 0.116 
  11   (0.037) 0.010 0.009 0.010 0.144 
  12   (0.058) 0.016 0.009 0.088 0.122 
  13   (0.069) 0.020 0.017 0.305 0.147 
  14   (0.064) 0.018 0.014 0.196 0.091 
  15   (0.059) 0.017 0.012 0.088 0.120 
  16   (0.031) 0.009 0.005 0.045 0.005 
  17   (0.033) 0.081 0.005 0.010 0.006 
  18   (0.035) 0.082 0.006 0.010 0.006 
  19   (0.032) 0.117 0.005 0.009 0.005 
  20   (0.031) 0.081 0.005 0.009 0.005 
  21   (0.031) 0.045 0.005 0.009 0.005 
  22   (0.030) 0.044 0.005 0.008 0.005 

Locus 32 : locus32 
21 alleles
0.0% missing data
   1   (0.043) 0.012 0.252 0.012 0.010 
   2   (0.040) 0.011 0.115 0.011 0.008 
   3   (0.040) 0.011 0.141 0.012 0.010 
   4   (0.043) 0.012 0.140 0.012 0.011 
   5   (0.041) 0.012 0.143 0.012 0.009 
   6   (0.037) 0.010 0.057 0.011 0.010 
   7   (0.063) 0.018 0.014 0.053 0.176 
   8   (0.072) 0.200 0.015 0.021 0.206 
   9   (0.068) 0.199 0.017 0.019 0.062 
  10   (0.058) 0.052 0.016 0.017 0.116 
  11   (0.035) 0.010 0.008 0.010 0.088 
  12   (0.075) 0.057 0.015 0.057 0.123 
  13   (0.056) 0.124 0.009 0.016 0.037 
  14   (0.046) 0.013 0.007 0.049 0.036 
  15   (0.056) 0.052 0.014 0.016 0.060 
  16   (0.045) 0.013 0.007 0.263 0.008 
  17   (0.042) 0.012 0.007 0.262 0.007 
  18   (0.032) 0.009 0.005 0.045 0.005 
  19   (0.035) 0.010 0.006 0.081 0.006 
  20   (0.035) 0.082 0.006 0.010 0.006 
  21   (0.037) 0.082 0.006 0.011 0.006 

Locus 33 : locus33 
17 alleles
0.0% missing data
   1   (0.074) 0.021 0.292 0.021 0.094 
   2   (0.041) 0.012 0.082 0.012 0.015 
   3   (0.055) 0.015 0.120 0.051 0.009 
   4   (0.107) 0.066 0.274 0.031 0.233 
   5   (0.037) 0.011 0.058 0.011 0.010 
   6   (0.091) 0.097 0.066 0.026 0.159 
   7   (0.042) 0.012 0.009 0.012 0.088 
   8   (0.115) 0.104 0.026 0.140 0.264 
   9   (0.035) 0.010 0.006 0.010 0.034 
  10   (0.033) 0.009 0.005 0.010 0.034 
  11   (0.044) 0.012 0.007 0.155 0.007 
  12   (0.078) 0.094 0.013 0.237 0.013 
  13   (0.062) 0.161 0.010 0.053 0.010 
  14   (0.083) 0.239 0.014 0.202 0.014 
  15   (0.034) 0.045 0.006 0.010 0.006 
  16   (0.035) 0.046 0.006 0.010 0.006 
  17   (0.034) 0.045 0.005 0.010 0.006 

Locus 34 : locus34 
20 alleles
0.0% missing data
   1   (0.036) 0.010 0.197 0.010 0.008 
   2   (0.039) 0.011 0.198 0.011 0.009 
   3   (0.032) 0.009 0.033 0.009 0.005 
   4   (0.037) 0.010 0.115 0.011 0.008 
   5   (0.035) 0.010 0.087 0.010 0.008 
   6   (0.035) 0.010 0.081 0.010 0.013 
   7   (0.030) 0.009 0.032 0.009 0.005 
   8   (0.035) 0.010 0.057 0.010 0.010 
   9   (0.034) 0.010 0.057 0.010 0.009 
  10   (0.069) 0.019 0.017 0.127 0.202 
  11   (0.068) 0.055 0.011 0.127 0.039 
  12   (0.082) 0.095 0.020 0.131 0.063 
  13   (0.063) 0.125 0.015 0.018 0.146 
  14   (0.106) 0.138 0.019 0.244 0.212 
  15   (0.053) 0.087 0.014 0.015 0.060 
  16   (0.077) 0.057 0.018 0.093 0.148 
  17   (0.080) 0.166 0.013 0.130 0.041 
  18   (0.031) 0.081 0.005 0.009 0.005 
  19   (0.030) 0.044 0.005 0.009 0.005 
  20   (0.029) 0.044 0.005 0.008 0.005 

Locus 35 : locus35 
18 alleles
0.0% missing data
   1   (0.039) 0.011 0.114 0.011 0.009 
   2   (0.042) 0.012 0.253 0.012 0.009 
   3   (0.062) 0.089 0.065 0.018 0.010 
   4   (0.117) 0.213 0.075 0.034 0.271 
   5   (0.110) 0.211 0.059 0.031 0.173 
   6   (0.045) 0.013 0.141 0.013 0.011 
   7   (0.080) 0.058 0.050 0.023 0.088 
   8   (0.043) 0.012 0.081 0.012 0.015 
   9   (0.045) 0.013 0.080 0.013 0.017 
  10   (0.068) 0.091 0.011 0.020 0.182 
  11   (0.086) 0.203 0.027 0.025 0.142 
  12   (0.034) 0.009 0.005 0.010 0.034 
  13   (0.039) 0.011 0.006 0.118 0.007 
  14   (0.034) 0.010 0.006 0.045 0.006 
  15   (0.043) 0.012 0.007 0.369 0.007 
  16   (0.036) 0.010 0.006 0.046 0.006 
  17   (0.041) 0.012 0.007 0.154 0.007 
  18   (0.035) 0.010 0.006 0.046 0.006 

Locus 36 : locus36 
15 alleles
0.0% missing data
   1   (0.122) 0.034 0.182 0.106 0.249 
   2   (0.111) 0.031 0.052 0.246 0.152 
   3   (0.092) 0.026 0.147 0.312 0.022 
   4   (0.087) 0.025 0.448 0.025 0.107 
   5   (0.095) 0.062 0.078 0.027 0.233 
   6   (0.061) 0.125 0.010 0.017 0.038 
   7   (0.041) 0.012 0.011 0.012 0.059 
   8   (0.043) 0.012 0.016 0.012 0.082 
   9   (0.054) 0.051 0.009 0.051 0.009 
  10   (0.058) 0.088 0.009 0.052 0.010 
  11   (0.053) 0.051 0.009 0.051 0.009 
  12   (0.071) 0.272 0.012 0.056 0.012 
  13   (0.042) 0.119 0.007 0.012 0.007 
  14   (0.034) 0.045 0.005 0.010 0.006 
  15   (0.036) 0.046 0.006 0.010 0.006 

Locus 37 : locus37 
18 alleles
0.0% missing data
   1   (0.039) 0.011 0.354 0.011 0.011 
   2   (0.037) 0.011 0.109 0.011 0.012 
   3   (0.108) 0.174 0.070 0.102 0.076 
   4   (0.036) 0.010 0.112 0.010 0.008 
   5   (0.038) 0.011 0.112 0.011 0.008 
   6   (0.032) 0.009 0.032 0.009 0.005 
   7   (0.097) 0.027 0.072 0.206 0.185 
   8   (0.066) 0.091 0.037 0.054 0.011 
   9   (0.076) 0.202 0.012 0.057 0.071 
  10   (0.056) 0.052 0.015 0.016 0.118 
  11   (0.055) 0.016 0.009 0.158 0.038 
  12   (0.051) 0.014 0.011 0.050 0.092 
  13   (0.063) 0.089 0.010 0.018 0.213 
  14   (0.074) 0.056 0.018 0.057 0.121 
  15   (0.054) 0.087 0.009 0.087 0.009 
  16   (0.054) 0.051 0.009 0.123 0.009 
  17   (0.032) 0.045 0.005 0.009 0.006 
  18   (0.033) 0.045 0.005 0.009 0.006 

Locus 38 : locus38 
29 alleles
0.0% missing data
   1   (0.036) 0.010 0.197 0.010 0.009 
   2   (0.031) 0.009 0.197 0.009 0.008 
   3   (0.038) 0.011 0.199 0.011 0.008 
   4   (0.030) 0.009 0.057 0.009 0.008 
   5   (0.038) 0.011 0.173 0.011 0.007 
   6   (0.047) 0.013 0.036 0.013 0.035 
   7   (0.035) 0.010 0.010 0.010 0.113 
   8   (0.033) 0.009 0.008 0.010 0.087 
   9   (0.042) 0.012 0.012 0.012 0.364 
  10   (0.052) 0.122 0.009 0.015 0.092 
  11   (0.026) 0.007 0.004 0.008 0.032 
  12   (0.054) 0.087 0.011 0.015 0.146 
  13   (0.028) 0.008 0.005 0.044 0.005 
  14   (0.036) 0.010 0.006 0.189 0.006 
  15   (0.033) 0.009 0.005 0.045 0.005 
  16   (0.031) 0.009 0.005 0.044 0.005 
  17   (0.038) 0.011 0.006 0.260 0.006 
  18   (0.032) 0.009 0.005 0.080 0.005 
  19   (0.031) 0.009 0.005 0.080 0.005 
  20   (0.028) 0.008 0.005 0.044 0.005 
  21   (0.039) 0.154 0.006 0.011 0.006 
  22   (0.030) 0.044 0.005 0.009 0.005 
  23   (0.030) 0.080 0.005 0.008 0.005 
  24   (0.030) 0.044 0.005 0.009 0.005 
  25   (0.033) 0.081 0.005 0.009 0.005 
  26   (0.026) 0.043 0.004 0.007 0.004 
  27   (0.031) 0.045 0.005 0.009 0.005 
  28   (0.036) 0.082 0.006 0.010 0.006 
  29   (0.030) 0.044 0.005 0.009 0.005 

Locus 39 : locus39 
14 alleles
0.0% missing data
   1   (0.191) 0.306 0.216 0.269 0.125 
   2   (0.139) 0.075 0.253 0.111 0.211 
   3   (0.094) 0.027 0.133 0.098 0.093 
   4   (0.042) 0.012 0.144 0.012 0.010 
   5   (0.068) 0.019 0.039 0.055 0.039 
   6   (0.062) 0.198 0.038 0.018 0.010 
   7   (0.039) 0.011 0.058 0.011 0.011 
   8   (0.067) 0.019 0.061 0.126 0.017 
   9   (0.119) 0.105 0.029 0.105 0.454 
  10   (0.038) 0.011 0.006 0.082 0.006 
  11   (0.034) 0.009 0.006 0.045 0.006 
  12   (0.034) 0.010 0.006 0.045 0.006 
  13   (0.041) 0.155 0.007 0.012 0.007 
  14   (0.034) 0.045 0.006 0.010 0.006 

Locus 40 : locus40 
21 alleles
0.0% missing data
   1   (0.074) 0.021 0.255 0.021 0.079 
   2   (0.066) 0.090 0.062 0.019 0.016 
   3   (0.051) 0.051 0.037 0.015 0.008 
   4   (0.039) 0.011 0.059 0.011 0.010 
   5   (0.048) 0.013 0.316 0.014 0.011 
   6   (0.064) 0.018 0.122 0.018 0.066 
   7   (0.056) 0.016 0.038 0.016 0.092 
   8   (0.044) 0.013 0.009 0.013 0.143 
   9   (0.038) 0.011 0.006 0.011 0.034 
  10   (0.041) 0.012 0.009 0.012 0.086 
  11   (0.052) 0.015 0.016 0.015 0.385 
  12   (0.042) 0.012 0.007 0.155 0.007 
  13   (0.050) 0.014 0.008 0.228 0.008 
  14   (0.045) 0.013 0.007 0.191 0.007 
  15   (0.054) 0.051 0.009 0.051 0.009 
  16   (0.043) 0.012 0.007 0.119 0.007 
  17   (0.032) 0.009 0.005 0.045 0.005 
  18   (0.048) 0.229 0.008 0.014 0.008 
  19   (0.045) 0.264 0.007 0.013 0.007 
  20   (0.035) 0.082 0.006 0.010 0.006 
  21   (0.034) 0.046 0.006 0.010 0.006 

Locus 41 : locus41 
21 alleles
0.0% missing data
   1   (0.041) 0.012 0.058 0.012 0.011 
   2   (0.044) 0.012 0.144 0.012 0.009 
   3   (0.082) 0.023 0.137 0.023 0.141 
   4   (0.051) 0.014 0.389 0.015 0.014 
   5   (0.037) 0.011 0.034 0.011 0.006 
   6   (0.084) 0.024 0.127 0.024 0.290 
   7   (0.055) 0.051 0.009 0.016 0.037 
   8   (0.053) 0.015 0.013 0.015 0.314 
   9   (0.044) 0.012 0.007 0.013 0.092 
  10   (0.047) 0.013 0.008 0.192 0.008 
  11   (0.043) 0.012 0.007 0.155 0.007 
  12   (0.036) 0.010 0.006 0.081 0.006 
  13   (0.045) 0.013 0.007 0.120 0.008 
  14   (0.040) 0.011 0.006 0.118 0.007 
  15   (0.042) 0.012 0.007 0.083 0.007 
  16   (0.038) 0.011 0.006 0.046 0.006 
  17   (0.045) 0.156 0.007 0.013 0.008 
  18   (0.055) 0.339 0.009 0.016 0.009 
  19   (0.041) 0.119 0.007 0.012 0.007 
  20   (0.042) 0.084 0.007 0.012 0.007 
  21   (0.037) 0.046 0.006 0.011 0.006 

Locus 42 : locus42 
26 alleles
0.0% missing data
   1   (0.045) 0.013 0.280 0.013 0.013 
   2   (0.042) 0.012 0.338 0.012 0.009 
   3   (0.037) 0.011 0.142 0.011 0.009 
   4   (0.033) 0.009 0.061 0.009 0.005 
   5   (0.034) 0.009 0.033 0.010 0.006 
   6   (0.038) 0.011 0.006 0.011 0.090 
   7   (0.047) 0.013 0.014 0.014 0.336 
   8   (0.038) 0.011 0.009 0.011 0.088 
   9   (0.036) 0.010 0.006 0.010 0.062 
  10   (0.031) 0.009 0.005 0.009 0.033 
  11   (0.035) 0.010 0.006 0.010 0.034 
  12   (0.039) 0.011 0.009 0.011 0.172 
  13   (0.036) 0.010 0.010 0.010 0.058 
  14   (0.032) 0.009 0.005 0.045 0.005 
  15   (0.038) 0.011 0.006 0.082 0.006 
  16   (0.042) 0.012 0.007 0.226 0.007 
  17   (0.052) 0.087 0.008 0.050 0.009 
  18   (0.052) 0.050 0.009 0.086 0.009 
  19   (0.041) 0.011 0.007 0.190 0.007 
  20   (0.038) 0.011 0.006 0.118 0.006 
  21   (0.032) 0.081 0.005 0.009 0.005 
  22   (0.039) 0.191 0.006 0.011 0.006 
  23   (0.036) 0.082 0.006 0.010 0.006 
  24   (0.040) 0.227 0.006 0.011 0.007 
  25   (0.035) 0.046 0.006 0.010 0.006 
  26   (0.031) 0.045 0.005 0.009 0.005 

Locus 43 : locus43 
21 alleles
0.0% missing data
   1   (0.040) 0.011 0.171 0.012 0.009 
   2   (0.033) 0.009 0.033 0.010 0.006 
   3   (0.077) 0.022 0.116 0.093 0.048 
   4   (0.070) 0.020 0.149 0.163 0.014 
   5   (0.041) 0.011 0.116 0.012 0.009 
   6   (0.057) 0.016 0.037 0.124 0.010 
   7   (0.047) 0.013 0.164 0.013 0.018 
   8   (0.093) 0.026 0.106 0.169 0.063 
   9   (0.038) 0.011 0.007 0.011 0.173 
  10   (0.037) 0.010 0.014 0.011 0.082 
  11   (0.041) 0.012 0.010 0.012 0.172 
  12   (0.043) 0.012 0.011 0.012 0.198 
  13   (0.056) 0.088 0.009 0.016 0.037 
  14   (0.063) 0.090 0.014 0.018 0.090 
  15   (0.032) 0.009 0.005 0.009 0.033 
  16   (0.038) 0.011 0.006 0.118 0.006 
  17   (0.041) 0.012 0.007 0.154 0.007 
  18   (0.041) 0.191 0.007 0.012 0.007 
  19   (0.039) 0.226 0.006 0.011 0.007 
  20   (0.031) 0.044 0.005 0.009 0.005 
  21   (0.041) 0.155 0.007 0.012 0.007 

Locus 44 : locus44 
20 alleles
0.0% missing data
   1   (0.038) 0.011 0.170 0.011 0.008 
   2   (0.034) 0.010 0.061 0.010 0.006 
   3   (0.035) 0.010 0.170 0.010 0.007 
   4   (0.041) 0.011 0.247 0.012 0.014 
   5   (0.035) 0.010 0.057 0.010 0.010 
   6   (0.033) 0.009 0.085 0.010 0.008 
   7   (0.035) 0.010 0.057 0.010 0.010 
   8   (0.088) 0.132 0.020 0.061 0.179 
   9   (0.058) 0.052 0.011 0.017 0.178 
  10   (0.046) 0.049 0.007 0.013 0.036 
  11   (0.078) 0.094 0.018 0.058 0.149 
  12   (0.081) 0.167 0.013 0.059 0.099 
  13   (0.117) 0.141 0.034 0.284 0.201 
  14   (0.052) 0.051 0.013 0.015 0.060 
  15   (0.039) 0.011 0.006 0.154 0.007 
  16   (0.057) 0.088 0.009 0.123 0.010 
  17   (0.035) 0.010 0.006 0.081 0.006 
  18   (0.031) 0.009 0.005 0.044 0.005 
  19   (0.034) 0.081 0.005 0.010 0.006 
  20   (0.033) 0.045 0.005 0.010 0.006 

Locus 45 : locus45 
20 alleles
0.0% missing data
   1   (0.045) 0.013 0.202 0.013 0.010 
   2   (0.067) 0.019 0.063 0.019 0.152 
   3   (0.070) 0.020 0.085 0.020 0.188 
   4   (0.044) 0.012 0.089 0.013 0.010 
   5   (0.069) 0.019 0.144 0.020 0.101 
   6   (0.041) 0.012 0.115 0.012 0.011 
   7   (0.065) 0.018 0.088 0.019 0.156 
   8   (0.037) 0.010 0.062 0.011 0.006 
   9   (0.067) 0.019 0.067 0.019 0.204 
  10   (0.036) 0.010 0.006 0.010 0.034 
  11   (0.040) 0.011 0.011 0.012 0.058 
  12   (0.042) 0.012 0.007 0.119 0.007 
  13   (0.050) 0.014 0.008 0.371 0.008 
  14   (0.074) 0.309 0.012 0.056 0.012 
  15   (0.035) 0.010 0.006 0.046 0.006 
  16   (0.062) 0.233 0.010 0.052 0.010 
  17   (0.044) 0.012 0.007 0.120 0.007 
  18   (0.036) 0.010 0.006 0.046 0.006 
  19   (0.038) 0.118 0.006 0.011 0.006 
  20   (0.039) 0.119 0.007 0.011 0.007 

Locus 46 : locus46 
18 alleles
0.0% missing data
   1   (0.031) 0.009 0.033 0.009 0.005 
   2   (0.038) 0.011 0.091 0.011 0.006 
   3   (0.065) 0.018 0.096 0.126 0.011 
   4   (0.039) 0.011 0.117 0.011 0.008 
   5   (0.037) 0.010 0.089 0.011 0.008 
   6   (0.060) 0.017 0.083 0.053 0.021 
   7   (0.099) 0.028 0.161 0.207 0.067 
   8   (0.087) 0.025 0.100 0.096 0.096 
   9   (0.058) 0.016 0.085 0.052 0.019 
  10   (0.039) 0.011 0.059 0.011 0.010 
  11   (0.052) 0.051 0.009 0.015 0.091 
  12   (0.076) 0.021 0.020 0.093 0.419 
  13   (0.077) 0.201 0.018 0.022 0.173 
  14   (0.093) 0.134 0.015 0.241 0.042 
  15   (0.035) 0.082 0.006 0.010 0.006 
  16   (0.044) 0.192 0.007 0.013 0.007 
  17   (0.035) 0.082 0.006 0.010 0.006 
  18   (0.035) 0.081 0.006 0.010 0.006 

Locus 47 : locus47 
21 alleles
0.0% missing data
   1   (0.111) 0.139 0.294 0.032 0.094 
   2   (0.070) 0.055 0.245 0.020 0.020 
   3   (0.060) 0.053 0.142 0.017 0.013 
   4   (0.058) 0.016 0.137 0.017 0.046 
   5   (0.055) 0.124 0.035 0.016 0.009 
   6   (0.069) 0.020 0.045 0.020 0.382 
   7   (0.044) 0.012 0.015 0.012 0.086 
   8   (0.038) 0.011 0.006 0.011 0.123 
   9   (0.042) 0.012 0.011 0.012 0.119 
  10   (0.034) 0.010 0.005 0.010 0.035 
  11   (0.038) 0.011 0.006 0.118 0.007 
  12   (0.039) 0.011 0.006 0.154 0.007 
  13   (0.037) 0.010 0.006 0.082 0.006 
  14   (0.036) 0.010 0.006 0.046 0.006 
  15   (0.038) 0.011 0.006 0.082 0.007 
  16   (0.038) 0.011 0.006 0.118 0.007 
  17   (0.037) 0.011 0.006 0.082 0.006 
  18   (0.038) 0.011 0.006 0.082 0.007 
  19   (0.033) 0.009 0.005 0.045 0.006 
  20   (0.048) 0.373 0.007 0.014 0.008 
  21   (0.035) 0.082 0.006 0.010 0.006 

Locus 48 : locus48 
23 alleles
0.0% missing data
   1   (0.046) 0.013 0.303 0.013 0.015 
   2   (0.040) 0.011 0.143 0.011 0.008 
   3   (0.033) 0.009 0.033 0.010 0.006 
   4   (0.039) 0.011 0.145 0.011 0.007 
   5   (0.039) 0.011 0.141 0.011 0.010 
   6   (0.040) 0.011 0.087 0.012 0.009 
   7   (0.038) 0.011 0.010 0.011 0.058 
   8   (0.067) 0.054 0.016 0.019 0.287 
   9   (0.064) 0.090 0.016 0.018 0.061 
  10   (0.043) 0.012 0.008 0.012 0.147 
  11   (0.041) 0.012 0.007 0.012 0.119 
  12   (0.073) 0.092 0.020 0.021 0.172 
  13   (0.055) 0.087 0.009 0.016 0.037 
  14   (0.035) 0.010 0.006 0.081 0.006 
  15   (0.035) 0.010 0.006 0.117 0.006 
  16   (0.045) 0.013 0.007 0.155 0.007 
  17   (0.039) 0.011 0.006 0.118 0.006 
  18   (0.038) 0.011 0.006 0.153 0.006 
  19   (0.033) 0.009 0.005 0.045 0.006 
  20   (0.036) 0.010 0.006 0.117 0.006 
  21   (0.042) 0.191 0.007 0.012 0.007 
  22   (0.045) 0.264 0.007 0.013 0.008 
  23   (0.034) 0.045 0.006 0.010 0.006 

Locus 49 : locus49 
13 alleles
0.0% missing data
   1   (0.074) 0.165 0.092 0.021 0.016 
   2   (0.127) 0.072 0.119 0.143 0.117 
   3   (0.131) 0.037 0.239 0.252 0.111 
   4   (0.051) 0.051 0.036 0.015 0.009 
   5   (0.098) 0.064 0.094 0.028 0.272 
   6   (0.062) 0.018 0.081 0.018 0.078 
   7   (0.041) 0.012 0.089 0.012 0.009 
   8   (0.132) 0.073 0.073 0.145 0.276 
   9   (0.060) 0.017 0.085 0.017 0.047 
  10   (0.075) 0.021 0.069 0.271 0.013 
  11   (0.035) 0.010 0.006 0.010 0.033 
  12   (0.066) 0.234 0.011 0.054 0.011 
  13   (0.046) 0.228 0.008 0.013 0.008 

Locus 50 : locus50 
19 alleles
0.0% missing data
   1   (0.057) 0.124 0.037 0.016 0.009 
   2   (0.048) 0.013 0.252 0.014 0.015 
   3   (0.041) 0.012 0.145 0.012 0.008 
   4   (0.061) 0.053 0.148 0.018 0.012 
   5   (0.039) 0.011 0.087 0.011 0.009 
   6   (0.041) 0.012 0.088 0.012 0.009 
   7   (0.034) 0.010 0.034 0.010 0.006 
   8   (0.037) 0.011 0.058 0.011 0.010 
   9   (0.033) 0.009 0.033 0.010 0.005 
  10   (0.054) 0.015 0.009 0.087 0.037 
  11   (0.105) 0.065 0.024 0.208 0.177 
  12   (0.075) 0.021 0.020 0.057 0.449 
  13   (0.056) 0.016 0.009 0.124 0.036 
  14   (0.064) 0.018 0.013 0.090 0.119 
  15   (0.095) 0.099 0.016 0.241 0.071 
  16   (0.033) 0.009 0.005 0.045 0.005 
  17   (0.045) 0.264 0.007 0.013 0.007 
  18   (0.040) 0.119 0.007 0.012 0.007 
  19   (0.040) 0.119 0.007 0.011 0.007 

Locus 51 : locus51 
22 alleles
0.0% missing data
   1   (0.037) 0.010 0.090 0.011 0.006 
   2   (0.039) 0.011 0.058 0.011 0.010 
   3   (0.036) 0.010 0.113 0.010 0.010 
   4   (0.044) 0.012 0.279 0.013 0.013 
   5   (0.039) 0.011 0.116 0.011 0.008 
   6   (0.041) 0.012 0.145 0.012 0.008 
   7   (0.035) 0.010 0.034 0.010 0.006 
   8   (0.034) 0.009 0.033 0.010 0.006 
   9   (0.040) 0.011 0.008 0.012 0.117 
  10   (0.042) 0.012 0.008 0.012 0.201 
  11   (0.044) 0.012 0.011 0.013 0.143 
  12   (0.040) 0.011 0.010 0.012 0.143 
  13   (0.037) 0.010 0.009 0.011 0.142 
  14   (0.041) 0.012 0.012 0.012 0.113 
  15   (0.073) 0.200 0.012 0.163 0.012 
  16   (0.053) 0.051 0.009 0.087 0.009 
  17   (0.057) 0.125 0.009 0.052 0.010 
  18   (0.071) 0.092 0.012 0.234 0.012 
  19   (0.054) 0.051 0.009 0.087 0.009 
  20   (0.063) 0.054 0.010 0.196 0.010 
  21   (0.043) 0.228 0.007 0.012 0.007 
  22   (0.036) 0.046 0.006 0.010 0.006 

Locus 52 : locus52 
22 alleles
0.0% missing data
   1   (0.069) 0.020 0.061 0.198 0.018 
   2   (0.076) 0.201 0.153 0.022 0.013 
   3   (0.035) 0.010 0.059 0.010 0.009 
   4   (0.075) 0.129 0.262 0.021 0.017 
   5   (0.054) 0.051 0.065 0.016 0.009 
   6   (0.065) 0.018 0.172 0.054 0.018 
   7   (0.060) 0.089 0.061 0.017 0.015 
   8   (0.037) 0.010 0.059 0.011 0.010 
   9   (0.035) 0.010 0.006 0.010 0.088 
  10   (0.051) 0.014 0.012 0.015 0.446 
  11   (0.036) 0.010 0.010 0.010 0.057 
  12   (0.038) 0.011 0.010 0.011 0.057 
  13   (0.040) 0.011 0.012 0.011 0.112 
  14   (0.037) 0.010 0.010 0.011 0.057 
  15   (0.033) 0.009 0.005 0.010 0.033 
  16   (0.035) 0.010 0.006 0.081 0.006 
  17   (0.039) 0.011 0.006 0.189 0.006 
  18   (0.041) 0.011 0.007 0.154 0.007 
  19   (0.032) 0.009 0.005 0.045 0.005 
  20   (0.037) 0.010 0.006 0.082 0.006 
  21   (0.037) 0.190 0.006 0.011 0.006 
  22   (0.039) 0.155 0.007 0.011 0.006 

Locus 53 : locus53 
21 alleles
0.0% missing data
   1   (0.032) 0.009 0.033 0.009 0.005 
   2   (0.067) 0.019 0.146 0.019 0.154 
   3   (0.038) 0.011 0.166 0.011 0.012 
   4   (0.060) 0.017 0.129 0.017 0.056 
   5   (0.051) 0.015 0.081 0.015 0.047 
   6   (0.111) 0.031 0.211 0.103 0.272 
   7   (0.069) 0.020 0.051 0.055 0.169 
   8   (0.036) 0.010 0.061 0.010 0.006 
   9   (0.090) 0.025 0.052 0.276 0.090 
  10   (0.056) 0.016 0.009 0.052 0.124 
  11   (0.040) 0.011 0.007 0.225 0.007 
  12   (0.033) 0.009 0.005 0.045 0.006 
  13   (0.033) 0.009 0.005 0.081 0.006 
  14   (0.035) 0.118 0.006 0.010 0.006 
  15   (0.038) 0.190 0.006 0.011 0.006 
  16   (0.034) 0.081 0.006 0.010 0.006 
  17   (0.040) 0.191 0.007 0.012 0.007 
  18   (0.036) 0.082 0.006 0.010 0.006 
  19   (0.032) 0.045 0.005 0.009 0.005 
  20   (0.033) 0.045 0.005 0.010 0.006 
  21   (0.034) 0.045 0.005 0.010 0.006 

Locus 54 : locus54 
20 alleles
0.0% missing data
   1   (0.055) 0.016 0.084 0.016 0.046 
   2   (0.047) 0.013 0.315 0.013 0.010 
   3   (0.059) 0.017 0.115 0.017 0.045 
   4   (0.071) 0.020 0.215 0.020 0.113 
   5   (0.058) 0.016 0.045 0.017 0.113 
   6   (0.076) 0.022 0.116 0.022 0.352 
   7   (0.038) 0.011 0.009 0.011 0.087 
   8   (0.037) 0.010 0.010 0.011 0.058 
   9   (0.034) 0.010 0.006 0.010 0.061 
  10   (0.033) 0.009 0.006 0.010 0.033 
  11   (0.065) 0.126 0.011 0.090 0.011 
  12   (0.063) 0.053 0.010 0.232 0.010 
  13   (0.069) 0.128 0.011 0.162 0.011 
  14   (0.070) 0.092 0.012 0.199 0.012 
  15   (0.033) 0.009 0.006 0.045 0.006 
  16   (0.037) 0.010 0.006 0.082 0.006 
  17   (0.040) 0.119 0.007 0.012 0.007 
  18   (0.040) 0.155 0.007 0.012 0.007 
  19   (0.039) 0.118 0.006 0.011 0.006 
  20   (0.033) 0.045 0.005 0.009 0.005 

Locus 55 : locus55 
14 alleles
0.0% missing data
   1   (0.074) 0.021 0.177 0.021 0.125 
   2   (0.113) 0.175 0.152 0.032 0.107 
   3   (0.056) 0.016 0.037 0.016 0.065 
   4   (0.144) 0.148 0.058 0.184 0.185 
   5   (0.042) 0.012 0.116 0.012 0.009 
   6   (0.046) 0.013 0.227 0.013 0.011 
   7   (0.080) 0.310 0.062 0.023 0.020 
   8   (0.035) 0.010 0.034 0.010 0.006 
   9   (0.035) 0.010 0.034 0.010 0.006 
  10   (0.090) 0.061 0.042 0.240 0.015 
  11   (0.135) 0.146 0.027 0.324 0.129 
  12   (0.048) 0.014 0.013 0.014 0.199 
  13   (0.043) 0.012 0.012 0.012 0.114 
  14   (0.058) 0.052 0.009 0.088 0.010 

Locus 56 : locus56 
13 alleles
0.0% missing data
   1   (0.128) 0.288 0.244 0.108 0.028 
   2   (0.094) 0.062 0.154 0.134 0.021 
   3   (0.128) 0.108 0.110 0.143 0.100 
   4   (0.092) 0.026 0.059 0.241 0.054 
   5   (0.133) 0.181 0.249 0.216 0.026 
   6   (0.033) 0.009 0.035 0.010 0.005 
   7   (0.071) 0.056 0.070 0.056 0.011 
   8   (0.040) 0.011 0.009 0.011 0.085 
   9   (0.047) 0.013 0.014 0.014 0.244 
  10   (0.041) 0.011 0.009 0.012 0.112 
  11   (0.067) 0.091 0.014 0.019 0.115 
  12   (0.062) 0.054 0.019 0.018 0.110 
  13   (0.064) 0.090 0.015 0.018 0.087 

Locus 57 : locus57 
24 alleles
0.0% missing data
   1   (0.043) 0.012 0.035 0.048 0.007 
   2   (0.052) 0.015 0.115 0.050 0.014 
   3   (0.059) 0.016 0.090 0.160 0.013 
   4   (0.050) 0.014 0.090 0.086 0.011 
   5   (0.054) 0.015 0.145 0.051 0.013 
   6   (0.038) 0.011 0.034 0.047 0.006 
   7   (0.046) 0.013 0.120 0.049 0.007 
   8   (0.036) 0.010 0.170 0.010 0.010 
   9   (0.047) 0.013 0.089 0.049 0.011 
  10   (0.051) 0.014 0.017 0.050 0.193 
  11   (0.065) 0.018 0.013 0.161 0.257 
  12   (0.054) 0.015 0.015 0.051 0.252 
  13   (0.046) 0.013 0.008 0.085 0.035 
  14   (0.042) 0.048 0.007 0.012 0.034 
  15   (0.024) 0.007 0.004 0.007 0.032 
  16   (0.027) 0.008 0.005 0.008 0.032 
  17   (0.042) 0.048 0.007 0.012 0.034 
  18   (0.036) 0.118 0.006 0.010 0.006 
  19   (0.035) 0.225 0.006 0.010 0.006 
  20   (0.030) 0.044 0.005 0.009 0.005 
  21   (0.030) 0.080 0.005 0.009 0.005 
  22   (0.032) 0.081 0.005 0.009 0.005 
  23   (0.029) 0.080 0.005 0.008 0.005 
  24   (0.030) 0.080 0.005 0.009 0.005 

Locus 58 : locus58 
22 alleles
0.0% missing data
   1   (0.058) 0.016 0.093 0.195 0.010 
   2   (0.071) 0.056 0.060 0.020 0.186 
   3   (0.057) 0.016 0.114 0.088 0.016 
   4   (0.081) 0.131 0.093 0.094 0.018 
   5   (0.054) 0.015 0.065 0.122 0.009 
   6   (0.033) 0.009 0.113 0.010 0.009 
   7   (0.036) 0.010 0.142 0.010 0.009 
   8   (0.093) 0.206 0.057 0.062 0.057 
   9   (0.036) 0.010 0.142 0.010 0.009 
  10   (0.043) 0.012 0.035 0.048 0.007 
  11   (0.041) 0.011 0.010 0.012 0.311 
  12   (0.032) 0.009 0.005 0.009 0.089 
  13   (0.053) 0.087 0.018 0.015 0.083 
  14   (0.028) 0.008 0.005 0.008 0.033 
  15   (0.056) 0.123 0.014 0.016 0.060 
  16   (0.029) 0.008 0.005 0.008 0.033 
  17   (0.028) 0.008 0.005 0.008 0.033 
  18   (0.032) 0.009 0.005 0.080 0.005 
  19   (0.047) 0.049 0.008 0.085 0.008 
  20   (0.031) 0.009 0.005 0.080 0.005 
  21   (0.033) 0.152 0.005 0.009 0.005 
  22   (0.030) 0.044 0.005 0.009 0.005 

Locus 59 : locus59 
24 alleles
0.0% missing data
   1   (0.064) 0.018 0.059 0.161 0.017 
   2   (0.047) 0.013 0.035 0.049 0.008 
   3   (0.038) 0.011 0.223 0.011 0.008 
   4   (0.032) 0.009 0.087 0.009 0.006 
   5   (0.043) 0.012 0.246 0.012 0.015 
   6   (0.077) 0.022 0.151 0.022 0.350 
   7   (0.059) 0.017 0.067 0.017 0.177 
   8   (0.048) 0.049 0.035 0.014 0.008 
   9   (0.049) 0.086 0.008 0.014 0.037 
  10   (0.075) 0.237 0.014 0.022 0.211 
  11   (0.031) 0.009 0.005 0.009 0.062 
  12   (0.033) 0.009 0.005 0.009 0.034 
  13   (0.036) 0.010 0.006 0.153 0.006 
  14   (0.041) 0.011 0.007 0.261 0.007 
  15   (0.031) 0.009 0.005 0.044 0.005 
  16   (0.034) 0.010 0.005 0.045 0.006 
  17   (0.029) 0.008 0.005 0.044 0.005 
  18   (0.029) 0.008 0.005 0.044 0.005 
  19   (0.034) 0.081 0.005 0.010 0.006 
  20   (0.033) 0.081 0.005 0.010 0.006 
  21   (0.038) 0.118 0.006 0.011 0.006 
  22   (0.030) 0.045 0.005 0.009 0.005 
  23   (0.037) 0.082 0.006 0.011 0.006 
  24   (0.030) 0.044 0.005 0.009 0.005 

Locus 60 : locus60 
28 alleles
0.0% missing data
   1   (0.046) 0.013 0.111 0.013 0.043 
   2   (0.030) 0.008 0.061 0.009 0.005 
   3   (0.044) 0.012 0.062 0.013 0.063 
   4   (0.032) 0.009 0.087 0.009 0.007 
   5   (0.032) 0.009 0.113 0.009 0.009 
   6   (0.062) 0.017 0.084 0.053 0.048 
   7   (0.052) 0.015 0.118 0.050 0.011 
   8   (0.060) 0.017 0.178 0.017 0.176 
   9   (0.049) 0.014 0.076 0.014 0.134 
  10   (0.028) 0.008 0.005 0.008 0.088 
  11   (0.027) 0.008 0.004 0.008 0.032 
  12   (0.034) 0.010 0.009 0.010 0.058 
  13   (0.025) 0.007 0.007 0.007 0.057 
  14   (0.028) 0.008 0.005 0.008 0.033 
  15   (0.033) 0.009 0.008 0.010 0.087 
  16   (0.032) 0.009 0.009 0.009 0.057 
  17   (0.031) 0.009 0.005 0.009 0.033 
  18   (0.032) 0.009 0.005 0.080 0.005 
  19   (0.038) 0.011 0.006 0.260 0.006 
  20   (0.032) 0.009 0.005 0.223 0.005 
  21   (0.031) 0.009 0.005 0.116 0.005 
  22   (0.033) 0.117 0.005 0.009 0.005 
  23   (0.030) 0.080 0.005 0.009 0.005 
  24   (0.036) 0.189 0.006 0.010 0.006 
  25   (0.032) 0.153 0.005 0.009 0.005 
  26   (0.032) 0.153 0.005 0.009 0.005 
  27   (0.028) 0.044 0.005 0.008 0.005 
  28   (0.031) 0.044 0.005 0.009 0.005 

Locus 61 : locus61 
20 alleles
0.0% missing data
   1   (0.046) 0.049 0.034 0.013 0.008 
   2   (0.133) 0.217 0.283 0.073 0.261 
   3   (0.031) 0.009 0.085 0.009 0.007 
   4   (0.054) 0.015 0.048 0.015 0.168 
   5   (0.086) 0.204 0.041 0.060 0.043 
   6   (0.035) 0.010 0.110 0.010 0.010 
   7   (0.052) 0.015 0.058 0.086 0.014 
   8   (0.050) 0.014 0.035 0.086 0.008 
   9   (0.062) 0.089 0.100 0.018 0.029 
  10   (0.050) 0.014 0.087 0.050 0.012 
  11   (0.083) 0.131 0.064 0.024 0.160 
  12   (0.046) 0.049 0.007 0.013 0.065 
  13   (0.034) 0.009 0.008 0.010 0.146 
  14   (0.049) 0.086 0.008 0.014 0.037 
  15   (0.034) 0.009 0.005 0.188 0.006 
  16   (0.030) 0.009 0.005 0.044 0.005 
  17   (0.037) 0.010 0.006 0.153 0.006 
  18   (0.031) 0.009 0.005 0.080 0.005 
  19   (0.030) 0.008 0.005 0.044 0.005 
  20   (0.029) 0.044 0.005 0.008 0.005 

Locus 62 : locus62 
24 alleles
0.0% missing data
   1   (0.063) 0.018 0.085 0.018 0.246 
   2   (0.032) 0.009 0.060 0.009 0.005 
   3   (0.037) 0.010 0.085 0.011 0.009 
   4   (0.039) 0.011 0.167 0.011 0.009 
   5   (0.044) 0.012 0.221 0.013 0.011 
   6   (0.035) 0.010 0.056 0.010 0.010 
   7   (0.061) 0.017 0.106 0.017 0.165 
   8   (0.037) 0.010 0.056 0.011 0.010 
   9   (0.039) 0.011 0.056 0.011 0.011 
  10   (0.053) 0.015 0.010 0.051 0.151 
  11   (0.065) 0.018 0.014 0.197 0.093 
  12   (0.046) 0.013 0.007 0.049 0.036 
  13   (0.033) 0.009 0.005 0.009 0.034 
  14   (0.040) 0.011 0.011 0.012 0.116 
  15   (0.059) 0.017 0.009 0.231 0.038 
  16   (0.034) 0.010 0.005 0.081 0.006 
  17   (0.036) 0.010 0.006 0.046 0.006 
  18   (0.038) 0.011 0.006 0.118 0.006 
  19   (0.030) 0.008 0.005 0.044 0.005 
  20   (0.033) 0.081 0.005 0.009 0.006 
  21   (0.037) 0.118 0.006 0.011 0.006 
  22   (0.037) 0.190 0.006 0.011 0.006 
  23   (0.042) 0.263 0.007 0.012 0.007 
  24   (0.031) 0.117 0.005 0.009 0.005 

Locus 63 : locus63 
17 alleles
0.0% missing data
   1   (0.077) 0.057 0.257 0.058 0.018 
   2   (0.100) 0.064 0.139 0.279 0.032 
   3   (0.054) 0.159 0.036 0.015 0.009 
   4   (0.057) 0.088 0.092 0.016 0.010 
   5   (0.092) 0.133 0.084 0.098 0.029 
   6   (0.050) 0.086 0.036 0.014 0.008 
   7   (0.097) 0.135 0.179 0.028 0.102 
   8   (0.072) 0.092 0.061 0.056 0.018 
   9   (0.081) 0.023 0.060 0.058 0.275 
  10   (0.031) 0.009 0.005 0.009 0.033 
  11   (0.053) 0.015 0.009 0.051 0.093 
  12   (0.030) 0.009 0.005 0.009 0.033 
  13   (0.041) 0.012 0.010 0.012 0.284 
  14   (0.046) 0.049 0.008 0.013 0.036 
  15   (0.031) 0.009 0.005 0.044 0.005 
  16   (0.054) 0.051 0.009 0.123 0.009 
  17   (0.035) 0.010 0.006 0.117 0.006 

Locus 64 : locus64 
20 alleles
0.0% missing data
   1   (0.087) 0.024 0.344 0.096 0.022 
   2   (0.077) 0.021 0.205 0.093 0.017 
   3   (0.057) 0.016 0.037 0.088 0.009 
   4   (0.062) 0.017 0.091 0.053 0.013 
   5   (0.082) 0.023 0.177 0.130 0.018 
   6   (0.052) 0.015 0.037 0.051 0.009 
   7   (0.053) 0.015 0.013 0.015 0.308 
   8   (0.048) 0.013 0.011 0.014 0.198 
   9   (0.049) 0.014 0.012 0.014 0.307 
  10   (0.036) 0.010 0.006 0.011 0.033 
  11   (0.040) 0.011 0.007 0.118 0.006 
  12   (0.039) 0.011 0.007 0.083 0.006 
  13   (0.037) 0.010 0.006 0.082 0.006 
  14   (0.039) 0.011 0.006 0.083 0.006 
  15   (0.039) 0.119 0.006 0.011 0.006 
  16   (0.044) 0.156 0.007 0.013 0.007 
  17   (0.032) 0.045 0.005 0.009 0.005 
  18   (0.047) 0.229 0.008 0.014 0.008 
  19   (0.044) 0.192 0.007 0.013 0.007 
  20   (0.037) 0.046 0.006 0.011 0.006 

Locus 65 : locus65 
23 alleles
0.0% missing data
   1   (0.044) 0.012 0.115 0.013 0.012 
   2   (0.038) 0.011 0.089 0.011 0.008 
   3   (0.065) 0.018 0.203 0.054 0.016 
   4   (0.034) 0.009 0.034 0.010 0.006 
   5   (0.038) 0.011 0.089 0.011 0.008 
   6   (0.035) 0.010 0.063 0.010 0.006 
   7   (0.035) 0.010 0.174 0.010 0.008 
   8   (0.058) 0.016 0.038 0.159 0.010 
   9   (0.081) 0.023 0.056 0.059 0.164 
  10   (0.031) 0.009 0.033 0.009 0.005 
  11   (0.041) 0.012 0.010 0.012 0.140 
  12   (0.076) 0.021 0.023 0.164 0.330 
  13   (0.064) 0.018 0.011 0.126 0.093 
  14   (0.039) 0.011 0.008 0.011 0.114 
  15   (0.031) 0.009 0.005 0.009 0.032 
  16   (0.042) 0.012 0.007 0.190 0.007 
  17   (0.032) 0.009 0.005 0.045 0.005 
  18   (0.032) 0.009 0.005 0.045 0.005 
  19   (0.047) 0.336 0.008 0.013 0.008 
  20   (0.040) 0.227 0.007 0.012 0.007 
  21   (0.036) 0.118 0.006 0.010 0.006 
  22   (0.031) 0.045 0.005 0.009 0.005 
  23   (0.032) 0.045 0.005 0.009 0.005 

Locus 66 : locus66 
18 alleles
0.0% missing data
   1   (0.046) 0.013 0.198 0.013 0.012 
   2   (0.083) 0.023 0.270 0.024 0.229 
   3   (0.041) 0.012 0.117 0.012 0.008 
   4   (0.040) 0.011 0.088 0.011 0.009 
   5   (0.079) 0.022 0.100 0.023 0.343 
   6   (0.064) 0.018 0.080 0.018 0.080 
   7   (0.035) 0.010 0.033 0.010 0.006 
   8   (0.042) 0.012 0.007 0.012 0.063 
   9   (0.064) 0.054 0.018 0.018 0.115 
  10   (0.059) 0.053 0.015 0.017 0.060 
  11   (0.085) 0.276 0.014 0.167 0.014 
  12   (0.040) 0.011 0.007 0.119 0.007 
  13   (0.065) 0.090 0.011 0.161 0.011 
  14   (0.058) 0.052 0.009 0.124 0.010 
  15   (0.076) 0.201 0.013 0.164 0.013 
  16   (0.050) 0.050 0.008 0.050 0.008 
  17   (0.036) 0.010 0.006 0.046 0.006 
  18   (0.037) 0.082 0.006 0.011 0.006 

Locus 67 : locus67 
18 alleles
0.0% missing data
   1   (0.091) 0.026 0.136 0.098 0.089 
   2   (0.076) 0.021 0.154 0.236 0.014 
   3   (0.036) 0.010 0.148 0.010 0.007 
   4   (0.078) 0.022 0.053 0.094 0.083 
   5   (0.059) 0.017 0.118 0.053 0.016 
   6   (0.079) 0.022 0.057 0.130 0.052 
   7   (0.040) 0.011 0.085 0.011 0.014 
   8   (0.032) 0.009 0.034 0.009 0.005 
   9   (0.033) 0.009 0.034 0.009 0.005 
  10   (0.050) 0.014 0.037 0.050 0.008 
  11   (0.061) 0.017 0.062 0.089 0.015 
  12   (0.048) 0.014 0.014 0.014 0.300 
  13   (0.039) 0.011 0.008 0.011 0.140 
  14   (0.072) 0.164 0.015 0.021 0.145 
  15   (0.040) 0.011 0.016 0.012 0.079 
  16   (0.061) 0.125 0.010 0.089 0.010 
  17   (0.064) 0.342 0.011 0.053 0.010 
  18   (0.040) 0.155 0.007 0.012 0.006 

Locus 68 : locus68 
19 alleles
0.0% missing data
   1   (0.065) 0.018 0.069 0.054 0.063 
   2   (0.085) 0.059 0.216 0.167 0.015 
   3   (0.093) 0.026 0.144 0.134 0.164 
   4   (0.067) 0.019 0.120 0.055 0.045 
   5   (0.082) 0.131 0.102 0.023 0.092 
   6   (0.083) 0.131 0.146 0.059 0.024 
   7   (0.090) 0.061 0.063 0.061 0.212 
   8   (0.054) 0.123 0.067 0.016 0.009 
   9   (0.036) 0.010 0.010 0.010 0.244 
  10   (0.043) 0.048 0.007 0.013 0.034 
  11   (0.032) 0.009 0.009 0.009 0.055 
  12   (0.033) 0.009 0.006 0.081 0.005 
  13   (0.032) 0.009 0.005 0.080 0.005 
  14   (0.030) 0.008 0.005 0.044 0.005 
  15   (0.049) 0.086 0.008 0.085 0.008 
  16   (0.031) 0.009 0.005 0.080 0.005 
  17   (0.032) 0.081 0.006 0.009 0.005 
  18   (0.030) 0.044 0.005 0.009 0.005 
  19   (0.034) 0.117 0.006 0.010 0.005 

Locus 69 : locus69 
21 alleles
0.0% missing data
   1   (0.053) 0.015 0.036 0.051 0.009 
   2   (0.042) 0.012 0.116 0.012 0.009 
   3   (0.048) 0.014 0.365 0.014 0.012 
   4   (0.033) 0.009 0.061 0.010 0.005 
   5   (0.045) 0.012 0.172 0.013 0.010 
   6   (0.064) 0.018 0.060 0.125 0.016 
   7   (0.037) 0.010 0.058 0.011 0.010 
   8   (0.047) 0.013 0.012 0.014 0.227 
   9   (0.042) 0.012 0.010 0.012 0.088 
  10   (0.050) 0.014 0.013 0.014 0.283 
  11   (0.072) 0.020 0.012 0.127 0.124 
  12   (0.057) 0.016 0.009 0.088 0.037 
  13   (0.094) 0.027 0.025 0.276 0.117 
  14   (0.041) 0.012 0.007 0.154 0.007 
  15   (0.040) 0.155 0.007 0.011 0.007 
  16   (0.048) 0.193 0.008 0.014 0.008 
  17   (0.034) 0.045 0.006 0.010 0.006 
  18   (0.038) 0.083 0.006 0.011 0.006 
  19   (0.032) 0.045 0.005 0.009 0.005 
  20   (0.044) 0.156 0.007 0.013 0.007 
  21   (0.038) 0.118 0.006 0.011 0.006 

Locus 70 : locus70 
22 alleles
0.0% missing data
   1   (0.038) 0.011 0.143 0.011 0.008 
   2   (0.043) 0.012 0.225 0.012 0.010 
   3   (0.035) 0.010 0.033 0.010 0.006 
   4   (0.040) 0.011 0.142 0.011 0.010 
   5   (0.041) 0.012 0.197 0.012 0.011 
   6   (0.036) 0.010 0.115 0.011 0.008 
   7   (0.059) 0.017 0.011 0.088 0.148 
   8   (0.064) 0.125 0.016 0.018 0.061 
   9   (0.068) 0.019 0.017 0.055 0.230 
  10   (0.057) 0.016 0.011 0.052 0.148 
  11   (0.046) 0.013 0.012 0.013 0.254 
  12   (0.032) 0.009 0.005 0.009 0.033 
  13   (0.033) 0.009 0.005 0.081 0.006 
  14   (0.031) 0.009 0.005 0.045 0.005 
  15   (0.064) 0.090 0.010 0.161 0.011 
  16   (0.031) 0.009 0.005 0.045 0.005 
  17   (0.071) 0.164 0.012 0.128 0.012 
  18   (0.059) 0.340 0.010 0.052 0.010 
  19   (0.035) 0.010 0.006 0.082 0.006 
  20   (0.050) 0.050 0.008 0.050 0.008 
  21   (0.032) 0.009 0.005 0.045 0.005 
  22   (0.032) 0.045 0.005 0.009 0.005 

Locus 71 : locus71 
25 alleles
0.0% missing data
   1   (0.037) 0.010 0.251 0.011 0.009 
   2   (0.041) 0.012 0.221 0.012 0.012 
   3   (0.051) 0.014 0.063 0.015 0.037 
   4   (0.034) 0.010 0.057 0.010 0.009 
   5   (0.057) 0.016 0.055 0.016 0.187 
   6   (0.031) 0.009 0.032 0.009 0.005 
   7   (0.035) 0.010 0.086 0.010 0.008 
   8   (0.037) 0.010 0.114 0.011 0.008 
   9   (0.061) 0.017 0.015 0.053 0.287 
  10   (0.059) 0.017 0.013 0.053 0.176 
  11   (0.037) 0.010 0.007 0.011 0.118 
  12   (0.053) 0.015 0.009 0.087 0.037 
  13   (0.031) 0.009 0.005 0.009 0.033 
  14   (0.044) 0.012 0.007 0.227 0.007 
  15   (0.041) 0.012 0.007 0.190 0.007 
  16   (0.037) 0.010 0.006 0.082 0.006 
  17   (0.034) 0.010 0.006 0.081 0.006 
  18   (0.029) 0.008 0.005 0.044 0.005 
  19   (0.032) 0.045 0.005 0.009 0.005 
  20   (0.046) 0.372 0.007 0.013 0.008 
  21   (0.037) 0.154 0.006 0.011 0.006 
  22   (0.036) 0.082 0.006 0.010 0.006 
  23   (0.035) 0.046 0.006 0.010 0.006 
  24   (0.033) 0.045 0.005 0.010 0.006 
  25   (0.031) 0.045 0.005 0.009 0.005 

Locus 72 : locus72 
15 alleles
0.0% missing data
   1   (0.111) 0.175 0.227 0.032 0.063 
   2   (0.114) 0.104 0.306 0.033 0.125 
   3   (0.134) 0.074 0.112 0.109 0.264 
   4   (0.110) 0.031 0.075 0.103 0.347 
   5   (0.041) 0.011 0.089 0.012 0.009 
   6   (0.077) 0.165 0.118 0.022 0.020 
   7   (0.071) 0.020 0.016 0.127 0.090 
   8   (0.065) 0.018 0.011 0.198 0.037 
   9   (0.040) 0.011 0.007 0.118 0.007 
  10   (0.044) 0.012 0.007 0.155 0.007 
  11   (0.037) 0.010 0.006 0.046 0.006 
  12   (0.035) 0.046 0.006 0.010 0.006 
  13   (0.044) 0.156 0.007 0.013 0.007 
  14   (0.037) 0.082 0.006 0.011 0.006 
  15   (0.039) 0.083 0.006 0.011 0.006 

Locus 73 : locus73 
16 alleles
0.0% missing data
   1   (0.088) 0.025 0.283 0.203 0.022 
   2   (0.102) 0.065 0.284 0.101 0.026 
   3   (0.076) 0.021 0.073 0.022 0.343 
   4   (0.033) 0.009 0.033 0.010 0.006 
   5   (0.034) 0.010 0.033 0.010 0.006 
   6   (0.054) 0.015 0.036 0.087 0.009 
   7   (0.117) 0.213 0.096 0.140 0.025 
   8   (0.063) 0.162 0.038 0.018 0.011 
   9   (0.070) 0.127 0.060 0.020 0.018 
  10   (0.042) 0.012 0.009 0.012 0.173 
  11   (0.059) 0.052 0.010 0.017 0.123 
  12   (0.042) 0.012 0.009 0.012 0.118 
  13   (0.070) 0.127 0.011 0.020 0.096 
  14   (0.075) 0.129 0.012 0.200 0.013 
  15   (0.036) 0.010 0.006 0.046 0.006 
  16   (0.040) 0.011 0.006 0.083 0.007 

Locus 74 : locus74 
21 alleles
0.0% missing data
   1   (0.047) 0.013 0.360 0.014 0.014 
   2   (0.043) 0.012 0.169 0.012 0.010 
   3   (0.034) 0.009 0.033 0.010 0.006 
   4   (0.033) 0.009 0.033 0.010 0.006 
   5   (0.058) 0.161 0.037 0.017 0.010 
   6   (0.073) 0.021 0.149 0.021 0.154 
   7   (0.036) 0.010 0.086 0.010 0.009 
   8   (0.070) 0.092 0.014 0.020 0.235 
   9   (0.070) 0.020 0.015 0.127 0.092 
  10   (0.043) 0.012 0.012 0.012 0.171 
  11   (0.061) 0.125 0.010 0.017 0.067 
  12   (0.054) 0.051 0.014 0.016 0.061 
  13   (0.066) 0.019 0.016 0.126 0.062 
  14   (0.038) 0.011 0.010 0.011 0.059 
  15   (0.045) 0.013 0.007 0.191 0.008 
  16   (0.041) 0.011 0.007 0.261 0.007 
  17   (0.038) 0.011 0.006 0.083 0.006 
  18   (0.035) 0.045 0.006 0.010 0.006 
  19   (0.040) 0.119 0.007 0.012 0.007 
  20   (0.040) 0.191 0.006 0.012 0.007 
  21   (0.033) 0.045 0.005 0.010 0.006 

Locus 75 : locus75 
16 alleles
0.0% missing data
   1   (0.092) 0.278 0.100 0.062 0.015 
   2   (0.035) 0.010 0.058 0.010 0.009 
   3   (0.125) 0.107 0.174 0.179 0.062 
   4   (0.090) 0.061 0.233 0.097 0.021 
   5   (0.057) 0.160 0.037 0.016 0.009 
   6   (0.094) 0.026 0.125 0.170 0.072 
   7   (0.084) 0.024 0.057 0.203 0.054 
   8   (0.047) 0.049 0.036 0.013 0.008 
   9   (0.061) 0.053 0.115 0.018 0.017 
  10   (0.038) 0.011 0.009 0.011 0.087 
  11   (0.080) 0.166 0.013 0.094 0.041 
  12   (0.042) 0.012 0.009 0.012 0.116 
  13   (0.037) 0.010 0.006 0.011 0.089 
  14   (0.041) 0.012 0.010 0.012 0.170 
  15   (0.042) 0.012 0.012 0.012 0.223 
  16   (0.035) 0.010 0.006 0.082 0.006 

Locus 76 : locus76 
24 alleles
0.0% missing data
   1   (0.053) 0.051 0.201 0.015 0.012 
   2   (0.057) 0.016 0.060 0.123 0.014 
   3   (0.063) 0.089 0.251 0.018 0.020 
   4   (0.050) 0.050 0.092 0.014 0.008 
   5   (0.056) 0.232 0.037 0.016 0.009 
   6   (0.057) 0.052 0.230 0.016 0.012 
   7   (0.037) 0.010 0.008 0.010 0.171 
   8   (0.031) 0.009 0.005 0.009 0.033 
   9   (0.056) 0.051 0.012 0.016 0.230 
  10   (0.041) 0.012 0.014 0.012 0.138 
  11   (0.030) 0.008 0.005 0.009 0.033 
  12   (0.046) 0.085 0.007 0.013 0.035 
  13   (0.064) 0.126 0.015 0.018 0.174 
  14   (0.034) 0.010 0.009 0.010 0.058 
  15   (0.038) 0.011 0.006 0.153 0.006 
  16   (0.036) 0.010 0.006 0.117 0.006 
  17   (0.030) 0.008 0.005 0.080 0.005 
  18   (0.032) 0.009 0.005 0.045 0.005 
  19   (0.032) 0.009 0.005 0.116 0.005 
  20   (0.031) 0.009 0.005 0.044 0.005 
  21   (0.034) 0.010 0.006 0.081 0.006 
  22   (0.033) 0.009 0.005 0.045 0.006 
  23   (0.028) 0.044 0.005 0.008 0.005 
  24   (0.032) 0.081 0.005 0.009 0.005 

Locus 77 : locus77 
22 alleles
0.0% missing data
   1   (0.043) 0.012 0.142 0.012 0.011 
   2   (0.038) 0.011 0.090 0.011 0.006 
   3   (0.034) 0.010 0.033 0.010 0.006 
   4   (0.034) 0.010 0.057 0.010 0.009 
   5   (0.043) 0.012 0.197 0.012 0.012 
   6   (0.079) 0.022 0.175 0.237 0.018 
   7   (0.042) 0.012 0.113 0.012 0.012 
   8   (0.033) 0.009 0.033 0.009 0.006 
   9   (0.036) 0.010 0.034 0.010 0.006 
  10   (0.041) 0.012 0.011 0.012 0.198 
  11   (0.067) 0.091 0.015 0.019 0.203 
  12   (0.059) 0.052 0.012 0.017 0.148 
  13   (0.063) 0.018 0.020 0.053 0.141 
  14   (0.034) 0.010 0.006 0.010 0.090 
  15   (0.033) 0.009 0.005 0.010 0.033 
  16   (0.060) 0.089 0.015 0.017 0.060 
  17   (0.045) 0.013 0.007 0.262 0.007 
  18   (0.037) 0.010 0.006 0.153 0.006 
  19   (0.060) 0.089 0.010 0.088 0.010 
  20   (0.043) 0.156 0.007 0.012 0.007 
  21   (0.032) 0.117 0.005 0.009 0.005 
  22   (0.044) 0.228 0.007 0.013 0.007 

Locus 78 : locus78 
20 alleles
0.0% missing data
   1   (0.070) 0.020 0.311 0.056 0.019 
   2   (0.037) 0.010 0.090 0.011 0.006 
   3   (0.036) 0.010 0.062 0.010 0.006 
   4   (0.072) 0.020 0.313 0.092 0.018 
   5   (0.097) 0.027 0.086 0.135 0.085 
   6   (0.032) 0.009 0.005 0.009 0.033 
   7   (0.034) 0.009 0.006 0.010 0.033 
   8   (0.046) 0.013 0.018 0.013 0.163 
   9   (0.072) 0.020 0.014 0.092 0.149 
  10   (0.045) 0.013 0.010 0.013 0.172 
  11   (0.081) 0.023 0.018 0.345 0.092 
  12   (0.079) 0.022 0.018 0.130 0.175 
  13   (0.036) 0.046 0.006 0.010 0.006 
  14   (0.040) 0.119 0.006 0.011 0.007 
  15   (0.044) 0.192 0.007 0.012 0.007 
  16   (0.042) 0.156 0.007 0.012 0.007 
  17   (0.033) 0.045 0.005 0.010 0.006 
  18   (0.039) 0.154 0.006 0.011 0.006 
  19   (0.032) 0.045 0.005 0.009 0.005 
  20   (0.033) 0.045 0.005 0.009 0.005 

Locus 79 : locus79 
21 alleles
0.0% missing data
   1   (0.054) 0.015 0.118 0.051 0.011 
   2   (0.037) 0.010 0.115 0.011 0.008 
   3   (0.088) 0.097 0.176 0.097 0.020 
   4   (0.036) 0.010 0.142 0.010 0.009 
   5   (0.049) 0.050 0.089 0.014 0.011 
   6   (0.091) 0.277 0.070 0.133 0.015 
   7   (0.040) 0.011 0.168 0.012 0.012 
   8   (0.038) 0.011 0.010 0.011 0.143 
   9   (0.034) 0.010 0.006 0.010 0.062 
  10   (0.062) 0.017 0.017 0.125 0.115 
  11   (0.039) 0.011 0.007 0.011 0.201 
  12   (0.051) 0.014 0.008 0.086 0.036 
  13   (0.056) 0.016 0.016 0.051 0.225 
  14   (0.044) 0.012 0.007 0.049 0.035 
  15   (0.056) 0.016 0.014 0.088 0.059 
  16   (0.035) 0.010 0.006 0.117 0.006 
  17   (0.033) 0.009 0.005 0.045 0.006 
  18   (0.059) 0.232 0.010 0.052 0.010 
  19   (0.036) 0.082 0.006 0.010 0.006 
  20   (0.029) 0.044 0.005 0.008 0.005 
  21   (0.031) 0.045 0.005 0.009 0.005 

Locus 80 : locus80 
17 alleles
0.0% missing data
   1   (0.060) 0.017 0.127 0.017 0.087 
   2   (0.071) 0.056 0.067 0.020 0.067 
   3   (0.085) 0.060 0.126 0.024 0.126 
   4   (0.059) 0.017 0.195 0.017 0.048 
   5   (0.058) 0.016 0.050 0.017 0.164 
   6   (0.119) 0.141 0.294 0.034 0.246 
   7   (0.051) 0.014 0.051 0.015 0.049 
   8   (0.066) 0.126 0.014 0.019 0.091 
   9   (0.038) 0.011 0.010 0.011 0.058 
  10   (0.054) 0.051 0.009 0.122 0.009 
  11   (0.064) 0.054 0.010 0.268 0.010 
  12   (0.037) 0.010 0.006 0.117 0.006 
  13   (0.052) 0.051 0.009 0.086 0.009 
  14   (0.057) 0.052 0.009 0.124 0.009 
  15   (0.051) 0.050 0.008 0.086 0.008 
  16   (0.040) 0.155 0.007 0.012 0.007 
  17   (0.038) 0.119 0.006 0.011 0.006 

Locus 81 : locus81 
17 alleles
0.0% missing data
   1   (0.064) 0.018 0.353 0.018 0.042 
   2   (0.032) 0.009 0.034 0.009 0.005 
   3   (0.040) 0.011 0.144 0.011 0.012 
   4   (0.087) 0.060 0.188 0.025 0.094 
   5   (0.052) 0.015 0.052 0.015 0.049 
   6   (0.050) 0.086 0.037 0.014 0.008 
   7   (0.073) 0.021 0.053 0.057 0.082 
   8   (0.074) 0.057 0.017 0.057 0.089 
   9   (0.142) 0.148 0.050 0.362 0.266 
  10   (0.069) 0.019 0.016 0.091 0.196 
  11   (0.092) 0.170 0.016 0.240 0.041 
  12   (0.039) 0.011 0.009 0.011 0.085 
  13   (0.052) 0.086 0.009 0.050 0.008 
  14   (0.032) 0.045 0.005 0.009 0.005 
  15   (0.035) 0.118 0.006 0.010 0.006 
  16   (0.035) 0.082 0.006 0.010 0.006 
  17   (0.032) 0.045 0.005 0.009 0.005 

Locus 82 : locus82 
13 alleles
0.0% missing data
   1   (0.072) 0.020 0.306 0.021 0.056 
   2   (0.095) 0.099 0.172 0.027 0.056 
   3   (0.040) 0.011 0.059 0.012 0.010 
   4   (0.173) 0.085 0.138 0.371 0.223 
   5   (0.064) 0.018 0.071 0.018 0.116 
   6   (0.036) 0.010 0.063 0.010 0.006 
   7   (0.036) 0.010 0.034 0.010 0.006 
   8   (0.062) 0.017 0.049 0.018 0.082 
   9   (0.134) 0.181 0.050 0.288 0.049 
  10   (0.135) 0.325 0.025 0.110 0.212 
  11   (0.046) 0.013 0.014 0.013 0.167 
  12   (0.067) 0.127 0.011 0.090 0.011 
  13   (0.039) 0.083 0.006 0.011 0.006 

Locus 83 : locus83 
18 alleles
0.0% missing data
   1   (0.046) 0.013 0.082 0.013 0.017 
   2   (0.041) 0.012 0.088 0.012 0.009 
   3   (0.045) 0.013 0.230 0.013 0.009 
   4   (0.047) 0.013 0.257 0.014 0.011 
   5   (0.044) 0.012 0.117 0.013 0.009 
   6   (0.040) 0.011 0.059 0.012 0.011 
   7   (0.035) 0.010 0.034 0.010 0.006 
   8   (0.122) 0.106 0.027 0.178 0.290 
   9   (0.075) 0.056 0.022 0.021 0.390 
  10   (0.097) 0.207 0.016 0.063 0.127 
  11   (0.072) 0.093 0.012 0.056 0.040 
  12   (0.067) 0.019 0.011 0.198 0.038 
  13   (0.069) 0.055 0.011 0.234 0.011 
  14   (0.038) 0.011 0.006 0.082 0.006 
  15   (0.048) 0.049 0.008 0.049 0.008 
  16   (0.038) 0.083 0.006 0.011 0.006 
  17   (0.042) 0.191 0.007 0.012 0.007 
  18   (0.034) 0.046 0.006 0.010 0.006 

Locus 84 : locus84 
18 alleles
0.0% missing data
   1   (0.156) 0.224 0.256 0.188 0.129 
   2   (0.076) 0.130 0.068 0.057 0.013 
   3   (0.062) 0.018 0.219 0.053 0.023 
   4   (0.056) 0.016 0.037 0.231 0.009 
   5   (0.084) 0.024 0.092 0.096 0.131 
   6   (0.035) 0.010 0.086 0.010 0.008 
   7   (0.053) 0.015 0.059 0.086 0.014 
   8   (0.028) 0.008 0.032 0.008 0.005 
   9   (0.087) 0.240 0.070 0.025 0.070 
  10   (0.059) 0.016 0.010 0.088 0.123 
  11   (0.038) 0.011 0.008 0.011 0.088 
  12   (0.038) 0.011 0.009 0.011 0.172 
  13   (0.063) 0.089 0.025 0.018 0.107 
  14   (0.031) 0.009 0.005 0.009 0.033 
  15   (0.037) 0.011 0.010 0.011 0.059 
  16   (0.032) 0.009 0.005 0.045 0.005 
  17   (0.029) 0.008 0.005 0.044 0.005 
  18   (0.036) 0.154 0.006 0.010 0.006 

Locus 85 : locus85 
22 alleles
0.0% missing data
   1   (0.027) 0.008 0.032 0.008 0.005 
   2   (0.054) 0.015 0.113 0.051 0.015 
   3   (0.045) 0.013 0.199 0.013 0.010 
   4   (0.043) 0.012 0.252 0.012 0.012 
   5   (0.036) 0.010 0.087 0.010 0.008 
   6   (0.027) 0.008 0.032 0.008 0.005 
   7   (0.033) 0.009 0.061 0.009 0.006 
   8   (0.036) 0.010 0.058 0.010 0.009 
   9   (0.054) 0.015 0.036 0.122 0.009 
  10   (0.063) 0.125 0.014 0.018 0.091 
  11   (0.060) 0.017 0.014 0.088 0.145 
  12   (0.066) 0.162 0.013 0.019 0.120 
  13   (0.074) 0.021 0.020 0.164 0.116 
  14   (0.038) 0.011 0.008 0.011 0.117 
  15   (0.070) 0.091 0.016 0.020 0.259 
  16   (0.058) 0.016 0.010 0.160 0.037 
  17   (0.033) 0.009 0.005 0.045 0.006 
  18   (0.038) 0.011 0.006 0.189 0.006 
  19   (0.040) 0.227 0.007 0.012 0.007 
  20   (0.032) 0.045 0.005 0.009 0.005 
  21   (0.039) 0.119 0.006 0.011 0.007 
  22   (0.032) 0.045 0.005 0.009 0.005 

Locus 86 : locus86 
20 alleles
0.0% missing data
   1   (0.052) 0.015 0.412 0.015 0.015 
   2   (0.038) 0.011 0.086 0.011 0.009 
   3   (0.041) 0.012 0.252 0.012 0.009 
   4   (0.032) 0.009 0.032 0.009 0.005 
   5   (0.031) 0.009 0.032 0.009 0.005 
   6   (0.032) 0.009 0.032 0.009 0.005 
   7   (0.061) 0.053 0.010 0.053 0.039 
   8   (0.079) 0.130 0.019 0.023 0.375 
   9   (0.086) 0.132 0.020 0.096 0.064 
  10   (0.052) 0.051 0.008 0.015 0.066 
  11   (0.035) 0.010 0.009 0.010 0.059 
  12   (0.037) 0.010 0.010 0.011 0.059 
  13   (0.119) 0.213 0.027 0.212 0.153 
  14   (0.050) 0.014 0.008 0.050 0.037 
  15   (0.062) 0.197 0.010 0.018 0.067 
  16   (0.041) 0.011 0.006 0.225 0.007 
  17   (0.035) 0.010 0.006 0.082 0.006 
  18   (0.030) 0.009 0.005 0.044 0.005 
  19   (0.053) 0.087 0.009 0.051 0.009 
  20   (0.034) 0.009 0.005 0.045 0.006 

Locus 87 : locus87 
21 alleles
0.0% missing data
   1   (0.070) 0.020 0.140 0.020 0.134 
   2   (0.076) 0.022 0.105 0.022 0.223 
   3   (0.064) 0.054 0.263 0.018 0.014 
   4   (0.039) 0.011 0.060 0.011 0.010 
   5   (0.044) 0.012 0.205 0.013 0.009 
   6   (0.035) 0.010 0.034 0.010 0.006 
   7   (0.062) 0.162 0.039 0.018 0.010 
   8   (0.065) 0.018 0.059 0.019 0.182 
   9   (0.044) 0.012 0.011 0.013 0.222 
  10   (0.037) 0.011 0.008 0.011 0.114 
  11   (0.041) 0.012 0.007 0.226 0.007 
  12   (0.072) 0.092 0.012 0.235 0.012 
  13   (0.040) 0.011 0.007 0.118 0.007 
  14   (0.041) 0.011 0.007 0.154 0.007 
  15   (0.049) 0.050 0.008 0.050 0.008 
  16   (0.037) 0.082 0.006 0.011 0.006 
  17   (0.037) 0.154 0.006 0.011 0.006 
  18   (0.033) 0.045 0.005 0.010 0.005 
  19   (0.040) 0.083 0.007 0.011 0.006 
  20   (0.038) 0.083 0.006 0.011 0.006 
  21   (0.036) 0.046 0.006 0.010 0.006 

Locus 88 : locus88 
26 alleles
0.0% missing data
   1   (0.062) 0.017 0.140 0.018 0.214 
   2   (0.037) 0.011 0.079 0.011 0.015 
   3   (0.036) 0.010 0.115 0.010 0.006 
   4   (0.035) 0.010 0.085 0.010 0.008 
   5   (0.036) 0.010 0.141 0.010 0.007 
   6   (0.057) 0.016 0.232 0.016 0.061 
   7   (0.032) 0.009 0.085 0.009 0.008 
   8   (0.058) 0.016 0.013 0.124 0.178 
   9   (0.031) 0.009 0.005 0.009 0.063 
  10   (0.063) 0.018 0.010 0.375 0.096 
  11   (0.050) 0.014 0.008 0.050 0.124 
  12   (0.047) 0.013 0.012 0.049 0.061 
  13   (0.042) 0.012 0.007 0.084 0.036 
  14   (0.031) 0.009 0.008 0.009 0.059 
  15   (0.037) 0.010 0.006 0.117 0.006 
  16   (0.034) 0.081 0.005 0.010 0.006 
  17   (0.034) 0.153 0.005 0.010 0.006 
  18   (0.029) 0.044 0.005 0.008 0.005 
  19   (0.029) 0.044 0.005 0.008 0.005 
  20   (0.029) 0.044 0.005 0.008 0.005 
  21   (0.034) 0.081 0.005 0.010 0.006 
  22   (0.030) 0.080 0.005 0.009 0.005 
  23   (0.031) 0.116 0.005 0.009 0.005 
  24   (0.027) 0.043 0.004 0.008 0.005 
  25   (0.035) 0.081 0.006 0.010 0.006 
  26   (0.033) 0.045 0.005 0.009 0.006 

Locus 89 : locus89 
17 alleles
0.0% missing data
   1   (0.085) 0.132 0.173 0.024 0.052 
   2   (0.034) 0.009 0.091 0.010 0.005 
   3   (0.083) 0.131 0.180 0.024 0.045 
   4   (0.035) 0.010 0.059 0.010 0.009 
   5   (0.099) 0.064 0.128 0.100 0.072 
   6   (0.030) 0.008 0.033 0.009 0.005 
   7   (0.076) 0.021 0.180 0.058 0.069 
   8   (0.031) 0.009 0.034 0.009 0.005 
   9   (0.054) 0.015 0.011 0.051 0.144 
  10   (0.068) 0.019 0.014 0.198 0.145 
  11   (0.108) 0.138 0.039 0.138 0.160 
  12   (0.083) 0.059 0.021 0.059 0.225 
  13   (0.031) 0.009 0.005 0.009 0.032 
  14   (0.047) 0.049 0.008 0.049 0.008 
  15   (0.037) 0.010 0.006 0.118 0.006 
  16   (0.063) 0.125 0.011 0.125 0.010 
  17   (0.038) 0.190 0.006 0.011 0.006 

Locus 90 : locus90 
25 alleles
0.0% missing data
   1   (0.031) 0.009 0.033 0.009 0.005 
   2   (0.031) 0.009 0.061 0.009 0.005 
   3   (0.042) 0.012 0.228 0.012 0.010 
   4   (0.069) 0.200 0.084 0.020 0.022 
   5   (0.067) 0.019 0.145 0.019 0.182 
   6   (0.062) 0.053 0.146 0.018 0.015 
   7   (0.046) 0.013 0.036 0.013 0.035 
   8   (0.031) 0.009 0.061 0.009 0.005 
   9   (0.052) 0.015 0.101 0.015 0.056 
  10   (0.038) 0.011 0.011 0.011 0.168 
  11   (0.032) 0.009 0.005 0.009 0.088 
  12   (0.040) 0.011 0.011 0.011 0.196 
  13   (0.037) 0.011 0.008 0.011 0.087 
  14   (0.029) 0.008 0.005 0.008 0.032 
  15   (0.030) 0.009 0.005 0.009 0.033 
  16   (0.035) 0.010 0.006 0.117 0.006 
  17   (0.039) 0.011 0.006 0.154 0.006 
  18   (0.033) 0.009 0.005 0.152 0.005 
  19   (0.061) 0.089 0.010 0.195 0.010 
  20   (0.030) 0.009 0.005 0.080 0.005 
  21   (0.033) 0.009 0.005 0.081 0.005 
  22   (0.032) 0.153 0.005 0.009 0.005 
  23   (0.037) 0.190 0.006 0.011 0.006 
  24   (0.035) 0.082 0.006 0.010 0.006 
  25   (0.027) 0.043 0.004 0.008 0.005 

Locus 91 : locus91 
19 alleles
0.0% missing data
   1   (0.045) 0.013 0.059 0.013 0.011 
   2   (0.049) 0.014 0.396 0.014 0.011 
   3   (0.067) 0.019 0.039 0.198 0.011 
   4   (0.070) 0.020 0.039 0.163 0.012 
   5   (0.051) 0.014 0.169 0.015 0.015 
   6   (0.046) 0.013 0.171 0.013 0.011 
   7   (0.049) 0.014 0.013 0.014 0.199 
   8   (0.078) 0.094 0.018 0.022 0.175 
   9   (0.050) 0.014 0.011 0.014 0.172 
  10   (0.043) 0.012 0.007 0.012 0.063 
  11   (0.076) 0.057 0.018 0.022 0.230 
  12   (0.039) 0.011 0.006 0.011 0.034 
  13   (0.052) 0.015 0.008 0.229 0.009 
  14   (0.039) 0.011 0.006 0.082 0.007 
  15   (0.038) 0.011 0.006 0.082 0.006 
  16   (0.065) 0.126 0.011 0.054 0.011 
  17   (0.052) 0.230 0.008 0.015 0.009 
  18   (0.047) 0.193 0.008 0.014 0.008 
  19   (0.043) 0.120 0.007 0.012 0.007 

Locus 92 : locus92 
18 alleles
0.0% missing data
   1   (0.074) 0.021 0.119 0.057 0.071 
   2   (0.091) 0.061 0.176 0.169 0.021 
   3   (0.053) 0.015 0.064 0.015 0.064 
   4   (0.065) 0.018 0.122 0.126 0.011 
   5   (0.085) 0.024 0.104 0.060 0.231 
   6   (0.078) 0.022 0.209 0.058 0.067 
   7   (0.055) 0.016 0.043 0.016 0.143 
   8   (0.098) 0.207 0.064 0.171 0.023 
   9   (0.053) 0.015 0.036 0.122 0.009 
  10   (0.033) 0.009 0.009 0.010 0.058 
  11   (0.039) 0.011 0.009 0.011 0.200 
  12   (0.034) 0.009 0.005 0.010 0.062 
  13   (0.061) 0.161 0.010 0.089 0.010 
  14   (0.049) 0.086 0.008 0.050 0.008 
  15   (0.035) 0.118 0.006 0.010 0.006 
  16   (0.034) 0.081 0.005 0.010 0.006 
  17   (0.033) 0.081 0.005 0.010 0.005 
  18   (0.031) 0.045 0.005 0.009 0.005 

Locus 93 : locus93 
17 alleles
0.0% missing data
   1   (0.101) 0.100 0.249 0.029 0.065 
   2   (0.067) 0.019 0.168 0.019 0.051 
   3   (0.095) 0.062 0.178 0.027 0.132 
   4   (0.103) 0.101 0.178 0.030 0.135 
   5   (0.038) 0.011 0.063 0.011 0.006 
   6   (0.111) 0.247 0.066 0.032 0.218 
   7   (0.071) 0.056 0.017 0.020 0.254 
   8   (0.061) 0.053 0.021 0.017 0.081 
   9   (0.035) 0.010 0.006 0.045 0.006 
  10   (0.045) 0.013 0.007 0.191 0.007 
  11   (0.033) 0.009 0.005 0.045 0.005 
  12   (0.036) 0.010 0.006 0.046 0.006 
  13   (0.048) 0.013 0.008 0.335 0.008 
  14   (0.037) 0.010 0.006 0.082 0.006 
  15   (0.033) 0.009 0.006 0.045 0.005 
  16   (0.042) 0.156 0.007 0.012 0.007 
  17   (0.042) 0.120 0.007 0.012 0.007 

Locus 94 : locus94 
20 alleles
0.0% missing data
   1   (0.042) 0.012 0.116 0.012 0.009 
   2   (0.048) 0.013 0.335 0.014 0.013 
   3   (0.035) 0.010 0.033 0.010 0.006 
   4   (0.050) 0.050 0.036 0.014 0.008 
   5   (0.037) 0.010 0.169 0.011 0.009 
   6   (0.033) 0.009 0.033 0.009 0.005 
   7   (0.037) 0.011 0.087 0.011 0.008 
   8   (0.040) 0.011 0.058 0.011 0.010 
   9   (0.056) 0.052 0.012 0.016 0.090 
  10   (0.073) 0.164 0.020 0.021 0.172 
  11   (0.096) 0.063 0.022 0.099 0.431 
  12   (0.136) 0.362 0.028 0.325 0.100 
  13   (0.061) 0.017 0.010 0.125 0.066 
  14   (0.052) 0.087 0.008 0.015 0.036 
  15   (0.042) 0.012 0.007 0.154 0.007 
  16   (0.031) 0.009 0.005 0.045 0.005 
  17   (0.033) 0.009 0.005 0.045 0.005 
  18   (0.032) 0.009 0.005 0.045 0.005 
  19   (0.035) 0.046 0.006 0.010 0.006 
  20   (0.032) 0.045 0.005 0.009 0.005 

Locus 95 : locus95 
21 alleles
0.0% missing data
   1   (0.078) 0.022 0.262 0.022 0.265 
   2   (0.073) 0.021 0.340 0.021 0.155 
   3   (0.032) 0.009 0.033 0.009 0.005 
   4   (0.056) 0.016 0.132 0.016 0.053 
   5   (0.057) 0.016 0.060 0.016 0.154 
   6   (0.031) 0.009 0.033 0.009 0.005 
   7   (0.049) 0.014 0.036 0.014 0.036 
   8   (0.033) 0.009 0.005 0.010 0.062 
   9   (0.041) 0.011 0.009 0.012 0.172 
  10   (0.065) 0.090 0.010 0.197 0.011 
  11   (0.065) 0.090 0.011 0.196 0.011 
  12   (0.056) 0.052 0.009 0.123 0.009 
  13   (0.061) 0.089 0.010 0.125 0.010 
  14   (0.050) 0.086 0.008 0.050 0.008 
  15   (0.036) 0.010 0.006 0.082 0.006 
  16   (0.049) 0.050 0.008 0.050 0.008 
  17   (0.032) 0.045 0.005 0.009 0.005 
  18   (0.034) 0.081 0.005 0.010 0.006 
  19   (0.037) 0.154 0.006 0.011 0.006 
  20   (0.037) 0.082 0.006 0.010 0.006 
  21   (0.029) 0.044 0.005 0.008 0.005 

Locus 96 : locus96 
15 alleles
0.0% missing data
   1   (0.112) 0.175 0.073 0.032 0.214 
   2   (0.073) 0.021 0.121 0.128 0.015 
   3   (0.094) 0.062 0.055 0.027 0.422 
   4   (0.084) 0.024 0.087 0.095 0.052 
   5   (0.093) 0.026 0.305 0.062 0.060 
   6   (0.113) 0.068 0.184 0.068 0.104 
   7   (0.069) 0.271 0.039 0.020 0.011 
   8   (0.064) 0.018 0.083 0.054 0.022 
   9   (0.067) 0.127 0.017 0.019 0.061 
  10   (0.046) 0.013 0.008 0.262 0.008 
  11   (0.037) 0.010 0.006 0.082 0.006 
  12   (0.037) 0.011 0.006 0.082 0.006 
  13   (0.036) 0.010 0.006 0.046 0.006 
  14   (0.035) 0.045 0.006 0.010 0.006 
  15   (0.041) 0.119 0.007 0.012 0.007 

Locus 97 : locus97 
22 alleles
0.0% missing data
   1   (0.032) 0.009 0.034 0.009 0.005 
   2   (0.077) 0.130 0.098 0.058 0.013 
   3   (0.095) 0.243 0.065 0.134 0.022 
   4   (0.089) 0.169 0.086 0.097 0.027 
   5   (0.067) 0.019 0.177 0.197 0.015 
   6   (0.041) 0.012 0.285 0.012 0.012 
   7   (0.053) 0.086 0.065 0.015 0.009 
   8   (0.053) 0.015 0.037 0.087 0.009 
   9   (0.031) 0.009 0.034 0.009 0.005 
  10   (0.046) 0.013 0.036 0.049 0.008 
  11   (0.032) 0.009 0.005 0.009 0.033 
  12   (0.041) 0.012 0.013 0.012 0.275 
  13   (0.036) 0.010 0.006 0.010 0.088 
  14   (0.034) 0.009 0.006 0.010 0.060 
  15   (0.039) 0.011 0.011 0.011 0.194 
  16   (0.028) 0.008 0.005 0.008 0.032 
  17   (0.039) 0.011 0.010 0.011 0.139 
  18   (0.030) 0.009 0.005 0.009 0.032 
  19   (0.030) 0.009 0.005 0.044 0.005 
  20   (0.038) 0.011 0.006 0.189 0.006 
  21   (0.036) 0.154 0.006 0.010 0.006 
  22   (0.032) 0.045 0.005 0.009 0.005 

Locus 98 : locus98 
12 alleles
0.0% missing data
   1   (0.095) 0.027 0.050 0.241 0.149 
   2   (0.101) 0.136 0.174 0.029 0.137 
   3   (0.095) 0.099 0.172 0.027 0.138 
   4   (0.091) 0.097 0.070 0.062 0.043 
   5   (0.123) 0.071 0.218 0.142 0.128 
   6   (0.132) 0.145 0.159 0.109 0.162 
   7   (0.099) 0.064 0.057 0.171 0.059 
   8   (0.064) 0.162 0.060 0.018 0.016 
   9   (0.064) 0.018 0.017 0.089 0.117 
  10   (0.068) 0.091 0.011 0.055 0.039 
  11   (0.032) 0.009 0.005 0.045 0.005 
  12   (0.035) 0.081 0.006 0.010 0.006 

Locus 99 : locus99 
26 alleles
0.0% missing data
   1   (0.052) 0.051 0.119 0.015 0.011 
   2   (0.061) 0.017 0.284 0.053 0.017 
   3   (0.054) 0.051 0.115 0.016 0.015 
   4   (0.059) 0.017 0.066 0.160 0.010 
   5   (0.057) 0.052 0.203 0.016 0.012 
   6   (0.031) 0.009 0.033 0.009 0.005 
   7   (0.026) 0.007 0.032 0.008 0.004 
   8   (0.047) 0.013 0.036 0.049 0.008 
   9   (0.043) 0.012 0.012 0.012 0.389 
  10   (0.036) 0.010 0.006 0.010 0.089 
  11   (0.037) 0.010 0.009 0.011 0.251 
  12   (0.034) 0.010 0.008 0.010 0.086 
  13   (0.047) 0.049 0.008 0.014 0.035 
  14   (0.037) 0.010 0.006 0.189 0.006 
  15   (0.027) 0.008 0.004 0.043 0.004 
  16   (0.027) 0.008 0.005 0.043 0.005 
  17   (0.038) 0.011 0.006 0.189 0.006 
  18   (0.031) 0.009 0.005 0.045 0.005 
  19   (0.031) 0.009 0.005 0.044 0.005 
  20   (0.028) 0.044 0.005 0.008 0.004 
  21   (0.035) 0.297 0.006 0.010 0.006 
  22   (0.030) 0.044 0.005 0.009 0.005 
  23   (0.034) 0.045 0.006 0.010 0.006 
  24   (0.040) 0.119 0.007 0.012 0.007 
  25   (0.028) 0.044 0.005 0.008 0.005 
  26   (0.029) 0.044 0.005 0.008 0.005 

Locus 100 : locus100 
18 alleles
0.0% missing data
   1   (0.041) 0.012 0.144 0.012 0.008 
   2   (0.044) 0.012 0.226 0.013 0.011 
   3   (0.092) 0.170 0.051 0.026 0.118 
   4   (0.047) 0.013 0.310 0.014 0.012 
   5   (0.038) 0.011 0.087 0.011 0.009 
   6   (0.075) 0.129 0.040 0.022 0.040 
   7   (0.066) 0.018 0.011 0.233 0.067 
   8   (0.083) 0.023 0.026 0.202 0.141 
   9   (0.064) 0.126 0.016 0.019 0.061 
  10   (0.075) 0.201 0.015 0.022 0.121 
  11   (0.059) 0.052 0.016 0.017 0.115 
  12   (0.077) 0.129 0.020 0.022 0.202 
  13   (0.047) 0.049 0.008 0.014 0.036 
  14   (0.050) 0.014 0.008 0.050 0.036 
  15   (0.039) 0.011 0.006 0.153 0.007 
  16   (0.032) 0.009 0.005 0.045 0.005 
  17   (0.035) 0.010 0.006 0.082 0.006 
  18   (0.035) 0.010 0.006 0.046 0.006 

Values of parameters used in structure:
DATAFILE=parentandhybrid5.str,	OUTFILE=parentandhybrid4Deme_2,	NUMINDS=50,	NUMLOCI=100,	MISSING=0,	LABEL=1,	POPDATA=0,	POPFLAG=0,	PHENOTYPE=0,	EXTRACOLS=0,	MAXPOPS=4,	BURNIN=200000,	NUMREPS=200000,	USEPOPINFO=0,	INFERALPHA=1,	INFERLAMBDA=0,	POPSPECIFICLAMBDA=0,	POPALPHAS=0,	COMPUTEPROB=1,	NOADMIX=0,	ADMBURNIN=500,	UPDATEFREQ=100,	PRINTLIKES=0,	INTERMEDSAVE=0,	PRINTKLD=0,	PRINTNET=1,	PRINTLAMBDA=1,	ANCESTDIST=0,	NUMBOXES=1000,	ANCESTPINT=0.90000,	GENSBACK=2,	MIGRPRIOR=0.01000,	PRINTQHAT=0,	PRINTQSUM=1,	ALPHA=1.0000,	FREQSCORR=1,	FPRIORMEAN=0.0100,	FPRIORSD=0.0500,	ONEFST=0,	LAMBDA=1.0000,	UNIFPRIORALPHA=1,	ALPHAMAX=10.0000,	ALPHAPRIORA=1.0000,	ALPHAPRIORB=2.0000,	ALPHAPROPSD=0.0250,	STARTATPOPINFO=0,	RANDOMIZE=1,	LINKAGE=0,	METROFREQ=10,	REPORTHITRATE=0,	MARKOVPHASE=0,	PHASED=0,	PLOIDY=2,	PHASEINFO=0	LOCPRIOR=0, 	LOCPRIORINIT=1.000000, 	LOCDATA=0, 	LOCISPOP=0, 	LOCPRIORSTEP=0.100000, 	MAXLOCPRIOR=20.000000, 	SEED=1658869896,	
[STRAT parameters]:    NUMSIMSTATS=1000,	PHENOTYPECOL=-9,	POOLFREQ=10,	LOCUSxONLY=0,	EMERROR=0.00100,	MISSINGPHENO=-9,	