1667247575
1667247580
1667247585
1667247590
1667247595
1667247600
1667247605
1667247610
1667247615
1667247620
1667247625
1667247630
1667247635
1667247640
1667247645
1667247650
1667247655
1667247660
1667247665
1667247670
1667247675
1667247680
1667247685
1667247690
1667247695
1667247700
1667247705
1667247710
1667247715
1667247720
1667247725
1667247730
1667247735
1667247740
1667247745
1667247750
1667247755
1667247760
1667247765
1667247770
1667247775
1667247780
1667247785
1667247790
1667247795
1667247800
1667247805
1667247810
1667247816
1667247821
