1666877795
1666877800
1666877805
1666877810
1666877815
1666877820
1666877825
1666877830
1666877835
1666877840
1666877845
1666877850
1666877855
1666877860
1666877865
1666877870
1666877875
1666877880
1666877885
1666877890
1666877895
1666877900
1666877905
1666877910
1666877915
1666877920
1666877925
1666877930
1666877935
1666877940
1666877945
1666877950
1666877955
1666877961
1666877966
1666877971
1666877976
1666877981
1666877986
1666877991
1666877996
1666878001
1666878006
1666878011
1666878016
1666878021
1666878026
1666878031
1666878036
1666878041
