1665406820
1665406825
1665406830
1665406835
1665406840
1665851073
1665851078
1665851083
1665851088
1665851093
1665851098
1665851103
1665851108
1665851113
1665851118
1665851123
1665851128
1665851133
1665851138
1665851143
1665851148
1665851153
1665851158
1665851163
1665851168
1665851173
1665851178
1665851183
1665851188
1665851193
1665851198
1665851203
1665851208
1665851213
1665851219
1665851224
1665851229
1665851234
1665851239
1665851244
1665851249
1665851254
1665851259
1665851264
1665851269
1665851274
1665851279
1665851284
1665851289
1665851294
1665851299
1665851304
1665851309
1665851314
1665851319
