ind	pop	locus1	locus2	locus3	locus4	locus5	locus6	locus7	locus8	locus9	locus10	locus11	locus12	locus13	locus14	locus15	locus16	locus17	locus18	locus19	locus20	locus21	locus22	locus23	locus24	locus25	locus26	locus27	locus28	locus29	locus30	locus31	locus32	locus33	locus34	locus35	locus36	locus37	locus38	locus39	locus40	locus41	locus42	locus43	locus44	locus45	locus46	locus47	locus48	locus49	locus50	locus51	locus52	locus53	locus54	locus55	locus56	locus57	locus58	locus59	locus60	locus61	locus62	locus63	locus64	locus65	locus66	locus67	locus68	locus69	locus70	locus71	locus72	locus73	locus74	locus75	locus76	locus77	locus78	locus79	locus80	locus81	locus82	locus83	locus84	locus85	locus86	locus87	locus88	locus89	locus90	locus91	locus92	locus93	locus94	locus95	locus96	locus97	locus98	locus99	locus100
01	1	1	1	1	1	1	1	1	1	1	1	1	1	1	1	1	1	1	1	1	1	1	1	1	1	1	1	1	1	1	1	1	1	1	1	1	1	1	1	1	1	1	1	1	1	1	1	1	1	1	1	1	1	1	1	1	1	1	1	1	1	1	1	1	1	1	1	1	1	1	1	1	1	1	1	1	1	1	1	1	1	1	1	1	1	1	1	1	1	1	1	1	1	1	1	1	1	1	1	1	1
01	1	2	2	2	2	2	2	2	2	2	2	1	2	1	2	1	2	2	2	2	1	1	2	2	2	1	2	2	2	2	2	2	2	2	2	2	2	2	2	2	2	2	2	2	2	2	2	2	2	2	2	2	2	2	1	2	2	2	2	2	2	2	1	2	1	2	1	2	2	1	2	2	2	2	2	1	2	2	2	2	2	1	2	2	1	2	2	2	2	1	1	2	1	2	2	2	2	1	2	2	1
02	1	2	2	1	3	3	2	1	1	1	2	1	3	2	1	1	3	3	1	1	2	2	1	3	3	2	2	3	3	3	3	3	3	3	1	3	3	3	1	3	1	1	2	2	1	1	2	2	3	2	1	2	3	3	2	3	3	3	2	3	3	1	2	3	2	3	2	1	3	1	1	3	3	3	3	2	3	3	3	3	3	2	3	3	2	3	3	3	2	2	2	2	1	1	2	2	1	1	2	3	1
02	1	3	3	3	3	4	3	3	3	2	3	2	3	3	3	2	4	4	3	3	3	2	1	3	4	2	3	3	3	4	4	4	4	4	3	4	4	4	3	4	3	2	3	3	2	2	3	3	4	3	2	3	4	4	2	4	4	4	3	4	4	3	3	4	3	4	3	3	4	2	3	4	3	3	4	3	3	4	4	4	4	3	4	4	3	3	4	4	3	3	3	3	2	2	3	3	2	1	3	4	2
03	1	2	4	3	2	2	4	4	2	1	2	3	3	4	3	1	2	2	4	4	1	3	1	1	4	1	1	1	1	1	1	4	5	4	3	5	5	5	4	5	4	2	2	4	3	1	4	4	5	1	2	1	1	4	1	1	1	1	1	1	1	1	1	1	2	3	1	3	1	1	2	5	3	1	4	2	1	1	1	1	5	1	1	5	4	1	2	1	1	3	3	1	2	3	1	1	1	2	4	1	1
03	1	4	4	3	3	4	5	4	4	3	4	4	4	5	4	3	4	3	5	5	3	4	3	4	5	1	4	3	4	3	3	5	6	5	4	6	6	5	5	6	5	3	4	5	4	3	5	5	6	3	3	3	4	5	2	5	5	5	4	5	5	3	2	3	3	5	2	4	3	2	3	6	4	4	5	4	4	1	5	3	6	4	5	6	5	4	5	4	2	4	4	4	3	3	4	4	3	3	5	5	3
04	1	1	2	1	3	2	5	4	1	2	4	3	1	2	4	3	2	1	3	1	1	2	3	3	3	1	5	3	5	2	2	1	3	6	1	3	6	3	5	3	1	2	2	2	5	2	2	2	2	1	2	4	3	3	1	2	2	2	3	6	3	4	4	2	3	3	3	4	5	3	2	1	5	2	5	1	5	3	2	5	1	2	3	3	2	3	3	5	2	2	2	5	1	1	5	1	3	1	1	2	1
04	1	2	5	3	4	5	6	5	5	2	4	4	3	5	4	4	5	5	5	6	2	5	4	5	4	3	6	4	6	5	5	3	5	7	5	5	7	3	6	4	4	4	2	6	6	2	5	6	4	4	4	4	3	6	3	6	3	6	5	7	3	5	5	5	4	6	4	5	6	4	4	2	6	2	6	5	6	5	6	6	2	5	4	4	2	3	6	6	3	5	4	6	4	3	6	5	4	3	6	6	4
05	1	1	2	1	1	2	2	1	1	1	3	1	3	2	1	2	3	3	3	1	1	3	1	2	6	1	6	1	2	4	2	4	1	4	1	4	1	2	1	4	3	1	1	2	6	2	2	3	4	4	1	2	5	2	2	3	2	2	3	3	4	1	3	5	3	3	3	5	6	4	4	1	7	1	3	3	1	1	1	7	1	1	6	5	1	1	1	1	1	1	4	1	1	1	1	1	1	1	1	1	1
05	1	3	2	3	3	4	5	1	2	1	5	3	5	5	1	5	6	6	6	7	2	6	5	6	7	4	7	5	7	5	6	6	4	8	6	7	6	4	4	7	6	4	2	7	7	4	3	6	7	5	4	5	6	5	4	7	6	7	6	4	6	5	5	6	4	7	5	6	7	4	5	7	8	4	5	6	7	3	5	8	7	6	7	7	4	5	7	7	4	6	5	4	5	1	7	6	4	3	5	6	5
06	1	1	1	1	1	2	3	1	1	1	4	3	3	3	1	1	6	4	5	7	3	4	6	6	5	5	8	5	7	2	6	4	4	8	1	4	4	2	1	5	1	4	5	2	2	2	1	2	2	2	1	6	2	3	2	1	6	8	5	3	7	3	1	3	3	3	2	3	3	1	1	1	5	2	7	5	8	2	7	6	1	1	5	1	6	1	1	1	1	3	1	4	5	2	4	7	3	3	7	5	4
06	1	5	4	3	3	4	7	6	2	1	5	4	5	5	3	5	7	6	6	8	4	5	6	7	5	6	8	6	8	6	7	4	5	8	4	5	5	2	6	8	3	5	6	8	6	4	5	3	7	6	5	7	3	7	5	2	7	9	5	3	7	6	6	3	5	8	5	6	7	2	6	8	5	5	8	5	9	2	7	9	2	4	6	6	7	4	2	5	2	7	4	4	5	4	7	8	3	4	7	6	5
07	1	2	2	1	2	2	2	2	1	1	2	1	3	5	2	2	2	2	2	4	5	6	1	2	3	7	4	3	2	4	2	3	7	5	5	3	3	3	3	3	1	1	1	3	1	1	3	4	3	3	2	2	3	2	2	1	8	6	4	3	7	1	3	1	3	1	1	6	4	3	1	1	5	2	1	5	5	2	7	9	1	4	5	5	4	1	5	5	2	3	4	4	5	2	2	2	2	2	2	4	1
07	1	2	4	2	2	6	3	6	2	2	2	2	6	6	5	5	8	7	2	9	6	7	1	8	6	8	4	7	2	5	5	6	7	9	7	3	8	6	7	3	1	2	6	9	8	1	4	7	8	3	6	6	5	8	3	1	9	7	7	6	7	2	7	6	4	9	5	7	7	4	5	2	5	5	9	7	8	6	8	10	2	6	6	6	6	5	6	6	4	6	4	7	6	3	8	9	4	4	4	6	6
08	1	2	4	2	3	4	4	4	2	3	2	5	2	4	2	6	2	1	5	1	3	2	1	2	2	1	2	2	3	2	2	1	4	6	4	1	9	2	3	4	1	4	2	2	6	2	1	2	2	1	1	7	1	4	2	1	1	1	1	4	1	2	5	1	1	3	3	1	1	4	3	1	2	2	6	1	1	2	2	5	1	7	8	4	8	1	4	4	2	3	2	3	2	4	3	3	1	1	3	3	2
08	1	6	6	4	5	5	4	6	2	3	4	6	3	7	4	6	7	6	7	6	6	8	2	9	3	2	2	3	6	3	3	4	7	8	5	5	9	6	8	5	4	4	5	10	7	5	2	2	4	6	2	8	7	9	6	5	5	5	8	4	8	7	6	6	3	4	3	5	7	5	3	2	4	6	9	5	6	5	6	6	2	8	9	5	9	3	8	6	5	8	3	6	5	5	4	10	4	4	7	5	4
09	1	4	4	1	3	2	3	2	2	1	2	1	2	2	1	2	3	3	3	1	2	5	1	2	1	5	8	1	6	2	2	3	3	7	3	1	6	3	5	3	1	1	2	3	1	1	1	2	2	3	1	2	4	4	2	1	2	1	1	1	1	1	1	1	1	1	1	1	1	1	1	1	4	1	5	1	1	1	6	1	2	3	5	4	5	3	4	4	2	3	3	4	5	1	2	5	3	3	3	6	5
09	1	5	5	5	5	2	5	6	6	1	4	2	3	6	2	6	7	7	6	2	7	8	6	6	6	9	9	6	9	3	6	4	6	8	5	3	7	5	5	6	3	6	3	6	9	6	3	3	3	6	1	9	8	8	7	8	8	9	7	6	7	3	2	3	5	8	2	3	3	6	2	1	4	6	9	6	5	5	9	5	5	4	8	8	8	4	4	4	2	3	4	5	6	4	7	6	4	5	7	6	7
10	1	2	2	1	2	2	3	1	2	1	2	1	4	1	4	3	2	1	2	1	1	5	1	2	5	5	1	7	2	1	2	4	4	4	5	5	9	6	3	5	1	2	2	2	2	2	2	2	2	2	2	2	3	10	2	2	1	10	3	3	2	2	2	3	2	3	2	6	3	2	3	1	1	1	1	1	1	1	1	1	1	6	6	2	4	1	5	4	2	6	2	5	5	2	4	2	1	4	3	1	4
10	1	4	5	1	5	3	3	6	6	3	6	1	4	8	6	7	9	1	5	7	8	6	6	10	6	8	5	8	9	3	6	6	8	8	5	6	9	7	3	5	4	4	5	2	6	5	2	2	2	6	2	6	3	11	4	2	2	11	9	6	3	3	3	6	4	7	4	8	6	7	4	9	8	7	3	2	10	1	5	11	6	9	10	7	6	6	6	6	4	9	6	6	6	4	8	7	3	5	7	5	8
11	2	6	7	2	2	7	8	1	7	4	6	4	7	5	7	4	9	1	7	10	1	6	2	7	8	10	10	8	10	7	8	7	6	10	8	6	10	8	2	9	7	5	3	7	10	6	6	1	2	7	2	7	9	12	8	1	10	12	3	8	9	4	3	7	6	4	6	9	4	8	2	10	9	6	10	8	4	1	10	12	3	8	11	9	3	7	5	8	6	2	7	8	7	6	2	11	1	6	5	7	9
11	2	7	8	6	2	8	9	7	8	4	7	7	8	9	8	8	9	8	8	11	1	9	7	11	9	10	11	9	10	8	9	8	8	11	8	8	11	9	9	10	7	7	7	11	11	6	7	2	2	8	7	10	10	13	9	5	11	13	4	9	10	8	4	8	7	10	7	10	4	9	7	11	10	7	11	9	11	7	11	13	8	10	12	10	4	8	9	9	7	10	7	9	7	7	9	12	4	7	8	8	9
12	2	6	7	2	2	7	10	1	8	4	6	8	9	10	6	9	9	3	7	12	5	1	7	12	8	10	11	6	11	9	10	9	3	2	9	9	12	6	10	11	8	8	3	8	12	2	4	3	3	9	1	10	9	9	8	1	10	12	2	8	11	4	3	7	8	6	6	10	1	10	3	11	9	8	10	8	4	1	10	12	8	1	12	9	3	9	8	10	1	2	6	1	7	8	9	11	4	6	9	7	2
12	2	7	9	7	3	8	11	7	9	4	8	9	10	10	9	9	9	9	9	13	8	9	8	13	10	11	12	10	12	10	10	10	9	12	10	10	13	10	11	12	9	9	8	11	13	7	8	7	5	10	5	11	11	12	10	9	12	14	3	8	11	7	7	9	9	11	8	11	8	10	8	12	11	9	12	10	12	7	12	14	9	11	13	11	9	10	10	11	1	3	7	10	8	9	10	13	5	8	10	8	9
13	2	8	8	6	1	7	8	7	10	1	2	8	7	10	7	9	2	3	7	11	3	4	2	11	8	10	12	6	11	4	9	8	6	7	8	4	10	11	9	11	7	4	3	11	14	4	4	2	7	7	1	10	11	9	10	1	10	14	2	8	6	2	8	7	6	1	9	12	4	8	4	6	10	1	13	9	3	7	13	14	7	8	6	3	1	11	10	8	2	3	6	9	9	10	8	11	3	3	8	7	2
13	2	9	10	8	1	9	12	8	11	4	4	9	9	11	7	10	5	9	9	12	7	6	8	14	9	11	13	6	13	11	10	9	10	11	11	8	14	12	12	11	10	5	9	12	14	6	9	8	9	11	2	11	12	14	11	6	12	14	6	10	7	7	8	10	10	10	10	13	5	11	4	13	12	2	14	11	12	8	14	15	10	11	9	12	3	12	11	10	8	9	8	9	10	11	11	14	5	7	10	7	10
14	2	1	10	3	6	10	10	1	5	3	3	7	10	6	7	3	2	1	2	2	4	6	2	11	9	10	13	6	14	3	9	9	3	1	9	6	2	6	9	11	7	7	7	1	12	6	10	1	3	12	7	4	13	13	11	1	10	1	2	10	6	4	1	9	8	6	6	10	1	10	2	7	11	1	12	10	12	9	15	16	7	12	9	3	3	11	8	4	3	3	2	10	11	7	3	12	6	7	10	9	11
14	2	10	11	4	6	11	13	3	10	5	9	7	11	7	7	4	8	6	7	4	9	9	7	14	11	12	13	6	15	11	11	11	6	13	11	9	12	12	10	11	8	7	9	3	14	6	10	1	4	13	7	4	14	14	11	6	13	14	3	11	7	7	3	10	9	12	11	11	8	12	5	14	12	9	13	12	13	10	16	16	9	13	14	12	4	13	12	8	9	11	7	11	12	11	6	15	6	9	11	10	12
15	2	1	6	3	2	7	12	1	8	6	3	8	9	4	6	8	1	5	3	11	8	1	1	7	9	10	13	6	13	11	8	8	6	3	8	1	15	11	9	11	11	5	7	1	11	4	4	1	2	7	1	7	10	12	9	9	11	13	4	8	9	1	8	10	7	6	10	14	1	11	4	13	12	5	11	13	4	7	13	15	6	8	12	3	1	7	1	8	3	2	7	9	13	7	8	11	3	6	7	11	9
15	2	7	9	9	2	8	14	9	9	7	4	9	10	12	10	10	10	7	10	12	10	6	9	11	12	13	14	6	16	12	9	8	6	10	11	4	16	13	13	12	12	10	9	12	14	6	4	8	10	8	8	7	11	13	9	9	11	13	7	12	10	7	8	10	11	10	12	14	5	11	9	15	13	9	15	13	14	11	15	17	6	10	13	12	6	13	13	11	10	10	9	12	14	9	10	13	7	10	8	11	13
16	2	6	7	2	2	9	11	2	8	8	6	9	7	1	8	10	1	3	6	10	3	6	2	11	9	10	13	6	11	9	9	8	1	10	9	5	16	4	9	11	8	7	7	3	12	2	10	1	4	12	7	1	13	15	11	1	14	12	3	9	4	2	5	7	8	4	6	10	4	8	1	6	10	1	11	11	7	7	11	18	3	6	6	13	3	7	8	2	6	10	9	8	12	8	8	16	3	9	12	3	14
16	2	7	8	5	7	12	13	2	9	9	9	10	10	11	11	10	11	9	6	13	7	9	7	15	13	11	15	11	15	11	9	9	6	12	12	6	17	14	14	12	12	11	9	13	12	6	10	7	4	12	9	4	13	15	12	7	15	15	4	13	7	2	9	7	8	10	12	12	8	10	3	16	14	5	14	14	12	8	14	19	10	10	15	14	4	8	10	11	9	11	9	8	14	12	10	17	4	11	13	7	15
17	2	6	8	2	2	7	10	2	8	1	5	7	9	7	7	4	1	6	2	4	1	4	2	11	8	10	10	6	10	7	12	8	11	3	8	11	13	13	10	11	11	10	7	8	12	4	11	1	5	9	2	9	13	13	11	7	13	14	3	10	6	7	3	7	7	6	6	10	1	8	1	11	13	9	12	9	3	7	11	13	7	13	1	9	4	12	11	8	7	3	4	9	7	7	10	11	4	6	8	8	9
17	2	7	10	10	6	9	11	8	9	9	6	8	10	10	8	11	2	10	9	14	9	10	8	14	14	11	12	12	17	8	13	12	12	13	13	12	14	15	13	12	13	12	8	10	15	8	12	9	10	14	10	10	13	16	13	7	15	15	4	14	6	7	8	10	8	10	12	14	9	11	4	11	14	9	13	12	12	10	17	14	11	14	14	12	9	13	12	11	9	11	7	10	8	13	12	12	6	7	14	9	16
18	2	8	7	5	3	7	14	1	7	5	2	11	8	5	8	8	9	1	8	6	1	4	8	13	8	11	12	6	11	4	10	7	6	11	8	4	18	16	2	11	12	5	1	3	10	2	9	2	4	12	1	7	10	12	8	1	10	13	4	8	9	1	3	7	8	11	6	11	5	10	2	7	12	1	12	10	12	7	3	15	6	6	1	13	4	7	1	10	6	2	7	13	5	2	8	12	6	7	10	8	14
18	2	10	8	5	7	11	15	2	9	10	9	11	12	5	8	8	9	8	8	11	1	9	8	14	8	11	13	10	12	9	14	7	12	11	8	6	19	16	2	11	12	7	9	11	12	3	10	7	7	15	11	7	11	13	9	9	11	13	7	12	10	4	7	9	9	11	8	15	9	13	7	12	15	6	13	14	13	11	16	16	9	8	1	15	4	7	5	10	11	10	7	14	15	7	10	18	6	9	11	10	17
19	2	6	7	5	2	7	9	2	7	7	4	11	3	1	11	12	9	2	3	9	1	9	8	10	8	10	10	9	10	1	8	7	8	10	8	6	18	7	9	12	7	11	9	8	14	2	4	3	4	10	4	10	12	13	8	7	11	12	3	8	9	7	3	8	6	1	6	10	4	8	2	11	11	2	14	12	12	7	12	15	6	6	11	12	4	7	3	2	6	10	7	12	4	1	2	11	1	7	6	8	10
19	2	6	9	9	7	11	16	9	7	10	9	11	8	5	12	13	9	6	8	11	11	10	10	13	10	11	10	10	12	13	14	10	13	14	13	13	20	8	12	13	14	13	10	13	14	3	8	10	9	16	12	12	14	14	8	9	11	13	4	9	10	7	6	9	8	6	9	12	10	13	4	17	15	9	14	12	12	10	18	16	10	8	16	15	9	7	5	10	6	10	10	15	13	9	10	11	7	10	10	11	17
20	2	1	6	6	3	7	8	7	10	7	6	7	9	12	3	4	2	1	6	6	9	4	1	12	12	10	15	9	11	8	8	9	10	11	10	6	10	7	9	11	10	9	9	9	12	2	8	1	5	16	9	9	13	15	9	2	14	14	4	12	3	1	4	8	1	4	7	10	2	9	2	10	9	7	10	8	4	1	10	12	7	1	6	12	4	8	9	11	3	2	7	8	12	7	8	13	4	6	8	7	14
20	2	10	9	11	8	13	11	8	12	10	7	9	10	13	6	8	10	10	9	11	10	11	8	16	14	11	16	11	18	9	8	10	13	15	12	13	20	11	12	12	13	11	11	13	14	7	12	4	9	17	12	10	15	16	11	5	14	15	8	15	6	8	10	8	7	10	12	15	4	10	7	16	12	9	13	12	7	10	19	17	8	10	12	15	6	13	11	11	6	2	9	9	14	12	10	19	6	12	13	10	16
h01	3	2	4	3	2	2	2	1	4	2	2	1	3	8	1	6	5	1	6	1	1	1	1	2	6	2	3	3	9	3	2	1	6	4	4	5	6	6	1	2	1	2	1	2	2	2	2	1	2	2	1	4	1	8	2	2	3	9	2	4	4	2	6	6	4	3	1	1	1	4	1	6	4	2	8	5	1	1	2	6	1	6	6	2	4	5	4	4	4	3	5	3	5	4	3	2	1	1	6	1	1
h01	3	6	10	5	3	11	8	7	10	10	4	11	10	11	8	13	9	6	9	6	7	6	8	16	12	11	13	6	13	12	9	9	7	10	8	6	10	6	13	11	8	11	11	8	14	4	4	5	6	12	9	8	14	12	11	6	10	13	9	11	9	7	7	9	10	6	12	15	1	11	2	8	10	4	13	12	4	1	11	14	6	6	14	15	4	10	9	10	6	11	10	10	5	11	6	12	3	8	14	9	14
h02	3	4	4	4	3	2	2	1	1	2	1	1	3	4	4	2	2	2	6	1	3	1	1	2	1	1	5	7	8	5	2	1	4	9	3	2	9	3	3	5	6	4	2	2	6	2	3	3	4	6	1	3	5	2	1	1	5	6	2	4	4	2	2	4	3	3	3	1	4	3	4	1	6	4	1	5	5	2	1	6	6	6	1	1	3	4	5	5	3	3	3	1	2	2	5	1	1	3	7	1	1
h02	3	6	7	5	6	8	8	1	8	4	7	9	7	9	11	11	9	3	9	12	8	1	1	13	13	10	15	10	13	11	8	9	6	11	11	8	14	14	11	11	8	13	9	12	14	2	6	7	5	13	6	10	15	15	11	2	11	12	7	12	9	7	3	7	8	6	12	14	7	8	5	11	15	9	11	12	7	7	15	18	7	10	4	9	4	8	6	8	4	3	9	8	12	8	10	19	7	9	12	8	10
h03	3	1	4	3	3	2	6	6	2	1	4	3	4	5	2	3	1	6	7	4	1	2	3	4	4	5	6	3	6	1	2	1	4	5	2	4	7	3	8	2	1	4	2	6	8	2	2	4	2	3	2	4	1	4	2	1	5	1	1	1	1	3	2	3	4	2	1	5	4	4	4	1	6	4	5	5	3	2	2	7	1	5	4	3	1	5	3	5	2	2	4	6	3	4	4	5	1	2	3	3	7
h03	3	6	7	5	7	13	8	7	12	4	6	8	8	7	9	9	2	6	8	9	1	6	8	14	9	11	11	8	12	8	8	10	6	11	10	13	11	4	9	12	11	5	7	11	15	2	10	8	4	10	10	4	10	15	9	9	14	9	3	14	10	7	8	9	8	10	12	15	7	9	9	11	10	7	14	8	3	9	10	19	6	8	16	15	4	7	8	11	6	10	9	9	15	7	10	17	7	7	13	9	10
h04	3	2	5	2	2	3	4	1	1	1	2	1	5	2	2	3	5	1	6	8	6	3	1	6	7	1	8	8	9	1	6	4	4	3	5	5	6	3	1	5	3	2	2	2	6	2	1	2	3	2	1	3	3	2	7	7	4	6	4	4	7	6	1	3	3	3	3	1	2	1	1	2	7	1	3	1	1	1	2	5	1	4	5	6	3	1	7	6	1	2	2	3	5	3	6	7	3	3	3	4	1
h04	3	10	8	6	7	11	12	6	8	10	6	11	7	10	6	6	5	10	6	14	7	9	7	14	8	12	12	9	13	4	9	7	12	6	8	10	18	6	12	12	8	9	9	3	14	2	6	2	5	7	3	4	13	13	9	9	10	13	5	8	11	7	2	9	8	4	6	10	7	10	5	15	12	6	10	8	3	7	3	16	6	6	13	9	6	9	11	10	3	3	9	11	9	7	10	13	7	9	8	7	16
h05	3	2	4	1	2	2	5	1	6	1	2	1	1	1	4	4	1	3	5	7	1	1	2	9	6	1	8	1	2	5	5	6	4	7	4	6	9	6	2	5	1	4	2	6	6	2	1	2	4	2	2	2	7	5	2	1	4	1	2	3	7	1	4	6	4	3	1	6	4	1	2	1	5	6	1	1	5	4	2	6	1	3	5	6	6	1	1	6	2	1	3	4	4	2	2	7	1	1	1	5	1
h05	3	6	9	9	3	7	11	1	9	4	6	9	11	13	8	5	2	6	9	10	8	8	6	14	8	12	14	6	14	8	8	7	8	10	8	6	18	10	6	11	12	8	9	11	12	2	8	2	4	16	3	7	13	12	11	6	10	13	4	13	9	1	8	9	9	6	9	11	8	8	4	6	14	8	12	8	7	8	10	15	6	6	11	12	9	7	10	10	7	3	7	11	5	11	10	11	6	7	10	7	13
h06	3	4	4	1	2	3	5	1	1	2	2	4	1	3	1	1	3	1	3	1	1	6	1	3	6	1	1	5	2	1	1	3	1	8	3	6	9	3	4	3	4	2	2	1	1	2	4	2	2	6	2	4	3	7	2	5	5	6	1	4	7	3	3	1	1	1	5	2	4	1	3	1	3	1	8	2	1	1	6	1	1	3	9	4	4	3	1	4	2	1	4	4	3	2	2	6	2	3	3	2	5
h06	3	6	11	8	2	7	8	6	7	4	3	9	9	10	6	13	9	6	8	10	3	9	7	11	10	11	13	11	11	9	10	9	1	12	9	6	11	9	9	11	13	7	10	10	11	6	12	7	7	16	4	7	15	12	8	9	15	14	2	11	10	8	7	10	6	6	9	9	6	8	9	7	12	4	13	12	12	10	14	14	10	8	14	12	6	11	5	4	11	3	10	8	14	9	2	11	3	12	10	11	13
h07	3	4	6	1	2	2	3	4	4	1	4	1	2	5	2	2	5	1	6	2	1	4	2	2	5	6	8	1	2	4	6	3	5	8	5	1	3	3	2	3	1	1	2	1	3	1	5	3	2	2	1	2	2	3	2	4	4	1	3	4	1	2	2	5	3	1	5	4	1	4	4	3	5	4	2	1	1	1	6	4	2	4	1	7	2	1	4	3	4	8	2	3	3	3	2	2	3	3	3	4	5
h07	3	6	7	5	6	8	11	8	7	10	4	11	9	10	7	11	7	1	8	10	3	9	3	14	8	11	13	11	14	8	12	12	12	15	13	6	20	14	4	11	10	11	3	2	14	4	6	3	10	14	4	10	11	15	9	7	13	14	4	10	4	3	8	8	8	1	6	10	4	11	7	11	10	7	12	11	3	1	14	16	10	8	1	12	4	7	11	8	8	11	7	8	8	11	9	12	4	6	7	7	15
h08	3	2	5	1	2	2	3	1	2	3	4	3	1	1	1	4	2	1	2	1	3	2	1	6	4	8	8	3	6	1	3	1	6	5	4	4	6	7	8	5	1	4	3	3	7	1	2	2	2	3	1	7	3	4	1	2	2	10	1	6	6	1	1	2	3	5	4	8	1	4	2	1	4	2	6	5	7	4	8	10	2	1	5	3	4	4	5	5	1	2	2	5	1	2	4	1	1	1	1	6	3
h08	3	6	7	8	3	8	14	8	10	10	7	8	8	5	7	5	10	9	5	10	3	4	8	14	9	11	13	10	15	11	9	8	11	12	11	5	16	13	9	11	14	5	6	7	14	6	12	8	4	8	5	9	13	9	11	7	11	14	4	15	7	4	6	9	9	10	12	9	5	11	4	12	11	9	13	13	8	7	18	14	6	2	13	15	5	12	6	8	7	2	4	12	5	4	9	15	6	7	8	7	9
h09	3	4	2	1	3	2	2	2	1	2	2	3	5	3	1	6	4	4	1	1	3	5	1	8	6	2	2	4	2	3	6	1	3	2	3	3	1	6	1	5	3	2	2	2	6	2	4	2	3	3	1	6	5	3	3	6	1	1	4	6	6	2	2	6	4	1	5	3	3	2	4	2	6	3	7	4	6	1	6	6	2	1	8	6	9	1	3	7	2	1	3	1	4	3	8	10	1	4	6	1	2
h09	3	9	8	9	5	7	11	2	7	7	4	8	10	5	3	8	9	6	6	11	9	6	10	12	8	10	12	10	11	11	13	7	4	6	8	13	15	10	9	11	7	7	3	3	14	6	9	7	4	9	2	10	13	16	8	7	15	13	5	12	7	7	4	7	7	10	6	10	8	10	6	11	13	7	13	12	13	7	19	16	6	1	14	13	9	13	10	8	7	10	7	10	12	11	10	12	1	10	13	7	7
h10	3	2	2	1	1	4	3	1	2	1	2	4	3	5	5	3	5	3	3	1	3	5	3	3	3	8	2	1	2	3	2	6	5	9	3	2	9	3	6	2	1	5	5	6	5	2	1	5	4	2	1	8	4	5	3	1	2	6	2	6	4	1	1	4	2	3	3	1	3	4	1	5	8	4	5	2	3	1	6	9	3	5	1	1	1	4	5	2	2	2	4	2	5	4	2	3	3	1	6	2	7
h10	3	6	9	6	2	11	11	2	7	4	4	7	10	12	8	4	7	8	6	4	8	9	7	16	8	10	13	6	17	11	9	9	10	11	10	6	12	15	12	12	13	5	7	12	12	4	4	9	5	8	7	11	13	13	10	9	12	13	4	8	9	7	8	7	8	4	6	11	9	8	2	11	9	7	12	8	4	7	15	16	7	14	3	13	1	7	11	6	3	6	9	15	8	12	9	13	6	7	14	8	14
21	4	1	12	8	8	12	17	1	7	6	10	12	13	2	13	4	8	1	2	15	5	12	11	15	1	4	3	3	7	10	15	2	11	6	14	4	12	11	15	3	15	2	1	2	16	9	7	11	5	18	12	2	13	1	1	10	10	10	8	14	2	2	11	2	9	13	13	9	11	10	5	18	11	10	16	15	3	12	20	14	12	15	1	16	3	11	2	12	8	8	3	6	6	2	6	9	8	13	2	7	12
21	4	9	13	10	9	14	18	9	13	11	10	13	14	7	14	4	11	4	5	16	5	13	12	17	4	6	17	5	9	13	15	6	14	9	14	14	21	14	16	14	16	4	3	14	16	10	7	12	5	18	12	12	16	13	14	11	16	16	9	16	5	4	11	10	11	14	14	10	12	12	7	19	16	11	17	15	15	12	21	16	13	16	17	17	10	14	14	12	12	12	8	16	16	14	13	15	9	14	14	12	13
22	4	8	12	4	10	15	2	1	7	6	11	8	15	2	15	14	8	1	2	17	3	14	13	15	4	4	5	5	7	9	10	2	11	6	4	8	12	16	15	14	15	13	5	3	8	11	13	13	6	11	10	7	15	7	1	10	10	16	8	11	1	5	12	3	6	13	1	11	11	10	5	20	12	10	18	14	4	12	21	18	4	17	14	18	2	15	2	12	8	8	3	4	17	2	2	11	8	14	6	8	14
22	4	8	14	8	10	16	4	10	14	11	12	14	16	14	16	15	12	11	9	18	12	15	14	15	15	14	8	12	9	13	14	6	14	12	14	14	18	17	16	15	17	14	9	7	9	12	13	14	6	15	11	9	17	17	12	12	10	17	10	16	12	5	13	11	9	15	15	12	13	11	7	20	12	12	19	15	16	13	22	20	14	18	18	19	5	16	7	13	13	13	4	6	18	15	4	16	10	15	13	11	18
23	4	1	13	4	10	14	2	1	13	6	10	13	14	2	13	4	5	1	2	15	5	13	13	12	4	4	5	3	5	13	12	2	11	3	3	14	12	14	15	1	15	13	5	1	3	13	9	14	8	7	9	5	12	1	12	10	10	16	4	11	7	9	11	9	11	15	13	9	11	8	7	18	16	11	16	11	7	13	20	14	4	14	9	16	1	12	4	9	14	8	11	2	17	5	4	16	3	16	4	10	9
23	4	9	13	10	10	17	18	4	13	8	13	15	17	7	17	16	8	6	5	16	5	15	15	15	4	15	18	4	7	14	14	6	15	9	15	15	20	18	15	14	17	15	5	3	8	13	13	15	11	9	12	7	13	16	15	13	17	18	11	17	13	9	11	10	11	16	13	10	12	13	7	21	17	13	20	16	13	14	23	17	13	17	19	19	11	15	7	12	15	14	12	17	18	16	14	20	11	17	6	13	16
24	4	9	12	4	9	12	3	4	7	11	10	12	18	11	10	15	5	12	10	19	11	13	5	13	4	5	17	1	9	15	14	2	11	3	14	8	19	13	17	16	6	13	1	1	8	12	12	13	6	11	10	9	17	5	1	14	11	17	12	5	1	8	14	8	8	13	3	9	11	7	5	18	16	10	16	12	4	6	20	16	12	18	20	16	5	11	2	12	9	8	4	6	17	2	4	11	10	14	6	8	18
24	4	9	15	8	11	16	17	11	7	11	14	16	18	13	10	15	11	13	10	20	12	15	16	18	16	15	19	12	19	16	16	6	16	13	14	16	22	17	18	17	15	16	2	3	9	14	13	14	11	19	12	9	17	5	1	14	11	17	12	5	13	9	15	10	11	14	13	12	14	8	8	20	18	13	21	15	15	12	24	21	14	19	21	20	6	16	15	12	16	15	4	18	19	17	13	21	12	16	14	13	19
25	4	1	12	4	10	14	4	1	7	7	12	12	17	2	13	4	5	1	5	15	5	12	11	15	3	3	8	5	9	13	2	5	11	16	15	6	18	11	19	16	16	15	5	3	17	14	7	14	8	14	13	5	12	15	3	12	18	17	3	1	2	2	11	10	11	14	13	16	11	8	5	20	11	11	17	11	3	12	8	13	4	18	17	2	6	16	16	13	15	16	2	4	17	2	1	11	10	14	6	8	9
25	4	8	13	12	12	15	18	6	13	11	15	15	17	2	13	4	11	1	5	15	5	13	15	16	5	4	19	5	20	13	15	5	11	16	15	6	18	11	19	16	16	17	12	4	18	15	8	16	9	14	14	8	15	18	14	14	19	18	11	11	12	9	11	12	12	16	14	16	11	8	5	22	17	13	22	15	7	14	25	16	13	20	22	4	8	16	17	14	16	16	5	6	17	18	4	21	13	16	12	14	18
26	4	8	12	1	8	12	2	3	9	11	12	14	15	6	10	8	10	14	2	17	3	14	14	16	4	3	5	5	5	15	11	2	7	14	14	4	19	11	14	16	2	14	3	3	9	16	10	14	6	11	10	1	13	16	12	10	10	6	4	11	1	1	11	10	11	2	13	9	11	8	1	18	12	11	16	15	13	13	26	13	13	14	11	16	6	9	4	12	13	8	3	4	18	15	2	16	8	15	12	11	10
26	4	8	15	6	8	17	19	6	14	12	16	15	19	7	17	11	11	14	8	18	13	15	17	17	17	15	17	7	9	17	11	5	16	17	16	5	23	19	16	18	18	17	5	9	19	17	13	17	10	14	15	5	13	17	15	14	20	19	10	18	2	7	11	13	12	16	15	9	14	8	7	20	16	12	23	16	16	15	26	15	14	17	18	18	7	16	17	13	14	17	8	16	18	18	8	21	9	18	13	11	14
27	4	8	13	4	10	12	3	1	14	11	15	12	18	13	3	13	5	12	8	19	11	13	11	15	3	3	8	4	7	10	3	2	11	13	14	4	18	11	17	16	6	13	1	3	3	13	13	14	11	11	10	12	13	1	5	10	11	10	8	11	1	8	11	10	8	15	13	10	12	8	7	18	12	13	16	9	3	13	20	14	13	14	9	19	1	9	7	9	13	8	12	3	19	11	8	14	9	16	4	11	9
27	4	8	14	7	12	15	20	6	15	12	16	16	18	13	10	15	11	12	10	19	14	16	11	16	3	4	19	5	19	13	15	5	16	16	14	8	19	13	19	18	17	18	5	3	8	15	13	16	12	15	12	13	13	9	14	15	15	16	10	11	12	9	12	11	11	16	15	17	14	10	7	21	16	14	23	16	13	13	22	21	13	17	19	19	11	15	18	13	15	18	13	4	20	16	15	19	9	17	13	11	16
28	4	1	13	4	10	14	3	1	7	6	10	17	15	2	10	13	8	1	5	17	1	13	5	17	4	11	17	1	9	18	12	2	11	9	6	6	18	14	10	3	15	4	2	1	9	10	7	12	5	11	9	2	15	9	1	10	10	10	9	14	3	9	15	7	11	13	13	9	7	5	5	23	16	11	16	15	12	14	20	13	4	21	22	7	2	13	14	14	12	12	1	19	16	2	6	15	9	14	2	12	12
28	4	9	15	12	11	16	18	4	13	11	14	18	19	10	18	16	11	14	8	21	15	13	5	17	4	15	17	1	9	18	14	13	11	16	14	8	21	20	16	15	16	15	13	2	16	17	9	17	6	18	12	12	18	13	5	16	16	16	10	16	13	10	16	14	13	13	13	16	13	10	6	23	16	13	16	16	12	14	23	14	14	21	23	8	2	16	16	15	17	16	3	20	17	17	13	21	12	18	14	13	19
29	4	9	15	4	10	16	3	4	7	11	12	13	14	11	14	5	8	6	2	16	5	15	13	15	4	4	8	4	5	13	11	6	9	9	6	6	18	8	14	3	2	13	4	9	8	14	7	15	6	14	14	7	13	1	5	10	10	16	11	11	13	5	11	9	7	16	1	10	11	8	5	23	16	10	16	16	7	14	20	14	4	17	21	7	6	10	7	9	16	14	1	17	1	14	13	10	4	15	11	15	13
29	4	11	16	5	11	16	20	5	7	11	14	19	20	12	16	17	13	15	3	18	12	15	16	16	17	14	19	5	7	17	11	14	11	14	14	15	21	11	19	18	17	19	12	13	17	14	7	17	8	20	14	9	19	7	12	14	21	16	13	11	13	9	17	13	8	16	13	12	14	8	7	24	18	13	24	17	13	16	25	17	15	17	24	21	11	15	18	15	17	15	12	18	6	19	13	21	8	17	15	15	16
30	4	9	15	1	8	12	2	6	9	13	16	13	14	7	3	2	3	6	2	16	5	14	5	14	1	14	8	4	5	9	5	6	9	6	3	11	12	8	17	1	2	3	13	2	6	10	4	11	5	18	12	5	12	15	3	12	17	18	4	17	2	5	13	10	11	2	1	9	12	1	6	18	16	5	16	11	12	13	10	14	4	12	11	17	7	14	3	9	8	6	13	4	1	15	1	21	4	16	11	14	9
30	4	10	17	1	10	16	6	12	16	13	16	17	18	13	17	13	7	12	8	19	14	16	6	16	4	15	17	7	19	18	10	14	16	14	14	15	21	20	18	18	17	5	13	11	16	15	8	12	5	21	12	5	15	16	15	13	19	19	4	18	7	11	18	13	14	13	13	13	15	10	7	23	16	13	24	16	13	15	26	15	7	17	21	21	10	15	3	16	13	15	14	18	17	18	13	21	13	19	12	15	16
31	5	12	2	5	13	9	17	11	15	14	2	8	3	15	16	9	13	11	11	2	14	9	18	9	1	5	10	13	11	4	2	1	17	7	13	5	16	18	13	15	12	8	14	2	7	18	5	10	3	14	16	6	14	19	1	8	13	14	14	8	10	9	15	1	12	7	7	8	11	11	1	6	2	14	19	6	3	6	20	15	16	3	6	19	3	4	3	17	18	2	11	8	21	11	3	2	2	20	6	15	19
31	5	13	4	5	13	18	19	13	17	15	7	9	3	16	16	10	14	13	12	3	16	10	19	19	6	16	20	14	21	9	17	2	18	11	13	9	23	21	20	18	13	15	15	2	20	19	10	18	4	16	17	14	15	20	10	17	22	15	15	19	14	12	19	11	15	8	16	18	12	14	10	7	5	14	19	6	11	6	26	15	16	22	19	22	12	17	4	18	19	4	15	9	22	12	8	14	14	21	16	16	20
32	5	3	1	2	13	12	21	14	12	2	5	9	2	16	5	8	15	11	4	3	14	9	18	4	5	5	21	13	11	7	1	13	19	4	13	1	23	11	17	1	7	8	14	8	1	20	5	18	4	16	16	14	11	14	10	7	22	7	14	10	15	10	9	2	12	12	7	8	11	5	1	4	1	2	19	18	3	6	25	15	15	22	12	10	13	1	14	17	20	4	13	9	23	12	9	2	11	22	6	5	10
32	5	7	8	4	14	19	21	15	13	3	17	18	3	17	19	10	16	12	12	7	17	10	20	20	6	13	21	13	22	9	2	14	19	9	17	17	23	20	21	3	10	20	14	14	20	20	12	19	4	22	17	15	20	21	11	18	23	20	16	12	16	13	20	15	15	17	17	19	16	11	3	4	6	12	23	19	16	13	25	17	16	23	19	11	14	4	19	17	21	7	16	12	24	20	10	4	12	23	6	16	20
33	5	1	1	2	14	13	21	8	10	3	17	7	2	15	16	9	16	11	12	2	14	10	16	4	5	16	20	14	10	10	1	4	2	5	9	5	2	18	12	1	8	8	15	1	20	20	12	19	1	12	18	14	11	4	10	6	23	7	17	4	10	8	11	2	15	8	7	3	12	10	1	6	2	5	17	6	3	12	1	17	16	23	22	14	12	4	19	17	20	1	16	9	21	21	5	9	12	5	3	8	14
33	5	12	1	3	15	19	21	15	13	16	18	9	2	16	19	10	17	15	13	3	18	17	18	21	18	16	22	15	22	17	1	14	19	7	17	9	23	22	17	18	10	13	16	2	21	21	14	20	13	17	19	16	14	12	12	7	24	17	18	12	15	10	21	4	15	12	12	8	17	13	2	7	7	13	18	8	17	17	25	22	17	24	25	22	15	18	19	19	20	19	17	12	25	21	10	9	15	24	7	9	18
34	5	10	1	2	16	19	17	8	7	3	8	14	2	16	5	9	5	13	13	2	16	11	19	22	3	10	21	15	15	10	15	1	20	6	17	1	16	11	10	1	12	8	14	8	1	18	5	18	4	16	16	17	12	16	9	7	12	1	14	11	14	7	11	4	14	3	9	5	13	8	7	6	2	1	19	6	11	6	1	15	16	3	6	19	3	3	3	18	19	2	13	9	23	8	3	1	12	22	4	1	21
34	5	12	4	2	17	19	19	15	13	14	17	19	4	17	20	10	16	14	14	7	19	18	21	23	6	14	22	16	22	10	18	13	21	10	18	1	24	23	22	8	19	13	14	8	1	18	5	18	4	16	16	18	14	20	11	9	25	4	15	15	14	12	21	11	16	12	10	20	13	11	11	13	19	14	21	20	11	18	20	21	18	23	20	22	14	4	18	20	22	7	15	10	26	12	5	5	14	25	6	6	21
35	5	1	1	4	13	12	20	11	12	14	7	9	2	15	16	8	11	1	13	2	18	10	19	23	3	14	10	14	22	1	2	1	17	5	10	5	16	14	10	3	9	13	14	1	20	19	12	4	1	12	17	6	13	4	5	1	12	14	17	4	14	7	11	2	16	3	9	5	12	8	10	6	2	1	16	1	11	12	9	22	8	9	14	22	12	3	6	17	20	4	11	1	27	6	8	7	4	2	2	7	12
35	5	6	2	5	18	18	22	14	15	17	8	19	2	18	19	9	17	15	15	4	20	18	21	24	5	17	21	15	23	10	19	15	18	7	18	15	18	21	17	8	11	20	15	7	21	20	14	19	3	17	20	19	14	16	8	7	24	16	19	11	16	9	13	11	17	17	9	21	13	10	11	13	19	5	21	19	18	17	9	23	17	23	19	22	14	19	18	20	22	7	13	9	28	20	10	14	10	22	6	16	22
36	5	12	4	2	13	9	20	9	13	15	2	9	4	15	16	8	12	1	14	3	14	11	14	19	4	17	22	13	16	4	1	2	2	7	19	9	10	17	10	1	9	9	16	1	20	20	2	10	1	20	17	14	9	4	8	7	12	4	19	9	14	12	15	16	12	12	7	22	11	11	5	6	1	3	17	1	3	6	20	15	15	23	19	14	12	18	2	19	20	1	11	13	22	17	2	10	2	5	2	7	14
36	5	13	9	8	19	19	21	16	17	16	8	14	5	19	21	9	18	11	15	7	20	19	19	20	19	18	22	13	23	17	19	4	18	9	20	12	12	22	20	4	10	13	16	2	20	20	10	19	10	22	17	17	14	20	11	9	25	9	20	15	16	12	21	17	12	12	17	22	11	11	5	11	1	14	19	7	14	12	26	15	16	23	21	23	13	18	2	19	20	9	11	21	25	22	6	13	11	23	16	15	15
37	5	2	3	5	13	9	18	7	9	3	2	8	3	15	16	9	5	8	11	2	18	6	19	24	1	10	23	15	15	1	18	2	20	5	18	1	17	17	13	1	11	13	15	2	20	18	12	18	1	17	19	6	12	5	5	2	21	14	16	11	14	10	15	4	12	11	10	3	14	10	5	6	1	14	18	8	11	1	21	15	15	22	12	10	13	4	19	17	18	1	8	2	21	4	1	3	9	21	4	9	18
37	5	13	4	8	20	18	19	13	17	15	8	19	21	19	20	18	18	16	11	4	21	11	19	25	3	10	24	16	21	4	20	4	22	8	19	18	17	20	22	18	19	13	17	13	21	18	14	20	13	20	21	20	13	16	8	7	25	17	19	16	17	12	21	16	12	17	10	20	17	11	7	13	1	14	19	21	11	12	27	17	16	23	19	22	16	4	19	20	21	20	16	9	26	21	8	9	15	22	5	11	23
38	5	12	2	3	15	9	17	15	10	16	6	12	4	18	10	9	12	1	12	2	21	10	14	4	1	11	22	14	10	7	1	1	21	6	17	1	16	20	10	8	7	19	14	1	20	21	4	9	4	16	17	2	15	7	1	4	13	21	20	19	16	7	19	12	9	8	6	6	11	8	5	6	2	1	17	6	3	17	1	22	8	7	6	16	3	1	7	20	21	1	8	9	21	13	1	1	4	5	2	8	18
38	5	13	18	13	21	13	23	16	17	17	18	19	5	20	19	10	13	1	15	4	22	17	16	25	18	16	23	17	13	17	21	2	23	8	17	1	17	23	22	15	19	19	18	2	20	21	6	9	9	17	17	6	15	18	5	4	13	21	20	19	18	12	21	17	12	12	17	22	13	11	11	7	20	5	25	19	17	17	1	22	17	23	12	22	14	5	19	21	23	2	16	11	28	21	10	16	15	24	7	9	22
39	5	1	7	1	5	12	17	14	10	9	18	14	4	15	5	8	5	1	11	7	21	9	18	4	3	5	10	14	11	1	2	1	20	6	9	1	16	14	10	8	19	8	10	14	5	18	4	9	3	16	17	2	9	7	5	7	22	7	14	12	16	7	7	2	14	12	9	18	11	5	2	6	1	1	16	8	11	6	9	20	2	23	17	22	12	6	7	17	19	1	16	1	24	6	1	9	4	21	2	7	12
39	5	8	18	4	13	18	21	14	17	16	19	18	5	19	19	10	15	12	16	7	23	11	19	19	6	16	20	14	23	9	19	14	21	9	17	8	18	23	18	18	20	20	14	14	20	21	13	19	7	16	21	14	11	13	10	19	26	15	18	19	19	13	11	15	15	17	12	19	18	11	10	13	19	14	19	19	11	13	25	23	8	25	19	23	17	20	19	19	21	20	17	9	28	12	10	14	15	26	6	16	23
40	5	8	4	4	18	9	19	14	12	9	3	9	2	15	16	8	12	1	12	3	14	10	19	19	1	10	10	13	21	4	17	1	2	3	13	4	10	22	10	4	9	9	15	1	1	18	6	9	9	17	17	6	12	7	2	1	25	12	21	11	14	12	16	4	9	12	7	3	11	1	5	4	2	3	17	6	11	12	6	20	15	25	14	22	12	3	14	19	21	1	8	9	23	8	2	1	10	22	4	1	15
40	5	14	8	5	21	15	20	16	17	16	19	14	5	18	19	10	16	13	16	5	20	10	19	19	1	17	23	15	21	4	20	5	21	7	19	12	19	24	10	18	13	19	18	3	20	21	6	20	10	20	21	18	14	15	10	18	25	22	22	18	19	13	21	18	12	18	18	23	18	11	7	6	7	5	23	8	19	17	25	23	17	26	19	22	17	20	19	21	24	20	16	10	27	20	3	10	14	22	6	16	21
41	6	15	19	3	6	12	3	9	7	1	19	8	14	3	3	19	14	1	6	6	13	17	9	17	8	19	22	10	17	3	6	15	7	7	17	19	16	9	2	9	1	10	11	15	1	22	8	5	1	7	2	21	9	17	16	20	5	13	10	17	6	8	22	19	18	11	6	13	19	5	12	2	15	2	9	17	1	1	10	16	4	5	3	24	2	18	20	9	25	3	1	11	8	23	2	9	9	21	17	4	12
41	6	16	20	14	7	16	16	13	12	18	20	8	22	10	20	20	19	2	7	11	24	17	9	18	20	19	24	18	17	4	16	16	24	11	17	20	19	12	2	12	6	10	11	15	1	22	8	5	1	7	2	21	9	17	16	20	27	13	10	17	6	8	23	20	19	12	12	24	20	5	13	6	17	10	21	22	19	16	21	23	19	5	3	24	2	18	20	22	25	3	4	13	29	24	8	10	16	27	18	17	22
42	6	14	21	14	22	1	23	17	11	14	21	4	20	1	3	21	19	1	7	3	17	20	1	15	10	3	10	10	15	2	11	17	3	7	13	20	2	9	11	19	17	10	5	16	7	10	4	13	14	10	6	21	12	4	17	6	28	1	4	3	3	11	24	14	20	8	7	14	3	11	14	6	10	13	2	11	8	2	22	14	7	7	12	6	2	20	21	9	21	2	2	5	3	23	1	1	16	24	19	2	22
42	6	14	21	14	22	1	24	17	11	14	21	9	22	3	9	22	20	6	17	10	24	21	9	26	10	8	13	19	22	5	16	18	4	9	17	21	23	19	23	19	21	21	11	17	20	22	10	20	15	19	22	21	13	9	18	8	28	4	4	6	7	11	24	19	20	12	12	24	3	15	15	25	10	13	3	22	9	19	26	16	11	27	15	24	4	20	21	10	26	3	6	11	3	23	8	5	17	24	19	4	22
43	6	17	19	6	5	3	18	7	11	14	19	7	22	5	5	21	19	2	2	1	16	17	9	1	10	3	10	10	10	1	6	18	3	3	9	22	2	13	23	11	6	7	1	18	7	22	10	9	15	11	3	21	9	17	16	6	5	12	4	17	6	14	24	10	21	6	12	9	21	10	4	2	12	2	4	15	17	16	26	19	2	27	15	2	9	9	4	8	21	4	6	2	14	21	1	2	9	27	17	3	18
43	6	18	19	7	22	20	24	15	11	19	22	9	23	5	19	23	21	5	3	5	23	22	22	12	20	14	22	19	22	2	7	18	5	7	10	22	19	19	24	19	15	21	11	19	20	23	12	13	16	23	18	22	12	17	17	20	19	13	10	20	7	15	25	21	22	15	19	10	22	16	16	3	14	10	22	15	20	18	28	23	11	28	15	21	18	21	22	9	27	5	8	7	30	22	2	21	18	28	18	18	22
44	6	19	12	8	5	11	17	8	5	5	5	2	16	3	3	19	22	1	7	2	17	17	9	1	11	3	10	20	10	2	6	16	3	3	10	20	17	12	11	12	15	7	7	20	1	23	4	10	15	7	3	21	12	4	16	8	17	12	7	3	6	16	25	19	23	16	20	10	19	14	17	3	10	11	5	11	1	5	10	14	4	3	12	20	3	18	20	9	21	9	1	11	7	23	10	10	8	25	2	16	10
44	6	20	22	15	23	20	22	18	9	20	23	7	24	3	3	21	22	1	18	7	19	22	22	18	20	19	23	21	17	3	6	19	5	5	20	22	19	13	11	19	15	11	19	21	5	23	12	15	17	11	23	23	17	19	19	8	20	14	12	17	7	17	25	22	23	19	21	14	19	15	17	4	13	13	6	14	6	20	25	16	10	27	26	24	4	18	21	10	25	10	2	13	31	25	10	21	8	29	18	17	12
45	6	20	19	10	7	13	5	11	10	1	5	2	22	1	3	20	18	2	6	1	11	23	1	17	10	6	24	22	15	5	14	15	3	5	8	20	2	13	2	19	15	7	7	18	1	9	12	13	18	11	3	21	12	5	17	8	5	13	10	1	9	8	17	19	21	6	7	18	3	3	18	3	13	11	2	9	1	16	20	14	3	7	26	16	8	21	23	9	21	2	5	3	14	25	2	21	18	27	18	1	22
45	6	21	23	16	24	15	18	18	17	18	24	8	22	10	9	24	19	14	6	6	13	23	9	18	20	6	24	22	16	5	14	18	5	7	13	21	12	19	23	20	21	7	11	21	20	19	12	15	18	11	6	23	12	17	20	21	17	15	10	4	10	11	22	23	24	8	12	24	3	11	19	7	13	11	6	12	2	19	23	19	6	13	26	17	9	22	24	12	22	5	6	3	14	25	2	21	19	29	18	1	22
46	6	18	21	7	7	6	18	11	11	20	5	7	16	3	6	23	16	8	2	3	16	21	9	12	20	6	10	10	17	4	6	16	5	5	20	19	17	12	2	12	4	7	20	20	1	22	7	10	1	7	3	21	12	17	16	8	5	12	7	18	6	12	22	14	21	3	12	14	19	11	12	9	12	2	2	15	21	4	8	12	9	7	3	2	8	21	6	9	22	2	6	5	9	12	1	9	9	13	18	3	12
46	6	22	22	16	15	16	23	14	11	21	5	11	23	10	20	24	19	17	9	5	17	24	22	16	20	19	13	21	22	5	22	17	25	9	20	20	17	12	12	21	15	7	21	21	2	23	13	21	19	19	3	22	13	17	17	20	17	12	11	19	11	12	26	22	21	6	17	15	23	17	12	25	13	11	2	17	21	19	26	16	10	13	15	19	19	23	24	10	27	19	8	19	30	24	2	21	19	30	18	19	24
47	6	16	20	14	6	12	3	13	7	2	20	11	22	1	5	19	19	2	9	1	16	17	9	12	20	3	10	10	17	1	7	16	1	3	10	21	16	13	11	12	4	7	11	15	1	22	8	5	1	4	2	21	9	19	18	8	17	4	12	3	7	8	23	21	21	11	7	15	19	5	16	9	10	2	4	15	6	4	20	14	9	2	12	4	4	20	21	9	21	5	2	3	3	23	5	5	11	30	18	5	15
47	6	16	20	14	6	12	5	18	10	3	20	11	22	5	19	23	21	6	9	1	16	25	22	16	20	14	11	10	22	5	22	19	3	8	13	22	19	19	25	19	15	22	13	22	16	23	10	5	7	7	22	21	9	19	19	8	17	13	23	7	11	18	27	23	24	11	18	25	21	17	20	25	12	11	6	17	21	19	26	16	10	27	26	19	9	22	25	22	22	10	6	8	29	26	8	9	19	30	20	17	15
48	6	13	14	8	4	13	17	15	9	5	1	2	16	1	9	22	18	6	6	1	11	19	1	18	20	4	10	10	22	4	6	16	3	5	10	20	10	9	23	12	1	2	11	15	2	9	7	5	13	7	2	23	9	17	19	6	17	14	4	3	7	11	22	21	25	16	8	9	19	15	17	6	15	2	9	17	1	2	10	16	4	3	3	19	4	2	21	9	21	3	4	13	9	24	3	2	8	25	1	5	15
48	6	21	19	15	16	20	18	16	10	19	25	6	22	8	20	23	22	14	19	7	22	19	9	18	20	4	10	18	22	4	6	17	7	6	18	21	23	10	23	19	15	3	20	20	6	22	12	16	18	15	6	24	15	19	20	9	17	15	23	19	11	14	25	22	26	17	21	15	20	18	17	8	17	11	22	22	22	16	21	22	6	5	12	24	8	21	26	12	28	5	5	13	30	25	5	5	11	30	18	9	24
49	6	14	20	7	5	2	3	13	7	1	20	8	22	5	3	19	19	8	6	6	13	24	3	3	11	3	14	10	16	2	2	17	3	3	13	10	10	12	11	11	15	11	3	18	7	22	4	4	9	2	3	21	13	4	17	1	20	4	4	1	2	12	24	10	21	6	17	10	19	15	16	3	10	2	2	15	1	16	26	16	3	27	12	4	4	21	21	9	21	5	2	1	7	23	5	5	8	27	17	9	10
49	6	16	24	14	6	12	21	15	17	17	22	11	25	10	5	20	21	14	9	11	16	24	22	16	20	13	25	20	17	19	22	20	4	7	17	20	17	19	24	12	17	22	11	23	16	23	15	15	15	11	24	22	13	17	21	8	28	12	7	3	6	14	25	22	26	16	21	15	21	16	17	25	13	13	8	15	8	16	26	19	14	27	12	21	8	21	27	9	28	10	4	13	9	25	10	10	11	30	18	17	15
50	6	18	19	7	22	20	24	15	11	14	21	2	14	3	3	19	14	1	9	3	22	19	1	26	8	3	10	20	22	2	16	16	5	6	17	20	2	8	9	20	1	10	3	12	2	10	7	10	10	5	22	21	12	17	16	8	17	4	4	3	7	14	26	10	21	6	7	10	21	16	16	3	12	2	2	15	1	4	10	14	3	5	15	8	3	9	21	2	20	2	4	1	3	24	2	10	8	21	17	6	12
50	6	18	19	7	22	20	24	15	11	14	21	8	16	8	20	19	20	1	20	11	24	22	22	27	20	8	13	23	22	3	23	18	26	10	17	23	17	19	12	21	4	21	19	15	20	23	15	10	13	7	23	22	13	17	17	8	28	13	10	4	10	18	27	21	21	11	18	15	21	17	16	25	12	13	3	22	5	19	25	14	14	27	26	16	18	20	28	23	25	4	6	1	8	25	10	21	12	27	19	17	12
51	7	14	9	5	13	21	19	5	6	2	12	9	16	16	4	25	3	7	21	20	1	3	12	11	17	10	26	12	8	5	3	2	22	2	8	15	25	12	1	5	2	14	21	24	22	11	10	3	20	4	13	8	2	4	15	4	4	3	12	7	20	2	7	15	2	10	7	26	24	19	1	26	13	4	5	16	5	9	9	15	11	12	27	8	2	24	2	6	2	10	8	22	6	5	7	11	5	20	4	10	1
51	7	23	15	17	14	22	24	14	11	16	26	9	23	16	8	26	5	9	21	22	1	4	12	14	21	13	27	12	24	20	3	5	27	2	11	17	26	13	26	22	18	23	22	25	22	14	16	9	21	24	25	13	8	4	22	9	6	23	19	19	21	18	14	24	21	11	9	27	25	20	1	27	14	8	7	23	18	21	29	16	20	29	28	13	2	25	5	12	16	21	14	23	29	26	16	20	7	31	20	15	17
52	7	17	9	18	14	21	12	5	10	1	8	9	16	16	6	26	5	10	20	21	1	4	4	7	4	10	3	3	5	1	1	5	19	12	20	14	25	12	3	7	16	16	20	25	22	12	16	3	21	2	25	13	2	5	22	7	8	23	19	2	20	1	1	11	21	4	9	28	17	20	1	2	11	8	7	9	14	22	4	11	9	10	29	1	3	25	29	23	2	11	11	23	1	20	13	20	7	29	20	10	2
52	7	20	10	19	17	23	16	11	11	16	8	14	16	21	8	27	13	18	20	23	4	4	6	7	22	20	28	5	25	1	15	5	19	15	20	17	27	13	26	23	18	23	20	26	23	13	17	7	22	2	25	25	5	21	23	9	29	24	23	19	20	18	6	15	27	4	10	29	25	21	8	28	21	15	25	23	22	23	18	17	21	30	30	4	3	26	30	24	2	21	16	24	32	26	15	20	20	31	21	11	10
53	7	2	9	13	14	23	14	5	8	3	7	6	20	21	12	12	3	18	21	21	6	6	6	7	4	10	2	1	8	7	1	2	20	2	8	17	25	12	7	22	2	22	20	17	24	3	15	1	23	9	26	3	2	20	24	4	5	2	13	2	13	1	8	12	13	3	8	3	7	20	5	29	10	8	5	16	1	9	6	16	20	12	23	4	3	9	2	3	2	20	14	12	2	8	16	11	5	22	6	9	7
53	7	22	9	20	17	24	24	5	18	21	27	7	26	21	12	28	10	19	22	23	25	8	17	14	7	17	3	4	20	9	7	14	22	14	12	17	25	19	26	23	2	24	23	27	25	8	17	3	23	10	27	26	5	21	24	9	6	18	19	19	22	2	10	17	20	5	16	19	26	22	6	30	22	16	7	16	5	24	29	16	20	16	28	6	6	25	14	3	16	21	14	21	29	8	17	18	21	23	17	14	25
54	7	2	7	16	13	24	22	5	6	1	27	4	16	22	10	12	3	18	19	20	7	1	4	11	4	10	3	1	20	7	2	2	19	16	8	11	25	13	7	4	2	15	20	26	19	13	18	1	24	2	13	25	2	1	23	7	5	3	11	2	1	1	7	11	5	1	8	19	14	23	1	31	15	16	5	9	19	7	6	16	9	10	29	4	3	25	11	9	14	21	11	21	4	7	17	17	1	20	18	8	7
54	7	14	15	20	17	24	24	15	18	21	28	13	24	23	11	29	10	20	19	24	9	1	17	13	4	16	6	24	24	7	2	6	28	16	11	17	26	13	7	7	14	18	21	27	23	14	19	7	25	25	28	25	5	21	25	9	8	23	12	18	13	14	9	24	13	10	12	29	27	24	7	32	18	17	9	24	19	24	30	24	20	14	30	18	3	26	29	11	15	22	16	21	30	8	18	18	22	20	20	11	16
55	7	3	9	11	14	23	8	5	1	3	18	4	18	21	6	28	3	19	21	22	5	3	6	7	17	10	7	12	7	1	3	2	19	12	5	14	27	12	7	7	18	14	22	17	25	8	19	9	21	23	25	3	3	1	23	7	5	3	12	18	1	2	2	11	20	2	9	3	7	20	6	2	21	3	16	16	22	22	18	17	18	16	28	5	3	23	5	3	14	20	14	15	1	7	7	11	7	2	20	10	10
55	7	15	9	21	17	25	16	11	11	22	27	7	20	22	12	30	3	21	22	23	9	5	12	11	22	20	29	12	25	19	15	6	20	14	20	15	27	19	26	23	18	25	23	24	26	17	20	19	23	24	27	3	5	20	24	7	27	18	15	19	13	5	10	12	28	4	16	28	17	21	8	2	21	16	25	23	22	22	19	17	22	31	30	24	6	24	19	25	16	23	16	22	16	26	14	20	20	31	22	20	11
56	7	17	9	11	17	22	22	5	6	5	17	8	16	16	8	25	3	18	21	19	9	1	4	11	3	10	3	10	20	5	2	2	20	2	8	15	25	8	7	22	2	15	20	24	22	6	15	1	18	2	13	3	8	21	7	1	6	23	13	2	20	7	8	13	7	4	9	19	7	24	3	8	3	8	9	16	18	21	2	13	20	30	27	1	3	24	5	23	2	23	11	12	3	1	16	19	5	20	16	7	1
56	7	18	12	18	18	26	24	7	12	16	26	13	23	22	22	25	15	19	22	24	26	5	6	11	18	13	30	24	24	7	15	2	22	15	11	17	25	13	26	23	16	24	21	28	22	11	19	7	25	23	27	27	21	21	24	5	30	23	19	7	23	19	28	24	27	8	16	30	13	25	8	29	23	15	25	24	22	25	11	15	22	31	30	5	3	26	30	25	14	23	16	21	5	2	18	19	6	23	18	11	7
57	7	11	9	3	18	25	16	5	12	15	17	8	16	22	9	26	3	10	21	20	4	4	6	7	15	13	1	3	7	1	15	6	20	12	8	14	26	13	26	4	14	24	19	24	19	3	18	1	23	10	26	25	3	1	24	7	5	3	13	3	1	2	5	1	20	5	6	19	7	20	5	2	21	4	16	16	14	20	19	17	18	12	28	6	3	15	19	3	15	21	14	14	5	5	18	15	6	20	17	11	9
57	7	17	15	18	25	26	21	8	18	16	27	13	20	24	11	29	5	18	23	25	4	26	17	11	22	20	7	12	25	7	15	14	28	14	11	15	27	19	26	7	18	25	24	28	25	8	21	1	26	25	26	25	22	21	26	9	8	3	23	18	13	14	10	15	21	6	12	29	18	23	6	2	21	4	16	16	22	20	19	17	18	12	28	6	3	16	19	6	15	21	14	21	16	10	19	17	23	30	22	11	26
58	7	7	9	5	14	21	22	5	2	15	8	4	19	21	9	28	3	19	20	21	9	1	6	13	4	20	3	4	8	1	5	2	19	14	11	15	26	13	4	4	2	15	25	26	25	14	17	1	23	10	25	3	2	4	7	5	29	23	19	3	13	1	7	11	13	3	6	23	6	24	5	8	3	15	5	23	18	24	1	13	20	14	28	4	3	9	11	3	2	2	11	21	5	2	18	12	5	23	16	8	7
58	7	17	13	18	18	22	24	7	10	16	27	7	20	22	12	30	10	21	21	23	25	3	6	13	19	21	28	7	20	3	7	6	28	16	11	17	28	13	7	6	14	15	25	27	27	15	19	1	26	23	25	5	8	21	27	19	30	23	21	19	23	2	8	25	13	4	11	28	14	26	8	29	23	18	25	24	22	25	11	14	22	16	29	18	6	26	19	9	14	4	16	22	29	21	20	19	22	26	21	20	9
59	7	18	10	11	14	22	12	3	6	5	8	11	21	18	7	1	3	21	21	19	25	4	5	7	21	10	7	6	24	1	5	1	19	14	8	11	25	13	4	6	2	21	20	24	22	11	17	1	23	6	13	13	8	4	26	5	8	23	12	1	12	1	2	1	5	5	9	19	7	20	1	2	3	15	9	22	18	22	4	14	3	16	27	1	3	9	14	23	2	8	8	12	3	1	16	11	1	20	4	7	1
59	7	20	12	16	18	27	22	8	10	15	26	13	24	22	7	29	10	22	23	20	26	26	6	13	22	20	27	12	25	19	15	2	20	16	11	17	25	13	24	7	2	23	20	26	22	12	18	1	26	10	28	13	8	4	26	5	8	23	12	1	12	19	2	15	7	8	10	30	7	25	3	27	14	17	16	24	22	23	18	17	23	30	27	4	6	26	30	26	15	23	11	14	29	8	21	12	5	26	16	16	1
60	7	13	7	16	15	24	21	5	6	1	17	10	16	22	11	25	3	7	21	20	1	8	6	7	4	10	2	4	7	1	2	2	19	15	20	15	25	13	3	6	14	13	19	24	22	11	15	7	25	23	25	3	2	4	15	4	6	2	12	7	8	1	1	1	21	1	6	19	14	22	1	8	3	15	9	12	22	10	5	11	4	10	27	1	8	24	5	7	2	2	11	21	4	5	16	18	1	20	18	11	7
60	7	17	12	18	17	26	24	15	12	15	26	13	23	23	22	29	5	18	23	24	4	8	6	14	7	21	3	7	8	10	7	13	23	16	20	17	26	19	4	23	16	15	20	24	22	24	19	7	25	23	29	8	8	21	23	18	31	18	12	17	23	18	9	15	27	4	9	27	25	25	6	33	14	19	25	23	23	25	11	17	22	12	28	6	20	25	29	10	12	21	13	23	16	10	19	20	23	30	22	11	9
61	8	14	25	10	26	17	6	19	19	4	28	5	15	3	16	18	8	11	1	26	15	1	23	28	9	15	15	9	26	2	23	2	15	9	11	14	13	14	4	2	22	9	7	15	25	2	22	2	6	7	6	14	11	5	2	3	32	3	4	2	6	13	22	7	28	5	12	5	12	16	11	2	18	4	3	11	7	26	31	3	24	1	24	3	17	11	16	9	9	2	13	6	29	2	14	3	14	27	23	7	13
61	8	15	26	12	26	28	20	19	20	6	28	20	17	24	21	18	8	14	5	27	16	1	24	29	14	22	16	9	27	3	23	6	16	16	12	21	13	16	7	12	22	12	22	29	27	9	22	8	6	9	30	17	15	17	3	22	32	23	11	21	22	20	26	8	29	15	12	20	27	18	21	34	23	16	10	24	12	27	31	12	25	10	27	9	21	25	17	25	17	11	14	19	31	4	22	5	15	32	23	15	13
62	8	14	26	22	9	16	19	20	21	5	29	1	13	1	3	9	11	15	12	9	3	2	14	29	9	13	15	16	28	5	6	5	9	3	8	2	13	11	7	12	23	3	19	30	26	6	22	6	6	25	5	17	12	16	6	2	16	3	3	2	2	6	25	8	13	2	10	6	27	16	21	25	18	3	9	5	4	13	12	4	24	10	24	3	15	11	16	10	4	6	13	6	3	2	18	3	10	27	9	6	13
62	8	22	27	23	11	17	20	21	22	9	30	21	13	10	13	31	22	17	24	9	24	7	25	29	9	22	17	18	29	19	6	13	11	12	12	10	24	19	24	22	24	12	21	31	26	8	23	22	8	26	6	18	13	17	15	20	32	3	6	7	24	21	29	14	19	15	12	6	28	18	22	34	23	12	10	16	13	28	19	24	26	12	28	5	17	27	17	23	17	11	18	7	9	13	20	5	12	32	24	7	13
63	8	13	25	12	12	17	17	20	19	6	27	5	27	1	3	10	15	17	12	26	11	1	23	28	9	11	15	9	26	2	7	2	13	9	11	14	13	13	1	12	22	8	9	30	25	2	23	2	8	15	3	17	9	5	1	8	24	3	1	2	19	6	29	14	2	13	9	5	28	18	6	5	18	3	20	24	10	26	11	14	27	14	23	2	12	15	5	2	2	9	19	2	14	9	15	3	8	28	25	8	2
63	8	14	26	22	26	29	19	21	23	9	29	22	28	5	23	18	16	23	25	28	15	7	26	30	14	15	15	18	28	3	23	17	16	16	12	14	29	16	7	19	25	10	25	32	27	5	24	8	8	25	23	18	12	9	3	13	28	7	3	2	24	13	29	14	27	15	9	5	29	18	11	35	18	4	20	24	12	29	13	25	28	14	24	14	22	28	16	23	6	19	20	7	14	13	19	14	8	32	26	10	11
64	8	17	26	10	11	1	4	10	20	5	15	21	13	3	5	9	5	12	12	9	3	2	25	29	9	11	19	10	28	19	6	2	9	6	7	2	22	16	7	12	23	8	11	5	26	3	25	8	6	22	6	17	15	5	2	2	16	3	4	3	7	13	27	7	28	15	12	5	24	17	22	5	18	4	4	16	10	29	13	12	27	1	23	3	17	16	17	22	9	2	13	3	14	9	17	3	8	32	26	10	11
64	8	23	28	23	26	14	23	21	24	9	28	23	13	10	13	31	22	15	24	29	13	26	25	31	12	22	31	18	28	19	16	14	11	13	11	2	24	25	23	23	24	10	20	29	27	3	26	23	8	23	30	20	15	17	26	20	32	23	9	6	22	13	27	7	28	19	12	20	24	18	22	31	22	4	24	24	13	29	13	12	29	29	31	15	21	25	17	23	12	2	16	3	14	13	17	3	11	32	27	11	11
65	8	18	28	9	8	12	6	22	20	4	27	3	13	5	3	13	15	12	12	28	14	7	16	32	9	10	5	19	29	2	16	17	11	12	11	14	22	16	4	21	22	3	7	15	27	2	22	7	8	15	30	18	12	1	24	20	16	8	3	6	2	13	26	13	21	14	9	5	25	14	6	34	3	4	4	11	7	15	13	3	24	1	31	3	12	16	7	23	12	22	11	3	5	6	17	3	8	27	9	10	11
65	8	23	29	24	9	28	19	23	23	16	30	24	28	7	18	17	18	13	12	30	15	8	27	32	9	22	15	22	30	20	22	17	11	13	21	14	24	19	7	21	25	3	7	15	27	2	22	7	8	15	30	20	15	9	24	20	18	18	6	6	2	21	30	14	27	15	10	5	29	18	7	36	23	13	10	24	13	26	31	11	26	10	31	3	17	16	17	23	14	22	16	19	9	9	18	3	14	32	27	16	11
66	8	17	29	9	9	14	17	22	20	3	27	6	28	3	3	8	11	13	12	26	11	2	14	32	9	10	15	16	5	5	6	2	13	9	7	13	13	9	7	12	22	10	11	30	26	6	23	8	6	22	3	6	11	1	3	11	16	3	3	3	2	6	25	8	13	14	2	5	24	16	22	5	22	4	10	16	7	15	4	11	24	14	24	3	22	13	5	2	2	9	19	5	14	2	19	3	11	32	23	7	11
66	8	17	30	15	12	16	17	24	20	16	27	25	29	4	18	9	21	24	24	28	14	7	25	32	9	22	17	18	28	19	16	17	16	16	8	14	13	16	8	19	25	12	19	33	27	16	25	24	6	26	24	18	13	17	24	20	33	5	24	6	15	20	29	14	29	15	6	6	30	18	23	8	22	14	26	23	11	29	13	12	30	16	24	14	23	25	11	23	11	20	21	6	31	9	20	5	14	32	27	10	17
67	8	14	25	6	9	16	6	19	20	4	12	6	28	3	3	8	11	13	12	28	14	7	14	29	9	10	17	15	19	3	7	2	9	3	12	10	22	16	23	22	23	3	19	30	22	1	23	22	7	19	24	10	12	9	3	20	24	3	4	6	2	20	25	7	19	13	7	5	25	18	10	2	16	3	3	11	10	26	11	12	24	12	23	6	12	27	1	2	6	4	20	6	7	2	7	1	12	25	12	15	8
67	8	17	30	14	12	16	17	21	25	6	29	24	28	7	21	17	18	13	12	30	15	27	27	31	13	16	31	21	29	5	16	5	25	6	12	10	29	16	24	23	24	8	19	33	25	2	26	23	10	25	24	18	12	18	24	23	31	4	5	22	14	22	31	8	19	14	9	22	27	18	10	35	18	4	10	23	16	28	13	24	25	12	23	6	12	29	7	24	11	19	22	6	31	10	20	12	15	32	28	20	11
68	8	17	29	23	7	16	19	21	22	9	15	21	27	1	23	10	16	25	26	11	11	7	14	29	9	10	19	13	29	3	16	6	11	12	7	10	22	11	4	2	24	3	7	15	22	2	22	7	8	7	6	6	11	1	2	2	24	5	6	2	15	21	29	10	2	13	2	5	29	15	8	1	21	10	3	23	4	15	11	3	27	14	24	13	17	16	11	24	11	20	16	6	5	2	18	2	14	27	12	7	2
68	8	22	31	25	11	17	23	21	24	9	30	21	27	4	23	10	16	25	26	27	11	27	27	31	9	13	31	21	31	19	16	17	14	12	12	13	29	19	6	12	26	10	9	29	27	6	27	25	8	26	30	17	15	4	3	11	33	8	24	3	22	23	32	11	21	13	10	20	30	17	21	36	23	14	27	24	12	26	11	11	31	29	31	15	24	23	17	25	12	22	20	19	9	11	20	21	15	32	29	16	13
69	8	15	26	9	9	17	4	10	20	7	27	6	13	3	3	8	3	12	12	28	13	1	14	29	9	11	16	9	27	5	6	5	9	8	11	2	13	12	5	2	27	3	9	15	25	6	22	2	5	7	6	17	12	5	1	6	28	3	3	2	19	20	32	8	19	13	10	20	25	15	21	1	3	3	4	24	12	15	13	8	26	10	24	13	12	15	11	23	11	20	16	19	2	6	16	3	14	27	12	16	11
69	8	17	31	10	9	28	4	22	20	16	27	26	28	3	5	15	15	12	12	29	14	7	26	32	9	13	17	16	29	5	23	8	15	9	21	2	20	16	25	2	28	19	20	30	27	7	23	23	8	25	23	18	12	9	7	13	32	7	25	2	22	24	32	10	25	13	18	22	30	18	23	31	18	13	4	25	13	26	31	11	27	14	31	15	23	25	17	24	12	22	20	19	4	16	17	14	14	29	13	16	13
70	8	14	28	7	10	15	6	19	20	4	12	20	13	8	16	13	7	12	5	11	5	1	25	29	9	22	15	9	26	2	6	5	9	3	8	2	24	16	7	12	24	3	9	30	22	2	23	23	6	7	6	18	12	9	3	13	16	3	1	2	2	24	30	13	21	14	10	5	27	15	5	25	18	3	9	7	7	13	12	3	24	10	28	3	12	16	5	23	12	11	13	6	9	9	7	2	12	25	13	7	1
70	8	23	30	9	12	17	20	19	25	16	27	27	13	10	17	18	16	26	27	27	13	2	27	29	14	22	16	18	31	21	22	13	11	12	12	10	29	19	24	22	24	20	25	33	26	6	25	25	6	26	30	18	13	9	15	20	28	11	3	3	19	24	30	13	21	14	10	5	27	15	5	34	23	11	10	23	13	26	14	26	26	10	31	13	17	16	17	23	13	22	16	6	31	10	15	19	18	32	27	20	2
71	9	2	11	26	22	6	18	25	9	18	12	2	30	2	21	9	3	1	16	14	27	28	14	9	11	13	16	15	12	1	24	15	11	11	8	1	20	17	9	21	11	4	2	14	5	21	12	13	6	16	1	4	23	3	24	12	29	3	4	9	10	10	31	1	6	14	1	21	31	10	2	18	8	19	1	7	7	8	4	14	4	28	3	2	1	5	7	13	2	2	23	4	14	11	2	12	10	21	7	5	13
71	9	13	15	27	23	30	19	26	10	19	26	4	30	6	21	16	7	14	26	31	28	29	14	20	23	23	32	15	32	1	24	15	11	11	8	5	20	17	12	21	29	15	13	34	10	23	15	14	12	19	31	18	23	18	26	14	30	24	9	14	19	12	32	4	11	14	15	24	31	14	5	19	24	19	8	20	11	25	9	17	7	28	6	4	25	30	16	14	17	22	24	6	33	19	6	13	12	25	12	6	16
72	9	1	13	20	2	6	4	27	12	14	26	2	22	7	18	4	4	14	25	9	21	9	13	9	9	11	16	15	14	1	24	14	14	8	8	8	12	8	9	2	19	2	1	14	28	19	4	15	6	7	2	2	23	18	15	2	8	2	2	7	19	1	24	2	6	6	14	6	18	10	2	22	5	20	3	7	4	7	3	15	14	3	7	4	19	19	3	27	2	2	20	17	13	17	6	17	11	22	7	10	10
72	9	13	15	28	15	30	22	28	14	20	28	11	30	13	18	14	8	17	26	29	21	20	23	9	12	24	31	19	30	17	25	19	25	8	13	18	29	25	13	22	29	2	13	23	29	20	19	26	10	15	4	12	23	19	28	14	29	8	3	10	25	11	31	13	12	14	22	24	31	17	5	23	8	21	4	19	14	30	29	25	14	28	26	6	25	31	17	27	2	10	20	25	31	27	10	22	15	24	14	16	18
73	9	3	13	28	1	4	18	27	9	19	26	2	30	2	18	14	2	14	24	9	21	9	12	3	9	15	16	15	11	1	25	14	16	3	13	8	13	19	11	2	11	4	3	10	10	20	11	17	5	11	1	1	2	7	28	3	9	18	1	7	6	14	22	1	7	5	1	13	27	10	2	19	16	18	6	19	4	8	30	8	3	4	6	2	4	3	7	13	13	2	21	4	9	6	2	12	12	21	5	8	14
73	9	12	15	29	3	4	22	28	10	19	29	2	31	6	21	16	7	17	28	31	21	11	13	23	9	25	32	16	32	7	25	19	25	8	20	9	29	25	13	9	29	26	5	34	30	21	15	17	8	19	1	13	5	19	29	6	34	19	2	17	11	18	25	12	9	19	23	24	31	15	7	23	24	19	22	26	7	16	32	19	6	7	9	5	4	4	16	13	14	5	24	18	33	19	6	23	14	22	16	16	20
74	9	18	10	30	15	31	17	25	9	19	27	2	15	6	5	9	3	2	6	1	20	9	14	4	11	22	15	15	12	1	24	19	25	5	8	12	13	7	2	12	11	11	1	8	5	10	12	13	6	11	1	4	2	18	15	16	3	18	3	1	10	2	24	12	9	12	14	24	16	3	1	18	24	19	2	7	4	8	32	12	3	4	6	2	4	3	7	13	14	2	21	17	8	11	2	12	10	21	5	11	10
74	9	18	10	30	15	32	17	25	9	19	29	23	31	15	23	17	8	17	27	31	28	30	28	9	24	24	16	19	14	7	25	21	25	9	13	17	23	12	19	12	29	20	2	34	31	21	19	14	16	26	32	7	8	19	30	24	30	20	9	11	10	2	24	12	9	12	14	24	16	3	1	23	25	20	8	19	16	30	32	19	7	7	9	5	4	4	16	13	17	5	24	20	31	15	6	24	15	22	14	16	24
75	9	12	11	27	3	6	20	27	9	14	26	2	25	6	18	14	1	14	25	14	21	21	13	21	23	13	15	13	12	3	26	14	11	3	8	5	13	17	2	9	11	1	5	6	30	19	9	26	10	25	1	9	8	2	24	8	6	2	3	3	11	18	27	1	1	14	15	18	27	14	2	18	8	19	1	1	7	8	9	16	4	7	3	5	4	5	7	13	12	10	25	16	13	15	6	13	8	22	7	9	16
75	9	13	13	28	15	30	22	28	15	18	31	4	30	7	18	16	7	17	26	31	28	30	16	21	25	16	18	16	31	9	27	15	11	11	20	9	20	19	9	21	29	10	13	14	32	25	10	27	11	26	32	20	24	18	28	12	8	24	5	16	26	18	32	12	11	19	23	21	31	18	5	18	25	19	8	20	11	22	30	19	7	28	3	18	19	5	17	16	17	10	25	25	33	17	10	22	15	24	14	10	18
76	9	12	11	27	3	6	19	26	9	18	12	2	22	6	21	4	3	4	28	1	21	19	23	4	12	13	14	13	28	3	28	14	9	5	13	9	17	11	9	2	8	20	1	8	5	10	12	14	16	22	32	7	3	3	24	12	6	10	3	1	11	2	24	12	1	6	14	6	18	18	2	18	16	15	8	20	7	2	7	19	7	7	6	2	4	3	16	13	2	5	24	6	33	6	6	12	11	20	4	6	11
76	9	13	13	29	22	30	21	27	9	19	26	5	25	11	24	9	4	12	29	9	29	20	25	9	26	13	31	15	32	9	29	22	14	8	20	11	17	16	14	12	19	20	1	8	33	10	13	17	16	26	32	18	24	3	31	16	7	24	6	16	14	12	27	13	9	19	24	18	30	18	5	20	24	19	17	21	12	8	9	25	7	28	26	6	26	32	17	14	12	10	24	18	33	11	13	24	14	21	11	10	27
77	9	13	8	27	15	30	22	29	7	16	12	20	13	6	10	14	7	4	9	11	21	9	14	9	9	13	18	15	12	7	24	14	14	8	11	6	12	15	10	2	13	2	1	6	29	21	11	15	5	9	2	4	3	18	15	12	2	8	3	11	6	2	25	2	9	6	14	21	16	1	8	19	1	15	8	1	13	20	29	17	7	9	6	4	1	5	5	15	8	5	20	2	31	14	8	11	8	21	6	9	9
77	9	13	11	31	23	33	23	29	11	20	26	24	22	15	14	17	10	17	16	27	30	29	14	20	10	23	32	15	12	10	24	23	14	8	12	9	13	16	12	19	19	26	2	23	31	26	15	26	11	11	4	9	8	22	29	24	30	18	4	19	10	2	29	13	10	8	24	24	32	8	22	23	24	17	10	19	14	30	30	25	14	27	15	7	19	5	18	27	14	24	25	17	31	15	10	12	11	25	13	16	16
78	9	3	6	17	6	6	4	25	11	14	17	2	30	4	19	2	1	13	26	26	20	20	14	9	10	15	15	15	12	7	24	15	11	8	8	4	7	10	2	21	29	2	1	2	32	9	9	12	11	26	3	9	5	7	28	2	34	24	1	7	11	2	26	12	6	10	14	13	16	5	8	19	8	20	4	5	4	7	3	11	6	7	6	2	4	3	16	13	14	5	24	6	31	14	6	12	12	21	7	16	11
78	9	11	13	29	18	30	23	29	12	17	27	6	30	13	21	16	1	14	26	31	20	30	28	20	23	16	18	23	14	10	27	18	14	11	13	17	22	11	14	22	29	20	13	34	33	21	28	14	16	26	32	9	5	19	32	2	34	24	2	7	11	7	29	13	9	11	14	25	32	5	11	22	13	21	21	21	7	16	32	15	14	7	7	5	7	5	17	13	14	10	25	17	33	17	7	16	12	21	11	16	16
79	9	7	13	27	3	6	4	27	9	19	12	5	13	6	10	9	3	4	9	1	21	29	14	9	10	10	16	13	32	1	24	15	14	3	8	6	7	10	2	12	9	1	3	8	5	10	12	12	6	11	1	7	3	3	24	16	7	10	3	1	9	11	31	2	7	14	22	24	30	10	2	18	8	15	5	1	4	20	30	15	3	7	3	7	7	1	3	15	14	5	21	6	31	27	1	11	8	21	6	5	9
79	9	12	16	29	16	32	21	27	12	20	26	24	22	15	24	17	10	17	28	11	29	29	25	20	12	16	25	15	32	13	24	23	14	4	11	12	20	17	13	21	29	20	13	10	28	20	28	14	16	26	4	18	23	3	31	24	29	24	9	14	14	12	32	12	11	14	22	25	30	14	5	19	25	20	9	7	14	30	30	15	7	9	3	7	18	19	17	27	17	10	25	17	31	28	10	17	11	24	7	16	10
80	9	10	8	21	15	30	17	26	9	18	28	24	22	1	25	8	8	4	15	1	27	9	19	4	9	10	31	15	14	7	25	15	11	8	8	4	13	10	2	12	13	5	2	11	10	21	15	16	6	11	1	2	23	3	26	11	29	3	4	9	10	2	25	1	1	5	1	13	30	8	7	20	8	15	6	5	3	1	7	14	4	4	3	2	1	1	3	13	14	5	21	6	31	17	2	12	12	21	7	5	13
80	9	13	16	27	16	32	20	29	9	20	28	26	22	6	25	11	10	6	28	4	28	19	28	23	20	20	32	19	32	7	27	24	14	11	12	6	22	14	10	21	29	11	3	23	34	21	19	26	12	15	5	6	23	18	26	14	30	19	9	16	11	18	29	4	16	8	23	21	32	10	22	23	18	20	17	18	12	8	32	25	12	9	6	7	7	5	17	16	17	23	25	16	33	18	8	12	14	24	11	6	14
