

----------------------------------------------------
STRUCTURE by Pritchard, Stephens and Donnelly (2000)
     and Falush, Stephens and Pritchard (2003)
       Code by Pritchard, Falush and Hubisz
             Version 2.3.4 (Jul 2012)
----------------------------------------------------



Command line arguments:   bin\structure -m C:\Users\CHendrikse\Documents\HybridSimulation\SimParFiles\4DemeFixed\50_50\50_50\mainparams -e C:\Users\CHendrikse\Documents\HybridSimulation\SimParFiles\4DemeFixed\50_50\50_50\extraparams 
Input File:    C:\Users\CHendrikse\Documents\HybridSimulation\SimParFiles\4DemeFixed\50_50\project_data

Run parameters:
   50 individuals
   100 loci
   4 populations assumed
   50000 Burn-in period
   50000 Reps


--------------------------------------------
Overall proportion of membership of the
sample in each of the 4 clusters

Inferred Clusters
  1      2      3      4    
0.301  0.200  0.299  0.200  

--------------------------------------------

Allele-freq. divergence among pops (Net nucleotide distance),
computed using point estimates of P.

      1       2       3       4      
 1      -    0.1058  0.1033  0.0943  
 2   0.1058     -    0.1093  0.0908  
 3   0.1033  0.1093     -    0.0996  
 4   0.0943  0.0908  0.0996     -    

Average distances (expected heterozygosity) between individuals in same cluster:
cluster  1  : 0.8490 
cluster  2  : 0.8498 
cluster  3  : 0.8405 
cluster  4  : 0.8693 

--------------------------------------------
Estimated Ln Prob of Data   = -22930.3
Mean value of ln likelihood = -21364.0
Variance of ln likelihood   = 3132.7
Mean value of alpha         = 0.0287

Mean value of Fst_1         = 0.1412
Mean value of Fst_2         = 0.1393
Mean value of Fst_3         = 0.1473
Mean value of Fst_4         = 0.1157


Inferred ancestry of individuals:
        Label (%Miss) :  Inferred clusters
  1        1    (0)   :  0.999 0.000 0.000 0.001 
  2        2    (0)   :  0.999 0.000 0.001 0.000 
  3        3    (0)   :  0.997 0.001 0.002 0.001 
  4        4    (0)   :  0.998 0.000 0.000 0.001 
  5        5    (0)   :  0.998 0.000 0.001 0.001 
  6        6    (0)   :  0.999 0.000 0.000 0.000 
  7        7    (0)   :  0.997 0.000 0.001 0.002 
  8        8    (0)   :  0.999 0.000 0.001 0.000 
  9        9    (0)   :  0.999 0.000 0.001 0.000 
 10       10    (0)   :  0.998 0.000 0.001 0.001 
 11       11    (0)   :  0.001 0.001 0.998 0.000 
 12       12    (0)   :  0.000 0.000 0.999 0.000 
 13       13    (0)   :  0.001 0.000 0.998 0.001 
 14       14    (0)   :  0.000 0.000 0.999 0.000 
 15       15    (0)   :  0.000 0.001 0.998 0.000 
 16       16    (0)   :  0.001 0.001 0.997 0.001 
 17       17    (0)   :  0.003 0.001 0.996 0.001 
 18       18    (0)   :  0.001 0.001 0.998 0.001 
 19       19    (0)   :  0.000 0.000 0.999 0.001 
 20       20    (0)   :  0.000 0.000 0.999 0.000 
 21      h01    (0)   :  0.498 0.000 0.501 0.000 
 22      h02    (0)   :  0.499 0.000 0.500 0.000 
 23      h03    (0)   :  0.496 0.000 0.503 0.000 
 24      h04    (0)   :  0.514 0.000 0.485 0.000 
 25      h05    (0)   :  0.508 0.000 0.491 0.000 
 26      h06    (0)   :  0.514 0.000 0.485 0.000 
 27      h07    (0)   :  0.492 0.000 0.508 0.000 
 28      h08    (0)   :  0.513 0.000 0.486 0.000 
 29      h09    (0)   :  0.486 0.000 0.513 0.000 
 30      h10    (0)   :  0.515 0.000 0.484 0.000 
 31       21    (0)   :  0.000 0.000 0.000 0.999 
 32       22    (0)   :  0.000 0.001 0.000 0.998 
 33       23    (0)   :  0.001 0.002 0.000 0.997 
 34       24    (0)   :  0.000 0.000 0.000 0.999 
 35       25    (0)   :  0.000 0.001 0.001 0.997 
 36       26    (0)   :  0.001 0.001 0.000 0.998 
 37       27    (0)   :  0.001 0.000 0.000 0.999 
 38       28    (0)   :  0.000 0.000 0.000 0.999 
 39       29    (0)   :  0.000 0.001 0.000 0.998 
 40       30    (0)   :  0.000 0.000 0.000 0.999 
 41       31    (0)   :  0.001 0.998 0.000 0.000 
 42       32    (0)   :  0.000 0.999 0.000 0.000 
 43       33    (0)   :  0.000 0.999 0.000 0.000 
 44       34    (0)   :  0.001 0.999 0.000 0.000 
 45       35    (0)   :  0.001 0.999 0.000 0.000 
 46       36    (0)   :  0.001 0.998 0.001 0.001 
 47       37    (0)   :  0.000 0.999 0.000 0.000 
 48       38    (0)   :  0.000 0.998 0.000 0.001 
 49       39    (0)   :  0.000 0.999 0.000 0.001 
 50       40    (0)   :  0.001 0.999 0.000 0.000 


Estimated Allele Frequencies in each cluster
First column gives estimated ancestral frequencies


Locus 1 : locus1 
19 alleles
0.0% missing data
   1   (0.072) 0.254 0.017 0.132 0.020 
   2   (0.036) 0.088 0.009 0.008 0.010 
   3   (0.073) 0.061 0.056 0.102 0.021 
   4   (0.034) 0.087 0.008 0.007 0.009 
   5   (0.087) 0.063 0.021 0.104 0.169 
   6   (0.038) 0.117 0.009 0.008 0.011 
   7   (0.073) 0.097 0.056 0.012 0.056 
   8   (0.036) 0.059 0.009 0.009 0.010 
   9   (0.088) 0.085 0.135 0.082 0.024 
  10   (0.059) 0.010 0.014 0.065 0.161 
  11   (0.078) 0.021 0.019 0.283 0.130 
  12   (0.069) 0.014 0.016 0.147 0.163 
  13   (0.036) 0.006 0.008 0.006 0.119 
  14   (0.035) 0.006 0.008 0.006 0.046 
  15   (0.040) 0.007 0.162 0.006 0.011 
  16   (0.038) 0.007 0.124 0.006 0.010 
  17   (0.030) 0.005 0.083 0.005 0.008 
  18   (0.037) 0.006 0.123 0.006 0.010 
  19   (0.039) 0.007 0.124 0.006 0.011 

Locus 2 : locus2 
18 alleles
0.0% missing data
   1   (0.068) 0.177 0.054 0.015 0.019 
   2   (0.079) 0.318 0.095 0.018 0.022 
   3   (0.124) 0.150 0.182 0.141 0.035 
   4   (0.032) 0.034 0.008 0.005 0.009 
   5   (0.042) 0.063 0.010 0.007 0.012 
   6   (0.041) 0.035 0.010 0.007 0.011 
   7   (0.034) 0.034 0.008 0.005 0.009 
   8   (0.051) 0.083 0.012 0.017 0.014 
   9   (0.064) 0.011 0.091 0.065 0.018 
  10   (0.088) 0.025 0.135 0.473 0.024 
  11   (0.082) 0.019 0.287 0.173 0.023 
  12   (0.029) 0.005 0.007 0.032 0.008 
  13   (0.056) 0.010 0.013 0.009 0.305 
  14   (0.053) 0.009 0.013 0.008 0.304 
  15   (0.040) 0.007 0.009 0.006 0.047 
  16   (0.035) 0.006 0.008 0.006 0.046 
  17   (0.042) 0.007 0.010 0.007 0.084 
  18   (0.037) 0.006 0.047 0.006 0.010 

Locus 3 : locus3 
22 alleles
0.0% missing data
   1   (0.044) 0.144 0.011 0.009 0.012 
   2   (0.056) 0.197 0.013 0.014 0.015 
   3   (0.050) 0.253 0.012 0.012 0.014 
   4   (0.043) 0.112 0.010 0.012 0.012 
   5   (0.050) 0.063 0.012 0.008 0.050 
   6   (0.039) 0.087 0.009 0.009 0.011 
   7   (0.082) 0.017 0.287 0.263 0.023 
   8   (0.061) 0.010 0.205 0.066 0.017 
   9   (0.048) 0.013 0.011 0.255 0.013 
  10   (0.040) 0.009 0.010 0.117 0.011 
  11   (0.044) 0.010 0.010 0.089 0.012 
  12   (0.053) 0.019 0.051 0.083 0.015 
  13   (0.041) 0.007 0.010 0.007 0.229 
  14   (0.037) 0.006 0.009 0.006 0.119 
  15   (0.039) 0.006 0.009 0.006 0.155 
  16   (0.041) 0.007 0.010 0.007 0.156 
  17   (0.033) 0.006 0.008 0.005 0.045 
  18   (0.035) 0.006 0.008 0.006 0.046 
  19   (0.041) 0.007 0.086 0.007 0.011 
  20   (0.046) 0.008 0.125 0.007 0.013 
  21   (0.040) 0.007 0.048 0.007 0.011 
  22   (0.037) 0.006 0.046 0.006 0.010 

Locus 4 : locus4 
17 alleles
0.0% missing data
   1   (0.122) 0.353 0.334 0.075 0.034 
   2   (0.055) 0.065 0.051 0.009 0.015 
   3   (0.065) 0.100 0.015 0.144 0.018 
   4   (0.082) 0.208 0.019 0.208 0.023 
   5   (0.090) 0.053 0.174 0.088 0.024 
   6   (0.040) 0.090 0.010 0.007 0.011 
   7   (0.034) 0.033 0.008 0.005 0.009 
   8   (0.054) 0.009 0.051 0.037 0.015 
   9   (0.088) 0.015 0.059 0.042 0.315 
  10   (0.118) 0.031 0.219 0.288 0.105 
  11   (0.036) 0.006 0.008 0.034 0.010 
  12   (0.032) 0.006 0.008 0.033 0.009 
  13   (0.045) 0.008 0.010 0.007 0.193 
  14   (0.038) 0.006 0.009 0.006 0.083 
  15   (0.032) 0.005 0.008 0.005 0.045 
  16   (0.037) 0.006 0.009 0.006 0.046 
  17   (0.033) 0.006 0.008 0.005 0.045 

Locus 5 : locus5 
14 alleles
0.0% missing data
   1   (0.069) 0.253 0.054 0.016 0.019 
   2   (0.065) 0.171 0.054 0.015 0.018 
   3   (0.106) 0.311 0.140 0.025 0.065 
   4   (0.070) 0.089 0.017 0.015 0.092 
   5   (0.032) 0.033 0.008 0.005 0.009 
   6   (0.077) 0.022 0.095 0.229 0.021 
   7   (0.088) 0.016 0.021 0.240 0.205 
   8   (0.104) 0.021 0.140 0.127 0.137 
   9   (0.116) 0.027 0.104 0.153 0.213 
  10   (0.060) 0.016 0.052 0.061 0.016 
  11   (0.097) 0.023 0.099 0.065 0.172 
  12   (0.037) 0.006 0.009 0.034 0.010 
  13   (0.038) 0.006 0.085 0.006 0.010 
  14   (0.041) 0.007 0.124 0.007 0.011 

Locus 6 : locus6 
13 alleles
0.0% missing data
   1   (0.106) 0.074 0.140 0.017 0.210 
   2   (0.094) 0.156 0.022 0.456 0.026 
   3   (0.119) 0.212 0.142 0.025 0.141 
   4   (0.081) 0.238 0.019 0.122 0.022 
   5   (0.076) 0.041 0.056 0.012 0.094 
   6   (0.039) 0.059 0.009 0.010 0.011 
   7   (0.040) 0.063 0.009 0.006 0.011 
   8   (0.147) 0.102 0.188 0.168 0.113 
   9   (0.103) 0.018 0.101 0.044 0.282 
  10   (0.065) 0.014 0.053 0.118 0.018 
  11   (0.058) 0.010 0.129 0.009 0.052 
  12   (0.038) 0.007 0.085 0.006 0.011 
  13   (0.034) 0.006 0.046 0.005 0.009 

Locus 7 : locus7 
17 alleles
0.0% missing data
   1   (0.047) 0.303 0.011 0.012 0.013 
   2   (0.101) 0.245 0.138 0.118 0.028 
   3   (0.038) 0.088 0.009 0.006 0.010 
   4   (0.040) 0.057 0.010 0.011 0.011 
   5   (0.096) 0.093 0.023 0.135 0.135 
   6   (0.039) 0.056 0.009 0.011 0.011 
   7   (0.047) 0.035 0.049 0.008 0.013 
   8   (0.030) 0.005 0.007 0.033 0.009 
   9   (0.090) 0.024 0.136 0.120 0.061 
  10   (0.057) 0.009 0.128 0.066 0.016 
  11   (0.122) 0.024 0.220 0.160 0.287 
  12   (0.078) 0.021 0.018 0.118 0.275 
  13   (0.059) 0.010 0.128 0.067 0.016 
  14   (0.041) 0.011 0.010 0.116 0.011 
  15   (0.053) 0.009 0.051 0.009 0.051 
  16   (0.029) 0.005 0.007 0.005 0.044 
  17   (0.031) 0.005 0.045 0.005 0.009 

Locus 8 : locus8 
24 alleles
0.0% missing data
   1   (0.044) 0.250 0.010 0.012 0.012 
   2   (0.036) 0.251 0.008 0.008 0.010 
   3   (0.038) 0.114 0.009 0.008 0.011 
   4   (0.032) 0.057 0.008 0.009 0.009 
   5   (0.036) 0.057 0.008 0.009 0.010 
   6   (0.060) 0.037 0.014 0.010 0.234 
   7   (0.056) 0.064 0.013 0.009 0.196 
   8   (0.032) 0.033 0.007 0.005 0.009 
   9   (0.056) 0.014 0.013 0.146 0.087 
  10   (0.061) 0.018 0.091 0.171 0.017 
  11   (0.063) 0.017 0.053 0.202 0.017 
  12   (0.048) 0.010 0.049 0.119 0.013 
  13   (0.056) 0.009 0.090 0.150 0.016 
  14   (0.038) 0.006 0.009 0.034 0.011 
  15   (0.059) 0.015 0.014 0.061 0.089 
  16   (0.033) 0.005 0.008 0.005 0.045 
  17   (0.031) 0.005 0.007 0.005 0.081 
  18   (0.031) 0.005 0.007 0.005 0.081 
  19   (0.039) 0.006 0.200 0.006 0.011 
  20   (0.034) 0.006 0.123 0.006 0.009 
  21   (0.022) 0.004 0.043 0.004 0.006 
  22   (0.035) 0.006 0.046 0.006 0.010 
  23   (0.034) 0.006 0.084 0.006 0.009 
  24   (0.027) 0.004 0.083 0.004 0.008 

Locus 9 : locus9 
19 alleles
0.0% missing data
   1   (0.046) 0.196 0.011 0.012 0.013 
   2   (0.059) 0.089 0.091 0.013 0.017 
   3   (0.049) 0.223 0.012 0.014 0.014 
   4   (0.052) 0.059 0.050 0.013 0.014 
   5   (0.068) 0.067 0.169 0.011 0.019 
   6   (0.073) 0.068 0.208 0.012 0.020 
   7   (0.036) 0.058 0.009 0.010 0.010 
   8   (0.035) 0.033 0.008 0.006 0.010 
   9   (0.037) 0.089 0.009 0.006 0.010 
  10   (0.040) 0.007 0.009 0.203 0.011 
  11   (0.109) 0.030 0.025 0.426 0.247 
  12   (0.070) 0.012 0.017 0.067 0.164 
  13   (0.073) 0.016 0.017 0.092 0.237 
  14   (0.061) 0.021 0.014 0.083 0.053 
  15   (0.038) 0.006 0.009 0.006 0.082 
  16   (0.033) 0.006 0.008 0.005 0.045 
  17   (0.038) 0.006 0.085 0.006 0.011 
  18   (0.046) 0.008 0.125 0.007 0.013 
  19   (0.039) 0.007 0.124 0.006 0.011 

Locus 10 : locus10 
20 alleles
0.0% missing data
   1   (0.075) 0.201 0.018 0.158 0.021 
   2   (0.075) 0.202 0.018 0.019 0.166 
   3   (0.079) 0.152 0.019 0.400 0.022 
   4   (0.081) 0.094 0.096 0.017 0.058 
   5   (0.062) 0.149 0.052 0.012 0.017 
   6   (0.077) 0.049 0.056 0.115 0.021 
   7   (0.057) 0.060 0.014 0.014 0.052 
   8   (0.079) 0.021 0.210 0.199 0.022 
   9   (0.039) 0.007 0.009 0.006 0.264 
  10   (0.039) 0.007 0.009 0.006 0.047 
  11   (0.035) 0.006 0.008 0.006 0.082 
  12   (0.033) 0.006 0.008 0.005 0.046 
  13   (0.030) 0.005 0.007 0.005 0.080 
  14   (0.032) 0.005 0.008 0.005 0.045 
  15   (0.035) 0.006 0.123 0.006 0.010 
  16   (0.034) 0.006 0.046 0.005 0.009 
  17   (0.033) 0.006 0.046 0.005 0.009 
  18   (0.039) 0.007 0.086 0.006 0.011 
  19   (0.034) 0.006 0.046 0.006 0.010 
  20   (0.030) 0.005 0.122 0.005 0.008 

Locus 11 : locus11 
24 alleles
0.0% missing data
   1   (0.042) 0.138 0.010 0.014 0.012 
   2   (0.034) 0.225 0.008 0.006 0.009 
   3   (0.038) 0.057 0.009 0.010 0.010 
   4   (0.044) 0.196 0.010 0.012 0.012 
   5   (0.040) 0.087 0.010 0.009 0.011 
   6   (0.038) 0.087 0.009 0.008 0.010 
   7   (0.031) 0.033 0.007 0.005 0.009 
   8   (0.025) 0.032 0.006 0.004 0.007 
   9   (0.079) 0.020 0.171 0.287 0.022 
  10   (0.061) 0.023 0.091 0.165 0.017 
  11   (0.064) 0.011 0.244 0.151 0.018 
  12   (0.032) 0.007 0.008 0.116 0.009 
  13   (0.052) 0.009 0.012 0.037 0.087 
  14   (0.058) 0.010 0.014 0.037 0.233 
  15   (0.032) 0.005 0.008 0.033 0.009 
  16   (0.055) 0.014 0.089 0.060 0.015 
  17   (0.033) 0.006 0.008 0.005 0.117 
  18   (0.043) 0.007 0.010 0.007 0.193 
  19   (0.032) 0.006 0.007 0.005 0.081 
  20   (0.032) 0.005 0.008 0.005 0.045 
  21   (0.030) 0.005 0.007 0.005 0.045 
  22   (0.031) 0.005 0.045 0.005 0.008 
  23   (0.042) 0.007 0.163 0.007 0.012 
  24   (0.031) 0.005 0.045 0.005 0.008 

Locus 12 : locus12 
23 alleles
0.0% missing data
   1   (0.046) 0.150 0.011 0.009 0.049 
   2   (0.043) 0.206 0.010 0.009 0.012 
   3   (0.073) 0.108 0.017 0.057 0.056 
   4   (0.035) 0.063 0.008 0.005 0.010 
   5   (0.036) 0.119 0.008 0.007 0.010 
   6   (0.056) 0.062 0.051 0.014 0.016 
   7   (0.052) 0.037 0.012 0.008 0.160 
   8   (0.066) 0.073 0.016 0.114 0.054 
   9   (0.026) 0.059 0.006 0.007 0.007 
  10   (0.058) 0.016 0.014 0.139 0.088 
  11   (0.064) 0.018 0.015 0.193 0.090 
  12   (0.051) 0.011 0.012 0.250 0.049 
  13   (0.037) 0.015 0.009 0.078 0.010 
  14   (0.029) 0.005 0.007 0.059 0.008 
  15   (0.031) 0.005 0.007 0.005 0.081 
  16   (0.046) 0.008 0.049 0.007 0.085 
  17   (0.032) 0.006 0.007 0.005 0.117 
  18   (0.034) 0.006 0.008 0.005 0.046 
  19   (0.035) 0.006 0.123 0.005 0.010 
  20   (0.037) 0.006 0.123 0.006 0.010 
  21   (0.038) 0.007 0.200 0.006 0.011 
  22   (0.043) 0.007 0.201 0.007 0.012 
  23   (0.034) 0.006 0.085 0.005 0.010 

Locus 13 : locus13 
18 alleles
0.0% missing data
   1   (0.067) 0.196 0.016 0.017 0.055 
   2   (0.067) 0.187 0.016 0.082 0.019 
   3   (0.115) 0.138 0.027 0.350 0.140 
   4   (0.078) 0.143 0.018 0.019 0.130 
   5   (0.078) 0.040 0.018 0.041 0.131 
   6   (0.073) 0.121 0.017 0.012 0.201 
   7   (0.103) 0.097 0.024 0.217 0.137 
   8   (0.051) 0.008 0.012 0.037 0.050 
   9   (0.033) 0.006 0.008 0.034 0.009 
  10   (0.039) 0.014 0.009 0.084 0.011 
  11   (0.031) 0.005 0.007 0.034 0.009 
  12   (0.033) 0.006 0.008 0.034 0.009 
  13   (0.054) 0.009 0.051 0.009 0.051 
  14   (0.037) 0.006 0.124 0.006 0.010 
  15   (0.029) 0.005 0.045 0.005 0.008 
  16   (0.047) 0.008 0.279 0.008 0.013 
  17   (0.037) 0.006 0.199 0.006 0.010 
  18   (0.029) 0.005 0.122 0.005 0.008 

Locus 14 : locus14 
24 alleles
0.0% missing data
   1   (0.031) 0.033 0.007 0.005 0.009 
   2   (0.023) 0.195 0.006 0.006 0.006 
   3   (0.047) 0.255 0.011 0.009 0.013 
   4   (0.042) 0.116 0.010 0.009 0.012 
   5   (0.038) 0.167 0.009 0.011 0.011 
   6   (0.047) 0.045 0.011 0.082 0.013 
   7   (0.059) 0.057 0.014 0.102 0.016 
   8   (0.035) 0.008 0.008 0.116 0.010 
   9   (0.038) 0.008 0.009 0.117 0.010 
  10   (0.038) 0.013 0.009 0.195 0.011 
  11   (0.041) 0.009 0.010 0.229 0.011 
  12   (0.032) 0.006 0.008 0.033 0.009 
  13   (0.030) 0.005 0.007 0.005 0.044 
  14   (0.036) 0.006 0.009 0.006 0.083 
  15   (0.052) 0.009 0.242 0.008 0.050 
  16   (0.048) 0.008 0.049 0.008 0.121 
  17   (0.028) 0.005 0.006 0.005 0.044 
  18   (0.055) 0.009 0.166 0.009 0.051 
  19   (0.036) 0.006 0.009 0.006 0.119 
  20   (0.064) 0.011 0.092 0.010 0.126 
  21   (0.066) 0.011 0.130 0.011 0.090 
  22   (0.034) 0.006 0.008 0.005 0.082 
  23   (0.047) 0.008 0.049 0.008 0.049 
  24   (0.034) 0.006 0.123 0.005 0.010 

Locus 15 : locus15 
24 alleles
0.0% missing data
   1   (0.050) 0.308 0.012 0.012 0.014 
   2   (0.051) 0.364 0.012 0.012 0.014 
   3   (0.039) 0.087 0.009 0.009 0.011 
   4   (0.055) 0.036 0.013 0.009 0.124 
   5   (0.034) 0.058 0.008 0.009 0.010 
   6   (0.044) 0.014 0.011 0.281 0.012 
   7   (0.035) 0.008 0.008 0.087 0.010 
   8   (0.037) 0.008 0.009 0.145 0.010 
   9   (0.028) 0.005 0.007 0.033 0.007 
  10   (0.044) 0.013 0.011 0.114 0.012 
  11   (0.030) 0.005 0.007 0.033 0.008 
  12   (0.036) 0.008 0.008 0.088 0.010 
  13   (0.043) 0.007 0.010 0.035 0.085 
  14   (0.030) 0.005 0.007 0.033 0.008 
  15   (0.032) 0.005 0.008 0.033 0.009 
  16   (0.038) 0.006 0.009 0.006 0.119 
  17   (0.056) 0.009 0.204 0.009 0.088 
  18   (0.033) 0.006 0.008 0.005 0.081 
  19   (0.049) 0.008 0.088 0.008 0.049 
  20   (0.057) 0.010 0.167 0.009 0.051 
  21   (0.062) 0.010 0.243 0.010 0.089 
  22   (0.051) 0.009 0.050 0.008 0.159 
  23   (0.035) 0.006 0.046 0.006 0.010 
  24   (0.032) 0.005 0.045 0.005 0.009 

Locus 16 : locus16 
15 alleles
0.0% missing data
   1   (0.098) 0.055 0.023 0.060 0.317 
   2   (0.097) 0.378 0.023 0.173 0.027 
   3   (0.050) 0.167 0.012 0.012 0.014 
   4   (0.044) 0.137 0.010 0.012 0.012 
   5   (0.037) 0.033 0.009 0.006 0.010 
   6   (0.097) 0.062 0.023 0.111 0.136 
   7   (0.107) 0.061 0.025 0.232 0.139 
   8   (0.036) 0.033 0.008 0.006 0.010 
   9   (0.085) 0.014 0.135 0.072 0.059 
  10   (0.098) 0.016 0.214 0.075 0.099 
  11   (0.073) 0.015 0.017 0.212 0.092 
  12   (0.061) 0.010 0.129 0.010 0.053 
  13   (0.043) 0.007 0.239 0.007 0.012 
  14   (0.041) 0.007 0.086 0.007 0.011 
  15   (0.034) 0.005 0.046 0.006 0.009 

Locus 17 : locus17 
20 alleles
0.0% missing data
   1   (0.047) 0.227 0.011 0.010 0.013 
   2   (0.048) 0.171 0.011 0.011 0.013 
   3   (0.036) 0.089 0.009 0.006 0.010 
   4   (0.043) 0.168 0.010 0.013 0.012 
   5   (0.034) 0.033 0.008 0.005 0.009 
   6   (0.054) 0.051 0.013 0.050 0.015 
   7   (0.107) 0.066 0.139 0.024 0.247 
   8   (0.061) 0.083 0.091 0.020 0.017 
   9   (0.049) 0.012 0.012 0.395 0.014 
  10   (0.036) 0.011 0.009 0.113 0.010 
  11   (0.023) 0.004 0.006 0.032 0.006 
  12   (0.041) 0.007 0.010 0.119 0.012 
  13   (0.049) 0.014 0.012 0.114 0.014 
  14   (0.032) 0.005 0.008 0.033 0.009 
  15   (0.038) 0.007 0.009 0.006 0.083 
  16   (0.061) 0.010 0.129 0.010 0.089 
  17   (0.063) 0.011 0.053 0.010 0.162 
  18   (0.062) 0.011 0.091 0.010 0.126 
  19   (0.063) 0.011 0.321 0.010 0.053 
  20   (0.050) 0.009 0.050 0.008 0.086 

Locus 18 : locus18 
20 alleles
0.0% missing data
   1   (0.038) 0.115 0.009 0.008 0.011 
   2   (0.080) 0.254 0.134 0.021 0.022 
   3   (0.039) 0.169 0.009 0.009 0.011 
   4   (0.035) 0.061 0.008 0.006 0.010 
   5   (0.098) 0.172 0.061 0.334 0.027 
   6   (0.068) 0.061 0.284 0.017 0.019 
   7   (0.031) 0.032 0.007 0.005 0.008 
   8   (0.074) 0.031 0.018 0.104 0.093 
   9   (0.057) 0.014 0.051 0.060 0.016 
  10   (0.084) 0.018 0.210 0.264 0.023 
  11   (0.053) 0.009 0.050 0.065 0.015 
  12   (0.067) 0.017 0.016 0.062 0.127 
  13   (0.039) 0.007 0.009 0.006 0.083 
  14   (0.040) 0.007 0.009 0.006 0.155 
  15   (0.031) 0.005 0.007 0.005 0.081 
  16   (0.033) 0.006 0.008 0.005 0.045 
  17   (0.038) 0.006 0.009 0.006 0.119 
  18   (0.032) 0.005 0.008 0.005 0.081 
  19   (0.033) 0.006 0.008 0.005 0.046 
  20   (0.031) 0.005 0.084 0.005 0.009 

Locus 19 : locus19 
25 alleles
0.0% missing data
   1   (0.037) 0.193 0.009 0.008 0.010 
   2   (0.037) 0.109 0.009 0.011 0.010 
   3   (0.040) 0.138 0.009 0.010 0.011 
   4   (0.033) 0.084 0.008 0.008 0.009 
   5   (0.059) 0.158 0.014 0.053 0.016 
   6   (0.051) 0.089 0.012 0.095 0.014 
   7   (0.083) 0.106 0.134 0.115 0.023 
   8   (0.031) 0.006 0.007 0.119 0.009 
   9   (0.030) 0.008 0.007 0.059 0.008 
  10   (0.065) 0.014 0.168 0.209 0.018 
  11   (0.031) 0.006 0.007 0.119 0.009 
  12   (0.059) 0.010 0.320 0.038 0.017 
  13   (0.045) 0.007 0.087 0.036 0.013 
  14   (0.053) 0.014 0.127 0.061 0.015 
  15   (0.027) 0.004 0.006 0.005 0.044 
  16   (0.037) 0.006 0.009 0.006 0.155 
  17   (0.033) 0.005 0.008 0.005 0.081 
  18   (0.030) 0.005 0.007 0.005 0.081 
  19   (0.030) 0.005 0.007 0.005 0.080 
  20   (0.037) 0.006 0.009 0.006 0.119 
  21   (0.030) 0.005 0.007 0.005 0.044 
  22   (0.031) 0.005 0.007 0.005 0.045 
  23   (0.031) 0.005 0.007 0.005 0.081 
  24   (0.032) 0.005 0.008 0.005 0.045 
  25   (0.029) 0.005 0.007 0.005 0.044 

Locus 20 : locus20 
15 alleles
0.0% missing data
   1   (0.103) 0.104 0.062 0.068 0.065 
   2   (0.045) 0.251 0.011 0.010 0.012 
   3   (0.047) 0.168 0.011 0.011 0.013 
   4   (0.112) 0.117 0.218 0.029 0.140 
   5   (0.104) 0.105 0.025 0.152 0.174 
   6   (0.061) 0.117 0.014 0.069 0.017 
   7   (0.032) 0.032 0.007 0.005 0.009 
   8   (0.054) 0.009 0.013 0.095 0.051 
   9   (0.030) 0.005 0.007 0.033 0.008 
  10   (0.056) 0.014 0.013 0.061 0.051 
  11   (0.031) 0.005 0.007 0.034 0.009 
  12   (0.136) 0.031 0.262 0.271 0.146 
  13   (0.032) 0.005 0.008 0.034 0.009 
  14   (0.034) 0.009 0.008 0.059 0.009 
  15   (0.123) 0.028 0.334 0.069 0.287 

Locus 21 : locus21 
20 alleles
0.0% missing data
   1   (0.069) 0.101 0.016 0.396 0.019 
   2   (0.059) 0.066 0.014 0.010 0.052 
   3   (0.037) 0.113 0.009 0.010 0.010 
   4   (0.035) 0.062 0.008 0.006 0.010 
   5   (0.034) 0.087 0.008 0.007 0.009 
   6   (0.070) 0.211 0.017 0.255 0.019 
   7   (0.069) 0.039 0.055 0.011 0.128 
   8   (0.036) 0.034 0.009 0.006 0.010 
   9   (0.087) 0.142 0.058 0.026 0.097 
  10   (0.056) 0.065 0.013 0.065 0.015 
  11   (0.034) 0.006 0.008 0.061 0.009 
  12   (0.032) 0.009 0.007 0.057 0.009 
  13   (0.035) 0.006 0.008 0.033 0.010 
  14   (0.039) 0.007 0.009 0.006 0.191 
  15   (0.047) 0.008 0.165 0.008 0.049 
  16   (0.063) 0.011 0.168 0.010 0.089 
  17   (0.054) 0.009 0.089 0.009 0.124 
  18   (0.061) 0.011 0.168 0.010 0.089 
  19   (0.053) 0.009 0.088 0.009 0.051 
  20   (0.030) 0.005 0.083 0.005 0.008 

Locus 22 : locus22 
16 alleles
0.0% missing data
   1   (0.041) 0.224 0.010 0.012 0.011 
   2   (0.079) 0.093 0.057 0.017 0.058 
   3   (0.087) 0.098 0.135 0.042 0.024 
   4   (0.081) 0.095 0.019 0.322 0.023 
   5   (0.087) 0.064 0.059 0.021 0.096 
   6   (0.034) 0.061 0.008 0.005 0.009 
   7   (0.074) 0.062 0.017 0.240 0.021 
   8   (0.063) 0.038 0.206 0.010 0.018 
   9   (0.105) 0.119 0.101 0.026 0.137 
  10   (0.077) 0.099 0.018 0.260 0.022 
  11   (0.077) 0.013 0.209 0.013 0.130 
  12   (0.039) 0.007 0.009 0.006 0.083 
  13   (0.041) 0.007 0.010 0.007 0.228 
  14   (0.040) 0.007 0.009 0.007 0.083 
  15   (0.037) 0.006 0.009 0.006 0.047 
  16   (0.038) 0.007 0.124 0.006 0.011 

Locus 23 : locus23 
17 alleles
0.0% missing data
   1   (0.087) 0.123 0.173 0.017 0.060 
   2   (0.041) 0.310 0.010 0.009 0.011 
   3   (0.075) 0.040 0.094 0.012 0.093 
   4   (0.067) 0.095 0.054 0.011 0.055 
   5   (0.121) 0.198 0.258 0.036 0.141 
   6   (0.102) 0.131 0.024 0.180 0.101 
   7   (0.044) 0.012 0.010 0.198 0.012 
   8   (0.033) 0.006 0.008 0.033 0.009 
   9   (0.031) 0.005 0.007 0.061 0.008 
  10   (0.087) 0.018 0.058 0.151 0.097 
  11   (0.066) 0.014 0.016 0.120 0.090 
  12   (0.035) 0.006 0.008 0.034 0.010 
  13   (0.037) 0.014 0.009 0.081 0.010 
  14   (0.036) 0.006 0.009 0.034 0.010 
  15   (0.069) 0.012 0.093 0.011 0.236 
  16   (0.035) 0.006 0.008 0.006 0.046 
  17   (0.036) 0.006 0.161 0.006 0.010 

Locus 24 : locus24 
18 alleles
0.0% missing data
   1   (0.082) 0.170 0.020 0.332 0.023 
   2   (0.031) 0.032 0.007 0.005 0.009 
   3   (0.104) 0.176 0.101 0.023 0.173 
   4   (0.064) 0.120 0.015 0.124 0.018 
   5   (0.086) 0.062 0.097 0.021 0.133 
   6   (0.038) 0.057 0.009 0.010 0.010 
   7   (0.062) 0.113 0.015 0.017 0.090 
   8   (0.035) 0.033 0.008 0.006 0.010 
   9   (0.066) 0.120 0.016 0.180 0.018 
  10   (0.047) 0.049 0.011 0.050 0.013 
  11   (0.053) 0.009 0.089 0.037 0.015 
  12   (0.041) 0.009 0.010 0.118 0.011 
  13   (0.033) 0.006 0.008 0.034 0.009 
  14   (0.061) 0.010 0.091 0.010 0.125 
  15   (0.066) 0.011 0.092 0.011 0.235 
  16   (0.055) 0.009 0.089 0.009 0.087 
  17   (0.038) 0.006 0.162 0.006 0.011 
  18   (0.037) 0.006 0.161 0.006 0.010 

Locus 25 : locus25 
17 alleles
0.0% missing data
   1   (0.089) 0.155 0.135 0.017 0.097 
   2   (0.038) 0.090 0.009 0.008 0.010 
   3   (0.052) 0.037 0.012 0.091 0.014 
   4   (0.085) 0.181 0.096 0.018 0.059 
   5   (0.069) 0.134 0.016 0.382 0.019 
   6   (0.051) 0.037 0.012 0.008 0.087 
   7   (0.084) 0.110 0.020 0.140 0.096 
   8   (0.099) 0.121 0.100 0.024 0.172 
   9   (0.090) 0.072 0.174 0.014 0.097 
  10   (0.062) 0.014 0.015 0.198 0.053 
  11   (0.055) 0.010 0.013 0.036 0.088 
  12   (0.033) 0.006 0.008 0.032 0.009 
  13   (0.030) 0.005 0.007 0.005 0.044 
  14   (0.055) 0.010 0.051 0.009 0.124 
  15   (0.037) 0.006 0.123 0.006 0.010 
  16   (0.037) 0.006 0.123 0.006 0.010 
  17   (0.035) 0.006 0.085 0.006 0.009 

Locus 26 : locus26 
28 alleles
0.0% missing data
   1   (0.032) 0.061 0.007 0.005 0.009 
   2   (0.027) 0.032 0.006 0.004 0.008 
   3   (0.033) 0.169 0.008 0.008 0.009 
   4   (0.042) 0.116 0.010 0.009 0.012 
   5   (0.052) 0.059 0.012 0.013 0.050 
   6   (0.028) 0.032 0.007 0.005 0.008 
   7   (0.026) 0.167 0.006 0.008 0.007 
   8   (0.040) 0.115 0.009 0.008 0.011 
   9   (0.048) 0.046 0.011 0.081 0.013 
  10   (0.032) 0.082 0.007 0.011 0.009 
  11   (0.042) 0.011 0.010 0.283 0.012 
  12   (0.026) 0.007 0.006 0.057 0.007 
  13   (0.065) 0.016 0.053 0.314 0.018 
  14   (0.063) 0.011 0.167 0.094 0.017 
  15   (0.042) 0.007 0.048 0.034 0.012 
  16   (0.030) 0.005 0.007 0.005 0.225 
  17   (0.034) 0.006 0.008 0.005 0.154 
  18   (0.029) 0.005 0.007 0.005 0.044 
  19   (0.035) 0.006 0.008 0.006 0.082 
  20   (0.029) 0.005 0.007 0.005 0.044 
  21   (0.028) 0.005 0.007 0.005 0.080 
  22   (0.029) 0.005 0.007 0.005 0.044 
  23   (0.026) 0.004 0.006 0.004 0.043 
  24   (0.031) 0.005 0.007 0.005 0.045 
  25   (0.034) 0.006 0.046 0.005 0.009 
  26   (0.027) 0.005 0.160 0.004 0.008 
  27   (0.033) 0.006 0.237 0.005 0.009 
  28   (0.039) 0.007 0.123 0.006 0.011 

Locus 27 : locus27 
18 alleles
0.0% missing data
   1   (0.043) 0.172 0.010 0.012 0.012 
   2   (0.034) 0.059 0.008 0.009 0.009 
   3   (0.083) 0.070 0.135 0.013 0.132 
   4   (0.037) 0.089 0.009 0.008 0.010 
   5   (0.034) 0.144 0.008 0.008 0.009 
   6   (0.080) 0.064 0.096 0.019 0.130 
   7   (0.032) 0.034 0.007 0.005 0.009 
   8   (0.029) 0.061 0.007 0.005 0.008 
   9   (0.091) 0.044 0.098 0.042 0.171 
  10   (0.068) 0.057 0.054 0.214 0.019 
  11   (0.064) 0.053 0.092 0.051 0.018 
  12   (0.028) 0.033 0.007 0.004 0.008 
  13   (0.027) 0.033 0.006 0.004 0.008 
  14   (0.102) 0.028 0.176 0.281 0.136 
  15   (0.049) 0.013 0.012 0.058 0.050 
  16   (0.096) 0.022 0.137 0.203 0.172 
  17   (0.074) 0.020 0.132 0.060 0.056 
  18   (0.029) 0.005 0.007 0.005 0.044 

Locus 28 : locus28 
18 alleles
0.0% missing data
   1   (0.037) 0.033 0.009 0.006 0.010 
   2   (0.032) 0.057 0.008 0.009 0.009 
   3   (0.077) 0.334 0.019 0.020 0.094 
   4   (0.040) 0.116 0.009 0.007 0.011 
   5   (0.039) 0.168 0.009 0.009 0.011 
   6   (0.039) 0.057 0.009 0.010 0.011 
   7   (0.067) 0.090 0.016 0.014 0.090 
   8   (0.112) 0.026 0.217 0.266 0.103 
   9   (0.060) 0.010 0.090 0.124 0.017 
  10   (0.035) 0.006 0.008 0.034 0.010 
  11   (0.056) 0.016 0.013 0.115 0.052 
  12   (0.113) 0.028 0.218 0.206 0.103 
  13   (0.066) 0.017 0.168 0.061 0.018 
  14   (0.065) 0.015 0.130 0.092 0.018 
  15   (0.055) 0.009 0.051 0.009 0.125 
  16   (0.038) 0.006 0.009 0.006 0.119 
  17   (0.035) 0.006 0.008 0.006 0.154 
  18   (0.033) 0.006 0.008 0.005 0.045 

Locus 29 : locus29 
20 alleles
0.0% missing data
   1   (0.039) 0.114 0.009 0.008 0.011 
   2   (0.084) 0.096 0.134 0.098 0.023 
   3   (0.038) 0.168 0.009 0.009 0.010 
   4   (0.030) 0.060 0.007 0.005 0.008 
   5   (0.047) 0.049 0.011 0.050 0.013 
   6   (0.045) 0.275 0.011 0.013 0.012 
   7   (0.059) 0.038 0.052 0.038 0.016 
   8   (0.103) 0.100 0.101 0.384 0.029 
   9   (0.052) 0.015 0.050 0.172 0.014 
  10   (0.061) 0.010 0.014 0.038 0.126 
  11   (0.044) 0.010 0.011 0.119 0.012 
  12   (0.035) 0.006 0.008 0.006 0.082 
  13   (0.031) 0.005 0.007 0.005 0.045 
  14   (0.054) 0.009 0.089 0.009 0.087 
  15   (0.060) 0.010 0.129 0.010 0.125 
  16   (0.037) 0.006 0.009 0.006 0.119 
  17   (0.029) 0.005 0.007 0.005 0.044 
  18   (0.049) 0.008 0.088 0.008 0.086 
  19   (0.054) 0.009 0.127 0.009 0.087 
  20   (0.051) 0.009 0.127 0.008 0.050 

Locus 30 : locus30 
25 alleles
0.0% missing data
   1   (0.090) 0.188 0.021 0.176 0.133 
   2   (0.056) 0.150 0.013 0.011 0.052 
   3   (0.058) 0.038 0.014 0.037 0.052 
   4   (0.058) 0.092 0.014 0.012 0.233 
   5   (0.055) 0.170 0.013 0.207 0.015 
   6   (0.030) 0.088 0.007 0.006 0.008 
   7   (0.050) 0.037 0.012 0.035 0.014 
   8   (0.048) 0.044 0.011 0.110 0.013 
   9   (0.054) 0.063 0.013 0.147 0.015 
  10   (0.042) 0.045 0.010 0.079 0.012 
  11   (0.028) 0.009 0.007 0.110 0.008 
  12   (0.034) 0.006 0.008 0.005 0.226 
  13   (0.026) 0.005 0.006 0.004 0.043 
  14   (0.038) 0.007 0.009 0.006 0.083 
  15   (0.032) 0.005 0.084 0.005 0.009 
  16   (0.024) 0.004 0.159 0.004 0.007 
  17   (0.033) 0.006 0.046 0.005 0.009 
  18   (0.026) 0.004 0.121 0.004 0.007 
  19   (0.038) 0.007 0.161 0.006 0.010 
  20   (0.029) 0.005 0.045 0.005 0.008 
  21   (0.037) 0.006 0.047 0.006 0.010 
  22   (0.028) 0.005 0.045 0.005 0.008 
  23   (0.029) 0.005 0.045 0.005 0.008 
  24   (0.030) 0.005 0.045 0.005 0.008 
  25   (0.027) 0.005 0.045 0.004 0.008 

Locus 31 : locus31 
16 alleles
0.0% missing data
   1   (0.153) 0.177 0.190 0.319 0.078 
   2   (0.107) 0.112 0.025 0.287 0.065 
   3   (0.046) 0.144 0.011 0.009 0.013 
   4   (0.065) 0.139 0.016 0.076 0.018 
   5   (0.039) 0.058 0.009 0.010 0.011 
   6   (0.035) 0.033 0.008 0.006 0.010 
   7   (0.044) 0.167 0.010 0.013 0.012 
   8   (0.066) 0.061 0.016 0.016 0.127 
   9   (0.048) 0.035 0.012 0.065 0.014 
  10   (0.084) 0.014 0.058 0.070 0.132 
  11   (0.095) 0.023 0.137 0.065 0.099 
  12   (0.061) 0.010 0.205 0.038 0.017 
  13   (0.038) 0.006 0.009 0.006 0.264 
  14   (0.040) 0.007 0.010 0.007 0.119 
  15   (0.037) 0.006 0.123 0.006 0.010 
  16   (0.041) 0.007 0.162 0.007 0.011 

Locus 32 : locus32 
21 alleles
0.0% missing data
   1   (0.040) 0.221 0.009 0.009 0.011 
   2   (0.033) 0.138 0.008 0.009 0.009 
   3   (0.064) 0.253 0.015 0.068 0.018 
   4   (0.041) 0.057 0.010 0.011 0.012 
   5   (0.040) 0.088 0.010 0.007 0.011 
   6   (0.034) 0.056 0.008 0.010 0.009 
   7   (0.054) 0.050 0.013 0.052 0.015 
   8   (0.042) 0.008 0.010 0.148 0.012 
   9   (0.056) 0.013 0.051 0.091 0.015 
  10   (0.042) 0.009 0.010 0.120 0.012 
  11   (0.088) 0.027 0.173 0.144 0.060 
  12   (0.048) 0.010 0.011 0.206 0.013 
  13   (0.037) 0.006 0.009 0.035 0.010 
  14   (0.052) 0.008 0.012 0.037 0.087 
  15   (0.041) 0.007 0.010 0.007 0.192 
  16   (0.035) 0.006 0.008 0.006 0.154 
  17   (0.042) 0.007 0.010 0.007 0.120 
  18   (0.056) 0.009 0.128 0.009 0.051 
  19   (0.060) 0.010 0.167 0.010 0.053 
  20   (0.031) 0.005 0.007 0.005 0.081 
  21   (0.065) 0.011 0.321 0.011 0.053 

Locus 33 : locus33 
21 alleles
0.0% missing data
   1   (0.043) 0.063 0.010 0.007 0.012 
   2   (0.032) 0.034 0.008 0.005 0.009 
   3   (0.126) 0.189 0.144 0.020 0.397 
   4   (0.124) 0.256 0.220 0.036 0.142 
   5   (0.049) 0.255 0.012 0.013 0.013 
   6   (0.069) 0.062 0.169 0.017 0.019 
   7   (0.056) 0.037 0.128 0.009 0.015 
   8   (0.033) 0.006 0.008 0.033 0.009 
   9   (0.032) 0.006 0.008 0.033 0.009 
  10   (0.038) 0.009 0.009 0.170 0.011 
  11   (0.039) 0.009 0.009 0.087 0.011 
  12   (0.037) 0.008 0.009 0.198 0.010 
  13   (0.041) 0.011 0.010 0.057 0.011 
  14   (0.032) 0.009 0.007 0.057 0.009 
  15   (0.045) 0.012 0.011 0.225 0.013 
  16   (0.033) 0.006 0.008 0.005 0.117 
  17   (0.034) 0.006 0.008 0.006 0.046 
  18   (0.035) 0.006 0.008 0.006 0.046 
  19   (0.032) 0.005 0.008 0.005 0.081 
  20   (0.038) 0.007 0.162 0.006 0.011 
  21   (0.032) 0.006 0.046 0.005 0.009 

Locus 34 : locus34 
21 alleles
0.0% missing data
   1   (0.079) 0.151 0.171 0.040 0.022 
   2   (0.058) 0.038 0.090 0.009 0.016 
   3   (0.036) 0.142 0.009 0.009 0.010 
   4   (0.040) 0.088 0.009 0.009 0.011 
   5   (0.086) 0.053 0.020 0.086 0.205 
   6   (0.057) 0.148 0.051 0.011 0.016 
   7   (0.035) 0.172 0.008 0.007 0.010 
   8   (0.063) 0.066 0.206 0.010 0.017 
   9   (0.033) 0.034 0.008 0.005 0.009 
  10   (0.067) 0.015 0.016 0.202 0.090 
  11   (0.061) 0.016 0.015 0.060 0.126 
  12   (0.036) 0.009 0.009 0.254 0.010 
  13   (0.075) 0.017 0.018 0.203 0.201 
  14   (0.035) 0.010 0.008 0.057 0.010 
  15   (0.042) 0.007 0.010 0.007 0.120 
  16   (0.034) 0.006 0.008 0.005 0.081 
  17   (0.031) 0.005 0.045 0.005 0.009 
  18   (0.028) 0.005 0.082 0.005 0.008 
  19   (0.035) 0.006 0.124 0.006 0.010 
  20   (0.033) 0.006 0.046 0.005 0.009 
  21   (0.034) 0.006 0.046 0.005 0.009 

Locus 35 : locus35 
21 alleles
0.0% missing data
   1   (0.032) 0.062 0.008 0.005 0.009 
   2   (0.055) 0.104 0.013 0.054 0.015 
   3   (0.062) 0.177 0.090 0.014 0.017 
   4   (0.066) 0.123 0.168 0.013 0.018 
   5   (0.056) 0.053 0.013 0.049 0.016 
   6   (0.038) 0.119 0.009 0.007 0.011 
   7   (0.083) 0.150 0.287 0.019 0.059 
   8   (0.055) 0.059 0.013 0.097 0.015 
   9   (0.063) 0.063 0.015 0.367 0.017 
  10   (0.048) 0.011 0.011 0.305 0.013 
  11   (0.041) 0.007 0.010 0.007 0.192 
  12   (0.041) 0.007 0.010 0.007 0.047 
  13   (0.039) 0.007 0.009 0.006 0.120 
  14   (0.052) 0.009 0.051 0.008 0.050 
  15   (0.042) 0.007 0.010 0.007 0.120 
  16   (0.054) 0.009 0.089 0.008 0.088 
  17   (0.032) 0.006 0.008 0.005 0.045 
  18   (0.033) 0.006 0.008 0.005 0.045 
  19   (0.034) 0.006 0.008 0.005 0.045 
  20   (0.034) 0.006 0.008 0.005 0.045 
  21   (0.041) 0.007 0.163 0.006 0.011 

Locus 36 : locus36 
21 alleles
0.0% missing data
   1   (0.044) 0.252 0.010 0.010 0.012 
   2   (0.037) 0.057 0.009 0.010 0.010 
   3   (0.060) 0.206 0.014 0.091 0.016 
   4   (0.027) 0.032 0.006 0.005 0.008 
   5   (0.111) 0.104 0.141 0.268 0.031 
   6   (0.050) 0.082 0.012 0.046 0.014 
   7   (0.074) 0.102 0.056 0.061 0.020 
   8   (0.038) 0.058 0.009 0.010 0.010 
   9   (0.040) 0.012 0.010 0.170 0.011 
  10   (0.029) 0.005 0.007 0.033 0.008 
  11   (0.065) 0.011 0.207 0.067 0.018 
  12   (0.066) 0.018 0.016 0.115 0.090 
  13   (0.033) 0.006 0.008 0.062 0.009 
  14   (0.034) 0.006 0.008 0.006 0.082 
  15   (0.041) 0.007 0.010 0.007 0.192 
  16   (0.032) 0.005 0.008 0.005 0.154 
  17   (0.053) 0.009 0.051 0.009 0.160 
  18   (0.063) 0.011 0.167 0.010 0.090 
  19   (0.028) 0.005 0.007 0.005 0.044 
  20   (0.043) 0.007 0.201 0.007 0.012 
  21   (0.030) 0.005 0.045 0.005 0.008 

Locus 37 : locus37 
24 alleles
0.0% missing data
   1   (0.037) 0.034 0.009 0.006 0.047 
   2   (0.052) 0.093 0.012 0.008 0.050 
   3   (0.035) 0.144 0.008 0.007 0.010 
   4   (0.087) 0.202 0.250 0.022 0.060 
   5   (0.054) 0.144 0.051 0.013 0.015 
   6   (0.051) 0.169 0.012 0.014 0.050 
   7   (0.052) 0.090 0.012 0.011 0.196 
   8   (0.059) 0.012 0.014 0.175 0.125 
   9   (0.026) 0.004 0.006 0.032 0.007 
  10   (0.044) 0.017 0.010 0.275 0.012 
  11   (0.033) 0.008 0.008 0.087 0.009 
  12   (0.026) 0.006 0.006 0.114 0.007 
  13   (0.049) 0.011 0.011 0.089 0.050 
  14   (0.057) 0.010 0.013 0.037 0.161 
  15   (0.031) 0.005 0.007 0.033 0.009 
  16   (0.032) 0.006 0.008 0.033 0.009 
  17   (0.032) 0.005 0.008 0.005 0.045 
  18   (0.050) 0.008 0.088 0.008 0.050 
  19   (0.047) 0.008 0.164 0.008 0.049 
  20   (0.033) 0.006 0.084 0.005 0.009 
  21   (0.028) 0.005 0.044 0.005 0.008 
  22   (0.028) 0.005 0.083 0.004 0.008 
  23   (0.023) 0.004 0.044 0.004 0.006 
  24   (0.032) 0.005 0.046 0.005 0.009 

Locus 38 : locus38 
21 alleles
0.0% missing data
   1   (0.035) 0.087 0.008 0.008 0.010 
   2   (0.046) 0.144 0.011 0.009 0.013 
   3   (0.051) 0.277 0.012 0.015 0.014 
   4   (0.054) 0.036 0.013 0.009 0.051 
   5   (0.054) 0.113 0.013 0.015 0.015 
   6   (0.060) 0.146 0.052 0.012 0.017 
   7   (0.037) 0.061 0.009 0.006 0.010 
   8   (0.028) 0.007 0.007 0.255 0.008 
   9   (0.071) 0.023 0.131 0.084 0.020 
  10   (0.066) 0.013 0.054 0.177 0.018 
  11   (0.034) 0.007 0.008 0.145 0.009 
  12   (0.042) 0.011 0.010 0.144 0.012 
  13   (0.036) 0.010 0.009 0.058 0.010 
  14   (0.044) 0.007 0.010 0.007 0.265 
  15   (0.038) 0.006 0.009 0.006 0.083 
  16   (0.040) 0.007 0.010 0.007 0.156 
  17   (0.060) 0.010 0.091 0.010 0.089 
  18   (0.070) 0.012 0.284 0.011 0.091 
  19   (0.058) 0.010 0.052 0.009 0.089 
  20   (0.033) 0.006 0.122 0.005 0.009 
  21   (0.040) 0.007 0.086 0.007 0.011 

Locus 39 : locus39 
18 alleles
0.0% missing data
   1   (0.067) 0.174 0.092 0.015 0.019 
   2   (0.065) 0.178 0.015 0.011 0.054 
   3   (0.070) 0.226 0.017 0.019 0.092 
   4   (0.061) 0.038 0.243 0.010 0.017 
   5   (0.034) 0.057 0.008 0.009 0.009 
   6   (0.056) 0.037 0.013 0.009 0.088 
   7   (0.037) 0.087 0.009 0.008 0.010 
   8   (0.063) 0.083 0.015 0.020 0.054 
   9   (0.040) 0.009 0.009 0.340 0.011 
  10   (0.079) 0.021 0.019 0.201 0.166 
  11   (0.079) 0.013 0.210 0.040 0.058 
  12   (0.063) 0.022 0.015 0.082 0.090 
  13   (0.038) 0.010 0.009 0.058 0.011 
  14   (0.039) 0.009 0.009 0.088 0.011 
  15   (0.083) 0.014 0.134 0.041 0.095 
  16   (0.057) 0.010 0.014 0.037 0.161 
  17   (0.031) 0.005 0.007 0.005 0.044 
  18   (0.039) 0.007 0.161 0.006 0.011 

Locus 40 : locus40 
24 alleles
0.0% missing data
   1   (0.046) 0.142 0.011 0.011 0.013 
   2   (0.033) 0.057 0.008 0.009 0.009 
   3   (0.068) 0.278 0.016 0.244 0.019 
   4   (0.053) 0.064 0.013 0.037 0.015 
   5   (0.055) 0.100 0.013 0.057 0.015 
   6   (0.056) 0.053 0.013 0.218 0.016 
   7   (0.048) 0.113 0.011 0.013 0.013 
   8   (0.030) 0.033 0.007 0.005 0.008 
   9   (0.062) 0.064 0.015 0.208 0.017 
  10   (0.036) 0.006 0.009 0.034 0.010 
  11   (0.034) 0.009 0.008 0.058 0.009 
  12   (0.028) 0.005 0.007 0.032 0.008 
  13   (0.050) 0.008 0.050 0.008 0.195 
  14   (0.030) 0.005 0.007 0.005 0.045 
  15   (0.029) 0.005 0.007 0.005 0.117 
  16   (0.053) 0.009 0.050 0.009 0.304 
  17   (0.048) 0.008 0.127 0.008 0.049 
  18   (0.037) 0.006 0.009 0.006 0.082 
  19   (0.030) 0.005 0.045 0.005 0.008 
  20   (0.029) 0.005 0.045 0.005 0.008 
  21   (0.044) 0.007 0.239 0.007 0.012 
  22   (0.033) 0.006 0.046 0.005 0.009 
  23   (0.034) 0.006 0.199 0.005 0.010 
  24   (0.034) 0.006 0.046 0.006 0.010 

Locus 41 : locus41 
15 alleles
0.0% missing data
   1   (0.043) 0.116 0.010 0.009 0.012 
   2   (0.078) 0.160 0.018 0.200 0.022 
   3   (0.077) 0.198 0.132 0.020 0.021 
   4   (0.089) 0.169 0.288 0.025 0.025 
   5   (0.033) 0.033 0.008 0.006 0.009 
   6   (0.078) 0.054 0.019 0.055 0.094 
   7   (0.106) 0.124 0.140 0.021 0.138 
   8   (0.109) 0.067 0.140 0.362 0.030 
   9   (0.071) 0.017 0.017 0.062 0.164 
  10   (0.102) 0.020 0.138 0.155 0.101 
  11   (0.066) 0.017 0.016 0.061 0.091 
  12   (0.036) 0.006 0.008 0.006 0.082 
  13   (0.043) 0.007 0.010 0.007 0.157 
  14   (0.034) 0.006 0.008 0.006 0.045 
  15   (0.035) 0.006 0.046 0.006 0.010 

Locus 42 : locus42 
27 alleles
0.0% missing data
   1   (0.032) 0.146 0.008 0.006 0.009 
   2   (0.042) 0.060 0.010 0.010 0.012 
   3   (0.061) 0.150 0.052 0.011 0.017 
   4   (0.029) 0.058 0.007 0.008 0.008 
   5   (0.028) 0.172 0.007 0.007 0.008 
   6   (0.052) 0.103 0.012 0.054 0.014 
   7   (0.055) 0.116 0.051 0.014 0.015 
   8   (0.046) 0.036 0.049 0.007 0.013 
   9   (0.028) 0.033 0.007 0.004 0.008 
  10   (0.030) 0.005 0.007 0.032 0.009 
  11   (0.035) 0.006 0.008 0.061 0.010 
  12   (0.034) 0.011 0.008 0.220 0.009 
  13   (0.031) 0.008 0.007 0.085 0.009 
  14   (0.048) 0.012 0.011 0.279 0.013 
  15   (0.037) 0.011 0.009 0.057 0.010 
  16   (0.031) 0.006 0.008 0.032 0.009 
  17   (0.028) 0.008 0.007 0.056 0.008 
  18   (0.042) 0.007 0.010 0.007 0.337 
  19   (0.034) 0.006 0.008 0.005 0.154 
  20   (0.038) 0.007 0.009 0.006 0.083 
  21   (0.038) 0.007 0.009 0.006 0.047 
  22   (0.034) 0.006 0.008 0.005 0.081 
  23   (0.032) 0.006 0.008 0.005 0.081 
  24   (0.028) 0.005 0.159 0.004 0.008 
  25   (0.034) 0.006 0.313 0.005 0.009 
  26   (0.036) 0.006 0.123 0.006 0.010 
  27   (0.035) 0.006 0.085 0.005 0.009 

Locus 43 : locus43 
17 alleles
0.0% missing data
   1   (0.065) 0.124 0.015 0.119 0.018 
   2   (0.090) 0.381 0.021 0.177 0.025 
   3   (0.075) 0.152 0.018 0.151 0.021 
   4   (0.130) 0.223 0.221 0.181 0.036 
   5   (0.060) 0.010 0.168 0.037 0.017 
   6   (0.040) 0.012 0.010 0.113 0.011 
   7   (0.065) 0.017 0.054 0.144 0.018 
   8   (0.040) 0.007 0.010 0.007 0.083 
   9   (0.063) 0.011 0.091 0.010 0.090 
  10   (0.071) 0.012 0.131 0.012 0.092 
  11   (0.039) 0.007 0.009 0.006 0.119 
  12   (0.037) 0.006 0.009 0.006 0.046 
  13   (0.083) 0.014 0.134 0.013 0.276 
  14   (0.039) 0.007 0.009 0.006 0.083 
  15   (0.035) 0.006 0.008 0.006 0.045 
  16   (0.038) 0.007 0.047 0.006 0.011 
  17   (0.030) 0.005 0.045 0.005 0.009 

Locus 44 : locus44 
20 alleles
0.0% missing data
   1   (0.043) 0.035 0.010 0.007 0.085 
   2   (0.065) 0.175 0.015 0.015 0.162 
   3   (0.063) 0.288 0.052 0.013 0.017 
   4   (0.050) 0.093 0.012 0.008 0.050 
   5   (0.033) 0.062 0.008 0.005 0.009 
   6   (0.032) 0.088 0.008 0.007 0.009 
   7   (0.076) 0.130 0.056 0.033 0.057 
   8   (0.072) 0.018 0.209 0.144 0.020 
   9   (0.077) 0.018 0.056 0.201 0.058 
  10   (0.061) 0.017 0.014 0.335 0.053 
  11   (0.053) 0.012 0.089 0.088 0.015 
  12   (0.079) 0.014 0.056 0.040 0.203 
  13   (0.053) 0.009 0.166 0.036 0.015 
  14   (0.053) 0.009 0.127 0.036 0.015 
  15   (0.028) 0.005 0.007 0.005 0.081 
  16   (0.035) 0.006 0.008 0.006 0.045 
  17   (0.033) 0.006 0.008 0.005 0.045 
  18   (0.028) 0.005 0.007 0.005 0.044 
  19   (0.034) 0.006 0.046 0.006 0.009 
  20   (0.031) 0.005 0.045 0.005 0.009 

Locus 45 : locus45 
20 alleles
0.0% missing data
   1   (0.048) 0.282 0.011 0.012 0.013 
   2   (0.034) 0.057 0.008 0.009 0.009 
   3   (0.053) 0.065 0.013 0.009 0.051 
   4   (0.052) 0.064 0.051 0.008 0.014 
   5   (0.041) 0.256 0.010 0.008 0.011 
   6   (0.042) 0.058 0.010 0.010 0.011 
   7   (0.037) 0.082 0.009 0.013 0.010 
   8   (0.034) 0.006 0.008 0.117 0.009 
   9   (0.047) 0.015 0.011 0.335 0.013 
  10   (0.041) 0.009 0.010 0.228 0.011 
  11   (0.079) 0.014 0.095 0.040 0.130 
  12   (0.042) 0.011 0.010 0.058 0.012 
  13   (0.089) 0.020 0.059 0.093 0.133 
  14   (0.059) 0.010 0.090 0.009 0.125 
  15   (0.069) 0.012 0.093 0.011 0.237 
  16   (0.061) 0.010 0.167 0.010 0.052 
  17   (0.056) 0.010 0.051 0.009 0.124 
  18   (0.039) 0.007 0.086 0.006 0.011 
  19   (0.040) 0.007 0.162 0.006 0.011 
  20   (0.039) 0.007 0.047 0.006 0.011 

Locus 46 : locus46 
19 alleles
0.0% missing data
   1   (0.125) 0.432 0.183 0.114 0.035 
   2   (0.065) 0.092 0.015 0.014 0.126 
   3   (0.085) 0.059 0.058 0.327 0.023 
   4   (0.056) 0.048 0.013 0.081 0.016 
   5   (0.062) 0.038 0.015 0.010 0.199 
   6   (0.067) 0.122 0.016 0.013 0.127 
   7   (0.059) 0.062 0.014 0.014 0.052 
   8   (0.035) 0.034 0.008 0.006 0.010 
   9   (0.051) 0.037 0.012 0.008 0.050 
  10   (0.045) 0.013 0.011 0.249 0.012 
  11   (0.062) 0.013 0.091 0.117 0.017 
  12   (0.037) 0.006 0.009 0.006 0.119 
  13   (0.041) 0.007 0.010 0.006 0.156 
  14   (0.036) 0.006 0.046 0.006 0.010 
  15   (0.041) 0.007 0.238 0.007 0.011 
  16   (0.041) 0.007 0.086 0.007 0.011 
  17   (0.033) 0.006 0.084 0.005 0.009 
  18   (0.033) 0.006 0.046 0.005 0.009 
  19   (0.027) 0.005 0.045 0.004 0.007 

Locus 47 : locus47 
22 alleles
0.0% missing data
   1   (0.027) 0.032 0.006 0.004 0.008 
   2   (0.067) 0.261 0.016 0.012 0.199 
   3   (0.041) 0.113 0.010 0.011 0.011 
   4   (0.083) 0.221 0.020 0.028 0.275 
   5   (0.041) 0.087 0.010 0.009 0.011 
   6   (0.033) 0.058 0.008 0.009 0.009 
   7   (0.050) 0.035 0.012 0.008 0.196 
   8   (0.046) 0.036 0.011 0.007 0.049 
   9   (0.036) 0.034 0.009 0.006 0.010 
  10   (0.055) 0.019 0.051 0.139 0.015 
  11   (0.052) 0.009 0.127 0.036 0.015 
  12   (0.032) 0.008 0.008 0.087 0.009 
  13   (0.064) 0.014 0.129 0.120 0.018 
  14   (0.059) 0.015 0.052 0.228 0.016 
  15   (0.055) 0.011 0.051 0.147 0.015 
  16   (0.053) 0.009 0.128 0.036 0.015 
  17   (0.060) 0.014 0.167 0.090 0.017 
  18   (0.035) 0.006 0.008 0.006 0.081 
  19   (0.033) 0.006 0.046 0.005 0.009 
  20   (0.027) 0.005 0.045 0.004 0.008 
  21   (0.024) 0.004 0.044 0.004 0.007 
  22   (0.027) 0.005 0.044 0.004 0.008 

Locus 48 : locus48 
21 alleles
0.0% missing data
   1   (0.029) 0.061 0.007 0.005 0.008 
   2   (0.050) 0.036 0.012 0.008 0.087 
   3   (0.040) 0.167 0.009 0.012 0.011 
   4   (0.040) 0.196 0.010 0.010 0.011 
   5   (0.041) 0.090 0.010 0.007 0.011 
   6   (0.061) 0.118 0.014 0.012 0.089 
   7   (0.040) 0.141 0.009 0.010 0.011 
   8   (0.068) 0.060 0.016 0.017 0.200 
   9   (0.034) 0.007 0.008 0.116 0.009 
  10   (0.085) 0.023 0.134 0.117 0.096 
  11   (0.034) 0.009 0.008 0.142 0.009 
  12   (0.035) 0.009 0.008 0.143 0.010 
  13   (0.051) 0.011 0.050 0.119 0.014 
  14   (0.078) 0.016 0.134 0.122 0.058 
  15   (0.056) 0.013 0.089 0.090 0.016 
  16   (0.030) 0.005 0.007 0.033 0.008 
  17   (0.048) 0.008 0.049 0.008 0.085 
  18   (0.058) 0.010 0.051 0.009 0.124 
  19   (0.029) 0.005 0.007 0.005 0.044 
  20   (0.065) 0.011 0.244 0.011 0.090 
  21   (0.029) 0.005 0.122 0.005 0.008 

Locus 49 : locus49 
20 alleles
0.0% missing data
   1   (0.063) 0.038 0.015 0.010 0.162 
   2   (0.116) 0.339 0.103 0.029 0.213 
   3   (0.057) 0.064 0.013 0.094 0.016 
   4   (0.086) 0.199 0.059 0.022 0.096 
   5   (0.053) 0.112 0.051 0.015 0.015 
   6   (0.093) 0.085 0.022 0.255 0.098 
   7   (0.056) 0.065 0.013 0.009 0.197 
   8   (0.056) 0.015 0.204 0.059 0.016 
   9   (0.034) 0.008 0.008 0.088 0.009 
  10   (0.049) 0.016 0.012 0.254 0.014 
  11   (0.034) 0.006 0.008 0.034 0.009 
  12   (0.028) 0.005 0.007 0.033 0.008 
  13   (0.037) 0.010 0.009 0.058 0.010 
  14   (0.048) 0.008 0.050 0.008 0.049 
  15   (0.024) 0.004 0.006 0.004 0.043 
  16   (0.035) 0.006 0.123 0.006 0.010 
  17   (0.030) 0.005 0.121 0.005 0.008 
  18   (0.035) 0.006 0.084 0.006 0.010 
  19   (0.032) 0.005 0.046 0.005 0.009 
  20   (0.033) 0.006 0.046 0.006 0.009 

Locus 50 : locus50 
20 alleles
0.0% missing data
   1   (0.038) 0.118 0.009 0.006 0.010 
   2   (0.125) 0.291 0.029 0.083 0.324 
   3   (0.051) 0.090 0.050 0.011 0.014 
   4   (0.080) 0.063 0.096 0.019 0.058 
   5   (0.076) 0.122 0.056 0.015 0.057 
   6   (0.078) 0.116 0.133 0.049 0.022 
   7   (0.083) 0.066 0.134 0.155 0.023 
   8   (0.058) 0.060 0.052 0.014 0.016 
   9   (0.036) 0.008 0.009 0.115 0.010 
  10   (0.042) 0.010 0.010 0.479 0.011 
  11   (0.039) 0.007 0.009 0.006 0.083 
  12   (0.036) 0.006 0.008 0.006 0.083 
  13   (0.036) 0.006 0.009 0.006 0.119 
  14   (0.031) 0.005 0.007 0.005 0.081 
  15   (0.030) 0.005 0.007 0.005 0.044 
  16   (0.040) 0.007 0.086 0.006 0.011 
  17   (0.035) 0.006 0.161 0.006 0.010 
  18   (0.030) 0.005 0.045 0.005 0.008 
  19   (0.027) 0.005 0.045 0.005 0.008 
  20   (0.029) 0.005 0.045 0.005 0.008 

Locus 51 : locus51 
20 alleles
0.0% missing data
   1   (0.082) 0.259 0.020 0.186 0.023 
   2   (0.044) 0.115 0.011 0.012 0.012 
   3   (0.030) 0.058 0.007 0.008 0.008 
   4   (0.068) 0.128 0.016 0.090 0.019 
   5   (0.089) 0.168 0.021 0.305 0.024 
   6   (0.038) 0.034 0.009 0.006 0.010 
   7   (0.046) 0.089 0.011 0.010 0.013 
   8   (0.068) 0.055 0.016 0.246 0.019 
   9   (0.040) 0.011 0.009 0.058 0.011 
  10   (0.048) 0.008 0.012 0.008 0.231 
  11   (0.044) 0.007 0.010 0.007 0.120 
  12   (0.031) 0.005 0.007 0.005 0.082 
  13   (0.061) 0.011 0.168 0.010 0.052 
  14   (0.041) 0.007 0.010 0.007 0.157 
  15   (0.039) 0.007 0.009 0.006 0.047 
  16   (0.051) 0.009 0.050 0.008 0.050 
  17   (0.059) 0.010 0.129 0.009 0.088 
  18   (0.034) 0.006 0.199 0.005 0.009 
  19   (0.048) 0.008 0.240 0.008 0.013 
  20   (0.038) 0.006 0.047 0.006 0.011 

Locus 52 : locus52 
17 alleles
0.0% missing data
   1   (0.080) 0.217 0.019 0.170 0.022 
   2   (0.060) 0.121 0.014 0.037 0.017 
   3   (0.033) 0.086 0.008 0.008 0.009 
   4   (0.088) 0.093 0.288 0.019 0.059 
   5   (0.063) 0.093 0.015 0.095 0.018 
   6   (0.109) 0.113 0.140 0.202 0.030 
   7   (0.055) 0.060 0.013 0.014 0.051 
   8   (0.096) 0.065 0.022 0.190 0.099 
   9   (0.057) 0.059 0.052 0.015 0.016 
  10   (0.034) 0.034 0.008 0.006 0.009 
  11   (0.067) 0.015 0.016 0.091 0.091 
  12   (0.033) 0.006 0.008 0.034 0.009 
  13   (0.061) 0.010 0.015 0.038 0.126 
  14   (0.031) 0.005 0.007 0.061 0.009 
  15   (0.047) 0.008 0.011 0.008 0.303 
  16   (0.040) 0.007 0.010 0.007 0.119 
  17   (0.044) 0.007 0.354 0.007 0.012 

Locus 53 : locus53 
18 alleles
0.0% missing data
   1   (0.068) 0.268 0.016 0.057 0.019 
   2   (0.112) 0.102 0.027 0.186 0.284 
   3   (0.030) 0.033 0.007 0.005 0.008 
   4   (0.077) 0.078 0.018 0.114 0.057 
   5   (0.090) 0.110 0.021 0.114 0.061 
   6   (0.038) 0.115 0.009 0.008 0.011 
   7   (0.113) 0.141 0.027 0.146 0.213 
   8   (0.111) 0.087 0.294 0.033 0.139 
   9   (0.040) 0.009 0.010 0.173 0.011 
  10   (0.033) 0.008 0.008 0.088 0.009 
  11   (0.031) 0.005 0.007 0.033 0.008 
  12   (0.035) 0.006 0.008 0.006 0.046 
  13   (0.032) 0.005 0.008 0.005 0.045 
  14   (0.049) 0.008 0.050 0.008 0.050 
  15   (0.037) 0.006 0.237 0.006 0.010 
  16   (0.039) 0.007 0.162 0.006 0.011 
  17   (0.034) 0.006 0.046 0.006 0.009 
  18   (0.031) 0.005 0.045 0.005 0.009 

Locus 54 : locus54 
15 alleles
0.0% missing data
   1   (0.113) 0.276 0.141 0.030 0.067 
   2   (0.102) 0.096 0.024 0.192 0.100 
   3   (0.071) 0.088 0.207 0.016 0.020 
   4   (0.090) 0.086 0.021 0.171 0.061 
   5   (0.060) 0.087 0.052 0.013 0.017 
   6   (0.114) 0.096 0.218 0.225 0.032 
   7   (0.098) 0.185 0.061 0.092 0.027 
   8   (0.057) 0.036 0.013 0.039 0.016 
   9   (0.042) 0.008 0.010 0.180 0.012 
  10   (0.040) 0.007 0.009 0.007 0.156 
  11   (0.051) 0.008 0.012 0.009 0.341 
  12   (0.037) 0.006 0.009 0.006 0.046 
  13   (0.058) 0.009 0.129 0.010 0.052 
  14   (0.032) 0.005 0.007 0.005 0.045 
  15   (0.037) 0.006 0.085 0.006 0.010 

Locus 55 : locus55 
22 alleles
0.0% missing data
   1   (0.035) 0.113 0.008 0.007 0.010 
   2   (0.030) 0.032 0.007 0.005 0.008 
   3   (0.030) 0.032 0.007 0.005 0.008 
   4   (0.058) 0.098 0.014 0.059 0.016 
   5   (0.036) 0.139 0.009 0.010 0.010 
   6   (0.082) 0.101 0.019 0.149 0.058 
   7   (0.070) 0.039 0.017 0.069 0.055 
   8   (0.053) 0.045 0.012 0.084 0.015 
   9   (0.062) 0.136 0.014 0.021 0.053 
  10   (0.034) 0.167 0.008 0.008 0.009 
  11   (0.037) 0.008 0.009 0.118 0.010 
  12   (0.056) 0.016 0.014 0.117 0.052 
  13   (0.052) 0.014 0.012 0.203 0.050 
  14   (0.055) 0.009 0.013 0.037 0.124 
  15   (0.030) 0.005 0.007 0.062 0.008 
  16   (0.046) 0.008 0.011 0.008 0.302 
  17   (0.032) 0.005 0.007 0.005 0.117 
  18   (0.056) 0.009 0.128 0.009 0.052 
  19   (0.043) 0.007 0.315 0.007 0.012 
  20   (0.030) 0.005 0.122 0.005 0.008 
  21   (0.038) 0.006 0.123 0.006 0.011 
  22   (0.038) 0.006 0.123 0.006 0.011 

Locus 56 : locus56 
18 alleles
0.0% missing data
   1   (0.088) 0.358 0.021 0.061 0.060 
   2   (0.032) 0.058 0.008 0.009 0.009 
   3   (0.106) 0.143 0.025 0.142 0.138 
   4   (0.088) 0.058 0.021 0.250 0.060 
   5   (0.085) 0.126 0.020 0.125 0.060 
   6   (0.040) 0.059 0.010 0.010 0.011 
   7   (0.044) 0.088 0.010 0.010 0.012 
   8   (0.041) 0.015 0.010 0.138 0.011 
   9   (0.069) 0.020 0.131 0.114 0.019 
  10   (0.067) 0.018 0.130 0.060 0.018 
  11   (0.061) 0.010 0.168 0.037 0.017 
  12   (0.046) 0.008 0.011 0.007 0.157 
  13   (0.046) 0.008 0.011 0.007 0.374 
  14   (0.040) 0.007 0.162 0.007 0.011 
  15   (0.043) 0.007 0.086 0.007 0.012 
  16   (0.033) 0.006 0.046 0.005 0.009 
  17   (0.042) 0.007 0.086 0.007 0.012 
  18   (0.028) 0.005 0.045 0.004 0.008 

Locus 57 : locus57 
17 alleles
0.0% missing data
   1   (0.127) 0.167 0.221 0.264 0.035 
   2   (0.091) 0.257 0.022 0.021 0.133 
   3   (0.063) 0.038 0.168 0.010 0.017 
   4   (0.091) 0.063 0.022 0.022 0.388 
   5   (0.071) 0.227 0.017 0.017 0.056 
   6   (0.048) 0.144 0.011 0.010 0.013 
   7   (0.042) 0.011 0.010 0.059 0.012 
   8   (0.045) 0.012 0.011 0.144 0.012 
   9   (0.071) 0.012 0.170 0.096 0.020 
  10   (0.044) 0.007 0.010 0.120 0.012 
  11   (0.076) 0.017 0.209 0.092 0.021 
  12   (0.045) 0.013 0.011 0.114 0.012 
  13   (0.043) 0.007 0.010 0.007 0.120 
  14   (0.034) 0.006 0.008 0.006 0.082 
  15   (0.035) 0.006 0.008 0.006 0.046 
  16   (0.036) 0.006 0.046 0.006 0.010 
  17   (0.036) 0.006 0.047 0.006 0.010 

Locus 58 : locus58 
18 alleles
0.0% missing data
   1   (0.056) 0.093 0.051 0.009 0.016 
   2   (0.057) 0.174 0.014 0.013 0.052 
   3   (0.070) 0.096 0.017 0.011 0.200 
   4   (0.078) 0.063 0.057 0.019 0.058 
   5   (0.066) 0.092 0.092 0.014 0.018 
   6   (0.035) 0.058 0.008 0.009 0.010 
   7   (0.061) 0.066 0.205 0.010 0.017 
   8   (0.075) 0.197 0.094 0.024 0.021 
   9   (0.068) 0.062 0.016 0.017 0.236 
  10   (0.046) 0.013 0.011 0.113 0.013 
  11   (0.057) 0.020 0.051 0.082 0.016 
  12   (0.041) 0.008 0.010 0.200 0.012 
  13   (0.057) 0.010 0.205 0.037 0.016 
  14   (0.071) 0.018 0.132 0.227 0.019 
  15   (0.042) 0.010 0.010 0.199 0.012 
  16   (0.040) 0.007 0.009 0.006 0.119 
  17   (0.042) 0.007 0.010 0.007 0.120 
  18   (0.036) 0.006 0.009 0.006 0.046 

Locus 59 : locus59 
22 alleles
0.0% missing data
   1   (0.067) 0.176 0.016 0.013 0.091 
   2   (0.033) 0.033 0.008 0.005 0.009 
   3   (0.035) 0.034 0.008 0.006 0.010 
   4   (0.054) 0.037 0.013 0.009 0.087 
   5   (0.042) 0.277 0.010 0.014 0.012 
   6   (0.084) 0.122 0.020 0.017 0.349 
   7   (0.036) 0.143 0.008 0.007 0.010 
   8   (0.069) 0.061 0.245 0.017 0.019 
   9   (0.061) 0.015 0.015 0.228 0.017 
  10   (0.029) 0.005 0.007 0.032 0.008 
  11   (0.069) 0.014 0.016 0.149 0.055 
  12   (0.033) 0.009 0.008 0.057 0.009 
  13   (0.041) 0.012 0.010 0.113 0.012 
  14   (0.048) 0.012 0.011 0.228 0.013 
  15   (0.032) 0.005 0.007 0.033 0.009 
  16   (0.053) 0.009 0.013 0.036 0.051 
  17   (0.035) 0.006 0.009 0.006 0.046 
  18   (0.032) 0.006 0.008 0.005 0.045 
  19   (0.035) 0.006 0.008 0.006 0.118 
  20   (0.033) 0.006 0.198 0.005 0.009 
  21   (0.035) 0.006 0.199 0.006 0.009 
  22   (0.043) 0.007 0.163 0.007 0.012 

Locus 60 : locus60 
20 alleles
0.0% missing data
   1   (0.050) 0.254 0.012 0.012 0.014 
   2   (0.057) 0.139 0.013 0.018 0.016 
   3   (0.063) 0.147 0.053 0.012 0.017 
   4   (0.046) 0.091 0.011 0.007 0.013 
   5   (0.045) 0.171 0.011 0.010 0.012 
   6   (0.045) 0.059 0.011 0.012 0.012 
   7   (0.056) 0.017 0.013 0.226 0.015 
   8   (0.048) 0.010 0.011 0.146 0.013 
   9   (0.045) 0.010 0.011 0.342 0.013 
  10   (0.081) 0.020 0.286 0.062 0.023 
  11   (0.061) 0.016 0.053 0.060 0.017 
  12   (0.035) 0.006 0.009 0.034 0.010 
  13   (0.053) 0.009 0.013 0.009 0.232 
  14   (0.039) 0.007 0.009 0.006 0.082 
  15   (0.037) 0.006 0.009 0.006 0.046 
  16   (0.053) 0.009 0.013 0.009 0.231 
  17   (0.045) 0.008 0.011 0.007 0.121 
  18   (0.041) 0.007 0.010 0.007 0.084 
  19   (0.050) 0.008 0.241 0.008 0.014 
  20   (0.049) 0.008 0.203 0.008 0.014 

Locus 61 : locus61 
22 alleles
0.0% missing data
   1   (0.069) 0.178 0.093 0.017 0.019 
   2   (0.054) 0.067 0.051 0.008 0.015 
   3   (0.061) 0.219 0.014 0.085 0.017 
   4   (0.060) 0.047 0.014 0.109 0.017 
   5   (0.034) 0.035 0.008 0.005 0.010 
   6   (0.068) 0.145 0.016 0.128 0.019 
   7   (0.042) 0.151 0.010 0.008 0.012 
   8   (0.033) 0.035 0.008 0.005 0.009 
   9   (0.038) 0.013 0.009 0.160 0.011 
  10   (0.044) 0.013 0.010 0.189 0.012 
  11   (0.035) 0.009 0.008 0.164 0.010 
  12   (0.038) 0.011 0.009 0.055 0.011 
  13   (0.038) 0.007 0.009 0.006 0.192 
  14   (0.058) 0.010 0.052 0.009 0.161 
  15   (0.032) 0.006 0.008 0.005 0.081 
  16   (0.038) 0.007 0.009 0.006 0.047 
  17   (0.035) 0.006 0.008 0.005 0.155 
  18   (0.058) 0.010 0.167 0.009 0.051 
  19   (0.053) 0.009 0.089 0.008 0.051 
  20   (0.038) 0.007 0.009 0.006 0.083 
  21   (0.037) 0.007 0.237 0.006 0.010 
  22   (0.037) 0.007 0.161 0.006 0.010 

Locus 62 : locus62 
21 alleles
0.0% missing data
   1   (0.066) 0.202 0.016 0.017 0.091 
   2   (0.076) 0.177 0.018 0.044 0.130 
   3   (0.108) 0.186 0.026 0.182 0.139 
   4   (0.026) 0.033 0.006 0.004 0.007 
   5   (0.032) 0.033 0.008 0.005 0.009 
   6   (0.081) 0.181 0.019 0.123 0.058 
   7   (0.088) 0.081 0.021 0.143 0.097 
   8   (0.056) 0.015 0.051 0.142 0.016 
   9   (0.058) 0.016 0.014 0.059 0.089 
  10   (0.032) 0.005 0.007 0.033 0.009 
  11   (0.036) 0.010 0.008 0.057 0.010 
  12   (0.037) 0.010 0.009 0.141 0.010 
  13   (0.033) 0.006 0.008 0.005 0.118 
  14   (0.028) 0.005 0.007 0.005 0.044 
  15   (0.031) 0.005 0.008 0.005 0.045 
  16   (0.031) 0.005 0.007 0.005 0.045 
  17   (0.032) 0.005 0.008 0.005 0.045 
  18   (0.039) 0.007 0.276 0.006 0.011 
  19   (0.040) 0.007 0.277 0.007 0.011 
  20   (0.027) 0.005 0.083 0.004 0.008 
  21   (0.040) 0.007 0.124 0.006 0.011 

Locus 63 : locus63 
19 alleles
0.0% missing data
   1   (0.034) 0.033 0.008 0.006 0.009 
   2   (0.074) 0.235 0.018 0.064 0.021 
   3   (0.055) 0.051 0.013 0.051 0.015 
   4   (0.102) 0.218 0.024 0.063 0.101 
   5   (0.079) 0.222 0.019 0.023 0.094 
   6   (0.066) 0.076 0.016 0.113 0.018 
   7   (0.064) 0.038 0.015 0.011 0.199 
   8   (0.065) 0.038 0.015 0.011 0.199 
   9   (0.042) 0.011 0.010 0.201 0.012 
  10   (0.039) 0.007 0.009 0.064 0.011 
  11   (0.038) 0.009 0.009 0.145 0.011 
  12   (0.037) 0.007 0.009 0.147 0.010 
  13   (0.039) 0.010 0.009 0.059 0.011 
  14   (0.073) 0.012 0.361 0.012 0.092 
  15   (0.041) 0.007 0.010 0.007 0.083 
  16   (0.033) 0.005 0.008 0.005 0.081 
  17   (0.043) 0.007 0.316 0.007 0.012 
  18   (0.034) 0.006 0.046 0.006 0.009 
  19   (0.040) 0.007 0.086 0.007 0.011 

Locus 64 : locus64 
17 alleles
0.0% missing data
   1   (0.081) 0.170 0.019 0.023 0.131 
   2   (0.045) 0.199 0.010 0.010 0.012 
   3   (0.053) 0.065 0.012 0.036 0.015 
   4   (0.111) 0.164 0.026 0.095 0.248 
   5   (0.092) 0.057 0.022 0.169 0.098 
   6   (0.106) 0.070 0.025 0.161 0.138 
   7   (0.118) 0.200 0.028 0.116 0.177 
   8   (0.039) 0.009 0.009 0.088 0.011 
   9   (0.037) 0.006 0.009 0.034 0.010 
  10   (0.043) 0.012 0.010 0.114 0.012 
  11   (0.043) 0.009 0.010 0.117 0.012 
  12   (0.040) 0.007 0.009 0.006 0.083 
  13   (0.050) 0.009 0.547 0.008 0.014 
  14   (0.038) 0.006 0.085 0.006 0.011 
  15   (0.038) 0.006 0.085 0.006 0.010 
  16   (0.029) 0.005 0.045 0.005 0.008 
  17   (0.036) 0.006 0.047 0.006 0.010 

Locus 65 : locus65 
20 alleles
0.0% missing data
   1   (0.056) 0.274 0.013 0.015 0.015 
   2   (0.054) 0.036 0.013 0.037 0.015 
   3   (0.049) 0.247 0.012 0.014 0.014 
   4   (0.049) 0.167 0.012 0.012 0.014 
   5   (0.082) 0.040 0.019 0.042 0.096 
   6   (0.070) 0.087 0.016 0.247 0.020 
   7   (0.032) 0.032 0.007 0.005 0.009 
   8   (0.031) 0.005 0.007 0.034 0.008 
   9   (0.101) 0.028 0.024 0.234 0.245 
  10   (0.080) 0.013 0.019 0.128 0.167 
  11   (0.047) 0.013 0.011 0.174 0.013 
  12   (0.041) 0.007 0.010 0.007 0.120 
  13   (0.033) 0.005 0.008 0.005 0.045 
  14   (0.041) 0.007 0.010 0.007 0.119 
  15   (0.033) 0.006 0.008 0.006 0.045 
  16   (0.048) 0.008 0.393 0.008 0.013 
  17   (0.044) 0.007 0.087 0.007 0.012 
  18   (0.038) 0.006 0.086 0.006 0.011 
  19   (0.040) 0.007 0.200 0.007 0.011 
  20   (0.033) 0.005 0.046 0.005 0.009 

Locus 66 : locus66 
24 alleles
0.0% missing data
   1   (0.050) 0.278 0.050 0.011 0.014 
   2   (0.050) 0.090 0.165 0.008 0.014 
   3   (0.064) 0.064 0.053 0.068 0.018 
   4   (0.035) 0.080 0.008 0.014 0.010 
   5   (0.030) 0.032 0.007 0.005 0.008 
   6   (0.044) 0.034 0.011 0.036 0.012 
   7   (0.082) 0.172 0.096 0.130 0.023 
   8   (0.058) 0.059 0.319 0.015 0.016 
   9   (0.074) 0.100 0.094 0.062 0.020 
  10   (0.043) 0.010 0.010 0.347 0.012 
  11   (0.060) 0.011 0.091 0.180 0.017 
  12   (0.026) 0.004 0.006 0.033 0.007 
  13   (0.033) 0.006 0.008 0.034 0.009 
  14   (0.035) 0.006 0.008 0.006 0.082 
  15   (0.033) 0.005 0.008 0.005 0.082 
  16   (0.038) 0.006 0.009 0.006 0.118 
  17   (0.035) 0.006 0.008 0.006 0.082 
  18   (0.029) 0.005 0.007 0.005 0.044 
  19   (0.031) 0.005 0.007 0.005 0.081 
  20   (0.031) 0.005 0.007 0.005 0.045 
  21   (0.030) 0.005 0.007 0.005 0.044 
  22   (0.029) 0.005 0.007 0.005 0.044 
  23   (0.028) 0.005 0.007 0.005 0.152 
  24   (0.032) 0.005 0.008 0.005 0.045 

Locus 67 : locus67 
21 alleles
0.0% missing data
   1   (0.054) 0.046 0.013 0.083 0.015 
   2   (0.076) 0.122 0.018 0.126 0.021 
   3   (0.043) 0.389 0.010 0.010 0.012 
   4   (0.044) 0.087 0.011 0.010 0.012 
   5   (0.064) 0.051 0.015 0.251 0.018 
   6   (0.036) 0.115 0.009 0.008 0.010 
   7   (0.038) 0.058 0.009 0.010 0.011 
   8   (0.038) 0.006 0.009 0.063 0.010 
   9   (0.079) 0.025 0.248 0.142 0.022 
  10   (0.065) 0.016 0.015 0.061 0.127 
  11   (0.050) 0.008 0.089 0.036 0.014 
  12   (0.036) 0.008 0.008 0.089 0.010 
  13   (0.071) 0.018 0.055 0.062 0.056 
  14   (0.039) 0.007 0.009 0.006 0.083 
  15   (0.037) 0.006 0.009 0.006 0.155 
  16   (0.035) 0.006 0.008 0.006 0.154 
  17   (0.035) 0.006 0.008 0.006 0.045 
  18   (0.026) 0.004 0.006 0.004 0.043 
  19   (0.046) 0.008 0.011 0.008 0.158 
  20   (0.043) 0.007 0.125 0.007 0.012 
  21   (0.044) 0.007 0.315 0.007 0.012 

Locus 68 : locus68 
19 alleles
0.0% missing data
   1   (0.100) 0.235 0.100 0.023 0.100 
   2   (0.060) 0.061 0.014 0.015 0.125 
   3   (0.057) 0.149 0.051 0.011 0.016 
   4   (0.034) 0.059 0.008 0.009 0.009 
   5   (0.087) 0.043 0.173 0.014 0.206 
   6   (0.098) 0.143 0.099 0.029 0.135 
   7   (0.077) 0.069 0.132 0.012 0.093 
   8   (0.039) 0.118 0.009 0.008 0.011 
   9   (0.057) 0.038 0.167 0.009 0.016 
  10   (0.038) 0.008 0.009 0.115 0.011 
  11   (0.031) 0.005 0.007 0.060 0.009 
  12   (0.054) 0.012 0.051 0.088 0.015 
  13   (0.044) 0.012 0.010 0.196 0.012 
  14   (0.034) 0.008 0.008 0.114 0.010 
  15   (0.046) 0.013 0.011 0.195 0.013 
  16   (0.036) 0.009 0.008 0.086 0.010 
  17   (0.037) 0.006 0.009 0.006 0.155 
  18   (0.034) 0.006 0.008 0.006 0.045 
  19   (0.038) 0.007 0.123 0.006 0.011 

Locus 69 : locus69 
21 alleles
0.0% missing data
   1   (0.052) 0.036 0.012 0.037 0.015 
   2   (0.045) 0.278 0.011 0.010 0.013 
   3   (0.054) 0.281 0.013 0.012 0.015 
   4   (0.069) 0.058 0.016 0.104 0.019 
   5   (0.060) 0.143 0.014 0.014 0.017 
   6   (0.078) 0.083 0.019 0.025 0.130 
   7   (0.044) 0.010 0.010 0.203 0.012 
   8   (0.037) 0.009 0.009 0.173 0.010 
   9   (0.038) 0.006 0.009 0.035 0.011 
  10   (0.039) 0.006 0.009 0.035 0.011 
  11   (0.060) 0.014 0.014 0.175 0.017 
  12   (0.043) 0.012 0.010 0.115 0.012 
  13   (0.049) 0.008 0.012 0.008 0.376 
  14   (0.045) 0.008 0.011 0.007 0.120 
  15   (0.043) 0.007 0.010 0.007 0.156 
  16   (0.045) 0.007 0.240 0.007 0.012 
  17   (0.042) 0.007 0.201 0.007 0.012 
  18   (0.042) 0.007 0.086 0.007 0.012 
  19   (0.036) 0.006 0.123 0.006 0.010 
  20   (0.043) 0.007 0.125 0.007 0.012 
  21   (0.035) 0.006 0.047 0.006 0.010 

Locus 70 : locus70 
21 alleles
0.0% missing data
   1   (0.046) 0.365 0.011 0.009 0.013 
   2   (0.037) 0.087 0.009 0.008 0.010 
   3   (0.046) 0.167 0.011 0.014 0.013 
   4   (0.041) 0.087 0.010 0.009 0.011 
   5   (0.038) 0.058 0.009 0.010 0.011 
   6   (0.035) 0.057 0.008 0.009 0.010 
   7   (0.029) 0.032 0.007 0.005 0.008 
   8   (0.038) 0.010 0.009 0.144 0.010 
   9   (0.108) 0.026 0.102 0.150 0.212 
  10   (0.043) 0.009 0.010 0.146 0.012 
  11   (0.069) 0.020 0.016 0.171 0.055 
  12   (0.031) 0.005 0.007 0.033 0.008 
  13   (0.034) 0.006 0.008 0.090 0.009 
  14   (0.047) 0.012 0.011 0.143 0.013 
  15   (0.039) 0.007 0.009 0.006 0.155 
  16   (0.080) 0.014 0.209 0.013 0.203 
  17   (0.054) 0.009 0.051 0.009 0.051 
  18   (0.031) 0.005 0.008 0.005 0.081 
  19   (0.051) 0.009 0.127 0.008 0.050 
  20   (0.058) 0.010 0.166 0.009 0.052 
  21   (0.046) 0.008 0.201 0.007 0.013 

Locus 71 : locus71 
20 alleles
0.0% missing data
   1   (0.068) 0.074 0.016 0.146 0.019 
   2   (0.100) 0.252 0.291 0.024 0.028 
   3   (0.092) 0.142 0.366 0.023 0.025 
   4   (0.091) 0.311 0.021 0.185 0.025 
   5   (0.044) 0.113 0.010 0.010 0.012 
   6   (0.043) 0.009 0.010 0.294 0.012 
   7   (0.061) 0.010 0.091 0.068 0.017 
   8   (0.046) 0.012 0.011 0.061 0.013 
   9   (0.039) 0.009 0.009 0.091 0.011 
  10   (0.036) 0.006 0.009 0.035 0.010 
  11   (0.034) 0.006 0.008 0.006 0.046 
  12   (0.042) 0.007 0.010 0.007 0.265 
  13   (0.044) 0.007 0.010 0.007 0.120 
  14   (0.043) 0.007 0.010 0.007 0.120 
  15   (0.038) 0.006 0.009 0.007 0.046 
  16   (0.040) 0.007 0.009 0.007 0.120 
  17   (0.033) 0.005 0.008 0.006 0.045 
  18   (0.036) 0.006 0.009 0.006 0.046 
  19   (0.033) 0.005 0.046 0.006 0.009 
  20   (0.036) 0.006 0.047 0.006 0.010 

Locus 72 : locus72 
19 alleles
0.0% missing data
   1   (0.074) 0.100 0.018 0.062 0.057 
   2   (0.074) 0.146 0.056 0.015 0.057 
   3   (0.082) 0.143 0.020 0.020 0.168 
   4   (0.065) 0.141 0.015 0.017 0.126 
   5   (0.055) 0.111 0.051 0.016 0.015 
   6   (0.085) 0.224 0.020 0.021 0.205 
   7   (0.070) 0.039 0.093 0.012 0.055 
   8   (0.035) 0.007 0.008 0.119 0.010 
   9   (0.045) 0.011 0.011 0.262 0.012 
  10   (0.048) 0.008 0.011 0.066 0.049 
  11   (0.040) 0.010 0.010 0.146 0.011 
  12   (0.056) 0.014 0.013 0.061 0.052 
  13   (0.041) 0.008 0.010 0.119 0.011 
  14   (0.049) 0.008 0.012 0.037 0.050 
  15   (0.039) 0.007 0.009 0.007 0.083 
  16   (0.036) 0.006 0.200 0.006 0.010 
  17   (0.036) 0.006 0.161 0.006 0.010 
  18   (0.033) 0.005 0.198 0.005 0.009 
  19   (0.035) 0.006 0.085 0.006 0.010 

Locus 73 : locus73 
20 alleles
0.0% missing data
   1   (0.048) 0.035 0.011 0.008 0.086 
   2   (0.063) 0.199 0.015 0.014 0.125 
   3   (0.077) 0.122 0.018 0.127 0.057 
   4   (0.052) 0.098 0.013 0.058 0.014 
   5   (0.064) 0.067 0.015 0.178 0.018 
   6   (0.027) 0.032 0.006 0.004 0.008 
   7   (0.037) 0.141 0.009 0.009 0.010 
   8   (0.064) 0.060 0.015 0.016 0.198 
   9   (0.091) 0.109 0.022 0.115 0.206 
  10   (0.033) 0.057 0.008 0.009 0.009 
  11   (0.035) 0.009 0.008 0.059 0.010 
  12   (0.029) 0.005 0.007 0.033 0.008 
  13   (0.075) 0.016 0.323 0.208 0.021 
  14   (0.047) 0.008 0.126 0.036 0.013 
  15   (0.045) 0.008 0.011 0.036 0.049 
  16   (0.057) 0.009 0.205 0.037 0.016 
  17   (0.046) 0.008 0.049 0.036 0.013 
  18   (0.047) 0.008 0.049 0.008 0.049 
  19   (0.035) 0.006 0.008 0.006 0.082 
  20   (0.027) 0.004 0.082 0.004 0.007 

Locus 74 : locus74 
15 alleles
0.0% missing data
   1   (0.088) 0.194 0.021 0.086 0.061 
   2   (0.095) 0.185 0.060 0.233 0.026 
   3   (0.152) 0.093 0.189 0.153 0.223 
   4   (0.041) 0.114 0.010 0.012 0.011 
   5   (0.119) 0.088 0.143 0.119 0.106 
   6   (0.051) 0.037 0.127 0.008 0.014 
   7   (0.062) 0.149 0.052 0.012 0.017 
   8   (0.095) 0.087 0.061 0.082 0.062 
   9   (0.046) 0.011 0.011 0.254 0.013 
  10   (0.075) 0.013 0.171 0.012 0.274 
  11   (0.040) 0.007 0.009 0.007 0.120 
  12   (0.034) 0.006 0.008 0.006 0.046 
  13   (0.033) 0.006 0.046 0.005 0.009 
  14   (0.032) 0.005 0.046 0.005 0.009 
  15   (0.034) 0.006 0.046 0.006 0.010 

Locus 75 : locus75 
29 alleles
0.0% missing data
   1   (0.025) 0.032 0.006 0.004 0.007 
   2   (0.029) 0.059 0.007 0.005 0.008 
   3   (0.027) 0.193 0.006 0.007 0.007 
   4   (0.039) 0.061 0.009 0.006 0.011 
   5   (0.037) 0.194 0.009 0.010 0.010 
   6   (0.033) 0.194 0.008 0.009 0.009 
   7   (0.028) 0.059 0.007 0.005 0.008 
   8   (0.025) 0.056 0.006 0.007 0.007 
   9   (0.031) 0.009 0.007 0.058 0.009 
  10   (0.049) 0.014 0.012 0.115 0.050 
  11   (0.040) 0.009 0.010 0.089 0.011 
  12   (0.035) 0.009 0.008 0.144 0.010 
  13   (0.031) 0.008 0.008 0.173 0.009 
  14   (0.036) 0.006 0.008 0.062 0.010 
  15   (0.037) 0.010 0.009 0.059 0.010 
  16   (0.027) 0.004 0.006 0.061 0.007 
  17   (0.034) 0.006 0.008 0.034 0.009 
  18   (0.032) 0.009 0.008 0.058 0.009 
  19   (0.027) 0.005 0.007 0.033 0.008 
  20   (0.051) 0.008 0.127 0.008 0.086 
  21   (0.041) 0.007 0.010 0.007 0.084 
  22   (0.032) 0.005 0.008 0.005 0.153 
  23   (0.058) 0.010 0.051 0.009 0.305 
  24   (0.034) 0.006 0.008 0.006 0.118 
  25   (0.034) 0.006 0.046 0.006 0.010 
  26   (0.044) 0.007 0.354 0.007 0.012 
  27   (0.033) 0.005 0.123 0.005 0.009 
  28   (0.024) 0.004 0.082 0.004 0.007 
  29   (0.029) 0.005 0.045 0.005 0.008 

Locus 76 : locus76 
18 alleles
0.0% missing data
   1   (0.060) 0.065 0.129 0.010 0.017 
   2   (0.066) 0.196 0.053 0.017 0.018 
   3   (0.072) 0.121 0.093 0.012 0.020 
   4   (0.097) 0.146 0.214 0.051 0.027 
   5   (0.089) 0.073 0.059 0.181 0.025 
   6   (0.070) 0.272 0.055 0.024 0.019 
   7   (0.063) 0.038 0.130 0.011 0.018 
   8   (0.050) 0.010 0.012 0.177 0.014 
   9   (0.052) 0.013 0.012 0.232 0.014 
  10   (0.031) 0.005 0.007 0.034 0.009 
  11   (0.036) 0.006 0.009 0.034 0.010 
  12   (0.071) 0.016 0.054 0.177 0.020 
  13   (0.033) 0.005 0.008 0.005 0.045 
  14   (0.050) 0.008 0.012 0.008 0.411 
  15   (0.041) 0.007 0.010 0.007 0.084 
  16   (0.036) 0.006 0.008 0.006 0.119 
  17   (0.043) 0.007 0.010 0.007 0.120 
  18   (0.041) 0.007 0.124 0.007 0.011 

Locus 77 : locus77 
19 alleles
0.0% missing data
   1   (0.073) 0.145 0.017 0.046 0.056 
   2   (0.059) 0.302 0.014 0.051 0.016 
   3   (0.043) 0.088 0.010 0.009 0.012 
   4   (0.052) 0.036 0.012 0.008 0.160 
   5   (0.037) 0.058 0.009 0.010 0.010 
   6   (0.039) 0.143 0.009 0.009 0.011 
   7   (0.083) 0.072 0.020 0.122 0.131 
   8   (0.078) 0.042 0.019 0.069 0.130 
   9   (0.072) 0.016 0.017 0.202 0.273 
  10   (0.086) 0.026 0.096 0.225 0.060 
  11   (0.049) 0.012 0.050 0.088 0.014 
  12   (0.047) 0.008 0.088 0.035 0.013 
  13   (0.057) 0.013 0.090 0.089 0.016 
  14   (0.051) 0.009 0.088 0.008 0.050 
  15   (0.029) 0.005 0.045 0.005 0.008 
  16   (0.046) 0.008 0.163 0.007 0.013 
  17   (0.035) 0.006 0.085 0.006 0.010 
  18   (0.036) 0.006 0.085 0.006 0.010 
  19   (0.029) 0.005 0.083 0.005 0.008 

Locus 78 : locus78 
15 alleles
0.0% missing data
   1   (0.048) 0.274 0.011 0.014 0.013 
   2   (0.144) 0.063 0.263 0.067 0.220 
   3   (0.053) 0.115 0.013 0.011 0.015 
   4   (0.043) 0.088 0.010 0.007 0.012 
   5   (0.043) 0.114 0.010 0.009 0.012 
   6   (0.031) 0.033 0.007 0.005 0.009 
   7   (0.045) 0.193 0.010 0.012 0.012 
   8   (0.088) 0.015 0.097 0.043 0.169 
   9   (0.081) 0.016 0.172 0.154 0.022 
  10   (0.079) 0.024 0.019 0.200 0.094 
  11   (0.119) 0.023 0.104 0.217 0.214 
  12   (0.072) 0.012 0.170 0.068 0.020 
  13   (0.047) 0.013 0.011 0.173 0.013 
  14   (0.036) 0.006 0.008 0.006 0.046 
  15   (0.070) 0.012 0.093 0.012 0.128 

Locus 79 : locus79 
17 alleles
0.0% missing data
   1   (0.082) 0.083 0.057 0.083 0.023 
   2   (0.052) 0.065 0.012 0.036 0.015 
   3   (0.066) 0.137 0.016 0.134 0.018 
   4   (0.041) 0.309 0.010 0.010 0.011 
   5   (0.040) 0.144 0.009 0.008 0.011 
   6   (0.085) 0.073 0.058 0.121 0.024 
   7   (0.060) 0.057 0.014 0.187 0.017 
   8   (0.033) 0.033 0.008 0.005 0.009 
   9   (0.092) 0.015 0.174 0.043 0.207 
  10   (0.096) 0.020 0.061 0.123 0.207 
  11   (0.037) 0.010 0.009 0.143 0.010 
  12   (0.081) 0.014 0.134 0.041 0.095 
  13   (0.057) 0.010 0.013 0.037 0.160 
  14   (0.037) 0.006 0.009 0.006 0.082 
  15   (0.071) 0.012 0.246 0.012 0.092 
  16   (0.036) 0.006 0.085 0.006 0.010 
  17   (0.033) 0.006 0.084 0.005 0.009 

Locus 80 : locus80 
25 alleles
0.0% missing data
   1   (0.078) 0.468 0.133 0.023 0.022 
   2   (0.030) 0.060 0.007 0.005 0.008 
   3   (0.032) 0.196 0.008 0.006 0.009 
   4   (0.033) 0.033 0.008 0.006 0.009 
   5   (0.037) 0.086 0.009 0.009 0.010 
   6   (0.037) 0.006 0.009 0.063 0.010 
   7   (0.034) 0.010 0.008 0.058 0.009 
   8   (0.038) 0.011 0.009 0.172 0.011 
   9   (0.040) 0.014 0.010 0.083 0.011 
  10   (0.044) 0.007 0.049 0.035 0.012 
  11   (0.076) 0.019 0.095 0.148 0.057 
  12   (0.027) 0.006 0.006 0.088 0.007 
  13   (0.050) 0.008 0.203 0.065 0.014 
  14   (0.060) 0.010 0.014 0.038 0.089 
  15   (0.040) 0.009 0.010 0.089 0.011 
  16   (0.038) 0.006 0.009 0.063 0.010 
  17   (0.031) 0.005 0.007 0.005 0.045 
  18   (0.041) 0.007 0.010 0.007 0.228 
  19   (0.036) 0.006 0.008 0.006 0.119 
  20   (0.035) 0.006 0.008 0.006 0.154 
  21   (0.030) 0.005 0.007 0.005 0.044 
  22   (0.035) 0.006 0.008 0.006 0.082 
  23   (0.043) 0.007 0.200 0.007 0.012 
  24   (0.028) 0.005 0.121 0.005 0.008 
  25   (0.025) 0.004 0.044 0.004 0.007 

Locus 81 : locus81 
24 alleles
0.0% missing data
   1   (0.057) 0.255 0.089 0.012 0.016 
   2   (0.044) 0.195 0.010 0.011 0.012 
   3   (0.052) 0.136 0.050 0.018 0.014 
   4   (0.053) 0.099 0.013 0.056 0.015 
   5   (0.056) 0.050 0.013 0.052 0.015 
   6   (0.031) 0.032 0.007 0.005 0.009 
   7   (0.051) 0.036 0.012 0.008 0.050 
   8   (0.052) 0.081 0.012 0.047 0.014 
   9   (0.032) 0.007 0.008 0.117 0.009 
  10   (0.039) 0.007 0.009 0.175 0.011 
  11   (0.040) 0.011 0.009 0.115 0.011 
  12   (0.040) 0.007 0.009 0.091 0.011 
  13   (0.037) 0.011 0.009 0.170 0.010 
  14   (0.033) 0.009 0.008 0.058 0.009 
  15   (0.042) 0.007 0.010 0.007 0.264 
  16   (0.040) 0.007 0.009 0.007 0.156 
  17   (0.037) 0.006 0.009 0.006 0.083 
  18   (0.030) 0.005 0.007 0.005 0.153 
  19   (0.035) 0.006 0.008 0.006 0.046 
  20   (0.050) 0.008 0.088 0.008 0.050 
  21   (0.042) 0.007 0.277 0.007 0.012 
  22   (0.042) 0.007 0.239 0.007 0.012 
  23   (0.038) 0.006 0.048 0.006 0.011 
  24   (0.028) 0.005 0.045 0.005 0.008 

Locus 82 : locus82 
20 alleles
0.0% missing data
   1   (0.078) 0.204 0.018 0.019 0.166 
   2   (0.056) 0.058 0.013 0.098 0.015 
   3   (0.069) 0.153 0.016 0.011 0.091 
   4   (0.036) 0.089 0.008 0.008 0.010 
   5   (0.095) 0.066 0.061 0.021 0.171 
   6   (0.062) 0.094 0.014 0.203 0.017 
   7   (0.058) 0.121 0.014 0.011 0.088 
   8   (0.054) 0.122 0.013 0.063 0.015 
   9   (0.034) 0.006 0.008 0.033 0.009 
  10   (0.047) 0.013 0.011 0.332 0.013 
  11   (0.033) 0.006 0.008 0.033 0.009 
  12   (0.028) 0.005 0.006 0.032 0.008 
  13   (0.040) 0.010 0.009 0.085 0.011 
  14   (0.034) 0.006 0.008 0.005 0.082 
  15   (0.056) 0.010 0.051 0.009 0.124 
  16   (0.065) 0.011 0.168 0.010 0.090 
  17   (0.061) 0.011 0.359 0.010 0.052 
  18   (0.033) 0.006 0.084 0.005 0.009 
  19   (0.032) 0.005 0.084 0.005 0.009 
  20   (0.033) 0.006 0.046 0.005 0.009 

Locus 83 : locus83 
21 alleles
0.0% missing data
   1   (0.062) 0.176 0.015 0.012 0.089 
   2   (0.065) 0.212 0.015 0.170 0.018 
   3   (0.078) 0.140 0.400 0.024 0.021 
   4   (0.054) 0.114 0.013 0.043 0.015 
   5   (0.102) 0.101 0.138 0.017 0.282 
   6   (0.074) 0.040 0.132 0.012 0.093 
   7   (0.046) 0.106 0.011 0.020 0.013 
   8   (0.031) 0.005 0.007 0.061 0.009 
   9   (0.036) 0.006 0.008 0.089 0.010 
  10   (0.044) 0.016 0.010 0.082 0.012 
  11   (0.041) 0.015 0.010 0.138 0.011 
  12   (0.034) 0.006 0.008 0.033 0.009 
  13   (0.035) 0.009 0.009 0.171 0.010 
  14   (0.030) 0.005 0.007 0.033 0.008 
  15   (0.036) 0.010 0.009 0.058 0.010 
  16   (0.057) 0.010 0.052 0.009 0.088 
  17   (0.034) 0.006 0.008 0.006 0.082 
  18   (0.027) 0.005 0.006 0.004 0.044 
  19   (0.051) 0.009 0.050 0.008 0.122 
  20   (0.028) 0.005 0.007 0.005 0.044 
  21   (0.035) 0.006 0.085 0.006 0.010 

Locus 84 : locus84 
26 alleles
0.0% missing data
   1   (0.044) 0.200 0.011 0.010 0.012 
   2   (0.056) 0.173 0.051 0.013 0.015 
   3   (0.025) 0.032 0.006 0.004 0.007 
   4   (0.031) 0.087 0.007 0.007 0.009 
   5   (0.062) 0.145 0.091 0.015 0.017 
   6   (0.040) 0.113 0.009 0.011 0.011 
   7   (0.039) 0.088 0.009 0.009 0.011 
   8   (0.047) 0.036 0.049 0.008 0.013 
   9   (0.043) 0.011 0.010 0.226 0.012 
  10   (0.043) 0.010 0.010 0.199 0.012 
  11   (0.038) 0.006 0.009 0.062 0.011 
  12   (0.040) 0.007 0.010 0.034 0.011 
  13   (0.039) 0.011 0.009 0.252 0.011 
  14   (0.060) 0.010 0.015 0.037 0.198 
  15   (0.030) 0.008 0.007 0.057 0.008 
  16   (0.036) 0.006 0.008 0.006 0.118 
  17   (0.032) 0.005 0.008 0.005 0.117 
  18   (0.031) 0.005 0.007 0.005 0.081 
  19   (0.034) 0.006 0.008 0.005 0.082 
  20   (0.044) 0.008 0.049 0.007 0.048 
  21   (0.035) 0.006 0.008 0.006 0.118 
  22   (0.029) 0.005 0.007 0.005 0.044 
  23   (0.030) 0.005 0.084 0.005 0.008 
  24   (0.032) 0.006 0.391 0.005 0.009 
  25   (0.027) 0.005 0.083 0.004 0.007 
  26   (0.033) 0.006 0.046 0.005 0.009 

Locus 85 : locus85 
21 alleles
0.0% missing data
   1   (0.034) 0.114 0.008 0.007 0.009 
   2   (0.068) 0.112 0.016 0.218 0.019 
   3   (0.042) 0.034 0.010 0.007 0.012 
   4   (0.072) 0.102 0.017 0.285 0.020 
   5   (0.079) 0.068 0.019 0.069 0.094 
   6   (0.045) 0.250 0.011 0.012 0.012 
   7   (0.029) 0.032 0.007 0.005 0.008 
   8   (0.079) 0.063 0.019 0.158 0.094 
   9   (0.080) 0.115 0.019 0.021 0.203 
  10   (0.033) 0.033 0.008 0.005 0.009 
  11   (0.034) 0.008 0.008 0.089 0.009 
  12   (0.040) 0.007 0.010 0.035 0.011 
  13   (0.035) 0.006 0.008 0.034 0.010 
  14   (0.041) 0.007 0.010 0.007 0.156 
  15   (0.032) 0.005 0.008 0.005 0.153 
  16   (0.059) 0.010 0.090 0.010 0.088 
  17   (0.027) 0.004 0.006 0.004 0.044 
  18   (0.050) 0.008 0.240 0.008 0.014 
  19   (0.046) 0.008 0.279 0.008 0.013 
  20   (0.039) 0.006 0.162 0.006 0.011 
  21   (0.037) 0.006 0.047 0.006 0.010 

Locus 86 : locus86 
18 alleles
0.0% missing data
   1   (0.049) 0.199 0.012 0.013 0.014 
   2   (0.086) 0.206 0.021 0.018 0.096 
   3   (0.036) 0.034 0.008 0.006 0.010 
   4   (0.095) 0.118 0.023 0.024 0.208 
   5   (0.044) 0.229 0.010 0.009 0.012 
   6   (0.101) 0.096 0.062 0.021 0.209 
   7   (0.046) 0.014 0.011 0.168 0.013 
   8   (0.043) 0.007 0.010 0.062 0.012 
   9   (0.060) 0.015 0.014 0.310 0.017 
  10   (0.043) 0.007 0.010 0.062 0.012 
  11   (0.042) 0.010 0.010 0.170 0.012 
  12   (0.041) 0.011 0.010 0.058 0.011 
  13   (0.037) 0.006 0.009 0.034 0.010 
  14   (0.077) 0.013 0.095 0.012 0.166 
  15   (0.079) 0.014 0.477 0.013 0.130 
  16   (0.034) 0.006 0.008 0.006 0.046 
  17   (0.037) 0.006 0.047 0.006 0.010 
  18   (0.048) 0.008 0.164 0.008 0.013 

Locus 87 : locus87 
22 alleles
0.0% missing data
   1   (0.034) 0.060 0.008 0.006 0.009 
   2   (0.036) 0.113 0.009 0.008 0.010 
   3   (0.041) 0.168 0.010 0.010 0.011 
   4   (0.047) 0.302 0.011 0.013 0.013 
   5   (0.038) 0.167 0.009 0.009 0.010 
   6   (0.033) 0.033 0.008 0.006 0.009 
   7   (0.034) 0.008 0.008 0.089 0.009 
   8   (0.075) 0.022 0.132 0.174 0.021 
   9   (0.044) 0.010 0.010 0.175 0.012 
  10   (0.031) 0.005 0.007 0.034 0.009 
  11   (0.035) 0.006 0.008 0.034 0.010 
  12   (0.032) 0.007 0.008 0.089 0.009 
  13   (0.075) 0.012 0.286 0.040 0.057 
  14   (0.030) 0.005 0.007 0.033 0.008 
  15   (0.038) 0.010 0.009 0.059 0.010 
  16   (0.086) 0.021 0.097 0.064 0.133 
  17   (0.077) 0.013 0.056 0.041 0.275 
  18   (0.037) 0.010 0.009 0.059 0.010 
  19   (0.037) 0.006 0.009 0.035 0.010 
  20   (0.045) 0.008 0.011 0.008 0.265 
  21   (0.062) 0.010 0.243 0.010 0.089 
  22   (0.034) 0.006 0.046 0.006 0.009 

Locus 88 : locus88 
21 alleles
0.0% missing data
   1   (0.052) 0.089 0.012 0.011 0.051 
   2   (0.081) 0.254 0.172 0.021 0.022 
   3   (0.034) 0.057 0.008 0.009 0.010 
   4   (0.034) 0.116 0.008 0.006 0.009 
   5   (0.075) 0.045 0.018 0.204 0.093 
   6   (0.046) 0.142 0.011 0.012 0.013 
   7   (0.043) 0.141 0.010 0.011 0.012 
   8   (0.088) 0.042 0.021 0.070 0.242 
   9   (0.036) 0.009 0.009 0.088 0.010 
  10   (0.060) 0.015 0.014 0.145 0.053 
  11   (0.053) 0.011 0.013 0.148 0.051 
  12   (0.068) 0.024 0.016 0.222 0.091 
  13   (0.042) 0.007 0.010 0.007 0.120 
  14   (0.049) 0.008 0.050 0.008 0.049 
  15   (0.035) 0.006 0.008 0.006 0.118 
  16   (0.031) 0.005 0.084 0.005 0.009 
  17   (0.038) 0.006 0.200 0.006 0.011 
  18   (0.034) 0.006 0.084 0.006 0.009 
  19   (0.033) 0.006 0.084 0.006 0.009 
  20   (0.036) 0.006 0.123 0.006 0.010 
  21   (0.034) 0.006 0.046 0.005 0.009 

Locus 89 : locus89 
17 alleles
0.0% missing data
   1   (0.045) 0.329 0.011 0.012 0.013 
   2   (0.043) 0.114 0.010 0.009 0.012 
   3   (0.033) 0.060 0.008 0.006 0.009 
   4   (0.037) 0.085 0.009 0.008 0.010 
   5   (0.036) 0.088 0.008 0.006 0.010 
   6   (0.040) 0.165 0.010 0.012 0.011 
   7   (0.096) 0.025 0.061 0.120 0.135 
   8   (0.102) 0.026 0.138 0.207 0.064 
   9   (0.106) 0.024 0.063 0.182 0.247 
  10   (0.074) 0.012 0.056 0.040 0.165 
  11   (0.107) 0.025 0.255 0.238 0.065 
  12   (0.060) 0.010 0.091 0.067 0.017 
  13   (0.070) 0.012 0.055 0.068 0.055 
  14   (0.044) 0.007 0.010 0.007 0.157 
  15   (0.033) 0.006 0.046 0.005 0.009 
  16   (0.031) 0.005 0.084 0.005 0.009 
  17   (0.040) 0.007 0.086 0.007 0.011 

Locus 90 : locus90 
23 alleles
0.0% missing data
   1   (0.047) 0.229 0.011 0.011 0.013 
   2   (0.055) 0.122 0.013 0.119 0.015 
   3   (0.041) 0.050 0.010 0.048 0.011 
   4   (0.077) 0.244 0.056 0.061 0.021 
   5   (0.044) 0.035 0.125 0.007 0.012 
   6   (0.042) 0.049 0.010 0.048 0.012 
   7   (0.026) 0.033 0.006 0.004 0.007 
   8   (0.055) 0.056 0.013 0.265 0.015 
   9   (0.032) 0.033 0.008 0.005 0.009 
  10   (0.053) 0.051 0.012 0.050 0.015 
  11   (0.041) 0.011 0.010 0.196 0.011 
  12   (0.040) 0.009 0.009 0.087 0.011 
  13   (0.027) 0.005 0.006 0.032 0.008 
  14   (0.033) 0.006 0.008 0.005 0.154 
  15   (0.055) 0.009 0.242 0.009 0.051 
  16   (0.033) 0.006 0.008 0.005 0.118 
  17   (0.044) 0.007 0.049 0.007 0.048 
  18   (0.059) 0.010 0.090 0.009 0.161 
  19   (0.035) 0.006 0.008 0.006 0.118 
  20   (0.050) 0.009 0.126 0.008 0.050 
  21   (0.053) 0.009 0.127 0.008 0.087 
  22   (0.028) 0.005 0.006 0.004 0.044 
  23   (0.032) 0.005 0.045 0.005 0.009 

Locus 91 : locus91 
27 alleles
0.0% missing data
   1   (0.064) 0.228 0.015 0.016 0.054 
   2   (0.068) 0.225 0.016 0.019 0.200 
   3   (0.031) 0.088 0.007 0.005 0.009 
   4   (0.034) 0.061 0.008 0.006 0.009 
   5   (0.061) 0.199 0.015 0.016 0.053 
   6   (0.024) 0.032 0.006 0.004 0.007 
   7   (0.033) 0.033 0.008 0.005 0.009 
   8   (0.029) 0.007 0.007 0.087 0.008 
   9   (0.026) 0.006 0.006 0.086 0.007 
  10   (0.041) 0.011 0.010 0.143 0.011 
  11   (0.030) 0.009 0.007 0.057 0.008 
  12   (0.029) 0.005 0.007 0.117 0.008 
  13   (0.024) 0.004 0.006 0.032 0.007 
  14   (0.037) 0.013 0.009 0.250 0.010 
  15   (0.033) 0.006 0.008 0.033 0.009 
  16   (0.020) 0.003 0.005 0.031 0.006 
  17   (0.034) 0.006 0.008 0.033 0.009 
  18   (0.052) 0.009 0.050 0.008 0.123 
  19   (0.061) 0.010 0.129 0.010 0.126 
  20   (0.056) 0.010 0.319 0.009 0.051 
  21   (0.037) 0.006 0.009 0.006 0.155 
  22   (0.030) 0.005 0.007 0.005 0.081 
  23   (0.032) 0.005 0.084 0.005 0.009 
  24   (0.032) 0.005 0.045 0.005 0.009 
  25   (0.028) 0.005 0.121 0.005 0.008 
  26   (0.029) 0.005 0.045 0.005 0.008 
  27   (0.023) 0.004 0.044 0.004 0.006 

Locus 92 : locus92 
17 alleles
0.0% missing data
   1   (0.108) 0.176 0.140 0.028 0.138 
   2   (0.129) 0.130 0.374 0.025 0.181 
   3   (0.098) 0.154 0.100 0.018 0.099 
   4   (0.079) 0.094 0.134 0.016 0.058 
   5   (0.069) 0.092 0.016 0.015 0.127 
   6   (0.057) 0.091 0.014 0.012 0.052 
   7   (0.058) 0.175 0.051 0.012 0.016 
   8   (0.041) 0.015 0.010 0.136 0.011 
   9   (0.040) 0.010 0.009 0.169 0.011 
  10   (0.040) 0.009 0.010 0.197 0.011 
  11   (0.035) 0.006 0.008 0.033 0.010 
  12   (0.045) 0.011 0.011 0.169 0.013 
  13   (0.037) 0.008 0.009 0.115 0.010 
  14   (0.033) 0.006 0.008 0.033 0.009 
  15   (0.042) 0.007 0.010 0.007 0.157 
  16   (0.056) 0.010 0.051 0.009 0.088 
  17   (0.033) 0.006 0.046 0.005 0.009 

Locus 93 : locus93 
19 alleles
0.0% missing data
   1   (0.036) 0.061 0.009 0.006 0.010 
   2   (0.069) 0.446 0.054 0.018 0.019 
   3   (0.047) 0.035 0.088 0.008 0.013 
   4   (0.059) 0.172 0.052 0.013 0.016 
   5   (0.128) 0.123 0.260 0.057 0.181 
   6   (0.111) 0.046 0.217 0.074 0.139 
   7   (0.058) 0.014 0.052 0.145 0.016 
   8   (0.029) 0.005 0.007 0.061 0.008 
   9   (0.036) 0.010 0.008 0.058 0.010 
  10   (0.087) 0.023 0.058 0.287 0.096 
  11   (0.061) 0.018 0.015 0.171 0.089 
  12   (0.029) 0.005 0.007 0.033 0.008 
  13   (0.031) 0.005 0.007 0.033 0.009 
  14   (0.033) 0.006 0.008 0.005 0.045 
  15   (0.035) 0.006 0.008 0.006 0.082 
  16   (0.037) 0.006 0.009 0.006 0.118 
  17   (0.030) 0.005 0.007 0.005 0.044 
  18   (0.052) 0.009 0.127 0.008 0.050 
  19   (0.032) 0.005 0.008 0.005 0.045 

Locus 94 : locus94 
21 alleles
0.0% missing data
   1   (0.042) 0.120 0.010 0.008 0.011 
   2   (0.049) 0.321 0.012 0.011 0.014 
   3   (0.043) 0.094 0.010 0.007 0.012 
   4   (0.064) 0.090 0.015 0.152 0.018 
   5   (0.041) 0.150 0.010 0.008 0.011 
   6   (0.058) 0.085 0.014 0.072 0.016 
   7   (0.053) 0.015 0.012 0.436 0.015 
   8   (0.042) 0.010 0.010 0.112 0.012 
   9   (0.034) 0.006 0.008 0.032 0.009 
  10   (0.047) 0.018 0.011 0.078 0.013 
  11   (0.071) 0.012 0.399 0.011 0.091 
  12   (0.045) 0.008 0.011 0.007 0.121 
  13   (0.058) 0.010 0.090 0.009 0.089 
  14   (0.061) 0.011 0.052 0.010 0.125 
  15   (0.041) 0.007 0.010 0.006 0.156 
  16   (0.036) 0.006 0.009 0.006 0.046 
  17   (0.064) 0.011 0.092 0.010 0.126 
  18   (0.052) 0.009 0.089 0.008 0.050 
  19   (0.036) 0.006 0.009 0.006 0.046 
  20   (0.036) 0.006 0.085 0.006 0.010 
  21   (0.027) 0.005 0.045 0.004 0.007 

Locus 95 : locus95 
27 alleles
0.0% missing data
   1   (0.038) 0.167 0.009 0.011 0.011 
   2   (0.030) 0.060 0.007 0.005 0.008 
   3   (0.046) 0.170 0.011 0.011 0.013 
   4   (0.050) 0.117 0.012 0.010 0.014 
   5   (0.032) 0.197 0.007 0.007 0.009 
   6   (0.030) 0.032 0.007 0.005 0.008 
   7   (0.044) 0.112 0.010 0.012 0.012 
   8   (0.044) 0.013 0.010 0.114 0.012 
   9   (0.041) 0.009 0.010 0.229 0.011 
  10   (0.034) 0.006 0.008 0.062 0.009 
  11   (0.047) 0.013 0.011 0.256 0.013 
  12   (0.048) 0.018 0.011 0.082 0.013 
  13   (0.029) 0.005 0.007 0.089 0.008 
  14   (0.027) 0.005 0.006 0.032 0.008 
  15   (0.047) 0.008 0.011 0.008 0.193 
  16   (0.033) 0.006 0.008 0.005 0.081 
  17   (0.032) 0.005 0.007 0.005 0.045 
  18   (0.034) 0.006 0.008 0.006 0.154 
  19   (0.037) 0.006 0.009 0.006 0.119 
  20   (0.032) 0.005 0.008 0.005 0.082 
  21   (0.042) 0.007 0.048 0.007 0.048 
  22   (0.036) 0.006 0.009 0.006 0.083 
  23   (0.038) 0.006 0.124 0.006 0.011 
  24   (0.035) 0.006 0.390 0.006 0.010 
  25   (0.035) 0.006 0.161 0.006 0.010 
  26   (0.027) 0.005 0.045 0.004 0.008 
  27   (0.031) 0.005 0.046 0.005 0.009 

Locus 96 : locus96 
20 alleles
0.0% missing data
   1   (0.079) 0.273 0.019 0.115 0.022 
   2   (0.042) 0.092 0.010 0.007 0.012 
   3   (0.041) 0.118 0.010 0.008 0.011 
   4   (0.078) 0.139 0.019 0.247 0.022 
   5   (0.061) 0.092 0.052 0.013 0.017 
   6   (0.062) 0.138 0.015 0.051 0.017 
   7   (0.055) 0.038 0.013 0.064 0.015 
   8   (0.044) 0.012 0.010 0.332 0.012 
   9   (0.040) 0.011 0.009 0.056 0.011 
  10   (0.033) 0.006 0.008 0.033 0.009 
  11   (0.059) 0.010 0.090 0.009 0.125 
  12   (0.041) 0.007 0.010 0.006 0.083 
  13   (0.053) 0.009 0.166 0.008 0.050 
  14   (0.044) 0.008 0.010 0.007 0.121 
  15   (0.047) 0.008 0.011 0.007 0.158 
  16   (0.062) 0.011 0.053 0.010 0.162 
  17   (0.039) 0.007 0.009 0.006 0.047 
  18   (0.037) 0.007 0.009 0.006 0.082 
  19   (0.039) 0.007 0.085 0.006 0.011 
  20   (0.045) 0.008 0.392 0.007 0.012 

Locus 97 : locus97 
25 alleles
0.0% missing data
   1   (0.041) 0.388 0.010 0.011 0.012 
   2   (0.050) 0.036 0.012 0.008 0.050 
   3   (0.037) 0.034 0.009 0.006 0.010 
   4   (0.060) 0.037 0.014 0.010 0.089 
   5   (0.045) 0.088 0.011 0.010 0.012 
   6   (0.042) 0.170 0.010 0.009 0.012 
   7   (0.041) 0.087 0.010 0.009 0.011 
   8   (0.028) 0.032 0.007 0.004 0.008 
   9   (0.044) 0.010 0.010 0.089 0.012 
  10   (0.042) 0.010 0.010 0.088 0.012 
  11   (0.048) 0.018 0.011 0.306 0.013 
  12   (0.044) 0.008 0.010 0.233 0.012 
  13   (0.036) 0.006 0.009 0.034 0.010 
  14   (0.048) 0.010 0.011 0.118 0.013 
  15   (0.042) 0.007 0.010 0.007 0.192 
  16   (0.041) 0.007 0.010 0.007 0.048 
  17   (0.040) 0.007 0.009 0.007 0.228 
  18   (0.040) 0.007 0.009 0.006 0.156 
  19   (0.036) 0.006 0.009 0.006 0.046 
  20   (0.030) 0.005 0.083 0.005 0.008 
  21   (0.036) 0.006 0.047 0.006 0.010 
  22   (0.030) 0.005 0.083 0.005 0.008 
  23   (0.032) 0.005 0.237 0.005 0.009 
  24   (0.036) 0.006 0.314 0.006 0.010 
  25   (0.031) 0.005 0.046 0.005 0.008 

Locus 98 : locus98 
24 alleles
0.0% missing data
   1   (0.058) 0.147 0.090 0.011 0.016 
   2   (0.060) 0.173 0.090 0.013 0.017 
   3   (0.038) 0.116 0.009 0.008 0.011 
   4   (0.068) 0.115 0.131 0.018 0.019 
   5   (0.052) 0.143 0.050 0.013 0.014 
   6   (0.059) 0.172 0.205 0.013 0.016 
   7   (0.038) 0.011 0.009 0.057 0.011 
   8   (0.039) 0.010 0.009 0.339 0.011 
   9   (0.035) 0.007 0.008 0.116 0.010 
  10   (0.054) 0.014 0.051 0.059 0.015 
  11   (0.043) 0.007 0.010 0.091 0.012 
  12   (0.036) 0.010 0.009 0.142 0.010 
  13   (0.048) 0.013 0.049 0.059 0.013 
  14   (0.030) 0.005 0.007 0.005 0.044 
  15   (0.042) 0.007 0.010 0.007 0.156 
  16   (0.025) 0.004 0.006 0.004 0.151 
  17   (0.034) 0.006 0.008 0.006 0.154 
  18   (0.040) 0.007 0.010 0.007 0.193 
  19   (0.033) 0.006 0.008 0.005 0.082 
  20   (0.032) 0.005 0.046 0.005 0.009 
  21   (0.037) 0.006 0.047 0.006 0.010 
  22   (0.035) 0.006 0.047 0.006 0.010 
  23   (0.031) 0.005 0.045 0.005 0.009 
  24   (0.035) 0.006 0.047 0.006 0.010 

Locus 99 : locus99 
26 alleles
0.0% missing data
   1   (0.033) 0.085 0.008 0.007 0.009 
   2   (0.045) 0.388 0.011 0.010 0.013 
   3   (0.062) 0.142 0.015 0.015 0.053 
   4   (0.038) 0.193 0.009 0.010 0.010 
   5   (0.028) 0.032 0.007 0.005 0.008 
   6   (0.031) 0.007 0.007 0.117 0.009 
   7   (0.055) 0.013 0.013 0.232 0.015 
   8   (0.040) 0.008 0.010 0.176 0.011 
   9   (0.073) 0.024 0.017 0.084 0.346 
  10   (0.030) 0.005 0.007 0.033 0.008 
  11   (0.036) 0.010 0.009 0.059 0.010 
  12   (0.058) 0.015 0.013 0.146 0.052 
  13   (0.029) 0.005 0.007 0.033 0.008 
  14   (0.028) 0.005 0.007 0.005 0.080 
  15   (0.038) 0.006 0.009 0.006 0.119 
  16   (0.053) 0.009 0.051 0.009 0.087 
  17   (0.026) 0.004 0.006 0.004 0.043 
  18   (0.030) 0.005 0.007 0.005 0.044 
  19   (0.033) 0.005 0.046 0.005 0.009 
  20   (0.041) 0.007 0.048 0.007 0.012 
  21   (0.030) 0.005 0.083 0.005 0.008 
  22   (0.035) 0.006 0.275 0.006 0.010 
  23   (0.032) 0.005 0.160 0.005 0.009 
  24   (0.029) 0.005 0.045 0.005 0.008 
  25   (0.029) 0.005 0.045 0.005 0.008 
  26   (0.039) 0.006 0.086 0.006 0.011 

Locus 100 : locus100 
12 alleles
0.0% missing data
   1   (0.151) 0.254 0.036 0.212 0.186 
   2   (0.125) 0.178 0.029 0.141 0.143 
   3   (0.116) 0.197 0.027 0.203 0.068 
   4   (0.072) 0.095 0.017 0.096 0.020 
   5   (0.150) 0.175 0.073 0.068 0.294 
   6   (0.068) 0.039 0.207 0.011 0.019 
   7   (0.039) 0.011 0.009 0.059 0.011 
   8   (0.043) 0.012 0.010 0.059 0.012 
   9   (0.072) 0.012 0.361 0.039 0.020 
  10   (0.080) 0.014 0.019 0.098 0.203 
  11   (0.046) 0.008 0.163 0.007 0.013 
  12   (0.039) 0.007 0.047 0.006 0.011 

Values of parameters used in structure:
DATAFILE=C:\Users\CHendrikse\Documents\HybridSimulation\SimParFiles\4DemeFixed\50_50\project_data,	OUTFILE=C:\Users\CHendrikse\Documents\HybridSimulation\SimParFiles\4DemeFixed\50_50\50_50\Results\50_50_run_3,	NUMINDS=50,	NUMLOCI=100,	MISSING=-9,	LABEL=1,	POPDATA=0,	POPFLAG=0,	PHENOTYPE=0,	EXTRACOLS=0,	MAXPOPS=4,	BURNIN=50000,	NUMREPS=50000,	USEPOPINFO=0,	INFERALPHA=1,	INFERLAMBDA=0,	POPSPECIFICLAMBDA=0,	POPALPHAS=0,	COMPUTEPROB=1,	NOADMIX=0,	ADMBURNIN=2500,	UPDATEFREQ=1,	PRINTLIKES=0,	INTERMEDSAVE=0,	PRINTKLD=0,	PRINTNET=0,	PRINTLAMBDA=0,	ANCESTDIST=0,	NUMBOXES=1000,	ANCESTPINT=0.90000,	GENSBACK=2,	MIGRPRIOR=0.05000,	PRINTQHAT=0,	PRINTQSUM=0,	ALPHA=1.0000,	FREQSCORR=1,	FPRIORMEAN=0.0100,	FPRIORSD=0.0500,	ONEFST=0,	LAMBDA=1.0000,	UNIFPRIORALPHA=1,	ALPHAMAX=10.0000,	ALPHAPRIORA=1.0000,	ALPHAPRIORB=2.0000,	ALPHAPROPSD=0.0250,	STARTATPOPINFO=0,	RANDOMIZE=1,	LINKAGE=0,	METROFREQ=10,	REPORTHITRATE=0,	MARKOVPHASE=-1,	PHASED=0,	PLOIDY=2,	PHASEINFO=0	LOCPRIOR=0, 	LOCPRIORINIT=1.000000, 	LOCDATA=0, 	LOCISPOP=0, 	LOCPRIORSTEP=0.100000, 	MAXLOCPRIOR=20.000000, 	SEED=1657304388,	
[STRAT parameters]:    NUMSIMSTATS=1000,	PHENOTYPECOL=-9,	POOLFREQ=10,	LOCUSxONLY=0,	EMERROR=0.00100,	MISSINGPHENO=-9,	