

----------------------------------------------------
STRUCTURE by Pritchard, Stephens and Donnelly (2000)
     and Falush, Stephens and Pritchard (2003)
       Code by Pritchard, Falush and Hubisz
             Version 2.3.4 (Jul 2012)
----------------------------------------------------



Command line arguments:   /usr/local/bin/structure -i parentandhybrid1.str -m mainparams.txt -e extraparams.txt -K 4 -o parentandhybrid4Deme_1 
Input File:    parentandhybrid1.str

Run parameters:
   50 individuals
   100 loci
   4 populations assumed
   200000 Burn-in period
   200000 Reps


--------------------------------------------
Overall proportion of membership of the
sample in each of the 4 clusters

Inferred Clusters
  1      2      3      4    
0.299  0.301  0.200  0.200  

--------------------------------------------

Allele-freq. divergence among pops (Net nucleotide distance),
computed using point estimates of P.

      1       2       3       4      
 1      -    0.1021  0.0981  0.1077  
 2   0.1021     -    0.0929  0.1053  
 3   0.0981  0.0929     -    0.0907  
 4   0.1077  0.1053  0.0907     -    

Average distances (expected heterozygosity) between individuals in same cluster:
cluster  1  : 0.8424 
cluster  2  : 0.8505 
cluster  3  : 0.8694 
cluster  4  : 0.8498 

--------------------------------------------
Estimated Ln Prob of Data   = -22949.6
Mean value of ln likelihood = -21401.5
Variance of ln likelihood   = 3096.2
Mean value of alpha         = 0.0280

Mean value of Fst_1         = 0.1452
Mean value of Fst_2         = 0.1404
Mean value of Fst_3         = 0.1157
Mean value of Fst_4         = 0.1394


Inferred ancestry of individuals:
        Label (%Miss) :  Inferred clusters
  1        1    (0)   :  0.000 0.999 0.001 0.000 
  2        2    (0)   :  0.001 0.999 0.000 0.000 
  3        3    (0)   :  0.001 0.998 0.001 0.000 
  4        4    (0)   :  0.000 0.998 0.001 0.001 
  5        5    (0)   :  0.000 0.999 0.000 0.000 
  6        6    (0)   :  0.000 0.999 0.000 0.000 
  7        7    (0)   :  0.001 0.998 0.001 0.001 
  8        8    (0)   :  0.001 0.999 0.000 0.000 
  9        9    (0)   :  0.000 0.999 0.000 0.001 
 10       10    (0)   :  0.001 0.998 0.000 0.000 
 11       11    (0)   :  0.998 0.000 0.000 0.001 
 12       12    (0)   :  0.999 0.000 0.000 0.000 
 13       13    (0)   :  0.999 0.000 0.001 0.000 
 14       14    (0)   :  0.999 0.000 0.000 0.000 
 15       15    (0)   :  0.999 0.000 0.000 0.001 
 16       16    (0)   :  0.998 0.000 0.000 0.001 
 17       17    (0)   :  0.997 0.002 0.000 0.001 
 18       18    (0)   :  0.998 0.001 0.001 0.000 
 19       19    (0)   :  0.999 0.000 0.000 0.000 
 20       20    (0)   :  0.999 0.000 0.000 0.000 
 21      h01    (0)   :  0.512 0.488 0.000 0.000 
 22      h02    (0)   :  0.495 0.505 0.000 0.000 
 23      h03    (0)   :  0.482 0.517 0.000 0.000 
 24      h04    (0)   :  0.473 0.527 0.000 0.000 
 25      h05    (0)   :  0.511 0.488 0.000 0.000 
 26      h06    (0)   :  0.504 0.496 0.000 0.000 
 27      h07    (0)   :  0.528 0.472 0.000 0.000 
 28      h08    (0)   :  0.460 0.540 0.000 0.000 
 29      h09    (0)   :  0.472 0.527 0.000 0.000 
 30      h10    (0)   :  0.497 0.502 0.000 0.000 
 31       21    (0)   :  0.000 0.000 0.999 0.000 
 32       22    (0)   :  0.000 0.000 0.999 0.001 
 33       23    (0)   :  0.000 0.000 0.997 0.002 
 34       24    (0)   :  0.000 0.000 0.999 0.000 
 35       25    (0)   :  0.001 0.000 0.998 0.001 
 36       26    (0)   :  0.000 0.001 0.998 0.001 
 37       27    (0)   :  0.000 0.000 0.999 0.000 
 38       28    (0)   :  0.000 0.000 0.999 0.000 
 39       29    (0)   :  0.000 0.000 0.998 0.001 
 40       30    (0)   :  0.000 0.000 0.999 0.000 
 41       31    (0)   :  0.000 0.001 0.000 0.999 
 42       32    (0)   :  0.000 0.000 0.000 0.999 
 43       33    (0)   :  0.000 0.000 0.000 0.999 
 44       34    (0)   :  0.000 0.000 0.000 0.999 
 45       35    (0)   :  0.000 0.001 0.000 0.999 
 46       36    (0)   :  0.001 0.001 0.001 0.998 
 47       37    (0)   :  0.000 0.000 0.000 0.999 
 48       38    (0)   :  0.000 0.000 0.001 0.999 
 49       39    (0)   :  0.000 0.000 0.001 0.999 
 50       40    (0)   :  0.000 0.000 0.000 0.999 


Estimated Allele Frequencies in each cluster
First column gives estimated ancestral frequencies


Locus 1 : locus1 
19 alleles
0.0% missing data
   1   (0.074) 0.120 0.239 0.020 0.018 
   2   (0.037) 0.010 0.116 0.010 0.009 
   3   (0.071) 0.084 0.050 0.020 0.055 
   4   (0.036) 0.008 0.089 0.010 0.009 
   5   (0.088) 0.100 0.067 0.169 0.021 
   6   (0.034) 0.006 0.091 0.010 0.008 
   7   (0.079) 0.019 0.149 0.058 0.057 
   8   (0.032) 0.005 0.034 0.009 0.008 
   9   (0.081) 0.067 0.070 0.023 0.134 
  10   (0.061) 0.064 0.011 0.162 0.014 
  11   (0.075) 0.279 0.020 0.129 0.018 
  12   (0.079) 0.197 0.021 0.166 0.019 
  13   (0.037) 0.006 0.006 0.119 0.009 
  14   (0.033) 0.005 0.006 0.045 0.008 
  15   (0.037) 0.006 0.006 0.010 0.161 
  16   (0.037) 0.006 0.006 0.010 0.123 
  17   (0.035) 0.006 0.006 0.010 0.085 
  18   (0.036) 0.006 0.006 0.010 0.123 
  19   (0.036) 0.006 0.006 0.010 0.123 

Locus 2 : locus2 
18 alleles
0.0% missing data
   1   (0.066) 0.016 0.171 0.018 0.054 
   2   (0.083) 0.021 0.306 0.023 0.096 
   3   (0.118) 0.159 0.157 0.033 0.181 
   4   (0.043) 0.012 0.057 0.012 0.010 
   5   (0.046) 0.010 0.086 0.013 0.011 
   6   (0.037) 0.006 0.033 0.010 0.009 
   7   (0.041) 0.011 0.058 0.011 0.010 
   8   (0.039) 0.007 0.034 0.011 0.009 
   9   (0.066) 0.093 0.015 0.018 0.092 
  10   (0.090) 0.462 0.022 0.025 0.136 
  11   (0.083) 0.127 0.014 0.023 0.287 
  12   (0.037) 0.035 0.006 0.010 0.009 
  13   (0.053) 0.009 0.009 0.304 0.012 
  14   (0.048) 0.008 0.008 0.303 0.011 
  15   (0.036) 0.006 0.006 0.046 0.009 
  16   (0.036) 0.006 0.006 0.046 0.009 
  17   (0.042) 0.007 0.007 0.084 0.010 
  18   (0.036) 0.006 0.006 0.010 0.047 

Locus 3 : locus3 
22 alleles
0.0% missing data
   1   (0.041) 0.011 0.196 0.011 0.010 
   2   (0.043) 0.009 0.144 0.012 0.010 
   3   (0.048) 0.011 0.253 0.013 0.011 
   4   (0.044) 0.010 0.087 0.012 0.010 
   5   (0.061) 0.014 0.090 0.053 0.014 
   6   (0.040) 0.009 0.087 0.011 0.009 
   7   (0.083) 0.235 0.016 0.023 0.287 
   8   (0.074) 0.092 0.016 0.020 0.209 
   9   (0.048) 0.254 0.013 0.013 0.011 
  10   (0.046) 0.168 0.015 0.013 0.011 
  11   (0.041) 0.088 0.009 0.011 0.010 
  12   (0.054) 0.037 0.009 0.015 0.051 
  13   (0.045) 0.007 0.008 0.229 0.011 
  14   (0.037) 0.006 0.006 0.119 0.009 
  15   (0.042) 0.007 0.007 0.156 0.010 
  16   (0.045) 0.007 0.008 0.157 0.011 
  17   (0.034) 0.006 0.006 0.045 0.008 
  18   (0.035) 0.006 0.006 0.046 0.008 
  19   (0.035) 0.006 0.006 0.010 0.085 
  20   (0.037) 0.006 0.006 0.010 0.123 
  21   (0.033) 0.005 0.006 0.009 0.046 
  22   (0.033) 0.005 0.006 0.009 0.046 

Locus 4 : locus4 
17 alleles
0.0% missing data
   1   (0.117) 0.061 0.282 0.033 0.333 
   2   (0.067) 0.022 0.139 0.019 0.054 
   3   (0.074) 0.160 0.114 0.021 0.018 
   4   (0.074) 0.166 0.164 0.020 0.017 
   5   (0.086) 0.087 0.053 0.024 0.173 
   6   (0.040) 0.008 0.115 0.011 0.009 
   7   (0.034) 0.006 0.033 0.010 0.008 
   8   (0.051) 0.036 0.009 0.014 0.050 
   9   (0.088) 0.042 0.015 0.314 0.059 
  10   (0.123) 0.315 0.034 0.106 0.220 
  11   (0.033) 0.033 0.006 0.009 0.008 
  12   (0.033) 0.033 0.006 0.009 0.008 
  13   (0.045) 0.008 0.008 0.193 0.011 
  14   (0.035) 0.006 0.006 0.082 0.008 
  15   (0.032) 0.005 0.005 0.045 0.008 
  16   (0.033) 0.005 0.006 0.045 0.008 
  17   (0.035) 0.006 0.006 0.046 0.008 

Locus 5 : locus5 
14 alleles
0.0% missing data
   1   (0.072) 0.019 0.278 0.020 0.055 
   2   (0.067) 0.017 0.196 0.019 0.054 
   3   (0.104) 0.022 0.259 0.065 0.139 
   4   (0.067) 0.015 0.089 0.091 0.016 
   5   (0.035) 0.006 0.033 0.010 0.008 
   6   (0.078) 0.230 0.023 0.022 0.095 
   7   (0.085) 0.213 0.014 0.204 0.020 
   8   (0.104) 0.128 0.021 0.137 0.140 
   9   (0.122) 0.177 0.033 0.214 0.105 
  10   (0.051) 0.037 0.009 0.014 0.050 
  11   (0.098) 0.065 0.024 0.172 0.099 
  12   (0.041) 0.059 0.011 0.011 0.010 
  13   (0.037) 0.006 0.006 0.010 0.085 
  14   (0.039) 0.007 0.006 0.011 0.124 

Locus 6 : locus6 
13 alleles
0.0% missing data
   1   (0.112) 0.022 0.100 0.212 0.141 
   2   (0.086) 0.382 0.138 0.024 0.020 
   3   (0.123) 0.028 0.243 0.143 0.143 
   4   (0.072) 0.082 0.166 0.020 0.017 
   5   (0.076) 0.012 0.042 0.093 0.056 
   6   (0.040) 0.010 0.061 0.011 0.009 
   7   (0.038) 0.006 0.064 0.011 0.009 
   8   (0.144) 0.162 0.107 0.112 0.187 
   9   (0.107) 0.063 0.027 0.283 0.102 
  10   (0.073) 0.212 0.028 0.020 0.055 
  11   (0.057) 0.009 0.010 0.052 0.128 
  12   (0.038) 0.006 0.007 0.011 0.085 
  13   (0.034) 0.005 0.006 0.009 0.046 

Locus 7 : locus7 
17 alleles
0.0% missing data
   1   (0.042) 0.010 0.271 0.012 0.010 
   2   (0.095) 0.084 0.167 0.026 0.137 
   3   (0.041) 0.011 0.136 0.011 0.010 
   4   (0.035) 0.010 0.055 0.010 0.008 
   5   (0.106) 0.190 0.124 0.138 0.025 
   6   (0.036) 0.010 0.055 0.010 0.009 
   7   (0.060) 0.023 0.078 0.017 0.052 
   8   (0.032) 0.035 0.005 0.009 0.008 
   9   (0.080) 0.096 0.017 0.058 0.134 
  10   (0.064) 0.095 0.013 0.018 0.129 
  11   (0.116) 0.136 0.019 0.285 0.218 
  12   (0.074) 0.095 0.016 0.274 0.018 
  13   (0.068) 0.120 0.018 0.019 0.131 
  14   (0.034) 0.064 0.006 0.009 0.008 
  15   (0.051) 0.009 0.008 0.050 0.050 
  16   (0.033) 0.006 0.005 0.045 0.008 
  17   (0.034) 0.006 0.006 0.009 0.046 

Locus 8 : locus8 
24 alleles
0.0% missing data
   1   (0.044) 0.013 0.276 0.012 0.010 
   2   (0.035) 0.007 0.198 0.010 0.008 
   3   (0.037) 0.009 0.141 0.010 0.009 
   4   (0.031) 0.005 0.033 0.009 0.007 
   5   (0.037) 0.013 0.081 0.010 0.009 
   6   (0.055) 0.009 0.036 0.233 0.013 
   7   (0.057) 0.009 0.065 0.197 0.014 
   8   (0.033) 0.005 0.033 0.009 0.008 
   9   (0.063) 0.145 0.016 0.090 0.015 
  10   (0.062) 0.171 0.018 0.017 0.091 
  11   (0.052) 0.147 0.011 0.015 0.050 
  12   (0.055) 0.119 0.012 0.015 0.051 
  13   (0.060) 0.203 0.013 0.017 0.090 
  14   (0.036) 0.058 0.010 0.010 0.009 
  15   (0.050) 0.036 0.009 0.086 0.012 
  16   (0.028) 0.005 0.005 0.044 0.007 
  17   (0.032) 0.005 0.005 0.081 0.008 
  18   (0.034) 0.006 0.006 0.082 0.008 
  19   (0.037) 0.006 0.006 0.010 0.200 
  20   (0.031) 0.005 0.005 0.009 0.122 
  21   (0.030) 0.005 0.005 0.008 0.045 
  22   (0.030) 0.005 0.005 0.008 0.045 
  23   (0.033) 0.006 0.006 0.009 0.084 
  24   (0.036) 0.006 0.006 0.010 0.085 

Locus 9 : locus9 
19 alleles
0.0% missing data
   1   (0.042) 0.010 0.171 0.012 0.010 
   2   (0.058) 0.009 0.066 0.016 0.090 
   3   (0.040) 0.007 0.118 0.011 0.010 
   4   (0.051) 0.008 0.037 0.014 0.050 
   5   (0.071) 0.015 0.092 0.020 0.170 
   6   (0.082) 0.026 0.140 0.023 0.210 
   7   (0.037) 0.006 0.034 0.010 0.009 
   8   (0.041) 0.010 0.059 0.011 0.010 
   9   (0.047) 0.013 0.169 0.013 0.011 
  10   (0.051) 0.283 0.012 0.014 0.012 
  11   (0.098) 0.342 0.024 0.244 0.023 
  12   (0.071) 0.067 0.012 0.164 0.017 
  13   (0.082) 0.116 0.022 0.240 0.019 
  14   (0.054) 0.059 0.014 0.051 0.013 
  15   (0.033) 0.005 0.006 0.081 0.008 
  16   (0.032) 0.005 0.005 0.045 0.008 
  17   (0.033) 0.005 0.006 0.009 0.084 
  18   (0.037) 0.006 0.006 0.010 0.123 
  19   (0.039) 0.006 0.007 0.011 0.124 

Locus 10 : locus10 
20 alleles
0.0% missing data
   1   (0.073) 0.149 0.180 0.020 0.017 
   2   (0.079) 0.020 0.198 0.167 0.019 
   3   (0.080) 0.368 0.132 0.022 0.019 
   4   (0.080) 0.017 0.092 0.058 0.096 
   5   (0.062) 0.016 0.197 0.017 0.052 
   6   (0.074) 0.117 0.047 0.021 0.056 
   7   (0.055) 0.015 0.059 0.051 0.013 
   8   (0.080) 0.227 0.024 0.022 0.209 
   9   (0.043) 0.007 0.007 0.265 0.010 
  10   (0.032) 0.005 0.005 0.045 0.008 
  11   (0.034) 0.006 0.006 0.082 0.008 
  12   (0.030) 0.005 0.005 0.045 0.007 
  13   (0.034) 0.006 0.006 0.082 0.008 
  14   (0.033) 0.005 0.006 0.045 0.008 
  15   (0.036) 0.006 0.006 0.010 0.123 
  16   (0.034) 0.006 0.006 0.009 0.046 
  17   (0.035) 0.006 0.006 0.010 0.047 
  18   (0.035) 0.006 0.006 0.010 0.085 
  19   (0.033) 0.006 0.006 0.009 0.046 
  20   (0.037) 0.006 0.006 0.010 0.123 

Locus 11 : locus11 
24 alleles
0.0% missing data
   1   (0.041) 0.014 0.136 0.011 0.010 
   2   (0.037) 0.009 0.278 0.010 0.009 
   3   (0.029) 0.005 0.032 0.008 0.007 
   4   (0.039) 0.009 0.168 0.011 0.009 
   5   (0.042) 0.013 0.111 0.012 0.010 
   6   (0.035) 0.006 0.061 0.010 0.008 
   7   (0.031) 0.005 0.033 0.009 0.007 
   8   (0.033) 0.005 0.033 0.009 0.008 
   9   (0.071) 0.234 0.015 0.020 0.170 
  10   (0.059) 0.091 0.013 0.016 0.090 
  11   (0.070) 0.205 0.015 0.020 0.246 
  12   (0.038) 0.144 0.010 0.011 0.009 
  13   (0.049) 0.036 0.008 0.086 0.012 
  14   (0.071) 0.084 0.024 0.236 0.017 
  15   (0.037) 0.058 0.010 0.010 0.009 
  16   (0.050) 0.036 0.008 0.014 0.088 
  17   (0.034) 0.006 0.006 0.118 0.008 
  18   (0.036) 0.006 0.006 0.191 0.009 
  19   (0.035) 0.006 0.006 0.082 0.008 
  20   (0.035) 0.006 0.006 0.046 0.008 
  21   (0.033) 0.005 0.005 0.045 0.008 
  22   (0.032) 0.005 0.005 0.009 0.045 
  23   (0.034) 0.006 0.006 0.009 0.161 
  24   (0.030) 0.005 0.005 0.008 0.045 

Locus 12 : locus12 
23 alleles
0.0% missing data
   1   (0.054) 0.010 0.150 0.051 0.013 
   2   (0.038) 0.007 0.177 0.011 0.009 
   3   (0.066) 0.047 0.087 0.055 0.016 
   4   (0.039) 0.012 0.143 0.011 0.009 
   5   (0.034) 0.007 0.118 0.009 0.008 
   6   (0.048) 0.008 0.037 0.013 0.050 
   7   (0.064) 0.021 0.085 0.163 0.015 
   8   (0.067) 0.082 0.050 0.055 0.016 
   9   (0.028) 0.005 0.033 0.008 0.007 
  10   (0.063) 0.189 0.022 0.090 0.015 
  11   (0.056) 0.143 0.012 0.088 0.013 
  12   (0.063) 0.329 0.019 0.053 0.015 
  13   (0.030) 0.032 0.005 0.008 0.007 
  14   (0.032) 0.059 0.006 0.009 0.008 
  15   (0.034) 0.006 0.006 0.082 0.008 
  16   (0.049) 0.008 0.008 0.086 0.049 
  17   (0.032) 0.005 0.006 0.117 0.008 
  18   (0.030) 0.005 0.005 0.045 0.007 
  19   (0.034) 0.005 0.006 0.009 0.122 
  20   (0.035) 0.006 0.006 0.010 0.123 
  21   (0.038) 0.006 0.007 0.010 0.200 
  22   (0.036) 0.006 0.006 0.010 0.199 
  23   (0.029) 0.005 0.005 0.008 0.083 

Locus 13 : locus13 
18 alleles
0.0% missing data
   1   (0.060) 0.012 0.148 0.053 0.014 
   2   (0.056) 0.044 0.114 0.015 0.013 
   3   (0.124) 0.414 0.180 0.143 0.029 
   4   (0.065) 0.011 0.095 0.126 0.015 
   5   (0.081) 0.053 0.057 0.131 0.019 
   6   (0.085) 0.024 0.227 0.205 0.020 
   7   (0.106) 0.212 0.100 0.138 0.025 
   8   (0.055) 0.059 0.015 0.051 0.013 
   9   (0.034) 0.033 0.006 0.009 0.008 
  10   (0.034) 0.033 0.006 0.009 0.008 
  11   (0.032) 0.033 0.006 0.009 0.008 
  12   (0.035) 0.033 0.006 0.010 0.008 
  13   (0.049) 0.008 0.008 0.049 0.050 
  14   (0.036) 0.006 0.006 0.010 0.123 
  15   (0.033) 0.005 0.006 0.009 0.046 
  16   (0.042) 0.007 0.007 0.012 0.277 
  17   (0.036) 0.006 0.006 0.010 0.199 
  18   (0.039) 0.006 0.007 0.011 0.124 

Locus 14 : locus14 
24 alleles
0.0% missing data
   1   (0.029) 0.005 0.031 0.008 0.007 
   2   (0.044) 0.012 0.188 0.012 0.010 
   3   (0.041) 0.011 0.294 0.011 0.010 
   4   (0.033) 0.006 0.085 0.009 0.008 
   5   (0.040) 0.013 0.160 0.011 0.010 
   6   (0.059) 0.126 0.063 0.016 0.014 
   7   (0.054) 0.125 0.062 0.015 0.013 
   8   (0.033) 0.094 0.005 0.009 0.008 
   9   (0.037) 0.094 0.006 0.010 0.009 
  10   (0.036) 0.121 0.007 0.010 0.008 
  11   (0.040) 0.268 0.009 0.011 0.010 
  12   (0.032) 0.035 0.005 0.009 0.008 
  13   (0.033) 0.006 0.005 0.045 0.008 
  14   (0.035) 0.006 0.006 0.082 0.008 
  15   (0.055) 0.010 0.009 0.051 0.243 
  16   (0.053) 0.009 0.009 0.123 0.051 
  17   (0.032) 0.006 0.005 0.045 0.008 
  18   (0.052) 0.009 0.008 0.050 0.165 
  19   (0.041) 0.007 0.007 0.120 0.010 
  20   (0.053) 0.009 0.009 0.123 0.089 
  21   (0.053) 0.009 0.009 0.087 0.127 
  22   (0.034) 0.006 0.005 0.082 0.008 
  23   (0.047) 0.008 0.008 0.049 0.049 
  24   (0.033) 0.006 0.005 0.009 0.122 

Locus 15 : locus15 
24 alleles
0.0% missing data
   1   (0.040) 0.009 0.279 0.011 0.009 
   2   (0.042) 0.010 0.388 0.012 0.010 
   3   (0.035) 0.008 0.086 0.010 0.008 
   4   (0.055) 0.009 0.036 0.124 0.013 
   5   (0.034) 0.010 0.057 0.010 0.008 
   6   (0.038) 0.201 0.009 0.010 0.009 
   7   (0.035) 0.088 0.008 0.010 0.008 
   8   (0.046) 0.200 0.012 0.013 0.011 
   9   (0.033) 0.034 0.006 0.009 0.008 
  10   (0.037) 0.114 0.011 0.010 0.009 
  11   (0.035) 0.082 0.013 0.010 0.008 
  12   (0.038) 0.062 0.006 0.010 0.009 
  13   (0.050) 0.036 0.009 0.087 0.012 
  14   (0.032) 0.033 0.005 0.009 0.008 
  15   (0.033) 0.034 0.006 0.009 0.008 
  16   (0.034) 0.006 0.006 0.118 0.008 
  17   (0.063) 0.011 0.011 0.090 0.206 
  18   (0.038) 0.006 0.006 0.083 0.009 
  19   (0.050) 0.008 0.008 0.049 0.088 
  20   (0.055) 0.009 0.009 0.051 0.166 
  21   (0.060) 0.010 0.010 0.089 0.243 
  22   (0.055) 0.009 0.009 0.160 0.051 
  23   (0.030) 0.005 0.005 0.008 0.045 
  24   (0.031) 0.005 0.005 0.009 0.046 

Locus 16 : locus16 
15 alleles
0.0% missing data
   1   (0.093) 0.045 0.041 0.316 0.022 
   2   (0.091) 0.167 0.353 0.025 0.022 
   3   (0.041) 0.007 0.113 0.012 0.010 
   4   (0.053) 0.023 0.235 0.015 0.012 
   5   (0.034) 0.006 0.032 0.010 0.008 
   6   (0.091) 0.092 0.051 0.134 0.022 
   7   (0.105) 0.211 0.054 0.137 0.025 
   8   (0.035) 0.006 0.032 0.010 0.008 
   9   (0.091) 0.098 0.020 0.061 0.136 
  10   (0.110) 0.100 0.023 0.102 0.217 
  11   (0.075) 0.213 0.016 0.093 0.018 
  12   (0.060) 0.010 0.010 0.052 0.129 
  13   (0.045) 0.008 0.007 0.013 0.239 
  14   (0.039) 0.007 0.006 0.011 0.086 
  15   (0.035) 0.006 0.006 0.010 0.046 

Locus 17 : locus17 
20 alleles
0.0% missing data
   1   (0.046) 0.012 0.285 0.013 0.011 
   2   (0.042) 0.008 0.146 0.012 0.010 
   3   (0.045) 0.011 0.144 0.013 0.011 
   4   (0.039) 0.006 0.091 0.011 0.009 
   5   (0.038) 0.010 0.059 0.010 0.009 
   6   (0.051) 0.036 0.037 0.014 0.012 
   7   (0.119) 0.034 0.088 0.250 0.143 
   8   (0.054) 0.009 0.037 0.015 0.089 
   9   (0.044) 0.389 0.011 0.012 0.010 
  10   (0.038) 0.086 0.009 0.011 0.009 
  11   (0.036) 0.057 0.010 0.010 0.009 
  12   (0.046) 0.195 0.013 0.013 0.011 
  13   (0.037) 0.061 0.006 0.010 0.009 
  14   (0.033) 0.033 0.006 0.009 0.008 
  15   (0.036) 0.006 0.006 0.082 0.008 
  16   (0.058) 0.010 0.010 0.089 0.129 
  17   (0.059) 0.010 0.010 0.161 0.052 
  18   (0.062) 0.010 0.011 0.125 0.091 
  19   (0.063) 0.010 0.011 0.053 0.320 
  20   (0.054) 0.009 0.009 0.088 0.051 

Locus 18 : locus18 
20 alleles
0.0% missing data
   1   (0.040) 0.009 0.113 0.011 0.009 
   2   (0.086) 0.030 0.323 0.024 0.135 
   3   (0.036) 0.006 0.114 0.010 0.008 
   4   (0.035) 0.006 0.060 0.010 0.008 
   5   (0.107) 0.380 0.188 0.030 0.063 
   6   (0.062) 0.010 0.037 0.017 0.283 
   7   (0.037) 0.010 0.056 0.010 0.009 
   8   (0.051) 0.037 0.008 0.086 0.012 
   9   (0.054) 0.062 0.014 0.015 0.051 
  10   (0.081) 0.269 0.016 0.023 0.210 
  11   (0.057) 0.092 0.013 0.016 0.052 
  12   (0.055) 0.038 0.009 0.124 0.013 
  13   (0.036) 0.006 0.006 0.082 0.009 
  14   (0.043) 0.007 0.007 0.156 0.010 
  15   (0.038) 0.007 0.006 0.083 0.009 
  16   (0.034) 0.006 0.006 0.045 0.008 
  17   (0.038) 0.007 0.006 0.119 0.009 
  18   (0.038) 0.006 0.006 0.083 0.009 
  19   (0.034) 0.006 0.006 0.046 0.008 
  20   (0.038) 0.007 0.006 0.011 0.085 

Locus 19 : locus19 
25 alleles
0.0% missing data
   1   (0.041) 0.014 0.294 0.011 0.010 
   2   (0.028) 0.005 0.058 0.008 0.007 
   3   (0.033) 0.007 0.111 0.009 0.008 
   4   (0.036) 0.011 0.108 0.010 0.009 
   5   (0.052) 0.038 0.116 0.014 0.012 
   6   (0.057) 0.099 0.087 0.016 0.013 
   7   (0.086) 0.117 0.106 0.024 0.135 
   8   (0.032) 0.120 0.007 0.009 0.008 
   9   (0.030) 0.059 0.008 0.008 0.007 
  10   (0.065) 0.210 0.014 0.018 0.168 
  11   (0.039) 0.148 0.009 0.011 0.009 
  12   (0.053) 0.038 0.009 0.015 0.318 
  13   (0.044) 0.036 0.007 0.012 0.087 
  14   (0.052) 0.038 0.009 0.014 0.127 
  15   (0.029) 0.005 0.005 0.044 0.007 
  16   (0.036) 0.006 0.006 0.155 0.008 
  17   (0.033) 0.006 0.005 0.081 0.008 
  18   (0.034) 0.006 0.006 0.082 0.008 
  19   (0.034) 0.006 0.006 0.082 0.008 
  20   (0.037) 0.006 0.006 0.119 0.009 
  21   (0.027) 0.005 0.004 0.044 0.007 
  22   (0.029) 0.005 0.005 0.044 0.007 
  23   (0.032) 0.005 0.005 0.081 0.007 
  24   (0.031) 0.005 0.005 0.045 0.007 
  25   (0.030) 0.005 0.005 0.044 0.007 

Locus 20 : locus20 
15 alleles
0.0% missing data
   1   (0.091) 0.054 0.086 0.062 0.059 
   2   (0.046) 0.010 0.249 0.013 0.011 
   3   (0.049) 0.015 0.218 0.014 0.012 
   4   (0.115) 0.037 0.137 0.140 0.218 
   5   (0.099) 0.120 0.081 0.172 0.023 
   6   (0.054) 0.038 0.063 0.015 0.013 
   7   (0.037) 0.011 0.055 0.010 0.009 
   8   (0.062) 0.149 0.015 0.053 0.015 
   9   (0.038) 0.059 0.011 0.011 0.009 
  10   (0.049) 0.037 0.008 0.050 0.012 
  11   (0.032) 0.034 0.005 0.009 0.008 
  12   (0.133) 0.299 0.032 0.145 0.261 
  13   (0.034) 0.034 0.006 0.009 0.008 
  14   (0.035) 0.034 0.006 0.010 0.008 
  15   (0.126) 0.069 0.029 0.288 0.335 

Locus 21 : locus21 
20 alleles
0.0% missing data
   1   (0.064) 0.355 0.101 0.018 0.015 
   2   (0.049) 0.008 0.067 0.050 0.012 
   3   (0.036) 0.006 0.064 0.010 0.008 
   4   (0.034) 0.005 0.064 0.009 0.008 
   5   (0.033) 0.007 0.091 0.009 0.008 
   6   (0.076) 0.230 0.210 0.021 0.018 
   7   (0.079) 0.018 0.066 0.130 0.057 
   8   (0.036) 0.009 0.061 0.010 0.009 
   9   (0.073) 0.015 0.096 0.093 0.055 
  10   (0.056) 0.076 0.082 0.016 0.013 
  11   (0.037) 0.084 0.010 0.010 0.009 
  12   (0.041) 0.077 0.017 0.011 0.010 
  13   (0.035) 0.055 0.010 0.010 0.008 
  14   (0.041) 0.006 0.007 0.192 0.010 
  15   (0.056) 0.009 0.010 0.051 0.166 
  16   (0.060) 0.009 0.011 0.089 0.167 
  17   (0.056) 0.009 0.010 0.124 0.090 
  18   (0.055) 0.009 0.010 0.087 0.166 
  19   (0.048) 0.008 0.008 0.049 0.088 
  20   (0.036) 0.006 0.006 0.010 0.085 

Locus 22 : locus22 
16 alleles
0.0% missing data
   1   (0.042) 0.009 0.143 0.012 0.010 
   2   (0.085) 0.028 0.138 0.060 0.058 
   3   (0.095) 0.067 0.158 0.026 0.137 
   4   (0.077) 0.326 0.091 0.021 0.018 
   5   (0.084) 0.020 0.063 0.096 0.058 
   6   (0.039) 0.007 0.062 0.011 0.009 
   7   (0.064) 0.198 0.048 0.018 0.015 
   8   (0.071) 0.017 0.061 0.020 0.208 
   9   (0.096) 0.021 0.093 0.135 0.099 
  10   (0.077) 0.263 0.098 0.021 0.018 
  11   (0.074) 0.012 0.012 0.128 0.208 
  12   (0.039) 0.007 0.007 0.083 0.009 
  13   (0.045) 0.007 0.008 0.229 0.011 
  14   (0.038) 0.006 0.006 0.083 0.009 
  15   (0.034) 0.006 0.006 0.046 0.008 
  16   (0.041) 0.007 0.007 0.011 0.124 

Locus 23 : locus23 
17 alleles
0.0% missing data
   1   (0.088) 0.022 0.145 0.060 0.174 
   2   (0.044) 0.009 0.280 0.012 0.011 
   3   (0.082) 0.021 0.062 0.095 0.096 
   4   (0.083) 0.023 0.170 0.059 0.057 
   5   (0.109) 0.022 0.124 0.138 0.255 
   6   (0.093) 0.166 0.114 0.098 0.022 
   7   (0.037) 0.119 0.006 0.010 0.009 
   8   (0.038) 0.059 0.010 0.011 0.009 
   9   (0.036) 0.063 0.006 0.010 0.009 
  10   (0.088) 0.178 0.021 0.097 0.059 
  11   (0.067) 0.172 0.019 0.091 0.016 
  12   (0.032) 0.033 0.005 0.009 0.008 
  13   (0.037) 0.059 0.010 0.010 0.009 
  14   (0.031) 0.033 0.005 0.009 0.007 
  15   (0.064) 0.011 0.011 0.235 0.092 
  16   (0.031) 0.005 0.005 0.045 0.007 
  17   (0.038) 0.006 0.006 0.011 0.161 

Locus 24 : locus24 
18 alleles
0.0% missing data
   1   (0.080) 0.345 0.182 0.022 0.019 
   2   (0.031) 0.005 0.033 0.009 0.007 
   3   (0.107) 0.024 0.178 0.174 0.101 
   4   (0.070) 0.163 0.165 0.019 0.017 
   5   (0.079) 0.013 0.041 0.131 0.095 
   6   (0.034) 0.006 0.033 0.009 0.008 
   7   (0.061) 0.014 0.090 0.089 0.014 
   8   (0.041) 0.015 0.082 0.011 0.010 
   9   (0.062) 0.110 0.078 0.017 0.015 
  10   (0.051) 0.050 0.050 0.014 0.012 
  11   (0.052) 0.036 0.009 0.014 0.089 
  12   (0.043) 0.143 0.011 0.012 0.010 
  13   (0.031) 0.033 0.005 0.009 0.007 
  14   (0.058) 0.010 0.010 0.125 0.090 
  15   (0.066) 0.011 0.011 0.235 0.092 
  16   (0.058) 0.010 0.010 0.088 0.090 
  17   (0.036) 0.006 0.006 0.010 0.161 
  18   (0.041) 0.007 0.007 0.011 0.162 

Locus 25 : locus25 
17 alleles
0.0% missing data
   1   (0.096) 0.021 0.185 0.099 0.137 
   2   (0.034) 0.005 0.064 0.009 0.008 
   3   (0.058) 0.109 0.047 0.016 0.014 
   4   (0.081) 0.015 0.157 0.058 0.095 
   5   (0.072) 0.335 0.125 0.020 0.017 
   6   (0.059) 0.014 0.063 0.089 0.014 
   7   (0.099) 0.183 0.152 0.099 0.023 
   8   (0.087) 0.014 0.073 0.169 0.097 
   9   (0.083) 0.013 0.072 0.095 0.173 
  10   (0.058) 0.194 0.014 0.052 0.014 
  11   (0.051) 0.035 0.009 0.087 0.012 
  12   (0.031) 0.032 0.006 0.009 0.007 
  13   (0.032) 0.005 0.006 0.045 0.008 
  14   (0.054) 0.009 0.009 0.123 0.051 
  15   (0.034) 0.005 0.006 0.009 0.122 
  16   (0.036) 0.006 0.006 0.010 0.123 
  17   (0.035) 0.006 0.006 0.010 0.085 

Locus 26 : locus26 
28 alleles
0.0% missing data
   1   (0.029) 0.005 0.061 0.008 0.007 
   2   (0.035) 0.006 0.034 0.010 0.008 
   3   (0.036) 0.009 0.199 0.010 0.009 
   4   (0.030) 0.006 0.116 0.008 0.007 
   5   (0.049) 0.012 0.060 0.049 0.012 
   6   (0.031) 0.008 0.058 0.009 0.007 
   7   (0.032) 0.005 0.090 0.009 0.008 
   8   (0.031) 0.007 0.116 0.009 0.007 
   9   (0.055) 0.098 0.059 0.015 0.013 
  10   (0.034) 0.012 0.083 0.009 0.008 
  11   (0.033) 0.224 0.007 0.009 0.008 
  12   (0.030) 0.057 0.008 0.008 0.007 
  13   (0.066) 0.334 0.018 0.018 0.053 
  14   (0.056) 0.116 0.012 0.015 0.166 
  15   (0.041) 0.034 0.007 0.011 0.048 
  16   (0.034) 0.006 0.006 0.226 0.008 
  17   (0.036) 0.006 0.006 0.155 0.008 
  18   (0.031) 0.005 0.005 0.045 0.007 
  19   (0.030) 0.005 0.005 0.081 0.007 
  20   (0.035) 0.006 0.006 0.046 0.008 
  21   (0.031) 0.005 0.005 0.081 0.007 
  22   (0.031) 0.005 0.005 0.045 0.007 
  23   (0.032) 0.005 0.006 0.045 0.008 
  24   (0.028) 0.005 0.005 0.044 0.006 
  25   (0.025) 0.004 0.004 0.007 0.044 
  26   (0.035) 0.006 0.006 0.010 0.161 
  27   (0.035) 0.006 0.006 0.010 0.237 
  28   (0.031) 0.005 0.005 0.008 0.122 

Locus 27 : locus27 
18 alleles
0.0% missing data
   1   (0.039) 0.012 0.163 0.011 0.009 
   2   (0.029) 0.005 0.032 0.008 0.007 
   3   (0.077) 0.013 0.067 0.130 0.133 
   4   (0.034) 0.008 0.084 0.009 0.008 
   5   (0.035) 0.008 0.112 0.010 0.008 
   6   (0.072) 0.012 0.039 0.129 0.093 
   7   (0.034) 0.009 0.056 0.009 0.008 
   8   (0.034) 0.008 0.084 0.009 0.008 
   9   (0.103) 0.073 0.072 0.173 0.101 
  10   (0.074) 0.225 0.055 0.020 0.055 
  11   (0.066) 0.053 0.052 0.018 0.092 
  12   (0.029) 0.005 0.032 0.008 0.007 
  13   (0.034) 0.013 0.079 0.009 0.008 
  14   (0.091) 0.187 0.015 0.133 0.174 
  15   (0.045) 0.036 0.008 0.049 0.011 
  16   (0.098) 0.239 0.023 0.172 0.138 
  17   (0.077) 0.087 0.024 0.057 0.133 
  18   (0.030) 0.005 0.005 0.044 0.007 

Locus 28 : locus28 
18 alleles
0.0% missing data
   1   (0.039) 0.011 0.057 0.011 0.009 
   2   (0.030) 0.005 0.032 0.008 0.007 
   3   (0.073) 0.017 0.281 0.092 0.017 
   4   (0.044) 0.012 0.195 0.012 0.011 
   5   (0.043) 0.011 0.194 0.012 0.010 
   6   (0.035) 0.006 0.033 0.010 0.008 
   7   (0.061) 0.010 0.065 0.089 0.014 
   8   (0.112) 0.240 0.024 0.103 0.218 
   9   (0.071) 0.203 0.018 0.020 0.093 
  10   (0.034) 0.034 0.006 0.009 0.008 
  11   (0.059) 0.091 0.013 0.052 0.014 
  12   (0.103) 0.180 0.023 0.101 0.215 
  13   (0.062) 0.061 0.016 0.017 0.167 
  14   (0.064) 0.091 0.015 0.018 0.129 
  15   (0.058) 0.010 0.010 0.125 0.052 
  16   (0.040) 0.007 0.007 0.120 0.010 
  17   (0.038) 0.006 0.006 0.155 0.009 
  18   (0.033) 0.005 0.005 0.045 0.008 

Locus 29 : locus29 
20 alleles
0.0% missing data
   1   (0.039) 0.010 0.142 0.011 0.009 
   2   (0.080) 0.069 0.069 0.022 0.134 
   3   (0.039) 0.009 0.170 0.011 0.009 
   4   (0.037) 0.008 0.087 0.010 0.009 
   5   (0.051) 0.062 0.066 0.014 0.012 
   6   (0.038) 0.008 0.199 0.011 0.009 
   7   (0.063) 0.052 0.052 0.018 0.053 
   8   (0.097) 0.421 0.112 0.027 0.099 
   9   (0.056) 0.119 0.012 0.015 0.051 
  10   (0.061) 0.060 0.016 0.126 0.014 
  11   (0.037) 0.116 0.008 0.010 0.009 
  12   (0.032) 0.005 0.006 0.081 0.008 
  13   (0.031) 0.005 0.005 0.045 0.007 
  14   (0.054) 0.009 0.009 0.087 0.089 
  15   (0.059) 0.010 0.010 0.125 0.128 
  16   (0.035) 0.006 0.006 0.118 0.008 
  17   (0.033) 0.005 0.006 0.045 0.008 
  18   (0.053) 0.009 0.009 0.087 0.089 
  19   (0.056) 0.009 0.010 0.088 0.128 
  20   (0.050) 0.008 0.008 0.050 0.126 

Locus 30 : locus30 
25 alleles
0.0% missing data
   1   (0.095) 0.202 0.190 0.135 0.022 
   2   (0.054) 0.017 0.217 0.051 0.013 
   3   (0.056) 0.039 0.036 0.052 0.013 
   4   (0.057) 0.010 0.063 0.232 0.013 
   5   (0.053) 0.176 0.121 0.015 0.012 
   6   (0.033) 0.010 0.109 0.009 0.008 
   7   (0.045) 0.050 0.048 0.013 0.011 
   8   (0.052) 0.180 0.063 0.014 0.012 
   9   (0.052) 0.117 0.042 0.015 0.012 
  10   (0.048) 0.066 0.035 0.013 0.011 
  11   (0.028) 0.062 0.005 0.008 0.007 
  12   (0.038) 0.006 0.006 0.228 0.009 
  13   (0.030) 0.005 0.005 0.044 0.007 
  14   (0.030) 0.005 0.005 0.081 0.007 
  15   (0.030) 0.005 0.005 0.008 0.083 
  16   (0.035) 0.006 0.006 0.010 0.161 
  17   (0.027) 0.005 0.004 0.007 0.044 
  18   (0.032) 0.005 0.005 0.009 0.122 
  19   (0.034) 0.006 0.006 0.010 0.161 
  20   (0.031) 0.005 0.005 0.009 0.046 
  21   (0.028) 0.005 0.005 0.008 0.045 
  22   (0.025) 0.004 0.004 0.007 0.044 
  23   (0.027) 0.005 0.005 0.008 0.044 
  24   (0.031) 0.005 0.005 0.008 0.045 
  25   (0.028) 0.005 0.005 0.008 0.045 

Locus 31 : locus31 
16 alleles
0.0% missing data
   1   (0.148) 0.282 0.157 0.077 0.187 
   2   (0.100) 0.286 0.110 0.064 0.024 
   3   (0.041) 0.007 0.117 0.011 0.010 
   4   (0.069) 0.096 0.176 0.019 0.016 
   5   (0.032) 0.005 0.033 0.009 0.008 
   6   (0.033) 0.005 0.033 0.009 0.008 
   7   (0.049) 0.017 0.193 0.014 0.012 
   8   (0.068) 0.017 0.061 0.127 0.016 
   9   (0.057) 0.082 0.048 0.016 0.013 
  10   (0.092) 0.095 0.020 0.134 0.060 
  11   (0.082) 0.042 0.014 0.095 0.134 
  12   (0.059) 0.038 0.010 0.016 0.205 
  13   (0.047) 0.008 0.008 0.266 0.011 
  14   (0.042) 0.007 0.007 0.120 0.010 
  15   (0.040) 0.007 0.007 0.011 0.124 
  16   (0.040) 0.007 0.007 0.011 0.162 

Locus 32 : locus32 
21 alleles
0.0% missing data
   1   (0.048) 0.014 0.299 0.013 0.011 
   2   (0.042) 0.011 0.139 0.012 0.010 
   3   (0.064) 0.051 0.189 0.018 0.015 
   4   (0.030) 0.005 0.032 0.008 0.007 
   5   (0.042) 0.011 0.138 0.012 0.010 
   6   (0.034) 0.006 0.033 0.010 0.008 
   7   (0.049) 0.037 0.035 0.014 0.012 
   8   (0.045) 0.203 0.012 0.013 0.011 
   9   (0.057) 0.092 0.013 0.016 0.051 
  10   (0.041) 0.174 0.011 0.011 0.010 
  11   (0.082) 0.071 0.014 0.059 0.172 
  12   (0.039) 0.150 0.007 0.011 0.009 
  13   (0.037) 0.059 0.010 0.010 0.009 
  14   (0.061) 0.062 0.015 0.089 0.014 
  15   (0.039) 0.007 0.006 0.191 0.009 
  16   (0.040) 0.007 0.007 0.156 0.009 
  17   (0.039) 0.007 0.006 0.120 0.009 
  18   (0.055) 0.009 0.009 0.051 0.128 
  19   (0.059) 0.010 0.010 0.052 0.166 
  20   (0.035) 0.006 0.006 0.082 0.008 
  21   (0.062) 0.010 0.010 0.053 0.320 

Locus 33 : locus33 
21 alleles
0.0% missing data
   1   (0.041) 0.009 0.088 0.011 0.010 
   2   (0.036) 0.006 0.034 0.010 0.009 
   3   (0.134) 0.030 0.265 0.399 0.146 
   4   (0.118) 0.029 0.205 0.141 0.218 
   5   (0.048) 0.012 0.226 0.013 0.011 
   6   (0.057) 0.010 0.037 0.016 0.167 
   7   (0.059) 0.010 0.038 0.016 0.129 
   8   (0.030) 0.033 0.005 0.008 0.007 
   9   (0.035) 0.057 0.010 0.010 0.008 
  10   (0.040) 0.145 0.008 0.011 0.010 
  11   (0.038) 0.087 0.009 0.010 0.009 
  12   (0.041) 0.199 0.009 0.011 0.010 
  13   (0.035) 0.057 0.010 0.010 0.008 
  14   (0.040) 0.057 0.011 0.011 0.010 
  15   (0.040) 0.226 0.010 0.011 0.010 
  16   (0.040) 0.007 0.007 0.119 0.009 
  17   (0.032) 0.005 0.005 0.045 0.008 
  18   (0.032) 0.005 0.005 0.045 0.008 
  19   (0.035) 0.006 0.006 0.082 0.008 
  20   (0.036) 0.006 0.006 0.010 0.161 
  21   (0.033) 0.005 0.006 0.009 0.046 

Locus 34 : locus34 
21 alleles
0.0% missing data
   1   (0.056) 0.009 0.037 0.016 0.167 
   2   (0.051) 0.009 0.036 0.014 0.089 
   3   (0.037) 0.006 0.089 0.010 0.009 
   4   (0.034) 0.008 0.086 0.009 0.008 
   5   (0.088) 0.088 0.053 0.206 0.021 
   6   (0.064) 0.021 0.247 0.018 0.053 
   7   (0.045) 0.012 0.250 0.012 0.011 
   8   (0.066) 0.011 0.066 0.018 0.206 
   9   (0.035) 0.006 0.033 0.010 0.008 
  10   (0.067) 0.204 0.015 0.091 0.016 
  11   (0.062) 0.060 0.016 0.126 0.015 
  12   (0.046) 0.339 0.014 0.013 0.011 
  13   (0.074) 0.153 0.013 0.201 0.018 
  14   (0.032) 0.033 0.005 0.009 0.008 
  15   (0.038) 0.006 0.006 0.119 0.009 
  16   (0.033) 0.005 0.006 0.081 0.008 
  17   (0.031) 0.005 0.005 0.009 0.045 
  18   (0.035) 0.006 0.006 0.010 0.084 
  19   (0.037) 0.006 0.006 0.010 0.123 
  20   (0.034) 0.006 0.006 0.009 0.046 
  21   (0.034) 0.006 0.006 0.010 0.046 

Locus 35 : locus35 
21 alleles
0.0% missing data
   1   (0.033) 0.005 0.062 0.009 0.008 
   2   (0.061) 0.068 0.118 0.017 0.014 
   3   (0.066) 0.013 0.149 0.018 0.092 
   4   (0.072) 0.017 0.147 0.020 0.170 
   5   (0.048) 0.035 0.036 0.013 0.011 
   6   (0.041) 0.010 0.143 0.011 0.010 
   7   (0.098) 0.023 0.148 0.063 0.291 
   8   (0.063) 0.117 0.069 0.018 0.015 
   9   (0.061) 0.281 0.045 0.017 0.015 
  10   (0.044) 0.363 0.012 0.012 0.011 
  11   (0.039) 0.006 0.007 0.192 0.009 
  12   (0.033) 0.005 0.006 0.045 0.008 
  13   (0.040) 0.007 0.007 0.120 0.010 
  14   (0.047) 0.008 0.008 0.049 0.049 
  15   (0.037) 0.006 0.006 0.118 0.009 
  16   (0.057) 0.009 0.010 0.088 0.090 
  17   (0.029) 0.005 0.005 0.044 0.007 
  18   (0.031) 0.005 0.005 0.045 0.007 
  19   (0.031) 0.005 0.005 0.045 0.007 
  20   (0.029) 0.005 0.005 0.044 0.007 
  21   (0.039) 0.006 0.007 0.011 0.162 

Locus 36 : locus36 
21 alleles
0.0% missing data
   1   (0.040) 0.010 0.247 0.011 0.010 
   2   (0.032) 0.006 0.032 0.009 0.008 
   3   (0.065) 0.115 0.235 0.018 0.015 
   4   (0.032) 0.005 0.032 0.009 0.008 
   5   (0.097) 0.232 0.083 0.027 0.138 
   6   (0.056) 0.068 0.115 0.016 0.013 
   7   (0.076) 0.075 0.115 0.021 0.056 
   8   (0.032) 0.006 0.032 0.009 0.008 
   9   (0.038) 0.093 0.006 0.011 0.009 
  10   (0.033) 0.034 0.005 0.009 0.008 
  11   (0.064) 0.093 0.014 0.018 0.206 
  12   (0.065) 0.144 0.021 0.090 0.015 
  13   (0.037) 0.064 0.006 0.010 0.009 
  14   (0.038) 0.006 0.006 0.083 0.009 
  15   (0.041) 0.007 0.007 0.192 0.010 
  16   (0.037) 0.006 0.006 0.155 0.009 
  17   (0.056) 0.010 0.009 0.160 0.051 
  18   (0.058) 0.010 0.010 0.089 0.166 
  19   (0.031) 0.005 0.005 0.045 0.007 
  20   (0.039) 0.007 0.006 0.011 0.200 
  21   (0.032) 0.006 0.005 0.009 0.046 

Locus 37 : locus37 
24 alleles
0.0% missing data
   1   (0.050) 0.016 0.084 0.050 0.012 
   2   (0.046) 0.010 0.117 0.049 0.011 
   3   (0.036) 0.008 0.170 0.010 0.008 
   4   (0.086) 0.022 0.201 0.060 0.250 
   5   (0.052) 0.011 0.118 0.015 0.050 
   6   (0.048) 0.008 0.092 0.049 0.011 
   7   (0.061) 0.014 0.090 0.198 0.014 
   8   (0.064) 0.228 0.016 0.126 0.015 
   9   (0.029) 0.033 0.005 0.008 0.007 
  10   (0.033) 0.143 0.007 0.009 0.008 
  11   (0.035) 0.086 0.009 0.010 0.008 
  12   (0.036) 0.168 0.011 0.010 0.008 
  13   (0.046) 0.063 0.008 0.049 0.011 
  14   (0.054) 0.059 0.015 0.160 0.013 
  15   (0.027) 0.032 0.005 0.007 0.006 
  16   (0.029) 0.056 0.009 0.008 0.007 
  17   (0.027) 0.004 0.005 0.044 0.006 
  18   (0.044) 0.007 0.007 0.048 0.087 
  19   (0.047) 0.008 0.008 0.049 0.164 
  20   (0.030) 0.005 0.005 0.008 0.083 
  21   (0.029) 0.005 0.005 0.008 0.045 
  22   (0.031) 0.005 0.005 0.009 0.084 
  23   (0.030) 0.005 0.005 0.008 0.045 
  24   (0.029) 0.005 0.005 0.008 0.045 

Locus 38 : locus38 
21 alleles
0.0% missing data
   1   (0.036) 0.006 0.062 0.010 0.008 
   2   (0.038) 0.006 0.118 0.011 0.009 
   3   (0.046) 0.012 0.253 0.013 0.011 
   4   (0.058) 0.015 0.060 0.052 0.014 
   5   (0.039) 0.009 0.088 0.011 0.009 
   6   (0.072) 0.020 0.226 0.020 0.055 
   7   (0.036) 0.006 0.062 0.010 0.008 
   8   (0.045) 0.281 0.012 0.013 0.011 
   9   (0.057) 0.037 0.010 0.016 0.129 
  10   (0.064) 0.201 0.015 0.018 0.053 
  11   (0.042) 0.144 0.009 0.012 0.010 
  12   (0.049) 0.168 0.015 0.013 0.011 
  13   (0.032) 0.033 0.006 0.009 0.008 
  14   (0.046) 0.008 0.008 0.266 0.011 
  15   (0.038) 0.006 0.006 0.083 0.009 
  16   (0.039) 0.006 0.007 0.155 0.009 
  17   (0.061) 0.010 0.010 0.089 0.091 
  18   (0.073) 0.012 0.013 0.092 0.285 
  19   (0.055) 0.009 0.009 0.088 0.051 
  20   (0.038) 0.006 0.007 0.011 0.124 
  21   (0.037) 0.006 0.006 0.010 0.085 

Locus 39 : locus39 
18 alleles
0.0% missing data
   1   (0.068) 0.015 0.174 0.019 0.093 
   2   (0.065) 0.013 0.230 0.054 0.015 
   3   (0.066) 0.015 0.173 0.091 0.016 
   4   (0.069) 0.017 0.061 0.019 0.245 
   5   (0.034) 0.006 0.034 0.010 0.008 
   6   (0.059) 0.015 0.060 0.089 0.014 
   7   (0.042) 0.012 0.112 0.012 0.010 
   8   (0.048) 0.008 0.036 0.049 0.011 
   9   (0.045) 0.341 0.010 0.013 0.011 
  10   (0.077) 0.200 0.021 0.166 0.018 
  11   (0.080) 0.041 0.014 0.058 0.210 
  12   (0.052) 0.036 0.009 0.087 0.012 
  13   (0.037) 0.057 0.010 0.010 0.009 
  14   (0.039) 0.087 0.009 0.011 0.009 
  15   (0.080) 0.041 0.014 0.095 0.133 
  16   (0.071) 0.084 0.023 0.164 0.017 
  17   (0.030) 0.005 0.005 0.044 0.007 
  18   (0.038) 0.006 0.006 0.011 0.162 

Locus 40 : locus40 
24 alleles
0.0% missing data
   1   (0.035) 0.011 0.165 0.010 0.008 
   2   (0.033) 0.006 0.033 0.009 0.008 
   3   (0.078) 0.234 0.264 0.021 0.018 
   4   (0.059) 0.088 0.151 0.016 0.014 
   5   (0.049) 0.036 0.063 0.014 0.012 
   6   (0.054) 0.197 0.047 0.015 0.013 
   7   (0.035) 0.006 0.061 0.010 0.008 
   8   (0.032) 0.009 0.057 0.009 0.008 
   9   (0.063) 0.210 0.062 0.017 0.015 
  10   (0.030) 0.033 0.005 0.008 0.007 
  11   (0.033) 0.059 0.009 0.009 0.008 
  12   (0.031) 0.033 0.005 0.009 0.007 
  13   (0.055) 0.009 0.009 0.196 0.051 
  14   (0.032) 0.005 0.005 0.045 0.008 
  15   (0.038) 0.006 0.006 0.119 0.009 
  16   (0.059) 0.010 0.010 0.306 0.052 
  17   (0.051) 0.009 0.009 0.050 0.127 
  18   (0.036) 0.006 0.006 0.082 0.008 
  19   (0.032) 0.005 0.005 0.009 0.046 
  20   (0.029) 0.005 0.005 0.008 0.045 
  21   (0.037) 0.006 0.006 0.010 0.238 
  22   (0.030) 0.005 0.005 0.008 0.045 
  23   (0.035) 0.006 0.006 0.010 0.199 
  24   (0.034) 0.006 0.006 0.010 0.046 

Locus 41 : locus41 
15 alleles
0.0% missing data
   1   (0.039) 0.007 0.087 0.011 0.009 
   2   (0.074) 0.172 0.132 0.021 0.018 
   3   (0.079) 0.021 0.195 0.022 0.133 
   4   (0.083) 0.021 0.142 0.023 0.287 
   5   (0.047) 0.020 0.104 0.013 0.011 
   6   (0.079) 0.056 0.054 0.094 0.019 
   7   (0.114) 0.029 0.145 0.140 0.142 
   8   (0.105) 0.345 0.060 0.029 0.140 
   9   (0.076) 0.086 0.024 0.166 0.018 
  10   (0.104) 0.182 0.024 0.101 0.139 
  11   (0.055) 0.038 0.009 0.088 0.013 
  12   (0.037) 0.006 0.006 0.083 0.009 
  13   (0.042) 0.007 0.007 0.156 0.010 
  14   (0.033) 0.006 0.006 0.045 0.008 
  15   (0.033) 0.005 0.005 0.009 0.046 

Locus 42 : locus42 
27 alleles
0.0% missing data
   1   (0.037) 0.010 0.196 0.010 0.009 
   2   (0.028) 0.005 0.032 0.008 0.007 
   3   (0.052) 0.010 0.145 0.014 0.050 
   4   (0.037) 0.014 0.082 0.010 0.009 
   5   (0.038) 0.007 0.143 0.011 0.009 
   6   (0.055) 0.066 0.118 0.015 0.013 
   7   (0.051) 0.008 0.064 0.014 0.050 
   8   (0.050) 0.013 0.059 0.014 0.050 
   9   (0.028) 0.005 0.032 0.008 0.007 
  10   (0.032) 0.033 0.005 0.009 0.008 
  11   (0.033) 0.061 0.006 0.009 0.008 
  12   (0.039) 0.145 0.008 0.011 0.009 
  13   (0.033) 0.113 0.010 0.009 0.008 
  14   (0.035) 0.256 0.008 0.010 0.008 
  15   (0.037) 0.081 0.014 0.010 0.009 
  16   (0.032) 0.058 0.009 0.009 0.008 
  17   (0.035) 0.057 0.010 0.010 0.008 
  18   (0.040) 0.007 0.007 0.336 0.010 
  19   (0.038) 0.006 0.006 0.155 0.009 
  20   (0.034) 0.006 0.006 0.082 0.008 
  21   (0.029) 0.005 0.005 0.044 0.007 
  22   (0.030) 0.005 0.005 0.080 0.007 
  23   (0.031) 0.005 0.005 0.081 0.007 
  24   (0.036) 0.006 0.006 0.010 0.161 
  25   (0.041) 0.007 0.007 0.011 0.315 
  26   (0.035) 0.006 0.006 0.010 0.123 
  27   (0.034) 0.006 0.006 0.009 0.084 

Locus 43 : locus43 
17 alleles
0.0% missing data
   1   (0.077) 0.162 0.167 0.021 0.018 
   2   (0.092) 0.182 0.374 0.026 0.022 
   3   (0.077) 0.138 0.139 0.021 0.018 
   4   (0.125) 0.170 0.205 0.035 0.221 
   5   (0.061) 0.037 0.010 0.017 0.168 
   6   (0.045) 0.114 0.013 0.012 0.011 
   7   (0.065) 0.120 0.014 0.018 0.053 
   8   (0.038) 0.006 0.006 0.083 0.009 
   9   (0.062) 0.010 0.011 0.090 0.091 
  10   (0.063) 0.011 0.011 0.090 0.129 
  11   (0.040) 0.007 0.007 0.119 0.009 
  12   (0.035) 0.006 0.006 0.046 0.008 
  13   (0.078) 0.013 0.013 0.275 0.133 
  14   (0.040) 0.007 0.007 0.083 0.009 
  15   (0.034) 0.006 0.006 0.045 0.008 
  16   (0.034) 0.006 0.006 0.009 0.046 
  17   (0.035) 0.006 0.006 0.010 0.046 

Locus 44 : locus44 
20 alleles
0.0% missing data
   1   (0.050) 0.008 0.036 0.086 0.012 
   2   (0.065) 0.013 0.146 0.163 0.015 
   3   (0.060) 0.015 0.308 0.017 0.052 
   4   (0.060) 0.018 0.167 0.053 0.014 
   5   (0.036) 0.008 0.086 0.010 0.008 
   6   (0.033) 0.005 0.060 0.009 0.008 
   7   (0.063) 0.016 0.060 0.053 0.053 
   8   (0.065) 0.121 0.014 0.018 0.206 
   9   (0.079) 0.231 0.020 0.058 0.057 
  10   (0.057) 0.261 0.012 0.052 0.014 
  11   (0.054) 0.090 0.013 0.015 0.089 
  12   (0.081) 0.064 0.019 0.204 0.057 
  13   (0.061) 0.084 0.020 0.017 0.167 
  14   (0.050) 0.036 0.009 0.014 0.126 
  15   (0.033) 0.006 0.006 0.082 0.008 
  16   (0.031) 0.005 0.005 0.045 0.007 
  17   (0.030) 0.005 0.005 0.044 0.007 
  18   (0.030) 0.005 0.005 0.045 0.007 
  19   (0.030) 0.005 0.005 0.008 0.045 
  20   (0.032) 0.005 0.005 0.009 0.046 

Locus 45 : locus45 
20 alleles
0.0% missing data
   1   (0.042) 0.007 0.173 0.012 0.010 
   2   (0.031) 0.005 0.033 0.009 0.007 
   3   (0.065) 0.017 0.115 0.054 0.015 
   4   (0.060) 0.017 0.113 0.017 0.052 
   5   (0.045) 0.012 0.334 0.012 0.011 
   6   (0.037) 0.010 0.058 0.010 0.009 
   7   (0.036) 0.006 0.034 0.010 0.008 
   8   (0.035) 0.117 0.006 0.010 0.008 
   9   (0.046) 0.229 0.010 0.013 0.011 
  10   (0.045) 0.283 0.012 0.013 0.011 
  11   (0.081) 0.041 0.014 0.131 0.095 
  12   (0.044) 0.105 0.020 0.012 0.010 
  13   (0.090) 0.093 0.021 0.134 0.059 
  14   (0.061) 0.010 0.010 0.125 0.091 
  15   (0.064) 0.011 0.011 0.234 0.091 
  16   (0.057) 0.009 0.010 0.052 0.167 
  17   (0.056) 0.009 0.009 0.124 0.051 
  18   (0.038) 0.006 0.006 0.011 0.085 
  19   (0.036) 0.006 0.006 0.010 0.161 
  20   (0.033) 0.005 0.006 0.009 0.046 

Locus 46 : locus46 
19 alleles
0.0% missing data
   1   (0.115) 0.100 0.390 0.032 0.180 
   2   (0.061) 0.010 0.068 0.125 0.015 
   3   (0.091) 0.369 0.070 0.025 0.060 
   4   (0.059) 0.114 0.071 0.017 0.014 
   5   (0.063) 0.010 0.039 0.198 0.015 
   6   (0.073) 0.017 0.150 0.129 0.017 
   7   (0.049) 0.008 0.037 0.050 0.012 
   8   (0.038) 0.009 0.060 0.011 0.009 
   9   (0.051) 0.008 0.037 0.050 0.012 
  10   (0.039) 0.168 0.008 0.011 0.009 
  11   (0.070) 0.140 0.019 0.019 0.093 
  12   (0.039) 0.006 0.007 0.119 0.009 
  13   (0.039) 0.006 0.007 0.155 0.009 
  14   (0.032) 0.005 0.006 0.009 0.045 
  15   (0.040) 0.006 0.007 0.011 0.239 
  16   (0.037) 0.006 0.006 0.010 0.085 
  17   (0.037) 0.006 0.006 0.010 0.085 
  18   (0.035) 0.006 0.006 0.010 0.047 
  19   (0.033) 0.005 0.006 0.009 0.046 

Locus 47 : locus47 
22 alleles
0.0% missing data
   1   (0.030) 0.005 0.033 0.008 0.007 
   2   (0.065) 0.013 0.285 0.199 0.015 
   3   (0.037) 0.008 0.087 0.010 0.009 
   4   (0.065) 0.011 0.094 0.271 0.016 
   5   (0.039) 0.015 0.163 0.011 0.009 
   6   (0.037) 0.010 0.057 0.010 0.009 
   7   (0.069) 0.023 0.082 0.200 0.016 
   8   (0.045) 0.007 0.035 0.048 0.011 
   9   (0.029) 0.005 0.032 0.008 0.007 
  10   (0.051) 0.065 0.009 0.014 0.050 
  11   (0.050) 0.036 0.009 0.014 0.127 
  12   (0.031) 0.087 0.008 0.009 0.007 
  13   (0.064) 0.195 0.022 0.018 0.130 
  14   (0.054) 0.176 0.011 0.015 0.051 
  15   (0.053) 0.121 0.009 0.015 0.051 
  16   (0.059) 0.082 0.021 0.016 0.128 
  17   (0.065) 0.115 0.018 0.018 0.168 
  18   (0.034) 0.006 0.006 0.081 0.008 
  19   (0.028) 0.005 0.005 0.008 0.045 
  20   (0.033) 0.006 0.006 0.009 0.046 
  21   (0.031) 0.005 0.005 0.009 0.046 
  22   (0.030) 0.005 0.005 0.008 0.045 

Locus 48 : locus48 
21 alleles
0.0% missing data
   1   (0.035) 0.008 0.087 0.010 0.008 
   2   (0.050) 0.008 0.036 0.086 0.012 
   3   (0.035) 0.006 0.089 0.010 0.008 
   4   (0.035) 0.007 0.143 0.010 0.008 
   5   (0.040) 0.011 0.168 0.011 0.010 
   6   (0.066) 0.019 0.168 0.091 0.016 
   7   (0.033) 0.005 0.089 0.009 0.008 
   8   (0.068) 0.022 0.083 0.200 0.016 
   9   (0.037) 0.116 0.008 0.010 0.009 
  10   (0.083) 0.093 0.018 0.095 0.134 
  11   (0.034) 0.116 0.007 0.009 0.008 
  12   (0.039) 0.168 0.011 0.011 0.009 
  13   (0.050) 0.092 0.009 0.014 0.050 
  14   (0.080) 0.146 0.020 0.058 0.134 
  15   (0.051) 0.064 0.009 0.014 0.088 
  16   (0.037) 0.081 0.014 0.010 0.009 
  17   (0.051) 0.008 0.009 0.086 0.050 
  18   (0.052) 0.009 0.009 0.123 0.050 
  19   (0.026) 0.004 0.004 0.043 0.006 
  20   (0.064) 0.010 0.011 0.090 0.245 
  21   (0.034) 0.006 0.006 0.009 0.122 

Locus 49 : locus49 
20 alleles
0.0% missing data
   1   (0.062) 0.016 0.060 0.162 0.015 
   2   (0.109) 0.025 0.316 0.211 0.102 
   3   (0.064) 0.143 0.100 0.018 0.015 
   4   (0.081) 0.016 0.150 0.095 0.057 
   5   (0.056) 0.012 0.089 0.015 0.051 
   6   (0.094) 0.315 0.105 0.098 0.022 
   7   (0.065) 0.014 0.090 0.199 0.015 
   8   (0.056) 0.036 0.009 0.015 0.205 
   9   (0.034) 0.062 0.006 0.009 0.008 
  10   (0.040) 0.172 0.009 0.011 0.009 
  11   (0.033) 0.058 0.009 0.009 0.008 
  12   (0.035) 0.058 0.010 0.010 0.008 
  13   (0.030) 0.033 0.005 0.008 0.007 
  14   (0.046) 0.008 0.008 0.049 0.049 
  15   (0.031) 0.005 0.005 0.045 0.007 
  16   (0.035) 0.006 0.006 0.010 0.123 
  17   (0.034) 0.006 0.006 0.009 0.123 
  18   (0.033) 0.005 0.006 0.009 0.084 
  19   (0.029) 0.005 0.005 0.008 0.045 
  20   (0.032) 0.005 0.005 0.009 0.046 

Locus 50 : locus50 
20 alleles
0.0% missing data
   1   (0.041) 0.010 0.171 0.011 0.010 
   2   (0.113) 0.068 0.246 0.321 0.027 
   3   (0.061) 0.017 0.115 0.017 0.052 
   4   (0.069) 0.011 0.040 0.055 0.093 
   5   (0.071) 0.012 0.096 0.056 0.055 
   6   (0.089) 0.065 0.158 0.025 0.136 
   7   (0.083) 0.136 0.059 0.023 0.134 
   8   (0.048) 0.008 0.036 0.013 0.049 
   9   (0.043) 0.142 0.011 0.012 0.010 
  10   (0.043) 0.476 0.010 0.012 0.010 
  11   (0.033) 0.005 0.006 0.081 0.008 
  12   (0.036) 0.006 0.006 0.082 0.009 
  13   (0.035) 0.006 0.006 0.118 0.008 
  14   (0.038) 0.006 0.006 0.083 0.009 
  15   (0.033) 0.005 0.006 0.045 0.008 
  16   (0.034) 0.006 0.006 0.009 0.084 
  17   (0.038) 0.006 0.007 0.011 0.162 
  18   (0.031) 0.005 0.005 0.009 0.045 
  19   (0.028) 0.005 0.005 0.008 0.045 
  20   (0.033) 0.005 0.006 0.009 0.046 

Locus 51 : locus51 
20 alleles
0.0% missing data
   1   (0.086) 0.186 0.261 0.024 0.020 
   2   (0.037) 0.006 0.063 0.010 0.009 
   3   (0.034) 0.006 0.034 0.010 0.008 
   4   (0.071) 0.077 0.114 0.020 0.017 
   5   (0.083) 0.299 0.170 0.023 0.020 
   6   (0.040) 0.013 0.084 0.011 0.009 
   7   (0.041) 0.011 0.115 0.011 0.010 
   8   (0.070) 0.243 0.056 0.019 0.017 
   9   (0.045) 0.080 0.018 0.013 0.011 
  10   (0.043) 0.007 0.008 0.229 0.010 
  11   (0.037) 0.006 0.006 0.119 0.009 
  12   (0.039) 0.006 0.007 0.083 0.009 
  13   (0.060) 0.010 0.010 0.052 0.167 
  14   (0.041) 0.007 0.007 0.156 0.010 
  15   (0.035) 0.006 0.006 0.046 0.008 
  16   (0.053) 0.009 0.009 0.051 0.051 
  17   (0.064) 0.010 0.011 0.090 0.130 
  18   (0.044) 0.007 0.008 0.012 0.201 
  19   (0.041) 0.007 0.007 0.011 0.239 
  20   (0.034) 0.005 0.006 0.009 0.046 

Locus 52 : locus52 
17 alleles
0.0% missing data
   1   (0.076) 0.145 0.184 0.021 0.018 
   2   (0.068) 0.071 0.226 0.019 0.016 
   3   (0.038) 0.006 0.061 0.011 0.009 
   4   (0.091) 0.020 0.093 0.061 0.289 
   5   (0.059) 0.066 0.065 0.016 0.014 
   6   (0.098) 0.166 0.090 0.027 0.138 
   7   (0.050) 0.008 0.036 0.050 0.012 
   8   (0.092) 0.171 0.056 0.098 0.022 
   9   (0.055) 0.014 0.059 0.015 0.051 
  10   (0.039) 0.011 0.057 0.011 0.009 
  11   (0.060) 0.066 0.010 0.089 0.014 
  12   (0.039) 0.059 0.011 0.011 0.009 
  13   (0.065) 0.061 0.017 0.127 0.015 
  14   (0.042) 0.115 0.012 0.012 0.010 
  15   (0.046) 0.008 0.008 0.302 0.011 
  16   (0.038) 0.006 0.006 0.119 0.009 
  17   (0.045) 0.008 0.008 0.012 0.354 

Locus 53 : locus53 
18 alleles
0.0% missing data
   1   (0.061) 0.051 0.245 0.017 0.014 
   2   (0.118) 0.200 0.117 0.286 0.028 
   3   (0.034) 0.006 0.033 0.009 0.008 
   4   (0.086) 0.131 0.092 0.060 0.020 
   5   (0.081) 0.097 0.097 0.059 0.019 
   6   (0.041) 0.010 0.141 0.011 0.010 
   7   (0.113) 0.144 0.143 0.212 0.027 
   8   (0.100) 0.024 0.064 0.136 0.292 
   9   (0.042) 0.173 0.010 0.012 0.010 
  10   (0.036) 0.088 0.008 0.010 0.008 
  11   (0.035) 0.034 0.006 0.010 0.008 
  12   (0.030) 0.005 0.005 0.044 0.007 
  13   (0.032) 0.005 0.005 0.045 0.008 
  14   (0.048) 0.008 0.008 0.049 0.049 
  15   (0.040) 0.007 0.007 0.011 0.238 
  16   (0.037) 0.006 0.006 0.010 0.161 
  17   (0.031) 0.005 0.005 0.009 0.046 
  18   (0.035) 0.006 0.006 0.010 0.046 

Locus 54 : locus54 
15 alleles
0.0% missing data
   1   (0.098) 0.018 0.209 0.063 0.138 
   2   (0.108) 0.199 0.114 0.102 0.025 
   3   (0.084) 0.025 0.142 0.023 0.210 
   4   (0.095) 0.201 0.108 0.062 0.022 
   5   (0.059) 0.013 0.090 0.016 0.052 
   6   (0.118) 0.213 0.104 0.033 0.219 
   7   (0.083) 0.049 0.117 0.023 0.058 
   8   (0.060) 0.066 0.064 0.016 0.014 
   9   (0.045) 0.173 0.009 0.012 0.011 
  10   (0.041) 0.007 0.007 0.156 0.010 
  11   (0.048) 0.008 0.008 0.339 0.011 
  12   (0.034) 0.006 0.006 0.045 0.008 
  13   (0.058) 0.010 0.010 0.052 0.128 
  14   (0.033) 0.005 0.006 0.045 0.008 
  15   (0.037) 0.006 0.006 0.010 0.085 

Locus 55 : locus55 
22 alleles
0.0% missing data
   1   (0.036) 0.007 0.119 0.010 0.008 
   2   (0.036) 0.009 0.059 0.010 0.008 
   3   (0.033) 0.005 0.034 0.009 0.008 
   4   (0.053) 0.044 0.086 0.015 0.013 
   5   (0.038) 0.008 0.119 0.011 0.009 
   6   (0.084) 0.171 0.132 0.059 0.020 
   7   (0.068) 0.083 0.050 0.055 0.016 
   8   (0.054) 0.096 0.060 0.015 0.013 
   9   (0.054) 0.011 0.092 0.051 0.013 
  10   (0.035) 0.007 0.147 0.010 0.008 
  11   (0.039) 0.139 0.010 0.011 0.009 
  12   (0.055) 0.087 0.013 0.051 0.013 
  13   (0.058) 0.169 0.015 0.052 0.014 
  14   (0.055) 0.036 0.010 0.124 0.013 
  15   (0.034) 0.085 0.008 0.009 0.008 
  16   (0.040) 0.006 0.007 0.301 0.010 
  17   (0.035) 0.006 0.006 0.118 0.008 
  18   (0.051) 0.008 0.009 0.050 0.127 
  19   (0.039) 0.006 0.007 0.011 0.314 
  20   (0.036) 0.006 0.006 0.010 0.123 
  21   (0.035) 0.006 0.006 0.010 0.123 
  22   (0.035) 0.006 0.006 0.010 0.123 

Locus 56 : locus56 
18 alleles
0.0% missing data
   1   (0.095) 0.068 0.375 0.062 0.022 
   2   (0.036) 0.006 0.033 0.010 0.008 
   3   (0.115) 0.190 0.181 0.140 0.027 
   4   (0.081) 0.207 0.045 0.058 0.019 
   5   (0.099) 0.171 0.167 0.063 0.023 
   6   (0.034) 0.006 0.033 0.009 0.008 
   7   (0.036) 0.006 0.061 0.010 0.009 
   8   (0.038) 0.063 0.006 0.011 0.009 
   9   (0.074) 0.117 0.020 0.020 0.132 
  10   (0.070) 0.084 0.024 0.019 0.131 
  11   (0.059) 0.038 0.010 0.016 0.167 
  12   (0.040) 0.007 0.007 0.156 0.009 
  13   (0.047) 0.008 0.008 0.375 0.011 
  14   (0.041) 0.007 0.007 0.011 0.162 
  15   (0.034) 0.006 0.006 0.010 0.084 
  16   (0.034) 0.006 0.006 0.009 0.046 
  17   (0.034) 0.006 0.006 0.009 0.084 
  18   (0.035) 0.006 0.006 0.010 0.047 

Locus 57 : locus57 
17 alleles
0.0% missing data
   1   (0.131) 0.228 0.148 0.036 0.222 
   2   (0.091) 0.020 0.261 0.134 0.022 
   3   (0.065) 0.011 0.039 0.018 0.168 
   4   (0.075) 0.012 0.040 0.383 0.018 
   5   (0.068) 0.013 0.177 0.055 0.016 
   6   (0.053) 0.015 0.225 0.015 0.013 
   7   (0.037) 0.034 0.006 0.010 0.009 
   8   (0.046) 0.116 0.010 0.013 0.011 
   9   (0.090) 0.219 0.032 0.025 0.174 
  10   (0.045) 0.171 0.011 0.013 0.011 
  11   (0.069) 0.067 0.012 0.019 0.207 
  12   (0.041) 0.062 0.007 0.011 0.010 
  13   (0.043) 0.007 0.007 0.120 0.010 
  14   (0.042) 0.007 0.007 0.084 0.010 
  15   (0.034) 0.006 0.006 0.045 0.008 
  16   (0.036) 0.006 0.006 0.010 0.046 
  17   (0.035) 0.006 0.006 0.010 0.046 

Locus 58 : locus58 
18 alleles
0.0% missing data
   1   (0.060) 0.013 0.119 0.017 0.052 
   2   (0.063) 0.016 0.201 0.053 0.015 
   3   (0.076) 0.015 0.122 0.202 0.018 
   4   (0.074) 0.018 0.063 0.057 0.056 
   5   (0.066) 0.017 0.116 0.018 0.092 
   6   (0.033) 0.005 0.034 0.009 0.008 
   7   (0.076) 0.020 0.116 0.021 0.209 
   8   (0.059) 0.010 0.094 0.016 0.090 
   9   (0.060) 0.010 0.038 0.234 0.014 
  10   (0.047) 0.137 0.017 0.013 0.011 
  11   (0.050) 0.036 0.009 0.014 0.050 
  12   (0.043) 0.253 0.010 0.012 0.010 
  13   (0.067) 0.059 0.018 0.019 0.207 
  14   (0.072) 0.201 0.016 0.020 0.132 
  15   (0.042) 0.172 0.008 0.012 0.010 
  16   (0.038) 0.006 0.007 0.119 0.009 
  17   (0.039) 0.006 0.007 0.120 0.009 
  18   (0.035) 0.006 0.006 0.046 0.008 

Locus 59 : locus59 
22 alleles
0.0% missing data
   1   (0.079) 0.021 0.254 0.094 0.019 
   2   (0.033) 0.005 0.033 0.009 0.008 
   3   (0.035) 0.006 0.033 0.010 0.008 
   4   (0.055) 0.009 0.037 0.088 0.013 
   5   (0.042) 0.011 0.196 0.012 0.010 
   6   (0.081) 0.020 0.145 0.348 0.019 
   7   (0.041) 0.008 0.143 0.011 0.010 
   8   (0.060) 0.010 0.037 0.017 0.243 
   9   (0.042) 0.227 0.011 0.012 0.010 
  10   (0.030) 0.033 0.005 0.008 0.007 
  11   (0.059) 0.148 0.012 0.052 0.014 
  12   (0.046) 0.106 0.020 0.013 0.011 
  13   (0.046) 0.089 0.010 0.013 0.011 
  14   (0.045) 0.201 0.010 0.013 0.011 
  15   (0.031) 0.033 0.005 0.008 0.007 
  16   (0.051) 0.036 0.009 0.050 0.012 
  17   (0.036) 0.006 0.006 0.046 0.009 
  18   (0.030) 0.005 0.005 0.044 0.007 
  19   (0.036) 0.006 0.006 0.118 0.008 
  20   (0.043) 0.007 0.007 0.012 0.201 
  21   (0.043) 0.007 0.007 0.012 0.201 
  22   (0.037) 0.006 0.006 0.010 0.161 

Locus 60 : locus60 
20 alleles
0.0% missing data
   1   (0.046) 0.010 0.226 0.013 0.011 
   2   (0.048) 0.014 0.112 0.013 0.011 
   3   (0.070) 0.016 0.172 0.020 0.054 
   4   (0.045) 0.011 0.141 0.012 0.011 
   5   (0.052) 0.012 0.170 0.014 0.012 
   6   (0.036) 0.006 0.033 0.010 0.008 
   7   (0.044) 0.120 0.007 0.012 0.010 
   8   (0.047) 0.147 0.010 0.013 0.011 
   9   (0.058) 0.399 0.014 0.016 0.014 
  10   (0.080) 0.063 0.020 0.022 0.286 
  11   (0.054) 0.037 0.009 0.015 0.051 
  12   (0.051) 0.105 0.023 0.014 0.012 
  13   (0.054) 0.009 0.009 0.232 0.013 
  14   (0.041) 0.007 0.007 0.084 0.010 
  15   (0.039) 0.006 0.007 0.047 0.009 
  16   (0.049) 0.008 0.008 0.231 0.012 
  17   (0.048) 0.008 0.008 0.122 0.011 
  18   (0.044) 0.007 0.007 0.084 0.010 
  19   (0.049) 0.008 0.008 0.014 0.241 
  20   (0.045) 0.007 0.008 0.012 0.202 

Locus 61 : locus61 
22 alleles
0.0% missing data
   1   (0.066) 0.015 0.149 0.018 0.092 
   2   (0.054) 0.009 0.067 0.015 0.051 
   3   (0.065) 0.080 0.194 0.018 0.015 
   4   (0.060) 0.130 0.055 0.017 0.014 
   5   (0.031) 0.005 0.034 0.009 0.007 
   6   (0.067) 0.129 0.143 0.019 0.016 
   7   (0.037) 0.008 0.175 0.010 0.009 
   8   (0.038) 0.010 0.060 0.011 0.009 
   9   (0.039) 0.113 0.009 0.011 0.009 
  10   (0.040) 0.166 0.010 0.011 0.009 
  11   (0.043) 0.167 0.011 0.012 0.010 
  12   (0.044) 0.101 0.022 0.012 0.010 
  13   (0.040) 0.006 0.007 0.192 0.010 
  14   (0.056) 0.009 0.010 0.160 0.051 
  15   (0.033) 0.005 0.006 0.081 0.008 
  16   (0.030) 0.005 0.005 0.044 0.007 
  17   (0.040) 0.006 0.007 0.156 0.009 
  18   (0.057) 0.009 0.010 0.051 0.167 
  19   (0.047) 0.007 0.008 0.049 0.087 
  20   (0.035) 0.006 0.006 0.082 0.008 
  21   (0.040) 0.006 0.007 0.011 0.238 
  22   (0.038) 0.006 0.007 0.010 0.162 

Locus 62 : locus62 
21 alleles
0.0% missing data
   1   (0.066) 0.013 0.150 0.091 0.016 
   2   (0.091) 0.069 0.268 0.134 0.022 
   3   (0.096) 0.165 0.172 0.135 0.023 
   4   (0.031) 0.005 0.033 0.009 0.007 
   5   (0.031) 0.005 0.033 0.009 0.007 
   6   (0.081) 0.101 0.147 0.058 0.019 
   7   (0.087) 0.159 0.091 0.096 0.021 
   8   (0.052) 0.117 0.011 0.014 0.050 
   9   (0.054) 0.058 0.015 0.087 0.013 
  10   (0.033) 0.033 0.006 0.009 0.008 
  11   (0.036) 0.057 0.010 0.010 0.009 
  12   (0.039) 0.167 0.012 0.011 0.009 
  13   (0.035) 0.006 0.006 0.118 0.008 
  14   (0.032) 0.005 0.006 0.045 0.008 
  15   (0.033) 0.005 0.006 0.045 0.008 
  16   (0.030) 0.005 0.005 0.045 0.007 
  17   (0.031) 0.005 0.005 0.045 0.007 
  18   (0.038) 0.006 0.007 0.011 0.276 
  19   (0.036) 0.006 0.006 0.010 0.276 
  20   (0.033) 0.005 0.006 0.009 0.084 
  21   (0.033) 0.005 0.006 0.009 0.122 

Locus 63 : locus63 
19 alleles
0.0% missing data
   1   (0.036) 0.006 0.035 0.010 0.009 
   2   (0.070) 0.066 0.296 0.019 0.017 
   3   (0.050) 0.035 0.037 0.014 0.012 
   4   (0.097) 0.053 0.206 0.099 0.023 
   5   (0.068) 0.011 0.126 0.091 0.016 
   6   (0.069) 0.122 0.094 0.019 0.016 
   7   (0.062) 0.010 0.039 0.198 0.015 
   8   (0.074) 0.017 0.064 0.201 0.018 
   9   (0.052) 0.267 0.021 0.014 0.012 
  10   (0.043) 0.086 0.010 0.012 0.010 
  11   (0.045) 0.138 0.012 0.013 0.011 
  12   (0.041) 0.115 0.007 0.011 0.010 
  13   (0.035) 0.033 0.006 0.010 0.008 
  14   (0.073) 0.012 0.013 0.092 0.361 
  15   (0.038) 0.006 0.007 0.083 0.009 
  16   (0.034) 0.005 0.006 0.082 0.008 
  17   (0.040) 0.006 0.007 0.011 0.315 
  18   (0.035) 0.006 0.006 0.010 0.046 
  19   (0.038) 0.006 0.007 0.010 0.085 

Locus 64 : locus64 
17 alleles
0.0% missing data
   1   (0.075) 0.015 0.121 0.129 0.018 
   2   (0.044) 0.010 0.199 0.012 0.010 
   3   (0.055) 0.037 0.065 0.015 0.013 
   4   (0.141) 0.156 0.277 0.256 0.034 
   5   (0.102) 0.233 0.079 0.100 0.024 
   6   (0.096) 0.138 0.061 0.135 0.023 
   7   (0.104) 0.073 0.129 0.174 0.025 
   8   (0.042) 0.088 0.010 0.012 0.010 
   9   (0.032) 0.033 0.005 0.009 0.008 
  10   (0.036) 0.062 0.006 0.010 0.009 
  11   (0.040) 0.116 0.009 0.011 0.009 
  12   (0.041) 0.007 0.007 0.084 0.010 
  13   (0.049) 0.008 0.008 0.014 0.545 
  14   (0.038) 0.006 0.006 0.010 0.085 
  15   (0.035) 0.006 0.006 0.010 0.085 
  16   (0.034) 0.006 0.006 0.009 0.046 
  17   (0.035) 0.006 0.006 0.010 0.046 

Locus 65 : locus65 
20 alleles
0.0% missing data
   1   (0.045) 0.009 0.224 0.012 0.011 
   2   (0.062) 0.067 0.064 0.017 0.015 
   3   (0.049) 0.012 0.222 0.014 0.012 
   4   (0.049) 0.013 0.194 0.014 0.011 
   5   (0.083) 0.055 0.055 0.096 0.020 
   6   (0.078) 0.267 0.095 0.022 0.019 
   7   (0.037) 0.006 0.033 0.010 0.009 
   8   (0.034) 0.034 0.006 0.009 0.008 
   9   (0.084) 0.127 0.014 0.240 0.020 
  10   (0.088) 0.205 0.022 0.169 0.021 
  11   (0.041) 0.144 0.011 0.011 0.010 
  12   (0.038) 0.006 0.006 0.119 0.009 
  13   (0.037) 0.006 0.006 0.046 0.009 
  14   (0.042) 0.007 0.007 0.120 0.010 
  15   (0.035) 0.006 0.006 0.046 0.008 
  16   (0.047) 0.008 0.008 0.013 0.393 
  17   (0.038) 0.006 0.006 0.011 0.085 
  18   (0.038) 0.006 0.006 0.011 0.085 
  19   (0.043) 0.007 0.007 0.012 0.201 
  20   (0.034) 0.006 0.006 0.009 0.046 

Locus 66 : locus66 
24 alleles
0.0% missing data
   1   (0.063) 0.022 0.431 0.017 0.052 
   2   (0.058) 0.010 0.091 0.016 0.167 
   3   (0.062) 0.067 0.064 0.017 0.053 
   4   (0.031) 0.005 0.032 0.009 0.007 
   5   (0.031) 0.005 0.032 0.008 0.007 
   6   (0.048) 0.050 0.049 0.013 0.011 
   7   (0.083) 0.083 0.111 0.023 0.096 
   8   (0.058) 0.010 0.036 0.016 0.320 
   9   (0.066) 0.040 0.065 0.019 0.092 
  10   (0.041) 0.376 0.010 0.011 0.010 
  11   (0.063) 0.207 0.014 0.017 0.091 
  12   (0.028) 0.033 0.005 0.008 0.007 
  13   (0.026) 0.033 0.004 0.007 0.006 
  14   (0.032) 0.005 0.005 0.081 0.007 
  15   (0.034) 0.006 0.006 0.082 0.008 
  16   (0.033) 0.006 0.005 0.118 0.008 
  17   (0.035) 0.006 0.006 0.082 0.008 
  18   (0.027) 0.005 0.004 0.043 0.006 
  19   (0.032) 0.005 0.005 0.081 0.008 
  20   (0.031) 0.005 0.005 0.045 0.007 
  21   (0.029) 0.005 0.005 0.044 0.007 
  22   (0.030) 0.005 0.005 0.045 0.007 
  23   (0.032) 0.005 0.005 0.153 0.008 
  24   (0.028) 0.005 0.005 0.044 0.007 

Locus 67 : locus67 
21 alleles
0.0% missing data
   1   (0.061) 0.087 0.047 0.017 0.015 
   2   (0.068) 0.130 0.116 0.019 0.016 
   3   (0.050) 0.015 0.430 0.014 0.012 
   4   (0.039) 0.009 0.084 0.011 0.009 
   5   (0.063) 0.209 0.041 0.018 0.015 
   6   (0.042) 0.009 0.112 0.012 0.010 
   7   (0.033) 0.006 0.032 0.009 0.008 
   8   (0.034) 0.064 0.006 0.009 0.008 
   9   (0.069) 0.095 0.015 0.019 0.245 
  10   (0.072) 0.088 0.022 0.128 0.017 
  11   (0.068) 0.108 0.028 0.019 0.093 
  12   (0.038) 0.091 0.008 0.011 0.009 
  13   (0.065) 0.040 0.011 0.054 0.053 
  14   (0.034) 0.006 0.006 0.082 0.008 
  15   (0.041) 0.007 0.007 0.156 0.010 
  16   (0.043) 0.007 0.007 0.156 0.010 
  17   (0.029) 0.005 0.005 0.044 0.007 
  18   (0.034) 0.006 0.005 0.046 0.008 
  19   (0.040) 0.007 0.007 0.156 0.009 
  20   (0.038) 0.006 0.006 0.010 0.123 
  21   (0.039) 0.007 0.006 0.011 0.314 

Locus 68 : locus68 
19 alleles
0.0% missing data
   1   (0.091) 0.017 0.181 0.098 0.098 
   2   (0.055) 0.009 0.037 0.124 0.013 
   3   (0.060) 0.013 0.174 0.017 0.052 
   4   (0.033) 0.005 0.034 0.009 0.008 
   5   (0.090) 0.015 0.043 0.206 0.174 
   6   (0.087) 0.019 0.094 0.133 0.097 
   7   (0.096) 0.025 0.118 0.099 0.137 
   8   (0.043) 0.014 0.195 0.012 0.010 
   9   (0.053) 0.009 0.037 0.015 0.166 
  10   (0.041) 0.194 0.014 0.011 0.010 
  11   (0.034) 0.061 0.006 0.009 0.008 
  12   (0.055) 0.088 0.013 0.015 0.051 
  13   (0.041) 0.170 0.010 0.011 0.010 
  14   (0.038) 0.115 0.008 0.011 0.009 
  15   (0.036) 0.117 0.006 0.010 0.008 
  16   (0.040) 0.112 0.012 0.011 0.009 
  17   (0.037) 0.006 0.006 0.155 0.009 
  18   (0.036) 0.006 0.006 0.046 0.009 
  19   (0.034) 0.006 0.006 0.009 0.123 

Locus 69 : locus69 
21 alleles
0.0% missing data
   1   (0.060) 0.051 0.052 0.017 0.014 
   2   (0.049) 0.011 0.287 0.014 0.011 
   3   (0.048) 0.009 0.232 0.013 0.012 
   4   (0.060) 0.065 0.038 0.017 0.014 
   5   (0.050) 0.014 0.171 0.014 0.012 
   6   (0.076) 0.022 0.087 0.129 0.018 
   7   (0.051) 0.276 0.015 0.014 0.012 
   8   (0.050) 0.194 0.015 0.014 0.012 
   9   (0.037) 0.033 0.006 0.010 0.009 
  10   (0.040) 0.057 0.012 0.011 0.010 
  11   (0.043) 0.143 0.009 0.012 0.010 
  12   (0.042) 0.062 0.007 0.012 0.010 
  13   (0.054) 0.009 0.009 0.376 0.013 
  14   (0.043) 0.007 0.007 0.120 0.010 
  15   (0.046) 0.007 0.008 0.157 0.011 
  16   (0.050) 0.008 0.009 0.014 0.241 
  17   (0.043) 0.007 0.007 0.012 0.201 
  18   (0.038) 0.006 0.007 0.010 0.085 
  19   (0.041) 0.007 0.007 0.011 0.124 
  20   (0.043) 0.007 0.007 0.012 0.125 
  21   (0.035) 0.006 0.006 0.010 0.046 

Locus 70 : locus70 
21 alleles
0.0% missing data
   1   (0.046) 0.011 0.419 0.013 0.011 
   2   (0.036) 0.006 0.061 0.010 0.008 
   3   (0.040) 0.008 0.115 0.011 0.009 
   4   (0.042) 0.012 0.112 0.012 0.010 
   5   (0.032) 0.005 0.033 0.009 0.007 
   6   (0.035) 0.010 0.057 0.010 0.008 
   7   (0.038) 0.010 0.058 0.011 0.009 
   8   (0.040) 0.117 0.008 0.011 0.009 
   9   (0.100) 0.125 0.021 0.209 0.100 
  10   (0.047) 0.146 0.009 0.013 0.011 
  11   (0.062) 0.145 0.016 0.053 0.015 
  12   (0.035) 0.034 0.006 0.010 0.008 
  13   (0.043) 0.169 0.013 0.012 0.010 
  14   (0.042) 0.143 0.011 0.012 0.010 
  15   (0.043) 0.007 0.007 0.157 0.010 
  16   (0.076) 0.013 0.013 0.202 0.209 
  17   (0.050) 0.008 0.008 0.050 0.050 
  18   (0.039) 0.006 0.007 0.083 0.009 
  19   (0.055) 0.009 0.009 0.051 0.128 
  20   (0.060) 0.010 0.010 0.053 0.167 
  21   (0.040) 0.007 0.007 0.011 0.200 

Locus 71 : locus71 
20 alleles
0.0% missing data
   1   (0.069) 0.157 0.087 0.019 0.016 
   2   (0.095) 0.023 0.290 0.026 0.290 
   3   (0.079) 0.013 0.098 0.022 0.362 
   4   (0.081) 0.113 0.221 0.022 0.019 
   5   (0.045) 0.013 0.171 0.013 0.011 
   6   (0.048) 0.306 0.012 0.013 0.011 
   7   (0.072) 0.113 0.021 0.020 0.093 
   8   (0.040) 0.057 0.011 0.011 0.010 
   9   (0.052) 0.112 0.015 0.014 0.012 
  10   (0.034) 0.033 0.006 0.010 0.008 
  11   (0.035) 0.006 0.006 0.046 0.008 
  12   (0.048) 0.008 0.008 0.267 0.011 
  13   (0.043) 0.007 0.007 0.120 0.010 
  14   (0.039) 0.006 0.007 0.119 0.009 
  15   (0.036) 0.006 0.006 0.046 0.009 
  16   (0.043) 0.007 0.007 0.120 0.010 
  17   (0.034) 0.005 0.006 0.045 0.008 
  18   (0.036) 0.006 0.006 0.046 0.009 
  19   (0.035) 0.006 0.006 0.010 0.046 
  20   (0.036) 0.006 0.006 0.010 0.047 

Locus 72 : locus72 
19 alleles
0.0% missing data
   1   (0.080) 0.068 0.124 0.058 0.019 
   2   (0.080) 0.018 0.176 0.058 0.057 
   3   (0.069) 0.014 0.120 0.164 0.016 
   4   (0.069) 0.017 0.145 0.128 0.016 
   5   (0.056) 0.013 0.089 0.015 0.051 
   6   (0.081) 0.018 0.204 0.203 0.019 
   7   (0.069) 0.011 0.039 0.055 0.093 
   8   (0.038) 0.116 0.008 0.011 0.009 
   9   (0.042) 0.255 0.010 0.012 0.010 
  10   (0.056) 0.089 0.013 0.051 0.013 
  11   (0.041) 0.142 0.011 0.012 0.010 
  12   (0.055) 0.059 0.014 0.051 0.013 
  13   (0.040) 0.116 0.009 0.011 0.010 
  14   (0.046) 0.035 0.008 0.049 0.011 
  15   (0.035) 0.006 0.006 0.082 0.008 
  16   (0.036) 0.006 0.006 0.010 0.200 
  17   (0.038) 0.006 0.007 0.011 0.162 
  18   (0.035) 0.006 0.006 0.010 0.199 
  19   (0.033) 0.005 0.006 0.009 0.084 

Locus 73 : locus73 
20 alleles
0.0% missing data
   1   (0.047) 0.008 0.035 0.086 0.011 
   2   (0.063) 0.012 0.175 0.126 0.015 
   3   (0.080) 0.137 0.139 0.058 0.019 
   4   (0.053) 0.046 0.082 0.015 0.012 
   5   (0.052) 0.112 0.044 0.014 0.012 
   6   (0.035) 0.010 0.057 0.010 0.008 
   7   (0.041) 0.013 0.193 0.011 0.010 
   8   (0.062) 0.015 0.061 0.198 0.015 
   9   (0.086) 0.085 0.082 0.205 0.021 
  10   (0.029) 0.005 0.032 0.008 0.007 
  11   (0.035) 0.058 0.010 0.010 0.008 
  12   (0.030) 0.033 0.005 0.008 0.007 
  13   (0.073) 0.256 0.020 0.020 0.322 
  14   (0.049) 0.036 0.008 0.014 0.126 
  15   (0.051) 0.059 0.014 0.050 0.012 
  16   (0.057) 0.060 0.015 0.016 0.204 
  17   (0.046) 0.036 0.008 0.013 0.049 
  18   (0.046) 0.008 0.008 0.049 0.049 
  19   (0.033) 0.005 0.006 0.081 0.008 
  20   (0.032) 0.005 0.005 0.009 0.084 

Locus 74 : locus74 
15 alleles
0.0% missing data
   1   (0.087) 0.089 0.189 0.060 0.021 
   2   (0.089) 0.159 0.121 0.025 0.059 
   3   (0.154) 0.174 0.101 0.224 0.189 
   4   (0.044) 0.014 0.138 0.012 0.010 
   5   (0.133) 0.171 0.123 0.109 0.146 
   6   (0.055) 0.009 0.037 0.015 0.128 
   7   (0.066) 0.018 0.197 0.018 0.053 
   8   (0.082) 0.042 0.041 0.059 0.058 
   9   (0.046) 0.285 0.012 0.013 0.011 
  10   (0.075) 0.013 0.013 0.274 0.170 
  11   (0.037) 0.006 0.006 0.119 0.009 
  12   (0.033) 0.005 0.006 0.045 0.008 
  13   (0.033) 0.006 0.006 0.009 0.046 
  14   (0.032) 0.005 0.005 0.009 0.046 
  15   (0.033) 0.006 0.006 0.009 0.046 

Locus 75 : locus75 
29 alleles
0.0% missing data
   1   (0.028) 0.005 0.032 0.008 0.007 
   2   (0.036) 0.011 0.111 0.010 0.008 
   3   (0.033) 0.005 0.115 0.009 0.008 
   4   (0.033) 0.012 0.136 0.009 0.008 
   5   (0.038) 0.010 0.195 0.011 0.009 
   6   (0.036) 0.007 0.142 0.010 0.008 
   7   (0.029) 0.005 0.060 0.008 0.007 
   8   (0.026) 0.007 0.056 0.007 0.006 
   9   (0.034) 0.082 0.013 0.009 0.008 
  10   (0.047) 0.064 0.008 0.049 0.011 
  11   (0.035) 0.062 0.006 0.010 0.008 
  12   (0.033) 0.116 0.007 0.009 0.008 
  13   (0.033) 0.145 0.007 0.009 0.008 
  14   (0.027) 0.061 0.005 0.008 0.006 
  15   (0.031) 0.033 0.005 0.008 0.007 
  16   (0.037) 0.114 0.011 0.010 0.009 
  17   (0.033) 0.107 0.015 0.009 0.008 
  18   (0.034) 0.058 0.010 0.009 0.008 
  19   (0.029) 0.033 0.005 0.008 0.007 
  20   (0.055) 0.009 0.009 0.087 0.128 
  21   (0.027) 0.005 0.005 0.080 0.006 
  22   (0.036) 0.006 0.006 0.154 0.009 
  23   (0.057) 0.009 0.010 0.305 0.051 
  24   (0.032) 0.005 0.005 0.117 0.007 
  25   (0.033) 0.005 0.006 0.009 0.046 
  26   (0.036) 0.006 0.006 0.010 0.352 
  27   (0.030) 0.005 0.005 0.008 0.121 
  28   (0.034) 0.006 0.006 0.010 0.084 
  29   (0.030) 0.005 0.005 0.008 0.045 

Locus 76 : locus76 
18 alleles
0.0% missing data
   1   (0.064) 0.010 0.067 0.018 0.130 
   2   (0.067) 0.017 0.202 0.019 0.054 
   3   (0.064) 0.010 0.123 0.018 0.092 
   4   (0.106) 0.058 0.173 0.029 0.216 
   5   (0.092) 0.208 0.097 0.026 0.060 
   6   (0.070) 0.017 0.203 0.019 0.054 
   7   (0.057) 0.009 0.038 0.016 0.128 
   8   (0.052) 0.224 0.014 0.014 0.012 
   9   (0.043) 0.145 0.008 0.012 0.010 
  10   (0.041) 0.057 0.012 0.011 0.010 
  11   (0.034) 0.033 0.006 0.010 0.008 
  12   (0.063) 0.171 0.015 0.017 0.053 
  13   (0.035) 0.006 0.006 0.046 0.008 
  14   (0.055) 0.009 0.009 0.413 0.013 
  15   (0.035) 0.006 0.006 0.082 0.008 
  16   (0.042) 0.007 0.007 0.120 0.010 
  17   (0.041) 0.007 0.007 0.120 0.010 
  18   (0.038) 0.006 0.007 0.010 0.123 

Locus 77 : locus77 
19 alleles
0.0% missing data
   1   (0.077) 0.065 0.209 0.057 0.018 
   2   (0.061) 0.049 0.275 0.017 0.014 
   3   (0.037) 0.009 0.087 0.010 0.009 
   4   (0.060) 0.015 0.060 0.161 0.014 
   5   (0.031) 0.005 0.033 0.009 0.007 
   6   (0.036) 0.008 0.115 0.010 0.009 
   7   (0.083) 0.106 0.061 0.132 0.020 
   8   (0.080) 0.087 0.051 0.130 0.019 
   9   (0.073) 0.152 0.012 0.273 0.017 
  10   (0.090) 0.253 0.029 0.061 0.098 
  11   (0.053) 0.089 0.013 0.015 0.050 
  12   (0.052) 0.037 0.009 0.015 0.089 
  13   (0.058) 0.090 0.013 0.016 0.090 
  14   (0.049) 0.008 0.008 0.049 0.088 
  15   (0.032) 0.005 0.005 0.009 0.046 
  16   (0.034) 0.006 0.006 0.009 0.161 
  17   (0.033) 0.005 0.006 0.009 0.084 
  18   (0.032) 0.005 0.005 0.009 0.084 
  19   (0.030) 0.005 0.005 0.008 0.084 

Locus 78 : locus78 
15 alleles
0.0% missing data
   1   (0.049) 0.012 0.223 0.014 0.012 
   2   (0.133) 0.050 0.050 0.218 0.260 
   3   (0.042) 0.007 0.089 0.012 0.010 
   4   (0.044) 0.009 0.115 0.012 0.010 
   5   (0.042) 0.009 0.115 0.011 0.010 
   6   (0.042) 0.011 0.058 0.012 0.010 
   7   (0.047) 0.013 0.222 0.013 0.011 
   8   (0.092) 0.043 0.015 0.170 0.098 
   9   (0.079) 0.151 0.016 0.022 0.171 
  10   (0.078) 0.171 0.023 0.094 0.018 
  11   (0.135) 0.319 0.036 0.218 0.108 
  12   (0.069) 0.068 0.012 0.019 0.169 
  13   (0.044) 0.118 0.009 0.012 0.010 
  14   (0.036) 0.006 0.006 0.046 0.009 
  15   (0.067) 0.011 0.011 0.127 0.092 

Locus 79 : locus79 
17 alleles
0.0% missing data
   1   (0.081) 0.094 0.099 0.022 0.057 
   2   (0.061) 0.074 0.139 0.017 0.015 
   3   (0.057) 0.078 0.080 0.016 0.014 
   4   (0.046) 0.009 0.256 0.013 0.011 
   5   (0.041) 0.010 0.171 0.011 0.010 
   6   (0.075) 0.103 0.060 0.021 0.056 
   7   (0.062) 0.164 0.051 0.017 0.015 
   8   (0.033) 0.006 0.033 0.009 0.008 
   9   (0.105) 0.065 0.025 0.210 0.178 
  10   (0.097) 0.148 0.024 0.207 0.061 
  11   (0.038) 0.142 0.010 0.011 0.009 
  12   (0.078) 0.041 0.013 0.094 0.133 
  13   (0.056) 0.037 0.010 0.160 0.013 
  14   (0.036) 0.006 0.006 0.082 0.009 
  15   (0.065) 0.011 0.011 0.090 0.245 
  16   (0.034) 0.006 0.006 0.010 0.085 
  17   (0.033) 0.006 0.006 0.009 0.084 

Locus 80 : locus80 
25 alleles
0.0% missing data
   1   (0.071) 0.016 0.363 0.020 0.131 
   2   (0.040) 0.012 0.111 0.011 0.009 
   3   (0.041) 0.011 0.276 0.012 0.010 
   4   (0.031) 0.005 0.032 0.009 0.007 
   5   (0.029) 0.005 0.059 0.008 0.007 
   6   (0.037) 0.114 0.010 0.010 0.009 
   7   (0.032) 0.033 0.005 0.009 0.008 
   8   (0.037) 0.144 0.010 0.010 0.009 
   9   (0.029) 0.033 0.005 0.008 0.007 
  10   (0.046) 0.036 0.008 0.013 0.049 
  11   (0.082) 0.148 0.020 0.059 0.096 
  12   (0.032) 0.088 0.007 0.009 0.008 
  13   (0.066) 0.116 0.018 0.018 0.207 
  14   (0.048) 0.036 0.008 0.086 0.011 
  15   (0.034) 0.062 0.006 0.009 0.008 
  16   (0.037) 0.089 0.008 0.010 0.009 
  17   (0.031) 0.005 0.005 0.044 0.007 
  18   (0.041) 0.007 0.007 0.228 0.010 
  19   (0.038) 0.006 0.006 0.119 0.009 
  20   (0.036) 0.006 0.006 0.155 0.009 
  21   (0.029) 0.005 0.005 0.044 0.007 
  22   (0.034) 0.006 0.006 0.081 0.008 
  23   (0.038) 0.006 0.007 0.011 0.200 
  24   (0.030) 0.005 0.005 0.008 0.121 
  25   (0.032) 0.005 0.005 0.009 0.046 

Locus 81 : locus81 
24 alleles
0.0% missing data
   1   (0.071) 0.017 0.316 0.020 0.093 
   2   (0.044) 0.010 0.173 0.012 0.011 
   3   (0.051) 0.008 0.065 0.014 0.050 
   4   (0.053) 0.054 0.103 0.015 0.012 
   5   (0.048) 0.035 0.036 0.013 0.011 
   6   (0.028) 0.005 0.033 0.008 0.007 
   7   (0.048) 0.008 0.036 0.050 0.011 
   8   (0.056) 0.066 0.119 0.016 0.013 
   9   (0.035) 0.166 0.011 0.010 0.008 
  10   (0.038) 0.196 0.009 0.011 0.009 
  11   (0.038) 0.086 0.009 0.011 0.009 
  12   (0.037) 0.114 0.008 0.010 0.009 
  13   (0.038) 0.140 0.010 0.011 0.009 
  14   (0.030) 0.032 0.005 0.008 0.007 
  15   (0.041) 0.007 0.007 0.264 0.010 
  16   (0.040) 0.007 0.007 0.156 0.009 
  17   (0.036) 0.006 0.006 0.082 0.008 
  18   (0.039) 0.006 0.007 0.156 0.009 
  19   (0.029) 0.005 0.005 0.044 0.007 
  20   (0.056) 0.009 0.010 0.051 0.090 
  21   (0.039) 0.006 0.007 0.011 0.276 
  22   (0.041) 0.007 0.007 0.011 0.239 
  23   (0.032) 0.005 0.006 0.009 0.046 
  24   (0.031) 0.005 0.005 0.009 0.046 

Locus 82 : locus82 
20 alleles
0.0% missing data
   1   (0.080) 0.021 0.194 0.167 0.019 
   2   (0.055) 0.104 0.055 0.015 0.013 
   3   (0.072) 0.018 0.222 0.092 0.017 
   4   (0.037) 0.009 0.084 0.010 0.009 
   5   (0.074) 0.013 0.039 0.165 0.056 
   6   (0.067) 0.235 0.097 0.019 0.016 
   7   (0.067) 0.017 0.140 0.091 0.016 
   8   (0.056) 0.048 0.080 0.016 0.013 
   9   (0.031) 0.034 0.005 0.008 0.007 
  10   (0.041) 0.263 0.009 0.011 0.010 
  11   (0.031) 0.034 0.005 0.009 0.007 
  12   (0.038) 0.060 0.010 0.011 0.009 
  13   (0.035) 0.090 0.008 0.010 0.008 
  14   (0.036) 0.006 0.006 0.082 0.008 
  15   (0.055) 0.009 0.009 0.124 0.051 
  16   (0.060) 0.010 0.010 0.089 0.167 
  17   (0.061) 0.010 0.010 0.052 0.358 
  18   (0.035) 0.006 0.006 0.010 0.085 
  19   (0.036) 0.006 0.006 0.010 0.085 
  20   (0.034) 0.006 0.006 0.009 0.046 

Locus 83 : locus83 
21 alleles
0.0% missing data
   1   (0.065) 0.014 0.200 0.090 0.015 
   2   (0.074) 0.186 0.226 0.021 0.018 
   3   (0.071) 0.019 0.114 0.020 0.399 
   4   (0.052) 0.043 0.112 0.015 0.012 
   5   (0.115) 0.031 0.172 0.285 0.142 
   6   (0.074) 0.012 0.040 0.093 0.132 
   7   (0.032) 0.005 0.033 0.009 0.008 
   8   (0.036) 0.088 0.008 0.010 0.009 
   9   (0.040) 0.144 0.010 0.011 0.009 
  10   (0.032) 0.034 0.005 0.009 0.008 
  11   (0.037) 0.088 0.009 0.010 0.009 
  12   (0.030) 0.033 0.005 0.008 0.007 
  13   (0.040) 0.146 0.008 0.011 0.009 
  14   (0.034) 0.058 0.009 0.009 0.008 
  15   (0.035) 0.058 0.009 0.010 0.008 
  16   (0.049) 0.008 0.008 0.086 0.050 
  17   (0.035) 0.006 0.006 0.082 0.008 
  18   (0.029) 0.005 0.005 0.044 0.007 
  19   (0.053) 0.009 0.009 0.123 0.050 
  20   (0.029) 0.005 0.005 0.044 0.007 
  21   (0.035) 0.006 0.006 0.010 0.085 

Locus 84 : locus84 
26 alleles
0.0% missing data
   1   (0.039) 0.009 0.199 0.011 0.009 
   2   (0.052) 0.009 0.120 0.015 0.050 
   3   (0.030) 0.005 0.033 0.008 0.007 
   4   (0.038) 0.006 0.062 0.011 0.009 
   5   (0.066) 0.015 0.146 0.018 0.092 
   6   (0.037) 0.014 0.164 0.010 0.009 
   7   (0.035) 0.006 0.062 0.010 0.008 
   8   (0.052) 0.018 0.082 0.014 0.050 
   9   (0.044) 0.252 0.013 0.012 0.010 
  10   (0.039) 0.198 0.009 0.011 0.009 
  11   (0.034) 0.061 0.006 0.009 0.008 
  12   (0.033) 0.033 0.006 0.009 0.008 
  13   (0.038) 0.198 0.009 0.010 0.009 
  14   (0.067) 0.083 0.022 0.199 0.016 
  15   (0.029) 0.033 0.005 0.008 0.007 
  16   (0.036) 0.006 0.006 0.118 0.008 
  17   (0.035) 0.006 0.006 0.118 0.008 
  18   (0.033) 0.005 0.006 0.082 0.008 
  19   (0.029) 0.005 0.005 0.080 0.007 
  20   (0.045) 0.007 0.008 0.048 0.049 
  21   (0.032) 0.005 0.005 0.117 0.008 
  22   (0.030) 0.005 0.005 0.045 0.007 
  23   (0.031) 0.005 0.005 0.009 0.084 
  24   (0.036) 0.006 0.006 0.010 0.391 
  25   (0.032) 0.005 0.005 0.009 0.084 
  26   (0.028) 0.005 0.005 0.008 0.045 

Locus 85 : locus85 
21 alleles
0.0% missing data
   1   (0.037) 0.006 0.092 0.010 0.009 
   2   (0.080) 0.291 0.176 0.022 0.019 
   3   (0.035) 0.006 0.035 0.010 0.008 
   4   (0.078) 0.286 0.123 0.021 0.018 
   5   (0.069) 0.038 0.040 0.091 0.016 
   6   (0.044) 0.010 0.206 0.012 0.011 
   7   (0.032) 0.005 0.034 0.009 0.007 
   8   (0.086) 0.134 0.060 0.096 0.021 
   9   (0.074) 0.018 0.120 0.201 0.017 
  10   (0.034) 0.005 0.035 0.009 0.008 
  11   (0.040) 0.085 0.010 0.011 0.009 
  12   (0.034) 0.033 0.006 0.009 0.008 
  13   (0.033) 0.032 0.006 0.009 0.008 
  14   (0.039) 0.006 0.007 0.155 0.009 
  15   (0.039) 0.006 0.007 0.155 0.009 
  16   (0.054) 0.009 0.010 0.087 0.089 
  17   (0.032) 0.005 0.006 0.045 0.008 
  18   (0.042) 0.007 0.007 0.011 0.239 
  19   (0.044) 0.007 0.008 0.012 0.278 
  20   (0.042) 0.007 0.007 0.012 0.163 
  21   (0.032) 0.005 0.006 0.009 0.046 

Locus 86 : locus86 
18 alleles
0.0% missing data
   1   (0.047) 0.009 0.145 0.013 0.011 
   2   (0.080) 0.019 0.230 0.094 0.019 
   3   (0.040) 0.011 0.058 0.011 0.010 
   4   (0.092) 0.024 0.117 0.206 0.022 
   5   (0.051) 0.012 0.255 0.014 0.012 
   6   (0.098) 0.016 0.072 0.208 0.061 
   7   (0.050) 0.168 0.015 0.014 0.012 
   8   (0.039) 0.062 0.007 0.011 0.009 
   9   (0.053) 0.311 0.013 0.015 0.013 
  10   (0.046) 0.113 0.013 0.013 0.011 
  11   (0.045) 0.119 0.008 0.012 0.011 
  12   (0.037) 0.034 0.006 0.010 0.009 
  13   (0.044) 0.058 0.013 0.012 0.010 
  14   (0.070) 0.011 0.012 0.164 0.092 
  15   (0.088) 0.014 0.015 0.132 0.479 
  16   (0.038) 0.006 0.007 0.047 0.009 
  17   (0.035) 0.006 0.006 0.010 0.047 
  18   (0.047) 0.008 0.008 0.013 0.164 

Locus 87 : locus87 
22 alleles
0.0% missing data
   1   (0.037) 0.006 0.060 0.010 0.009 
   2   (0.037) 0.010 0.137 0.010 0.009 
   3   (0.039) 0.012 0.217 0.011 0.009 
   4   (0.042) 0.009 0.222 0.012 0.010 
   5   (0.038) 0.008 0.140 0.011 0.009 
   6   (0.035) 0.010 0.056 0.010 0.008 
   7   (0.033) 0.089 0.007 0.009 0.008 
   8   (0.070) 0.149 0.017 0.019 0.132 
   9   (0.036) 0.175 0.008 0.010 0.009 
  10   (0.031) 0.034 0.005 0.008 0.007 
  11   (0.032) 0.034 0.005 0.009 0.007 
  12   (0.035) 0.063 0.006 0.010 0.008 
  13   (0.095) 0.088 0.028 0.062 0.290 
  14   (0.033) 0.034 0.006 0.009 0.008 
  15   (0.036) 0.060 0.009 0.010 0.009 
  16   (0.089) 0.065 0.022 0.133 0.097 
  17   (0.088) 0.065 0.021 0.278 0.059 
  18   (0.031) 0.034 0.005 0.009 0.007 
  19   (0.034) 0.034 0.006 0.009 0.008 
  20   (0.041) 0.007 0.007 0.264 0.010 
  21   (0.061) 0.010 0.010 0.089 0.243 
  22   (0.030) 0.005 0.005 0.008 0.045 

Locus 88 : locus88 
21 alleles
0.0% missing data
   1   (0.056) 0.015 0.117 0.051 0.013 
   2   (0.068) 0.013 0.179 0.019 0.169 
   3   (0.030) 0.005 0.033 0.008 0.007 
   4   (0.040) 0.009 0.174 0.011 0.010 
   5   (0.087) 0.288 0.070 0.096 0.021 
   6   (0.039) 0.008 0.118 0.011 0.009 
   7   (0.037) 0.009 0.144 0.010 0.009 
   8   (0.091) 0.087 0.054 0.242 0.021 
   9   (0.043) 0.135 0.016 0.012 0.010 
  10   (0.054) 0.116 0.012 0.051 0.013 
  11   (0.057) 0.144 0.012 0.052 0.013 
  12   (0.062) 0.117 0.013 0.090 0.015 
  13   (0.034) 0.006 0.006 0.118 0.008 
  14   (0.049) 0.008 0.008 0.050 0.050 
  15   (0.040) 0.006 0.007 0.119 0.009 
  16   (0.036) 0.006 0.006 0.010 0.085 
  17   (0.038) 0.006 0.007 0.011 0.200 
  18   (0.034) 0.005 0.006 0.009 0.084 
  19   (0.036) 0.006 0.006 0.010 0.085 
  20   (0.036) 0.006 0.006 0.010 0.123 
  21   (0.032) 0.005 0.006 0.009 0.046 

Locus 89 : locus89 
17 alleles
0.0% missing data
   1   (0.044) 0.010 0.252 0.012 0.011 
   2   (0.043) 0.012 0.166 0.012 0.010 
   3   (0.045) 0.016 0.136 0.012 0.011 
   4   (0.038) 0.009 0.086 0.011 0.009 
   5   (0.038) 0.006 0.088 0.010 0.009 
   6   (0.041) 0.008 0.115 0.011 0.010 
   7   (0.081) 0.070 0.014 0.131 0.057 
   8   (0.095) 0.179 0.022 0.062 0.137 
   9   (0.107) 0.181 0.024 0.247 0.063 
  10   (0.080) 0.041 0.013 0.167 0.057 
  11   (0.110) 0.261 0.029 0.066 0.255 
  12   (0.058) 0.066 0.010 0.016 0.090 
  13   (0.078) 0.117 0.021 0.058 0.056 
  14   (0.039) 0.006 0.007 0.155 0.009 
  15   (0.032) 0.005 0.005 0.009 0.046 
  16   (0.036) 0.006 0.006 0.010 0.085 
  17   (0.035) 0.006 0.006 0.010 0.085 

Locus 90 : locus90 
23 alleles
0.0% missing data
   1   (0.039) 0.011 0.243 0.011 0.009 
   2   (0.060) 0.141 0.129 0.017 0.014 
   3   (0.046) 0.037 0.034 0.013 0.011 
   4   (0.076) 0.072 0.251 0.021 0.056 
   5   (0.049) 0.008 0.035 0.014 0.127 
   6   (0.042) 0.036 0.034 0.012 0.010 
   7   (0.032) 0.009 0.055 0.009 0.008 
   8   (0.058) 0.282 0.051 0.016 0.014 
   9   (0.033) 0.006 0.032 0.009 0.008 
  10   (0.048) 0.051 0.048 0.013 0.011 
  11   (0.035) 0.177 0.008 0.010 0.008 
  12   (0.032) 0.063 0.005 0.009 0.008 
  13   (0.030) 0.034 0.005 0.008 0.007 
  14   (0.038) 0.006 0.006 0.155 0.009 
  15   (0.053) 0.009 0.009 0.051 0.242 
  16   (0.032) 0.005 0.005 0.117 0.007 
  17   (0.044) 0.008 0.007 0.048 0.049 
  18   (0.053) 0.009 0.009 0.160 0.089 
  19   (0.034) 0.006 0.006 0.118 0.008 
  20   (0.051) 0.009 0.008 0.050 0.127 
  21   (0.054) 0.009 0.009 0.087 0.127 
  22   (0.032) 0.005 0.005 0.045 0.008 
  23   (0.030) 0.005 0.005 0.008 0.045 

Locus 91 : locus91 
27 alleles
0.0% missing data
   1   (0.058) 0.018 0.278 0.052 0.014 
   2   (0.059) 0.011 0.146 0.197 0.014 
   3   (0.030) 0.005 0.088 0.008 0.007 
   4   (0.030) 0.005 0.060 0.008 0.007 
   5   (0.057) 0.015 0.198 0.052 0.013 
   6   (0.030) 0.005 0.033 0.008 0.007 
   7   (0.036) 0.009 0.058 0.010 0.008 
   8   (0.035) 0.087 0.008 0.010 0.008 
   9   (0.032) 0.061 0.005 0.009 0.008 
  10   (0.034) 0.169 0.010 0.010 0.008 
  11   (0.029) 0.033 0.005 0.008 0.007 
  12   (0.036) 0.117 0.006 0.010 0.008 
  13   (0.033) 0.058 0.009 0.009 0.008 
  14   (0.039) 0.224 0.012 0.011 0.009 
  15   (0.033) 0.057 0.010 0.009 0.008 
  16   (0.028) 0.033 0.005 0.008 0.007 
  17   (0.029) 0.033 0.005 0.008 0.007 
  18   (0.050) 0.008 0.008 0.123 0.050 
  19   (0.053) 0.009 0.009 0.123 0.127 
  20   (0.051) 0.008 0.009 0.050 0.318 
  21   (0.033) 0.005 0.006 0.154 0.008 
  22   (0.035) 0.006 0.006 0.082 0.008 
  23   (0.031) 0.005 0.005 0.009 0.084 
  24   (0.029) 0.005 0.005 0.008 0.045 
  25   (0.036) 0.006 0.006 0.010 0.123 
  26   (0.026) 0.004 0.004 0.007 0.044 
  27   (0.029) 0.005 0.005 0.008 0.045 

Locus 92 : locus92 
17 alleles
0.0% missing data
   1   (0.093) 0.015 0.100 0.134 0.136 
   2   (0.148) 0.049 0.251 0.186 0.379 
   3   (0.104) 0.028 0.232 0.101 0.101 
   4   (0.079) 0.013 0.070 0.058 0.134 
   5   (0.065) 0.010 0.068 0.126 0.015 
   6   (0.053) 0.009 0.066 0.051 0.012 
   7   (0.057) 0.009 0.123 0.016 0.051 
   8   (0.035) 0.060 0.006 0.010 0.008 
   9   (0.042) 0.194 0.013 0.012 0.010 
  10   (0.042) 0.170 0.009 0.012 0.010 
  11   (0.043) 0.081 0.016 0.012 0.010 
  12   (0.041) 0.194 0.012 0.011 0.010 
  13   (0.040) 0.114 0.009 0.011 0.009 
  14   (0.033) 0.033 0.006 0.009 0.008 
  15   (0.038) 0.006 0.007 0.155 0.009 
  16   (0.056) 0.009 0.010 0.088 0.051 
  17   (0.032) 0.005 0.006 0.009 0.046 

Locus 93 : locus93 
19 alleles
0.0% missing data
   1   (0.036) 0.008 0.085 0.010 0.008 
   2   (0.063) 0.014 0.333 0.018 0.053 
   3   (0.056) 0.015 0.058 0.016 0.090 
   4   (0.058) 0.014 0.169 0.016 0.051 
   5   (0.134) 0.087 0.176 0.182 0.261 
   6   (0.120) 0.130 0.077 0.142 0.219 
   7   (0.051) 0.094 0.009 0.014 0.050 
   8   (0.035) 0.089 0.008 0.010 0.008 
   9   (0.030) 0.034 0.005 0.008 0.007 
  10   (0.086) 0.265 0.020 0.096 0.058 
  11   (0.062) 0.148 0.015 0.089 0.015 
  12   (0.029) 0.033 0.005 0.008 0.007 
  13   (0.031) 0.034 0.005 0.009 0.007 
  14   (0.028) 0.005 0.005 0.044 0.007 
  15   (0.032) 0.005 0.005 0.081 0.008 
  16   (0.037) 0.006 0.006 0.119 0.009 
  17   (0.029) 0.005 0.005 0.044 0.007 
  18   (0.050) 0.008 0.008 0.050 0.127 
  19   (0.033) 0.005 0.005 0.045 0.008 

Locus 94 : locus94 
21 alleles
0.0% missing data
   1   (0.049) 0.016 0.191 0.014 0.012 
   2   (0.045) 0.008 0.225 0.012 0.011 
   3   (0.041) 0.008 0.115 0.011 0.010 
   4   (0.071) 0.179 0.095 0.020 0.017 
   5   (0.044) 0.012 0.194 0.012 0.010 
   6   (0.056) 0.053 0.050 0.016 0.013 
   7   (0.046) 0.400 0.010 0.013 0.011 
   8   (0.043) 0.118 0.009 0.012 0.010 
   9   (0.040) 0.082 0.015 0.011 0.010 
  10   (0.036) 0.034 0.006 0.010 0.009 
  11   (0.073) 0.012 0.012 0.092 0.399 
  12   (0.042) 0.007 0.007 0.120 0.010 
  13   (0.059) 0.010 0.010 0.089 0.090 
  14   (0.059) 0.010 0.010 0.125 0.052 
  15   (0.041) 0.007 0.007 0.156 0.010 
  16   (0.033) 0.005 0.006 0.045 0.008 
  17   (0.066) 0.011 0.011 0.126 0.092 
  18   (0.055) 0.009 0.009 0.051 0.090 
  19   (0.032) 0.005 0.005 0.045 0.008 
  20   (0.034) 0.006 0.006 0.010 0.085 
  21   (0.034) 0.006 0.006 0.010 0.046 

Locus 95 : locus95 
27 alleles
0.0% missing data
   1   (0.045) 0.015 0.191 0.012 0.011 
   2   (0.033) 0.006 0.060 0.009 0.008 
   3   (0.037) 0.007 0.142 0.010 0.009 
   4   (0.038) 0.008 0.115 0.011 0.009 
   5   (0.040) 0.009 0.197 0.011 0.009 
   6   (0.035) 0.010 0.057 0.010 0.008 
   7   (0.033) 0.007 0.086 0.009 0.008 
   8   (0.035) 0.062 0.006 0.010 0.008 
   9   (0.037) 0.202 0.007 0.010 0.009 
  10   (0.043) 0.115 0.012 0.012 0.010 
  11   (0.038) 0.147 0.006 0.011 0.009 
  12   (0.033) 0.058 0.009 0.009 0.008 
  13   (0.041) 0.170 0.012 0.011 0.010 
  14   (0.040) 0.106 0.019 0.011 0.009 
  15   (0.042) 0.007 0.007 0.192 0.010 
  16   (0.038) 0.006 0.006 0.083 0.009 
  17   (0.034) 0.006 0.006 0.046 0.008 
  18   (0.039) 0.007 0.007 0.156 0.009 
  19   (0.038) 0.006 0.006 0.119 0.009 
  20   (0.031) 0.005 0.005 0.081 0.007 
  21   (0.045) 0.007 0.008 0.049 0.049 
  22   (0.036) 0.006 0.006 0.082 0.008 
  23   (0.034) 0.006 0.006 0.009 0.123 
  24   (0.039) 0.007 0.007 0.011 0.391 
  25   (0.035) 0.006 0.006 0.010 0.161 
  26   (0.031) 0.005 0.005 0.009 0.046 
  27   (0.029) 0.005 0.005 0.008 0.045 

Locus 96 : locus96 
20 alleles
0.0% missing data
   1   (0.070) 0.083 0.190 0.019 0.016 
   2   (0.043) 0.010 0.143 0.012 0.010 
   3   (0.039) 0.008 0.117 0.011 0.009 
   4   (0.077) 0.249 0.136 0.022 0.018 
   5   (0.060) 0.013 0.091 0.017 0.052 
   6   (0.061) 0.059 0.155 0.017 0.014 
   7   (0.064) 0.100 0.060 0.018 0.015 
   8   (0.045) 0.309 0.012 0.013 0.011 
   9   (0.036) 0.058 0.010 0.010 0.009 
  10   (0.036) 0.034 0.006 0.010 0.009 
  11   (0.064) 0.010 0.011 0.126 0.091 
  12   (0.038) 0.006 0.006 0.083 0.009 
  13   (0.058) 0.010 0.010 0.052 0.167 
  14   (0.043) 0.007 0.007 0.121 0.010 
  15   (0.043) 0.007 0.007 0.156 0.010 
  16   (0.065) 0.011 0.011 0.163 0.053 
  17   (0.036) 0.006 0.006 0.046 0.009 
  18   (0.038) 0.006 0.007 0.083 0.009 
  19   (0.038) 0.006 0.006 0.010 0.085 
  20   (0.046) 0.007 0.008 0.013 0.393 

Locus 97 : locus97 
25 alleles
0.0% missing data
   1   (0.050) 0.012 0.366 0.014 0.012 
   2   (0.054) 0.013 0.060 0.051 0.013 
   3   (0.032) 0.005 0.033 0.009 0.008 
   4   (0.054) 0.009 0.037 0.088 0.013 
   5   (0.038) 0.009 0.088 0.011 0.009 
   6   (0.040) 0.008 0.144 0.011 0.009 
   7   (0.044) 0.013 0.113 0.012 0.011 
   8   (0.032) 0.005 0.033 0.009 0.008 
   9   (0.034) 0.061 0.006 0.009 0.008 
  10   (0.038) 0.087 0.009 0.011 0.009 
  11   (0.046) 0.196 0.013 0.013 0.011 
  12   (0.046) 0.364 0.012 0.013 0.011 
  13   (0.033) 0.033 0.006 0.009 0.008 
  14   (0.042) 0.116 0.009 0.012 0.010 
  15   (0.044) 0.007 0.007 0.193 0.010 
  16   (0.034) 0.006 0.006 0.046 0.008 
  17   (0.047) 0.008 0.008 0.230 0.011 
  18   (0.038) 0.006 0.006 0.155 0.009 
  19   (0.035) 0.006 0.006 0.046 0.008 
  20   (0.037) 0.006 0.006 0.010 0.085 
  21   (0.031) 0.005 0.005 0.009 0.045 
  22   (0.035) 0.006 0.006 0.010 0.085 
  23   (0.040) 0.007 0.007 0.011 0.239 
  24   (0.040) 0.007 0.007 0.011 0.315 
  25   (0.034) 0.005 0.006 0.009 0.046 

Locus 98 : locus98 
24 alleles
0.0% missing data
   1   (0.065) 0.015 0.173 0.018 0.092 
   2   (0.065) 0.017 0.199 0.018 0.092 
   3   (0.034) 0.007 0.116 0.009 0.008 
   4   (0.066) 0.020 0.141 0.018 0.131 
   5   (0.053) 0.009 0.093 0.015 0.050 
   6   (0.066) 0.013 0.147 0.018 0.207 
   7   (0.034) 0.057 0.010 0.009 0.008 
   8   (0.045) 0.311 0.010 0.012 0.011 
   9   (0.038) 0.116 0.008 0.011 0.009 
  10   (0.051) 0.059 0.013 0.014 0.050 
  11   (0.037) 0.141 0.010 0.010 0.009 
  12   (0.041) 0.142 0.011 0.011 0.010 
  13   (0.046) 0.035 0.008 0.013 0.049 
  14   (0.032) 0.005 0.005 0.045 0.008 
  15   (0.039) 0.006 0.007 0.156 0.009 
  16   (0.037) 0.006 0.006 0.155 0.009 
  17   (0.035) 0.006 0.006 0.154 0.008 
  18   (0.034) 0.006 0.006 0.190 0.008 
  19   (0.032) 0.005 0.006 0.081 0.008 
  20   (0.031) 0.005 0.005 0.009 0.046 
  21   (0.031) 0.005 0.005 0.009 0.045 
  22   (0.031) 0.005 0.005 0.009 0.045 
  23   (0.028) 0.005 0.005 0.008 0.045 
  24   (0.028) 0.005 0.005 0.008 0.045 

Locus 99 : locus99 
26 alleles
0.0% missing data
   1   (0.032) 0.005 0.061 0.009 0.008 
   2   (0.044) 0.010 0.420 0.012 0.010 
   3   (0.060) 0.015 0.144 0.053 0.014 
   4   (0.039) 0.009 0.170 0.011 0.009 
   5   (0.034) 0.010 0.057 0.010 0.008 
   6   (0.039) 0.116 0.008 0.011 0.009 
   7   (0.049) 0.253 0.014 0.014 0.012 
   8   (0.045) 0.253 0.013 0.012 0.011 
   9   (0.064) 0.038 0.011 0.344 0.015 
  10   (0.027) 0.032 0.005 0.007 0.006 
  11   (0.033) 0.033 0.006 0.009 0.008 
  12   (0.054) 0.118 0.011 0.051 0.013 
  13   (0.030) 0.033 0.005 0.008 0.007 
  14   (0.032) 0.005 0.005 0.081 0.008 
  15   (0.038) 0.006 0.006 0.119 0.009 
  16   (0.052) 0.009 0.009 0.087 0.050 
  17   (0.029) 0.005 0.005 0.044 0.007 
  18   (0.031) 0.005 0.005 0.045 0.007 
  19   (0.033) 0.006 0.006 0.009 0.046 
  20   (0.035) 0.006 0.006 0.010 0.047 
  21   (0.034) 0.006 0.006 0.009 0.085 
  22   (0.040) 0.007 0.007 0.011 0.277 
  23   (0.031) 0.005 0.005 0.009 0.160 
  24   (0.031) 0.005 0.005 0.008 0.045 
  25   (0.031) 0.005 0.005 0.009 0.045 
  26   (0.033) 0.005 0.006 0.009 0.084 

Locus 100 : locus100 
12 alleles
0.0% missing data
   1   (0.135) 0.171 0.207 0.182 0.032 
   2   (0.134) 0.177 0.227 0.145 0.032 
   3   (0.104) 0.142 0.143 0.065 0.025 
   4   (0.073) 0.108 0.110 0.020 0.017 
   5   (0.149) 0.067 0.177 0.295 0.073 
   6   (0.076) 0.018 0.063 0.021 0.209 
   7   (0.042) 0.059 0.011 0.012 0.010 
   8   (0.043) 0.058 0.012 0.012 0.010 
   9   (0.071) 0.039 0.012 0.020 0.361 
  10   (0.093) 0.147 0.023 0.206 0.022 
  11   (0.044) 0.007 0.008 0.012 0.163 
  12   (0.037) 0.006 0.006 0.010 0.047 

Values of parameters used in structure:
DATAFILE=parentandhybrid1.str,	OUTFILE=parentandhybrid4Deme_1,	NUMINDS=50,	NUMLOCI=100,	MISSING=0,	LABEL=1,	POPDATA=0,	POPFLAG=0,	PHENOTYPE=0,	EXTRACOLS=0,	MAXPOPS=4,	BURNIN=200000,	NUMREPS=200000,	USEPOPINFO=0,	INFERALPHA=1,	INFERLAMBDA=0,	POPSPECIFICLAMBDA=0,	POPALPHAS=0,	COMPUTEPROB=1,	NOADMIX=0,	ADMBURNIN=500,	UPDATEFREQ=100,	PRINTLIKES=0,	INTERMEDSAVE=0,	PRINTKLD=0,	PRINTNET=1,	PRINTLAMBDA=1,	ANCESTDIST=0,	NUMBOXES=1000,	ANCESTPINT=0.90000,	GENSBACK=2,	MIGRPRIOR=0.01000,	PRINTQHAT=0,	PRINTQSUM=1,	ALPHA=1.0000,	FREQSCORR=1,	FPRIORMEAN=0.0100,	FPRIORSD=0.0500,	ONEFST=0,	LAMBDA=1.0000,	UNIFPRIORALPHA=1,	ALPHAMAX=10.0000,	ALPHAPRIORA=1.0000,	ALPHAPRIORB=2.0000,	ALPHAPROPSD=0.0250,	STARTATPOPINFO=0,	RANDOMIZE=1,	LINKAGE=0,	METROFREQ=10,	REPORTHITRATE=0,	MARKOVPHASE=0,	PHASED=0,	PLOIDY=2,	PHASEINFO=0	LOCPRIOR=0, 	LOCPRIORINIT=1.000000, 	LOCDATA=0, 	LOCISPOP=0, 	LOCPRIORSTEP=0.100000, 	MAXLOCPRIOR=20.000000, 	SEED=1658849610,	
[STRAT parameters]:    NUMSIMSTATS=1000,	PHENOTYPECOL=-9,	POOLFREQ=10,	LOCUSxONLY=0,	EMERROR=0.00100,	MISSINGPHENO=-9,	