

----------------------------------------------------
STRUCTURE by Pritchard, Stephens and Donnelly (2000)
     and Falush, Stephens and Pritchard (2003)
       Code by Pritchard, Falush and Hubisz
             Version 2.3.4 (Jul 2012)
----------------------------------------------------



Command line arguments:   /usr/local/bin/structure -i parentandhybrid1.str -m mainparams.txt -e extraparams.txt -K 4 -o parentandhybrid4Deme_4 
Input File:    parentandhybrid1.str

Run parameters:
   50 individuals
   100 loci
   4 populations assumed
   200000 Burn-in period
   200000 Reps


--------------------------------------------
Overall proportion of membership of the
sample in each of the 4 clusters

Inferred Clusters
  1      2      3      4    
0.301  0.200  0.200  0.299  

--------------------------------------------

Allele-freq. divergence among pops (Net nucleotide distance),
computed using point estimates of P.

      1       2       3       4      
 1      -    0.0929  0.1053  0.1020  
 2   0.0929     -    0.0907  0.0981  
 3   0.1053  0.0907     -    0.1077  
 4   0.1020  0.0981  0.1077     -    

Average distances (expected heterozygosity) between individuals in same cluster:
cluster  1  : 0.8506 
cluster  2  : 0.8694 
cluster  3  : 0.8498 
cluster  4  : 0.8424 

--------------------------------------------
Estimated Ln Prob of Data   = -22953.6
Mean value of ln likelihood = -21402.4
Variance of ln likelihood   = 3102.4
Mean value of alpha         = 0.0280

Mean value of Fst_1         = 0.1400
Mean value of Fst_2         = 0.1158
Mean value of Fst_3         = 0.1393
Mean value of Fst_4         = 0.1451


Inferred ancestry of individuals:
        Label (%Miss) :  Inferred clusters
  1        1    (0)   :  0.999 0.001 0.000 0.000 
  2        2    (0)   :  0.999 0.000 0.000 0.001 
  3        3    (0)   :  0.997 0.001 0.000 0.001 
  4        4    (0)   :  0.998 0.001 0.001 0.000 
  5        5    (0)   :  0.999 0.000 0.000 0.000 
  6        6    (0)   :  0.999 0.000 0.000 0.000 
  7        7    (0)   :  0.998 0.001 0.001 0.001 
  8        8    (0)   :  0.999 0.000 0.000 0.001 
  9        9    (0)   :  0.998 0.000 0.001 0.001 
 10       10    (0)   :  0.998 0.000 0.000 0.001 
 11       11    (0)   :  0.000 0.000 0.001 0.998 
 12       12    (0)   :  0.000 0.000 0.000 0.999 
 13       13    (0)   :  0.000 0.001 0.000 0.999 
 14       14    (0)   :  0.000 0.000 0.000 0.999 
 15       15    (0)   :  0.000 0.000 0.001 0.999 
 16       16    (0)   :  0.000 0.000 0.001 0.998 
 17       17    (0)   :  0.002 0.000 0.001 0.997 
 18       18    (0)   :  0.001 0.001 0.000 0.998 
 19       19    (0)   :  0.000 0.000 0.000 0.999 
 20       20    (0)   :  0.000 0.000 0.000 0.999 
 21      h01    (0)   :  0.488 0.000 0.000 0.512 
 22      h02    (0)   :  0.505 0.000 0.000 0.495 
 23      h03    (0)   :  0.518 0.000 0.000 0.481 
 24      h04    (0)   :  0.527 0.000 0.000 0.473 
 25      h05    (0)   :  0.488 0.000 0.000 0.511 
 26      h06    (0)   :  0.496 0.000 0.000 0.503 
 27      h07    (0)   :  0.471 0.000 0.000 0.529 
 28      h08    (0)   :  0.540 0.000 0.000 0.460 
 29      h09    (0)   :  0.527 0.000 0.000 0.472 
 30      h10    (0)   :  0.501 0.000 0.000 0.498 
 31       21    (0)   :  0.000 0.999 0.000 0.000 
 32       22    (0)   :  0.000 0.999 0.001 0.000 
 33       23    (0)   :  0.000 0.998 0.002 0.000 
 34       24    (0)   :  0.000 0.999 0.000 0.000 
 35       25    (0)   :  0.000 0.998 0.001 0.001 
 36       26    (0)   :  0.001 0.998 0.001 0.000 
 37       27    (0)   :  0.000 0.999 0.000 0.000 
 38       28    (0)   :  0.000 0.999 0.000 0.000 
 39       29    (0)   :  0.000 0.998 0.001 0.000 
 40       30    (0)   :  0.000 0.999 0.000 0.000 
 41       31    (0)   :  0.001 0.000 0.999 0.000 
 42       32    (0)   :  0.000 0.000 0.999 0.000 
 43       33    (0)   :  0.000 0.000 0.999 0.000 
 44       34    (0)   :  0.000 0.000 0.999 0.000 
 45       35    (0)   :  0.001 0.000 0.999 0.000 
 46       36    (0)   :  0.001 0.001 0.998 0.000 
 47       37    (0)   :  0.000 0.000 0.999 0.000 
 48       38    (0)   :  0.000 0.001 0.999 0.000 
 49       39    (0)   :  0.000 0.001 0.999 0.000 
 50       40    (0)   :  0.000 0.000 0.999 0.000 


Estimated Allele Frequencies in each cluster
First column gives estimated ancestral frequencies


Locus 1 : locus1 
19 alleles
0.0% missing data
   1   (0.074) 0.239 0.020 0.017 0.120 
   2   (0.035) 0.115 0.010 0.008 0.009 
   3   (0.073) 0.051 0.020 0.055 0.084 
   4   (0.036) 0.089 0.010 0.008 0.008 
   5   (0.089) 0.067 0.169 0.021 0.100 
   6   (0.035) 0.091 0.010 0.008 0.006 
   7   (0.078) 0.148 0.058 0.057 0.019 
   8   (0.036) 0.034 0.010 0.009 0.006 
   9   (0.083) 0.070 0.023 0.134 0.068 
  10   (0.060) 0.010 0.161 0.014 0.064 
  11   (0.074) 0.020 0.129 0.018 0.279 
  12   (0.075) 0.020 0.165 0.018 0.197 
  13   (0.036) 0.006 0.118 0.008 0.006 
  14   (0.033) 0.006 0.045 0.008 0.005 
  15   (0.037) 0.006 0.010 0.161 0.006 
  16   (0.036) 0.006 0.010 0.123 0.006 
  17   (0.036) 0.006 0.010 0.085 0.006 
  18   (0.037) 0.006 0.010 0.123 0.006 
  19   (0.039) 0.007 0.011 0.124 0.006 

Locus 2 : locus2 
18 alleles
0.0% missing data
   1   (0.068) 0.171 0.019 0.054 0.016 
   2   (0.089) 0.307 0.025 0.097 0.022 
   3   (0.118) 0.156 0.033 0.180 0.159 
   4   (0.040) 0.057 0.011 0.010 0.011 
   5   (0.042) 0.086 0.012 0.010 0.010 
   6   (0.036) 0.033 0.010 0.009 0.006 
   7   (0.041) 0.057 0.011 0.010 0.011 
   8   (0.038) 0.033 0.011 0.009 0.006 
   9   (0.073) 0.016 0.020 0.094 0.093 
  10   (0.092) 0.023 0.026 0.137 0.462 
  11   (0.084) 0.014 0.023 0.287 0.128 
  12   (0.038) 0.006 0.011 0.009 0.035 
  13   (0.049) 0.008 0.303 0.012 0.008 
  14   (0.047) 0.008 0.303 0.011 0.008 
  15   (0.036) 0.006 0.046 0.008 0.006 
  16   (0.035) 0.006 0.046 0.008 0.006 
  17   (0.039) 0.007 0.083 0.009 0.007 
  18   (0.035) 0.006 0.010 0.046 0.006 

Locus 3 : locus3 
22 alleles
0.0% missing data
   1   (0.045) 0.197 0.013 0.011 0.012 
   2   (0.044) 0.144 0.012 0.011 0.009 
   3   (0.045) 0.253 0.012 0.011 0.010 
   4   (0.041) 0.087 0.011 0.010 0.009 
   5   (0.059) 0.089 0.053 0.014 0.013 
   6   (0.043) 0.087 0.012 0.010 0.010 
   7   (0.081) 0.015 0.023 0.286 0.235 
   8   (0.070) 0.016 0.019 0.208 0.092 
   9   (0.047) 0.013 0.013 0.011 0.254 
  10   (0.046) 0.015 0.013 0.011 0.168 
  11   (0.042) 0.009 0.012 0.010 0.088 
  12   (0.051) 0.009 0.014 0.050 0.036 
  13   (0.046) 0.008 0.230 0.011 0.008 
  14   (0.039) 0.007 0.120 0.009 0.007 
  15   (0.044) 0.007 0.157 0.010 0.007 
  16   (0.039) 0.007 0.155 0.009 0.006 
  17   (0.037) 0.006 0.046 0.009 0.006 
  18   (0.039) 0.007 0.047 0.009 0.006 
  19   (0.038) 0.006 0.010 0.085 0.006 
  20   (0.037) 0.006 0.010 0.123 0.006 
  21   (0.032) 0.006 0.009 0.046 0.005 
  22   (0.033) 0.006 0.009 0.046 0.005 

Locus 4 : locus4 
17 alleles
0.0% missing data
   1   (0.117) 0.282 0.033 0.333 0.061 
   2   (0.066) 0.139 0.018 0.054 0.021 
   3   (0.069) 0.113 0.019 0.017 0.160 
   4   (0.074) 0.164 0.021 0.018 0.166 
   5   (0.089) 0.054 0.025 0.174 0.088 
   6   (0.042) 0.116 0.012 0.010 0.009 
   7   (0.034) 0.033 0.009 0.008 0.006 
   8   (0.047) 0.008 0.013 0.050 0.036 
   9   (0.088) 0.015 0.314 0.059 0.042 
  10   (0.124) 0.034 0.106 0.221 0.314 
  11   (0.035) 0.006 0.010 0.008 0.034 
  12   (0.033) 0.006 0.009 0.008 0.033 
  13   (0.043) 0.007 0.192 0.010 0.007 
  14   (0.039) 0.007 0.083 0.009 0.007 
  15   (0.034) 0.006 0.045 0.008 0.006 
  16   (0.034) 0.006 0.045 0.008 0.006 
  17   (0.032) 0.006 0.045 0.008 0.005 

Locus 5 : locus5 
14 alleles
0.0% missing data
   1   (0.071) 0.277 0.020 0.055 0.018 
   2   (0.070) 0.196 0.019 0.055 0.018 
   3   (0.105) 0.259 0.065 0.140 0.022 
   4   (0.068) 0.089 0.091 0.016 0.015 
   5   (0.036) 0.033 0.010 0.008 0.006 
   6   (0.077) 0.023 0.021 0.095 0.229 
   7   (0.080) 0.013 0.203 0.019 0.212 
   8   (0.104) 0.021 0.137 0.139 0.127 
   9   (0.120) 0.032 0.214 0.105 0.178 
  10   (0.052) 0.009 0.015 0.051 0.037 
  11   (0.100) 0.024 0.172 0.100 0.065 
  12   (0.039) 0.010 0.011 0.009 0.059 
  13   (0.037) 0.006 0.010 0.085 0.006 
  14   (0.040) 0.007 0.011 0.124 0.007 

Locus 6 : locus6 
13 alleles
0.0% missing data
   1   (0.113) 0.100 0.212 0.141 0.023 
   2   (0.086) 0.138 0.024 0.020 0.383 
   3   (0.119) 0.242 0.141 0.143 0.026 
   4   (0.073) 0.167 0.020 0.017 0.082 
   5   (0.075) 0.042 0.093 0.056 0.012 
   6   (0.038) 0.061 0.011 0.009 0.009 
   7   (0.038) 0.064 0.011 0.009 0.006 
   8   (0.142) 0.106 0.112 0.186 0.162 
   9   (0.109) 0.027 0.283 0.102 0.063 
  10   (0.074) 0.029 0.020 0.055 0.212 
  11   (0.060) 0.011 0.053 0.129 0.010 
  12   (0.038) 0.007 0.011 0.085 0.006 
  13   (0.034) 0.006 0.009 0.046 0.006 

Locus 7 : locus7 
17 alleles
0.0% missing data
   1   (0.044) 0.271 0.012 0.010 0.011 
   2   (0.094) 0.166 0.026 0.137 0.084 
   3   (0.043) 0.136 0.012 0.010 0.011 
   4   (0.039) 0.055 0.011 0.009 0.011 
   5   (0.104) 0.124 0.137 0.025 0.190 
   6   (0.036) 0.055 0.010 0.008 0.010 
   7   (0.057) 0.078 0.016 0.051 0.022 
   8   (0.032) 0.005 0.009 0.008 0.034 
   9   (0.082) 0.018 0.059 0.134 0.096 
  10   (0.065) 0.014 0.018 0.130 0.095 
  11   (0.113) 0.018 0.284 0.218 0.136 
  12   (0.075) 0.016 0.274 0.018 0.095 
  13   (0.067) 0.018 0.019 0.131 0.120 
  14   (0.034) 0.006 0.010 0.008 0.064 
  15   (0.049) 0.008 0.050 0.050 0.008 
  16   (0.035) 0.006 0.046 0.008 0.006 
  17   (0.031) 0.005 0.009 0.045 0.005 

Locus 8 : locus8 
24 alleles
0.0% missing data
   1   (0.042) 0.275 0.011 0.010 0.013 
   2   (0.034) 0.197 0.010 0.008 0.006 
   3   (0.038) 0.141 0.010 0.009 0.009 
   4   (0.030) 0.033 0.009 0.007 0.005 
   5   (0.037) 0.081 0.010 0.009 0.013 
   6   (0.055) 0.036 0.232 0.013 0.009 
   7   (0.058) 0.065 0.197 0.014 0.010 
   8   (0.032) 0.033 0.009 0.008 0.005 
   9   (0.063) 0.016 0.090 0.015 0.146 
  10   (0.068) 0.020 0.019 0.093 0.171 
  11   (0.057) 0.012 0.016 0.052 0.148 
  12   (0.058) 0.012 0.016 0.052 0.120 
  13   (0.060) 0.014 0.017 0.091 0.203 
  14   (0.035) 0.010 0.010 0.008 0.058 
  15   (0.051) 0.009 0.086 0.012 0.036 
  16   (0.029) 0.005 0.044 0.007 0.005 
  17   (0.033) 0.006 0.081 0.008 0.005 
  18   (0.034) 0.006 0.082 0.008 0.006 
  19   (0.032) 0.005 0.009 0.198 0.005 
  20   (0.031) 0.005 0.009 0.122 0.005 
  21   (0.029) 0.005 0.008 0.045 0.005 
  22   (0.030) 0.005 0.008 0.045 0.005 
  23   (0.032) 0.005 0.009 0.084 0.005 
  24   (0.032) 0.005 0.009 0.084 0.005 

Locus 9 : locus9 
19 alleles
0.0% missing data
   1   (0.044) 0.171 0.012 0.011 0.010 
   2   (0.058) 0.066 0.016 0.090 0.010 
   3   (0.042) 0.119 0.012 0.010 0.007 
   4   (0.050) 0.036 0.014 0.050 0.008 
   5   (0.074) 0.092 0.020 0.171 0.016 
   6   (0.082) 0.140 0.023 0.210 0.025 
   7   (0.038) 0.034 0.010 0.009 0.006 
   8   (0.038) 0.059 0.010 0.009 0.009 
   9   (0.048) 0.169 0.013 0.011 0.013 
  10   (0.046) 0.011 0.013 0.011 0.282 
  11   (0.096) 0.023 0.244 0.023 0.342 
  12   (0.063) 0.011 0.162 0.015 0.066 
  13   (0.083) 0.022 0.240 0.020 0.116 
  14   (0.058) 0.015 0.052 0.014 0.059 
  15   (0.039) 0.007 0.083 0.009 0.006 
  16   (0.035) 0.006 0.046 0.008 0.006 
  17   (0.034) 0.006 0.009 0.084 0.006 
  18   (0.034) 0.006 0.009 0.122 0.006 
  19   (0.039) 0.007 0.011 0.124 0.006 

Locus 10 : locus10 
20 alleles
0.0% missing data
   1   (0.069) 0.179 0.019 0.016 0.149 
   2   (0.078) 0.198 0.166 0.019 0.020 
   3   (0.081) 0.133 0.022 0.019 0.368 
   4   (0.083) 0.093 0.059 0.096 0.018 
   5   (0.065) 0.197 0.018 0.053 0.017 
   6   (0.078) 0.048 0.022 0.056 0.118 
   7   (0.056) 0.059 0.052 0.013 0.015 
   8   (0.077) 0.023 0.021 0.209 0.227 
   9   (0.043) 0.007 0.265 0.010 0.007 
  10   (0.031) 0.005 0.045 0.007 0.005 
  11   (0.034) 0.006 0.082 0.008 0.006 
  12   (0.033) 0.006 0.045 0.008 0.006 
  13   (0.035) 0.006 0.082 0.008 0.006 
  14   (0.031) 0.005 0.045 0.007 0.005 
  15   (0.037) 0.006 0.010 0.123 0.006 
  16   (0.034) 0.006 0.009 0.046 0.006 
  17   (0.030) 0.005 0.008 0.045 0.005 
  18   (0.037) 0.006 0.010 0.085 0.006 
  19   (0.032) 0.005 0.009 0.046 0.005 
  20   (0.035) 0.006 0.010 0.123 0.006 

Locus 11 : locus11 
24 alleles
0.0% missing data
   1   (0.043) 0.136 0.012 0.010 0.015 
   2   (0.042) 0.278 0.012 0.010 0.010 
   3   (0.028) 0.032 0.008 0.007 0.005 
   4   (0.038) 0.168 0.011 0.009 0.009 
   5   (0.038) 0.111 0.011 0.009 0.011 
   6   (0.034) 0.061 0.010 0.008 0.006 
   7   (0.033) 0.033 0.009 0.008 0.005 
   8   (0.029) 0.032 0.008 0.007 0.005 
   9   (0.072) 0.016 0.020 0.170 0.235 
  10   (0.057) 0.013 0.016 0.090 0.091 
  11   (0.075) 0.016 0.021 0.247 0.206 
  12   (0.039) 0.010 0.011 0.009 0.144 
  13   (0.049) 0.008 0.086 0.012 0.036 
  14   (0.065) 0.022 0.235 0.016 0.083 
  15   (0.033) 0.009 0.009 0.008 0.058 
  16   (0.047) 0.008 0.013 0.087 0.036 
  17   (0.039) 0.007 0.119 0.009 0.006 
  18   (0.039) 0.007 0.192 0.009 0.007 
  19   (0.033) 0.006 0.081 0.008 0.005 
  20   (0.034) 0.006 0.045 0.008 0.006 
  21   (0.034) 0.006 0.045 0.008 0.006 
  22   (0.030) 0.005 0.008 0.045 0.005 
  23   (0.036) 0.006 0.010 0.161 0.006 
  24   (0.032) 0.005 0.009 0.046 0.005 

Locus 12 : locus12 
23 alleles
0.0% missing data
   1   (0.054) 0.150 0.051 0.013 0.010 
   2   (0.036) 0.176 0.010 0.009 0.007 
   3   (0.068) 0.087 0.055 0.016 0.047 
   4   (0.038) 0.143 0.011 0.009 0.012 
   5   (0.037) 0.119 0.010 0.009 0.008 
   6   (0.043) 0.036 0.012 0.048 0.007 
   7   (0.060) 0.085 0.161 0.014 0.020 
   8   (0.066) 0.050 0.054 0.016 0.082 
   9   (0.028) 0.033 0.008 0.007 0.005 
  10   (0.066) 0.023 0.090 0.016 0.189 
  11   (0.061) 0.013 0.089 0.015 0.143 
  12   (0.061) 0.018 0.052 0.014 0.329 
  13   (0.031) 0.005 0.009 0.007 0.032 
  14   (0.032) 0.006 0.009 0.008 0.059 
  15   (0.035) 0.006 0.082 0.008 0.006 
  16   (0.047) 0.008 0.085 0.049 0.008 
  17   (0.035) 0.006 0.118 0.008 0.006 
  18   (0.031) 0.005 0.045 0.007 0.005 
  19   (0.034) 0.006 0.009 0.122 0.005 
  20   (0.034) 0.006 0.010 0.123 0.005 
  21   (0.033) 0.006 0.009 0.199 0.005 
  22   (0.037) 0.006 0.010 0.200 0.006 
  23   (0.032) 0.006 0.009 0.084 0.005 

Locus 13 : locus13 
18 alleles
0.0% missing data
   1   (0.062) 0.149 0.053 0.015 0.012 
   2   (0.057) 0.114 0.016 0.014 0.045 
   3   (0.124) 0.179 0.143 0.029 0.415 
   4   (0.065) 0.095 0.127 0.015 0.011 
   5   (0.079) 0.057 0.131 0.019 0.053 
   6   (0.087) 0.228 0.205 0.021 0.024 
   7   (0.105) 0.101 0.138 0.025 0.212 
   8   (0.057) 0.016 0.052 0.014 0.059 
   9   (0.034) 0.006 0.009 0.008 0.033 
  10   (0.034) 0.006 0.010 0.008 0.033 
  11   (0.032) 0.006 0.009 0.007 0.033 
  12   (0.032) 0.006 0.009 0.008 0.033 
  13   (0.048) 0.008 0.049 0.050 0.008 
  14   (0.038) 0.007 0.011 0.124 0.006 
  15   (0.030) 0.005 0.008 0.045 0.005 
  16   (0.038) 0.007 0.011 0.276 0.006 
  17   (0.040) 0.007 0.011 0.200 0.007 
  18   (0.036) 0.006 0.010 0.123 0.006 

Locus 14 : locus14 
24 alleles
0.0% missing data
   1   (0.029) 0.031 0.008 0.007 0.005 
   2   (0.036) 0.188 0.010 0.009 0.010 
   3   (0.044) 0.294 0.012 0.010 0.012 
   4   (0.037) 0.086 0.010 0.009 0.006 
   5   (0.041) 0.160 0.011 0.010 0.013 
   6   (0.054) 0.061 0.015 0.013 0.126 
   7   (0.053) 0.061 0.015 0.013 0.125 
   8   (0.036) 0.006 0.010 0.008 0.094 
   9   (0.037) 0.006 0.010 0.009 0.094 
  10   (0.036) 0.007 0.010 0.009 0.122 
  11   (0.042) 0.009 0.012 0.010 0.268 
  12   (0.030) 0.005 0.008 0.007 0.034 
  13   (0.031) 0.005 0.045 0.007 0.005 
  14   (0.038) 0.006 0.083 0.009 0.007 
  15   (0.054) 0.009 0.050 0.242 0.009 
  16   (0.050) 0.008 0.122 0.050 0.009 
  17   (0.032) 0.005 0.045 0.008 0.006 
  18   (0.054) 0.009 0.051 0.166 0.009 
  19   (0.036) 0.006 0.119 0.008 0.006 
  20   (0.054) 0.009 0.123 0.089 0.009 
  21   (0.058) 0.009 0.088 0.128 0.010 
  22   (0.035) 0.006 0.082 0.008 0.006 
  23   (0.046) 0.008 0.049 0.049 0.008 
  24   (0.036) 0.006 0.010 0.123 0.006 

Locus 15 : locus15 
24 alleles
0.0% missing data
   1   (0.042) 0.278 0.012 0.010 0.010 
   2   (0.047) 0.388 0.013 0.011 0.012 
   3   (0.035) 0.086 0.010 0.008 0.008 
   4   (0.054) 0.036 0.124 0.013 0.009 
   5   (0.035) 0.057 0.010 0.008 0.010 
   6   (0.041) 0.009 0.011 0.010 0.202 
   7   (0.038) 0.009 0.011 0.009 0.088 
   8   (0.043) 0.011 0.012 0.010 0.200 
   9   (0.032) 0.005 0.009 0.007 0.033 
  10   (0.036) 0.011 0.010 0.009 0.113 
  11   (0.039) 0.014 0.011 0.009 0.082 
  12   (0.031) 0.005 0.009 0.007 0.062 
  13   (0.050) 0.009 0.087 0.012 0.036 
  14   (0.030) 0.005 0.008 0.007 0.033 
  15   (0.031) 0.005 0.009 0.007 0.033 
  16   (0.037) 0.006 0.119 0.009 0.006 
  17   (0.065) 0.011 0.090 0.206 0.011 
  18   (0.035) 0.006 0.082 0.008 0.006 
  19   (0.048) 0.008 0.049 0.088 0.008 
  20   (0.053) 0.009 0.050 0.165 0.009 
  21   (0.061) 0.010 0.089 0.244 0.010 
  22   (0.054) 0.009 0.160 0.051 0.009 
  23   (0.029) 0.005 0.008 0.045 0.005 
  24   (0.033) 0.006 0.009 0.046 0.005 

Locus 16 : locus16 
15 alleles
0.0% missing data
   1   (0.091) 0.041 0.315 0.022 0.045 
   2   (0.091) 0.353 0.025 0.021 0.167 
   3   (0.042) 0.113 0.012 0.010 0.007 
   4   (0.054) 0.235 0.015 0.013 0.023 
   5   (0.037) 0.032 0.010 0.009 0.006 
   6   (0.092) 0.051 0.134 0.022 0.092 
   7   (0.105) 0.054 0.137 0.025 0.211 
   8   (0.036) 0.032 0.010 0.008 0.006 
   9   (0.092) 0.020 0.062 0.136 0.098 
  10   (0.107) 0.023 0.102 0.216 0.100 
  11   (0.076) 0.016 0.093 0.018 0.213 
  12   (0.059) 0.010 0.052 0.129 0.010 
  13   (0.046) 0.008 0.013 0.240 0.008 
  14   (0.039) 0.006 0.011 0.086 0.007 
  15   (0.035) 0.006 0.010 0.046 0.006 

Locus 17 : locus17 
20 alleles
0.0% missing data
   1   (0.047) 0.284 0.013 0.011 0.012 
   2   (0.044) 0.147 0.012 0.010 0.008 
   3   (0.043) 0.144 0.012 0.010 0.010 
   4   (0.037) 0.090 0.010 0.009 0.006 
   5   (0.037) 0.059 0.010 0.009 0.009 
   6   (0.048) 0.036 0.013 0.011 0.035 
   7   (0.114) 0.088 0.249 0.142 0.034 
   8   (0.055) 0.037 0.015 0.089 0.009 
   9   (0.047) 0.012 0.013 0.011 0.390 
  10   (0.038) 0.009 0.011 0.009 0.086 
  11   (0.038) 0.011 0.011 0.009 0.057 
  12   (0.045) 0.013 0.012 0.011 0.195 
  13   (0.036) 0.006 0.010 0.009 0.061 
  14   (0.034) 0.006 0.009 0.008 0.033 
  15   (0.034) 0.006 0.082 0.008 0.006 
  16   (0.061) 0.011 0.089 0.129 0.010 
  17   (0.059) 0.010 0.161 0.052 0.010 
  18   (0.061) 0.011 0.125 0.091 0.010 
  19   (0.065) 0.011 0.054 0.321 0.011 
  20   (0.056) 0.010 0.088 0.052 0.009 

Locus 18 : locus18 
20 alleles
0.0% missing data
   1   (0.040) 0.113 0.011 0.009 0.009 
   2   (0.085) 0.323 0.024 0.134 0.030 
   3   (0.041) 0.115 0.011 0.010 0.007 
   4   (0.036) 0.060 0.010 0.009 0.006 
   5   (0.108) 0.188 0.030 0.064 0.380 
   6   (0.057) 0.036 0.016 0.281 0.010 
   7   (0.037) 0.056 0.010 0.009 0.010 
   8   (0.056) 0.009 0.088 0.013 0.038 
   9   (0.056) 0.014 0.015 0.051 0.061 
  10   (0.079) 0.016 0.022 0.210 0.269 
  11   (0.055) 0.012 0.015 0.051 0.092 
  12   (0.055) 0.009 0.124 0.013 0.038 
  13   (0.038) 0.006 0.083 0.009 0.006 
  14   (0.040) 0.007 0.156 0.009 0.007 
  15   (0.038) 0.006 0.083 0.009 0.006 
  16   (0.034) 0.006 0.045 0.008 0.006 
  17   (0.039) 0.006 0.119 0.009 0.007 
  18   (0.039) 0.007 0.083 0.009 0.007 
  19   (0.032) 0.005 0.045 0.008 0.005 
  20   (0.034) 0.006 0.009 0.084 0.006 

Locus 19 : locus19 
25 alleles
0.0% missing data
   1   (0.045) 0.294 0.012 0.011 0.016 
   2   (0.031) 0.059 0.009 0.007 0.005 
   3   (0.036) 0.111 0.010 0.009 0.008 
   4   (0.036) 0.108 0.010 0.008 0.011 
   5   (0.051) 0.116 0.014 0.012 0.037 
   6   (0.062) 0.088 0.017 0.015 0.100 
   7   (0.084) 0.105 0.023 0.134 0.117 
   8   (0.036) 0.007 0.010 0.009 0.120 
   9   (0.035) 0.009 0.010 0.008 0.060 
  10   (0.065) 0.014 0.018 0.168 0.210 
  11   (0.037) 0.009 0.010 0.009 0.148 
  12   (0.053) 0.009 0.015 0.318 0.037 
  13   (0.046) 0.008 0.013 0.087 0.037 
  14   (0.047) 0.008 0.013 0.126 0.037 
  15   (0.029) 0.005 0.044 0.007 0.005 
  16   (0.037) 0.006 0.155 0.009 0.006 
  17   (0.027) 0.005 0.080 0.006 0.005 
  18   (0.033) 0.005 0.081 0.008 0.006 
  19   (0.030) 0.005 0.081 0.007 0.005 
  20   (0.036) 0.006 0.119 0.009 0.006 
  21   (0.026) 0.004 0.043 0.006 0.005 
  22   (0.031) 0.005 0.045 0.007 0.005 
  23   (0.033) 0.005 0.081 0.008 0.006 
  24   (0.026) 0.004 0.043 0.006 0.004 
  25   (0.029) 0.005 0.044 0.007 0.005 

Locus 20 : locus20 
15 alleles
0.0% missing data
   1   (0.094) 0.087 0.062 0.060 0.055 
   2   (0.044) 0.248 0.012 0.010 0.009 
   3   (0.046) 0.217 0.013 0.011 0.014 
   4   (0.120) 0.137 0.141 0.219 0.038 
   5   (0.101) 0.081 0.173 0.024 0.120 
   6   (0.053) 0.063 0.015 0.012 0.037 
   7   (0.038) 0.056 0.011 0.009 0.011 
   8   (0.062) 0.015 0.053 0.015 0.149 
   9   (0.038) 0.010 0.010 0.009 0.059 
  10   (0.050) 0.008 0.050 0.012 0.037 
  11   (0.034) 0.006 0.009 0.008 0.034 
  12   (0.129) 0.031 0.144 0.260 0.298 
  13   (0.034) 0.006 0.009 0.008 0.034 
  14   (0.034) 0.006 0.009 0.008 0.034 
  15   (0.124) 0.029 0.288 0.335 0.069 

Locus 21 : locus21 
20 alleles
0.0% missing data
   1   (0.073) 0.103 0.020 0.017 0.356 
   2   (0.053) 0.067 0.051 0.012 0.008 
   3   (0.033) 0.064 0.009 0.008 0.005 
   4   (0.035) 0.064 0.010 0.008 0.005 
   5   (0.036) 0.091 0.010 0.008 0.007 
   6   (0.069) 0.209 0.019 0.016 0.228 
   7   (0.078) 0.065 0.130 0.057 0.018 
   8   (0.034) 0.061 0.010 0.008 0.008 
   9   (0.077) 0.096 0.094 0.056 0.016 
  10   (0.057) 0.082 0.016 0.013 0.076 
  11   (0.033) 0.008 0.009 0.008 0.083 
  12   (0.039) 0.016 0.011 0.009 0.077 
  13   (0.035) 0.010 0.010 0.008 0.055 
  14   (0.039) 0.007 0.192 0.009 0.006 
  15   (0.053) 0.010 0.051 0.166 0.008 
  16   (0.059) 0.011 0.089 0.167 0.009 
  17   (0.059) 0.010 0.125 0.090 0.009 
  18   (0.058) 0.010 0.088 0.166 0.009 
  19   (0.050) 0.009 0.050 0.088 0.008 
  20   (0.032) 0.006 0.009 0.084 0.005 

Locus 22 : locus22 
16 alleles
0.0% missing data
   1   (0.043) 0.143 0.012 0.010 0.009 
   2   (0.088) 0.138 0.060 0.059 0.028 
   3   (0.097) 0.157 0.027 0.137 0.067 
   4   (0.076) 0.091 0.021 0.018 0.327 
   5   (0.081) 0.062 0.095 0.057 0.020 
   6   (0.039) 0.062 0.011 0.009 0.007 
   7   (0.064) 0.048 0.018 0.015 0.197 
   8   (0.071) 0.061 0.020 0.208 0.017 
   9   (0.097) 0.093 0.135 0.099 0.021 
  10   (0.076) 0.098 0.021 0.018 0.262 
  11   (0.072) 0.012 0.128 0.208 0.012 
  12   (0.038) 0.006 0.083 0.009 0.006 
  13   (0.048) 0.008 0.230 0.011 0.008 
  14   (0.037) 0.006 0.083 0.009 0.006 
  15   (0.034) 0.006 0.046 0.008 0.006 
  16   (0.039) 0.007 0.011 0.123 0.006 

Locus 23 : locus23 
17 alleles
0.0% missing data
   1   (0.093) 0.146 0.062 0.175 0.023 
   2   (0.044) 0.280 0.012 0.010 0.009 
   3   (0.083) 0.062 0.095 0.096 0.021 
   4   (0.082) 0.169 0.059 0.057 0.022 
   5   (0.106) 0.124 0.138 0.254 0.021 
   6   (0.096) 0.115 0.099 0.023 0.166 
   7   (0.038) 0.007 0.011 0.009 0.119 
   8   (0.034) 0.009 0.009 0.008 0.059 
   9   (0.035) 0.006 0.010 0.008 0.062 
  10   (0.088) 0.021 0.096 0.059 0.177 
  11   (0.067) 0.019 0.091 0.016 0.172 
  12   (0.032) 0.005 0.009 0.008 0.033 
  13   (0.038) 0.010 0.011 0.009 0.059 
  14   (0.033) 0.006 0.009 0.008 0.034 
  15   (0.063) 0.011 0.235 0.091 0.011 
  16   (0.033) 0.005 0.045 0.008 0.005 
  17   (0.037) 0.006 0.010 0.161 0.006 

Locus 24 : locus24 
18 alleles
0.0% missing data
   1   (0.080) 0.182 0.022 0.019 0.344 
   2   (0.033) 0.033 0.009 0.008 0.005 
   3   (0.107) 0.178 0.174 0.101 0.024 
   4   (0.073) 0.165 0.020 0.017 0.164 
   5   (0.079) 0.041 0.130 0.095 0.013 
   6   (0.033) 0.033 0.009 0.008 0.005 
   7   (0.062) 0.090 0.089 0.015 0.014 
   8   (0.039) 0.082 0.011 0.009 0.014 
   9   (0.061) 0.077 0.017 0.014 0.110 
  10   (0.050) 0.050 0.014 0.012 0.050 
  11   (0.053) 0.009 0.015 0.089 0.036 
  12   (0.041) 0.010 0.011 0.010 0.143 
  13   (0.032) 0.005 0.009 0.008 0.033 
  14   (0.060) 0.010 0.125 0.091 0.010 
  15   (0.065) 0.011 0.235 0.092 0.011 
  16   (0.058) 0.010 0.088 0.090 0.010 
  17   (0.037) 0.006 0.010 0.161 0.006 
  18   (0.038) 0.007 0.011 0.161 0.006 

Locus 25 : locus25 
17 alleles
0.0% missing data
   1   (0.096) 0.184 0.099 0.137 0.020 
   2   (0.034) 0.064 0.009 0.008 0.005 
   3   (0.055) 0.047 0.015 0.013 0.108 
   4   (0.080) 0.157 0.058 0.095 0.015 
   5   (0.072) 0.125 0.020 0.017 0.335 
   6   (0.058) 0.063 0.089 0.014 0.014 
   7   (0.095) 0.151 0.099 0.023 0.183 
   8   (0.087) 0.073 0.169 0.097 0.014 
   9   (0.085) 0.073 0.096 0.173 0.014 
  10   (0.061) 0.015 0.053 0.014 0.195 
  11   (0.051) 0.009 0.086 0.012 0.035 
  12   (0.033) 0.006 0.009 0.008 0.032 
  13   (0.032) 0.006 0.045 0.008 0.005 
  14   (0.052) 0.009 0.123 0.050 0.008 
  15   (0.037) 0.007 0.010 0.123 0.006 
  16   (0.037) 0.007 0.010 0.123 0.006 
  17   (0.034) 0.006 0.009 0.084 0.005 

Locus 26 : locus26 
28 alleles
0.0% missing data
   1   (0.032) 0.061 0.009 0.008 0.005 
   2   (0.026) 0.033 0.007 0.006 0.004 
   3   (0.038) 0.199 0.011 0.009 0.010 
   4   (0.032) 0.116 0.009 0.008 0.007 
   5   (0.047) 0.060 0.049 0.011 0.012 
   6   (0.035) 0.059 0.010 0.008 0.009 
   7   (0.035) 0.090 0.010 0.008 0.006 
   8   (0.031) 0.116 0.008 0.007 0.006 
   9   (0.053) 0.058 0.015 0.013 0.097 
  10   (0.033) 0.083 0.009 0.008 0.012 
  11   (0.035) 0.008 0.010 0.008 0.224 
  12   (0.032) 0.009 0.009 0.007 0.057 
  13   (0.058) 0.016 0.016 0.052 0.334 
  14   (0.055) 0.012 0.015 0.166 0.116 
  15   (0.047) 0.008 0.013 0.049 0.035 
  16   (0.035) 0.006 0.227 0.008 0.006 
  17   (0.036) 0.006 0.155 0.009 0.006 
  18   (0.026) 0.005 0.043 0.006 0.004 
  19   (0.033) 0.006 0.082 0.008 0.005 
  20   (0.031) 0.005 0.045 0.007 0.005 
  21   (0.031) 0.005 0.081 0.007 0.005 
  22   (0.031) 0.005 0.045 0.007 0.005 
  23   (0.030) 0.005 0.044 0.007 0.005 
  24   (0.030) 0.005 0.045 0.007 0.005 
  25   (0.027) 0.005 0.008 0.044 0.004 
  26   (0.037) 0.006 0.010 0.162 0.006 
  27   (0.032) 0.006 0.009 0.237 0.005 
  28   (0.030) 0.005 0.008 0.121 0.005 

Locus 27 : locus27 
18 alleles
0.0% missing data
   1   (0.036) 0.163 0.010 0.008 0.011 
   2   (0.029) 0.032 0.008 0.007 0.005 
   3   (0.079) 0.067 0.130 0.133 0.013 
   4   (0.035) 0.084 0.010 0.008 0.008 
   5   (0.036) 0.112 0.010 0.009 0.008 
   6   (0.070) 0.038 0.128 0.093 0.012 
   7   (0.034) 0.056 0.009 0.008 0.009 
   8   (0.035) 0.084 0.010 0.008 0.009 
   9   (0.100) 0.071 0.173 0.100 0.072 
  10   (0.071) 0.055 0.020 0.055 0.225 
  11   (0.066) 0.052 0.018 0.092 0.054 
  12   (0.031) 0.032 0.008 0.007 0.005 
  13   (0.035) 0.079 0.010 0.008 0.013 
  14   (0.093) 0.015 0.134 0.175 0.188 
  15   (0.043) 0.007 0.048 0.010 0.036 
  16   (0.095) 0.022 0.171 0.137 0.239 
  17   (0.079) 0.025 0.058 0.133 0.087 
  18   (0.032) 0.005 0.045 0.008 0.005 

Locus 28 : locus28 
18 alleles
0.0% missing data
   1   (0.037) 0.057 0.010 0.009 0.011 
   2   (0.032) 0.033 0.009 0.008 0.005 
   3   (0.074) 0.281 0.093 0.017 0.017 
   4   (0.044) 0.194 0.012 0.011 0.012 
   5   (0.041) 0.194 0.011 0.010 0.011 
   6   (0.032) 0.033 0.009 0.008 0.005 
   7   (0.056) 0.064 0.088 0.013 0.009 
   8   (0.112) 0.024 0.103 0.218 0.240 
   9   (0.070) 0.018 0.019 0.093 0.203 
  10   (0.035) 0.006 0.010 0.008 0.034 
  11   (0.056) 0.013 0.052 0.013 0.090 
  12   (0.108) 0.024 0.102 0.216 0.181 
  13   (0.066) 0.017 0.018 0.168 0.061 
  14   (0.063) 0.015 0.018 0.129 0.091 
  15   (0.059) 0.010 0.125 0.052 0.010 
  16   (0.039) 0.007 0.119 0.009 0.007 
  17   (0.040) 0.007 0.156 0.010 0.007 
  18   (0.033) 0.006 0.045 0.008 0.006 

Locus 29 : locus29 
20 alleles
0.0% missing data
   1   (0.040) 0.142 0.011 0.010 0.010 
   2   (0.078) 0.069 0.022 0.133 0.069 
   3   (0.036) 0.170 0.010 0.009 0.008 
   4   (0.036) 0.087 0.010 0.008 0.008 
   5   (0.051) 0.065 0.014 0.012 0.062 
   6   (0.040) 0.199 0.011 0.010 0.009 
   7   (0.065) 0.052 0.018 0.054 0.052 
   8   (0.097) 0.112 0.027 0.099 0.420 
   9   (0.052) 0.011 0.014 0.050 0.118 
  10   (0.057) 0.015 0.124 0.013 0.060 
  11   (0.037) 0.008 0.010 0.009 0.116 
  12   (0.034) 0.006 0.082 0.008 0.006 
  13   (0.031) 0.005 0.045 0.007 0.005 
  14   (0.052) 0.009 0.087 0.089 0.009 
  15   (0.057) 0.010 0.124 0.128 0.009 
  16   (0.039) 0.007 0.119 0.009 0.006 
  17   (0.031) 0.005 0.044 0.007 0.005 
  18   (0.057) 0.010 0.088 0.090 0.009 
  19   (0.056) 0.009 0.088 0.128 0.009 
  20   (0.055) 0.009 0.051 0.128 0.009 

Locus 30 : locus30 
25 alleles
0.0% missing data
   1   (0.089) 0.189 0.133 0.021 0.201 
   2   (0.056) 0.217 0.051 0.013 0.018 
   3   (0.057) 0.036 0.052 0.013 0.039 
   4   (0.060) 0.064 0.234 0.014 0.010 
   5   (0.055) 0.122 0.015 0.013 0.176 
   6   (0.033) 0.109 0.009 0.008 0.010 
   7   (0.045) 0.048 0.012 0.011 0.050 
   8   (0.049) 0.063 0.014 0.012 0.179 
   9   (0.053) 0.042 0.015 0.013 0.117 
  10   (0.049) 0.035 0.014 0.011 0.066 
  11   (0.030) 0.005 0.008 0.007 0.063 
  12   (0.035) 0.006 0.227 0.008 0.006 
  13   (0.030) 0.005 0.044 0.007 0.005 
  14   (0.030) 0.005 0.081 0.007 0.005 
  15   (0.033) 0.006 0.009 0.084 0.006 
  16   (0.035) 0.006 0.010 0.161 0.006 
  17   (0.027) 0.005 0.007 0.045 0.005 
  18   (0.031) 0.005 0.009 0.122 0.005 
  19   (0.033) 0.005 0.009 0.161 0.006 
  20   (0.027) 0.005 0.008 0.045 0.005 
  21   (0.029) 0.005 0.008 0.045 0.005 
  22   (0.027) 0.005 0.008 0.045 0.005 
  23   (0.030) 0.005 0.008 0.045 0.005 
  24   (0.027) 0.004 0.008 0.044 0.005 
  25   (0.028) 0.005 0.008 0.045 0.005 

Locus 31 : locus31 
16 alleles
0.0% missing data
   1   (0.152) 0.158 0.078 0.188 0.282 
   2   (0.099) 0.110 0.063 0.023 0.285 
   3   (0.040) 0.117 0.011 0.010 0.007 
   4   (0.068) 0.176 0.019 0.016 0.096 
   5   (0.034) 0.033 0.009 0.008 0.006 
   6   (0.035) 0.033 0.010 0.008 0.006 
   7   (0.048) 0.192 0.013 0.011 0.016 
   8   (0.070) 0.061 0.128 0.017 0.018 
   9   (0.058) 0.048 0.016 0.014 0.083 
  10   (0.090) 0.020 0.134 0.059 0.095 
  11   (0.083) 0.014 0.095 0.134 0.042 
  12   (0.062) 0.010 0.017 0.206 0.038 
  13   (0.044) 0.007 0.265 0.010 0.007 
  14   (0.038) 0.006 0.119 0.009 0.006 
  15   (0.040) 0.007 0.011 0.124 0.007 
  16   (0.040) 0.007 0.011 0.162 0.007 

Locus 32 : locus32 
21 alleles
0.0% missing data
   1   (0.048) 0.299 0.013 0.011 0.014 
   2   (0.040) 0.138 0.011 0.010 0.010 
   3   (0.061) 0.188 0.017 0.014 0.050 
   4   (0.032) 0.032 0.009 0.008 0.005 
   5   (0.042) 0.138 0.012 0.010 0.011 
   6   (0.035) 0.033 0.010 0.008 0.006 
   7   (0.046) 0.035 0.013 0.011 0.036 
   8   (0.045) 0.012 0.012 0.011 0.203 
   9   (0.059) 0.013 0.016 0.052 0.092 
  10   (0.042) 0.011 0.012 0.010 0.174 
  11   (0.081) 0.013 0.058 0.172 0.071 
  12   (0.041) 0.007 0.012 0.010 0.150 
  13   (0.036) 0.010 0.010 0.009 0.059 
  14   (0.064) 0.016 0.090 0.015 0.062 
  15   (0.040) 0.007 0.193 0.009 0.007 
  16   (0.039) 0.006 0.155 0.009 0.007 
  17   (0.040) 0.007 0.120 0.010 0.007 
  18   (0.055) 0.009 0.051 0.127 0.009 
  19   (0.058) 0.010 0.052 0.166 0.010 
  20   (0.035) 0.006 0.082 0.008 0.006 
  21   (0.062) 0.010 0.053 0.320 0.010 

Locus 33 : locus33 
21 alleles
0.0% missing data
   1   (0.036) 0.087 0.010 0.008 0.008 
   2   (0.032) 0.033 0.009 0.008 0.005 
   3   (0.140) 0.265 0.401 0.147 0.031 
   4   (0.114) 0.204 0.140 0.218 0.028 
   5   (0.039) 0.224 0.011 0.009 0.010 
   6   (0.056) 0.037 0.016 0.166 0.009 
   7   (0.056) 0.037 0.015 0.128 0.009 
   8   (0.031) 0.005 0.009 0.007 0.033 
   9   (0.038) 0.011 0.010 0.009 0.058 
  10   (0.040) 0.008 0.011 0.009 0.145 
  11   (0.041) 0.010 0.012 0.010 0.088 
  12   (0.043) 0.010 0.012 0.010 0.200 
  13   (0.037) 0.010 0.010 0.009 0.057 
  14   (0.038) 0.011 0.011 0.009 0.057 
  15   (0.041) 0.010 0.011 0.010 0.226 
  16   (0.039) 0.007 0.119 0.009 0.006 
  17   (0.035) 0.006 0.046 0.008 0.006 
  18   (0.034) 0.006 0.046 0.008 0.006 
  19   (0.035) 0.006 0.082 0.008 0.006 
  20   (0.040) 0.007 0.011 0.162 0.007 
  21   (0.034) 0.006 0.009 0.046 0.006 

Locus 34 : locus34 
21 alleles
0.0% missing data
   1   (0.056) 0.037 0.015 0.166 0.009 
   2   (0.054) 0.037 0.015 0.089 0.009 
   3   (0.036) 0.089 0.010 0.008 0.006 
   4   (0.037) 0.086 0.010 0.009 0.008 
   5   (0.088) 0.053 0.206 0.021 0.088 
   6   (0.069) 0.248 0.019 0.054 0.022 
   7   (0.045) 0.250 0.013 0.011 0.012 
   8   (0.064) 0.066 0.018 0.206 0.011 
   9   (0.034) 0.033 0.010 0.008 0.006 
  10   (0.069) 0.016 0.091 0.016 0.204 
  11   (0.059) 0.015 0.125 0.014 0.060 
  12   (0.044) 0.013 0.012 0.010 0.338 
  13   (0.070) 0.012 0.200 0.016 0.152 
  14   (0.030) 0.005 0.008 0.007 0.033 
  15   (0.037) 0.006 0.119 0.009 0.006 
  16   (0.035) 0.006 0.082 0.008 0.006 
  17   (0.033) 0.006 0.009 0.046 0.006 
  18   (0.039) 0.007 0.011 0.086 0.007 
  19   (0.036) 0.006 0.010 0.123 0.006 
  20   (0.032) 0.005 0.009 0.046 0.005 
  21   (0.032) 0.006 0.009 0.046 0.005 

Locus 35 : locus35 
21 alleles
0.0% missing data
   1   (0.035) 0.062 0.010 0.008 0.006 
   2   (0.060) 0.118 0.017 0.014 0.068 
   3   (0.060) 0.148 0.017 0.090 0.012 
   4   (0.069) 0.146 0.019 0.169 0.016 
   5   (0.050) 0.037 0.014 0.012 0.036 
   6   (0.042) 0.143 0.012 0.010 0.011 
   7   (0.096) 0.148 0.063 0.290 0.023 
   8   (0.060) 0.068 0.017 0.014 0.117 
   9   (0.061) 0.045 0.017 0.015 0.280 
  10   (0.049) 0.013 0.013 0.011 0.364 
  11   (0.042) 0.007 0.192 0.010 0.007 
  12   (0.032) 0.005 0.045 0.008 0.005 
  13   (0.036) 0.006 0.119 0.009 0.006 
  14   (0.047) 0.008 0.049 0.049 0.008 
  15   (0.036) 0.006 0.119 0.009 0.006 
  16   (0.059) 0.010 0.089 0.090 0.010 
  17   (0.033) 0.006 0.045 0.008 0.005 
  18   (0.032) 0.005 0.045 0.008 0.005 
  19   (0.030) 0.005 0.045 0.007 0.005 
  20   (0.030) 0.005 0.044 0.007 0.005 
  21   (0.039) 0.007 0.011 0.161 0.006 

Locus 36 : locus36 
21 alleles
0.0% missing data
   1   (0.041) 0.247 0.011 0.010 0.010 
   2   (0.030) 0.032 0.008 0.007 0.005 
   3   (0.072) 0.236 0.020 0.017 0.116 
   4   (0.030) 0.032 0.008 0.007 0.005 
   5   (0.101) 0.084 0.028 0.139 0.232 
   6   (0.059) 0.115 0.016 0.014 0.069 
   7   (0.076) 0.115 0.021 0.056 0.075 
   8   (0.032) 0.032 0.009 0.007 0.005 
   9   (0.037) 0.006 0.010 0.009 0.093 
  10   (0.033) 0.006 0.009 0.008 0.034 
  11   (0.064) 0.014 0.018 0.206 0.093 
  12   (0.066) 0.021 0.091 0.015 0.143 
  13   (0.034) 0.006 0.010 0.008 0.064 
  14   (0.031) 0.005 0.081 0.007 0.005 
  15   (0.038) 0.006 0.191 0.009 0.007 
  16   (0.039) 0.007 0.156 0.009 0.007 
  17   (0.058) 0.010 0.161 0.052 0.010 
  18   (0.057) 0.009 0.088 0.166 0.010 
  19   (0.031) 0.005 0.045 0.008 0.005 
  20   (0.041) 0.007 0.011 0.201 0.007 
  21   (0.031) 0.005 0.009 0.046 0.005 

Locus 37 : locus37 
24 alleles
0.0% missing data
   1   (0.048) 0.084 0.050 0.011 0.016 
   2   (0.049) 0.117 0.050 0.012 0.010 
   3   (0.037) 0.170 0.010 0.009 0.009 
   4   (0.084) 0.201 0.059 0.249 0.021 
   5   (0.048) 0.117 0.014 0.049 0.010 
   6   (0.048) 0.091 0.049 0.011 0.008 
   7   (0.062) 0.090 0.198 0.015 0.014 
   8   (0.063) 0.016 0.126 0.015 0.228 
   9   (0.030) 0.005 0.008 0.007 0.033 
  10   (0.032) 0.007 0.009 0.008 0.143 
  11   (0.034) 0.008 0.010 0.008 0.087 
  12   (0.038) 0.012 0.011 0.009 0.168 
  13   (0.045) 0.008 0.049 0.011 0.063 
  14   (0.054) 0.015 0.160 0.013 0.059 
  15   (0.026) 0.004 0.007 0.006 0.032 
  16   (0.033) 0.010 0.009 0.008 0.057 
  17   (0.031) 0.005 0.045 0.007 0.005 
  18   (0.046) 0.008 0.048 0.087 0.008 
  19   (0.047) 0.008 0.049 0.164 0.008 
  20   (0.032) 0.005 0.009 0.084 0.005 
  21   (0.026) 0.005 0.007 0.044 0.004 
  22   (0.030) 0.005 0.008 0.083 0.005 
  23   (0.028) 0.005 0.008 0.045 0.005 
  24   (0.026) 0.005 0.007 0.044 0.004 

Locus 38 : locus38 
21 alleles
0.0% missing data
   1   (0.037) 0.062 0.010 0.009 0.006 
   2   (0.038) 0.118 0.010 0.009 0.006 
   3   (0.048) 0.253 0.013 0.011 0.013 
   4   (0.059) 0.060 0.052 0.014 0.015 
   5   (0.039) 0.088 0.011 0.009 0.009 
   6   (0.071) 0.226 0.020 0.055 0.020 
   7   (0.036) 0.062 0.010 0.008 0.006 
   8   (0.051) 0.014 0.014 0.012 0.281 
   9   (0.054) 0.009 0.015 0.128 0.036 
  10   (0.065) 0.015 0.018 0.053 0.201 
  11   (0.041) 0.008 0.011 0.010 0.144 
  12   (0.044) 0.013 0.012 0.010 0.168 
  13   (0.037) 0.006 0.010 0.009 0.034 
  14   (0.047) 0.008 0.266 0.011 0.008 
  15   (0.037) 0.006 0.082 0.009 0.006 
  16   (0.041) 0.007 0.156 0.010 0.007 
  17   (0.058) 0.010 0.088 0.090 0.010 
  18   (0.070) 0.012 0.091 0.284 0.011 
  19   (0.053) 0.009 0.087 0.050 0.009 
  20   (0.037) 0.006 0.010 0.123 0.006 
  21   (0.039) 0.007 0.011 0.085 0.006 

Locus 39 : locus39 
18 alleles
0.0% missing data
   1   (0.067) 0.173 0.019 0.092 0.015 
   2   (0.064) 0.230 0.054 0.015 0.013 
   3   (0.067) 0.173 0.091 0.016 0.016 
   4   (0.068) 0.061 0.019 0.245 0.017 
   5   (0.029) 0.032 0.008 0.007 0.005 
   6   (0.060) 0.060 0.089 0.014 0.016 
   7   (0.041) 0.112 0.012 0.010 0.012 
   8   (0.048) 0.036 0.050 0.011 0.008 
   9   (0.044) 0.010 0.012 0.010 0.341 
  10   (0.079) 0.021 0.166 0.019 0.200 
  11   (0.077) 0.013 0.058 0.210 0.040 
  12   (0.053) 0.009 0.087 0.013 0.037 
  13   (0.037) 0.011 0.010 0.009 0.058 
  14   (0.038) 0.009 0.010 0.009 0.087 
  15   (0.081) 0.014 0.095 0.134 0.041 
  16   (0.074) 0.024 0.165 0.018 0.084 
  17   (0.033) 0.006 0.045 0.008 0.005 
  18   (0.038) 0.007 0.011 0.161 0.006 

Locus 40 : locus40 
24 alleles
0.0% missing data
   1   (0.038) 0.165 0.011 0.009 0.012 
   2   (0.028) 0.032 0.008 0.007 0.005 
   3   (0.071) 0.263 0.020 0.017 0.233 
   4   (0.064) 0.152 0.018 0.015 0.088 
   5   (0.052) 0.064 0.014 0.012 0.037 
   6   (0.056) 0.047 0.016 0.013 0.197 
   7   (0.033) 0.060 0.009 0.008 0.005 
   8   (0.037) 0.057 0.010 0.009 0.010 
   9   (0.062) 0.062 0.017 0.015 0.211 
  10   (0.031) 0.005 0.008 0.007 0.033 
  11   (0.034) 0.009 0.009 0.008 0.059 
  12   (0.030) 0.005 0.008 0.007 0.033 
  13   (0.054) 0.009 0.196 0.050 0.009 
  14   (0.032) 0.005 0.045 0.008 0.005 
  15   (0.034) 0.006 0.118 0.008 0.006 
  16   (0.056) 0.009 0.305 0.051 0.009 
  17   (0.055) 0.009 0.051 0.128 0.009 
  18   (0.034) 0.006 0.082 0.008 0.006 
  19   (0.031) 0.005 0.009 0.045 0.005 
  20   (0.030) 0.005 0.008 0.045 0.005 
  21   (0.037) 0.006 0.010 0.238 0.006 
  22   (0.033) 0.006 0.009 0.046 0.006 
  23   (0.035) 0.006 0.010 0.199 0.006 
  24   (0.032) 0.005 0.009 0.046 0.005 

Locus 41 : locus41 
15 alleles
0.0% missing data
   1   (0.039) 0.087 0.011 0.009 0.007 
   2   (0.074) 0.132 0.021 0.018 0.172 
   3   (0.077) 0.194 0.022 0.133 0.021 
   4   (0.084) 0.142 0.023 0.287 0.021 
   5   (0.044) 0.104 0.012 0.011 0.019 
   6   (0.079) 0.054 0.094 0.019 0.056 
   7   (0.114) 0.145 0.140 0.142 0.029 
   8   (0.105) 0.060 0.029 0.139 0.345 
   9   (0.077) 0.024 0.166 0.018 0.086 
  10   (0.105) 0.024 0.101 0.139 0.183 
  11   (0.055) 0.009 0.088 0.013 0.038 
  12   (0.038) 0.006 0.083 0.009 0.006 
  13   (0.041) 0.007 0.155 0.010 0.007 
  14   (0.034) 0.006 0.045 0.008 0.006 
  15   (0.034) 0.006 0.009 0.046 0.006 

Locus 42 : locus42 
27 alleles
0.0% missing data
   1   (0.037) 0.195 0.010 0.009 0.010 
   2   (0.031) 0.033 0.009 0.007 0.005 
   3   (0.055) 0.146 0.015 0.051 0.011 
   4   (0.042) 0.082 0.012 0.010 0.015 
   5   (0.039) 0.144 0.011 0.009 0.008 
   6   (0.053) 0.118 0.015 0.013 0.065 
   7   (0.050) 0.064 0.014 0.050 0.008 
   8   (0.052) 0.059 0.015 0.050 0.014 
   9   (0.032) 0.033 0.009 0.008 0.005 
  10   (0.028) 0.005 0.008 0.007 0.033 
  11   (0.031) 0.005 0.009 0.007 0.061 
  12   (0.033) 0.007 0.009 0.008 0.144 
  13   (0.037) 0.011 0.010 0.009 0.113 
  14   (0.032) 0.007 0.009 0.008 0.256 
  15   (0.038) 0.015 0.011 0.009 0.082 
  16   (0.036) 0.010 0.010 0.008 0.058 
  17   (0.040) 0.011 0.011 0.009 0.058 
  18   (0.036) 0.006 0.335 0.009 0.006 
  19   (0.036) 0.006 0.155 0.009 0.006 
  20   (0.033) 0.006 0.082 0.008 0.005 
  21   (0.031) 0.005 0.045 0.007 0.005 
  22   (0.033) 0.006 0.081 0.008 0.006 
  23   (0.029) 0.005 0.080 0.007 0.005 
  24   (0.033) 0.006 0.009 0.161 0.005 
  25   (0.036) 0.006 0.010 0.314 0.006 
  26   (0.034) 0.006 0.009 0.123 0.006 
  27   (0.032) 0.005 0.009 0.084 0.005 

Locus 43 : locus43 
17 alleles
0.0% missing data
   1   (0.079) 0.167 0.022 0.019 0.162 
   2   (0.092) 0.374 0.025 0.022 0.183 
   3   (0.076) 0.138 0.021 0.018 0.138 
   4   (0.126) 0.205 0.035 0.221 0.170 
   5   (0.060) 0.010 0.017 0.168 0.037 
   6   (0.043) 0.013 0.012 0.010 0.114 
   7   (0.063) 0.014 0.018 0.053 0.120 
   8   (0.037) 0.006 0.082 0.009 0.006 
   9   (0.061) 0.010 0.089 0.091 0.010 
  10   (0.069) 0.012 0.091 0.130 0.011 
  11   (0.040) 0.007 0.120 0.009 0.007 
  12   (0.035) 0.006 0.046 0.008 0.006 
  13   (0.077) 0.013 0.274 0.132 0.013 
  14   (0.037) 0.006 0.082 0.009 0.006 
  15   (0.033) 0.006 0.045 0.008 0.005 
  16   (0.034) 0.006 0.010 0.046 0.006 
  17   (0.037) 0.006 0.010 0.047 0.006 

Locus 44 : locus44 
20 alleles
0.0% missing data
   1   (0.050) 0.036 0.086 0.012 0.008 
   2   (0.068) 0.146 0.164 0.016 0.014 
   3   (0.060) 0.307 0.017 0.052 0.015 
   4   (0.055) 0.167 0.051 0.013 0.016 
   5   (0.037) 0.086 0.010 0.009 0.008 
   6   (0.032) 0.060 0.009 0.008 0.005 
   7   (0.067) 0.061 0.055 0.054 0.017 
   8   (0.063) 0.013 0.018 0.206 0.121 
   9   (0.078) 0.020 0.057 0.056 0.231 
  10   (0.058) 0.012 0.052 0.014 0.261 
  11   (0.058) 0.013 0.016 0.090 0.090 
  12   (0.079) 0.019 0.203 0.057 0.063 
  13   (0.063) 0.021 0.017 0.168 0.083 
  14   (0.052) 0.009 0.014 0.127 0.037 
  15   (0.031) 0.005 0.081 0.007 0.005 
  16   (0.029) 0.005 0.044 0.007 0.005 
  17   (0.030) 0.005 0.044 0.007 0.005 
  18   (0.032) 0.005 0.045 0.008 0.005 
  19   (0.028) 0.005 0.008 0.045 0.005 
  20   (0.030) 0.005 0.008 0.045 0.005 

Locus 45 : locus45 
20 alleles
0.0% missing data
   1   (0.041) 0.173 0.011 0.010 0.007 
   2   (0.032) 0.033 0.009 0.008 0.005 
   3   (0.061) 0.115 0.053 0.014 0.016 
   4   (0.062) 0.114 0.017 0.053 0.018 
   5   (0.047) 0.334 0.013 0.011 0.013 
   6   (0.037) 0.058 0.010 0.009 0.010 
   7   (0.034) 0.033 0.009 0.008 0.006 
   8   (0.039) 0.007 0.011 0.009 0.118 
   9   (0.043) 0.009 0.012 0.010 0.229 
  10   (0.046) 0.012 0.013 0.011 0.283 
  11   (0.082) 0.014 0.131 0.096 0.041 
  12   (0.042) 0.019 0.012 0.010 0.105 
  13   (0.087) 0.020 0.133 0.059 0.093 
  14   (0.061) 0.010 0.125 0.091 0.010 
  15   (0.068) 0.012 0.236 0.092 0.011 
  16   (0.056) 0.010 0.051 0.167 0.009 
  17   (0.056) 0.010 0.124 0.051 0.009 
  18   (0.035) 0.006 0.010 0.084 0.006 
  19   (0.037) 0.006 0.010 0.161 0.006 
  20   (0.034) 0.006 0.010 0.046 0.006 

Locus 46 : locus46 
19 alleles
0.0% missing data
   1   (0.118) 0.391 0.033 0.180 0.100 
   2   (0.060) 0.067 0.125 0.014 0.010 
   3   (0.092) 0.070 0.026 0.060 0.370 
   4   (0.063) 0.072 0.017 0.015 0.114 
   5   (0.059) 0.038 0.197 0.014 0.010 
   6   (0.074) 0.150 0.129 0.017 0.017 
   7   (0.049) 0.037 0.049 0.011 0.008 
   8   (0.039) 0.060 0.011 0.009 0.010 
   9   (0.050) 0.037 0.050 0.012 0.008 
  10   (0.042) 0.009 0.012 0.010 0.168 
  11   (0.066) 0.018 0.018 0.092 0.140 
  12   (0.039) 0.007 0.119 0.009 0.006 
  13   (0.040) 0.007 0.156 0.010 0.006 
  14   (0.034) 0.006 0.010 0.046 0.005 
  15   (0.042) 0.007 0.012 0.239 0.007 
  16   (0.035) 0.006 0.010 0.085 0.006 
  17   (0.034) 0.006 0.010 0.084 0.005 
  18   (0.031) 0.005 0.009 0.045 0.005 
  19   (0.032) 0.006 0.009 0.046 0.005 

Locus 47 : locus47 
22 alleles
0.0% missing data
   1   (0.031) 0.033 0.009 0.007 0.005 
   2   (0.071) 0.286 0.201 0.017 0.014 
   3   (0.036) 0.086 0.010 0.009 0.008 
   4   (0.062) 0.093 0.270 0.014 0.010 
   5   (0.042) 0.163 0.011 0.010 0.015 
   6   (0.034) 0.057 0.009 0.008 0.009 
   7   (0.065) 0.082 0.199 0.015 0.022 
   8   (0.045) 0.035 0.049 0.011 0.007 
   9   (0.031) 0.033 0.009 0.007 0.005 
  10   (0.048) 0.008 0.013 0.050 0.064 
  11   (0.048) 0.008 0.013 0.127 0.035 
  12   (0.036) 0.009 0.010 0.008 0.087 
  13   (0.066) 0.023 0.018 0.130 0.195 
  14   (0.056) 0.011 0.015 0.051 0.176 
  15   (0.051) 0.009 0.014 0.050 0.121 
  16   (0.060) 0.021 0.017 0.129 0.083 
  17   (0.065) 0.018 0.018 0.168 0.115 
  18   (0.031) 0.005 0.081 0.007 0.005 
  19   (0.031) 0.005 0.008 0.045 0.005 
  20   (0.030) 0.005 0.008 0.045 0.005 
  21   (0.031) 0.005 0.009 0.046 0.005 
  22   (0.031) 0.005 0.008 0.045 0.005 

Locus 48 : locus48 
21 alleles
0.0% missing data
   1   (0.033) 0.086 0.009 0.008 0.008 
   2   (0.050) 0.036 0.086 0.012 0.008 
   3   (0.036) 0.089 0.010 0.008 0.006 
   4   (0.038) 0.143 0.010 0.009 0.008 
   5   (0.037) 0.168 0.010 0.009 0.010 
   6   (0.065) 0.169 0.090 0.015 0.019 
   7   (0.033) 0.089 0.009 0.008 0.005 
   8   (0.071) 0.083 0.201 0.017 0.023 
   9   (0.037) 0.008 0.010 0.009 0.116 
  10   (0.082) 0.018 0.095 0.134 0.093 
  11   (0.033) 0.007 0.009 0.008 0.116 
  12   (0.038) 0.011 0.010 0.009 0.168 
  13   (0.051) 0.009 0.014 0.050 0.092 
  14   (0.082) 0.021 0.058 0.134 0.146 
  15   (0.056) 0.010 0.016 0.090 0.065 
  16   (0.037) 0.014 0.010 0.009 0.081 
  17   (0.047) 0.008 0.085 0.049 0.008 
  18   (0.050) 0.008 0.123 0.050 0.008 
  19   (0.031) 0.005 0.045 0.007 0.005 
  20   (0.058) 0.010 0.088 0.243 0.010 
  21   (0.035) 0.006 0.010 0.123 0.006 

Locus 49 : locus49 
20 alleles
0.0% missing data
   1   (0.063) 0.060 0.162 0.015 0.016 
   2   (0.109) 0.316 0.211 0.102 0.026 
   3   (0.064) 0.100 0.018 0.015 0.143 
   4   (0.082) 0.150 0.095 0.057 0.016 
   5   (0.055) 0.089 0.015 0.051 0.012 
   6   (0.096) 0.105 0.099 0.023 0.316 
   7   (0.065) 0.090 0.199 0.015 0.014 
   8   (0.054) 0.009 0.015 0.204 0.036 
   9   (0.032) 0.005 0.009 0.008 0.061 
  10   (0.041) 0.010 0.011 0.010 0.171 
  11   (0.034) 0.009 0.009 0.008 0.058 
  12   (0.034) 0.009 0.009 0.008 0.058 
  13   (0.031) 0.005 0.009 0.007 0.033 
  14   (0.046) 0.008 0.049 0.049 0.008 
  15   (0.030) 0.005 0.044 0.007 0.005 
  16   (0.033) 0.006 0.009 0.122 0.005 
  17   (0.036) 0.006 0.010 0.123 0.006 
  18   (0.034) 0.006 0.009 0.085 0.006 
  19   (0.033) 0.006 0.009 0.046 0.005 
  20   (0.029) 0.005 0.008 0.045 0.005 

Locus 50 : locus50 
20 alleles
0.0% missing data
   1   (0.041) 0.172 0.011 0.010 0.009 
   2   (0.109) 0.246 0.320 0.026 0.067 
   3   (0.061) 0.115 0.017 0.052 0.017 
   4   (0.065) 0.039 0.054 0.092 0.011 
   5   (0.070) 0.096 0.056 0.055 0.012 
   6   (0.087) 0.158 0.024 0.135 0.065 
   7   (0.086) 0.059 0.024 0.135 0.136 
   8   (0.048) 0.036 0.013 0.049 0.008 
   9   (0.041) 0.010 0.011 0.010 0.142 
  10   (0.044) 0.011 0.012 0.010 0.476 
  11   (0.035) 0.006 0.082 0.008 0.006 
  12   (0.037) 0.006 0.083 0.009 0.006 
  13   (0.033) 0.006 0.118 0.008 0.005 
  14   (0.035) 0.006 0.082 0.008 0.006 
  15   (0.034) 0.006 0.045 0.008 0.006 
  16   (0.031) 0.005 0.009 0.084 0.005 
  17   (0.038) 0.007 0.011 0.162 0.006 
  18   (0.032) 0.006 0.009 0.046 0.005 
  19   (0.036) 0.006 0.010 0.047 0.006 
  20   (0.036) 0.006 0.010 0.047 0.006 

Locus 51 : locus51 
20 alleles
0.0% missing data
   1   (0.084) 0.261 0.023 0.020 0.185 
   2   (0.038) 0.063 0.010 0.009 0.006 
   3   (0.030) 0.033 0.008 0.007 0.005 
   4   (0.064) 0.112 0.018 0.015 0.076 
   5   (0.089) 0.172 0.025 0.021 0.299 
   6   (0.044) 0.084 0.012 0.010 0.014 
   7   (0.041) 0.115 0.011 0.010 0.011 
   8   (0.072) 0.056 0.020 0.017 0.243 
   9   (0.045) 0.017 0.012 0.011 0.080 
  10   (0.044) 0.008 0.229 0.010 0.007 
  11   (0.041) 0.007 0.120 0.010 0.007 
  12   (0.039) 0.007 0.083 0.009 0.006 
  13   (0.059) 0.010 0.052 0.167 0.010 
  14   (0.043) 0.008 0.156 0.010 0.007 
  15   (0.032) 0.006 0.045 0.008 0.005 
  16   (0.054) 0.009 0.051 0.051 0.009 
  17   (0.062) 0.011 0.089 0.129 0.010 
  18   (0.044) 0.008 0.012 0.201 0.007 
  19   (0.044) 0.008 0.012 0.239 0.007 
  20   (0.033) 0.006 0.009 0.046 0.005 

Locus 52 : locus52 
17 alleles
0.0% missing data
   1   (0.071) 0.183 0.020 0.017 0.145 
   2   (0.068) 0.227 0.019 0.016 0.071 
   3   (0.035) 0.061 0.010 0.008 0.006 
   4   (0.097) 0.094 0.063 0.291 0.021 
   5   (0.059) 0.065 0.016 0.014 0.066 
   6   (0.098) 0.090 0.027 0.138 0.166 
   7   (0.048) 0.035 0.050 0.011 0.008 
   8   (0.090) 0.056 0.097 0.021 0.170 
   9   (0.057) 0.060 0.016 0.052 0.014 
  10   (0.040) 0.057 0.011 0.009 0.011 
  11   (0.061) 0.010 0.089 0.015 0.067 
  12   (0.038) 0.011 0.011 0.009 0.058 
  13   (0.066) 0.017 0.127 0.015 0.061 
  14   (0.044) 0.013 0.012 0.010 0.115 
  15   (0.045) 0.008 0.302 0.011 0.008 
  16   (0.039) 0.007 0.119 0.009 0.006 
  17   (0.045) 0.008 0.012 0.354 0.007 

Locus 53 : locus53 
18 alleles
0.0% missing data
   1   (0.064) 0.246 0.018 0.015 0.051 
   2   (0.113) 0.116 0.285 0.027 0.199 
   3   (0.035) 0.033 0.010 0.008 0.006 
   4   (0.080) 0.091 0.058 0.019 0.130 
   5   (0.080) 0.097 0.058 0.019 0.096 
   6   (0.042) 0.141 0.012 0.010 0.011 
   7   (0.114) 0.143 0.212 0.027 0.144 
   8   (0.102) 0.064 0.137 0.292 0.025 
   9   (0.041) 0.010 0.012 0.010 0.173 
  10   (0.037) 0.008 0.010 0.009 0.088 
  11   (0.033) 0.006 0.009 0.008 0.034 
  12   (0.031) 0.005 0.045 0.007 0.005 
  13   (0.032) 0.005 0.045 0.008 0.005 
  14   (0.050) 0.008 0.050 0.050 0.008 
  15   (0.041) 0.007 0.011 0.238 0.007 
  16   (0.038) 0.006 0.011 0.162 0.006 
  17   (0.033) 0.006 0.009 0.046 0.005 
  18   (0.033) 0.006 0.009 0.046 0.005 

Locus 54 : locus54 
15 alleles
0.0% missing data
   1   (0.101) 0.210 0.064 0.138 0.019 
   2   (0.108) 0.113 0.102 0.025 0.200 
   3   (0.078) 0.141 0.022 0.209 0.023 
   4   (0.096) 0.108 0.062 0.023 0.201 
   5   (0.062) 0.090 0.017 0.053 0.014 
   6   (0.118) 0.104 0.033 0.219 0.213 
   7   (0.082) 0.117 0.023 0.058 0.049 
   8   (0.058) 0.064 0.016 0.014 0.066 
   9   (0.044) 0.009 0.012 0.010 0.173 
  10   (0.042) 0.007 0.156 0.010 0.007 
  11   (0.046) 0.008 0.338 0.011 0.008 
  12   (0.034) 0.006 0.046 0.008 0.006 
  13   (0.058) 0.010 0.052 0.128 0.010 
  14   (0.034) 0.006 0.045 0.008 0.006 
  15   (0.039) 0.007 0.011 0.086 0.006 

Locus 55 : locus55 
22 alleles
0.0% missing data
   1   (0.033) 0.118 0.009 0.008 0.007 
   2   (0.034) 0.059 0.009 0.008 0.009 
   3   (0.033) 0.034 0.009 0.008 0.005 
   4   (0.053) 0.086 0.015 0.013 0.044 
   5   (0.033) 0.118 0.009 0.008 0.007 
   6   (0.087) 0.133 0.060 0.021 0.172 
   7   (0.071) 0.051 0.056 0.017 0.083 
   8   (0.054) 0.059 0.015 0.013 0.096 
   9   (0.057) 0.092 0.052 0.013 0.012 
  10   (0.039) 0.148 0.011 0.009 0.007 
  11   (0.039) 0.010 0.011 0.009 0.139 
  12   (0.054) 0.013 0.051 0.013 0.087 
  13   (0.059) 0.015 0.052 0.014 0.169 
  14   (0.051) 0.009 0.123 0.012 0.035 
  15   (0.038) 0.009 0.010 0.009 0.085 
  16   (0.038) 0.007 0.300 0.009 0.006 
  17   (0.035) 0.006 0.118 0.008 0.006 
  18   (0.050) 0.009 0.050 0.127 0.008 
  19   (0.039) 0.007 0.011 0.314 0.006 
  20   (0.033) 0.006 0.009 0.123 0.005 
  21   (0.034) 0.006 0.009 0.123 0.006 
  22   (0.035) 0.006 0.010 0.123 0.006 

Locus 56 : locus56 
18 alleles
0.0% missing data
   1   (0.095) 0.376 0.062 0.022 0.069 
   2   (0.033) 0.033 0.009 0.008 0.006 
   3   (0.118) 0.181 0.141 0.028 0.191 
   4   (0.081) 0.046 0.059 0.019 0.207 
   5   (0.100) 0.167 0.064 0.024 0.171 
   6   (0.035) 0.033 0.010 0.008 0.006 
   7   (0.040) 0.061 0.011 0.009 0.007 
   8   (0.037) 0.006 0.010 0.009 0.063 
   9   (0.069) 0.019 0.019 0.131 0.116 
  10   (0.068) 0.023 0.019 0.131 0.083 
  11   (0.058) 0.010 0.016 0.167 0.038 
  12   (0.038) 0.006 0.155 0.009 0.006 
  13   (0.050) 0.008 0.376 0.012 0.008 
  14   (0.041) 0.007 0.011 0.163 0.007 
  15   (0.035) 0.006 0.010 0.084 0.006 
  16   (0.035) 0.006 0.010 0.046 0.006 
  17   (0.037) 0.006 0.010 0.085 0.006 
  18   (0.032) 0.005 0.009 0.046 0.005 

Locus 57 : locus57 
17 alleles
0.0% missing data
   1   (0.135) 0.149 0.038 0.223 0.228 
   2   (0.088) 0.260 0.133 0.021 0.020 
   3   (0.064) 0.038 0.018 0.168 0.010 
   4   (0.076) 0.040 0.383 0.018 0.013 
   5   (0.068) 0.177 0.055 0.016 0.013 
   6   (0.051) 0.225 0.014 0.012 0.015 
   7   (0.039) 0.007 0.011 0.009 0.034 
   8   (0.040) 0.009 0.011 0.010 0.116 
   9   (0.093) 0.033 0.026 0.174 0.219 
  10   (0.045) 0.011 0.013 0.011 0.171 
  11   (0.069) 0.012 0.019 0.208 0.067 
  12   (0.038) 0.007 0.011 0.009 0.062 
  13   (0.041) 0.007 0.120 0.010 0.007 
  14   (0.039) 0.007 0.083 0.009 0.006 
  15   (0.035) 0.006 0.046 0.008 0.006 
  16   (0.038) 0.007 0.010 0.047 0.006 
  17   (0.041) 0.007 0.011 0.048 0.007 

Locus 58 : locus58 
18 alleles
0.0% missing data
   1   (0.061) 0.119 0.017 0.053 0.013 
   2   (0.063) 0.201 0.053 0.015 0.016 
   3   (0.073) 0.121 0.201 0.017 0.015 
   4   (0.073) 0.062 0.056 0.055 0.017 
   5   (0.067) 0.116 0.018 0.092 0.018 
   6   (0.032) 0.033 0.009 0.008 0.005 
   7   (0.078) 0.116 0.022 0.209 0.021 
   8   (0.063) 0.095 0.017 0.091 0.010 
   9   (0.060) 0.038 0.234 0.014 0.010 
  10   (0.045) 0.016 0.013 0.011 0.137 
  11   (0.049) 0.008 0.014 0.050 0.036 
  12   (0.046) 0.011 0.013 0.011 0.253 
  13   (0.064) 0.018 0.018 0.206 0.059 
  14   (0.069) 0.016 0.019 0.131 0.201 
  15   (0.044) 0.009 0.012 0.010 0.172 
  16   (0.038) 0.007 0.119 0.009 0.006 
  17   (0.039) 0.007 0.119 0.009 0.006 
  18   (0.035) 0.006 0.046 0.008 0.006 

Locus 59 : locus59 
22 alleles
0.0% missing data
   1   (0.073) 0.253 0.092 0.017 0.019 
   2   (0.034) 0.033 0.009 0.008 0.006 
   3   (0.034) 0.033 0.009 0.008 0.006 
   4   (0.053) 0.036 0.087 0.013 0.009 
   5   (0.043) 0.196 0.012 0.010 0.011 
   6   (0.088) 0.146 0.350 0.021 0.021 
   7   (0.041) 0.143 0.011 0.010 0.008 
   8   (0.061) 0.038 0.017 0.244 0.010 
   9   (0.045) 0.011 0.012 0.011 0.228 
  10   (0.032) 0.005 0.009 0.008 0.033 
  11   (0.063) 0.013 0.053 0.015 0.149 
  12   (0.045) 0.020 0.012 0.011 0.106 
  13   (0.039) 0.009 0.011 0.009 0.088 
  14   (0.043) 0.010 0.012 0.010 0.200 
  15   (0.033) 0.006 0.009 0.008 0.034 
  16   (0.048) 0.008 0.049 0.012 0.036 
  17   (0.032) 0.005 0.045 0.007 0.005 
  18   (0.034) 0.006 0.045 0.008 0.006 
  19   (0.040) 0.007 0.120 0.009 0.007 
  20   (0.040) 0.007 0.011 0.200 0.007 
  21   (0.039) 0.007 0.011 0.200 0.006 
  22   (0.040) 0.007 0.011 0.162 0.007 

Locus 60 : locus60 
20 alleles
0.0% missing data
   1   (0.049) 0.226 0.014 0.012 0.010 
   2   (0.048) 0.112 0.013 0.011 0.014 
   3   (0.072) 0.172 0.020 0.055 0.017 
   4   (0.050) 0.142 0.014 0.012 0.012 
   5   (0.047) 0.169 0.013 0.011 0.011 
   6   (0.037) 0.034 0.010 0.009 0.006 
   7   (0.045) 0.008 0.013 0.011 0.120 
   8   (0.048) 0.010 0.013 0.011 0.147 
   9   (0.056) 0.014 0.015 0.013 0.399 
  10   (0.084) 0.020 0.023 0.286 0.063 
  11   (0.059) 0.010 0.016 0.052 0.038 
  12   (0.051) 0.023 0.014 0.012 0.105 
  13   (0.050) 0.009 0.231 0.012 0.008 
  14   (0.041) 0.007 0.084 0.010 0.007 
  15   (0.034) 0.006 0.046 0.008 0.006 
  16   (0.050) 0.008 0.231 0.012 0.008 
  17   (0.045) 0.008 0.121 0.011 0.007 
  18   (0.042) 0.007 0.084 0.010 0.007 
  19   (0.046) 0.008 0.013 0.240 0.008 
  20   (0.046) 0.008 0.013 0.202 0.008 

Locus 61 : locus61 
22 alleles
0.0% missing data
   1   (0.067) 0.149 0.019 0.092 0.015 
   2   (0.053) 0.066 0.015 0.051 0.008 
   3   (0.068) 0.195 0.019 0.016 0.080 
   4   (0.054) 0.053 0.015 0.013 0.129 
   5   (0.033) 0.034 0.009 0.008 0.005 
   6   (0.071) 0.144 0.020 0.017 0.129 
   7   (0.040) 0.175 0.011 0.009 0.009 
   8   (0.035) 0.059 0.010 0.008 0.009 
   9   (0.035) 0.008 0.010 0.008 0.113 
  10   (0.034) 0.009 0.010 0.008 0.166 
  11   (0.040) 0.010 0.011 0.009 0.166 
  12   (0.044) 0.022 0.012 0.010 0.101 
  13   (0.043) 0.008 0.193 0.010 0.007 
  14   (0.056) 0.010 0.161 0.051 0.009 
  15   (0.035) 0.006 0.082 0.008 0.006 
  16   (0.032) 0.006 0.045 0.008 0.005 
  17   (0.037) 0.006 0.155 0.009 0.006 
  18   (0.057) 0.010 0.051 0.166 0.009 
  19   (0.050) 0.009 0.049 0.088 0.008 
  20   (0.038) 0.007 0.083 0.009 0.006 
  21   (0.041) 0.007 0.011 0.238 0.007 
  22   (0.038) 0.007 0.011 0.162 0.006 

Locus 62 : locus62 
21 alleles
0.0% missing data
   1   (0.061) 0.148 0.089 0.014 0.012 
   2   (0.095) 0.268 0.135 0.023 0.070 
   3   (0.098) 0.172 0.136 0.023 0.166 
   4   (0.035) 0.034 0.010 0.008 0.006 
   5   (0.033) 0.034 0.009 0.008 0.005 
   6   (0.079) 0.147 0.058 0.019 0.101 
   7   (0.088) 0.092 0.097 0.021 0.159 
   8   (0.055) 0.012 0.015 0.051 0.118 
   9   (0.054) 0.015 0.087 0.013 0.058 
  10   (0.029) 0.005 0.008 0.007 0.032 
  11   (0.032) 0.009 0.009 0.008 0.057 
  12   (0.038) 0.012 0.011 0.009 0.167 
  13   (0.036) 0.006 0.119 0.008 0.006 
  14   (0.031) 0.005 0.045 0.007 0.005 
  15   (0.031) 0.005 0.045 0.007 0.005 
  16   (0.029) 0.005 0.044 0.007 0.005 
  17   (0.030) 0.005 0.044 0.007 0.005 
  18   (0.039) 0.007 0.011 0.276 0.006 
  19   (0.038) 0.007 0.010 0.276 0.006 
  20   (0.034) 0.006 0.009 0.084 0.006 
  21   (0.036) 0.006 0.010 0.123 0.006 

Locus 63 : locus63 
19 alleles
0.0% missing data
   1   (0.032) 0.034 0.009 0.008 0.005 
   2   (0.079) 0.297 0.022 0.019 0.068 
   3   (0.051) 0.038 0.014 0.012 0.035 
   4   (0.095) 0.205 0.098 0.023 0.053 
   5   (0.067) 0.126 0.091 0.016 0.011 
   6   (0.070) 0.094 0.019 0.017 0.122 
   7   (0.064) 0.040 0.199 0.015 0.010 
   8   (0.072) 0.064 0.201 0.017 0.017 
   9   (0.048) 0.020 0.013 0.011 0.266 
  10   (0.042) 0.010 0.012 0.010 0.086 
  11   (0.043) 0.012 0.012 0.010 0.138 
  12   (0.042) 0.007 0.012 0.010 0.115 
  13   (0.036) 0.006 0.010 0.009 0.033 
  14   (0.067) 0.012 0.091 0.360 0.011 
  15   (0.036) 0.006 0.083 0.009 0.006 
  16   (0.036) 0.006 0.082 0.009 0.006 
  17   (0.048) 0.009 0.013 0.317 0.008 
  18   (0.034) 0.006 0.009 0.046 0.005 
  19   (0.037) 0.006 0.010 0.085 0.006 

Locus 64 : locus64 
17 alleles
0.0% missing data
   1   (0.074) 0.121 0.129 0.017 0.015 
   2   (0.047) 0.200 0.013 0.011 0.010 
   3   (0.055) 0.065 0.015 0.013 0.036 
   4   (0.134) 0.275 0.254 0.032 0.155 
   5   (0.098) 0.078 0.099 0.023 0.232 
   6   (0.097) 0.061 0.135 0.023 0.139 
   7   (0.106) 0.129 0.174 0.025 0.073 
   8   (0.043) 0.010 0.012 0.010 0.088 
   9   (0.036) 0.006 0.010 0.009 0.034 
  10   (0.035) 0.006 0.010 0.008 0.062 
  11   (0.042) 0.009 0.011 0.010 0.116 
  12   (0.039) 0.007 0.083 0.009 0.006 
  13   (0.047) 0.008 0.013 0.545 0.008 
  14   (0.041) 0.007 0.011 0.086 0.007 
  15   (0.037) 0.006 0.010 0.085 0.006 
  16   (0.033) 0.006 0.009 0.046 0.005 
  17   (0.038) 0.007 0.011 0.047 0.006 

Locus 65 : locus65 
20 alleles
0.0% missing data
   1   (0.049) 0.224 0.014 0.012 0.010 
   2   (0.061) 0.064 0.017 0.015 0.067 
   3   (0.043) 0.222 0.012 0.010 0.011 
   4   (0.048) 0.194 0.013 0.011 0.013 
   5   (0.081) 0.055 0.095 0.019 0.055 
   6   (0.079) 0.095 0.022 0.019 0.267 
   7   (0.033) 0.033 0.009 0.008 0.005 
   8   (0.035) 0.006 0.010 0.008 0.034 
   9   (0.079) 0.013 0.239 0.019 0.126 
  10   (0.088) 0.022 0.169 0.021 0.205 
  11   (0.045) 0.012 0.012 0.011 0.145 
  12   (0.041) 0.007 0.119 0.010 0.007 
  13   (0.035) 0.006 0.046 0.008 0.006 
  14   (0.042) 0.007 0.120 0.010 0.007 
  15   (0.037) 0.006 0.046 0.009 0.006 
  16   (0.046) 0.008 0.013 0.393 0.008 
  17   (0.039) 0.007 0.011 0.086 0.007 
  18   (0.038) 0.006 0.011 0.085 0.006 
  19   (0.045) 0.008 0.012 0.201 0.008 
  20   (0.036) 0.006 0.010 0.047 0.006 

Locus 66 : locus66 
24 alleles
0.0% missing data
   1   (0.065) 0.432 0.018 0.053 0.023 
   2   (0.058) 0.091 0.016 0.166 0.010 
   3   (0.066) 0.065 0.018 0.054 0.068 
   4   (0.028) 0.032 0.008 0.007 0.005 
   5   (0.029) 0.032 0.008 0.007 0.005 
   6   (0.049) 0.049 0.014 0.012 0.051 
   7   (0.078) 0.110 0.022 0.095 0.082 
   8   (0.054) 0.036 0.015 0.318 0.009 
   9   (0.067) 0.065 0.019 0.092 0.040 
  10   (0.039) 0.010 0.011 0.009 0.375 
  11   (0.060) 0.013 0.017 0.091 0.207 
  12   (0.028) 0.005 0.008 0.007 0.033 
  13   (0.030) 0.005 0.008 0.007 0.034 
  14   (0.030) 0.005 0.081 0.007 0.005 
  15   (0.033) 0.005 0.081 0.008 0.005 
  16   (0.035) 0.006 0.118 0.008 0.006 
  17   (0.031) 0.005 0.081 0.007 0.005 
  18   (0.029) 0.005 0.044 0.007 0.005 
  19   (0.035) 0.006 0.082 0.008 0.006 
  20   (0.031) 0.005 0.045 0.007 0.005 
  21   (0.030) 0.005 0.044 0.007 0.005 
  22   (0.029) 0.005 0.044 0.007 0.005 
  23   (0.031) 0.005 0.153 0.007 0.005 
  24   (0.032) 0.005 0.045 0.008 0.005 

Locus 67 : locus67 
21 alleles
0.0% missing data
   1   (0.058) 0.046 0.016 0.014 0.086 
   2   (0.067) 0.115 0.018 0.016 0.129 
   3   (0.050) 0.430 0.014 0.012 0.015 
   4   (0.041) 0.085 0.011 0.010 0.009 
   5   (0.058) 0.040 0.016 0.014 0.209 
   6   (0.043) 0.112 0.012 0.010 0.009 
   7   (0.033) 0.032 0.009 0.008 0.006 
   8   (0.036) 0.006 0.010 0.009 0.064 
   9   (0.068) 0.014 0.019 0.245 0.095 
  10   (0.070) 0.022 0.128 0.017 0.087 
  11   (0.067) 0.028 0.019 0.092 0.108 
  12   (0.039) 0.009 0.011 0.009 0.091 
  13   (0.064) 0.011 0.054 0.053 0.040 
  14   (0.033) 0.005 0.081 0.008 0.006 
  15   (0.040) 0.007 0.156 0.009 0.007 
  16   (0.040) 0.007 0.156 0.009 0.007 
  17   (0.034) 0.006 0.046 0.008 0.006 
  18   (0.034) 0.006 0.046 0.008 0.006 
  19   (0.042) 0.007 0.156 0.010 0.007 
  20   (0.040) 0.007 0.011 0.124 0.007 
  21   (0.042) 0.007 0.012 0.315 0.007 

Locus 68 : locus68 
19 alleles
0.0% missing data
   1   (0.093) 0.181 0.098 0.098 0.017 
   2   (0.053) 0.037 0.123 0.013 0.009 
   3   (0.062) 0.174 0.017 0.052 0.014 
   4   (0.031) 0.033 0.009 0.007 0.005 
   5   (0.089) 0.043 0.206 0.174 0.015 
   6   (0.087) 0.094 0.132 0.097 0.019 
   7   (0.092) 0.117 0.098 0.136 0.024 
   8   (0.045) 0.195 0.012 0.010 0.014 
   9   (0.053) 0.037 0.015 0.166 0.009 
  10   (0.044) 0.015 0.012 0.011 0.193 
  11   (0.033) 0.006 0.009 0.008 0.061 
  12   (0.056) 0.013 0.015 0.051 0.088 
  13   (0.041) 0.010 0.011 0.010 0.170 
  14   (0.037) 0.008 0.010 0.009 0.115 
  15   (0.039) 0.007 0.011 0.009 0.117 
  16   (0.040) 0.012 0.011 0.010 0.112 
  17   (0.039) 0.007 0.156 0.009 0.006 
  18   (0.030) 0.005 0.044 0.007 0.005 
  19   (0.037) 0.006 0.010 0.123 0.006 

Locus 69 : locus69 
21 alleles
0.0% missing data
   1   (0.061) 0.052 0.017 0.014 0.051 
   2   (0.049) 0.286 0.014 0.012 0.011 
   3   (0.048) 0.232 0.013 0.011 0.009 
   4   (0.058) 0.038 0.016 0.014 0.064 
   5   (0.049) 0.171 0.014 0.012 0.014 
   6   (0.080) 0.087 0.130 0.019 0.023 
   7   (0.053) 0.016 0.015 0.013 0.276 
   8   (0.047) 0.014 0.013 0.011 0.194 
   9   (0.033) 0.006 0.009 0.008 0.033 
  10   (0.046) 0.013 0.013 0.011 0.057 
  11   (0.045) 0.010 0.013 0.011 0.143 
  12   (0.038) 0.007 0.010 0.009 0.061 
  13   (0.055) 0.010 0.377 0.013 0.009 
  14   (0.044) 0.008 0.121 0.010 0.007 
  15   (0.043) 0.007 0.157 0.010 0.007 
  16   (0.042) 0.007 0.012 0.239 0.007 
  17   (0.045) 0.008 0.012 0.202 0.007 
  18   (0.039) 0.007 0.011 0.085 0.006 
  19   (0.045) 0.008 0.012 0.125 0.007 
  20   (0.043) 0.008 0.012 0.125 0.007 
  21   (0.036) 0.006 0.010 0.047 0.006 

Locus 70 : locus70 
21 alleles
0.0% missing data
   1   (0.048) 0.418 0.013 0.011 0.011 
   2   (0.038) 0.062 0.011 0.009 0.006 
   3   (0.044) 0.116 0.012 0.010 0.009 
   4   (0.045) 0.113 0.012 0.011 0.013 
   5   (0.030) 0.033 0.008 0.007 0.005 
   6   (0.039) 0.057 0.011 0.009 0.011 
   7   (0.036) 0.057 0.010 0.009 0.010 
   8   (0.035) 0.008 0.010 0.008 0.117 
   9   (0.099) 0.021 0.208 0.100 0.124 
  10   (0.039) 0.008 0.011 0.009 0.145 
  11   (0.063) 0.016 0.054 0.015 0.145 
  12   (0.036) 0.006 0.010 0.009 0.034 
  13   (0.046) 0.014 0.013 0.011 0.169 
  14   (0.042) 0.011 0.012 0.010 0.143 
  15   (0.039) 0.007 0.155 0.009 0.006 
  16   (0.075) 0.013 0.202 0.209 0.012 
  17   (0.050) 0.009 0.050 0.050 0.008 
  18   (0.037) 0.006 0.083 0.009 0.006 
  19   (0.057) 0.010 0.052 0.128 0.009 
  20   (0.059) 0.010 0.052 0.167 0.010 
  21   (0.042) 0.007 0.012 0.201 0.007 

Locus 71 : locus71 
20 alleles
0.0% missing data
   1   (0.068) 0.087 0.019 0.016 0.157 
   2   (0.100) 0.291 0.028 0.290 0.024 
   3   (0.077) 0.098 0.021 0.362 0.013 
   4   (0.080) 0.220 0.022 0.019 0.113 
   5   (0.047) 0.171 0.013 0.011 0.013 
   6   (0.052) 0.014 0.014 0.012 0.306 
   7   (0.072) 0.022 0.020 0.093 0.112 
   8   (0.042) 0.012 0.012 0.010 0.057 
   9   (0.046) 0.014 0.013 0.011 0.111 
  10   (0.032) 0.006 0.009 0.008 0.033 
  11   (0.035) 0.006 0.046 0.008 0.006 
  12   (0.047) 0.008 0.266 0.011 0.008 
  13   (0.040) 0.007 0.120 0.009 0.007 
  14   (0.043) 0.007 0.121 0.010 0.007 
  15   (0.035) 0.006 0.046 0.008 0.006 
  16   (0.043) 0.008 0.120 0.010 0.007 
  17   (0.037) 0.006 0.047 0.009 0.006 
  18   (0.034) 0.006 0.045 0.008 0.006 
  19   (0.035) 0.006 0.010 0.046 0.006 
  20   (0.034) 0.006 0.010 0.046 0.006 

Locus 72 : locus72 
19 alleles
0.0% missing data
   1   (0.079) 0.124 0.058 0.019 0.068 
   2   (0.080) 0.176 0.058 0.057 0.018 
   3   (0.068) 0.120 0.163 0.016 0.014 
   4   (0.071) 0.145 0.128 0.017 0.017 
   5   (0.056) 0.089 0.015 0.051 0.013 
   6   (0.077) 0.203 0.202 0.018 0.017 
   7   (0.070) 0.039 0.055 0.093 0.011 
   8   (0.036) 0.008 0.010 0.008 0.116 
   9   (0.042) 0.010 0.012 0.010 0.255 
  10   (0.054) 0.013 0.051 0.013 0.089 
  11   (0.041) 0.011 0.012 0.010 0.142 
  12   (0.056) 0.015 0.052 0.013 0.059 
  13   (0.039) 0.009 0.011 0.009 0.116 
  14   (0.047) 0.008 0.049 0.011 0.035 
  15   (0.035) 0.006 0.082 0.008 0.006 
  16   (0.037) 0.006 0.010 0.200 0.006 
  17   (0.038) 0.006 0.011 0.162 0.006 
  18   (0.038) 0.006 0.010 0.200 0.006 
  19   (0.036) 0.006 0.010 0.085 0.006 

Locus 73 : locus73 
20 alleles
0.0% missing data
   1   (0.048) 0.035 0.086 0.011 0.008 
   2   (0.062) 0.174 0.125 0.014 0.012 
   3   (0.080) 0.138 0.058 0.019 0.138 
   4   (0.052) 0.082 0.014 0.012 0.046 
   5   (0.051) 0.044 0.014 0.012 0.113 
   6   (0.033) 0.057 0.009 0.008 0.009 
   7   (0.040) 0.193 0.011 0.009 0.013 
   8   (0.058) 0.060 0.197 0.014 0.014 
   9   (0.091) 0.083 0.206 0.022 0.086 
  10   (0.032) 0.033 0.009 0.008 0.005 
  11   (0.034) 0.009 0.009 0.008 0.058 
  12   (0.029) 0.005 0.008 0.007 0.033 
  13   (0.080) 0.022 0.022 0.324 0.257 
  14   (0.050) 0.009 0.014 0.127 0.036 
  15   (0.048) 0.013 0.049 0.011 0.059 
  16   (0.060) 0.016 0.017 0.205 0.060 
  17   (0.043) 0.007 0.012 0.048 0.035 
  18   (0.044) 0.008 0.048 0.049 0.007 
  19   (0.032) 0.005 0.081 0.008 0.005 
  20   (0.032) 0.005 0.009 0.084 0.005 

Locus 74 : locus74 
15 alleles
0.0% missing data
   1   (0.087) 0.189 0.060 0.021 0.089 
   2   (0.091) 0.122 0.025 0.059 0.159 
   3   (0.150) 0.100 0.222 0.188 0.173 
   4   (0.044) 0.138 0.012 0.010 0.014 
   5   (0.132) 0.123 0.109 0.146 0.170 
   6   (0.056) 0.037 0.016 0.128 0.009 
   7   (0.066) 0.197 0.018 0.053 0.017 
   8   (0.081) 0.041 0.059 0.057 0.042 
   9   (0.046) 0.012 0.013 0.011 0.284 
  10   (0.077) 0.013 0.274 0.170 0.013 
  11   (0.039) 0.007 0.119 0.009 0.007 
  12   (0.033) 0.006 0.045 0.008 0.005 
  13   (0.033) 0.006 0.009 0.046 0.006 
  14   (0.034) 0.006 0.009 0.046 0.006 
  15   (0.033) 0.006 0.009 0.046 0.006 

Locus 75 : locus75 
29 alleles
0.0% missing data
   1   (0.027) 0.032 0.008 0.006 0.005 
   2   (0.037) 0.111 0.010 0.009 0.011 
   3   (0.032) 0.115 0.009 0.008 0.005 
   4   (0.038) 0.136 0.010 0.009 0.014 
   5   (0.037) 0.195 0.010 0.009 0.010 
   6   (0.031) 0.141 0.008 0.007 0.006 
   7   (0.033) 0.060 0.009 0.008 0.006 
   8   (0.033) 0.057 0.009 0.008 0.009 
   9   (0.035) 0.014 0.010 0.008 0.082 
  10   (0.044) 0.007 0.048 0.010 0.064 
  11   (0.036) 0.006 0.010 0.009 0.062 
  12   (0.026) 0.006 0.007 0.006 0.116 
  13   (0.034) 0.007 0.010 0.008 0.145 
  14   (0.031) 0.005 0.009 0.007 0.062 
  15   (0.028) 0.005 0.008 0.007 0.033 
  16   (0.033) 0.010 0.009 0.008 0.114 
  17   (0.040) 0.018 0.011 0.010 0.107 
  18   (0.033) 0.009 0.009 0.008 0.058 
  19   (0.031) 0.005 0.009 0.007 0.033 
  20   (0.054) 0.009 0.087 0.127 0.009 
  21   (0.028) 0.005 0.080 0.007 0.005 
  22   (0.036) 0.006 0.154 0.008 0.006 
  23   (0.056) 0.009 0.305 0.051 0.009 
  24   (0.030) 0.005 0.117 0.007 0.005 
  25   (0.032) 0.006 0.009 0.046 0.005 
  26   (0.035) 0.006 0.010 0.352 0.006 
  27   (0.033) 0.005 0.009 0.122 0.005 
  28   (0.032) 0.005 0.009 0.084 0.005 
  29   (0.026) 0.004 0.007 0.044 0.004 

Locus 76 : locus76 
18 alleles
0.0% missing data
   1   (0.061) 0.067 0.017 0.129 0.010 
   2   (0.067) 0.202 0.019 0.054 0.017 
   3   (0.068) 0.124 0.019 0.093 0.011 
   4   (0.104) 0.172 0.029 0.216 0.058 
   5   (0.095) 0.098 0.027 0.061 0.208 
   6   (0.067) 0.202 0.019 0.054 0.017 
   7   (0.063) 0.039 0.017 0.130 0.010 
   8   (0.047) 0.012 0.013 0.011 0.224 
   9   (0.044) 0.007 0.012 0.010 0.145 
  10   (0.042) 0.012 0.012 0.010 0.057 
  11   (0.035) 0.006 0.010 0.008 0.033 
  12   (0.064) 0.015 0.018 0.053 0.171 
  13   (0.033) 0.006 0.045 0.008 0.005 
  14   (0.052) 0.009 0.412 0.012 0.008 
  15   (0.038) 0.007 0.083 0.009 0.006 
  16   (0.040) 0.007 0.119 0.009 0.007 
  17   (0.039) 0.007 0.119 0.009 0.006 
  18   (0.042) 0.007 0.012 0.124 0.007 

Locus 77 : locus77 
19 alleles
0.0% missing data
   1   (0.078) 0.209 0.058 0.018 0.065 
   2   (0.060) 0.274 0.017 0.014 0.049 
   3   (0.040) 0.087 0.011 0.009 0.009 
   4   (0.060) 0.060 0.162 0.014 0.015 
   5   (0.031) 0.033 0.009 0.007 0.005 
   6   (0.036) 0.115 0.010 0.008 0.008 
   7   (0.080) 0.061 0.131 0.019 0.105 
   8   (0.080) 0.051 0.131 0.019 0.087 
   9   (0.070) 0.012 0.272 0.017 0.152 
  10   (0.089) 0.028 0.061 0.098 0.253 
  11   (0.053) 0.012 0.015 0.051 0.089 
  12   (0.049) 0.008 0.014 0.088 0.036 
  13   (0.058) 0.013 0.016 0.090 0.090 
  14   (0.051) 0.009 0.050 0.088 0.008 
  15   (0.029) 0.005 0.008 0.045 0.005 
  16   (0.036) 0.006 0.010 0.161 0.006 
  17   (0.033) 0.006 0.009 0.084 0.005 
  18   (0.032) 0.005 0.009 0.084 0.005 
  19   (0.035) 0.006 0.010 0.085 0.006 

Locus 78 : locus78 
15 alleles
0.0% missing data
   1   (0.048) 0.223 0.013 0.011 0.012 
   2   (0.132) 0.050 0.218 0.260 0.050 
   3   (0.040) 0.089 0.011 0.009 0.007 
   4   (0.044) 0.115 0.012 0.010 0.009 
   5   (0.045) 0.115 0.013 0.011 0.010 
   6   (0.040) 0.057 0.011 0.010 0.011 
   7   (0.049) 0.221 0.013 0.011 0.014 
   8   (0.093) 0.016 0.170 0.098 0.043 
   9   (0.080) 0.016 0.022 0.171 0.152 
  10   (0.077) 0.023 0.094 0.018 0.171 
  11   (0.137) 0.036 0.219 0.109 0.319 
  12   (0.068) 0.011 0.019 0.169 0.068 
  13   (0.044) 0.009 0.012 0.010 0.118 
  14   (0.035) 0.006 0.046 0.008 0.006 
  15   (0.068) 0.012 0.127 0.092 0.011 

Locus 79 : locus79 
17 alleles
0.0% missing data
   1   (0.079) 0.098 0.022 0.056 0.094 
   2   (0.061) 0.139 0.017 0.014 0.074 
   3   (0.059) 0.080 0.016 0.014 0.079 
   4   (0.045) 0.256 0.012 0.010 0.009 
   5   (0.043) 0.171 0.012 0.010 0.010 
   6   (0.075) 0.060 0.021 0.056 0.103 
   7   (0.059) 0.051 0.016 0.014 0.164 
   8   (0.032) 0.033 0.009 0.008 0.005 
   9   (0.103) 0.025 0.210 0.178 0.065 
  10   (0.096) 0.023 0.207 0.061 0.148 
  11   (0.038) 0.010 0.010 0.009 0.142 
  12   (0.078) 0.014 0.094 0.133 0.041 
  13   (0.059) 0.010 0.161 0.014 0.037 
  14   (0.036) 0.006 0.082 0.008 0.006 
  15   (0.065) 0.011 0.090 0.244 0.011 
  16   (0.037) 0.006 0.010 0.085 0.006 
  17   (0.034) 0.006 0.010 0.084 0.006 

Locus 80 : locus80 
25 alleles
0.0% missing data
   1   (0.069) 0.362 0.019 0.131 0.016 
   2   (0.040) 0.111 0.011 0.010 0.012 
   3   (0.042) 0.276 0.011 0.010 0.011 
   4   (0.033) 0.033 0.009 0.008 0.006 
   5   (0.029) 0.059 0.008 0.007 0.005 
   6   (0.039) 0.011 0.011 0.009 0.115 
   7   (0.030) 0.005 0.008 0.007 0.033 
   8   (0.042) 0.011 0.012 0.010 0.144 
   9   (0.031) 0.005 0.009 0.007 0.033 
  10   (0.042) 0.007 0.012 0.048 0.035 
  11   (0.078) 0.020 0.058 0.095 0.147 
  12   (0.031) 0.007 0.009 0.007 0.088 
  13   (0.067) 0.018 0.019 0.207 0.117 
  14   (0.049) 0.008 0.086 0.012 0.036 
  15   (0.028) 0.005 0.008 0.007 0.061 
  16   (0.036) 0.008 0.010 0.009 0.089 
  17   (0.029) 0.005 0.044 0.007 0.005 
  18   (0.039) 0.007 0.227 0.009 0.006 
  19   (0.037) 0.006 0.118 0.009 0.006 
  20   (0.039) 0.007 0.155 0.009 0.006 
  21   (0.032) 0.005 0.045 0.008 0.005 
  22   (0.035) 0.006 0.082 0.008 0.006 
  23   (0.037) 0.006 0.010 0.200 0.006 
  24   (0.033) 0.005 0.009 0.122 0.005 
  25   (0.032) 0.005 0.009 0.046 0.005 

Locus 81 : locus81 
24 alleles
0.0% missing data
   1   (0.072) 0.316 0.020 0.093 0.017 
   2   (0.040) 0.173 0.011 0.010 0.009 
   3   (0.050) 0.065 0.014 0.050 0.008 
   4   (0.056) 0.103 0.016 0.013 0.054 
   5   (0.049) 0.036 0.013 0.012 0.036 
   6   (0.033) 0.033 0.009 0.008 0.005 
   7   (0.046) 0.036 0.049 0.011 0.008 
   8   (0.059) 0.119 0.016 0.014 0.066 
   9   (0.040) 0.012 0.011 0.009 0.166 
  10   (0.038) 0.009 0.011 0.009 0.196 
  11   (0.036) 0.009 0.010 0.008 0.086 
  12   (0.038) 0.009 0.010 0.009 0.114 
  13   (0.039) 0.010 0.011 0.009 0.140 
  14   (0.031) 0.005 0.008 0.007 0.032 
  15   (0.041) 0.007 0.264 0.010 0.007 
  16   (0.034) 0.006 0.154 0.008 0.006 
  17   (0.033) 0.006 0.081 0.008 0.005 
  18   (0.042) 0.007 0.157 0.010 0.007 
  19   (0.032) 0.006 0.045 0.008 0.005 
  20   (0.049) 0.008 0.049 0.088 0.008 
  21   (0.039) 0.007 0.011 0.276 0.006 
  22   (0.043) 0.007 0.012 0.239 0.007 
  23   (0.029) 0.005 0.008 0.045 0.005 
  24   (0.033) 0.006 0.009 0.046 0.005 

Locus 82 : locus82 
20 alleles
0.0% missing data
   1   (0.078) 0.194 0.166 0.018 0.021 
   2   (0.057) 0.055 0.016 0.014 0.104 
   3   (0.070) 0.221 0.092 0.017 0.018 
   4   (0.039) 0.084 0.011 0.009 0.009 
   5   (0.076) 0.039 0.166 0.056 0.013 
   6   (0.068) 0.097 0.019 0.016 0.235 
   7   (0.062) 0.140 0.089 0.015 0.016 
   8   (0.055) 0.080 0.015 0.013 0.048 
   9   (0.032) 0.005 0.009 0.008 0.034 
  10   (0.042) 0.009 0.012 0.010 0.264 
  11   (0.032) 0.005 0.009 0.007 0.034 
  12   (0.035) 0.009 0.010 0.008 0.060 
  13   (0.034) 0.007 0.009 0.008 0.090 
  14   (0.035) 0.006 0.082 0.008 0.006 
  15   (0.061) 0.010 0.125 0.052 0.010 
  16   (0.060) 0.010 0.089 0.167 0.010 
  17   (0.060) 0.010 0.052 0.359 0.010 
  18   (0.036) 0.006 0.010 0.085 0.006 
  19   (0.036) 0.006 0.010 0.085 0.006 
  20   (0.034) 0.006 0.009 0.046 0.006 

Locus 83 : locus83 
21 alleles
0.0% missing data
   1   (0.065) 0.200 0.090 0.015 0.014 
   2   (0.071) 0.226 0.020 0.017 0.185 
   3   (0.077) 0.115 0.021 0.400 0.021 
   4   (0.055) 0.113 0.015 0.013 0.044 
   5   (0.122) 0.173 0.287 0.143 0.033 
   6   (0.074) 0.040 0.093 0.132 0.012 
   7   (0.029) 0.032 0.008 0.007 0.005 
   8   (0.031) 0.007 0.009 0.007 0.088 
   9   (0.039) 0.010 0.011 0.009 0.144 
  10   (0.032) 0.005 0.009 0.008 0.033 
  11   (0.035) 0.008 0.010 0.008 0.088 
  12   (0.031) 0.005 0.009 0.007 0.033 
  13   (0.036) 0.008 0.010 0.009 0.145 
  14   (0.035) 0.010 0.010 0.008 0.058 
  15   (0.033) 0.009 0.009 0.008 0.058 
  16   (0.049) 0.008 0.086 0.050 0.008 
  17   (0.034) 0.006 0.082 0.008 0.006 
  18   (0.033) 0.006 0.045 0.008 0.005 
  19   (0.051) 0.009 0.123 0.050 0.009 
  20   (0.031) 0.005 0.045 0.007 0.005 
  21   (0.034) 0.006 0.009 0.085 0.006 

Locus 84 : locus84 
26 alleles
0.0% missing data
   1   (0.043) 0.199 0.012 0.010 0.010 
   2   (0.054) 0.121 0.015 0.051 0.009 
   3   (0.032) 0.033 0.009 0.008 0.005 
   4   (0.036) 0.062 0.010 0.008 0.006 
   5   (0.057) 0.145 0.016 0.090 0.013 
   6   (0.038) 0.164 0.011 0.009 0.014 
   7   (0.032) 0.061 0.009 0.008 0.005 
   8   (0.054) 0.082 0.015 0.051 0.019 
   9   (0.040) 0.012 0.011 0.010 0.252 
  10   (0.039) 0.009 0.011 0.009 0.198 
  11   (0.030) 0.005 0.008 0.007 0.060 
  12   (0.031) 0.005 0.009 0.007 0.033 
  13   (0.037) 0.009 0.010 0.009 0.198 
  14   (0.070) 0.023 0.201 0.017 0.083 
  15   (0.029) 0.005 0.008 0.007 0.033 
  16   (0.038) 0.007 0.119 0.009 0.006 
  17   (0.034) 0.006 0.118 0.008 0.006 
  18   (0.035) 0.006 0.082 0.008 0.006 
  19   (0.033) 0.006 0.081 0.008 0.005 
  20   (0.040) 0.007 0.047 0.048 0.007 
  21   (0.036) 0.006 0.118 0.009 0.006 
  22   (0.029) 0.005 0.044 0.007 0.005 
  23   (0.032) 0.006 0.009 0.084 0.005 
  24   (0.037) 0.006 0.010 0.390 0.006 
  25   (0.034) 0.006 0.009 0.085 0.006 
  26   (0.028) 0.005 0.008 0.045 0.005 

Locus 85 : locus85 
21 alleles
0.0% missing data
   1   (0.038) 0.093 0.011 0.009 0.006 
   2   (0.071) 0.174 0.020 0.017 0.290 
   3   (0.030) 0.034 0.008 0.007 0.005 
   4   (0.073) 0.123 0.020 0.017 0.285 
   5   (0.073) 0.041 0.093 0.017 0.039 
   6   (0.044) 0.206 0.012 0.010 0.009 
   7   (0.037) 0.035 0.010 0.009 0.006 
   8   (0.086) 0.060 0.096 0.021 0.134 
   9   (0.076) 0.121 0.202 0.018 0.019 
  10   (0.034) 0.035 0.009 0.008 0.005 
  11   (0.038) 0.009 0.011 0.009 0.085 
  12   (0.032) 0.006 0.009 0.008 0.032 
  13   (0.037) 0.007 0.010 0.009 0.033 
  14   (0.036) 0.006 0.154 0.009 0.006 
  15   (0.042) 0.007 0.156 0.010 0.007 
  16   (0.060) 0.011 0.089 0.091 0.010 
  17   (0.030) 0.005 0.044 0.007 0.005 
  18   (0.045) 0.008 0.012 0.240 0.007 
  19   (0.039) 0.007 0.011 0.276 0.006 
  20   (0.041) 0.007 0.011 0.162 0.007 
  21   (0.038) 0.007 0.010 0.047 0.006 

Locus 86 : locus86 
18 alleles
0.0% missing data
   1   (0.046) 0.145 0.013 0.011 0.009 
   2   (0.085) 0.230 0.096 0.020 0.020 
   3   (0.039) 0.058 0.011 0.009 0.011 
   4   (0.088) 0.117 0.205 0.021 0.023 
   5   (0.048) 0.255 0.013 0.011 0.011 
   6   (0.102) 0.073 0.209 0.062 0.017 
   7   (0.046) 0.014 0.013 0.011 0.168 
   8   (0.038) 0.006 0.011 0.009 0.062 
   9   (0.054) 0.014 0.015 0.013 0.310 
  10   (0.049) 0.014 0.014 0.012 0.113 
  11   (0.043) 0.007 0.012 0.010 0.118 
  12   (0.038) 0.007 0.011 0.009 0.034 
  13   (0.042) 0.012 0.012 0.010 0.058 
  14   (0.074) 0.013 0.165 0.094 0.012 
  15   (0.094) 0.016 0.134 0.481 0.015 
  16   (0.036) 0.006 0.046 0.008 0.006 
  17   (0.034) 0.006 0.009 0.046 0.006 
  18   (0.045) 0.008 0.012 0.163 0.007 

Locus 87 : locus87 
22 alleles
0.0% missing data
   1   (0.037) 0.060 0.010 0.009 0.006 
   2   (0.040) 0.138 0.011 0.009 0.011 
   3   (0.044) 0.217 0.012 0.010 0.014 
   4   (0.045) 0.222 0.012 0.011 0.010 
   5   (0.035) 0.140 0.010 0.008 0.007 
   6   (0.033) 0.056 0.009 0.008 0.009 
   7   (0.035) 0.008 0.010 0.008 0.089 
   8   (0.068) 0.017 0.019 0.131 0.148 
   9   (0.040) 0.009 0.011 0.009 0.176 
  10   (0.027) 0.005 0.008 0.006 0.033 
  11   (0.032) 0.005 0.009 0.008 0.034 
  12   (0.034) 0.006 0.010 0.008 0.063 
  13   (0.091) 0.028 0.061 0.289 0.087 
  14   (0.032) 0.005 0.009 0.007 0.034 
  15   (0.038) 0.010 0.011 0.009 0.060 
  16   (0.084) 0.021 0.132 0.096 0.064 
  17   (0.090) 0.022 0.278 0.059 0.065 
  18   (0.030) 0.005 0.008 0.007 0.034 
  19   (0.030) 0.005 0.008 0.007 0.034 
  20   (0.043) 0.007 0.265 0.010 0.007 
  21   (0.065) 0.011 0.090 0.244 0.011 
  22   (0.030) 0.005 0.008 0.045 0.005 

Locus 88 : locus88 
21 alleles
0.0% missing data
   1   (0.058) 0.117 0.052 0.014 0.015 
   2   (0.072) 0.180 0.020 0.170 0.013 
   3   (0.031) 0.034 0.009 0.007 0.005 
   4   (0.038) 0.173 0.010 0.009 0.008 
   5   (0.092) 0.071 0.098 0.022 0.289 
   6   (0.039) 0.118 0.011 0.009 0.008 
   7   (0.041) 0.144 0.012 0.010 0.010 
   8   (0.087) 0.053 0.241 0.021 0.087 
   9   (0.042) 0.016 0.012 0.010 0.134 
  10   (0.057) 0.012 0.052 0.013 0.117 
  11   (0.057) 0.012 0.052 0.014 0.144 
  12   (0.061) 0.013 0.089 0.014 0.117 
  13   (0.037) 0.006 0.119 0.009 0.006 
  14   (0.048) 0.008 0.050 0.050 0.008 
  15   (0.038) 0.007 0.119 0.009 0.006 
  16   (0.032) 0.005 0.009 0.084 0.005 
  17   (0.039) 0.007 0.011 0.200 0.006 
  18   (0.033) 0.006 0.009 0.084 0.005 
  19   (0.035) 0.006 0.010 0.085 0.006 
  20   (0.032) 0.006 0.009 0.122 0.005 
  21   (0.030) 0.005 0.008 0.045 0.005 

Locus 89 : locus89 
17 alleles
0.0% missing data
   1   (0.043) 0.252 0.012 0.010 0.009 
   2   (0.044) 0.166 0.012 0.010 0.012 
   3   (0.046) 0.136 0.013 0.011 0.016 
   4   (0.042) 0.087 0.012 0.010 0.009 
   5   (0.037) 0.088 0.010 0.009 0.006 
   6   (0.039) 0.114 0.011 0.009 0.008 
   7   (0.082) 0.014 0.132 0.057 0.070 
   8   (0.093) 0.021 0.061 0.137 0.179 
   9   (0.105) 0.024 0.246 0.063 0.181 
  10   (0.078) 0.013 0.167 0.056 0.041 
  11   (0.107) 0.029 0.065 0.255 0.260 
  12   (0.057) 0.010 0.016 0.090 0.066 
  13   (0.080) 0.022 0.058 0.057 0.117 
  14   (0.042) 0.007 0.156 0.010 0.007 
  15   (0.035) 0.006 0.010 0.046 0.006 
  16   (0.034) 0.006 0.010 0.084 0.006 
  17   (0.036) 0.006 0.010 0.085 0.006 

Locus 90 : locus90 
23 alleles
0.0% missing data
   1   (0.040) 0.243 0.011 0.009 0.012 
   2   (0.058) 0.128 0.016 0.014 0.141 
   3   (0.044) 0.034 0.012 0.011 0.037 
   4   (0.076) 0.251 0.021 0.056 0.072 
   5   (0.048) 0.034 0.013 0.126 0.008 
   6   (0.044) 0.034 0.012 0.011 0.036 
   7   (0.032) 0.055 0.009 0.008 0.009 
   8   (0.059) 0.052 0.017 0.014 0.282 
   9   (0.028) 0.031 0.008 0.007 0.005 
  10   (0.047) 0.048 0.013 0.011 0.050 
  11   (0.038) 0.009 0.011 0.009 0.178 
  12   (0.033) 0.005 0.009 0.008 0.064 
  13   (0.031) 0.005 0.009 0.007 0.034 
  14   (0.035) 0.006 0.154 0.008 0.006 
  15   (0.052) 0.009 0.050 0.242 0.009 
  16   (0.031) 0.005 0.117 0.007 0.005 
  17   (0.045) 0.007 0.048 0.049 0.008 
  18   (0.057) 0.010 0.161 0.090 0.010 
  19   (0.036) 0.006 0.118 0.008 0.006 
  20   (0.049) 0.008 0.050 0.126 0.008 
  21   (0.053) 0.009 0.087 0.127 0.009 
  22   (0.030) 0.005 0.045 0.007 0.005 
  23   (0.032) 0.005 0.009 0.045 0.005 

Locus 91 : locus91 
27 alleles
0.0% missing data
   1   (0.060) 0.278 0.053 0.014 0.018 
   2   (0.065) 0.147 0.199 0.015 0.013 
   3   (0.031) 0.088 0.009 0.007 0.005 
   4   (0.029) 0.060 0.008 0.007 0.005 
   5   (0.055) 0.198 0.051 0.013 0.014 
   6   (0.029) 0.032 0.008 0.007 0.005 
   7   (0.035) 0.058 0.010 0.008 0.009 
   8   (0.037) 0.009 0.010 0.009 0.087 
   9   (0.029) 0.005 0.008 0.007 0.061 
  10   (0.039) 0.011 0.011 0.009 0.169 
  11   (0.027) 0.005 0.008 0.007 0.032 
  12   (0.036) 0.006 0.010 0.009 0.117 
  13   (0.033) 0.009 0.009 0.008 0.057 
  14   (0.036) 0.011 0.010 0.008 0.224 
  15   (0.034) 0.010 0.009 0.008 0.057 
  16   (0.027) 0.005 0.007 0.006 0.032 
  17   (0.027) 0.005 0.007 0.006 0.032 
  18   (0.051) 0.009 0.123 0.050 0.008 
  19   (0.054) 0.009 0.123 0.127 0.009 
  20   (0.054) 0.009 0.051 0.318 0.009 
  21   (0.028) 0.005 0.153 0.007 0.005 
  22   (0.032) 0.006 0.081 0.008 0.005 
  23   (0.033) 0.005 0.009 0.084 0.005 
  24   (0.028) 0.005 0.008 0.045 0.005 
  25   (0.035) 0.006 0.010 0.123 0.006 
  26   (0.029) 0.005 0.008 0.045 0.005 
  27   (0.029) 0.005 0.008 0.045 0.005 

Locus 92 : locus92 
17 alleles
0.0% missing data
   1   (0.092) 0.100 0.134 0.137 0.015 
   2   (0.149) 0.251 0.186 0.379 0.050 
   3   (0.105) 0.232 0.101 0.101 0.028 
   4   (0.080) 0.070 0.058 0.134 0.013 
   5   (0.059) 0.066 0.125 0.014 0.010 
   6   (0.054) 0.066 0.051 0.013 0.009 
   7   (0.056) 0.123 0.015 0.051 0.009 
   8   (0.036) 0.006 0.010 0.009 0.061 
   9   (0.044) 0.013 0.012 0.011 0.194 
  10   (0.042) 0.009 0.012 0.010 0.170 
  11   (0.040) 0.015 0.011 0.009 0.081 
  12   (0.043) 0.012 0.012 0.010 0.194 
  13   (0.040) 0.009 0.011 0.010 0.114 
  14   (0.031) 0.005 0.008 0.007 0.032 
  15   (0.039) 0.007 0.156 0.009 0.006 
  16   (0.055) 0.010 0.088 0.051 0.009 
  17   (0.035) 0.006 0.010 0.047 0.006 

Locus 93 : locus93 
19 alleles
0.0% missing data
   1   (0.036) 0.085 0.010 0.008 0.008 
   2   (0.060) 0.332 0.017 0.052 0.013 
   3   (0.056) 0.058 0.016 0.090 0.015 
   4   (0.055) 0.168 0.015 0.051 0.013 
   5   (0.133) 0.176 0.182 0.261 0.087 
   6   (0.123) 0.078 0.143 0.220 0.130 
   7   (0.051) 0.008 0.014 0.050 0.094 
   8   (0.036) 0.008 0.010 0.009 0.090 
   9   (0.033) 0.006 0.009 0.008 0.034 
  10   (0.087) 0.020 0.096 0.058 0.265 
  11   (0.063) 0.016 0.090 0.015 0.148 
  12   (0.028) 0.005 0.008 0.007 0.033 
  13   (0.030) 0.005 0.008 0.007 0.033 
  14   (0.032) 0.005 0.045 0.008 0.005 
  15   (0.032) 0.005 0.082 0.008 0.005 
  16   (0.036) 0.006 0.118 0.008 0.006 
  17   (0.029) 0.005 0.044 0.007 0.005 
  18   (0.049) 0.008 0.050 0.126 0.008 
  19   (0.029) 0.005 0.044 0.007 0.005 

Locus 94 : locus94 
21 alleles
0.0% missing data
   1   (0.047) 0.191 0.013 0.011 0.016 
   2   (0.047) 0.226 0.013 0.011 0.009 
   3   (0.041) 0.114 0.011 0.010 0.008 
   4   (0.070) 0.095 0.020 0.017 0.179 
   5   (0.044) 0.194 0.012 0.010 0.012 
   6   (0.054) 0.049 0.015 0.013 0.052 
   7   (0.050) 0.011 0.014 0.012 0.401 
   8   (0.038) 0.008 0.010 0.009 0.118 
   9   (0.045) 0.017 0.012 0.011 0.082 
  10   (0.030) 0.005 0.008 0.007 0.033 
  11   (0.073) 0.012 0.092 0.400 0.012 
  12   (0.041) 0.007 0.120 0.010 0.007 
  13   (0.061) 0.010 0.089 0.091 0.010 
  14   (0.058) 0.010 0.125 0.052 0.010 
  15   (0.039) 0.007 0.155 0.009 0.007 
  16   (0.036) 0.006 0.046 0.009 0.006 
  17   (0.065) 0.011 0.127 0.091 0.011 
  18   (0.055) 0.009 0.051 0.089 0.009 
  19   (0.035) 0.006 0.046 0.008 0.006 
  20   (0.039) 0.007 0.011 0.085 0.006 
  21   (0.032) 0.005 0.009 0.046 0.005 

Locus 95 : locus95 
27 alleles
0.0% missing data
   1   (0.041) 0.191 0.011 0.010 0.014 
   2   (0.033) 0.061 0.009 0.008 0.005 
   3   (0.037) 0.142 0.010 0.009 0.008 
   4   (0.037) 0.114 0.010 0.009 0.008 
   5   (0.044) 0.197 0.012 0.010 0.010 
   6   (0.038) 0.057 0.010 0.009 0.010 
   7   (0.037) 0.086 0.010 0.009 0.008 
   8   (0.034) 0.006 0.009 0.008 0.062 
   9   (0.042) 0.008 0.012 0.010 0.203 
  10   (0.037) 0.010 0.010 0.009 0.114 
  11   (0.039) 0.007 0.011 0.009 0.147 
  12   (0.032) 0.009 0.009 0.008 0.058 
  13   (0.039) 0.012 0.011 0.009 0.169 
  14   (0.045) 0.021 0.012 0.011 0.106 
  15   (0.034) 0.006 0.190 0.008 0.006 
  16   (0.036) 0.006 0.082 0.008 0.006 
  17   (0.032) 0.005 0.045 0.007 0.005 
  18   (0.040) 0.007 0.156 0.009 0.007 
  19   (0.038) 0.007 0.119 0.009 0.006 
  20   (0.036) 0.006 0.082 0.008 0.006 
  21   (0.046) 0.008 0.049 0.049 0.008 
  22   (0.035) 0.006 0.082 0.008 0.006 
  23   (0.034) 0.006 0.010 0.123 0.006 
  24   (0.038) 0.006 0.011 0.391 0.006 
  25   (0.036) 0.006 0.010 0.161 0.006 
  26   (0.028) 0.005 0.008 0.045 0.005 
  27   (0.034) 0.006 0.009 0.046 0.006 

Locus 96 : locus96 
20 alleles
0.0% missing data
   1   (0.071) 0.190 0.020 0.017 0.083 
   2   (0.042) 0.143 0.012 0.010 0.010 
   3   (0.044) 0.117 0.012 0.010 0.009 
   4   (0.075) 0.136 0.021 0.018 0.250 
   5   (0.057) 0.091 0.016 0.051 0.012 
   6   (0.063) 0.155 0.017 0.015 0.060 
   7   (0.060) 0.058 0.017 0.014 0.099 
   8   (0.049) 0.013 0.014 0.012 0.309 
   9   (0.037) 0.010 0.010 0.009 0.058 
  10   (0.035) 0.006 0.010 0.008 0.033 
  11   (0.070) 0.012 0.128 0.093 0.012 
  12   (0.040) 0.007 0.084 0.010 0.007 
  13   (0.060) 0.010 0.053 0.168 0.010 
  14   (0.042) 0.007 0.120 0.010 0.007 
  15   (0.037) 0.006 0.155 0.009 0.006 
  16   (0.063) 0.011 0.162 0.052 0.010 
  17   (0.034) 0.006 0.045 0.008 0.006 
  18   (0.039) 0.007 0.083 0.009 0.006 
  19   (0.036) 0.006 0.010 0.085 0.006 
  20   (0.045) 0.008 0.013 0.392 0.007 

Locus 97 : locus97 
25 alleles
0.0% missing data
   1   (0.052) 0.366 0.014 0.012 0.013 
   2   (0.051) 0.060 0.050 0.012 0.013 
   3   (0.036) 0.034 0.010 0.008 0.006 
   4   (0.053) 0.037 0.088 0.013 0.009 
   5   (0.039) 0.087 0.011 0.009 0.009 
   6   (0.040) 0.144 0.011 0.009 0.008 
   7   (0.043) 0.113 0.012 0.010 0.012 
   8   (0.033) 0.033 0.009 0.008 0.005 
   9   (0.034) 0.006 0.009 0.008 0.061 
  10   (0.036) 0.008 0.010 0.008 0.087 
  11   (0.042) 0.012 0.012 0.010 0.196 
  12   (0.051) 0.013 0.014 0.012 0.364 
  13   (0.033) 0.006 0.009 0.008 0.033 
  14   (0.042) 0.009 0.012 0.010 0.116 
  15   (0.040) 0.007 0.192 0.009 0.006 
  16   (0.037) 0.006 0.046 0.009 0.006 
  17   (0.042) 0.007 0.228 0.010 0.007 
  18   (0.043) 0.007 0.156 0.010 0.007 
  19   (0.033) 0.006 0.045 0.008 0.005 
  20   (0.038) 0.006 0.010 0.085 0.006 
  21   (0.032) 0.005 0.009 0.046 0.005 
  22   (0.038) 0.007 0.011 0.086 0.006 
  23   (0.042) 0.007 0.012 0.239 0.007 
  24   (0.041) 0.007 0.011 0.315 0.007 
  25   (0.032) 0.005 0.009 0.046 0.005 

Locus 98 : locus98 
24 alleles
0.0% missing data
   1   (0.061) 0.173 0.017 0.091 0.014 
   2   (0.069) 0.199 0.019 0.093 0.018 
   3   (0.038) 0.116 0.010 0.009 0.008 
   4   (0.067) 0.141 0.018 0.131 0.020 
   5   (0.051) 0.092 0.014 0.050 0.008 
   6   (0.066) 0.148 0.018 0.206 0.013 
   7   (0.035) 0.010 0.010 0.008 0.057 
   8   (0.041) 0.009 0.011 0.010 0.310 
   9   (0.036) 0.007 0.010 0.009 0.116 
  10   (0.052) 0.014 0.015 0.050 0.059 
  11   (0.040) 0.011 0.011 0.009 0.141 
  12   (0.036) 0.010 0.010 0.009 0.141 
  13   (0.049) 0.008 0.014 0.050 0.036 
  14   (0.029) 0.005 0.044 0.007 0.005 
  15   (0.038) 0.006 0.155 0.009 0.006 
  16   (0.032) 0.005 0.153 0.008 0.005 
  17   (0.035) 0.006 0.154 0.008 0.006 
  18   (0.043) 0.007 0.193 0.010 0.007 
  19   (0.032) 0.006 0.081 0.008 0.005 
  20   (0.029) 0.005 0.008 0.045 0.005 
  21   (0.029) 0.005 0.008 0.045 0.005 
  22   (0.031) 0.005 0.008 0.045 0.005 
  23   (0.030) 0.005 0.008 0.045 0.005 
  24   (0.031) 0.005 0.009 0.046 0.005 

Locus 99 : locus99 
26 alleles
0.0% missing data
   1   (0.038) 0.062 0.011 0.009 0.006 
   2   (0.046) 0.420 0.013 0.011 0.011 
   3   (0.063) 0.144 0.053 0.015 0.015 
   4   (0.039) 0.170 0.011 0.009 0.009 
   5   (0.035) 0.057 0.010 0.008 0.010 
   6   (0.040) 0.009 0.011 0.009 0.116 
   7   (0.043) 0.012 0.012 0.010 0.253 
   8   (0.044) 0.013 0.012 0.010 0.252 
   9   (0.057) 0.010 0.342 0.014 0.037 
  10   (0.031) 0.005 0.009 0.007 0.033 
  11   (0.031) 0.005 0.009 0.007 0.033 
  12   (0.054) 0.011 0.051 0.013 0.118 
  13   (0.030) 0.005 0.008 0.007 0.033 
  14   (0.034) 0.006 0.082 0.008 0.006 
  15   (0.038) 0.006 0.119 0.009 0.006 
  16   (0.051) 0.009 0.086 0.050 0.008 
  17   (0.029) 0.005 0.044 0.007 0.005 
  18   (0.034) 0.006 0.045 0.008 0.006 
  19   (0.033) 0.006 0.009 0.046 0.005 
  20   (0.029) 0.005 0.008 0.045 0.005 
  21   (0.035) 0.006 0.010 0.085 0.006 
  22   (0.041) 0.007 0.011 0.277 0.007 
  23   (0.036) 0.006 0.010 0.161 0.006 
  24   (0.027) 0.005 0.008 0.045 0.005 
  25   (0.030) 0.005 0.008 0.045 0.005 
  26   (0.034) 0.006 0.009 0.084 0.005 

Locus 100 : locus100 
12 alleles
0.0% missing data
   1   (0.137) 0.207 0.183 0.032 0.172 
   2   (0.133) 0.227 0.145 0.031 0.177 
   3   (0.104) 0.142 0.065 0.025 0.143 
   4   (0.074) 0.111 0.020 0.017 0.108 
   5   (0.148) 0.177 0.294 0.073 0.067 
   6   (0.076) 0.063 0.021 0.209 0.018 
   7   (0.042) 0.011 0.012 0.010 0.058 
   8   (0.043) 0.012 0.012 0.010 0.058 
   9   (0.072) 0.012 0.020 0.362 0.039 
  10   (0.091) 0.022 0.206 0.022 0.147 
  11   (0.044) 0.007 0.012 0.162 0.007 
  12   (0.037) 0.006 0.010 0.047 0.006 

Values of parameters used in structure:
DATAFILE=parentandhybrid1.str,	OUTFILE=parentandhybrid4Deme_4,	NUMINDS=50,	NUMLOCI=100,	MISSING=0,	LABEL=1,	POPDATA=0,	POPFLAG=0,	PHENOTYPE=0,	EXTRACOLS=0,	MAXPOPS=4,	BURNIN=200000,	NUMREPS=200000,	USEPOPINFO=0,	INFERALPHA=1,	INFERLAMBDA=0,	POPSPECIFICLAMBDA=0,	POPALPHAS=0,	COMPUTEPROB=1,	NOADMIX=0,	ADMBURNIN=500,	UPDATEFREQ=100,	PRINTLIKES=0,	INTERMEDSAVE=0,	PRINTKLD=0,	PRINTNET=1,	PRINTLAMBDA=1,	ANCESTDIST=0,	NUMBOXES=1000,	ANCESTPINT=0.90000,	GENSBACK=2,	MIGRPRIOR=0.01000,	PRINTQHAT=0,	PRINTQSUM=1,	ALPHA=1.0000,	FREQSCORR=1,	FPRIORMEAN=0.0100,	FPRIORSD=0.0500,	ONEFST=0,	LAMBDA=1.0000,	UNIFPRIORALPHA=1,	ALPHAMAX=10.0000,	ALPHAPRIORA=1.0000,	ALPHAPRIORB=2.0000,	ALPHAPROPSD=0.0250,	STARTATPOPINFO=0,	RANDOMIZE=1,	LINKAGE=0,	METROFREQ=10,	REPORTHITRATE=0,	MARKOVPHASE=0,	PHASED=0,	PLOIDY=2,	PHASEINFO=0	LOCPRIOR=0, 	LOCPRIORINIT=1.000000, 	LOCDATA=0, 	LOCISPOP=0, 	LOCPRIORSTEP=0.100000, 	MAXLOCPRIOR=20.000000, 	SEED=1658849619,	
[STRAT parameters]:    NUMSIMSTATS=1000,	PHENOTYPECOL=-9,	POOLFREQ=10,	LOCUSxONLY=0,	EMERROR=0.00100,	MISSINGPHENO=-9,	